32
-7
-31
-33
-2
-24
-48
-14
6
-35
-68
-54
-31
-44
-94
-95
-92
-105
-93
-67
-74
-88
-91
-54
-29
-68
-57
-1
-12
-42
-46
-11
8
-20
-27
12
5
8
-6
3
20
7
1
6
-14
1
16
0
-3
10
16
28
1
19
24
24
18
18
8
-2
19
-15
14
-4
-10
-11
-26
-28
-28
-22
-5
-5
6
7
18
-1
-14
13
-14
1
-18
0
23
-8
24
34
20
10
-1
-3
15
1
-16
-24
-3
9
-7
0
7
-2
-2
11
29
15
20
5
20
19
28
37
35
34
2
1
17
50
29
2
20
-3
-4
4
-1
-1
-3
1
4
2
0
19
3
-3
-7
-22
-19
-29
-47
-35
-19
17
-2
-5
12
1
12
-1
3
-3
8
15
12
15
22
27
19
15
5
48
41
3
8
31
42
11
24
39
12
15
-1
-5
-18
-17
-19
-29
-13
-25
-39
-13
5
-27
-20
-34
-41
-51
-52
-29
-29
-36
-27
5
-17
-30
-18
-15
-46
-57
-20
-11
-16
-25
-25
-13
-13
-36
-18
-31
-10
-1
5
0
15
22
0
5
-26
1
1
-7
7
44
51
10
46
61
32
40
37
22
39
4
32
41
61
57
22
62
48
46
32
53
25
46
36
23
12
-2
27
13
8
-14
45
39
20
13
-11
22
3
12
-15
-42
-18
-20
-44
-43
-59
-56
-72
-82
-70
-83
-63
-74
-83
-60
-31
-47
-61
-32
-10
-36
-57
-45
8
-2
-44
-36
-19
-6
-35
-11
-22
-32
-7
-9
22
23
44
18
31
42
9
50
39
56
35
69
69
47
64
74
86
34
68
87
71
36
27
72
66
71
57
38
46
40
29
20
60
62
39
20
40
56
16
-19
16
-11
-9
-18
-52
-14
-30
-32
-44
-27
-32
-33
-32
-49
-45
-43
-23
-35
-48
-17
-27
-70
-69
-61
-56
-72
-73
-75
-75
-87
-96
-75
-91
-71
-43
-59
-52
-72
-27
-3
-25
-34
17
21
-2
-6
7
15
7
25
28
63
13
29
44
60
84
28
45
30
37
37
34
34
39
54
53
76
49
50
25
27
41
5
18
29
19
-17
-10
-4
2
-17
-22
-17
-25
-21
-69
-48
-56
-69
-74
-75
-72
-63
-62
-64
-26
-42
-41
-41
-33
-10
-28
-19
10
28
-24
-36
3
13
18
-18
12
31
17
-7
-12
49
24
11
11
37
46
31
44
54
37
54
54
72
59
24
80
89
47
20
52
67
54
26
17
31
20
22
5
6
15
19
-21
21
10
38
43
23
24
5
29
30
21
-8
19
25
0
-15
9
16
-10
-35
-17
-17
-25
-59
-22
-33
-49
-60
-69
-26
-40
-46
-38
-11
-15
-32
-50
-58
-31
-63
-51
-37
-57
-51
-38
-58
-59
-64
-17
-12
-87
-55
-28
-4
-1
-29
-26
23
0
-7
7
17
38
37
20
62
44
27
25
38
71
31
58
46
45
45
24
60
45
53
29
44
44
26
36
36
61
19
22
23
36
58
18
4
-3
20
47
22
-5
6
15
-11
-1
16
9
-24
-43
-59
-56
-62
-60
-44
-58
-46
-63
-32
-32
-63
-57
-37
-33
-75
-54
-50
-51
-46
-54
-43
-53
-44
-16
-7
-28
-13
8
4
-31
-47
-31
-10
-21
-28
-10
-2
14
9
-26
8
34
5
-20
15
48
52
7
23
58
63
37
33
78
76
59
43
46
56
78
54
38
60
69
59
55
40
42
62
28
22
21
16
60
47
17
24
21
41
25
18
42
35
4
2
16
10
-15
-21
1
-1
-21
-21
-10
-34
-36
-46
-37
-20
-36
-27
-43
-39
-37
-43
-46
-57
-72
-48
-34
-32
-54
-48
-16
-52
-46
-24
-33
-50
-37
-1
17
18
-20
-15
30
-7
-33
-36
-25
-26
-39
-42
-29
36
19
5
-2
0
4
1
-4
-1
36
19
16
20
20
29
30
23
13
-2
15
27
8
3
-6
18
-24
-55
-48
-32
-15
-23
-41
-30
-26
-27
13
-16
-50
-35
-22
-16
-17
18
16
-19
-42
-28
-20
-9
-22
-11
-22
-7
-25
-21
23
-5
-8
-18
13
6
6
20
-2
13
-4
-20
9
23
35
63
52
62
90
49
26
60
61
61
40
63
79
68
49
65
50
28
28
42
43
28
18
36
64
30
25
30
49
21
-1
22
33
14
18
45
14
5
16
32
14
4
16
38
6
-25
-8
10
11
-41
-60
-12
-8
-35
-59
-52
-47
-21
-7
-51
-64
-37
-9
-32
-62
-53
-41
-51
-84
-60
-56
-76
-45
-36
-43
-65
-42
-33
-29
-63
-76
-54
-27
-36
-58
-20
12
30
6
207
424
404
282
122
-38
-290
-434
-455
-341
-216
-197
-145
105
307
185
46
-12
-34
-114
-263
-284
-77
170
212
160
242
307
210
54
-38
-55
-179
-269
-303
-238
-26
191
322
367
489
469
309
173
-31
-174
-286
-356
-384
-346
-171
-48
-1
1
-3
-81
-152
-153
-145
-77
34
70
55
76
153
136
93
65
13
-53
-91
-126
-122
-7
64
82
123
227
238
222
292
322
252
158
166
100
35
51
66
131
175
181
158
145
129
6
-48
-59
-42
-33
-46
42
86
128
127
82
48
-8
-72
-114
-121
-97
-109
-75
-52
-53
-25
32
43
-79
-108
-98
-183
-290
-314
-290
-274
-236
-176
-126
-68
-40
-53
-119
-143
-179
-220
-218
-192
-131
-85
-20
-8
-6
14
-4
-55
-85
-84
-58
-121
-148
-86
-29
-3
25
79
147
156
92
66
38
34
21
22
46
60
55
89
116
80
105
389
661
612
483
332
88
-277
-527
-584
-490
-356
-362
-219
148
429
353
163
98
-32
-176
-389
-436
-201
56
109
61
220
310
195
-18
-118
-170
-318
-451
-487
-405
-164
105
284
417
631
639
438
322
123
-74
-292
-400
-468
-375
-59
115
144
213
264
121
-20
-58
-62
15
81
128
162
250
315
218
197
219
122
-43
-96
-61
-109
-185
-129
44
156
185
249
455
591
560
457
511
635
448
157
84
121
44
-114
-192
-224
-109
-84
-254
-352
-239
-206
-455
-555
-420
-348
-333
-224
-103
-5
142
226
51
-58
-53
-221
-531
-670
-588
-627
-593
-453
-273
-108
53
122
100
247
256
148
66
62
79
27
9
-6
-14
-54
-147
-258
-312
-289
-319
-318
-197
-123
12
203
317
344
443
522
426
268
160
61
-96
-2
233
295
321
333
212
-97
-329
-403
-447
-357
-288
-122
165
442
522
446
397
248
46
-270
-431
-432
-381
-312
-295
-128
-57
-36
-18
-61
-72
-152
-204
-261
-282
-130
68
245
386
548
601
523
406
175
-29
-219
-330
-432
-429
-208
-60
63
176
250
220
132
100
114
152
209
269
320
389
390
311
254
169
57
-13
-92
-160
-201
51
564
934
1152
1296
1332
1040
579
182
-87
-241
-529
-671
-452
-131
-85
-204
-99
-42
-338
-732
-858
-796
-729
-535
-320
-11
280
368
334
192
100
-139
-583
-933
-1211
-1312
-1248
-1041
-734
-338
153
407
527
575
582
458
193
30
-46
-87
-111
-90
-47
28
-47
-290
-425
-533
-671
-728
-675
-526
-368
-131
133
335
529
680
719
607
505
361
125
-10
162
279
218
189
-1
-286
-514
-600
-626
-476
-275
-245
0
451
752
763
741
760
533
257
-83
-215
-133
-130
-155
-184
-41
-50
-116
-121
-111
-88
-208
-253
-323
-202
131
390
556
686
901
792
542
309
38
-153
-424
-582
-658
-530
-329
-226
-7
167
215
83
30
-4
-21
-5
23
169
147
215
242
125
53
-204
-319
-399
-160
444
1042
1550
1714
1781
1507
925
353
-39
-197
-681
-988
-733
-294
-126
-333
-94
108
-117
-530
-809
-605
-459
-295
-144
217
738
812
805
687
607
284
-390
-933
-1487
-1705
-1705
-1492
-1054
-544
193
583
810
964
996
807
352
126
-52
-118
-194
-240
-105
-100
-205
-501
-691
-773
-1005
-1089
-1061
-899
-719
-401
17
238
570
844
920
775
515
355
-90
-300
-100
11
50
6
-57
-413
-692
-816
-891
-720
-667
-583
-247
296
639
629
780
786
556
259
-23
-70
-105
-92
-231
-278
-183
-196
-243
-254
-112
-152
-255
-241
-266
-75
241
569
716
914
1194
1054
894
759
529
159
-167
-300
-416
-282
-123
1
118
223
244
119
148
172
193
326
580
661
538
532
386
-2
-366
-550
-364
443
1367
1734
1790
2133
1932
691
-222
-189
-129
-1023
-1824
-1091
123
163
-743
-593
305
-65
-1442
-1894
-992
-601
-931
-767
51
760
786
754
839
826
565
-273
-1165
-1902
-2138
-1943
-1799
-1462
-742
492
1098
894
1035
1470
1383
356
-191
9
7
-240
-246
261
425
91
-329
-610
-646
-921
-1057
-999
-918
-729
-484
11
258
566
1075
1147
763
414
470
181
-201
69
240
58
-335
-510
-789
-1188
-1137
-1017
-740
-816
-711
-17
669
959
801
1037
850
223
-204
-376
-197
-237
-183
-103
-195
-225
-348
-285
-334
-307
-220
-351
-384
-401
9
500
842
951
1091
1363
1001
638
543
424
41
-336
-342
-365
-217
-7
177
324
279
35
-339
-370
-107
162
406
515
694
749
766
692
372
176
-267
-121
850
1741
1966
1992
2592
2154
683
-139
245
190
-1446
-2071
-798
327
-533
-1553
-469
519
-361
-1873
-1554
-198
-433
-929
-366
775
1087
529
697
776
526
94
-504
-1300
-2247
-2163
-1974
-2136
-1957
-921
482
467
340
1067
1668
1200
208
470
803
349
-205
33
555
-1
-738
-1033
-1100
-1427
-1824
-1571
-1387
-1135
-672
-43
459
616
1232
1652
1466
1056
921
885
390
326
516
356
-280
-862
-1100
-1619
-1858
-1557
-968
-818
-960
-246
612
861
682
920
1256
774
166
-16
431
455
177
233
54
-411
-1006
-1115
-1120
-1234
-1019
-769
-578
-381
236
1024
1412
1519
1537
1504
945
266
-8
-106
-340
-718
-600
-253
-3
270
615
896
660
256
-76
-289
-313
-64
208
357
592
691
649
468
233
21
-495
-850
-12
1638
2675
2757
3112
3871
2960
824
-145
323
-141
-2148
-2666
-872
308
-1045
-2013
-667
73
-1481
-3062
-2113
-532
-536
-546
653
2096
2361
2044
2051
1604
677
-311
-1453
-2945
-3993
-3559
-2975
-2888
-2332
-377
1455
1267
1058
1998
2489
1264
15
352
640
124
-110
675
1338
639
-135
-595
-1114
-1919
-2551
-2498
-2591
-2430
-1741
-835
-202
354
1625
2374
2247
2032
2073
1913
1365
1130
1017
417
-625
-1464
-2027
-2573
-2696
-1987
-1364
-1276
-956
123
834
630
557
908
984
266
-372
47
681
694
517
696
558
-333
-1072
-1358
-1582
-1894
-1944
-1700
-1428
-721
445
1428
1971
2363
2554
2069
1158
478
-11
-464
-1062
-1332
-947
-241
262
563
1140
1377
905
243
-128
-196
-146
149
328
583
894
970
704
227
37
-295
-862
-1121
296
2639
3841
4006
4408
5031
3581
737
-554
-16
-494
-3009
-3560
-865
647
-1225
-2531
-597
123
-2429
-4298
-2969
-874
-941
-841
887
2747
3244
2925
3122
2579
1422
114
-1643
-3752
-5147
-4400
-3599
-3852
-2969
-231
1893
1248
1093
2657
2976
1060
-416
361
660
-221
-158
1242
1975
996
124
-317
-1210
-2371
-3001
-2891
-3146
-3142
-2261
-1383
-910
-45
1693
2593
2334
2274
2598
2003
1232
1325
1376
509
-897
-1667
-2440
-3375
-3518
-2434
-1371
-1309
-888
481
1435
1076
806
1240
1013
189
-478
-135
668
870
1147
1400
969
-100
-964
-1419
-2247
-2703
-2526
-2288
-1992
-1079
623
2065
2891
3271
3358
2801
1628
662
102
-484
-1286
-1767
-1568
-939
-290
362
1296
1577
816
-151
-556
-424
-112
487
1190
1657
1677
1343
848
291
-165
-981
-1190
691
2846
3897
4021
4903
5468
3284
595
-221
356
-1188
-4060
-3386
30
846
-2063
-2654
-248
-540
-3813
-5209
-2685
-893
-1427
-806
1606
3523
3409
3271
3635
2849
1542
-63
-2030
-4601
-5696
-4481
-4025
-4098
-2511
1056
2322
1017
1554
3138
2598
52
-486
744
509
-183
355
1774
1861
912
316
-595
-1735
-2740
-2975
-3374
-3931
-2980
-1499
-845
-604
782
2488
2067
1277
1817
2254
1002
-40
1041
1363
348
-513
-613
-1256
-2905
-3262
-2782
-2286
-2331
-1803
-184
955
1474
1657
1864
1210
365
323
71
-162
131
903
851
-106
-514
-606
-1073
-1945
-2013
-1554
-1735
-1801
-1099
408
1719
2602
3278
3296
2960
2164
1336
576
-178
-602
-1332
-1879
-1750
-733
61
162
599
877
393
-717
-845
48
738
1093
1485
2079
1823
1178
679
-83
-851
23
2631
3898
3505
3932
5661
4784
999
-403
1216
858
-3493
-5317
-837
2407
-591
-3507
-801
1272
-2878
-6826
-4791
-1085
-1356
-2139
434
3435
4332
3701
4038
3844
2457
1067
-1686
-5138
-6885
-5425
-4207
-4988
-3539
875
3617
2115
1600
4095
3767
55
-2097
-719
89
-822
181
2422
3052
1957
910
-223
-2434
-3726
-3752
-4270
-5558
-5117
-2196
-594
-238
1686
4547
4600
2061
1508
2160
975
-945
103
1706
480
-888
-765
-534
-2154
-3104
-2395
-2297
-3494
-3992
-1923
301
1179
1943
3296
2957
959
566
829
282
-196
470
831
-879
-2274
-1990
-1605
-2360
-2801
-1657
-1386
-2419
-2349
-221
1863
2841
4199
4968
4344
2653
1733
1478
268
-800
-1291
-1628
-2479
-2248
-482
932
1441
1430
1365
-102
-1863
-1875
-538
723
1162
1875
2622
1923
848
486
2542
6101
7258
6307
4821
4987
3224
-1178
-2577
-160
1823
-2318
-5597
-1906
2864
1177
-3824
-2281
673
-2589
-8372
-8838
-3553
-1232
-1207
475
4113
7409
6898
5616
3994
3173
1875
-2895
-8061
-10731
-8440
-6358
-6746
-4332
1321
5953
4785
3136
5079
5406
1939
-3114
-4191
-2459
-1745
-650
1647
5389
6259
3727
851
-1939
-3734
-5805
-6737
-6813
-6509
-4434
-2287
374
3202
6656
9067
7554
4686
2380
731
-1004
-1598
-428
389
-496
-2691
-3563
-3290
-2890
-2059
-751
-1041
-2803
-2701
-492
1121
1556
2942
3856
2182
-446
-1454
-452
-24
-608
-458
216
-389
-1827
-1811
-1250
-1410
-2329
-2658
-2770
-3483
-2894
-633
2153
3797
4911
5956
5556
3822
1687
-27
-1772
-3878
-4929
-4557
-2847
-826
1018
2265
2541
1691
139
-1040
-1650
-1262
-733
-120
1000
1454
1534
1110
3272
8888
11936
11067
8257
7283
4295
-3361
-7639
-5477
-1930
-4764
-7729
-2389
5186
4856
-1328
-1260
1711
-1935
-9301
-11834
-6662
-2830
-2029
-153
3093
7862
9107
7817
6038
5445
5408
-107
-7433
-11476
-9662
-7748
-9123
-6608
-260
5589
5642
4049
5923
6071
3016
-2201
-5123
-4229
-3013
-1410
22
3526
7147
6383
2957
-161
-900
-3213
-7222
-9517
-9613
-7265
-6055
-4519
-773
3900
7571
7604
6861
6044
4446
1782
-1642
-1235
1319
1758
-189
-2242
-2061
-3180
-5349
-5341
-2909
-1179
-2914
-3008
-455
3199
4687
3191
2979
2437
2151
534
-2526
-2159
-951
-1668
-4402
-5206
-3021
-908
-532
-1124
379
1074
-389
-2128
-1146
2464
3916
4141
4486
4950
4722
3072
1482
-302
-1555
-3820
-6108
-6152
-4213
-648
1784
2924
3387
2652
1428
71
-1004
-559
655
732
-200
-1203
-1285
-1375
1425
8703
13837
14131
11217
10339
7331
-871
-5797
-4587
-2615
-8417
-12429
-5132
3501
2428
-3083
420
3823
-2942
-11352
-11655
-5269
-3958
-4045
-287
3648
6749
7146
7971
7707
6787
6334
1129
-6721
-11661
-9750
-7954
-9965
-7368
-161
5423
4139
3399
7597
7260
2241
-3296
-4969
-4345
-4754
-2388
1419
5826
7274
5638
4403
1948
785
-1077
-3256
-5245
-7754
-7829
-8284
-7984
-4717
139
3576
3042
2701
2623
1908
1057
1409
5829
8745
7572
4661
1550
-777
-4164
-6359
-7174
-7644
-7263
-6834
-4451
-806
4929
7319
4637
2132
55
195
-2329
-4069
-777
2002
482
-3249
-2451
249
807
-321
136
1748
-250
-3208
-3803
-1631
1873
3542
4747
4623
4088
3996
2382
389
-1513
-1495
-3292
-6628
-6833
-2917
2482
3829
5244
7230
6472
3160
8
-115
-406
-1607
-2649
-3059
-3904
-5091
-3125
4473
11859
14352
13819
13576
12110
4128
-2106
-1839
310
-3982
-10974
-9205
-2154
-115
-5166
-4766
380
-1162
-8366
-12934
-9053
-4041
-2673
-1415
340
4927
7824
6584
5616
6692
8969
4330
-4609
-9904
-10056
-8667
-9959
-7344
-833
4999
7138
6070
7181
7003
4525
-291
-6604
-9275
-8478
-6601
-5521
-984
6862
9038
6375
4723
5419
4177
223
-7
-165
-1834
-3380
-4305
-3939
-4009
-2027
-865
-2680
-4414
-5172
-4790
-5684
-4136
3023
9621
10117
8092
7588
7383
3456
-1211
-2935
-3764
-6341
-10254
-9318
-3963
2264
3808
2627
2509
1559
-205
-4423
-5686
-2978
-1634
-2679
-3762
-1133
2752
4687
4895
5294
6478
4343
203
-3087
-2625
413
230
-132
971
3424
3879
1133
-119
21
-809
-4828
-7566
-6115
-2885
13
2217
6317
9283
9085
7630
5747
4109
3270
1409
-1702
-5131
-7465
-8371
-9576
-6280
3346
11569
12877
10833
12526
12244
4230
-1408
1755
4835
-2355
-9922
-5377
2233
-188
-7228
-5439
-1352
-5730
-12812
-13530
-7515
-4150
-3127
-1364
259
4033
6740
7600
6908
8152
10476
5464
-4293
-9770
-7692
-6940
-9730
-7282
110
6165
5522
4176
6180
5747
1990
-4405
-8508
-8871
-7999
-6741
-4865
771
6109
7741
6360
5192
6303
5227
2732
829
507
816
-1022
-3006
-3472
-2638
-3076
-5457
-6921
-7676
-9043
-9442
-4709
1848
4820
6444
7355
8063
6124
4664
6021
6068
2299
-2903
-3662
-3526
-5130
-5397
-2638
-1383
-3500
-3185
-2671
-2975
-2277
-1785
-1673
-2655
-1838
-199
874
1973
4258
6022
4254
2433
2195
3238
3066
2082
2923
2980
1762
640
799
607
-1730
-3947
-5685
-6965
-7847
-6176
-2487
382
3731
5987
7481
8764
9638
9940
9349
7763
4877
1579
-3224
-8296
-9355
-2030
6240
7410
6589
8392
9580
2412
-4728
-2701
3093
2227
-4333
-2694
5973
7887
427
-3324
-87
-1743
-9935
-15437
-13467
-8550
-6667
-4908
-2293
2242
6439
5445
3450
3013
4959
2281
-5358
-9569
-8085
-4906
-6035
-4446
3214
9924
11676
9502
10072
9400
4447
-1838
-9039
-11494
-11283
-10673
-9846
-6620
-527
923
-367
370
2772
4106
1772
1097
2257
3968
5255
5391
7132
8472
8352
4896
456
-2091
-4872
-8715
-12879
-13648
-12134
-10481
-7913
-3895
1272
5499
9084
10633
10466
10114
8725
5461
597
-1242
-407
-1953
-4680
-4537
-1174
-137
-2190
-2778
-2559
-4187
-7461
-8715
-7814
-6553
-4474
-1452
2040
5360
8674
11018
11255
10911
10119
7885
3568
-271
-1364
-2349
-3973
-4986
-4348
-4096
-5362
-6327
-6171
-5095
-3844
-2473
-390
3220
6823
9005
10294
11863
12428
11175
7947
3435
-718
-5031
-5543
-104
4973
6461
6138
8005
7306
122
-4149
-1549
1432
-3274
-7946
-3066
4189
3239
-2904
-2100
1397
-1519
-9460
-14103
-10555
-7234
-7100
-6608
-3259
3239
5719
3824
2702
4250
5524
307
-6970
-9949
-8359
-7569
-9346
-5753
1990
8477
10216
9420
10754
10382
7132
8
-5973
-5970
-6339
-8928
-10433
-6661
-2013
-2732
-3955
-3193
-1056
-1355
-2468
-726
1829
4795
6129
6946
8417
9623
10109
7290
3837
1786
-886
-5942
-11618
-12849
-11871
-11742
-11100
-8157
-3685
-132
3491
6263
8430
9907
9607
7673
4355
3414
3413
1781
131
-335
456
-915
-3291
-4230
-5039
-6261
-8304
-9076
-8997
-7868
-5790
-3507
536
4753
8611
10732
11466
12207
11055
8425
4932
2939
1833
-520
-2417
-3559
-3567
-4007
-5024
-5695
-5803
-4723
-4668
-4522
-2406
1297
4486
6742
9484
11788
13033
12398
10487
6829
2184
-1311
785
5449
6298
5378
5055
5915
1249
-4251
-3403
369
278
-6287
-7139
92
3827
-1314
-5648
-2279
-1006
-7000
-13255
-12261
-5991
-3330
-2933
-1675
1612
5230
2931
-338
-1004
874
115
-6427
-10452
-9820
-6758
-7048
-7033
-1445
4581
8063
7073
7094
8840
7258
3384
-2741
-5323
-3990
-3990
-4585
-4138
-506
177
-3305
-5748
-6068
-4868
-5850
-6026
-3597
-269
4073
6350
8700
11591
13637
12131
6875
2959
71
-3805
-8990
-11574
-8195
-5227
-4873
-3627
-2294
-596
-433
-466
304
1846
3296
1927
2318
5818
10576
9803
5801
4896
4012
2313
-2733
-5548
-4173
-4912
-8273
-11038
-9927
-7617
-6198
-5019
-3358
-571
1147
1978
2696
5442
10055
10760
9374
8467
8593
8024
4836
1629
-1189
-3514
-7124
-10280
-10414
-8174
-4898
-3478
-2085
-221
1416
2743
3479
5788
9114
10590
8695
6878
6932
10206
14777
15497
13364
10090
7001
81
-8288
-10278
-6836
-5378
-9395
-8774
63
5741
2487
-2004
146
710
-6950
-14440
-14186
-8834
-6418
-4836
-1083
4074
9099
8796
5879
3275
2161
-967
-9277
-15153
-14596
-10956
-9794
-8790
-2688
4690
8403
8142
8188
9412
7553
1867
-4222
-6996
-6466
-6526
-6862
-4265
823
3017
1016
-651
-1361
-2729
-6137
-8238
-8107
-6747
-3831
-769
2704
6976
12314
15085
13305
10273
8511
4888
-2402
-7959
-9281
-9777
-11620
-11498
-7760
-3481
-885
1602
4383
6290
6519
5481
4113
2820
2655
3266
2875
2456
3932
5249
4056
1115
-652
-1503
-4293
-7648
-8997
-7954
-7088
-7420
-6423
-3268
839
3350
5591
8707
10977
10721
8216
5931
4151
2082
-174
-1196
-1443
-2118
-2739
-3175
-3847
-4820
-4638
-3820
-4132
-3635
-627
3076
5414
6140
8228
9259
7735
6407
7210
11457
13439
13608
12920
11661
9673
2900
-3812
-7336
-7507
-8931
-12346
-9833
-2208
2525
-256
-3089
-190
-58
-5895
-11774
-10566
-6676
-6907
-6655
-3913
2337
7069
6886
6106
4946
3947
-3
-7388
-11804
-11449
-9615
-10077
-9006
-2848
4033
7132
7267
8856
10142
7082
1396
-3601
-5281
-5816
-6556
-6304
-4718
-1394
-57
-686
-1091
-922
-711
-3526
-6657
-7341
-5771
-4006
-3447
-160
5070
9076
9889
9912
11532
10991
7377
2996
-479
-4904
-9827
-12724
-13350
-11642
-8544
-5240
-2351
1315
5567
7986
7115
6256
6419
5153
1157
-1580
-20
1297
872
517
2052
2430
313
-1198
-1964
-2903
-4433
-5520
-6953
-7921
-6401
-3485
-1045
1242
5240
8679
9232
8203
7571
6981
3791
-7
-2016
-2984
-3657
-4291
-3390
-2295
-2121
-2254
-2720
-2447
-1303
-87
648
1119
2819
3886
3741
4488
7880
14450
17926
17778
15679
13467
9940
2437
-3097
-4926
-5269
-8710
-12814
-9641
-3420
-470
-1997
-2055
726
-1412
-6533
-9766
-8479
-5285
-4816
-3694
-1719
2377
6156
6426
5509
4694
4509
-1089
-9781
-13799
-12717
-10465
-9884
-6010
1363
6433
7832
7670
8239
7821
4850
446
-4346
-5505
-5094
-5240
-4741
-2478
453
-730
-3651
-4911
-4822
-5477
-7169
-7242
-6923
-6013
-4013
-1315
1818
5256
9292
11253
9995
9589
9445
7464
2674
-1505
-3321
-6473
-9378
-11026
-9807
-8005
-7008
-4965
-2609
540
2337
3200
4408
5903
7745
7060
5586
5183
5566
4418
1710
642
-131
-2057
-4898
-6375
-5713
-5432
-5254
-4556
-3003
-862
648
1686
2805
4471
5899
5912
5920
6496
6478
5033
2316
-217
-1986
-4057
-6027
-6338
-6037
-6084
-6309
-4914
-2595
-408
1247
2696
4205
4102
3825
4319
8512
14713
17564
17194
15575
14553
9849
1872
-2838
-3090
-3552
-7927
-9234
-4087
-129
-2580
-6966
-6392
-5673
-9086
-12231
-11478
-6870
-4072
-2038
690
4033
8443
9875
8784
6165
3598
226
-7374
-13529
-14621
-11950
-9235
-6747
-571
5852
10585
11680
10935
10208
7327
2847
-3478
-6882
-5640
-3905
-2261
-349
3145
4402
1386
-2221
-4679
-6007
-9009
-12182
-13125
-11934
-8572
-4691
138
5831
10925
12748
10697
9704
9033
6239
980
-3724
-5548
-8537
-10321
-8734
-4425
-1096
-503
377
499
-863
-2852
-3370
-2548
-2126
-1832
-1471
231
3121
6018
9041
9505
8467
5785
1648
-1835
-4738
-5856
-6867
-7305
-7516
-6916
-4295
-1011
2872
6141
8573
8930
6294
3261
1376
608
-4
-302
560
1033
699
-292
-1086
-2182
-3802
-4518
-5444
-5626
-4165
-2201
-684
7
1296
2613
3850
8095
14148
17662
17048
15808
15436
10812
4108
899
1392
-450
-5833
-6480
-1905
761
-2249
-4973
-4144
-5290
-10310
-15398
-15746
-11538
-7974
-4730
-840
4343
9211
10325
9594
8546
8032
4390
-3631
-10712
-13906
-13980
-13829
-11512
-4738
2850
8319
10282
11185
11745
9324
4382
-1461
-4476
-4826
-5042
-3990
-1061
3158
5467
5159
3706
1212
-1251
-5214
-9736
-12888
-13806
-12521
-11043
-7247
-943
5318
9665
12247
13901
13158
9604
4160
-563
-4955
-8800
-10566
-10721
-8970
-5724
-1503
2229
4193
5209
5160
2728
-860
-2972
-3779
-4162
-4081
-2471
352
2245
3866
5143
5558
5350
3594
637
-2933
-5830
-7571
-8723
-8460
-5837
-1741
1737
4713
7865
10024
9752
8059
6073
3233
-398
-3266
-4908
-6162
-5978
-5213
-4502
-4041
-3080
-2036
-2381
-2418
-593
1244
1596
1315
1622
2412
1936
5127
11473
15687
16194
15169
15288
10988
3518
-5
821
-271
-4643
-4907
320
4156
2422
-877
-910
-2191
-6854
-11699
-13355
-10622
-8828
-7661
-6292
-2858
2981
6035
7069
7594
8610
6731
386
-5508
-8613
-9436
-9952
-9050
-5290
-171
4837
7818
9639
10996
10165
6874
1073
-3185
-4661
-5629
-5550
-3705
-365
854
523
754
1159
1831
744
-898
-3588
-7057
-9042
-9408
-8145
-5842
-2123
711
1892
3219
4519
5108
4880
4125
3656
744
-3684
-6366
-8138
-8665
-8967
-7467
-4846
-2942
-385
2061
5312
8254
9155
6682
2091
-1371
-3837
-5737
-6779
-4914
-1532
-920
-1259
-737
283
667
-276
-29
-482
-1883
-3396
-3387
-1305
1748
5868
8572
10601
11713
11901
10922
8496
5335
1406
-3441
-8454
-11404
-11760
-10552
-8988
-7079
-4702
-2486
-947
853
2457
4618
6610
8776
12965
16147
17549
15740
13924
11381
5364
-753
-3530
-3080
-4828
-7561
-5228
1238
4319
1190
-982
-415
-2384
-7942
-12666
-12037
-9500
-8083
-6193
-3079
2153
6545
7516
6036
4379
3508
-414
-6950
-11541
-11657
-10191
-9690
-7035
-1177
5303
9208
10381
11719
11825
9303
3802
-1694
-4095
-4922
-5417
-5282
-2525
777
2065
1946
2374
2912
1707
-860
-2794
-4171
-5645
-6118
-5383
-3802
-1462
1638
4773
6640
7253
7329
5419
1612
-2616
-6227
-9287
-11528
-11690
-10590
-8511
-4893
-819
1930
3171
4211
4087
3392
2973
2673
2848
2821
2690
1731
811
-286
-1937
-3063
-4010
-4842
-6000
-6940
-7496
-7136
-5530
-3515
-396
2612
4972
7217
8300
8759
8477
8444
7860
6452
5556
4788
3402
1467
369
-852
-3362
-6297
-8536
-9805
-10790
-10792
-8788
-5609
-2030
1202
4182
6639
10849
16113
18087
17169
15589
14518
9322
1051
-3148
-2787
-2866
-6385
-6551
-984
3393
2114
-1927
-3028
-4000
-7866
-12769
-14316
-10944
-7624
-4940
-2647
1713
8136
11019
10786
9505
8745
5860
-1950
-9575
-13152
-13186
-13008
-11987
-7029
-123
6251
9532
11103
12959
12248
8291
2205
-1865
-2762
-3041
-2799
-1692
1605
4214
4007
2391
1013
709
-1250
-4344
-6519
-7238
-7068
-7249
-5960
-2372
1502
5108
7778
9479
9595
7117
4074
-222
-5164
-9272
-11709
-12585
-13312
-11965
-8386
-4497
-2260
-1093
942
2102
1696
1383
1554
2805
2981
2490
2583
3020
3585
2370
756
-620
-1531
-2997
-4974
-5835
-5686
-5250
-5643
-4674
-2207
303
1946
3441
5974
7452
7859
7947
8124
8082
7522
6550
5612
4497
2441
443
-1880
-3915
-5468
-7018
-8470
-9522
-9572
-8516
-6912
-4413
-1226
3885
10923
16262
18390
17943
17881
15477
8892
2842
-198
-1369
-5133
-8291
-5675
-817
982
-1169
-2077
-2295
-5207
-9562
-12763
-12403
-10750
-8859
-6287
-3199
2329
7564
10347
11191
11066
9987
4426
-2995
-7926
-9916
-10895
-11782
-9459
-4843
376
4648
7778
10817
11379
9380
4821
-288
-2787
-3678
-3481
-2935
-700
2729
4038
3842
3769
4444
3892
965
-2078
-5049
-6871
-7859
-7882
-5655
-2488
990
3324
4676
5855
6433
5438
5410
5460
2397
-1980
-6370
-8650
-10933
-12043
-10231
-7355
-6210
-6604
-3856
144
2962
3171
2799
2685
1133
439
422
1082
3411
3719
1715
-1023
-2905
-3027
-4506
-5567
-5028
-4683
-5617
-6369
-4959
-2069
1296
3481
5630
6508
6332
7311
7587
7246
7576
8249
7002
4134
2790
2483
787
-2101
-4425
-6582
-9667
-11293
-10340
-7639
-4338
586
8295
14859
18047
18111
17117
14640
9089
3128
-498
-1702
-3979
-6832
-5671
-342
3422
2443
535
279
-2301
-8342
-13819
-14602
-12221
-10576
-8589
-5370
-653
3767
5557
6045
6093
6401
3761
-2262
-6748
-7766
-6735
-6472
-4694
-158
4219
6342
6461
6935
7467
6393
3377
-189
-2069
-2267
-2148
-1659
-428
1656
2565
1893
1462
1679
2362
1980
1022
-24
-192
-621
-1825
-2066
-1229
414
1401
2327
3993
5208
4645
2707
837
-1478
-4742
-7472
-8807
-9441
-9081
-7076
-4856
-4504
-4235
-3044
-2076
-1134
337
2335
2993
2632
2384
1941
1060
255
-162
-1174
-2676
-4006
-5030
-5287
-4781
-3114
-1552
-551
366
703
1145
1675
2584
3376
3123
2880
2324
1839
2577
3856
5439
6036
6232
5935
4595
3181
1636
520
-1216
-3352
-5412
-7304
-7371
-6302
-4794
135
7798
14205
16534
14892
14383
11691
5081
-946
-2682
-2247
-5368
-7201
-2724
4300
6091
3100
2108
1135
-3359
-10951
-16024
-15772
-14561
-13386
-12085
-8144
-1100
4120
6558
7315
7759
6884
1505
-5440
-10090
-10315
-8851
-7296
-3008
3335
10182
13317
13374
13063
10953
6777
242
-5214
-7069
-7114
-5965
-3988
-559
3078
5102
5799
5633
5453
4374
1677
-1255
-3316
-2782
-1635
-210
2494
5356
8163
8122
6595
5019
2716
-625
-4974
-7958
-9463
-10049
-9572
-8012
-5107
-1711
1047
996
-676
-1899
-3175
-4065
-4753
-4012
-1202
1053
2473
3270
4439
4789
2346
-1348
-4652
-6920
-9463
-11258
-10688
-7314
-3299
-313
3120
6593
8882
8798
6927
4640
1938
-1042
-3423
-4333
-3219
-1078
1478
3567
5483
6306
5588
4462
2476
698
-1023
-2607
-3967
-4615
-4047
-2693
-1479
2041
8566
13887
15571
14245
13676
10938
4254
-1544
-2724
-2432
-5235
-6999
-3344
2488
4009
2075
1589
1319
-1760
-7144
-11806
-12677
-11800
-10549
-9293
-7511
-2412
2351
3958
3569
3637
3949
567
-5332
-9388
-10364
-9998
-9063
-5484
903
7486
11801
13096
13268
12623
9847
4696
-369
-3124
-4667
-5769
-5524
-3135
57
2080
3454
4669
5326
5276
3764
1548
-623
-1578
-2125
-2985
-1811
1812
5781
7893
8916
10018
9062
5444
853
-3552
-7489
-10972
-12447
-12372
-10790
-7160
-2640
238
661
951
508
-1402
-3782
-4309
-3155
-2487
-1652
410
2791
4087
4163
3041
722
-2077
-5300
-8526
-11585
-12607
-11054
-8758
-5115
-231
4893
8509
9792
9915
8851
6374
2748
-577
-2503
-3166
-2741
-1896
-272
2168
4449
5366
4941
4215
3279
1365
-1176
-3250
-4431
-4392
-4088
-1248
5190
12006
15962
15816
15283
13724
8695
2089
-1551
-2380
-5210
-7979
-5988
475
3859
2141
874
395
-2355
-7852
-12174
-12133
-10802
-10067
-8746
-6392
-1639
2404
4206
4596
4001
2852
-1446
-7114
-10857
-11617
-10914
-10211
-6831
-775
5809
10591
12567
13474
12188
8178
2651
-2422
-4401
-5083
-5027
-3456
-1008
1864
3030
3701
4304
4191
3930
2957
1749
553
499
1333
1785
2854
4605
7116
8196
6898
5887
3928
1174
-2778
-5760
-6628
-7056
-6622
-5989
-3508
-241
1707
1082
-1059
-2443
-4226
-6353
-7732
-6933
-3778
-1652
-139
2015
4594
6152
4929
2358
-401
-3231
-7396
-10654
-11917
-11565
-9749
-7865
-4512
-150
4556
8238
9323
8601
6586
3969
691
-2288
-3532
-3109
-1967
-1216
232
2377
3518
3884
3747
3924
3001
1039
-192
-820
-928
-979
34
4062
9420
13629
14547
13505
12573
8853
3295
-1008
-1696
-2241
-5531
-6800
-2208
4005
5205
3855
3583
2396
-2007
-8692
-12236
-11426
-10338
-9972
-9975
-7659
-3189
-465
783
1456
2774
2221
-2686
-7859
-10244
-9800
-9256
-8080
-4539
651
6400
9880
11664
12788
12044
8667
2481
-2578
-4609
-5412
-5760
-5292
-3205
-1471
-641
36
1046
2512
2831
2774
2413
2210
2839
3574
4359
5649
9053
11600
10596
8556
6936
4469
-524
-5305
-7686
-9042
-10950
-12073
-10001
-5594
-1040
2308
4596
5755
4462
1928
-1236
-3028
-3433
-3810
-4167
-4545
-2600
397
2101
3148
3527
2568
-816
-5394
-9088
-10964
-11023
-10838
-9313
-6368
-2344
2107
5645
9229
11209
10571
7446
3394
269
-2555
-4624
-5727
-5070
-3632
-2157
-419
1738
3474
4231
4291
3195
1302
-659
-1703
-1134
2927
8987
13783
15044
14614
14231
10151
4051
-47
-532
-2787
-8459
-9615
-4904
32
414
457
2756
2428
-1923
-7106
-8375
-7261
-6877
-6121
-5474
-3054
399
2071
1969
1081
995
-1293
-7289
-12371
-14075
-12839
-11568
-9038
-2861
3917
9936
12651
14416
15350
13407
8555
928
-4175
-6579
-7561
-7217
-4817
-311
2150
2178
1851
2116
2110
-46
-2588
-4219
-4994
-4360
-2534
1218
6470
11602
15313
15784
14246
11324
6824
1408
-4180
-7795
-10816
-12857
-12253
-9143
-4573
-1224
1805
3688
3437
1740
-1073
-3095
-4807
-4919
-3582
-2433
-476
1977
4639
6163
6585
6151
3844
-168
-4688
-8371
-10906
-11760
-10416
-8137
-5044
-1061
2620
5152
6626
7525
6991
4415
1718
-15
-1101
-2128
-2665
-2117
-854
239
704
1545
2319
1988
1004
-549
-1494
-1576
-1441
1827
7247
11976
13865
13693
13527
10322
4653
174
-1721
-3088
-6020
-6565
-3288
456
1127
43
461
-276
-3135
-7648
-10389
-9824
-9012
-8056
-6424
-2862
1887
4808
6244
6049
4970
2133
-3641
-9255
-13225
-14654
-14935
-13673
-9538
-3439
3439
8883
12789
15865
16204
13371
7802
2632
-1238
-4688
-6566
-6480
-4299
-2011
-142
1235
2671
3966
3457
1151
-1625
-3551
-4664
-5120
-3679
340
4737
8509
10772
12311
12420
10455
7022
2952
-835
-4875
-8304
-9841
-9105
-6845
-4098
-1385
1294
3096
3195
1587
-352
-2210
-3780
-5401
-6301
-5070
-3163
-1056
894
2918
4524
4857
4274
2581
432
-2037
-4341
-6252
-7303
-6678
-4904
-3015
-1134
952
2905
3731
3803
3681
3198
2383
839
-378
-1291
-1439
-1745
-2227
-1402
-693
397
949
1531
2257
1949
1109
2050
6173
10037
12195
12701
12618
10643
4921
-412
-2668
-3883
-6192
-8166
-5350
-413
2471
2662
2750
3499
1097
-3843
-8417
-9839
-9788
-9920
-9218
-7267
-3116
1119
3462
4999
5836
5872
2644
-3440
-8503
-11924
-13701
-15066
-13506
-8889
-3226
2295
6367
10311
13079
13627
11524
7259
3426
-86
-3409
-5769
-6094
-4468
-2441
-297
2203
5051
6613
6060
3960
1319
-1666
-4773
-6493
-6002
-3781
-941
2287
5891
9088
10619
10874
9634
6527
2462
-1487
-4527
-6726
-7756
-7207
-5091
-2609
-34
2066
3322
3356
2277
382
-1824
-3743
-4853
-4868
-4179
-2365
-406
824
1743
2215
1973
1258
313
-747
-2078
-3353
-3864
-3772
-3062
-1273
808
2232
2718
3327
3647
3345
2897
2765
1971
-30
-1914
-3023
-3583
-3959
-3907
-3332
-2228
-1573
-484
720
1691
2106
4302
8791
12236
13911
13199
13017
10694
4783
-567
-3307
-4198
-7778
-10573
-7660
-1596
1886
1401
1836
2576
502
-4948
-9935
-9975
-9156
-8924
-7802
-5371
-154
4209
6336
7337
7886
7662
3311
-3366
-8594
-11277
-13109
-15158
-13896
-9399
-3340
1931
5764
10009
12736
12940
9553
5347
3025
1054
-1030
-3139
-2896
-1162
-544
22
1358
3792
4968
3374
1331
-1094
-2431
-3454
-3663
-2438
-592
1576
1664
1668
1911
2306
2032
502
-359
-1155
-2039
-2260
-1649
71
1126
1865
2071
1459
836
-654
-1487
-2914
-3967
-4134
-4504
-4286
-3488
-1316
420
1238
1593
1477
620
-1051
-1570
-1041
-592
63
424
1062
1459
1384
1155
821
681
-61
-441
-87
901
2580
3793
4704
4714
3783
2280
122
-1465
-3129
-4533
-5553
-5469
-4087
-2639
-362
1523
5734
11299
14596
15587
13981
12777
8432
1830
-2923
-4531
-4059
-6278
-7040
-3616
1365
3590
2050
1665
383
-3259
-8782
-13149
-12842
-11671
-9256
-7145
-4538
995
4768
6603
6585
6366
5818
1139
-4454
-8378
-9497
-10124
-10910
-8861
-5328
-1076
1757
3482
5485
6313
5760
2768
125
-14
43
365
1083
3444
5490
5193
5009
4666
4779
3663
1212
-803
-2760
-3404
-3687
-3445
-1557
649
2295
2730
2265
1930
1387
422
-883
-1748
-1819
-2542
-2406
-1622
-148
1944
2914
3443
2630
1761
409
-1877
-3340
-4149
-4278
-4976
-5172
-4022
-2364
-563
676
1750
1892
1296
331
-695
-1520
-1685
-1755
-2163
-2427
-2300
-1429
-335
795
2118
3196
3587
3397
2948
2859
3093
3103
2741
2537
2104
1100
-583
-2185
-2515
-2956
-3438
-3500
-2875
-1808
130
5213
10541
14577
15322
14994
13203
7652
2336
-920
-1742
-4492
-7557
-6386
-2632
520
1097
1737
2640
702
-3595
-8818
-11108
-11521
-11673
-10446
-9180
-5128
-616
2275
4232
5070
6447
4148
-632
-5017
-7453
-8041
-9628
-8473
-4957
-918
2212
3178
4681
5607
4937
1921
-1765
-2915
-3049
-2608
-1889
900
4757
6729
7377
7789
8351
8171
6173
3675
1368
-1105
-2567
-3726
-3699
-2499
-707
977
1330
1523
1437
745
-1048
-2903
-3416
-3427
-3822
-3731
-2581
-267
2215
3753
4438
4255
3218
944
-1727
-3187
-4005
-4713
-5707
-5805
-4196
-2755
-1272
-27
1151
1532
1078
470
86
489
545
284
-350
-858
-1142
-1458
-1273
-964
-473
-403
-469
-323
361
1763
3063
3991
4477
5050
4600
2999
927
-581
-1646
-3567
-4753
-5035
-4062
14
5019
9570
12634
14204
13761
9938
4809
1041
-738
-3235
-6060
-5174
-1548
2074
3450
4401
5647
4151
666
-4170
-7229
-9163
-11267
-12480
-12734
-10342
-6395
-2819
-224
1730
3893
3630
629
-2597
-4287
-5083
-6509
-6247
-3264
787
4725
7194
8701
8737
6676
2932
-2270
-6245
-8605
-9499
-8998
-7003
-3021
676
4087
7343
10234
12737
13223
12109
9424
6422
3239
-318
-2737
-3999
-4332
-4522
-4008
-2072
-816
-331
-963
-2091
-3267
-4938
-5888
-6259
-5358
-3361
-779
1621
3615
5744
6764
5838
3616
1727
152
-2053
-4575
-5774
-6098
-6213
-5745
-4440
-2629
-995
36
426
968
1730
2051
1645
769
140
370
134
-247
251
846
560
-548
-834
-139
457
693
1075
1961
2381
2220
2120
1723
1376
734
-130
-1243
-1724
233
3140
6264
8772
11097
11450
9433
6445
4185
2900
136
-2912
-5078
-4387
-2676
-1136
1079
3231
4441
3314
1552
-45
-1744
-3294
-5524
-7449
-8834
-9229
-8561
-7829
-6060
-4273
-3471
-3752
-4681
-4501
-4596
-4767
-4673
-3480
-1250
876
4027
6983
9380
10655
9411
6670
3155
-615
-3989
-7088
-8733
-8898
-8667
-7834
-5700
-1719
2943
7350
10753
13162
14401
13193
10464
7114
4137
1106
-2208
-4011
-4094
-3012
-2260
-1201
-313
-86
-1552
-3784
-5294
-6683
-7680
-7834
-6721
-4235
-1080
2043
4683
6644
7604
7099
5436
3092
1006
-1110
-3300
-5216
-5817
-5342
-4754
-3512
-2012
-765
-355
-709
-1341
-1514
-1259
-1392
-1573
-1130
-86
739
1346
2441
3582
3645
2799
1747
1259
1171
1065
729
354
-139
-618
-1042
-1402
-1181
-1037
40
1397
3481
5761
7507
9189
9410
9097
7530
5692
3389
327
-1634
-2794
-2634
-2165
-1622
-410
35
303
174
50
-166
-1260
-1914
-3358
-3921
-4127
-4686
-4412
-4633
-4094
-4521
-5497
-5545
-6024
-6187
-7017
-6775
-5606
-4716
-2469
366
3232
5383
7166
8613
8410
7156
5564
3601
948
-2384
-4856
-6714
-8116
-7682
-6310
-3907
-1470
1481
4678
6616
8311
9005
9122
7727
5555
3200
1175
468
-126
-218
-353
-5
-73
-785
-1371
-1629
-1863
-3159
-4755
-5584
-6467
-6916
-5845
-3573
-661
1740
3749
5310
5922
5934
5868
5640
4631
3270
1398
-153
-1471
-2406
-2483
-2992
-3574
-4151
-4341
-4357
-3938
-2770
-1699
-707
-25
154
374
911
1539
2033
2453
2476
1804
937
890
1269
1259
590
-307
-1801
-3322
-4672
-4515
-2553
-51
2133
3912
6180
7233
7732
7437
7438
6093
2803
37
-2517
-3078
-3264
-2751
-1509
-528
789
1047
1498
2154
1588
526
-1835
-4050
-5445
-6318
-6468
-5943
-4194
-3179
-2516
-1769
-1631
-1438
-2129
-2652
-3105
-3328
-3111
-2798
-1449
46
2159
3653
4088
4783
5151
5310
4281
3307
2602
913
-1317
-2979
-3123
-2919
-2030
-693
417
1728
3095
4081
4400
4402
4306
3654
2512
1675
1222
644
-336
-884
-1043
-1500
-1996
-1875
-1847
-1995
-2096
-2474
-3076
-4131
-4140
-4065
-4476
-4371
-3101
-1174
-10
1452
3539
4464
4560
4716
5237
5203
3772
1963
10
-1548
-2962
-3538
-3376
-2916
-2001
-1472
-1053
-353
447
1101
888
182
-418
-751
-765
-545
386
1178
2002
2598
2444
2487
2222
1353
-666
-2989
-3520
-3159
-2589
-1446
637
3251
4483
5477
6521
7134
6044
3803
2387
1228
3
-1691
-2157
-1824
-1849
-1854
-1257
-177
980
1016
469
-96
-725
-1343
-2450
-3749
-4963
-5356
-5527
-5538
-5026
-4063
-3112
-2567
-2059
-1635
-1189
-445
99
546
1033
1250
963
367
-5
-186
400
1005
1630
2295
2176
1767
1674
1787
1247
623
211
-23
-544
-625
11
677
1583
2108
2814
3072
2743
2489
1520
461
-649
-1124
-1750
-2151
-1702
-1638
-1576
-1600
-957
-705
-1254
-1813
-2455
-3388
-4629
-5230
-4678
-3309
-1281
1189
3914
6431
8176
9159
9131
8251
6167
3048
162
-2693
-4675
-5816
-5743
-4469
-2696
-818
765
2195
3120
3954
4252
3455
1972
521
-687
-1836
-2879
-2566
-1580
-1159
-747
267
1206
931
-211
-770
-842
-1510
-1900
-1437
-239
523
631
1502
2366
2841
2156
1528
1446
1192
779
-279
-894
-1338
-1627
-2086
-2090
-1572
-791
-128
-177
-384
-389
-77
-893
-2018
-2837
-3339
-3890
-4762
-4739
-3818
-3152
-2275
-1167
-62
1276
2090
2727
3030
3334
2889
2108
1257
260
-249
-827
-587
390
1841
3178
4060
4460
4224
3423
2274
1285
828
194
-671
-1344
-1803
-1930
-1846
-922
82
976
1523
1878
1612
435
74
-367
-978
-1750
-2131
-2369
-3333
-3754
-3380
-2716
-2654
-3386
-3493
-3790
-4340
-4524
-4144
-2336
-246
1783
3669
5495
7163
7601
6999
5691
4463
2855
356
-1986
-3265
-3918
-4170
-3735
-2314
-199
1438
2608
3457
4198
4249
3728
2642
1526
933
-154
-1248
-1753
-1736
-910
-457
-923
-283
965
1990
2476
2616
3129
2394
744
-1028
-1814
-1389
-1222
-1273
-1269
-46
986
539
597
1015
1278
187
-1217
-1387
-898
-441
-926
-715
-133
-582
-1496
-2595
-2618
-2478
-2580
-3165
-3849
-3183
-3180
-3207
-2617
-1644
-491
95
329
394
243
201
153
173
-18
383
794
629
815
1324
2207
2094
1773
1906
2017
1545
761
966
1384
1396
801
600
955
641
-465
-1806
-2878
-3028
-2868
-2428
-1333
667
2256
2766
3132
2945
3237
2578
1296
102
-1392
-2333
-3379
-3630
-3473
-2671
-2289
-2123
-2205
-2171
-1649
-1328
-511
655
2288
3473
4596
5773
6989
6761
5585
4319
2612
354
-1924
-2862
-3578
-4008
-3386
-2147
-99
1704
3460
4672
4995
4514
3058
1004
-1166
-2049
-2455
-3127
-3073
-2189
-958
-121
498
2084
3234
2898
1606
692
261
-806
-2713
-3449
-2911
-2069
-1798
-1766
-1026
-453
-655
-1850
-2601
-2538
-2744
-3047
-3371
-2477
-1009
26
391
472
1223
599
-505
-1868
-2414
-2223
-2528
-2529
-2313
-797
517
1222
1834
2619
2906
2298
1221
85
-797
-1448
-1501
-1273
-284
1299
2668
3195
3804
4642
4562
4022
3061
2744
2477
1403
537
466
945
415
-325
-677
-691
-1217
-2646
-3164
-3730
-3953
-3885
-3478
-2209
-640
1048
2173
3022
3201
2839
1884
485
-776
-1613
-2600
-3396
-3601
-3465
-3182
-2691
-2344
-2329
-1891
-1569
-1232
-548
617
1987
2823
3734
4831
5309
5257
4616
3921
3125
1818
540
-872
-1660
-1702
-1590
-1070
-65
1607
2518
2944
3099
2828
2212
920
-54
-539
-1360
-1846
-1024
257
1800
2597
3183
3253
2660
1732
-117
-1616
-2700
-3386
-3931
-4169
-3061
-1322
231
767
839
1020
289
-1123
-2790
-3833
-4274
-4764
-4620
-3805
-2203
-770
103
777
854
382
-1139
-2865
-3579
-3863
-3510
-2935
-1385
834
2804
4569
5161
5214
4428
2810
379
-1630
-2662
-3283
-3565
-3174
-2009
-262
1171
2089
3054
3911
4319
3828
3389
2925
2402
1578
677
-3
-249
123
-36
-253
-572
-1270
-2394
-3964
-4881
-5567
-5350
-4656
-3478
-1609
116
2246
3632
4764
5277
4929
4032
2221
833
-256
-1226
-2058
-2462
-2427
-2330
-2134
-1781
-1345
-545
-55
215
522
1050
2093
2708
3440
4153
4373
4487
4084
3667
2854
1753
401
-952
-1532
-1887
-1414
-715
163
915
1216
1368
752
386
-121
-499
-1007
-1295
-629
-78
965
1874
2663
2975
2114
1227
356
-196
-1522
-2779
-3316
-3873
-3817
-3863
-3051
-1671
-733
-234
-520
-559
-934
-1655
-2312
-2798
-2666
-2689
-1965
-759
-89
880
1164
790
-528
-2222
-3220
-4018
-4081
-3618
-1969
-48
1411
2921
3939
4757
4430
4013
3066
1161
-440
-1466
-1688
-1772
-1391
-281
1210
1937
2397
3021
3021
2478
1439
753
72
-383
-325
-151
454
870
1388
1544
799
-116
-1177
-2222
-3418
-4276
-3995
-3789
-3708
-2977
-1440
252
1371
2218
2630
2890
2155
865
145
-409
-569
-736
-793
-520
-41
539
982
1083
911
492
-6
-544
-772
-482
299
1444
2257
2595
2745
2819
2507
1773
1319
1256
909
703
668
933
1221
1095
1060
858
379
-63
-74
-140
-349
-138
-118
-67
-98
52
359
243
235
4
-341
-572
-797
-748
-1031
-1190
-1652
-2163
-2463
-2450
-2357
-2509
-2613
-2416
-2079
-2002
-1964
-1446
-671
-31
66
-127
142
65
8
109
-115
-376
-994
-1576
-1761
-1594
-987
-513
239
1081
1629
2096
2132
2398
2400
1594
897
585
485
514
419
674
1048
1469
1489
1203
853
252
-292
-1048
-1531
-1575
-1416
-1047
-796
-308
492
727
638
328
-392
-772
-1535
-2193
-2588
-2859
-2599
-2260
-1772
-1245
-474
403
887
893
866
433
-53
-327
-356
9
355
685
1039
1666
2215
2735
2968
2880
2713
2158
1652
1306
1053
913
886
934
1032
1092
1129
1338
1349
1112
1135
1228
1099
1096
1185
1585
1836
1254
893
544
337
199
21
278
424
389
296
235
99
-82
-526
-1046
-1722
-2175
-2551
-2626
-2685
-2789
-2425
-2341
-2306
-2304
-2255
-2318
-2633
-2605
-2788
-2886
-2860
-2794
-1836
-1002
-411
479
1207
1508
999
288
-311
-983
-1372
-1817
-1798
-1517
-1113
-534
243
1310
1855
2051
2306
2473
2559
2116
1903
1638
1254
1015
1177
1482
1622
1755
1953
1949
1406
702
-218
-821
-1875
-2624
-2651
-2329
-1455
-778
204
900
1190
915
265
-250
-745
-1226
-1822
-1876
-1738
-1540
-1318
-831
-167
16
-146
-215
-567
-1157
-1344
-1166
-962
-833
-162
739
1775
2603
3224
3510
3374
3148
2785
2324
1613
1214
1205
1181
1088
775
719
325
53
223
18
-82
164
357
477
829
1008
1197
1212
1072
1232
1266
1370
1104
992
554
329
227
167
293
178
350
192
-68
-624
-964
-1430
-2093
-2564
-3252
-3175
-3059
-2896
-2378
-1911
-1484
-1311
-1215
-1394
-1670
-1968
-2166
-2214
-2150
-1843
-1236
-634
-9
757
912
792
398
-19
-555
-1294
-1371
-1455
-1468
-1262
-848
-297
224
1039
1656
2401
2828
2885
2713
2331
2110
1685
1363
1403
1407
1259
1115
1014
929
566
-41
-422
-864
-1253
-1611
-1595
-1204
-797
-409
-220
-84
102
165
242
214
152
77
-282
-409
-393
-522
-923
-1277
-1559
-1803
-1729
-1890
-1877
-1726
-1493
-1003
-571
-90
599
1342
1852
2073
2394
2867
3176
3053
2727
2478
1909
1281
405
-127
-379
-736
-829
-1174
-802
-241
278
472
737
1215
1119
1405
1290
1238
1010
1069
1054
660
365
359
338
-183
-449
-491
-293
-353
-397
-209
-75
-47
-136
-314
-281
-552
-909
-1333
-1512
-1615
-1753
-1755
-1411
-1005
-1064
-881
-992
-1064
-1179
-1267
-1184
-916
-748
-491
-282
152
492
589
730
925
856
797
606
199
-316
-782
-454
-753
-636
-134
611
1129
1463
2132
2420
2410
2091
1654
1454
1096
718
363
229
144
-124
-263
-680
-616
-378
-961
-1263
-1591
-1857
-2237
-2389
-1905
-1628
-1091
-714
-417
-70
228
191
-281
-569
-892
-1376
-1606
-1871
-1882
-1688
-1420
-1290
-1162
-1014
-1014
-951
-789
-294
392
1044
1513
1986
2551
2904
3315
3556
3424
3249
2648
1836
1058
667
303
-68
-328
35
568
608
923
1230
1501
1471
1273
1508
1512
1476
1265
1116
858
460
389
2
-567
-854
-1044
-894
-848
-703
-270
-92
-169
-231
-128
-333
-762
-1065
-1638
-1992
-2177
-2102
-1675
-1520
-1406
-1270
-989
-825
-786
-838
-1219
-1440
-1796
-2031
-1775
-1362
-920
-334
372
855
1401
1854
1762
1353
1025
519
-194
-788
-819
-563
-248
381
954
1545
1572
1927
2099
1826
1601
966
699
336
463
574
681
859
924
886
644
157
-387
-815
-1589
-2126
-2407
-2213
-1988
-1617
-786
82
409
278
48
-405
-877
-1371
-1684
-2083
-2359
-2349
-2054
-1453
-1121
-733
-489
-454
-644
-819
-821
-588
-310
66
723
1646
2668
3318
3587
3987
4008
3231
2570
1766
846
-53
-692
-696
-649
-371
262
830
1256
1626
1902
1679
1604
1667
1552
1609
1255
1308
1348
1102
879
551
-2
-739
-1387
-1705
-2012
-2530
-2521
-2348
-1636
-795
61
582
1011
998
271
-252
-1134
-1667
-2123
-2656
-2690
-2284
-1728
-1591
-1264
-960
-956
-1204
-1455
-1785
-1688
-1651
-1417
-996
-601
66
794
1484
1867
2165
2235
1982
1394
467
79
-5
-45
62
237
901
1233
1349
1550
1731
1547
926
747
477
322
480
857
1441
1721
1799
1776
1661
1155
244
-530
-1505
-2384
-2912
-2746
-2388
-1934
-984
-108
619
880
957
1112
619
-247
-939
-1400
-1599
-1998
-2013
-1702
-1092
-631
-395
-199
-443
-574
-807
-964
-762
-472
-334
1
757
1308
1983
2368
2318
2282
1769
1280
499
-350
-804
-1176
-1254
-1088
-918
-463
162
718
1119
1464
1612
1450
1133
1015
896
874
838
600
609
457
221
-375
-644
-650
-1139
-1592
-1708
-1479
-1117
-853
-155
397
566
436
222
321
269
48
-163
-247
-292
-345
-178
-281
-292
-343
-483
-608
-1120
-1125
-945
-1216
-1181
-740
-276
285
673
1249
1629
1712
1675
1594
1471
1084
644
85
-1
27
291
608
852
1122
910
462
67
-357
-665
-1012
-1121
-923
-589
172
1022
1611
1829
1850
1327
519
-434
-1163
-1666
-2207
-2494
-2350
-1975
-1573
-1040
-387
194
200
24
-109
-350
-710
-845
-1000
-1181
-959
-507
-191
125
488
567
487
-263
-706
-687
-653
-528
-222
389
633
1016
1420
1828
1954
2091
1981
1530
931
541
210
-75
-163
-278
47
59
28
77
272
415
433
360
18
-126
-370
-322
-137
192
297
224
372
161
68
-408
-755
-1084
-1299
-1361
-1533
-1214
-1081
-954
-817
-607
-439
-489
-627
-753
-772
-722
-476
-156
66
107
76
94
202
-25
-371
-436
-437
-579
-637
-542
-362
63
490
824
1035
1323
1632
1682
1551
1378
1292
1144
903
824
974
1176
1239
1177
1016
842
689
364
103
-268
-571
-515
-348
-82
384
909
1222
1379
1111
687
413
81
-277
-618
-609
-570
-819
-646
-463
-399
-713
-893
-780
-1242
-1314
-1261
-1224
-1081
-918
-789
-567
-41
-29
395
571
435
146
-278
-273
-427
-374
-316
-275
-193
-22
-3
83
258
322
672
575
365
363
273
161
197
41
-270
-305
-525
-489
-311
-300
-270
-246
-313
-385
-703
-874
-547
-366
-324
-85
162
229
411
357
105
-29
-262
-659
-835
-847
-546
-470
-668
-428
-113
304
488
733
947
704
305
43
-61
-395
-490
-372
-166
92
268
371
578
695
689
664
417
288
40
40
226
343
768
952
1412
1446
1599
1668
1064
674
200
34
-201
-196
-90
-39
326
623
987
1092
756
422
25
-322
-429
-621
-659
-691
-771
-805
-668
-515
-545
-571
-705
-655
-621
-794
-1048
-890
-796
-920
-802
-612
-418
-361
-220
-46
4
-242
-542
-627
-553
-545
-409
-94
347
474
554
859
980
822
679
477
142
180
150
227
440
942
1254
1505
1806
1724
1455
928
428
-3
-346
-658
-978
-760
-386
-133
-48
15
217
304
68
-115
92
-2
-294
-383
-307
-248
-383
-656
-763
-886
-869
-1329
-1536
-1423
-1318
-1527
-1606
-1286
-969
-782
-535
-228
-248
-209
-363
-442
-616
-779
-886
-982
-624
-279
116
528
768
1124
1029
935
928
933
773
457
536
461
678
956
1130
1595
1812
1783
1738
1403
876
730
471
408
408
556
787
731
704
805
848
591
239
-32
-173
-417
-547
-862
-729
-592
-601
-609
-783
-578
-600
-673
-652
-603
-664
-816
-784
-703
-626
-474
-266
-74
-22
-118
-47
-161
-335
-362
-438
-602
-401
28
278
272
415
558
417
104
-93
-151
-205
-32
175
625
944
1125
1409
1669
1842
1717
1422
1131
586
-78
-284
-313
-358
-333
-455
-439
-220
-331
-361
-430
-466
-344
-288
-440
-506
-369
-482
-472
-722
-796
-852
-1247
-1540
-1608
-1616
-1758
-1584
-1362
-1080
-921
-692
-503
-207
-20
-166
-338
-296
-402
-539
-461
-403
-148
89
365
621
893
1118
1250
1440
1246
997
690
553
345
213
418
566
694
891
1206
1370
1427
1386
1334
1371
1159
896
767
727
894
881
721
701
467
376
137
-193
-345
-446
-588
-898
-747
-548
-283
-394
-527
-329
-543
-905
-1097
-1272
-1088
-902
-786
-721
-528
-288
-338
-273
-192
-42
-239
-417
-511
-738
-715
-560
-468
-343
-48
250
484
511
834
878
814
666
463
414
261
327
577
812
1140
1407
1453
1335
1280
1202
878
498
-31
-296
-705
-824
-731
-718
-501
-369
-116
9
180
48
-39
-157
-456
-551
-698
-843
-1260
-1307
-1370
-1414
-1533
-1564
-1532
-1471
-1259
-1270
-1088
-955
-842
-666
-622
-564
-474
-337
-459
-300
-229
-80
149
359
718
818
1195
1135
1239
1465
1394
1324
1229
1119
896
805
720
562
476
504
734
799
894
946
1053
1227
1304
1305
1322
1232
954
729
571
323
-91
-295
-412
-436
-561
-587
-526
-526
-293
-270
-292
-326
-631
-880
-1294
-1536
-1703
-1601
-1619
-1435
-904
-560
-140
22
284
426
284
86
-34
-60
-254
-520
-647
-385
-226
-159
5
251
96
16
13
127
337
328
266
376
565
821
1090
1250
1355
1304
1565
1297
882
723
549
594
58
-146
-206
-229
-201
-257
-113
78
331
223
459
582
649
515
410
373
-32
-327
-448
-579
-1032
-1286
-1359
-1348
-1414
-1647
-1436
-1288
-1371
-1432
-1363
-1318
-1430
-1329
-1331
-1158
-802
-652
-352
-7
122
240
542
743
561
328
158
31
-91
-137
-168
-16
383
391
422
494
340
431
268
21
38
160
620
852
1158
1236
1279
1538
1472
1268
914
624
294
1
-131
-75
126
451
744
892
1338
1379
1010
881
613
56
-425
-802
-1144
-1358
-1219
-1150
-921
-449
-106
-32
61
360
206
170
-4
-66
-42
-229
-209
-139
-57
-12
-87
-294
-445
-606
-776
-801
-727
-867
-618
-73
31
317
553
1021
1219
1091
998
1003
867
519
266
134
-82
31
-21
-256
-158
-260
-134
-164
-221
-92
-193
-95
-121
-1
137
6
191
343
307
467
363
153
-103
-321
-488
-933
-1087
-1115
-1135
-1206
-1337
-1340
-1292
-1287
-1183
-1153
-1073
-981
-727
-414
118
379
704
998
1008
809
468
429
29
-172
-307
-536
-461
-467
-136
28
324
568
584
672
610
754
869
912
940
907
642
586
811
909
843
468
400
187
-260
-452
-379
-159
22
277
604
893
842
951
888
523
217
-133
-468
-761
-1018
-967
-976
-933
-858
-539
-327
-95
174
184
202
204
328
283
197
295
129
107
413
485
346
150
345
55
-87
-215
-383
-345
-410
-424
-375
-172
174
433
350
536
681
463
420
438
184
159
119
173
113
-24
-157
-257
-66
-379
-441
-552
-642
-673
-772
-634
-576
-545
-513
-248
-130
-34
-27
-117
-86
-217
-377
-740
-812
-976
-1186
-1286
-1486
-1424
-1320
-1052
-974
-621
-363
18
525
719
987
1100
1119
1092
933
696
609
395
193
273
258
249
463
752
830
757
840
938
821
725
872
772
823
761
553
620
557
631
311
362
287
158
65
-104
-189
-204
-251
-312
-241
-79
-42
-145
-122
-196
-408
-585
-699
-653
-719
-695
-786
-1015
-817
-728
-620
-603
-517
-527
-422
-439
-521
-536
-343
-333
-427
-255
-87
137
163
419
508
350
254
137
113
32
-6
20
123
234
461
394
482
534
818
919
735
816
989
1018
817
651
792
816
703
374
529
542
246
67
-225
-290
-580
-618
-549
-561
-407
-253
0
106
154
81
50
-89
-211
-409
-575
-732
-863
-1074
-1352
-1334
-1509
-1400
-1206
-1001
-821
-627
-385
-282
-107
59
64
97
148
184
30
68
186
24
-84
5
20
49
80
116
344
436
564
465
381
535
696
553
565
768
699
538
433
547
592
549
364
529
578
397
383
114
212
257
-54
8
-174
-200
-200
-203
-187
-123
-143
-203
-314
-303
-273
-278
-60
-41
-1
-79
6
-131
-301
-303
-292
-247
-422
-220
-194
-199
-76
-141
-239
53
193
321
416
323
234
-74
-59
-100
-132
-44
-79
162
348
401
457
588
566
359
305
236
201
197
277
220
253
304
337
331
145
157
36
-104
-241
-332
-391
-403
-275
-204
214
184
198
292
-33
-200
-351
-574
-703
-734
-781
-753
-866
-542
-444
-179
105
-66
-161
-226
-141
-308
-334
-307
-314
-38
-27
-27
221
271
306
133
135
52
-4
-186
-195
-40
-138
30
58
165
255
312
230
209
120
-76
-305
-419
-483
-247
-21
-22
247
319
626
542
373
354
67
-159
-510
-385
-508
-310
-278
-254
-33
-77
-105
-285
-214
-188
-316
-360
-178
31
49
275
549
624
565
505
449
358
209
107
264
275
194
225
452
527
616
644
707
663
500
334
288
273
101
43
154
300
330
329
274
132
139
125
-50
-354
-381
-301
-273
-219
-402
-50
88
-59
-47
-157
-258
-379
-680
-699
-731
-743
-664
-446
-305
-201
-228
-265
-374
-702
-931
-1063
-941
-1063
-790
-620
-346
13
200
186
213
296
158
135
-98
53
136
56
244
451
691
887
944
1033
979
834
633
333
259
224
314
443
640
930
1038
1005
874
932
661
301
159
119
-311
-528
-322
-281
-151
-78
-41
-133
-163
-278
-457
-539
-685
-1046
-1010
-1027
-1183
-1198
-1037
-795
-833
-871
-892
-818
-772
-934
-999
-718
-554
-334
-104
114
348
631
648
543
442
319
99
-210
-108
-48
87
301
480
633
722
658
632
619
699
716
622
653
892
894
908
937
860
775
682
691
487
501
620
576
585
601
677
477
501
460
215
90
6
-235
-484
-573
-724
-715
-978
-921
-671
-686
-482
-474
-362
-418
-536
-603
-783
-784
-926
-887
-910
-661
-293
-255
-446
-375
-230
-201
-289
-516
-438
-253
-260
-212
-55
168
309
339
275
246
290
125
119
128
303
388
504
522
635
814
725
582
507
258
157
108
-168
-108
-9
204
338
514
534
543
372
340
215
-41
-13
-141
-211
-275
-189
-149
-162
-231
-134
-357
-394
-329
-607
-521
-538
-457
-262
-106
-6
74
231
287
243
54
0
-187
-303
-499
-724
-709
-706
-522
-150
127
254
352
435
395
400
340
196
-43
19
-19
-230
-99
-244
-316
-358
-108
-5
-33
76
193
286
194
225
254
283
294
220
193
379
307
264
204
201
81
-124
-200
-218
-230
-87
86
113
280
147
270
333
161
168
19
10
161
146
43
80
73
15
49
-40
19
-82
-76
-208
-309
-245
-396
-439
-369
-234
-145
-39
54
266
198
136
209
174
211
181
240
146
39
57
78
-165
-396
-372
-364
-266
-262
-130
139
278
334
293
475
472
228
38
10
-51
-303
-390
-388
-255
-319
-341
-291
-364
-289
-163
-168
-257
-158
-205
-64
-240
-96
-1
-19
133
-17
48
131
20
-190
-425
-473
-575
-573
-391
-143
125
327
643
716
834
1027
858
578
469
331
91
1
-96
187
141
78
60
293
492
319
523
745
710
455
320
364
337
149
135
240
385
431
376
356
228
-12
-271
-597
-786
-850
-808
-656
-636
-596
