0.000000 0.000000 0.000000 0.000000 0.000000 
0.000000 0.000000 0.000000 0.000000 0.000000 
0.000000 0.000000 0.000000 0.000000 0.000000 
0.000000 0.000000 0.000000 0.000000 0.000000 
0.000000 0.000000 0.000000 0.000000 0.000000 
0.000000 0.000000 0.000000 0.000000 0.000000 
0.000000 0.000000 0.000000 0.000000 0.000000 
0.000000 0.000000 0.000000 0.000000 0.000000 
0.000000 0.000000 0.000000 0.000000 0.000000 
0.000000 0.000000 0.000000 0.000000 0.000000 
0.000000 0.000000 0.000000 0.000000 0.000000 
0.000000 0.000000 0.000000 0.000000 0.000000 
0.000000 0.000000 0.000000 0.000000 0.000000 
0.000000 0.000000 0.000000 0.000000 0.000000 
0.000000 0.000000 0.000000 0.000000 0.000000 
0.000000 0.000000 0.000000 0.000000 0.000000 
0.000000 0.000000 0.000000 0.000000 0.000000 
0.000000 0.000000 0.000000 0.000000 0.000000 
0.000000 0.000000 0.000000 0.000000 0.000000 
0.000000 0.000000 0.000000 0.000000 0.000000 
0.000000 0.000000 0.000000 0.000000 0.000000 
0.000000 0.000000 0.000000 0.000000 0.000000 
0.000000 0.000000 0.000000 0.000000 0.000000 
0.000000 0.000000 0.000000 0.000000 0.000000 
0.000000 0.000000 0.000000 0.000000 0.000000 
0.000000 0.000000 0.000000 0.000000 0.000000 
0.000000 0.000000 0.000000 0.000000 0.000000 
0.000000 0.000000 0.000000 0.000000 0.000000 
0.000000 0.000000 0.000000 0.000000 0.000000 
0.000000 0.000000 0.000000 0.000000 0.000000 
0.000000 0.000000 0.000000 0.000000 0.000000 
0.000000 0.000000 0.000000 0.000000 0.000000 
0.000000 0.000000 0.000000 0.000000 0.000000 
0.000000 0.000000 0.000000 0.000000 0.000000 
0.000000 0.000000 0.000000 0.000000 0.000000 
0.000000 0.000000 0.000000 0.000000 0.000000 
0.000000 0.000000 0.000000 0.000000 0.000000 
0.000000 0.000000 0.000000 0.000000 0.000000 
0.000000 0.000000 0.000000 0.000000 0.000000 
0.000000 0.000000 0.000000 0.000000 0.000000 
0.000000 0.000000 0.000000 0.000000 0.000000 
0.000000 0.000000 0.000000 0.000000 0.000000 
0.000000 0.000000 0.000000 0.000000 0.000000 
0.000000 0.000000 0.000000 0.000000 0.000000 
0.000000 0.000000 0.000000 0.000000 0.000000 
0.000000 0.000000 0.000000 0.000000 0.000000 
0.000000 0.000000 0.000000 0.000000 0.000000 
0.000000 0.000000 0.000000 0.000000 0.000000 
0.000000 0.000000 0.000000 0.000000 0.000000 
0.000000 0.000000 0.000000 0.000000 0.000000 
0.000000 0.000000 0.000000 0.000000 0.000000 
0.000000 0.000000 0.000000 0.000000 0.000000 
0.000000 0.000000 0.000000 0.000000 0.000000 
0.000000 0.000000 0.000000 0.000000 0.000000 
0.000000 0.000000 0.000000 0.000000 0.000000 
0.000000 0.000000 0.000000 0.000000 0.000000 
0.000000 0.000000 0.000000 0.000000 0.000000 
0.000000 0.000000 0.000000 0.000000 0.000000 
0.000000 0.000000 0.000000 0.000000 0.000000 
0.000001 0.000001 0.000000 0.000000 0.000000 
0.000001 0.000001 0.000000 0.000000 0.000000 
0.000002 0.000001 0.000000 0.000000 0.000000 
0.000010 0.000009 0.000000 0.000000 0.000000 
0.000013 0.000012 0.000000 0.000000 0.000000 
0.000018 0.000017 0.000000 0.000000 0.000000 
0.000024 0.000023 0.000000 0.000000 0.000000 
0.000033 0.000031 0.000000 0.000000 0.000000 
0.000045 0.000043 0.000000 0.000000 0.000000 
0.000061 0.000058 0.000000 0.000000 0.000000 
0.000084 0.000079 0.000000 0.000000 0.000000 
0.000114 0.000107 0.000000 0.000000 0.000001 
0.000155 0.000146 0.000000 0.000000 0.000001 
0.000211 0.000199 0.000000 0.000000 0.000002 
0.000287 0.000271 0.000000 0.000001 0.000005 
0.000391 0.000369 0.000000 0.000001 0.000010 
0.000532 0.000503 0.000000 0.000002 0.000020 
0.000724 0.000684 0.000000 0.000004 0.000041 
0.000986 0.000931 0.000000 0.000009 0.000083 
0.001342 0.001268 0.000001 0.000018 0.000170 
0.001827 0.001726 0.000003 0.000032 0.000348 
0.011608 0.010963 0.000007 0.000226 0.002132 
0.007671 0.014925 0.110592 0.000396 0.004352 
0.031790 0.046024 0.230400 0.002423 0.026656 
0.166667 0.190741 0.480000 0.014842 0.163265 
1.000000 1.000000 1.000000 1.000000 1.000000 
