55
70
60
34
25
26
60
22
-15
6
-15
1
17
16
-24
-35
-41
-9
-19
-45
-79
-84
-57
-76
-45
-94
-64
-37
-43
-41
-83
-47
-35
-50
-89
-47
-46
-60
-47
-22
-29
-44
18
12
21
-21
33
47
96
77
34
34
99
101
54
78
104
133
96
76
93
85
70
98
50
59
55
42
60
22
0
44
74
67
23
11
91
35
26
59
53
77
42
-1
41
64
15
25
10
34
38
8
26
31
32
-6
8
30
22
-7
14
-19
-9
16
-10
31
9
5
11
-32
18
7
23
12
11
31
7
-13
11
-15
-16
27
25
12
35
49
38
46
52
49
44
63
81
52
82
42
54
69
51
77
78
92
88
80
94
95
27
48
29
31
9
-13
21
42
58
23
33
30
-8
-1
13
6
-40
-25
-22
3
3
1
27
-19
-11
-25
-17
-23
-16
20
-2
-55
-18
-2
-40
-33
-29
-17
-14
-60
-25
-57
10
-33
-44
-16
-31
14
-27
-40
-5
32
44
17
47
40
78
23
37
50
66
70
32
59
66
102
97
127
96
129
124
119
81
107
122
71
119
67
83
78
102
48
35
72
75
85
55
68
72
35
16
33
20
2
-15
-36
16
40
3
6
-33
0
-6
-31
-30
-2
-16
-27
-52
-27
-2
-28
-13
-44
-47
-53
-19
-51
-58
-29
-31
3
-9
25
-3
-39
4
-2
22
22
11
49
37
65
23
44
84
57
38
62
66
32
65
51
41
44
34
82
83
57
78
75
108
76
53
81
96
74
47
67
51
101
103
107
-11
-77
81
93
89
17
-23
30
36
-29
43
133
-6
-113
-121
6
97
74
-138
-185
-16
52
6
-92
-122
-27
-8
-64
-50
-73
-17
-39
-84
-25
-14
-30
-27
14
51
36
10
-45
-4
83
49
23
36
33
52
53
90
69
69
81
88
89
113
71
93
81
98
29
8
71
75
64
77
54
45
2
63
72
31
65
10
-3
53
87
59
42
26
45
-4
59
67
22
45
73
40
18
48
3
55
-3
-6
4
47
15
-19
-9
-43
-11
-18
-31
-29
-62
-51
-13
-30
-53
8
-3
-5
-37
-58
38
-12
-67
-16
-28
28
5
6
29
15
18
1
20
-3
61
63
22
38
83
89
18
-22
24
64
90
56
53
91
99
44
37
63
78
48
23
48
37
68
108
63
15
31
59
55
15
12
-4
26
11
-10
-14
-28
-18
-19
-27
17
-26
-77
-37
20
56
39
-3
-19
21
-20
48
62
49
20
16
45
68
88
87
-21
26
68
57
100
24
-18
-18
39
69
44
9
29
51
54
63
68
39
60
34
66
67
1
31
14
70
68
70
39
54
28
-13
27
43
43
-46
-24
37
94
47
9
-22
19
63
11
-11
-25
-5
47
45
19
-8
-13
33
21
-19
-20
-34
13
47
5
-9
-52
-2
-9
9
59
-2
-43
-87
-35
38
91
28
22
-37
-15
36
42
6
-15
-6
8
28
-2
30
29
65
23
-27
28
56
82
45
4
19
9
27
31
22
75
51
44
53
55
10
8
27
53
45
44
17
21
85
85
42
6
-24
49
102
84
79
64
44
73
58
62
75
49
13
30
63
64
-20
11
19
3
-48
-36
46
-15
-21
-15
10
4
0
-24
-60
-31
-13
-20
60
59
12
-1
-6
35
75
45
57
3
0
3
48
35
39
20
14
1
9
45
42
28
-29
6
18
36
-13
-20
27
15
-4
-32
37
69
14
-28
26
47
3
-8
15
22
-7
-7
7
23
97
45
17
17
101
28
23
65
29
65
24
81
103
56
68
43
88
87
67
38
20
78
75
64
34
87
63
91
101
29
76
65
43
25
23
56
-1
12
28
52
87
14
17
19
-4
14
-7
-36
-31
-43
-68
-69
-54
-45
-27
-103
-68
-99
-48
-81
-97
-61
-54
-29
-74
-78
-49
-59
-75
-40
-18
-24
-39
-7
83
70
46
12
37
65
37
70
60
84
45
47
48
92
133
52
66
50
75
119
63
87
110
37
30
22
89
85
76
27
59
61
88
53
99
66
51
13
35
7
-14
36
-13
-9
-4
-32
12
1
-20
4
-15
-24
21
48
-21
-38
-12
29
11
-54
-7
19
15
36
40
15
56
96
99
34
47
41
66
115
107
81
19
30
128
179
156
138
115
87
137
160
174
190
126
58
127
181
206
137
75
102
60
140
53
33
31
-6
-5
-53
-57
-51
-72
-112
-133
-115
-176
-220
-175
-153
-219
-256
-219
-222
-221
-184
-157
-172
-152
-117
-93
-59
6
-3
-26
3
60
104
121
66
80
119
178
112
78
150
144
12
1
106
111
68
-100
-148
-47
30
-52
-173
-169
-138
-164
-177
-188
-154
-206
-196
-232
-153
-113
-104
-109
-53
-18
-3
15
-5
60
139
129
146
177
175
224
205
309
293
351
572
513
277
245
605
818
646
276
470
816
708
406
633
998
728
147
193
821
910
323
-108
105
424
260
-54
-169
-159
-190
-273
-411
-519
-586
-556
-650
-792
-778
-754
-800
-925
-858
-723
-772
-960
-837
-549
-467
-629
-645
-439
-319
-338
-286
-113
-67
-116
14
140
224
203
253
335
359
416
461
447
425
417
549
554
449
426
580
576
370
219
342
482
371
230
176
211
177
27
55
216
99
-138
-249
-86
72
0
-269
-389
-265
-27
-112
-257
-283
-208
-166
-233
-245
-236
-155
-111
-198
-162
-66
-41
-128
-45
61
31
-26
40
143
193
144
53
141
222
157
101
120
170
156
90
124
140
129
113
30
107
380
410
118
-149
276
735
680
167
140
639
715
367
366
889
931
239
-56
604
1214
692
-90
-75
492
605
162
-134
-10
19
-172
-359
-413
-428
-541
-671
-767
-835
-800
-789
-916
-938
-798
-777
-914
-972
-736
-498
-600
-759
-554
-354
-343
-347
-207
-21
-105
-72
95
268
271
267
354
434
444
546
558
683
642
604
584
639
725
619
474
435
582
540
419
273
314
272
105
35
178
195
-159
-337
-231
-23
-67
-374
-695
-533
-250
-288
-597
-685
-563
-429
-401
-491
-495
-466
-392
-379
-278
-162
-177
-252
-125
36
121
35
-6
89
240
294
208
250
289
334
357
407
407
378
375
390
391
369
641
694
405
45
394
922
879
309
122
708
926
418
274
968
1148
264
-327
559
1502
898
-314
-384
517
789
134
-370
-236
-72
-287
-554
-509
-542
-768
-878
-903
-1007
-993
-944
-1002
-1132
-1038
-937
-1069
-1192
-937
-539
-656
-861
-702
-293
-236
-344
-189
67
59
46
262
582
530
413
529
770
756
665
821
906
835
787
920
875
836
1004
940
724
553
711
879
770
393
282
374
314
133
173
225
-20
-408
-427
-243
-134
-406
-807
-874
-631
-563
-718
-863
-888
-833
-758
-812
-973
-891
-715
-730
-833
-725
-587
-561
-503
-375
-346
-297
-318
-192
31
83
19
30
140
184
283
371
343
267
236
367
481
805
916
619
106
423
1264
1436
773
296
1050
1386
857
512
1399
1878
699
-243
741
2169
1650
-101
-435
866
1421
418
-280
53
283
-183
-606
-340
-335
-796
-1030
-934
-917
-1192
-1367
-1299
-1169
-1233
-1324
-1385
-1390
-1213
-939
-887
-1134
-1088
-648
-503
-641
-526
-154
-138
-297
-127
367
506
223
239
673
844
624
673
937
1029
864
889
1003
1069
1119
926
735
693
960
938
790
466
374
529
435
238
318
300
-168
-433
-161
14
-187
-588
-888
-723
-355
-522
-939
-970
-761
-727
-848
-810
-886
-912
-741
-589
-653
-678
-490
-440
-344
-222
-250
-236
-234
-46
120
168
6
18
278
350
285
246
327
368
327
340
290
455
903
731
107
-9
850
1398
1078
202
464
1375
1157
397
694
1852
1523
-99
-325
1510
2432
910
-824
-205
1481
1216
-292
-529
265
289
-600
-870
-403
-403
-1019
-1377
-1128
-970
-1321
-1602
-1403
-1121
-1218
-1397
-1542
-1378
-1018
-759
-1015
-1155
-784
-423
-433
-533
-197
161
39
-142
243
822
775
417
591
1087
1132
902
978
1200
1280
1151
1055
1279
1378
1112
841
968
1218
1105
803
488
621
602
349
135
167
100
-438
-645
-315
-44
-499
-1222
-1330
-802
-543
-962
-1499
-1438
-999
-924
-1149
-1177
-1059
-1057
-987
-861
-695
-663
-639
-550
-291
-114
-142
-139
7
186
307
371
308
357
563
622
615
592
587
688
710
699
582
633
1206
1269
564
-62
828
1848
1642
390
135
1449
1709
725
344
1762
2062
146
-831
1049
2866
1365
-1379
-1089
1359
1746
-374
-1444
-297
450
-610
-1582
-1057
-593
-1222
-1897
-1781
-1383
-1657
-2039
-1958
-1597
-1540
-1822
-1887
-1733
-1310
-855
-1052
-1467
-1182
-335
-52
-498
-516
126
469
185
247
899
1213
819
710
1221
1680
1366
1146
1471
1685
1579
1456
1764
1605
1252
1145
1616
1659
1205
845
845
1105
698
442
545
556
44
-571
-381
121
95
-797
-1706
-1452
-511
-359
-1336
-1955
-1586
-1049
-1031
-1427
-1420
-1351
-1421
-1451
-1156
-818
-870
-1098
-1032
-525
-332
-471
-403
-172
45
12
58
174
378
470
374
493
490
494
499
628
587
584
498
1029
1349
901
180
510
1770
2060
1012
97
1304
2188
1477
559
1600
2711
1287
-389
641
3124
2870
-214
-1322
1032
2672
896
-1189
-613
731
278
-1317
-1318
-418
-805
-1893
-2222
-1609
-1617
-2247
-2492
-2068
-1829
-2269
-2519
-2367
-1842
-1451
-1654
-1995
-1835
-1069
-611
-904
-997
-561
3
-101
-136
386
876
740
439
807
1475
1548
1196
1268
1857
1942
1944
1834
1557
1502
1921
2231
1729
1428
1187
1626
1499
995
831
1101
812
-139
-292
371
649
32
-1112
-1648
-927
-171
-670
-1820
-2035
-1522
-1266
-1483
-1694
-1693
-1743
-1757
-1773
-1517
-1050
-1204
-1628
-1327
-626
-632
-895
-694
-245
-31
-142
-135
176
583
483
362
420
712
740
698
882
762
746
728
1353
1785
1232
422
563
2076
2571
1569
374
1322
2532
1843
891
1841
3072
1717
-287
610
3425
3544
124
-1518
914
3033
1584
-1148
-1036
759
594
-1424
-1858
-662
-855
-2146
-2734
-2101
-1842
-2506
-3063
-2630
-2331
-2812
-3188
-2864
-2152
-1889
-2191
-2574
-2332
-1411
-788
-1093
-1364
-902
-204
-22
-105
299
875
939
683
950
1723
1997
1728
1899
2259
2395
2105
2106
2363
2739
2535
1990
1916
1929
2311
2162
1796
1203
967
1049
877
618
492
-35
-551
-822
-750
-844
-1253
-1551
-1665
-1864
-2085
-2168
-2172
-2066
-2081
-2442
-2404
-2096
-2070
-1898
-1696
-1728
-1773
-1527
-1109
-784
-654
-547
-384
-269
-68
298
594
535
439
611
1036
1101
919
924
1160
1129
1143
1084
1861
2256
1473
367
872
2799
3052
1393
98
1871
3357
2161
805
2085
3763
2016
-449
824
4132
4078
-54
-1770
1337
3890
1716
-1577
-1113
1136
766
-1691
-2087
-679
-947
-2567
-3312
-2464
-2101
-2993
-3705
-3422
-2958
-3528
-3884
-3592
-2909
-2590
-3033
-3384
-3078
-1969
-1350
-1775
-2133
-1606
-650
-496
-648
-184
562
746
461
914
1757
2177
1759
1865
2386
2973
3328
2563
2047
2597
4027
3566
2670
2126
2823
3530
2438
1607
2061
2849
1563
-91
382
1808
1695
-208
-2091
-1797
-157
51
-1573
-2934
-2768
-2180
-2332
-2660
-2645
-3003
-3129
-3015
-3101
-2550
-2127
-2569
-2975
-2273
-1488
-1580
-1728
-1133
-442
-343
-493
-262
384
893
753
654
959
1248
1191
1456
1833
1757
1317
1714
2859
2743
1643
731
2487
3994
3322
985
1100
3809
3720
1455
1333
4303
4372
557
-689
3090
6105
2807
-2191
-1035
3451
3936
-437
-2431
-74
1301
-1028
-3251
-1965
-922
-2634
-4519
-4264
-3011
-3571
-4870
-4943
-4220
-4166
-5065
-5237
-4550
-3622
-3361
-4209
-4551
-3650
-2088
-1763
-2564
-2504
-1215
-278
-652
-455
794
1546
1110
976
2244
3310
2962
2736
3605
4311
3911
3705
4293
4841
4755
4328
4389
4252
4134
4109
4355
3853
2755
2234
2712
2824
1965
835
246
318
400
-368
-1542
-1932
-1917
-1924
-2594
-3222
-3778
-3775
-3428
-3684
-4254
-4338
-3945
-4084
-3920
-3422
-3475
-3805
-3582
-2724
-2076
-2130
-2120
-1737
-1029
-675
-374
-174
214
420
564
1123
1321
1215
1387
1681
1772
1873
2613
3542
2772
1307
1190
3879
5223
3563
880
1974
5335
4708
1992
2397
5752
4951
451
113
5228
7795
2459
-2884
158
5490
4661
-1155
-2635
801
1867
-1577
-3671
-1691
-889
-3557
-5603
-4705
-3375
-4446
-6349
-6106
-5044
-5363
-6474
-6579
-5649
-4542
-4404
-5390
-5680
-4275
-2420
-2368
-3346
-2995
-1207
-472
-1025
-476
1208
1938
983
954
2920
4233
3396
2613
3983
5084
5413
4941
4121
4111
5363
6399
5204
4297
3676
5107
5164
3411
2802
4120
4205
1098
-357
1789
3318
1458
-1965
-3725
-1420
462
-942
-4013
-4583
-3556
-3503
-4269
-4132
-3839
-5037
-5334
-4780
-4216
-3344
-3633
-4500
-4064
-2561
-2498
-3186
-2320
-1034
-506
-1071
-1127
-210
998
1430
636
780
1703
2072
1619
1861
2757
2307
1970
3791
4299
2512
661
2782
6007
5603
1899
297
4776
6249
2844
996
5194
7441
1998
-2090
2683
9347
6605
-2875
-3829
4128
7371
1029
-4460
-1328
2388
-50
-5161
-4185
-1084
-2678
-6554
-7554
-5112
-4778
-7106
-8384
-6944
-6154
-7630
-8453
-8096
-6126
-5021
-5835
-7064
-6451
-3569
-2111
-3229
-3831
-1894
257
5
-520
1314
3446
3191
1886
3467
6019
6208
4464
5515
8032
7591
6017
6086
8365
8761
7249
6063
6905
7320
6215
5672
6230
5493
3397
2557
3447
3659
1851
-522
-1718
-956
-634
-2479
-5016
-5284
-4585
-4804
-5920
-7239
-7708
-7410
-6828
-7299
-8291
-7912
-7326
-6890
-6391
-5993
-6168
-6155
-4428
-3185
-3030
-3203
-2419
-1324
136
922
760
1364
2007
2744
3331
4229
4100
3671
3856
4428
4985
5159
7110
6597
3892
2408
5628
9673
8292
3227
1641
7366
9079
4411
2328
7369
9549
2374
-2373
3871
11617
7656
-4124
-5247
4351
8253
516
-6522
-3197
1319
-1506
-7201
-6544
-3250
-4972
-9036
-10367
-7809
-6992
-9376
-11014
-9902
-8499
-9233
-10546
-10245
-8105
-6328
-6926
-8479
-7823
-4581
-2512
-3134
-3696
-2010
315
547
643
2466
4299
4275
3386
4874
7524
7733
6201
6985
9294
9461
7581
7145
9355
10566
9105
7008
7316
8497
8278
6909
6022
5554
4665
3767
3166
2834
2082
480
-1312
-1877
-1787
-2537
-4498
-5453
-5409
-5917
-6888
-7961
-8325
-7990
-7657
-8123
-9035
-8780
-7840
-7162
-6968
-6898
-6584
-6103
-5017
-3859
-3131
-2694
-2116
-1125
-202
582
1705
2156
2209
2675
3826
4378
4614
4214
4596
5215
5234
4810
6449
8466
6072
2875
2885
8291
10526
6595
1171
3627
9335
7253
2325
4102
9748
6651
-1864
-1511
8548
12149
1466
-8269
-1907
8065
5607
-5250
-7774
-554
1168
-5667
-9744
-5471
-3095
-7516
-11573
-10197
-6884
-8322
-11669
-11370
-8250
-8122
-10860
-11319
-9188
-6479
-6107
-7690
-7962
-5933
-3251
-2446
-2835
-2101
-60
1244
975
1968
4118
5550
5093
4692
6409
8240
7965
7078
8628
10630
9941
7566
7721
10341
11256
9167
6983
7311
8385
8329
6440
5444
5462
5224
3332
1362
1445
1972
932
-2254
-4336
-3661
-2649
-4265
-6593
-7216
-6462
-6874
-8644
-9363
-7805
-7152
-9001
-10045
-8912
-6781
-6461
-7816
-7727
-6041
-4510
-3980
-4447
-3712
-1701
-660
-479
-212
1068
1946
2250
2218
3349
4407
4112
4008
4301
4729
4655
4574
5160
8073
7131
3136
942
5564
10866
9246
2491
-166
6901
9435
4765
2412
7382
9111
1203
-3409
4633
13673
8000
-6453
-6875
5777
10147
33
-8621
-3856
2800
-1166
-9005
-7446
-2373
-4580
-10195
-11464
-7662
-6735
-10358
-11837
-9460
-7928
-10628
-12153
-9819
-6699
-6106
-7913
-8828
-7159
-3704
-2154
-3038
-3654
-1685
683
820
701
2542
4971
5319
4100
4615
7526
8779
7470
7996
9647
9198
7688
8529
10804
10786
8570
6918
8082
8806
7664
6512
6113
5586
4370
2853
2721
2646
1673
-68
-2276
-2942
-2632
-3278
-5358
-6352
-5984
-6287
-7630
-8949
-8889
-7630
-6792
-8535
-10204
-8801
-6523
-6026
-6928
-6993
-6307
-5343
-4078
-3132
-2832
-2211
-870
-683
-133
1244
2123
2328
2185
3156
4022
4132
3866
4447
5186
5009
4473
4345
7685
8624
4504
828
4507
10783
10394
4246
92
6033
10319
6435
2142
6101
9987
3513
-3091
2429
12710
9930
-4505
-8576
3231
10522
2130
-8794
-6368
1052
-70
-7933
-9231
-4426
-5240
-9907
-11863
-9036
-7848
-10704
-12407
-10209
-8584
-10815
-11906
-10273
-7830
-6679
-7480
-8320
-7552
-4579
-2198
-2553
-3234
-1779
1075
1818
1336
2722
5014
5830
5104
5398
7699
8846
7831
7955
10556
10844
8292
7935
10113
12099
10164
7721
7372
8888
9025
6965
5915
6353
5731
3127
1665
2279
2938
1429
-2166
-4846
-3413
-2207
-4279
-7408
-7714
-6532
-7218
-9281
-10011
-8815
-7977
-8892
-10652
-10137
-8276
-7354
-7896
-7934
-6639
-6089
-5465
-4691
-3619
-2386
-1191
-1147
-1303
545
2578
2572
2109
2955
3720
3862
3834
5345
5866
4733
3953
4968
9008
9028
4214
853
5877
12258
10510
3375
1025
8306
10641
5911
3572
8475
10431
2319
-2714
4770
14228
8746
-6298
-7976
4517
10438
777
-9412
-6055
633
-1710
-8883
-9024
-5354
-7122
-11573
-12552
-9145
-8239
-11606
-13398
-11120
-9176
-10847
-12070
-10505
-7753
-6716
-7656
-8649
-7027
-3340
-1127
-2392
-3341
-1254
1946
3140
2758
3941
5521
5989
5897
7095
9713
9662
7901
8363
10834
11804
9316
8210
9836
11898
10803
8068
7020
7923
8963
7064
5102
5018
5395
3404
445
477
2156
1682
-2246
-6130
-5537
-3246
-3885
-7061
-8802
-8247
-7949
-9064
-10014
-9176
-8390
-9297
-10649
-10208
-8165
-6800
-7453
-7969
-6847
-5330
-4584
-3891
-2898
-1771
-565
-391
-331
965
2837
3561
3455
3405
3916
4682
5118
5578
5722
5656
5223
5447
8845
9033
4837
1600
6086
12081
10968
3400
490
8358
11414
5893
2463
7494
10120
1944
-3594
3999
13841
8143
-7618
-9340
4105
10493
-25
-10829
-7702
-389
-2059
-9209
-9503
-5951
-8079
-12246
-12932
-9265
-8521
-11769
-13192
-10858
-8761
-10255
-11099
-9801
-7118
-5767
-6081
-7317
-6227
-2354
373
-458
-1940
-231
3088
4411
3976
4966
6270
6657
6560
7759
9729
9615
8348
8878
11243
11588
8839
7709
9839
11339
9788
7075
5805
7361
8021
5894
4099
4133
3917
1851
-577
-607
902
98
-4174
-7392
-6087
-3906
-4830
-8556
-9574
-8440
-8140
-9774
-10206
-8609
-8243
-9251
-10472
-9032
-6722
-5830
-6534
-6518
-5097
-4486
-3726
-2115
-569
-192
-8
215
1138
2779
4348
4182
3321
3805
4738
5556
5726
5664
5269
5086
4992
6345
9435
7770
2932
1368
7662
12335
8737
1176
1647
9527
9704
3853
3003
9330
8762
-833
-3587
6609
14513
4597
-10168
-7272
5920
8514
-3068
-10574
-5566
-1208
-5078
-10186
-8307
-6322
-9625
-12859
-12415
-9580
-9901
-12192
-12233
-10359
-9906
-11259
-10913
-8913
-6591
-5518
-6453
-7081
-5237
-1367
568
-639
-1451
965
3749
4072
4331
6002
6792
6521
6699
8989
10499
9491
8177
9637
11336
12034
10307
8562
9304
11006
11283
8983
7708
6721
8593
7614
4900
3736
4617
4124
506
-1570
-556
1108
-1167
-5468
-7760
-5867
-4837
-6428
-8519
-9121
-9143
-9917
-9901
-8607
-7945
-10046
-11411
-10045
-7546
-5738
-7246
-8245
-6701
-4556
-3826
-3805
-2687
-1163
-438
-297
201
1680
3594
3634
2949
2956
4091
5326
5096
5040
5064
5489
4757
6652
9196
6653
2174
2360
9187
12378
7738
887
3800
10160
8214
3280
5703
11261
6283
-3335
-1019
11210
14180
400
-11066
-2782
9009
6432
-5740
-9294
-2926
-740
-6331
-10059
-6832
-6030
-10092
-12990
-11088
-8583
-10297
-12837
-12004
-9462
-9475
-11249
-11420
-9273
-5569
-4206
-6438
-8217
-5140
-30
1146
-1121
-1658
1365
3820
3750
4328
6062
6459
5116
6015
9064
10370
8111
6800
9331
11380
11329
9237
8484
8545
9890
10419
9079
7208
5543
6968
6945
5132
3215
3460
3254
454
-1526
-1235
151
-1442
-5044
-7508
-6495
-5145
-5899
-7698
-9154
-9316
-9667
-9214
-7592
-7265
-9507
-10958
-9044
-5983
-5072
-6535
-7190
-5798
-3935
-3048
-2480
-1199
48
-11
335
1689
3465
4498
3974
3375
3761
5511
5969
5091
4566
5319
5880
5200
7692
9111
5502
1272
3302
10452
11905
5726
71
5061
10405
6678
2484
6492
11163
3908
-5363
-159
12871
12430
-3873
-11937
-1139
8869
3454
-8296
-8802
-2523
-2494
-8648
-10470
-6911
-7152
-11357
-13733
-11469
-9401
-11179
-12813
-11835
-9823
-9436
-10722
-10856
-8732
-5300
-3498
-5404
-6948
-4169
660
1513
-210
76
2973
4588
4080
4999
7220
7516
6108
7098
9661
10691
8097
7429
10276
11847
10786
8386
8493
9346
10277
9358
8174
7494
6557
6680
5970
4742
3595
3572
2635
88
-1376
-1143
-454
-1748
-4726
-6972
-6867
-5932
-6139
-7058
-8391
-9368
-10365
-9539
-7282
-7079
-9607
-11296
-9224
-6357
-5283
-6761
-7700
-5552
-3428
-3027
-3196
-1988
-532
-33
543
1367
2390
2975
3176
3456
3815
5049
5313
4412
4450
5235
5402
5483
8612
8540
4112
435
4843
11902
11303
3584
45
7052
10321
5204
2218
8605
11693
2329
-5471
2518
14738
10969
-5703
-10211
1892
9131
1662
-8326
-6542
-1014
-3067
-8839
-9139
-5803
-7143
-11342
-13192
-10834
-9310
-11137
-12487
-11634
-9862
-9553
-10847
-11289
-9474
-5428
-3613
-6335
-8153
-4584
672
740
-1504
-788
2513
3699
3092
4039
6188
6737
5365
6728
9607
9910
7402
7193
10284
11561
10173
8997
9050
9035
9114
9768
8851
7670
6393
6495
6458
5338
3899
4231
4302
870
-1674
-1492
811
454
-3176
-7199
-7653
-4649
-3525
-5905
-8693
-9244
-8958
-7959
-7066
-7050
-9118
-10430
-8895
-6550
-5258
-6086
-6956
-5933
-3553
-2585
-3114
-2969
-1070
57
347
478
1244
1891
2607
3224
3076
3559
3715
3393
3694
4209
4280
4171
6167
8035
5174
1224
1844
8516
11651
7260
599
2953
9267
8098
3278
5011
10991
6800
-3432
-2435
10306
14780
1740
-10450
-4119
8096
7160
-4330
-8542
-2920
-905
-6296
-9712
-6507
-5218
-9064
-12661
-11197
-8308
-8898
-11402
-11547
-9271
-8326
-9514
-10256
-8803
-5964
-3520
-4457
-6733
-5051
-631
1417
205
-452
1384
3747
4179
4182
5442
6321
6349
6316
7711
9100
8252
6908
8020
10458
9444
8563
8801
8455
7794
7449
8223
8137
7046
5023
4549
4698
3647
3597
3469
1245
-2046
-3421
-1393
-329
-2100
-6214
-9209
-8167
-4688
-4290
-7797
-10207
-10529
-8904
-7226
-6804
-8682
-10748
-9596
-7031
-5419
-5951
-6395
-5922
-4250
-2347
-2273
-2574
-1668
407
1537
1915
2638
2686
3261
3973
4770
5199
5327
4393
4188
5575
6447
5946
5357
8210
8300
4595
1491
5663
11759
11223
4351
915
6847
10217
6712
3908
8174
9616
1763
-3674
4009
13919
8755
-6321
-9002
2915
8501
129
-9020
-6897
-2152
-4679
-10147
-9688
-6610
-8865
-12723
-13307
-10501
-9530
-12083
-12932
-10951
-9661
-10469
-10722
-9728
-8026
-5625
-4866
-5880
-6104
-3508
-47
640
-664
147
3048
4619
4320
4528
6285
7671
7258
7159
8555
9333
8424
8622
10284
10415
8778
9714
10605
9181
6902
7712
9958
9226
6464
3871
5390
5618
4298
2781
2596
805
-2173
-2371
-1241
-774
-2896
-6872
-9546
-7208
-3795
-5018
-9151
-11585
-10084
-7185
-6561
-8336
-10235
-10105
-7738
-6518
-7109
-6570
-5370
-5258
-4510
-3026
-2306
-1570
-532
-89
525
1896
2657
2771
3049
4071
4362
4431
4696
4779
4817
5057
5917
5384
7162
8401
5730
2232
3973
9823
11656
6841
1213
4859
9722
8367
4564
6342
10013
5751
-2175
526
11519
12618
-670
-10130
-1502
8343
5073
-6628
-8814
-2754
-2210
-7239
-10192
-7435
-7574
-11020
-13089
-11239
-9447
-11065
-12609
-11623
-10118
-10397
-10773
-9915
-8373
-6994
-5445
-5442
-6079
-4725
-1094
693
-467
-887
1642
4105
4001
3519
4803
7029
7498
6679
7427
9085
9229
8458
9108
10078
9814
9568
9962
9319
8021
7508
8671
8939
7246
5037
4704
5127
4503
3580
2215
259
-1872
-2133
-1023
-1689
-3951
-6977
-8133
-6358
-4820
-5803
-8602
-10254
-9484
-7375
-6611
-7591
-9378
-9482
-7460
-5909
-5829
-6002
-5329
-4439
-3687
-2809
-2356
-1528
-6
513
268
943
2410
3225
3282
3108
3333
3827
4240
4704
4639
4227
4643
4372
5745
8531
6902
2991
1898
7261
11337
9094
2473
2204
8405
9676
5544
4565
9135
8385
507
-1857
7725
13729
4656
-8485
-5353
6564
7776
-2664
-9664
-5102
-1406
-5006
-9652
-8276
-7048
-10233
-12632
-11950
-9225
-9609
-12037
-12340
-10970
-9722
-9474
-9404
-9277
-8199
-5826
-4890
-5426
-5209
-2161
711
-238
-1244
873
4143
4326
3452
4228
6769
7937
6567
6777
8684
9820
8683
8242
9122
9942
10087
9814
9150
7943
7706
8337
8746
7486
5851
5026
4570
4146
3657
2773
623
-1355
-2191
-1300
-1456
-3526
-6032
-7510
-6784
-5170
-5845
-8081
-10069
-9879
-7849
-6496
-7231
-9385
-9627
-7946
-5985
-5793
-6068
-5709
-5343
-4141
-2805
-1819
-1702
-1064
117
514
856
2056
2872
2842
2854
2928
3599
4212
4502
4568
4488
4876
4309
5598
8238
6893
3154
2272
7421
11263
9014
2814
3472
9058
9284
5076
4860
9752
8600
575
-1845
7548
13900
4845
-8002
-5326
6160
7756
-2256
-9270
-5254
-1125
-4463
-9263
-8542
-7007
-9488
-12304
-12213
-9375
-9513
-12062
-12610
-11038
-9642
-9306
-9095
-9035
-8074
-5982
-4652
-4983
-5118
-2572
416
-127
-979
959
4121
4293
3151
3853
6554
8119
6757
6296
7865
9256
8733
8258
8591
8783
9829
9417
8080
7153
7802
8656
7728
6081
4849
5374
4634
3393
2955
3049
1014
-1932
-2176
-417
-491
-3395
-6814
-7983
-5574
-3777
-5293
-8610
-10045
-8879
-7196
-6601
-7031
-8214
-9067
-7924
-6094
-5310
-4756
-4830
-5403
-4518
-2509
-1045
-1046
-842
241
607
1106
2326
3588
3512
3122
3242
4023
4809
4457
4025
4428
5296
4502
5523
8137
6861
2854
2103
7506
11146
8423
1983
2902
8758
9058
4913
4364
9138
8199
370
-1427
7606
13640
4150
-8632
-5403
5737
7239
-2783
-9237
-5269
-1750
-5183
-9391
-8314
-7617
-10346
-12922
-12242
-9871
-9996
-12025
-12759
-11343
-9930
-9499
-9442
-9015
-7972
-5964
-4627
-5030
-4641
-2101
309
97
-439
1604
4206
4743
4254
5202
7252
8132
7270
7229
9055
9805
9275
9018
9416
9826
10123
10026
9360
8008
7858
8511
8295
6866
5661
5187
4475
3489
2741
2408
564
-1745
-2899
-1773
-1877
-3988
-6863
-8238
-7396
-5562
-5722
-8845
-11128
-10532
-8073
-7299
-8528
-9953
-9712
-8472
-7236
-6728
-5986
-4866
-5143
-5292
-3599
-1161
-874
-1379
-462
852
1562
2340
3581
3786
3338
3524
4759
5673
4647
4316
5375
6269
4881
6139
9256
7753
2832
1883
8691
12750
8107
814
3502
10701
9663
3786
4845
10658
8490
-871
-1801
9179
14526
2996
-9248
-4032
7565
7419
-4074
-9154
-4194
-1231
-5861
-9662
-7557
-6836
-10087
-13236
-12056
-9712
-10125
-12251
-12810
-11070
-10219
-10037
-10217
-9471
-7484
-5569
-5374
-6170
-5165
-2352
79
-447
-853
1370
3621
3290
3172
4950
6933
7074
5957
6713
8561
9124
8559
8752
9150
9148
8729
9127
9214
8231
7425
7725
8014
7225
6094
5077
4710
3801
3200
2380
983
-446
-1154
-1101
-1596
-3327
-4772
-5787
-6494
-5753
-5133
-6414
-9372
-9886
-7003
-5034
-6385
-9175
-9273
-7062
-5718
-6301
-6234
-4767
-4305
-4695
-3900
-1533
-353
-714
-824
123
969
1825
2742
2932
2788
3209
3915
4449
4174
4071
4687
5032
4140
5683
8245
6168
1301
1564
8764
11835
6630
-100
3568
9555
7563
2848
5812
10727
5893
-2855
-1060
11050
13643
137
-10415
-3323
7639
5477
-5315
-8557
-3337
-1993
-6792
-9030
-6345
-6442
-10785
-12791
-10555
-8583
-10105
-12127
-11474
-9334
-8947
-9864
-9879
-8633
-5774
-3919
-4401
-5430
-4246
-1044
1016
706
613
2599
3813
3399
4263
6496
7848
6941
5935
7218
9058
9008
8504
9098
9327
8730
8259
8996
9789
8486
6538
6669
7513
6883
5895
4365
3874
3317
2915
1947
485
-500
-904
-1551
-3131
-3777
-4581
-5450
-6898
-7031
-5923
-6241
-8807
-10395
-8039
-5685
-6477
-9245
-9424
-7296
-5789
-6096
-6514
-5104
-4204
-4174
-4048
-2089
-678
-606
-618
-121
1259
2546
2962
2600
2806
3737
4436
4381
3613
4122
4858
4807
4112
4644
7985
7782
3283
187
5303
11114
10012
2823
859
7218
9475
5228
3494
8951
9608
1952
-3471
4299
13814
8785
-5511
-8318
2797
8150
661
-8056
-6038
-1363
-3928
-9084
-8875
-5887
-8366
-12448
-12986
-10211
-9078
-11617
-12633
-10846
-9187
-9611
-10405
-9594
-7335
-5314
-4454
-4877
-4978
-3549
-915
723
934
1535
2713
2990
3012
4875
7524
7979
6180
5435
7415
9190
9231
8500
8644
8554
8321
8726
9750
9217
6566
5947
7478
8324
6729
4374
3757
4225
3680
2613
1427
910
-700
-2029
-2676
-1969
-2255
-4527
-7025
-7505
-4741
-4004
-6752
-9814
-9264
-6228
-5084
-7332
-9109
-8175
-6315
-5599
-5796
-5247
-4604
-4679
-4050
-2572
-932
-622
-1023
-794
436
2436
2955
1887
988
2705
4682
4191
2998
2976
3949
3988
3714
3558
5313
7507
5327
1860
1624
6637
10061
8036
2408
2443
7588
8625
5214
4548
8997
8751
1684
-1738
6268
12989
6591
-5713
-5359
4225
6268
-1263
-7005
-3733
-1773
-5741
-9436
-7393
-5453
-9140
-12858
-12520
-9221
-9051
-11850
-12471
-10700
-9635
-10170
-9775
-8515
-7379
-5946
-4808
-4140
-4386
-3427
-669
1082
1515
1764
2437
2838
3713
5847
7705
7695
5532
5403
8014
10211
9770
8301
8440
9316
9586
10030
9345
7524
6985
8344
8615
7196
4946
4383
4931
4041
2799
1675
896
-1174
-2345
-2621
-1882
-2962
-5576
-8238
-8587
-5866
-4873
-7261
-11037
-11006
-7864
-5700
-7608
-10099
-9730
-7970
-6377
-6628
-5939
-4936
-4863
-5184
-3907
-1122
-484
-1152
-1176
308
1844
2567
2879
2705
3073
4304
4838
4341
4354
4960
4808
4939
4688
5729
8277
7302
3686
2706
7571
10944
8793
3820
4225
8763
8912
5429
6262
10501
8544
1368
-964
7415
13272
5914
-5748
-4686
4920
6323
-1495
-7155
-4111
-1908
-5805
-9293
-7598
-6385
-9951
-13128
-12498
-9622
-9901
-12471
-12502
-10691
-10164
-10950
-10524
-8960
-7555
-6615
-6041
-5398
-4714
-3336
-1145
12
233
1162
1808
2080
3464
5744
7109
6717
5615
6235
8397
9741
9458
8668
8382
9576
10642
10095
8216
7449
8790
9840
8655
5805
5292
6270
6037
3616
3254
2883
924
-2009
-2534
-128
-72
-3786
-8282
-8244
-6083
-4487
-5672
-8649
-10610
-10266
-7983
-6217
-6802
-9356
-10136
-8758
-6829
-5826
-5632
-5443
-5158
-4650
-3827
-1952
-1078
-672
-214
418
1157
1799
2445
2966
3596
4044
4035
3804
4042
4540
5519
5399
5334
7339
7450
4798
2760
6091
10957
10539
4536
2471
7535
9887
7024
5266
8869
9765
3332
-1476
4813
13515
9477
-3841
-7235
1916
8183
2169
-6511
-6081
-2552
-4314
-8665
-7987
-5988
-8583
-13288
-13493
-9983
-8975
-11965
-13621
-11743
-10046
-10428
-11507
-10769
-8282
-5703
-5223
-6284
-6382
-4204
-1070
422
80
586
2094
2832
3051
5022
7722
7848
6090
5929
8191
9997
9463
9120
9749
10241
9977
9726
9346
8634
8460
9177
9524
7429
4962
4546
5886
6319
4180
2159
627
-1007
-1571
-542
189
-2390
-6467
-8347
-7314
-4938
-4744
-6725
-9312
-10847
-9744
-7530
-6287
-7546
-9800
-9915
-8056
-6365
-6178
-5289
-4470
-4463
-4569
-3559
-1555
-523
110
604
975
991
1404
2307
3597
4368
4216
3314
3108
3419
4740
5986
7984
7916
4436
758
2839
9657
12091
8043
1752
3226
7748
8048
6192
8487
10685
4713
-2593
545
11608
14303
2450
-7807
-2929
5901
5499
-1931
-4732
-2441
-3356
-7321
-7760
-4796
-5610
-10290
-12758
-10722
-8466
-9936
-12370
-11555
-9178
-8984
-10021
-10984
-10347
-7385
-4137
-3393
-5505
-6498
-4099
-358
1316
937
1191
1903
2100
3284
5705
7465
6426
4789
6052
8458
8702
7217
7572
9234
9539
9139
7731
6468
6472
7798
8599
7645
5527
3206
3457
4256
4724
4458
2245
-1124
-3032
-1786
1060
601
-2677
-6687
-7987
-5694
-3319
-3713
-6312
-7951
-8220
-7308
-6528
-5721
-5512
-6646
-7372
-6630
-5064
-3672
-3432
-3675
-2959
-1909
-1796
-2028
-1017
859
1872
2003
1198
608
1804
3197
4330
3594
2086
2043
2996
3658
4527
7115
6618
2920
-435
2708
9167
10259
4953
1676
5513
7358
4821
4476
9685
10934
2762
-3407
2587
12985
11309
-911
-5818
1137
6384
1791
-4235
-2733
76
-3766
-8892
-7780
-4173
-6077
-11012
-12055
-9346
-8123
-10858
-12511
-11276
-9351
-8988
-9659
-10397
-10198
-7788
-4708
-3384
-4492
-5258
-3514
-950
426
1400
2427
3026
2425
3235
6066
7889
6521
4737
6511
8824
8669
7200
7437
9357
10099
8478
6775
6808
7868
8319
7268
5726
5145
4984
4121
3741
4097
3887
1641
-1602
-2062
538
1437
-1613
-5752
-6469
-4308
-3344
-4744
-6555
-6999
-6943
-6662
-6831
-6828
-6696
-6960
-7001
-6587
-6165
-5221
-4615
-4038
-3716
-3470
-3066
-2708
-1732
-968
-101
199
410
765
1275
1947
2392
2711
2525
2081
2177
3183
3590
4211
6177
5768
2888
1081
4755
9313
9079
3989
2623
6936
8307
5776
5331
9664
9688
3265
-1028
5485
13726
9871
-1771
-4421
3632
7537
2141
-3670
-2107
227
-2938
-7212
-6296
-3939
-6374
-10759
-11791
-8929
-8142
-10768
-11837
-10858
-9690
-10091
-10037
-9646
-9213
-7701
-6536
-5483
-5497
-4756
-2588
-1400
-1212
-364
1627
2381
1971
2598
5066
6764
5500
3887
5259
8223
8750
7187
7180
8726
8287
6480
6211
7870
8737
7785
5651
4636
4830
4856
4997
5053
4188
1383
-751
-478
1737
2332
-362
-4263
-6204
-4340
-2491
-2957
-4920
-6330
-6343
-6730
-6214
-5251
-4650
-6149
-7904
-7338
-4911
-3945
-5076
-5331
-3623
-1978
-2792
-3774
-2406
199
839
-134
-575
641
1586
1747
2192
2588
2727
1821
1747
2748
3410
4466
6186
5519
2328
704
4563
9128
8881
3951
2270
5956
6955
4621
5816
10970
9907
1311
-2412
6196
14300
9701
-2152
-4597
2805
6191
2303
-2029
-1444
-1184
-4772
-6987
-4672
-3438
-7411
-11229
-11190
-9051
-8486
-10330
-11741
-11309
-9956
-9328
-10122
-10923
-9760
-6377
-4262
-5431
-6749
-5577
-2239
-236
-159
503
1790
1940
1790
3888
6508
7107
5672
4985
6179
7054
7600
8306
9268
9017
6859
5960
6649
8476
8066
6952
5949
5283
4545
3311
3547
4616
4978
1435
-1959
-2170
493
2273
333
-3794
-5574
-4541
-3701
-3864
-4286
-4447
-5393
-7198
-7130
-5294
-4047
-4345
-5810
-6543
-5742
-4348
-3798
-2975
-2723
-3090
-3189
-2552
-1790
-939
-57
682
886
213
-452
258
1768
2943
2760
1477
688
1353
2571
4404
6690
5458
1875
-44
3755
8456
8978
4986
3177
5455
6178
5068
6883
10947
9400
2163
-1142
5634
12451
9657
-273
-3319
1731
5015
2488
-1672
-1935
-1498
-3087
-5815
-6421
-6104
-7075
-8727
-10209
-10246
-9887
-10775
-12077
-11480
-9329
-8722
-10499
-12230
-10595
-6342
-4063
-5023
-6312
-5506
-2969
-1256
279
1685
2408
2048
2100
4538
6180
6403
6271
6830
7784
7418
6817
7594
9631
10091
7431
5246
5650
7251
7525
7034
6634
4762
2655
1968
3867
5474
3540
-707
-2683
-842
869
355
-2005
-4069
-4458
-3982
-3839
-4070
-4690
-4954
-4953
-5595
-6141
-5794
-5070
-4549
-4239
-4413
-4013
-4160
-4413
-3297
-944
-206
-1904
-3016
-2083
171
1143
956
1222
1362
501
-587
368
3006
4110
2253
-119
545
1868
4135
6018
4781
1917
-212
2368
6433
8095
4914
3002
3939
4708
4814
6593
9572
7629
1776
-355
6233
11264
7093
-1239
-1792
4028
5151
458
-3273
-1141
323
-2661
-6040
-5753
-4617
-7070
-9701
-9277
-7691
-8371
-11436
-12417
-10469
-8214
-8149
-10125
-11001
-10063
-7056
-4801
-4596
-5414
-5090
-2783
-1067
166
883
1774
2804
3367
4118
4977
5843
5980
6774
7596
7625
7168
6963
8677
9338
7462
5684
6291
7143
6646
5783
5648
5624
3794
1770
2317
4383
3870
228
-2410
-1483
642
676
-2060
-4289
-4666
-3389
-2373
-3321
-5094
-5294
-4410
-3734
-4217
-5288
-5461
-4952
-3924
-3511
-3202
-3366
-3641
-2909
-1789
-911
-1343
-1761
-1150
-341
364
488
750
854
896
690
698
1351
1049
712
821
1393
1420
2266
3415
2793
1293
1217
3535
5492
5122
2868
3213
5275
5100
3960
5541
8257
6178
1653
2025
7615
10363
4827
-1690
-278
4711
5510
1343
-2312
-1561
-194
-1528
-3556
-4529
-5181
-6653
-8082
-8543
-7890
-7930
-9791
-10687
-9917
-8655
-8405
-9565
-9810
-8572
-6383
-5501
-5159
-5064
-4330
-2720
-1309
255
840
993
1467
3089
4687
5271
4941
4834
6017
7455
7287
6326
6694
8140
8838
6650
4827
5382
7028
6801
5381
4177
3374
3203
2520
3104
3381
1622
-1327
-2037
-298
1376
255
-2452
-4502
-4388
-2873
-2184
-2764
-4163
-4934
-4673
-3765
-3402
-3829
-4278
-4291
-3794
-3506
-2630
-2351
-2702
-2543
-1405
-112
-851
-2015
-1438
897
1897
610
-811
-381
914
1479
1027
397
485
561
12
860
1682
3128
3355
1102
-475
1316
5095
5749
3761
1016
3280
5790
5127
3757
5997
8074
5202
1190
3074
9649
10778
3576
-2281
999
5940
4963
155
-1308
594
107
-3125
-4229
-2798
-3213
-6316
-8820
-8514
-6973
-7318
-9490
-10372
-8968
-8217
-9181
-10357
-9272
-7441
-6323
-6278
-6096
-5221
-4376
-3238
-2009
-730
-126
477
1286
2450
3290
3799
4443
5339
5767
5682
6024
6689
6796
7110
7187
6739
5621
5649
5993
6221
5547
4322
3463
3216
3219
3253
3233
1305
-286
-547
643
933
-54
-1789
-3188
-2560
-1692
-1594
-2804
-4078
-3669
-2875
-3034
-3764
-3891
-3526
-2975
-2933
-3046
-2370
-2366
-2259
-1908
-991
-991
-1747
-1954
-1391
306
776
505
-703
-1082
129
995
943
-91
-335
96
51
-391
-127
3074
3481
511
-2450
-54
4893
6050
2681
-137
2884
4783
4047
3939
7245
7773
2814
-894
3602
11100
10414
1915
-2728
1546
6357
5226
563
-1136
-309
-475
-2130
-2898
-2550
-3627
-5462
-6829
-6680
-5905
-7222
-8948
-8572
-7142
-6930
-8593
-9230
-8023
-5837
-4555
-4806
-4817
-4869
-3623
-1846
-284
506
179
511
1614
3173
4084
4258
3916
4067
4983
6156
6889
6664
6391
5975
5465
5635
6321
6034
5059
3865
3672
3861
3496
2747
2609
2809
935
-1204
-1161
660
453
-1546
-3291
-3310
-2233
-2684
-3577
-3986
-3585
-3675
-4151
-4155
-3767
-3677
-3953
-3659
-3182
-2982
-2877
-2534
-2315
-1884
-1326
-843
-753
-736
-541
-487
150
679
1059
631
-122
-213
188
1292
1759
1222
373
-201
-726
1144
4289
3992
345
-2375
780
5636
6396
2533
1217
3282
4077
3036
5088
8962
7428
1079
-1005
6105
12165
8185
-558
-1354
3978
6627
3054
-631
-403
320
-1270
-2797
-2350
-2625
-4674
-6943
-6812
-5314
-5549
-8119
-9685
-8041
-5977
-6450
-8770
-9577
-7788
-5299
-4518
-4838
-4962
-4535
-3431
-1724
330
861
38
-143
1686
3510
3452
3485
4293
5131
4549
4258
5770
6994
6408
4627
4073
5710
6102
4617
3233
4163
4961
3465
996
797
3134
2800
-210
-2661
-1485
231
-160
-2561
-3318
-2411
-2367
-3177
-3891
-3190
-3239
-3727
-3891
-3126
-2911
-3573
-3117
-1993
-1124
-1750
-2396
-1496
-234
316
91
-183
36
937
1555
1582
1119
622
1705
2535
2172
748
276
1165
2241
1953
965
-74
265
2954
2849
1245
-642
942
3247
3578
1268
1607
4268
3278
243
1775
7442
7217
710
-2594
3475
9892
7019
-1663
-2737
2337
4302
1145
-1836
-1178
-63
-2561
-4872
-3170
-1977
-4115
-7513
-8029
-5669
-4606
-7346
-9686
-8525
-5738
-5712
-7693
-8508
-6531
-4126
-4229
-4065
-2985
-2324
-2404
-1687
823
2379
1855
936
2235
4509
5038
4550
4166
4921
6465
6757
6295
5702
5661
6288
5728
5167
5177
4867
3742
2776
3259
4119
3309
945
161
880
1256
96
-1201
-1873
-2042
-2069
-2303
-2116
-2753
-3587
-4266
-3776
-2745
-2759
-3518
-4275
-3727
-3298
-3174
-2849
-2410
-2432
-2832
-2380
-1450
-594
-671
-700
-116
336
504
143
432
1057
1283
1360
1528
1584
1260
1384
1615
2232
2088
1550
-20
699
3696
3651
1522
-556
1395
4012
4524
1642
1462
3483
3212
2006
3178
6871
5856
1088
-1251
3761
8594
6139
-728
-2581
1189
3926
2199
-1375
-2237
-1467
-2293
-3347
-3119
-3004
-4401
-7021
-7663
-5685
-4290
-6570
-8857
-8448
-5825
-4885
-6689
-7335
-6477
-4292
-3723
-3662
-2937
-2470
-1926
-1104
559
1550
1390
1405
2576
4007
4214
3892
3766
4418
5440
6202
5763
4482
4556
5248
5107
4527
4526
4233
3660
2721
2453
3328
3187
1575
639
923
562
-331
-891
-1013
-1561
-1520
-1907
-2318
-2975
-3683
-3290
-2669
-2761
-3592
-3648
-3459
-3121
-3346
-3321
-2706
-2514
-2881
-3113
-1962
-894
-604
-1227
-1518
-498
1127
1317
553
324
675
1069
1271
1830
2023
1202
797
1193
2616
2997
2007
767
484
3196
4083
2417
-31
1144
3640
4249
2262
786
2992
3495
2301
2045
5323
5614
2002
-460
2554
7155
6172
883
-1836
778
2927
2555
127
-1547
-1712
-2120
-2763
-2679
-2488
-3703
-5852
-6881
-5974
-4197
-5046
-7272
-7701
-6640
-5655
-6550
-6534
-6116
-4973
-4333
-3711
-2615
-2845
-2460
-1343
773
1062
417
648
1748
3096
3446
3391
3546
3673
3989
5042
5769
5187
4046
3597
3975
5043
4418
3978
2876
2954
3350
2971
2428
1926
2184
1034
183
-125
473
21
-1264
-2011
-1451
-750
-1845
-3113
-3355
-2353
-1848
-2658
-3535
-3438
-2876
-3101
-3030
-2339
-1718
-2298
-3150
-2762
-1184
158
-613
-1608
-1179
250
1200
1060
617
737
781
618
878
1966
2005
1271
385
1059
2397
2441
1031
64
2165
3018
1780
-399
1166
3343
3689
1764
501
2630
3066
1961
2022
5002
4434
1115
-142
2994
6359
4412
0
-1550
649
2293
2227
189
-1522
-2111
-2447
-2266
-2234
-2803
-4013
-5320
-6052
-5447
-4203
-4611
-6211
-7000
-5872
-4925
-5451
-5766
-5136
-4283
-3352
-2582
-2012
-1840
-1470
-288
1228
1454
1052
1657
2617
3371
3029
3187
3962
4242
4435
4698
4749
4642
4471
4349
4241
4822
4455
3388
2722
2902
3746
3325
1543
539
1706
1359
40
-477
165
120
-1606
-2931
-2729
-1409
-2411
-3867
-3954
-3738
-3588
-4040
-3926
-3462
-3644
-4775
-4542
-3257
-2554
-2647
-3268
-2978
-2168
-1401
-974
-829
-303
208
538
666
1088
1379
2011
2254
2189
2128
1911
2090
2696
3151
3088
2593
1933
1832
3233
4539
3653
1408
1486
3508
4315
3575
1920
2401
3019
2428
2322
4358
5153
2671
44
1276
5024
4942
1211
-1737
-435
997
968
-1
-1955
-2571
-3166
-3316
-3249
-3397
-4345
-5719
-6511
-6442
-5410
-5423
-6496
-7171
-6712
-5828
-5950
-5949
-5562
-4684
-3617
-3266
-2562
-2388
-1608
-853
433
1073
819
1592
2119
3216
3471
3543
3715
3688
4484
5443
5196
4247
3844
4507
4954
4666
4197
3446
3295
2852
3023
3514
2914
1868
1244
1058
798
861
441
-103
-377
-1160
-1672
-1912
-2030
-2074
-2176
-2986
-3671
-3399
-3184
-3151
-3448
-3394
-3365
-3348
-3329
-3109
-2458
-2454
-2271
-2147
-1324
-841
-573
211
349
785
710
883
1412
2053
2060
1961
1677
1582
2335
2905
3089
2452
1540
1016
2203
4105
3833
2077
819
1782
3754
4383
2792
1803
2417
2200
2168
3324
4060
2522
742
919
2662
3545
2124
-186
-803
-330
515
184
-1664
-2746
-2765
-2586
-3058
-3589
-4402
-4817
-4995
-5553
-5438
-5279
-6054
-6663
-6305
-5410
-5259
-5406
-5203
-4484
-3165
-2254
-1724
-1601
-1332
-804
555
1306
1404
1656
1696
2252
3141
3642
3605
3749
4029
4387
4576
4521
3790
4097
4101
4230
4119
3215
2506
2604
3475
2688
1821
1175
1189
1167
286
-160
-202
-562
-1491
-2008
-1657
-1301
-2349
-3417
-2916
-2243
-2860
-3658
-3221
-2949
-3544
-3633
-2681
-2282
-2619
-2848
-2668
-1959
-1586
-1533
-1236
-149
82
226
495
1051
1428
1352
1504
1858
2333
1964
1797
2004
2600
3023
2958
2258
1476
2194
3138
3884
3025
1966
1883
2879
3649
3320
3277
2862
2101
1675
2896
4229
3747
1703
749
2102
3557
2800
736
-288
62
445
207
-734
-1945
-2832
-2937
-2473
-2897
-4026
-5449
-5450
-4875
-4842
-5341
-6196
-6460
-6184
-5774
-5413
-5471
-5875
-5804
-4803
-3269
-2144
-2446
-2916
-2168
-439
491
337
455
1051
1595
2714
3474
3244
2852
3546
4242
4790
4266
3134
3533
4212
4065
3504
3889
3710
2764
2151
2880
3739
3100
1368
186
949
1665
1480
539
-585
-912
-839
-533
-1061
-1899
-2242
-2313
-2392
-2412
-1920
-1904
-2411
-2808
-2707
-1990
-2012
-2357
-2498
-1798
-1138
-1175
-1283
-973
-95
86
121
-52
56
538
853
1354
1516
1128
1112
1270
941
1294
1852
1736
1300
1042
1254
1861
2483
2614
2331
1718
1495
2247
2610
2585
2108
2131
2427
2714
2599
2306
2198
2202
2220
1355
311
-158
673
813
59
-966
-1685
-2018
-1932
-2131
-2602
-3263
-4324
-4704
-4111
-3535
-3817
-4686
-5314
-5026
-4398
-4180
-4202
-4148
-3889
-3337
-2525
-1922
-1260
-1118
-930
-400
95
1120
1302
1684
1906
2370
2945
2874
3003
3133
3617
3841
3702
2526
2184
3396
3865
3087
1963
2204
2749
2433
1784
1228
1296
886
221
223
211
-258
-984
-1014
-953
-1140
-1615
-2139
-2217
-2577
-2460
-2412
-2306
-2537
-2607
-2387
-2232
-2039
-1981
-2253
-2059
-1961
-1637
-1511
-1195
-602
-407
86
455
957
695
619
1189
2085
2090
1575
1572
1947
2548
2205
1882
2531
3187
3117
2562
2407
2537
2839
3430
3545
3120
2446
1879
2205
3214
3897
3073
1700
1322
1795
2105
2025
1281
748
-29
-460
-131
-346
-810
-1350
-2052
-2761
-3454
-3386
-2939
-3476
-4891
-5170
-4637
-4635
-4853
-5018
-4876
-4940
-5421
-4916
-4267
-3994
-4051
-4113
-3343
-2450
-2421
-2261
-1426
-870
-178
483
957
1162
1494
1608
2623
3084
3099
3068
2842
3147
3790
4129
3696
3620
3107
2842
3184
3422
3119
2632
2317
2324
2694
1909
1725
1663
1511
1347
465
-51
-161
-106
-32
-588
-1117
-1203
-1479
-1561
-1829
-1476
-1382
-1745
-1927
-1584
-1216
-1456
-1613
-1608
-1373
-1396
-1723
-1831
-1291
-815
-390
-373
-147
199
396
284
270
824
961
957
334
569
1679
2079
1591
1204
2076
2693
2280
1071
951
1996
2503
2240
1136
1539
2159
1977
1780
1703
1841
1640
1198
503
489
606
703
152
-353
-281
-564
-1197
-1617
-1731
-1923
-2280
-2764
-3049
-3209
-3083
-3107
-3301
-3649
-3626
-3738
-3470
-3375
-3333
-3528
-3347
-2497
-2481
-2574
-2547
-1909
-1039
-1012
-607
144
256
52
539
1845
2361
1903
1493
1830
2613
3214
2672
2561
3319
3241
2379
2026
2577
2964
2738
1820
1102
1639
2029
1783
1264
757
895
316
-37
308
459
89
-571
-678
-826
-597
-571
-1030
-1253
-1345
-1016
-1176
-1203
-1255
-1147
-704
-741
-843
-1031
-699
-709
-393
37
-505
-548
-532
94
900
891
897
913
1399
1366
1332
1489
1637
1883
1621
1547
1608
1919
1808
1867
2442
2023
1256
1088
1354
1800
1907
1602
905
611
456
459
743
471
-228
-736
-585
-113
-517
-1550
-1812
-1811
-1828
-2155
-2681
-2820
-2629
-2673
-2981
-3398
-3206
-2949
-3128
-3185
-3169
-3082
-2804
-2628
-2642
-2355
-2170
-2081
-2106
-1487
-638
-684
-937
-928
-308
849
1200
898
790
1121
1461
2125
2494
2249
2179
2072
2209
2498
2957
3018
2547
2181
2183
2516
2357
1635
1397
1452
1293
984
859
817
862
713
-29
134
227
68
-182
-495
-456
-543
-412
-844
-1177
-1084
-1000
-951
-1195
-968
-925
-792
-892
-987
-734
-587
-581
-676
-726
-594
74
289
-61
67
374
295
364
301
721
1140
848
1295
1689
1921
1407
1327
1988
2217
1605
1025
1099
1459
1726
1393
975
871
903
800
737
652
481
125
-335
-676
-585
-189
-180
-822
-1151
-1447
-1235
-1193
-1446
-1616
-1825
-1872
-1906
-1985
-2147
-1932
-1984
-1985
-1862
-1841
-1645
-1450
-1441
-1447
-1047
-849
-837
-770
-780
-567
-187
173
164
356
427
363
498
1025
1133
1261
933
449
924
1262
1222
1256
1240
1155
939
743
1007
1295
1249
705
250
408
389
507
627
252
-88
-889
-1065
-338
-122
-368
-987
-767
-243
-261
-253
-640
-536
-587
-190
-344
-599
-223
-316
-207
-596
-428
-187
-248
-315
-137
265
349
238
92
474
1179
1147
579
431
640
1114
1395
1493
1338
1327
1483
1478
1850
2124
1764
1591
1785
2001
1899
1587
1174
1090
1446
1313
587
-99
-128
129
89
-142
-743
-872
-651
-969
-1116
-1473
-1443
-1590
-1885
-1799
-1487
-1634
-2432
-2364
-2005
-1777
-1736
-2237
-2392
-1985
-1661
-1589
-1285
-880
-1176
-1121
-1269
-912
-493
-388
-601
-534
-94
186
456
193
116
278
632
530
546
537
549
768
937
748
749
1282
1117
930
1221
1504
1363
1019
839
1114
1283
1243
1201
625
389
675
817
1002
667
-34
-278
320
776
545
171
-52
137
334
670
733
79
-47
-70
137
386
-255
-691
-619
-41
-217
-635
-767
-842
-360
-177
-194
-603
-985
-853
-395
-141
-223
-482
-677
-630
-67
318
460
572
320
101
630
1281
1205
647
358
547
937
1203
1013
687
706
723
583
399
90
-86
-89
-123
-283
-661
-533
-306
-301
-635
-725
-424
-626
-654
-889
-967
-822
-1090
-1026
-1004
-988
-820
-632
-478
-663
-814
-772
-453
123
201
-226
-407
-119
184
466
410
277
-33
-370
-101
422
545
34
-159
264
466
237
413
491
248
79
14
312
317
-22
14
438
615
125
-462
-128
521
379
-21
-334
-240
-512
-479
372
134
-288
-491
-412
106
438
-19
-246
139
434
492
434
538
587
656
453
504
358
15
24
264
638
405
-91
-406
3
447
862
498
23
187
105
559
720
748
399
290
608
1013
1461
1378
818
437
939
1128
1108
881
467
372
694
918
611
279
-161
-218
84
-50
-358
-377
-506
-513
-484
-448
-662
-1005
-1294
-1437
-1272
-1203
-1109
-1101
-1171
-1408
-1116
-709
-474
-837
-1217
-1082
-758
-387
-306
-742
-794
-522
-83
-50
-330
-262
-256
-235
-227
-56
-247
-309
-245
-362
154
337
129
-151
71
448
445
223
-278
-90
287
567
567
145
157
499
660
283
198
310
339
209
209
350
343
-172
-306
154
526
252
-78
109
447
763
468
469
427
384
643
700
703
461
537
616
679
700
278
148
-148
98
671
556
-40
-310
107
277
264
-132
-91
-254
-322
19
20
121
-238
-543
-314
10
109
121
77
-91
193
443
455
521
-47
-167
203
214
241
245
94
21
52
25
-114
-218
-374
-695
-299
122
-365
-653
-500
-139
-180
-434
-507
-373
-13
-138
-257
225
422
230
-127
-54
190
306
132
-263
-460
-75
104
199
35
-338
-124
160
303
114
31
67
-2
128
94
177
276
61
-110
-84
28
132
50
-39
-136
-211
59
147
-46
-114
-268
-69
-160
-71
-88
-464
-482
-426
-199
-145
-166
-49
126
90
-112
37
484
265
261
55
121
486
403
326
-81
-162
49
-110
234
239
-7
-202
-145
157
116
79
-409
-599
-405
-245
-241
-323
-596
-672
-485
-85
71
-182
-372
-461
-1
274
303
320
333
220
323
715
552
469
358
469
643
757
665
670
799
842
847
390
544
338
347
291
135
319
25
257
161
363
305
-176
-137
-129
291
105
-60
114
15
154
135
-277
-430
-313
-230
-578
-925
-710
-256
-329
-650
-765
-606
-632
-493
-394
-159
-262
-821
-720
-260
42
-265
-235
-74
77
165
289
443
526
323
90
260
337
374
353
307
175
249
395
149
177
216
317
367
327
432
405
681
451
379
467
428
261
159
336
84
209
214
38
-121
-367
-355
-192
-15
-80
-450
-687
-670
-394
-212
-230
-405
-731
-674
-316
-9
-336
-544
-763
-613
-289
20
113
-29
154
112
149
220
525
626
234
29
202
635
575
395
292
383
528
418
272
209
255
473
380
164
119
-64
-237
-42
43
-77
-299
-464
-197
155
-49
-256
-387
-305
-487
-373
-98
-285
-464
-635
-519
-506
-411
-436
-541
-453
-219
83
-52
-71
-93
123
140
156
201
231
403
425
725
1035
816
552
817
906
931
834
667
662
492
627
502
635
487
189
286
232
224
172
230
265
-120
-249
-212
-322
-184
-72
-89
-183
-390
-90
-73
15
68
-330
-665
-705
-211
-24
-369
-572
-363
-325
-199
-150
-233
-220
-782
-766
-467
-94
-242
-494
-642
-532
-268
-265
-174
-132
-258
-313
-205
-49
-57
-134
-1
41
178
-5
-32
424
345
174
146
73
179
179
203
208
166
246
334
424
58
14
122
110
7
-45
45
83
260
92
77
-25
104
292
355
292
43
187
270
656
667
392
349
297
386
340
481
579
461
421
652
730
472
685
794
541
704
700
844
790
478
436
634
687
456
287
302
350
114
237
-22
-135
-251
-698
-749
-516
-633
-938
-1163
-1284
-1290
-1239
-1325
-1341
-1278
-1288
-1074
-1315
-1223
-1061
-757
-964
-1231
-969
-807
-481
-483
-401
-373
-424
-265
-56
48
115
176
249
195
322
426
260
9
-162
138
188
174
247
323
289
383
420
505
347
288
314
295
640
616
521
415
680
934
891
1001
920
974
929
834
820
818
784
705
418
463
585
493
411
360
508
210
99
22
-49
51
-166
-7
-41
-285
-370
-237
-216
87
-21
-517
-177
-110
-29
70
-211
-268
-106
10
-189
-29
-25
-24
-132
13
63
33
228
214
232
165
245
332
421
272
218
43
169
-114
-167
199
-9
-125
-246
-271
-81
-91
-264
-440
-634
-286
-241
-393
-539
-660
-445
-219
-397
-500
-577
-488
-576
-593
-353
-218
-211
-572
-364
-99
54
-36
-356
-141
79
170
-118
-165
29
171
-7
-348
-250
-218
-130
-309
-388
-117
-190
-344
-569
-244
-39
-332
-299
-368
-440
-414
-214
205
147
2
-2
72
309
298
313
265
528
543
209
549
827
891
733
819
496
735
968
1025
1097
790
692
709
803
821
740
664
890
1106
1060
857
873
889
875
734
662
544
474
372
397
609
463
321
128
179
196
44
22
-293
-219
-102
-155
-285
-406
-419
-250
-374
-504
-574
-674
-858
-804
-607
-585
-864
-1020
-904
-963
-962
-1124
-1197
-1075
-1186
-1131
-955
-987
-845
-851
-915
-856
-1042
-833
-670
-829
-828
-696
-643
-422
-468
-244
-139
-280
-518
-478
107
299
170
-143
306
576
527
446
452
601
439
551
606
735
681
522
475
818
1036
744
702
556
408
569
680
704
605
517
421
597
612
682
721
887
808
428
782
928
908
927
844
629
679
706
535
674
615
463
374
221
386
255
193
52
-60
77
-84
-173
-187
-172
-324
-265
-256
-250
-363
-519
-623
-572
-531
-657
-611
-607
-660
-820
-764
-616
-516
-488
-597
-470
-678
-502
-233
-267
-372
-564
-418
-290
-157
-78
-121
-82
-203
-124
-139
35
205
-35
-33
-148
97
159
228
192
42
-102
-186
121
184
121
-31
-129
-51
27
379
402
198
204
93
-51
85
-59
-60
27
35
-128
3
121
-90
-60
-38
151
-166
-275
-235
-159
20
-45
-167
-296
-282
-263
-158
-213
-366
-210
-126
-206
-283
-215
117
289
179
5
-36
362
538
723
451
475
659
738
768
875
1038
1069
875
739
934
846
1025
998
601
496
636
578
476
365
366
297
15
183
165
53
-45
-199
-219
-317
-566
-591
-366
-355
-546
-476
-529
-560
-407
-457
-405
-534
-580
-411
-333
-320
-295
-245
-210
-270
-82
145
-170
-95
42
-85
-65
41
230
210
106
65
105
282
96
48
92
61
-181
-121
237
233
-88
-416
-76
88
-146
-303
-276
-115
-329
-394
-202
-266
-210
-392
-466
-442
-507
-470
-324
-215
-356
-291
-322
-212
-314
-420
-177
30
42
-244
-174
91
-7
-26
67
157
28
-36
373
549
558
553
592
330
371
316
432
705
426
397
443
662
868
748
665
703
727
589
530
500
517
579
544
590
418
412
694
447
348
254
63
-240
-100
-35
-155
124
-72
-147
-173
-104
-192
-341
-300
-247
-294
-294
-202
-173
70
21
31
104
9
-59
-115
-88
-56
-50
-74
-161
-284
-59
-146
-142
-230
-342
-429
-514
-318
-260
-188
-114
-496
-516
-391
-478
-316
-528
-490
-467
-529
-643
-517
-545
-677
-668
-789
-635
-609
-498
-596
-708
-690
-610
-415
-322
-401
-326
-23
-20
-112
149
203
268
391
288
299
421
693
807
642
891
997
996
1024
1169
1193
1139
1087
1114
1264
1294
1100
995
874
1021
1180
1016
958
708
656
684
529
498
522
313
74
26
184
43
-113
-173
-194
-154
-279
-441
-663
-567
-560
-736
-790
-879
-944
-866
-652
-899
-629
-804
-803
-548
-562
-376
-693
-478
-342
-593
-587
-66
14
-320
-284
89
268
-18
-8
384
453
324
444
498
685
589
490
577
679
646
319
206
371
476
391
267
134
-34
112
166
196
142
-202
-225
-154
-212
-161
-147
-296
-335
-315
-414
-475
-516
-753
-704
