-1
20
16
-3
13
61
51
11
20
45
62
16
-21
26
32
-26
18
48
44
31
24
14
37
39
3
6
-14
3
11
1
-26
-7
-4
-20
-15
3
27
-11
10
28
5
14
34
-21
35
11
-3
-28
-27
18
36
7
-11
1
23
22
26
84
51
45
70
105
80
90
65
71
60
34
35
31
79
16
39
2
13
2
-16
23
15
-17
2
-21
-8
-35
-10
-7
-1
7
-8
-19
27
37
40
8
16
41
96
89
96
64
96
132
75
90
68
72
86
17
19
45
-26
6
-24
-5
-41
-30
-19
-30
1
-17
-13
-52
3
23
-19
5
-28
13
26
38
63
31
82
70
145
147
105
119
163
140
83
100
80
65
19
19
36
10
-46
-23
-43
-66
-71
-56
-107
-103
-82
-77
-86
-10
-34
-90
-47
15
41
-10
21
56
61
96
72
72
79
42
37
16
41
19
49
18
12
7
-2
37
-4
-3
-5
31
10
13
18
32
25
11
27
19
59
27
48
106
126
109
86
131
122
103
52
113
88
71
26
49
40
47
40
53
26
28
45
17
-5
8
14
-40
-42
-41
-57
-83
-115
-73
-75
-47
-62
-47
-11
-44
-13
-6
-13
-15
33
57
30
41
48
42
10
27
79
53
10
12
25
65
20
4
2
6
29
27
37
42
-10
58
63
57
85
44
71
71
89
96
108
140
106
75
59
78
113
34
62
76
120
73
66
56
63
100
38
8
33
17
12
50
66
44
45
54
59
70
39
76
55
72
53
44
87
81
12
-3
12
-15
-8
-64
-40
-86
-58
-48
-42
-106
-54
-102
-66
-98
-95
-45
-122
-117
-99
-77
-72
-88
-46
-33
-71
-55
19
-18
-5
-29
43
60
13
34
63
93
33
51
60
100
59
34
82
113
112
79
117
127
104
82
143
141
83
124
124
103
123
120
132
126
99
114
83
119
71
77
73
50
-4
-27
31
-9
41
-26
-45
22
-9
-22
-42
-73
-67
-108
-95
-72
-58
-104
-34
-58
-44
-57
-67
-53
-37
-44
-25
-27
-40
-48
-17
9
15
24
35
32
13
53
59
16
37
97
28
73
50
87
66
64
99
49
68
60
64
66
72
68
92
79
59
64
71
49
71
75
58
93
56
74
33
23
1
54
36
-17
26
-13
-28
-26
2
-32
-50
-11
-26
-27
-27
-45
2
-29
-57
-8
11
76
-4
2
30
36
22
-11
21
-2
5
-13
7
7
-40
-12
-12
29
14
-20
-19
32
-14
14
-13
-31
8
-4
34
2
5
62
29
60
32
39
60
72
44
65
96
43
57
75
95
93
117
78
99
62
155
164
107
108
77
89
61
18
24
28
69
39
34
52
65
62
60
48
32
-17
3
20
30
-38
-11
-44
-9
-56
-73
-17
-66
-66
-59
-30
-20
-41
-67
-55
-58
-28
-78
-26
-35
-64
-25
-48
-15
-35
-39
-36
-28
18
-28
-27
-5
37
34
11
35
8
56
38
19
39
64
34
57
61
32
31
38
59
34
36
67
77
70
43
84
67
97
49
65
52
61
80
52
43
82
108
43
81
93
86
40
81
80
77
58
121
86
89
90
86
64
114
115
108
83
92
80
30
35
59
31
25
58
19
27
47
32
27
-6
-34
-11
-15
-34
-37
-22
3
-28
-36
-1
7
-11
-7
-42
-40
-26
-59
-51
-73
-67
-59
-67
-43
-55
-69
-37
-19
-36
-44
-39
-32
9
-55
-16
-8
29
12
13
82
47
35
29
78
56
62
82
103
88
92
79
81
106
67
64
46
59
18
36
67
40
83
27
63
22
51
42
40
10
26
65
65
42
7
57
48
28
13
66
2
0
21
-11
35
34
-12
1
0
-19
-25
-30
-46
-57
-56
-19
-22
-23
-12
-40
-49
-50
-30
0
-51
1
33
26
57
44
39
64
60
20
51
80
59
36
70
80
50
18
2
32
28
-13
43
20
36
24
16
81
87
66
85
132
148
132
126
102
107
114
126
153
90
118
106
99
91
68
47
8
-7
-69
-78
-94
-110
-148
-143
-107
-96
-144
-126
-122
-111
-143
-106
-83
-91
-77
-39
2
0
74
101
93
76
110
126
154
149
166
167
146
152
156
99
135
99
113
99
59
55
23
37
4
-4
7
-58
-70
-26
-27
-34
-47
-20
-36
-25
19
8
29
40
49
53
65
1
-10
-34
-72
-42
-75
-47
-48
-77
-27
-86
-141
-129
-134
-76
-134
-133
-85
-80
-88
-130
-117
-105
-92
-55
-73
-79
-53
25
77
83
139
187
199
201
250
192
214
252
297
334
390
398
475
511
500
485
526
565
479
358
371
358
310
163
104
58
-33
-132
-216
-226
-297
-348
-452
-483
-463
-495
-463
-508
-499
-503
-454
-433
-412
-390
-310
-271
-190
-118
-21
108
158
252
300
388
425
456
461
430
395
421
337
223
181
135
79
-72
-122
-114
-179
-236
-219
-259
-253
-267
-311
-278
-259
-282
-254
-195
-185
-91
-96
-2
20
97
137
181
229
283
310
381
368
341
388
365
356
273
196
129
83
36
10
-41
-70
-111
-170
-124
-173
-190
-239
-244
-262
-301
-248
-259
-214
-206
-169
-158
-84
-36
31
80
151
184
229
294
357
363
354
345
351
340
286
245
242
183
128
122
59
-7
-30
-41
-34
-46
-63
-108
-118
-156
-114
-103
-110
-164
-129
-69
-56
14
67
159
188
209
220
269
293
259
239
216
197
121
72
37
-4
-37
-111
-84
-169
-193
-160
-188
-203
-203
-238
-194
-181
-189
-201
-195
-194
-193
-167
-119
-113
-89
-51
-26
21
65
66
119
168
149
178
193
215
183
187
185
193
186
178
159
102
131
128
93
87
64
102
42
-19
-28
-13
-50
-111
-97
-129
-154
-153
-124
-94
-69
-25
118
141
178
309
383
375
428
487
538
474
416
436
459
455
298
260
205
181
52
-22
-21
-70
-153
-245
-315
-351
-428
-466
-557
-594
-644
-664
-673
-653
-599
-563
-546
-459
-325
-221
-110
5
134
232
344
447
460
554
581
572
553
536
503
408
349
285
234
122
61
37
-47
-74
-185
-216
-267
-282
-336
-376
-382
-410
-418
-351
-292
-303
-149
-57
20
114
198
274
334
394
445
464
523
459
511
484
474
440
376
349
307
255
173
97
4
-11
-82
-159
-171
-205
-276
-290
-352
-303
-338
-394
-375
-378
-355
-311
-242
-179
-85
-43
37
100
223
195
273
280
280
226
234
260
161
124
42
17
-27
-135
-150
-138
-152
-171
-205
-199
-181
-154
-134
-38
18
159
258
362
466
597
684
788
938
994
980
888
911
909
825
638
473
412
204
-12
-143
-291
-425
-594
-693
-803
-917
-958
-974
-1044
-1085
-1141
-1029
-972
-955
-956
-794
-637
-536
-400
-151
81
212
393
626
758
886
966
1040
1010
981
894
813
646
490
346
152
9
-116
-202
-301
-384
-448
-547
-591
-617
-661
-693
-715
-720
-689
-652
-595
-471
-400
-324
-198
-28
152
351
535
615
804
938
1036
1100
1084
1060
943
795
704
548
396
191
63
-52
-215
-332
-385
-442
-513
-563
-592
-610
-626
-622
-630
-637
-585
-520
-540
-448
-328
-207
-140
-10
159
229
363
480
548
657
674
740
732
655
607
508
338
265
141
-6
-154
-245
-271
-372
-376
-335
-390
-341
-239
-128
72
297
448
557
718
964
1003
1008
1115
1179
1179
1044
1024
1071
1083
836
602
527
358
127
-124
-279
-430
-716
-959
-1116
-1251
-1370
-1465
-1607
-1695
-1675
-1622
-1530
-1407
-1311
-1198
-963
-773
-567
-323
34
322
449
715
977
1198
1320
1391
1500
1540
1452
1409
1276
1093
889
671
516
242
-8
-145
-335
-577
-736
-863
-974
-1102
-1204
-1247
-1243
-1201
-1217
-1108
-912
-828
-698
-479
-147
123
317
566
872
1088
1201
1242
1282
1370
1231
1131
943
835
757
459
209
42
-89
-299
-466
-584
-651
-723
-796
-912
-878
-861
-842
-944
-883
-751
-696
-605
-539
-388
-233
-38
123
259
504
637
735
887
950
1040
1043
1002
909
831
671
421
264
85
-129
-311
-397
-493
-502
-500
-417
-273
-89
205
454
667
809
1122
1394
1421
1454
1521
1687
1577
1334
1318
1428
1382
925
653
690
588
163
-243
-395
-556
-888
-1268
-1439
-1538
-1763
-1986
-2187
-2203
-2293
-2210
-2124
-2024
-1907
-1686
-1328
-993
-783
-372
88
353
659
937
1283
1547
1651
1672
1741
1814
1653
1530
1458
1269
959
704
605
307
100
-19
-257
-598
-754
-858
-1041
-1321
-1499
-1522
-1578
-1659
-1661
-1497
-1248
-1092
-906
-606
-131
184
444
726
1018
1236
1305
1337
1398
1353
1261
1057
899
791
626
404
218
57
-90
-154
-344
-495
-562
-596
-669
-822
-845
-909
-945
-964
-933
-840
-711
-603
-384
-247
13
220
493
705
856
1082
1202
1278
1243
1210
1149
925
747
529
348
109
-90
-242
-444
-500
-535
-434
-437
-394
-201
161
478
627
727
1078
1407
1505
1445
1606
1939
1757
1415
1420
1738
1719
1131
756
861
774
286
-168
-293
-438
-919
-1332
-1602
-1701
-1997
-2358
-2601
-2770
-2765
-2825
-2665
-2552
-2456
-2161
-1735
-1325
-952
-423
164
595
934
1316
1872
2158
2332
2374
2483
2574
2419
2321
2165
1884
1543
1178
946
586
186
-61
-286
-676
-1080
-1175
-1306
-1537
-1850
-1941
-1914
-1984
-2137
-1978
-1658
-1418
-1283
-1057
-654
-192
-52
229
542
759
892
929
1017
1128
1166
983
694
641
534
423
140
-84
-129
-255
-357
-544
-669
-692
-741
-875
-973
-929
-906
-837
-871
-852
-653
-441
-247
-31
289
604
866
1054
1277
1549
1675
1602
1473
1447
1261
1011
643
380
110
-214
-419
-535
-586
-577
-593
-414
-287
119
520
843
1051
1177
1636
1930
2009
1927
2165
2326
1980
1724
1896
2231
1837
1083
977
1061
855
226
-181
-174
-563
-1132
-1655
-1812
-1952
-2432
-2814
-3125
-3251
-3301
-3317
-3099
-2988
-2826
-2467
-1926
-1449
-1057
-419
241
704
1085
1602
2170
2449
2613
2696
2846
2847
2713
2539
2260
1923
1480
1098
685
259
-214
-566
-977
-1495
-1849
-2012
-2119
-2490
-2700
-2618
-2544
-2496
-2419
-2044
-1663
-1430
-1176
-719
-205
167
487
837
1204
1504
1678
1892
2028
2124
1994
1876
1724
1483
1384
1075
680
279
38
-216
-554
-813
-1103
-1240
-1448
-1580
-1631
-1716
-1671
-1680
-1669
-1447
-1253
-1037
-729
-418
-88
313
677
1044
1363
1565
1717
1734
1704
1651
1461
1205
764
334
8
-261
-488
-664
-859
-937
-1004
-833
-151
321
516
752
1444
2072
2238
2439
2806
3256
2961
2554
2706
3149
3163
2256
1701
1831
1651
989
318
138
-40
-762
-1467
-1939
-2009
-2426
-3066
-3582
-3898
-4002
-4230
-4194
-4300
-4147
-3846
-3482
-2938
-2415
-1463
-570
263
841
1617
2646
3357
3808
3996
4292
4392
4243
4006
3791
3386
2820
2172
1651
1056
498
-90
-666
-1293
-2052
-2468
-2695
-3094
-3583
-3769
-3743
-3668
-3711
-3542
-3170
-2818
-2573
-2346
-1749
-1181
-767
-342
175
669
1179
1612
1887
2189
2358
2394
2440
2428
2380
2159
1824
1491
1098
759
530
233
-225
-566
-789
-1055
-1204
-1334
-1405
-1412
-1290
-1185
-1057
-608
-294
1
218
512
872
1167
1416
1562
1679
1693
1737
1568
1395
1099
780
397
-37
-330
-707
-922
-1254
-1375
-942
-564
-295
-209
418
1322
1621
1757
2034
2802
3051
2691
2745
3160
3538
2800
1978
1947
1875
1309
263
-260
-446
-984
-1750
-2498
-2673
-2953
-3553
-4122
-4600
-4624
-4715
-4816
-4799
-4827
-4488
-4078
-3538
-2957
-2185
-1162
-291
679
1647
2772
3784
4576
5232
5727
6075
6289
6329
6055
5455
4892
4244
3565
2620
1670
876
72
-801
-1700
-2315
-2865
-3513
-4038
-4423
-4618
-4733
-4769
-4707
-4456
-4216
-3880
-3436
-3002
-2441
-1882
-1324
-827
-208
472
990
1417
1807
2226
2477
2612
2577
2640
2640
2334
1916
1543
1142
727
130
-357
-734
-1184
-1650
-1929
-1969
-2030
-2046
-1903
-1676
-1438
-1098
-750
-341
-77
212
664
998
1206
1424
1685
1818
1753
1813
1762
1598
1506
1242
945
622
303
110
295
592
762
786
1095
1719
2036
2175
2314
2803
3014
2473
2237
2702
3235
2916
1847
1740
1900
1712
931
240
106
-451
-1224
-2210
-2688
-3002
-3820
-4662
-5566
-5815
-5985
-6132
-6168
-6299
-5918
-5411
-4705
-3949
-3087
-1797
-834
244
1350
2523
3796
4703
5663
6267
6805
7299
7474
7539
7147
6689
6012
5318
4507
3366
2468
1542
561
-680
-1687
-2376
-3295
-4174
-4842
-5286
-5726
-6087
-6091
-6112
-5932
-5673
-5355
-4841
-4318
-3553
-2888
-2110
-1247
-483
317
1015
1753
2468
2817
3215
3614
3880
3851
3740
3593
3422
2879
2254
1700
1065
195
-743
-1525
-2166
-2783
-3395
-3734
-3890
-3820
-3652
-3160
-2602
-2079
-1461
-808
-107
513
1064
1615
1963
2341
2561
2706
2836
2942
3030
2830
2619
2610
2432
2117
2213
2604
2759
2482
2484
3168
3408
3342
3054
3186
3497
2735
2239
2419
2903
2484
1163
846
925
873
-1
-916
-1085
-1598
-2101
-2895
-3549
-3749
-4392
-5046
-6058
-6570
-6663
-7098
-7355
-7708
-7590
-7232
-6627
-5885
-4985
-3515
-2212
-845
635
2292
4119
5336
6541
7437
8221
9010
9224
9289
8965
8494
7818
7033
6281
5195
4203
3181
2097
921
-116
-942
-1908
-2926
-4024
-4691
-5279
-6084
-6549
-7000
-7265
-7464
-7485
-7210
-6800
-6204
-5579
-4688
-3843
-2885
-1746
-720
311
1070
1749
2530
3172
3561
3735
3904
3894
3699
3527
3481
3339
2966
2509
2078
1780
1238
518
-199
-913
-1814
-2501
-3041
-3486
-3941
-4142
-4082
-3860
-3323
-2764
-2007
-1204
-391
321
1021
1715
2057
2380
2580
2530
2501
2426
2445
2342
2351
3025
3827
4463
4759
5619
6927
7409
7411
7376
7878
7630
6150
5166
4823
4582
2798
765
221
-451
-1375
-3014
-3956
-4279
-5193
-5880
-6878
-7269
-7505
-8220
-8759
-9597
-9645
-9607
-9730
-9750
-9694
-8871
-8116
-6987
-5718
-4190
-2139
-538
1297
3414
5408
7225
8584
9785
10582
11149
11346
11085
10494
9524
8439
7107
5842
4515
3194
2092
902
-186
-1179
-1717
-2222
-3164
-3925
-4386
-4674
-5216
-5685
-5974
-6182
-6326
-6357
-6267
-5950
-5670
-5273
-4668
-3805
-2805
-2047
-1169
-472
199
905
1470
1778
1835
1979
1982
1630
1284
1207
885
430
58
-113
-397
-496
-500
-635
-609
-603
-423
-223
-186
31
88
311
385
444
570
942
1040
939
1281
1460
1749
1671
1606
1595
1443
1213
866
708
293
-84
-301
-496
-31
857
1710
2434
3151
4615
5739
6366
6933
7388
7974
7420
6586
6405
6509
5916
3929
2671
1963
996
-340
-2080
-3093
-4206
-5364
-6483
-7732
-8129
-8793
-9531
-10316
-10693
-10442
-10359
-9966
-9783
-9279
-8299
-7253
-5982
-4787
-3083
-1416
204
2278
4068
6179
7854
9501
10898
11738
12485
12690
12704
12001
10800
9512
7941
6313
4341
2394
661
-1145
-2948
-4614
-5589
-6547
-7484
-8051
-8154
-8009
-7958
-7620
-6996
-6412
-5991
-5502
-4904
-4225
-3619
-3102
-2502
-1658
-627
113
732
1684
2686
3681
4362
4690
4990
4978
4722
4080
3337
2538
1103
-145
-1260
-2220
-3238
-4057
-4568
-5146
-5396
-5395
-4982
-4454
-3808
-3153
-2411
-1316
-388
516
1407
2368
3161
3581
4008
4566
4963
4941
4792
4810
4573
3972
3464
2969
2507
1655
910
347
590
1275
1870
2188
2544
3768
4933
5550
5990
6720
7592
7270
6449
6514
7188
6866
5001
3551
3031
2292
874
-1050
-2023
-2970
-4354
-5875
-7297
-7843
-8720
-9847
-10949
-11626
-11694
-11843
-11700
-11684
-11376
-10548
-9585
-8282
-6952
-5080
-3092
-1094
896
2857
5161
7075
8763
10171
11136
12118
12723
13034
12706
11791
10983
9835
8390
6430
4604
2994
1019
-1050
-2937
-4315
-5697
-7164
-8213
-9001
-9421
-9746
-9528
-9124
-8858
-7996
-7200
-6314
-5279
-4253
-3057
-2155
-923
392
1807
2910
3819
5040
5832
6712
7205
7346
7460
7158
6721
5780
4781
3749
2393
883
-658
-1944
-3242
-4419
-5527
-6538
-7093
-7465
-7550
-7376
-6861
-6108
-5304
-4218
-2953
-1467
-99
1186
2302
3386
4513
5351
5888
6190
6308
6138
5767
5369
4901
4122
3299
2651
1964
1306
1687
2412
2701
2486
3207
4750
5371
5586
5892
6805
6919
5689
5371
5907
6188
4588
2671
2303
1664
645
-1075
-2216
-2918
-4289
-5371
-6596
-7224
-7805
-8963
-9906
-10931
-11184
-11428
-11724
-11715
-11851
-11211
-10423
-9271
-7820
-6260
-4076
-2047
113
2279
4479
6948
8723
10325
11591
12733
13589
13947
13856
13198
12414
11361
10029
8498
6761
5155
3317
1477
-305
-1928
-3222
-4960
-6465
-7741
-8768
-9332
-9850
-10127
-10313
-10150
-9789
-9275
-8509
-7675
-6552
-5685
-4592
-3132
-1667
-306
861
1784
2996
3986
4931
5546
5874
6007
5865
5605
4843
4279
3441
2293
913
-567
-1580
-2706
-3925
-5199
-6171
-6838
-7332
-7361
-7173
-6625
-6019
-5258
-4155
-2735
-1106
411
1966
3252
4309
5436
6412
7020
7273
7155
7091
6863
6236
5667
5144
4562
3722
3163
3515
3985
3998
3843
4608
5655
6016
6254
6576
7466
7487
6451
6020
6297
6386
4810
2932
2053
1472
369
-1532
-2884
-3761
-4929
-6159
-7574
-8146
-8750
-9813
-10840
-11630
-11830
-12075
-12050
-12058
-12025
-11390
-10507
-9345
-8116
-6491
-4393
-2536
-477
1661
4123
6324
8176
9933
11207
12539
13434
13857
13805
13222
12438
11283
9977
8321
6739
5113
3282
1466
-194
-1605
-3046
-4579
-5888
-7197
-8158
-8752
-9166
-9487
-9742
-9565
-9113
-8705
-8001
-7146
-6071
-5056
-4109
-2702
-1063
408
1337
2377
3644
4636
5507
5840
5888
5946
5755
5510
4657
4076
3281
2182
890
-329
-1186
-2122
-3214
-4733
-5604
-6223
-6709
-7125
-7308
-6906
-6572
-6050
-5266
-4076
-2737
-1740
-576
522
1780
2898
3691
4442
4742
4744
4593
4493
4306
3705
3232
2727
2673
3239
3871
4250
4537
5696
6836
7203
7512
8197
9324
8915
7648
7452
7946
7412
5173
3575
2979
2021
497
-1559
-2491
-3496
-4688
-6013
-7226
-7588
-8377
-9234
-10434
-11220
-11302
-11508
-11518
-11706
-11553
-10779
-9899
-8790
-7696
-5753
-3821
-1883
218
2608
5150
7074
8920
10470
11747
12805
13292
13512
13154
12168
10968
9616
8200
6466
4634
2922
1383
-301
-1768
-2736
-3818
-5116
-6345
-7152
-7582
-8087
-8844
-9118
-9072
-8801
-8654
-8255
-7295
-6364
-5322
-4317
-2880
-1004
734
2286
3271
4315
5401
6156
6607
6392
6007
5428
4590
3851
2834
2071
1115
-46
-1343
-2369
-2727
-3443
-4262
-5444
-6106
-6429
-6884
-6910
-6796
-6388
-6035
-5579
-4700
-3468
-1965
-590
284
1404
2616
3869
4954
5493
5702
5558
5464
5123
4698
4227
3506
2820
3071
3784
4430
4633
5258
6758
7542
7818
7892
8880
9406
8086
7130
6940
7248
5593
2956
1899
1150
40
-2017
-3657
-4317
-5483
-6449
-8034
-8798
-9075
-9856
-10499
-11643
-11914
-11747
-11732
-11657
-11699
-10950
-10028
-8788
-7698
-5997
-3660
-1835
117
2318
4766
6950
8636
10260
11493
12499
13224
13393
13345
12633
11587
10141
8840
7421
5541
3812
2078
498
-1371
-2846
-3681
-4897
-6441
-7498
-7875
-8358
-8899
-9017
-8816
-8558
-8217
-7445
-6532
-5540
-4362
-3066
-1659
-264
1526
3084
4623
5691
6312
7146
7739
7944
7714
7147
6487
5163
4199
3025
1738
409
-1245
-2493
-3762
-4880
-5725
-6786
-7766
-8325
-8833
-9072
-8707
-8274
-7698
-6977
-6018
-4762
-3387
-1853
-518
743
2043
3388
4412
5217
5932
6231
6182
5794
5438
5153
4722
3996
3159
3197
4165
4661
4901
5184
6405
7506
7545
7557
7961
8672
7771
6104
5807
6141
5783
3228
1327
984
483
-887
-3012
-3795
-4402
-5682
-7109
-8403
-8712
-9435
-10310
-11527
-12225
-12039
-12000
-11701
-11519
-10979
-9926
-8709
-7080
-5721
-3757
-1621
269
2218
4191
6401
8215
9710
10861
11628
12478
12751
12829
12435
11660
10861
9631
8489
6833
5220
3817
2055
268
-1464
-2628
-3880
-5517
-6906
-7964
-8519
-9134
-9249
-9020
-8798
-8499
-7714
-6548
-5567
-4452
-3144
-1859
-502
937
2456
3911
5083
5972
6550
7222
7650
7957
7966
7388
6562
5924
5238
3898
2409
1088
-243
-1931
-3564
-4772
-5801
-7044
-8189
-8958
-9398
-9344
-9203
-8850
-8095
-7389
-6195
-4985
-3580
-2095
-895
527
1796
2801
3685
4474
5051
5155
4908
4618
4374
4198
3633
3114
2944
3541
4596
5258
5679
6314
7618
8164
8344
8199
8549
8814
7301
5948
5552
5857
4859
1977
431
-63
-598
-2360
-4446
-4886
-5790
-6873
-8393
-9389
-9419
-10086
-11006
-11987
-12099
-11580
-11255
-10782
-10448
-9626
-8381
-6852
-5370
-4034
-1922
31
1950
3769
5468
7675
9252
10691
11454
12095
12901
13326
13248
12490
11668
10587
9422
8033
6271
4645
3005
1246
-706
-2437
-3638
-5122
-6733
-7946
-8712
-9374
-9795
-9581
-9156
-9005
-8626
-7713
-6554
-5664
-4669
-3558
-2404
-1351
-231
962
2190
3284
4061
4765
5507
6180
6634
6671
6634
6135
5720
5181
4131
2915
1670
426
-1118
-2723
-4254
-5205
-6449
-7728
-8227
-8356
-8306
-8135
-7741
-6816
-5871
-4632
-3242
-1645
-363
684
1834
3013
4043
4294
5049
5247
5220
4699
4373
4426
4151
3715
2906
3109
4258
5058
5512
5695
6832
7900
8186
8297
8388
9252
8484
6728
5773
5988
6051
3593
987
30
-434
-1581
-4100
-5252
-5862
-6949
-8448
-10057
-10036
-10500
-11085
-12141
-12726
-12103
-11857
-11348
-11082
-10409
-9327
-8073
-6513
-5052
-3041
-894
895
2676
4468
6451
8347
9881
10921
11537
12332
13010
13248
12824
11885
11044
9899
8680
6955
5192
3570
1680
-196
-2112
-3455
-4844
-6557
-7883
-8779
-9493
-9888
-9765
-9199
-8911
-8684
-7650
-6435
-5222
-4327
-3173
-1848
-728
330
1528
3182
4144
4866
5370
6094
6875
7161
7213
6899
6554
6037
5488
4750
3552
2308
1054
-524
-2009
-3160
-4317
-5528
-6830
-7737
-8267
-8192
-7985
-7844
-7415
-6560
-5256
-3957
-2338
-862
497
1619
2561
3625
4642
5433
5626
5598
5345
5148
5192
5065
4566
3911
3734
4697
5645
5923
5773
6657
7931
7890
7425
7449
8689
8289
6003
5057
5654
5960
3680
905
343
-155
-1636
-3840
-5134
-5747
-7093
-8587
-10152
-10551
-10720
-11458
-12298
-13181
-12861
-12507
-12114
-11847
-11625
-10651
-9543
-8034
-6762
-4870
-2452
-534
1194
3069
5763
7896
9301
10762
11819
12806
13190
13641
13594
12852
12048
10737
9773
8254
6721
5116
3309
1588
-271
-1513
-2583
-4094
-5629
-6735
-7334
-8169
-8685
-8563
-8196
-8112
-7762
-6900
-5836
-4462
-3520
-2685
-1497
-196
1243
2354
3455
4446
5046
5614
5968
6680
6820
6505
5944
5251
4797
3813
2836
1650
131
-1447
-2884
-3943
-5082
-6355
-7473
-8305
-8859
-8987
-8726
-8406
-7880
-7303
-6464
-5133
-3481
-2225
-956
313
1235
2249
3250
4293
4930
5287
5169
5030
5327
5681
5493
4977
4447
5122
6096
6628
6522
6644
8152
8334
7920
7612
8359
9118
7331
5721
5565
6471
5625
2590
1281
784
-35
-2284
-4553
-4990
-5891
-7365
-9440
-10372
-10224
-10802
-11682
-12796
-12799
-12288
-12035
-11520
-11135
-10100
-8882
-7504
-6053
-4427
-2088
-87
1790
3558
5630
7978
9697
10992
11843
12763
13488
13670
13593
12787
11963
10872
9547
7863
6064
4649
2986
810
-1263
-2741
-3712
-5426
-7046
-8071
-8840
-9606
-10094
-9807
-9645
-9525
-9065
-8387
-7593
-6594
-5393
-4198
-3264
-1953
-364
1167
2679
3721
4743
5557
6435
7129
7560
7597
7213
6733
6099
5273
4323
3228
2040
368
-1292
-2236
-3343
-4377
-5553
-6546
-7272
-7622
-7365
-7164
-6909
-6321
-5481
-4586
-3590
-2061
-706
100
877
1860
2759
3473
4115
4510
4688
4376
4282
4483
4470
4221
3759
4398
5639
6333
6584
6971
8256
8977
8782
8433
8484
9337
8096
6214
5589
5835
5412
2583
657
225
-340
-2174
-4811
-5302
-5947
-7249
-9065
-10345
-10286
-11002
-11828
-12963
-13349
-12843
-12527
-12009
-11567
-10471
-9056
-7598
-5747
-4137
-1726
585
2409
4409
6287
8500
9968
11297
12078
12742
13480
13515
13449
12795
11983
10839
9526
8113
6338
4694
2997
1231
-792
-2534
-3666
-4996
-6668
-8015
-8687
-9280
-9790
-9696
-9366
-8925
-8429
-7530
-6678
-5713
-4450
-3424
-2166
-1143
109
1645
2879
3685
4169
5020
5853
6350
6495
6465
6166
5533
5031
4089
3213
2206
786
-550
-1993
-2936
-3888
-5091
-6406
-7304
-7849
-8281
-8172
-8091
-7685
-6777
-5903
-5005
-3787
-2168
-867
-18
1118
2116
3058
3628
4277
4607
4403
4281
4293
4504
4494
4253
4275
5634
6999
7562
7843
8995
10584
10686
10303
10101
10854
10205
7985
6911
6725
6670
4190
1332
509
-126
-1384
-3927
-5421
-5765
-6879
-8237
-10116
-10564
-10782
-11682
-12778
-13926
-13479
-13281
-13264
-12967
-12387
-10890
-9567
-7725
-5925
-3783
-1111
836
2975
4972
7079
9142
10323
11269
11849
12639
12861
12609
12290
11374
10369
9243
8142
6888
5378
4093
2549
1043
-732
-1967
-2919
-4501
-6125
-7401
-7751
-8373
-9042
-9079
-8822
-8190
-7857
-6838
-5503
-4349
-3004
-2096
-681
774
2339
3775
4597
5392
5823
6486
6876
6756
6610
6263
5858
4902
4208
3542
2623
1571
235
-1052
-2315
-3211
-4492
-5956
-6921
-7691
-8392
-8994
-8878
-8427
-7805
-7269
-6393
-4997
-3578
-2282
-1008
198
1487
2445
3298
3860
4130
4306
4468
4275
4068
4419
4318
4038
4527
5997
7292
7669
8064
9498
10794
10644
10131
10176
10540
9070
6872
6071
6059
5157
2041
191
-262
-880
-2854
-5130
-5723
-6470
-7552
-9094
-10364
-10619
-11227
-12294
-13544
-13964
-13516
-13370
-13098
-12769
-11598
-9872
-8061
-6094
-4353
-1670
976
3213
5234
7311
9554
11026
11924
12564
13048
13367
13065
12366
11414
10472
9411
8275
7346
5945
4590
3448
2169
646
-1077
-2130
-3235
-5065
-6651
-7647
-8181
-9246
-9809
-9707
-9457
-9089
-8652
-7199
-5918
-4725
-3399
-2029
-435
732
2191
3614
4458
5037
5571
6060
6225
6157
6110
5892
5386
4715
4128
3533
2553
1708
641
-514
-1663
-2616
-3815
-5166
-6040
-6710
-7183
-7864
-8133
-7754
-7314
-6815
-6129
-4809
-3525
-2550
-1399
-145
1189
1926
2626
3297
3521
3652
3727
3734
3713
3719
3634
4588
6162
7150
7764
8364
10137
11139
10933
10828
10911
10922
9065
7226
6651
6389
5136
1845
-115
-512
-1305
-3175
-5392
-5826
-6637
-7942
-9344
-10606
-10634
-11363
-12507
-13707
-13999
-13588
-13454
-13117
-12826
-11620
-10074
-8219
-5927
-3752
-973
1696
4062
6327
8466
10942
12389
13251
13597
13689
13933
13357
12414
10896
9672
8334
6814
5889
4648
3622
2164
1178
124
-1367
-2369
-3414
-4718
-6338
-7296
-7994
-8642
-9401
-9690
-9527
-9238
-8444
-7511
-6432
-5025
-3558
-1856
-168
1324
2629
3918
5092
5786
6284
6593
7006
6878
6627
6354
5732
5114
4569
3672
2704
1977
1127
46
-964
-1866
-2864
-3998
-5106
-5901
-6782
-7346
-7614
-7947
-7748
-7384
-6899
-6158
-5274
-4143
-3209
-2131
-1142
-245
716
1108
1332
1624
2028
2238
2147
2249
2754
4414
5869
6863
7649
9145
11177
11558
11523
11656
12261
11708
9237
7940
7778
7580
4691
1236
348
-25
-1066
-3904
-5229
-5307
-6349
-8065
-9686
-9669
-10272
-11557
-13029
-14051
-13826
-13887
-13788
-13710
-13327
-11834
-10136
-7892
-5795
-2954
327
2944
5486
7941
10860
13006
14025
14648
14636
14820
14354
13056
11207
9458
7947
6021
4508
3135
2036
1187
-57
-926
-1879
-2302
-2859
-4061
-5392
-6559
-7141
-7804
-8482
-9262
-9518
-9358
-9313
-8773
-7717
-6101
-4699
-3380
-1501
720
2551
4034
5308
6320
7133
7344
7624
7723
7189
6640
5988
5369
4665
3857
2986
2241
1437
423
-299
-817
-1653
-2767
-3996
-4715
-5418
-6298
-6886
-7196
-7300
-7421
-7385
-6750
-5773
-4982
-4211
-3230
-2058
-1031
-408
420
1354
1220
1161
1219
1698
1867
2623
4188
5160
5834
6972
9396
11147
11476
11926
12811
13415
11752
10183
9948
9574
7620
3755
1724
922
-417
-2648
-5052
-5468
-6291
-7553
-8787
-9696
-9779
-10813
-11778
-13178
-13794
-13684
-14152
-14072
-14158
-13701
-12694
-10968
-8939
-7029
-4182
-1328
1821
4641
7328
10238
12631
14538
15226
15425
15709
15212
13891
11831
9764
7778
5573
3887
2155
859
-271
-1191
-1847
-2367
-2447
-2818
-3257
-4158
-4550
-4863
-5676
-6129
-6669
-7244
-7600
-7588
-7170
-6484
-5410
-4403
-3033
-1433
283
1961
3556
5018
5984
6478
6932
7273
7188
6782
6201
5077
3955
3293
2619
1631
593
-224
-889
-1552
-1972
-2227
-2846
-3513
-4374
-5014
-5280
-5750
-6083
-6441
-6801
-6865
-6707
-5848
-4862
-4053
-3381
-2555
-1186
-349
515
994
1390
1635
1396
1471
2040
3651
4325
5013
5773
7123
9313
10223
11178
11700
12461
12722
11305
10567
10107
9745
7298
3677
2322
1165
-291
-3122
-4965
-5325
-6802
-8145
-9624
-9683
-9736
-11055
-12128
-13056
-12861
-13255
-13525
-13589
-13796
-12816
-11905
-10301
-8394
-6340
-3474
-1085
1696
4474
7573
10376
12399
14155
15103
16042
16339
15693
14485
12578
10834
8539
6287
4359
2298
597
-933
-2173
-3061
-3642
-3776
-4181
-4766
-5219
-5331
-5450
-5735
-6087
-6422
-6875
-6856
-6661
-6681
-6188
-5468
-4785
-3965
-2744
-997
706
1905
3066
3836
4922
5612
5831
5913
5614
5328
4602
4064
3182
2447
1762
966
138
-645
-889
-1250
-1820
-2315
-2617
-2906
-3159
-3299
-3624
-3786
-3949
-4325
-4188
-3908
-3539
-3361
-3120
-2288
-1404
-793
-559
-223
-13
203
86
-152
22
1003
2403
3255
3919
4931
7034
8815
9252
9732
10707
12130
11483
9984
10190
10837
9713
6108
3568
2964
1925
-287
-3365
-4532
-4977
-6442
-7968
-9245
-8961
-9467
-11028
-12120
-12650
-12184
-12493
-12905
-13173
-12971
-11883
-10939
-9298
-7830
-5497
-2831
-576
2104
4673
7765
10317
12246
13785
14776
15820
15891
15333
13910
12160
10400
8095
5804
3643
1771
-39
-1980
-3236
-4153
-4896
-5485
-5982
-6483
-6722
-6679
-6692
-6524
-6680
-6907
-6843
-6748
-6210
-5781
-5236
-4236
-3637
-2573
-1213
349
1750
2527
3246
4347
5373
5761
5953
6093
6229
5692
4989
4897
4878
4040
2878
1975
1675
1357
467
-234
-708
-1301
-1972
-2333
-2475
-2339
-2662
-3173
-3611
-3677
-3284
-3175
-3126
-3177
-3218
-2958
-2399
-1991
-1770
-1760
-1590
-1588
-1521
-1302
-717
448
1597
2413
2865
4471
6630
7873
8326
8935
10349
10707
9589
9214
9707
9900
7498
4455
3368
2923
1674
-1496
-3198
-3875
-5014
-6565
-8443
-8424
-8906
-10334
-11818
-12804
-12317
-12584
-13016
-13143
-13025
-12011
-11167
-9649
-7950
-5964
-3431
-1364
1175
3552
6425
8889
10728
12300
13317
14649
15344
15175
14254
12973
11660
9996
7886
5743
4060
2252
31
-1720
-2942
-4003
-4909
-6021
-6784
-7396
-7787
-7762
-7544
-7396
-7450
-7080
-6429
-5883
-5269
-4480
-3198
-2311
-1566
-272
1194
2437
3011
3332
3854
4474
4899
4682
4810
4971
4818
4329
3965
4032
3746
3047
2228
1759
1229
588
140
-608
-1490
-2361
-2806
-3102
-3459
-3518
-3531
-3532
-3488
-3467
-2854
-2046
-1668
-1747
-1805
-1330
-1081
-1018
-1030
-996
-1250
-1567
-1725
-1381
172
1661
2257
2707
4227
6534
7966
8559
8925
9736
10347
9523
8851
9110
9235
7452
4417
2689
2175
1478
-629
-3036
-3842
-4784
-5942
-7558
-8257
-8339
-9733
-11168
-12506
-12590
-12542
-13032
-13201
-13375
-12716
-11838
-10166
-8472
-6747
-4117
-1719
759
3154
5737
8238
10150
11684
12626
13524
14408
14596
13903
12578
11616
10339
8574
6966
5583
4103
2351
791
-744
-1847
-2862
-4275
-5760
-6830
-7405
-7896
-8316
-8429
-8486
-8134
-7670
-6885
-5835
-4803
-3592
-2630
-1408
-25
1400
2542
3169
3621
3932
3915
4066
3777
3519
3150
2970
2838
2417
2870
3056
2892
2438
2091
2232
1959
1458
641
-83
-577
-1585
-2485
-2931
-3003
-3315
-3683
-3668
-3372
-2765
-2027
-1346
-946
-726
-109
353
424
143
-226
-538
-1222
-1578
-1227
48
1056
1390
2053
3759
5774
6830
7542
8227
9496
9446
8294
8151
8535
8124
5349
2768
1642
692
-687
-2847
-4093
-4690
-5779
-6921
-7937
-7900
-8098
-9177
-10658
-11586
-11474
-11788
-12028
-12251
-12337
-11829
-10881
-9146
-7418
-5233
-2599
-181
2384
4926
7666
10021
11718
12809
13205
13812
13890
13507
12160
10500
9347
8075
6342
4621
3413
2528
1415
-3
-887
-1084
-1547
-3174
-4576
-5356
-6042
-7044
-8093
-8697
-9223
-9332
-9670
-8975
-7784
-6503
-5013
-4024
-2195
-305
1542
2924
3822
4655
4721
4884
4735
4513
3794
2729
2173
1476
1222
900
1125
1241
1064
1251
1535
2037
2231
2069
1932
1557
916
373
-335
-904
-1519
-1954
-2180
-2643
-2507
-2029
-1377
-923
-492
81
563
1089
1157
1077
736
378
641
1449
2009
2311
2857
4069
5192
5496
6297
7240
8423
7907
7081
7623
8136
7166
4097
2301
1529
29
-2431
-5247
-6019
-7027
-8438
-10033
-10623
-10163
-10502
-11106
-12002
-11869
-11692
-11946
-11623
-11870
-11581
-11082
-10036
-8329
-6748
-4385
-2144
548
3049
5619
8568
10781
12706
13827
14511
15071
15018
14407
12608
10588
8786
6893
4999
2814
1473
230
-831
-1824
-2377
-2205
-2330
-2537
-3275
-3655
-3877
-4664
-5204
-6103
-6764
-7473
-7999
-8137
-7737
-6844
-6092
-5285
-3850
-2082
-151
1584
3330
4720
5365
5855
6118
5863
5017
4148
3097
1590
451
-282
-766
-1326
-1430
-1384
-1197
-525
228
859
1292
1686
1905
1943
1987
1619
1074
363
-159
-532
-703
-826
-996
-782
-310
-56
296
713
1103
1570
1353
2174
3188
3812
3838
3840
5241
5670
5487
5057
5686
6501
5237
4344
5019
5814
4921
1980
919
804
-471
-3048
-5426
-6066
-7326
-9266
-10925
-11388
-11260
-12225
-12953
-13225
-12742
-11808
-11597
-10906
-10684
-9991
-8799
-7513
-5996
-4851
-2676
-681
1524
3751
6153
8877
10900
12720
13931
15267
16151
16116
15301
13828
12378
10593
8435
6256
3888
1612
-427
-2179
-3336
-4520
-4994
-5430
-5818
-6208
-6176
-5626
-5723
-5873
-6049
-5827
-6004
-6393
-6327
-6106
-5756
-5691
-5253
-4065
-2849
-1442
-30
1479
2958
4101
5311
5980
6181
6108
5655
5044
3817
2718
1523
408
-678
-1710
-2362
-2660
-2511
-2393
-1958
-1440
-716
-72
536
1176
1446
1682
1677
1363
1267
1098
877
635
460
541
715
776
823
1041
1072
1879
3386
4494
5072
5185
6278
7306
7358
7317
7023
7163
6028
4538
4392
4742
4643
2242
171
-226
-614
-1685
-3854
-5050
-5818
-7131
-8901
-10228
-10269
-11093
-12319
-13510
-14128
-13774
-13549
-13115
-12571
-12139
-11308
-9763
-7568
-5933
-4148
-1688
316
2327
4574
7324
9636
11174
12574
13654
15175
15791
15691
15260
14145
12840
10771
9066
7312
5072
2677
448
-1081
-3012
-4383
-5562
-6399
-6816
-7217
-7212
-7170
-6662
-6344
-6283
-5912
-5784
-5337
-4771
-4315
-3735
-3486
-2738
-1812
-1053
-51
1029
2116
2835
3658
4455
5147
5358
4951
4598
4376
3912
2729
1435
810
-118
-1441
-2400
-2984
-3222
-3693
-4053
-3504
-2755
-2331
-1836
-1067
-229
294
573
1407
2065
1727
1684
1753
1935
1795
1467
1471
1359
1396
1977
3546
4799
5339
5680
7103
8583
8584
8305
8330
8898
7788
5718
5203
5658
4886
1794
-516
-619
-1199
-2922
-5137
-5810
-6133
-7648
-8938
-10048
-10137
-10706
-11907
-13078
-13937
-13606
-13753
-13704
-14093
-13835
-12552
-11344
-9493
-7796
-5497
-2884
-397
2123
4523
7456
9884
11741
13141
14115
15570
16291
16275
15179
13934
13100
11531
9855
8076
6517
4701
2685
986
-596
-1689
-2742
-3950
-5174
-6144
-6261
-6355
-6605
-6648
-6650
-6381
-6369
-6004
-5446
-4687
-4033
-3605
-2540
-1362
-398
278
1215
2047
2514
3019
3271
3482
3187
2848
2378
1669
1136
389
-650
-1700
-2571
-3411
-3883
-4377
-4986
-5619
-5574
-5126
-4940
-4621
-3857
-2893
-2523
-1897
-812
361
1344
1827
2559
3245
3920
4386
4739
4941
4970
4848
4910
6290
7481
7973
7982
8610
9913
10000
9630
9499
9551
8665
6702
5874
6138
5940
3425
569
-244
-1066
-2267
-4321
-5770
-6341
-7643
-8682
-10152
-10343
-10369
-11480
-12681
-13755
-13722
-13538
-13624
-13910
-14272
-13545
-12555
-11121
-9634
-7820
-5190
-3174
-960
1532
4882
7821
9608
11321
12750
14386
15428
15986
15713
14634
13431
11963
10562
8939
7325
5801
3750
2055
339
-637
-1249
-2653
-3898
-4855
-5164
-5518
-5793
-5849
-5794
-5700
-5780
-5639
-5167
-4321
-3631
-3513
-2948
-2024
-934
-143
620
1597
2336
2549
2958
3179
3105
2795
2312
1663
967
422
-194
-1088
-2031
-2863
-3471
-4003
-4579
-4849
-5048
-5015
-5091
-4849
-4249
-3657
-3280
-2733
-1966
-1182
-20
740
1739
2616
3322
4022
4877
5384
5177
5273
6045
7671
8351
8414
8543
9618
10437
10156
9907
9733
9819
8602
6893
6265
6225
5613
3105
588
-610
-1365
-2792
-5142
-6407
-6986
-8043
-9471
-10838
-10791
-10530
-11511
-12861
-13750
-13319
-13126
-13342
-13436
-13425
-12876
-12156
-11131
-9697
-7686
-5567
-3960
-1488
909
3756
6521
8777
10731
11906
13464
14801
15387
14801
13829
13040
11810
10239
8491
7054
5712
3919
2086
657
-186
-1017
-2500
-3579
-4098
-4377
-4781
-5384
-5467
-5340
-5236
-5187
-5173
-4382
-3538
-2957
-2504
-1685
-395
279
687
1174
2055
2951
2890
2725
2814
2815
2504
1472
950
622
-10
-1163
-1961
-2223
-2880
-3371
-3780
-3915
-4302
-4628
-4467
-4408
-4384
-4320
-4209
-4018
-3970
-3562
-2781
-1824
-1079
-677
440
1715
2798
3781
4429
5113
5755
6969
8467
9775
10357
10486
11255
11656
11583
10892
10479
10286
8704
6867
6158
6413
5607
2771
801
175
-811
-2647
-4794
-5436
-6517
-8258
-9897
-10917
-10924
-11779
-12526
-13733
-14093
-13634
-13335
-12886
-13071
-12501
-11548
-10582
-9390
-7872
-5712
-3807
-2246
-392
1635
4164
6409
8526
10090
11371
12786
13811
14540
13849
12964
12056
10762
9126
7458
6065
4449
2821
1125
-378
-1241
-1972
-2968
-4128
-4839
-4864
-4777
-5013
-5240
-5154
-4511
-4370
-4266
-3469
-2399
-1615
-1238
-396
707
1732
2365
3014
3491
3999
4050
3800
3715
3222
2529
1462
749
-80
-1096
-2037
-2917
-3605
-4341
-4769
-4945
-4897
-4708
-4565
-4305
-3816
-3187
-2851
-2675
-2623
-2503
-2361
-2166
-1835
-1378
-880
-406
80
1114
2035
2777
3582
5034
7029
8770
9712
10619
12220
13047
12776
12207
11874
11688
9946
7959
7111
6899
5888
2832
750
153
-132
-1610
-3866
-4482
-4780
-5750
-7289
-8753
-8791
-9637
-11131
-12799
-13472
-13379
-14073
-14310
-14583
-14218
-13347
-12118
-10515
-9204
-7152
-4874
-2837
-808
1172
3628
5664
7489
8937
9833
11296
12322
12786
12296
11671
11275
10456
9452
8003
6776
5572
3976
2279
901
70
-921
-2175
-3505
-4259
-4670
-5145
-5350
-5341
-5303
-5069
-4546
-3948
-3308
-2208
-994
-234
514
1334
2602
3293
3883
4226
4373
4700
4493
4519
4062
3328
2707
1832
1148
304
-626
-1816
-2935
-3789
-4680
-5378
-5866
-6004
-6538
-6492
-5683
-4966
-4602
-4042
-3245
-2694
-2251
-1626
-933
-235
145
196
358
761
1284
1620
1654
2691
4363
5694
6758
7862
9936
11219
11636
12065
12421
12712
11450
10023
9382
8970
7839
4815
2311
1117
76
-1687
-4094
-4968
-5169
-5971
-7336
-8654
-8360
-8685
-9407
-11118
-11992
-11624
-12328
-12694
-13256
-13266
-13149
-12903
-11882
-10790
-8739
-6579
-4626
-2463
-274
2693
5004
6961
8468
9678
11222
11972
12458
12167
11324
10548
9386
8297
6701
5485
4436
3144
1660
201
-408
-1057
-2229
-3491
-4395
-4814
-5521
-5962
-6088
-6206
-6041
-5791
-5224
-4389
-3088
-1501
-412
974
2195
3602
4776
5730
6380
6697
6951
6662
6436
5941
5254
4341
3275
2368
1707
941
-75
-1009
-1960
-2854
-3774
-4507
-5189
-5690
-6412
-6796
-6738
-6309
-5940
-5891
-5545
-4972
-4280
-3678
-2691
-1568
-952
-477
390
1342
1727
2195
3654
5447
6108
6252
7496
9502
10241
10016
10149
11142
11266
9390
8370
8903
9226
7349
4691
3607
3108
2132
-327
-2241
-2933
-4141
-5400
-7012
-7692
-7914
-8500
-9281
-11087
-11565
-11120
-11060
-11516
-12342
-11714
-10979
-10277
-9615
-8567
-6467
-5090
-3651
-2112
291
2640
4137
5650
6861
8166
9470
10390
10653
10030
9699
9259
8433
7440
5992
5123
3793
2391
1259
265
-504
-1456
-2734
-3702
-4189
-4807
-5619
-6182
-6436
-6517
-6611
-6354
-5533
-4718
-3902
-2702
-1109
507
2005
3298
4438
5404
6206
6686
6916
6994
6566
5854
5444
4801
3586
2736
1981
959
92
-692
-1329
-1873
-2782
-3719
-4329
-4894
-5119
-5743
-5979
-5833
-5916
-5919
-5643
-5194
-4620
-3994
-3695
-2952
-2260
-1364
-590
-4
790
2434
4584
6051
6851
8182
10078
11119
11014
11056
11762
11567
9712
8303
8244
8360
7007
4410
3039
2292
1471
-331
-1888
-2254
-3328
-4426
-5817
-6348
-6420
-7160
-8165
-9585
-10192
-10414
-10611
-10729
-11481
-11420
-11067
-10234
-9100
-7866
-5804
-4128
-2394
-629
1615
3802
5460
6713
7381
8086
8615
9243
9360
8253
7258
6567
5878
4803
3753
3403
2609
1169
81
-306
-35
-479
-1785
-2860
-3327
-3782
-4610
-5307
-5971
-6295
-6781
-7332
-6859
-5804
-4569
-3781
-2810
-1248
766
2758
3741
4705
5751
6557
6730
6652
6948
6682
5761
4806
3937
3367
2597
1727
1138
502
-325
-779
-940
-1356
-2140
-2837
-3263
-3703
-4276
-4585
-4726
-4812
-4909
-5045
-4472
-3969
-3399
-3465
-3107
-2242
-1821
-1081
-383
1387
3106
4360
5171
6951
8799
9426
9740
9926
10972
10682
9213
8794
8759
8240
6141
4172
3152
1951
665
-1285
-2612
-3370
-4359
-5251
-6753
-7101
-7150
-7828
-8773
-9972
-9748
-9519
-9714
-10309
-10741
-10097
-9717
-8992
-8363
-6884
-4852
-3585
-1898
-175
2305
4290
5931
7404
8061
9027
9694
10177
9880
8694
7676
6631
5746
4590
3519
2767
1857
770
-285
-384
-92
-805
-1919
-2724
-2958
-3417
-4122
-4663
-5084
-5533
-6395
-6372
-5919
-5240
-4671
-4239
-3169
-1717
-21
1562
2773
3895
4673
5433
6056
6118
5888
5542
5072
4068
3275
2672
2139
1397
674
264
-45
-136
-347
-502
-869
-1439
-1731
-2132
-2502
-3012
-3528
-3926
-4254
-4273
-3958
-3505
-3282
-2988
-2655
-2212
-1795
-630
1277
2769
3396
3951
5725
7407
8011
8419
8670
9220
8674
7232
7045
7495
7791
5613
3161
2366
2237
1583
-594
-1799
-2735
-3634
-4760
-6295
-6513
-6905
-7687
-9117
-10483
-10195
-9820
-9616
-9928
-10237
-9463
-8799
-7702
-6935
-5405
-3744
-2660
-1271
258
2523
4318
5668
6625
7404
8338
8982
9547
9417
8487
7376
6275
5493
4481
3520
2626
1555
488
-287
-377
-410
-904
-1357
-1857
-2169
-2530
-2754
-2957
-3697
-4566
-5314
-5078
-4942
-5073
-4681
-4326
-3423
-2339
-1034
204
1336
2675
3273
3655
4206
4724
4819
4157
3555
2699
2043
1636
1119
501
-261
-403
-635
-802
-508
-17
248
-38
-135
81
361
-98
-707
-1170
-1559
-2029
-2489
-2416
-2209
-1923
-1826
-1596
-1325
-629
896
2531
3543
3872
4805
6127
6830
6831
6769
7246
6843
4946
4198
4654
4985
3499
1197
385
45
-411
-1610
-2454
-2477
-3339
-4186
-5251
-5398
-5359
-5897
-6761
-8174
-8623
-8318
-7912
-7979
-8570
-8292
-7810
-6932
-5904
-4568
-2809
-1865
-733
493
2546
4243
5400
6039
6621
7557
7886
8216
8347
7788
6839
5821
5087
4381
3438
2728
1987
1060
169
127
338
-41
-611
-988
-793
-1192
-1494
-1714
-2207
-2767
-3467
-3989
-3930
-3959
-4119
-4228
-4247
-3903
-2792
-1861
-1359
-524
178
1210
1703
1907
2421
2447
1906
1095
672
421
-95
-734
-1463
-2064
-2249
-2248
-1785
-1364
-960
-298
622
1338
1876
2574
2669
2698
2172
1717
1270
904
447
-386
-834
-864
-899
-55
1382
2793
3896
4245
5903
7225
7688
7572
7539
7709
6407
4618
3865
3700
3140
1106
-673
-1568
-2296
-2753
-3738
-4001
-4130
-4634
-4832
-5397
-5073
-4736
-4885
-5906
-7259
-7252
-7026
-7248
-7753
-8272
-8044
-7707
-6515
-5367
-4220
-2442
-1173
-38
983
3053
4450
5073
5363
5486
5860
6049
6283
5534
4253
3458
3031
2860
2233
1977
1817
1755
1719
1668
2336
2667
2613
1881
1612
1773
1746
1638
884
421
-404
-857
-1102
-1385
-1633
-2394
-2771
-2804
-2545
-2022
-1437
-1296
-1290
-1181
-930
-539
-260
-262
-650
-1027
-1234
-1449
-1450
-1588
-2134
-2595
-3171
-3237
-3085
-2927
-2776
-2444
-2198
-1503
-356
690
1438
1737
2255
2648
2711
2777
2764
2443
1620
959
546
850
1897
3134
3910
4321
5454
6786
7845
8294
8709
8840
8083
6943
6320
6194
5242
3465
995
-887
-2155
-3095
-4136
-5416
-5967
-6626
-6589
-6687
-6530
-5764
-5593
-5887
-6901
-6898
-6077
-5776
-6246
-7081
-7103
-7018
-6541
-5606
-4747
-3735
-2826
-1788
-273
1616
3222
4331
4775
4854
4900
5297
5393
4428
2902
1368
745
261
-301
-354
-408
-532
-390
495
1498
2420
2830
3126
3542
3949
4523
4665
4437
3902
3148
2663
2359
1852
1060
-109
-1095
-1671
-1715
-1661
-1957
-2250
-2454
-2522
-2507
-2232
-1909
-1942
-2214
-2167
-2010
-1636
-1628
-1461
-1476
-1857
-2275
-2205
-1641
-1663
-2052
-2120
-1783
-1336
-875
-262
32
487
888
1203
1615
1920
2191
1944
1639
1404
1483
2137
2865
3459
3585
4419
5279
5864
6727
7307
8124
8484
8060
7585
7570
7414
6592
4875
2875
1062
-731
-2385
-3897
-5133
-6276
-7549
-8433
-8797
-8863
-8474
-8273
-8794
-8978
-8359
-7390
-6597
-6484
-6226
-5982
-5676
-5268
-4675
-3842
-3205
-2673
-1918
-341
1367
2640
3390
3914
4669
5053
5251
4873
4055
2914
1651
922
565
309
-298
-543
-426
392
1287
2218
2735
3206
4013
4317
5219
5743
6234
6352
5844
5465
5248
5073
4379
3296
2381
1378
678
165
-311
-976
-1784
-2614
-3303
-3914
-4233
-4360
-4911
-5567
-5530
-5081
-4777
-4804
-4363
-3863
-3360
-2973
-2722
-2020
-1455
-1199
-1019
-875
-704
-458
-535
-495
-464
-438
-264
-310
-235
-402
-116
274
484
1085
2047
3013
3298
3956
4873
5128
5169
5787
6473
6990
7098
7280
7778
8419
8427
7373
6149
4957
3647
2216
1015
-546
-2114
-3490
-4685
-5751
-6489
-6866
-7654
-8462
-8837
-8516
-7682
-7417
-7308
-7127
-6609
-6048
-5580
-4776
-4148
-3425
-2649
-1762
-623
790
1852
2392
2998
3505
4214
4488
3982
3029
2100
1556
941
171
-391
-794
-1280
-1574
-1252
-773
-332
-14
225
945
1939
2858
3510
3988
4372
4718
5078
5050
4758
4336
3876
3435
2777
2221
2091
1676
972
242
-210
-501
-1180
-1900
-2831
-3466
-3787
-4185
-4506
-5014
-5057
-4880
-4625
-4009
-3432
-2768
-2081
-1452
-956
-248
573
816
911
877
1034
886
1036
727
327
128
38
293
502
1004
1697
2627
2984
3319
3827
4015
3933
3995
3997
3671
3531
3493
3794
4155
4305
4355
3975
3471
2813
2565
1977
1186
258
-838
-1832
-2761
-3660
-4658
-5315
-6419
-7418
-7604
-7755
-7866
-7691
-7574
-7396
-7278
-6524
-5696
-5019
-4667
-3750
-2308
-1126
-12
764
1647
2213
2898
3464
4065
4318
4282
3601
3163
2979
3033
2661
1937
1736
1495
1269
909
691
523
367
189
378
826
1357
1849
2188
2536
2979
3244
3229
3512
3047
2748
2455
2492
2371
1555
1441
1243
699
-10
228
247
-399
-903
-1577
-2063
-2399
-2820
-3709
-4047
-4050
-4280
-4166
-3779
-3227
-2586
-2019
-1364
-772
20
332
504
380
234
199
-115
-426
-860
-939
-823
-702
-66
795
1667
2378
2967
3722
4339
4636
4530
4572
4292
3993
3673
3441
3294
2495
1973
912
343
25
-445
-869
-1430
-1706
-1745
-1810
-1954
-1964
-2387
-2866
-3422
-3455
-3572
-4110
-4619
-5072
-5628
-6138
-5983
-5654
-5714
-5538
-4832
-3696
-2355
-975
302
1299
2144
3120
4237
4688
5019
4598
4369
3703
3221
3281
2941
2390
1699
1878
1865
1692
1527
1078
669
398
369
351
614
1010
1018
937
1129
1277
1194
827
757
396
154
7
-188
-270
-695
-687
-797
-671
-539
-267
-96
-96
65
-106
-71
-41
-402
-1120
-1815
-1962
-2044
-2233
-2234
-2302
-2105
-1730
-1112
-254
165
581
721
1108
1063
996
1157
799
428
-75
-158
326
519
1210
1553
1836
1992
1990
2639
3132
3352
3100
2812
3058
3280
3486
3714
3221
2396
1310
726
260
-435
-1142
-1996
-2625
-3078
-3141
-3076
-3311
-3672
-3911
-3765
-3660
-3688
-3582
-3891
-4255
-4496
-4800
-4594
-4727
-5027
-5270
-5356
-4703
-3826
-2848
-2403
-1506
-451
652
1554
2576
3474
3735
3818
4277
4947
5307
5551
5669
5546
4788
4339
4196
3423
2606
1721
824
436
323
506
716
470
568
985
1042
1153
1513
1566
1458
1188
1017
891
641
6
-794
-1611
-2098
-2369
-2338
-2340
-2314
-2083
-1833
-1430
-1106
-802
-618
-570
-683
-796
-437
-546
-555
-401
-410
-266
-145
124
246
275
221
393
742
999
1041
938
847
1060
1530
1815
1727
1754
1773
1761
1706
1633
1621
1130
729
635
520
642
487
491
106
-348
-475
-618
-643
-1280
-1717
-2143
-2179
-2245
-2393
-2134
-2288
-2035
-2289
-2060
-1824
-1728
-1786
-2233
-2441
-2833
-3014
-3102
-3468
-3756
-3575
-3182
-3065
-2683
-2178
-1648
-638
-412
-8
464
1107
1831
2192
2618
3019
3781
4002
4255
4752
4893
4958
4487
4251
4039
4024
3755
3154
2474
1901
1415
936
440
128
-148
-600
-524
-351
102
338
356
383
288
302
119
-181
-287
-934
-1302
-1734
-2043
-2382
-2863
-2812
-3025
-2950
-2973
-2601
-2132
-1884
-1092
-769
-438
30
283
338
582
994
832
890
1030
1159
1443
1701
1965
1871
2032
2475
2693
2748
2864
2950
2771
2665
2540
2491
2127
1475
1097
699
230
-113
-86
-525
-1073
-1446
-1481
-1520
-1918
-2232
-2539
-2592
-3108
-3414
-3548
-3715
-3722
-3875
-3701
-3538
-3301
-2622
-2274
-2106
-2173
-1534
-1177
-1082
-1038
-763
-397
-447
-479
-703
-539
-494
-312
-274
89
683
959
1238
1477
1726
1730
1716
1987
1915
1839
2120
2290
2304
2093
2279
2249
1900
1481
1324
1287
1287
1058
1006
1259
1072
1139
978
1093
1141
1334
1355
1231
1138
1045
896
335
-25
-350
-614
-930
-1175
-1298
-1418
-1608
-1919
-1877
-1953
-2119
-2090
-1956
-1579
-1425
-1151
-1022
-791
-192
-24
242
937
1337
1728
2064
2416
2760
2969
3317
3607
3844
3793
3807
3838
3389
3285
2861
2397
1989
1443
1071
415
145
-238
-819
-1316
-1764
-1939
-2011
-2326
-2244
-2287
-2366
-2433
-2665
-3078
-3508
-3886
-4458
-4807
-5292
-5653
-5707
-5879
-5717
-5489
-5298
-4657
-3870
-3526
-2964
-2312
-1545
-943
-183
501
1050
1483
1922
2369
2762
3272
3150
3322
3157
2895
3202
3325
3279
2927
2736
2602
2443
2280
1712
1534
1137
980
884
871
997
938
825
699
886
796
996
1120
1207
1458
1851
2302
2443
2803
2665
2586
2486
2044
1812
1469
1084
452
-125
-418
-828
-1061
-1339
-1610
-1906
-2405
-2563
-2587
-2642
-2495
-2386
-2310
-2013
-1435
-1090
-747
-609
-454
-225
-26
306
693
1145
1319
1813
2238
2660
2846
3041
3061
2939
2896
2746
2568
2269
1835
1236
657
95
-636
-1498
-1940
-2227
-2619
-2599
-2446
-2447
-2686
-2718
-2561
-2527
-2781
-2845
-2828
-2792
-3094
-3100
-3285
-3509
-3754
-4012
-4012
-4077
-4134
-3898
-3599
-3262
-2632
-2018
-1366
-435
386
1236
2010
2489
3296
3635
4032
4493
4480
4282
4148
3942
3472
3205
2763
2418
1910
1575
1336
1092
913
499
97
-89
-440
-773
-984
-958
-987
-858
-662
-199
46
456
927
1168
1325
1788
2186
2297
2565
2524
2248
2165
1878
1905
1558
1049
806
240
-27
-476
-814
-1119
-1500
-1691
-1807
-1752
-1825
-1497
-1434
-1354
-1143
-1000
-658
-402
-372
-199
-53
181
320
651
1122
1481
1498
1685
2170
2409
2465
2439
2214
2238
2069
1854
1727
1251
736
154
-287
-681
-1000
-1577
-2099
-2242
-2515
-2666
-2998
-3065
-3266
-3448
-3405
-3631
-3546
-3389
-3275
-3147
-3177
-3289
-3269
-3200
-3214
-3089
-3058
-2945
-2819
-2407
-1588
-1015
-565
-43
571
1206
1868
2522
2759
3297
3596
3592
3485
3815
3868
3428
2950
2685
2765
2532
2284
1981
1521
1136
826
638
302
47
-230
-394
-467
-601
-613
-462
-483
-484
-336
-54
395
631
818
1219
1625
1653
1875
2019
2192
1929
1762
1669
1709
1569
1186
1034
663
417
286
-93
-439
-577
-758
-1053
-1285
-1135
-1009
-1001
-1060
-815
-888
-887
-593
-332
-248
-402
-100
17
60
103
131
230
60
52
596
629
908
985
1151
1258
1114
1145
862
597
121
-319
-839
-1136
-1438
-1885
-2515
-2967
-3415
-3581
-3668
-3878
-3935
-3847
-3555
-3128
-2710
-2720
-2375
-2205
-2290
-2298
-2307
-1929
-1893
-1926
-1984
-1576
-1022
-631
56
789
1187
1567
2135
2783
3389
3804
3939
3972
4044
3886
3808
3323
2758
2482
1883
1572
1542
1476
1428
1154
825
791
909
930
855
553
261
231
460
167
162
156
-58
-405
-481
-393
-247
-100
-86
192
573
866
990
1360
1632
1829
1718
1692
1551
1543
1039
680
416
117
57
-143
-106
-278
-431
-684
-634
-624
-624
-716
-697
-761
-581
-481
-464
-159
-288
-691
-856
-575
-532
-693
-754
-694
-567
-394
-163
14
120
-4
25
37
128
34
-248
-281
-493
-906
-1264
-1572
-1850
-2199
-2687
-3113
-3168
-3295
-3319
-3422
-3500
-3281
-3158
-3159
-3153
-2875
-2677
-2494
-2146
-1866
-1305
-853
-630
-277
-21
432
868
1224
1560
2065
2293
2508
2887
2991
3504
3485
3376
3634
3539
3378
3092
2966
2591
2129
2063
1827
1691
1413
1326
1274
1239
1339
1303
1520
1281
1288
1432
1376
1255
1107
861
576
307
117
-73
-324
-631
-574
-501
-506
-486
-327
-62
8
275
396
573
475
343
360
188
-60
-356
-534
-812
-1273
-1172
-1241
-1127
-943
-861
-589
-244
158
480
583
481
358
331
369
79
-56
-217
-274
-282
-622
-745
-392
-243
-296
-489
-125
20
-20
-59
-158
-16
-168
-149
-403
-581
-667
-928
-1113
-1531
-2169
-2572
-3078
-3366
-3717
-4071
-4094
-4077
-4221
-4186
-3898
-3496
-3269
-3120
-2779
-2370
-1914
-1487
-846
-293
83
496
1073
1766
2056
2424
2835
3388
3575
3590
3658
3711
3684
3371
3108
3030
2793
2464
2468
2290
2311
2137
1769
1815
1914
2075
1893
2155
2262
2181
2379
2373
2536
2338
2339
2349
2141
1892
1663
1544
1039
693
292
-42
-344
-490
-620
-670
-612
-525
-651
-811
-812
-1078
-1284
-1654
-1545
-1696
-1831
-2038
-2263
-2257
-2213
-2160
-2317
-1956
-1571
-1427
-1417
-1246
-933
-883
-991
-1109
-1086
-1233
-1208
-1257
-1298
-929
-1179
-1450
-1044
-832
-691
-650
-479
-245
-40
10
197
573
818
587
914
1135
1057
988
838
509
-168
-406
-910
-1344
-1655
-2292
-2363
-2656
-2739
-2842
-2719
-2466
-2484
-2105
-1747
-1186
-793
-536
-56
408
816
1202
1758
2172
2315
2697
3106
3485
3472
3727
3644
3477
3239
3160
3206
2699
2466
2216
2089
1829
1649
1609
1487
1199
936
980
798
673
652
773
704
687
827
783
817
805
696
642
549
374
348
72
33
-148
-370
-616
-764
-698
-921
-1136
-1394
-1309
-1709
-2117
-2281
-2462
-2626
-3104
-3179
-3087
-2880
-2710
-2637
-2120
-1682
-1550
-1213
-885
-470
-352
-309
-191
20
175
140
196
138
230
166
267
204
228
255
291
688
762
845
1124
1543
1569
1666
1721
1909
1888
1616
1706
1545
1420
1000
621
332
-261
-854
-1437
-1650
-2115
-2740
-3066
-3280
-3387
-3443
-3601
-3503
-3339
-2935
-2633
-2202
-1654
-1195
-755
-352
116
621
882
1242
1673
1972
2169
2367
2460
2411
2667
2765
2814
2644
2622
2845
2696
2672
2495
2594
2261
1977
1797
1706
1637
1233
1248
952
814
718
718
612
485
372
268
372
417
660
925
806
836
902
1049
998
765
556
519
337
216
-11
-199
-343
-763
-1018
-1339
-1479
-1768
-2010
-2197
-2142
-2157
-2333
-2219
-2309
-2150
-1911
-1963
-1829
-1692
-1500
-1534
-1477
-1233
-1160
-1241
-1442
-1258
-1375
-1400
-1508
-1299
-905
-808
-552
-274
73
267
425
657
876
941
859
990
1132
937
807
701
360
78
-338
-514
-807
-1104
-1280
-1536
-1531
-1696
-1744
-1620
-1789
-1807
-1551
-1341
-1057
-859
-442
-256
26
331
660
1046
1399
1891
2184
2329
2700
3111
3296
3342
3300
3512
3516
3510
3481
3511
3386
3236
3068
3011
2774
2440
2333
2141
1739
1308
967
838
535
-16
-405
-546
-774
-1123
-1440
-1682
-1668
-1772
-1794
-1672
-1493
-1221
-1202
-1319
-1201
-963
-757
-738
-724
-431
-363
-332
-202
-280
-411
-815
-1063
-1200
-1348
-1604
-1496
-1548
-1638
-1667
-1662
-1367
-1068
-1210
-1329
-1034
-872
-886
-1192
-1053
-951
-1192
-1239
-1022
-931
-1039
-933
-787
-378
-212
24
362
516
805
1104
1376
1550
1505
1420
1221
1428
1269
1045
787
741
395
-63
-387
-560
-971
-1203
-1276
-1429
-1319
-1429
-1024
-837
-838
-782
-679
-362
-222
-84
132
319
490
535
524
935
925
980
1126
1413
1772
1776
1819
2115
2216
2203
2291
2378
2568
2494
2528
2431
2380
2272
2089
2002
1661
1403
1060
1211
1123
763
607
305
162
-223
-295
-426
-615
-947
-1161
-1231
-1321
-1393
-1566
-1396
-1471
-1674
-1503
-1280
-1042
-887
-738
-619
-423
-270
-286
-265
-411
-636
-738
-815
-1027
-1087
-1176
-1406
-1355
-1226
-1106
-1128
-1150
-1119
-1179
-1288
-1236
-1172
-1290
-1360
-1262
-1242
-1151
-1023
-978
-690
-587
-236
100
435
927
983
1188
1487
1693
1758
1855
1891
1909
1568
1357
1292
941
623
433
174
-133
-444
-478
-748
-753
-805
-957
-955
-817
-663
-690
-502
-384
-196
-134
-7
-69
134
226
153
99
118
231
320
426
284
412
584
911
1102
1017
1102
1221
1376
1453
1701
1803
1790
1760
1657
1737
1688
1572
1479
1229
971
847
1013
796
452
417
395
265
106
-164
-137
-159
-474
-698
-687
-701
-1015
-991
-761
-691
-905
-917
-698
-570
-582
-664
-424
-290
-424
-439
-352
-234
-583
-844
-890
-957
-1240
-1368
-1405
-1455
-1526
-1513
-1274
-1492
-1427
-1650
-1472
-1305
-1579
-1419
-1197
-1050
-1227
-1371
-895
-673
-694
-600
-306
219
499
760
1057
1448
1515
1399
1640
1830
1770
1651
1409
1559
1425
1110
1065
748
494
201
92
29
-170
-203
-360
-119
-35
158
210
427
764
641
757
1024
972
791
596
433
455
298
282
325
180
91
190
191
283
208
213
371
363
358
575
578
650
649
600
818
653
471
477
480
318
-40
104
125
-96
-77
-115
-25
-78
-264
-314
-282
-395
-472
-370
-476
-476
-637
-515
-567
-562
-725
-814
-570
-641
-410
-303
-37
-58
-109
1
-203
-173
-398
-486
-633
-836
-966
-1178
-1246
-1293
-1390
-1389
-1149
-1143
-1138
-1086
-1056
-1221
-977
-1016
-949
-802
-877
-546
-471
-442
-72
181
332
383
707
913
1049
1423
1468
1601
1656
1829
1919
1807
1758
1768
1482
1301
1003
931
954
666
602
603
685
610
668
733
486
493
481
534
476
253
354
110
-100
-243
-217
-128
-495
-470
-407
-194
-225
-127
47
-153
39
-124
14
-11
52
97
-125
31
45
36
-159
-142
-140
-135
-142
6
78
-70
-101
-163
-140
-307
-285
-345
-401
-503
-426
-198
-187
-112
204
81
153
151
191
150
-43
51
-26
128
-56
-39
94
74
211
247
47
-91
-176
-413
-596
-708
-801
-1039
-1196
-1256
-1328
-1360
-1507
-1631
-1524
-1409
-1264
-1190
-955
-749
-516
-369
-349
44
177
327
438
671
873
904
902
887
1035
1039
1194
1289
1274
1388
1334
1360
1384
1147
1259
1294
1067
909
887
876
752
590
401
383
289
316
289
275
341
313
178
236
170
-81
-248
-244
-386
-653
-782
-752
-825
-991
-1138
-817
-554
-765
-749
-525
-78
-258
-124
271
158
170
136
274
357
68
215
229
177
110
-84
-64
6
-141
-193
-150
-59
9
48
115
201
380
474
498
490
472
611
421
288
335
349
333
191
374
161
100
18
-125
-186
-72
-125
-322
-31
-119
-434
-468
-673
-680
-905
-1376
-1343
-1558
-1756
-1839
-1886
-1777
-1772
-1742
-1702
-1492
-1316
-1062
-637
-592
-330
69
310
503
569
765
943
1072
1081
1052
1275
1272
1244
1342
1379
1711
1525
1315
1353
1543
1607
1508
1507
1488
1553
1500
1513
1475
1377
1319
1271
1235
920
952
927
713
391
141
53
-294
-589
-711
-774
-917
-1192
-1073
-1171
-1137
-1011
-1112
-1091
-1107
-908
-800
-534
-366
-417
-240
-69
-84
-167
-2
-110
-187
-411
-461
-434
-398
-432
-659
-418
-500
-636
-623
-591
-619
-719
-418
-428
-272
-204
-26
193
185
113
114
327
343
384
195
256
601
409
323
342
520
344
35
224
88
-37
-290
-471
-461
-613
-732
-995
-1072
-1073
-1339
-1385
-1237
-1221
-1265
-1156
-874
-923
-661
-500
-212
14
240
503
743
1146
1179
1292
1511
1731
1547
1518
1499
1641
1441
1413
1414
1500
1602
1398
1405
1520
1446
1168
1294
1380
1297
1200
1066
1171
1131
954
674
675
410
-36
-52
-336
-463
-661
-703
-936
-1043
-1108
-1363
-1386
-1317
-1394
-1306
-1365
-1225
-1142
-1090
-833
-702
-660
-513
-515
-390
-307
-116
-28
45
325
221
361
389
386
199
169
299
123
171
38
26
99
45
-65
-71
-210
-325
-476
-520
-423
-410
-392
-453
-430
-319
-347
-310
-253
-166
-149
-1
47
-104
-42
-88
-201
-364
-291
-342
-593
-659
-528
-810
-997
-1018
-885
-901
-934
-1088
-1038
-917
-794
-592
-467
-253
-28
185
222
474
557
824
770
872
1128
1129
1201
1275
1479
1489
1346
1463
1548
1440
1347
1329
1510
1321
1253
1349
1451
1448
1341
1408
1425
1318
1079
887
773
663
368
261
15
-124
-366
-476
-673
-930
-956
-1222
-1249
-1173
-1231
-1075
-1121
-1025
-1234
-1079
-743
-682
-493
-673
-325
-75
27
87
145
304
314
223
194
282
207
316
314
197
299
351
408
334
153
187
87
-250
-506
-510
-533
-709
-874
-988
-1113
-1186
-1328
-1464
-1423
-1450
-1245
-1121
-880
-649
-711
-465
-370
-180
120
97
170
400
268
390
299
315
270
-78
139
62
-104
-151
34
327
-10
-22
351
423
149
344
498
530
655
771
865
846
911
1002
1034
1038
1032
1155
1196
1135
1149
1149
1100
1164
1127
1106
1016
884
620
623
682
428
411
438
186
248
375
157
221
40
-100
-138
-244
-483
-571
-221
-680
-862
-783
-616
-696
-1041
-987
-800
-824
-835
-766
-533
-438
-501
-340
-156
-97
-189
-136
-126
-75
-145
-216
-96
-57
87
234
143
96
141
147
123
134
301
245
200
283
354
215
-11
-180
-269
-604
-669
-827
-1020
-1030
-1236
-1314
-1183
-1234
-1204
-1234
-1274
-1088
-912
-745
-633
-508
-339
-216
-59
55
153
34
171
229
336
219
166
384
312
488
380
437
636
606
702
731
729
739
847
843
738
785
645
742
653
440
491
580
438
359
352
