18
-3
21
22
34
51
8
47
51
52
84
56
67
62
78
81
37
18
67
24
69
61
67
64
27
88
30
36
36
51
34
27
18
17
-2
-11
-3
29
3
-2
-5
2
-5
24
35
49
13
40
74
1
-15
70
40
69
-8
43
74
21
56
68
61
87
44
62
103
47
77
63
64
83
47
68
60
29
26
57
28
36
24
76
50
35
33
26
10
14
45
-4
17
-45
-34
-14
-45
-25
-33
4
-29
-15
12
8
-34
-43
5
-5
-22
-52
10
-20
-20
-16
-25
14
-41
12
-24
11
36
13
6
-34
-35
-56
1
-20
-15
-12
16
2
16
41
23
-19
-25
-27
-21
-42
-37
8
27
0
15
43
41
20
31
-11
47
74
26
37
51
81
55
20
9
58
19
28
45
51
59
37
96
68
30
32
57
16
16
3
32
60
57
42
45
76
79
28
55
45
45
53
58
67
54
46
78
79
28
68
87
56
37
45
75
74
71
60
43
76
78
61
54
83
108
98
95
88
102
106
92
76
78
74
23
6
23
34
3
-32
19
16
-25
-48
-8
-39
-38
-11
1
-30
-88
-70
-74
-77
-55
-59
-8
-29
5
-26
-31
-30
-72
-32
-52
-54
-62
-31
-34
-25
21
-43
7
12
1
-14
2
18
37
43
20
75
56
101
71
64
82
84
102
58
52
106
71
75
67
133
145
98
97
70
113
69
43
98
74
53
95
111
91
23
20
61
15
15
25
17
-3
-14
30
14
-50
-20
-69
-48
-41
-32
-41
-25
-31
-20
-82
-41
-45
-39
-90
-73
-12
0
-40
-46
45
-29
-44
6
39
-11
23
27
13
6
50
44
86
41
18
86
62
68
99
109
56
92
84
89
82
54
103
80
81
96
110
121
116
126
146
149
91
80
80
106
85
92
92
109
61
57
81
85
51
7
59
13
-10
40
-29
-23
16
-62
-37
-17
-41
-36
-7
-3
-13
-20
-9
-19
-64
-67
-8
-40
-70
-62
-48
-12
-3
-36
-99
-63
16
2
-52
-43
-6
-14
-52
-38
-23
-33
25
51
57
55
42
80
83
84
61
140
59
69
101
72
87
63
113
80
17
35
80
67
37
-5
41
43
33
21
35
8
5
27
-9
6
-7
-8
-11
-1
5
-18
9
12
4
-31
5
-17
-19
3
23
21
-44
5
-2
-15
1
-29
-39
-19
55
-1
3
-3
-5
11
26
13
41
29
34
32
36
86
43
45
20
50
51
28
17
70
57
84
64
52
73
79
44
20
70
36
71
38
21
58
22
42
70
74
64
37
61
50
40
42
57
68
5
36
34
61
-5
6
36
-7
-11
-14
44
51
12
42
82
58
60
75
81
28
10
12
25
63
4
18
58
49
79
47
57
14
2
42
19
5
-24
1
2
-16
26
1
-28
-29
-39
-35
-56
-6
-28
-28
-28
-12
-13
-33
-22
31
-31
-35
-17
14
-26
-51
-15
33
-38
-14
36
23
-7
4
34
46
47
58
87
39
24
78
51
45
65
33
53
35
37
66
69
70
105
69
93
84
42
54
64
83
81
51
81
87
93
57
38
36
3
3
5
26
-32
-40
1
32
-36
-32
-27
28
-9
-18
11
-31
-16
-1
2
12
12
-23
16
-4
21
-7
21
10
6
34
-16
-5
30
25
12
-16
60
19
-23
44
62
44
19
33
53
0
25
80
59
37
47
99
52
63
40
42
32
1
19
23
7
15
18
65
-1
1
-22
39
44
19
63
43
74
36
9
12
-7
25
4
34
17
20
5
24
-24
32
-9
-32
-35
-22
26
7
-26
1
23
32
-6
52
25
33
50
30
42
76
17
70
89
59
56
49
65
71
17
45
64
64
73
70
68
43
41
51
63
36
19
51
34
56
50
34
61
11
27
40
17
-12
-2
17
40
57
4
16
30
-17
10
19
-1
-9
12
-12
1
-45
-36
-20
-3
-14
-5
12
-26
-31
13
18
-46
-32
11
20
6
-47
9
39
23
7
47
31
41
-11
46
28
41
26
53
37
60
42
51
67
59
99
83
72
61
25
66
121
105
52
65
126
121
71
56
98
111
24
24
92
115
46
83
95
61
35
38
55
1
-25
-6
24
8
-14
-30
11
-95
-53
4
-47
-45
-74
-76
-91
-60
-15
-43
-48
-13
-32
-101
-71
-40
-76
-109
-49
-59
-76
-68
-16
-59
-58
-44
27
57
11
90
369
474
439
392
222
4
-231
-343
-406
-246
-170
-163
21
266
356
228
116
36
22
-77
-253
-204
1
180
184
274
320
302
259
57
-104
-128
-208
-262
-314
-139
45
261
441
510
586
531
439
244
-18
-168
-192
-234
-282
-136
-38
66
137
132
46
10
-31
-38
-60
1
84
188
210
180
174
108
-35
-106
-151
-166
-218
-212
-149
-122
-66
-56
-2
27
59
28
40
55
44
78
121
67
84
129
143
112
102
186
133
108
80
53
76
83
6
24
61
12
-65
-5
-10
-41
-7
-16
-13
-11
-17
-39
-74
-40
-24
-37
-35
-64
-10
-49
-82
-128
-161
-170
-173
-189
-166
-64
-6
72
100
98
123
121
52
24
-63
-127
-122
-77
-80
-62
-34
33
3
6
-3
1
-29
-55
-86
-29
10
-11
17
61
173
147
184
166
144
142
91
89
141
144
155
179
209
432
723
860
811
683
382
-63
-409
-636
-702
-525
-311
-270
34
287
362
226
60
-160
-164
-338
-563
-422
-124
31
114
236
231
95
-13
-232
-316
-412
-519
-543
-547
-387
-110
261
412
606
710
505
400
139
-177
-335
-406
-456
-413
-224
-15
194
298
168
216
194
170
143
161
326
376
588
862
1084
1150
1035
968
679
315
-2
-262
-334
-406
-344
-226
-23
229
221
128
106
73
-67
-348
-469
-389
-247
-155
-44
157
261
268
86
-69
-227
-414
-638
-812
-818
-794
-672
-419
-130
116
340
540
587
437
204
82
-39
-232
-345
-281
-184
-170
-183
-102
-126
-236
-322
-442
-468
-521
-430
-277
-125
120
262
454
525
470
409
201
28
-157
-366
-449
-482
-379
-348
-220
-35
115
134
195
307
316
366
616
973
1000
838
749
434
9
-372
-506
-501
-299
-410
-340
39
303
290
142
149
83
146
-61
-297
29
397
441
391
467
380
210
55
-256
-459
-563
-671
-726
-634
-317
46
406
652
802
806
672
500
100
-151
-244
-344
-504
-461
-182
-58
113
147
33
-51
-95
-203
-210
-24
72
205
309
583
1214
1621
1654
1505
1322
825
11
-505
-629
-443
-490
-598
-144
461
619
219
26
91
-128
-623
-1092
-934
-504
-182
24
346
839
888
608
242
-137
-522
-984
-1378
-1657
-1651
-1308
-821
-289
205
742
1129
1174
953
498
251
8
-277
-513
-417
-114
74
164
86
12
-142
-496
-838
-1093
-1174
-1055
-892
-474
-6
465
872
1151
1154
966
808
477
6
-476
-680
-700
-740
-633
-414
-171
28
141
471
854
1035
965
659
454
174
-80
-225
-101
258
211
73
274
474
173
-190
-339
-525
-488
-591
-810
-529
-3
245
264
421
503
426
317
23
-126
-239
-390
-460
-513
-377
-121
144
291
419
541
527
482
262
-77
-148
-123
-277
-379
-212
-61
58
114
124
201
206
174
145
150
219
346
946
1683
2142
2177
2063
1846
1063
-94
-705
-769
-888
-1419
-1407
-491
375
340
-69
122
403
-5
-774
-1100
-762
-415
-350
-123
487
1072
1049
876
599
252
-319
-960
-1433
-1967
-2051
-1644
-1119
-559
35
847
1367
1456
1184
804
599
194
-271
-515
-323
17
32
76
-9
-56
-280
-732
-1062
-1260
-1271
-1204
-1070
-665
-299
251
763
1005
1017
870
778
411
-123
-567
-705
-849
-1075
-960
-323
318
561
705
782
560
161
-173
-439
-305
-15
-38
38
520
923
825
545
273
10
-142
-560
-1011
-846
-471
-130
20
227
484
736
692
448
406
349
166
-127
-269
-160
139
397
389
463
504
417
189
-239
-500
-464
-387
-565
-515
-223
11
222
280
214
286
292
144
-65
-109
-77
95
179
306
1174
2283
2632
2371
2112
1925
873
-383
-1098
-957
-850
-1359
-1261
-150
775
445
-195
-33
142
-526
-1595
-1714
-894
-354
-179
279
1131
1630
1343
907
602
89
-796
-1609
-2044
-2498
-2335
-1634
-732
86
813
1660
2004
1692
950
332
53
-397
-952
-969
-306
245
268
429
626
500
-130
-661
-942
-1195
-1335
-1154
-816
-391
20
582
921
914
811
568
592
163
-446
-677
-534
-249
83
458
591
475
3
-517
-942
-1165
-1119
-577
-290
-267
285
980
1087
628
205
-93
-228
-655
-1341
-1147
-427
-65
-168
-1
236
236
70
-186
-265
-189
-188
-261
-169
254
745
1067
1243
1232
1072
727
374
-240
-773
-732
-551
-445
-252
238
722
805
668
355
146
-48
-171
-120
99
543
722
832
775
833
1378
2297
2977
2740
2178
1829
1207
-87
-916
-613
-115
-363
-979
-648
393
321
-937
-1574
-1097
-1091
-2209
-2845
-1815
-338
228
339
1197
2036
1648
672
151
-4
-612
-1507
-1984
-2231
-2264
-1819
-908
-55
403
873
1273
1128
317
-363
-277
-219
-462
-437
406
1373
1346
899
737
562
-293
-1354
-1791
-1832
-1804
-1402
-724
37
780
1309
1661
1583
1067
605
362
-12
-819
-922
119
875
589
249
344
-51
-1262
-1823
-1604
-1013
-746
-883
-199
999
1315
758
457
297
-92
-577
-1228
-1414
-650
-90
-22
238
490
278
156
-246
-916
-1021
-858
-803
-762
-215
807
1755
2174
2214
2121
1637
613
-524
-1458
-1954
-1953
-1785
-1418
-477
562
1252
1733
1768
1486
1163
710
57
-309
-156
136
285
302
453
750
1494
2796
3553
3311
2598
2006
734
-1081
-1750
-1129
152
353
-27
828
2307
1937
-424
-1602
-1004
-1245
-3209
-4555
-3182
-1238
-904
-817
735
2761
2777
1523
1111
1034
52
-1684
-2541
-2728
-2971
-2598
-1304
181
980
1720
2611
2545
1181
-372
-653
-770
-1970
-2368
-871
952
995
751
1477
1811
699
-1141
-1565
-1672
-2137
-2268
-1475
-173
527
1150
1902
2142
1563
724
503
-162
-1198
-1147
-62
623
95
-184
135
-146
-1262
-2013
-1151
-565
-1029
-856
380
1036
622
372
608
910
578
-435
-520
-126
-422
-854
-738
-519
-822
-755
-767
-925
-1064
-776
-387
-80
296
1063
2026
2372
2235
2205
2086
1511
446
-688
-1278
-1932
-2630
-2742
-2068
-1272
-740
66
623
798
944
1244
1454
1452
1427
1412
1310
954
530
234
541
1890
3397
3826
3449
2987
2200
356
-1394
-1642
-505
-136
-1190
-1000
1223
2636
661
-1462
-584
404
-1419
-4168
-3654
-771
231
-540
178
2721
3539
1589
268
486
215
-1722
-3121
-3035
-3028
-3088
-2149
-118
1220
1982
3186
4046
2969
586
-633
-800
-1990
-3582
-2992
-513
447
-395
-116
1112
835
-1070
-2167
-1956
-2234
-2885
-2272
-385
1080
2087
3296
4114
3336
1806
918
127
-1977
-3758
-2679
-592
-300
-747
123
1189
119
-1843
-2320
-848
-238
-1211
-755
1486
2745
2107
1639
1661
1242
222
-1170
-1821
-1915
-1855
-1785
-1609
-1573
-1870
-1377
-850
-1008
-634
316
987
870
944
1776
2569
2772
2664
2680
2362
1059
-289
-1728
-2744
-3448
-3868
-3477
-2380
-1074
-87
1106
1557
1464
1704
1887
1828
1530
1568
1808
1888
1631
1122
989
2569
5115
6356
5394
3996
3063
649
-3230
-5062
-3289
-776
-985
-1815
447
4028
3377
-1080
-2638
-765
-1190
-5632
-7811
-4069
204
707
753
4345
7454
5646
2170
820
110
-2428
-5415
-6097
-5584
-5280
-3984
-685
2396
3588
4784
6117
5063
1364
-1588
-1947
-2856
-5283
-5196
-1273
1454
757
607
2368
2269
-905
-3538
-3779
-3949
-5065
-4586
-1825
1300
3199
5005
6766
6503
4359
2337
1032
-1735
-5388
-5512
-2602
-1259
-1930
-1059
1549
1656
-919
-2033
-238
1719
529
-710
1524
4306
3930
2410
2136
1767
1048
-516
-2622
-3231
-2689
-2364
-2954
-3049
-2855
-2010
-617
-636
-469
711
1843
1494
1011
2224
3609
4018
3482
2970
2399
855
-1030
-2783
-4314
-5292
-5888
-5849
-4754
-2641
-699
524
1226
1479
1796
1925
2194
2646
3473
3875
3413
2751
1884
629
12
2486
6228
7110
5250
3775
2858
-786
-5177
-5296
-1228
1171
-903
-1066
3620
6431
1558
-4246
-3548
-1449
-4524
-9866
-8392
-1112
2820
2139
3445
8241
9199
4484
655
161
-1148
-4731
-7003
-6552
-6345
-5671
-2577
1613
4167
5070
6874
7394
4403
-191
-2154
-2091
-4121
-6215
-3909
803
1723
-187
700
2032
-449
-4577
-5661
-4017
-4396
-5181
-2530
1942
4345
5306
7207
8280
6390
3251
1136
-1447
-5751
-8795
-8036
-5295
-3105
-1322
1758
4144
2455
-1256
-2207
-585
-851
-1470
-71
2063
3918
5419
5911
4757
3138
995
-1715
-4410
-6916
-7255
-5546
-4534
-4509
-3580
-1322
-429
404
2038
3801
5167
4908
3902
3400
3503
3654
3979
3818
2491
1002
-910
-3543
-5875
-7080
-6597
-5883
-5019
-3449
-1064
707
1308
1894
2522
2697
2781
3280
3469
4009
5191
5789
4939
3023
3438
7236
9220
6759
2969
1720
-447
-6682
-11306
-8820
-2564
-1649
-4335
-987
7096
8999
1489
-3220
-162
799
-6093
-12884
-8804
-37
1999
241
3375
9780
8898
2300
-654
-468
-2699
-7446
-9152
-8497
-7980
-5772
-807
4656
7621
9637
11502
10296
5339
125
-1576
-2982
-7247
-8849
-5234
-1465
-1945
-2168
1740
3255
-552
-4264
-3796
-2922
-5169
-5152
-612
3906
5566
6681
9136
9908
7914
5340
3094
-888
-7165
-9732
-7055
-5490
-6692
-6008
-2434
-2566
-6293
-6414
-1285
4113
4486
3734
6723
10299
9290
4885
2219
599
-1272
-3456
-7006
-8241
-6016
-3694
-3834
-4398
-3306
-2194
-1010
-1781
-2248
156
3321
3651
2845
5052
7411
8091
7539
6830
5540
2565
-735
-4355
-7607
-9416
-9418
-8226
-6211
-2975
-13
1472
2119
2264
2013
2023
2155
2948
4189
4764
4602
4550
4925
4368
5492
10157
13207
10725
4940
2222
-877
-8137
-13291
-10665
-3930
-3811
-6177
-723
8647
9055
-432
-3994
425
-191
-9359
-14594
-7121
1187
1429
386
5977
12303
9095
2167
311
392
-3726
-9436
-10458
-9623
-9785
-7553
-1454
4632
7067
9780
12648
10512
4472
-409
-1029
-2837
-7122
-7000
-2295
727
-1020
-1235
1687
600
-4509
-7317
-5284
-5186
-8128
-7009
-1011
4071
5278
7454
11878
13334
10683
7021
4569
469
-4484
-5606
-4619
-5422
-6876
-6453
-5283
-7421
-9258
-7766
-2646
996
-354
1970
7725
10682
8199
6478
7020
5507
3384
-103
-3239
-3689
-3014
-4794
-7787
-8311
-7730
-6575
-5529
-5410
-3064
683
2792
2638
3829
7372
9041
9338
8942
8756
7578
4310
1305
-2501
-5883
-8114
-8830
-7973
-7189
-5190
-3518
-2665
-2042
-1172
492
1905
3617
5688
7399
7423
6228
5928
7279
11279
14180
13367
9975
6510
2280
-5579
-11790
-11875
-7849
-6812
-9684
-7017
2027
6695
667
-4909
-995
2172
-4039
-12765
-10129
-46
2338
41
2802
11015
12473
5732
1623
1211
-1185
-7793
-11813
-11265
-10928
-9394
-5139
1658
6411
8079
10395
11577
8867
2500
-1676
-2055
-4031
-5734
-3898
386
2606
2125
2376
885
-3268
-7146
-8135
-8326
-9973
-9616
-6269
-1323
2678
4989
8282
11377
12372
10333
7659
7044
5628
2707
-1317
-5010
-6906
-7672
-8282
-9911
-9089
-5597
-3103
-3251
-2850
1382
4751
4948
4289
4436
5094
5111
4305
3159
2707
3297
2659
-388
-3616
-5219
-5307
-6544
-8996
-10144
-7705
-5174
-4582
-2637
3225
8986
10288
9560
9236
8184
5049
1494
-725
-1815
-3099
-3450
-3329
-3872
-3937
-2984
-2262
-3027
-3826
-3004
-1754
-1325
-954
834
3412
5035
6011
5915
5785
9244
14397
16012
11836
7738
6209
1441
-6617
-12034
-8245
-2758
-5834
-9561
-3377
6233
2892
-8041
-9559
-3356
-3536
-12251
-13235
-2544
5243
4094
2691
9076
13991
10034
4527
1905
-898
-6889
-11881
-12511
-11983
-9548
-4019
2829
7464
8575
9851
10273
8078
2857
-1530
-2668
-4703
-6297
-4297
561
3736
5003
7100
5563
-184
-5765
-8031
-8970
-11884
-12986
-9551
-4108
-264
2275
7277
12395
12689
8526
4631
3154
-57
-2779
-1212
-174
-1176
-2440
-2713
-4874
-7066
-5565
-3943
-2473
-4668
-6678
-2719
2663
4194
2643
5123
6385
4473
2603
-101
639
2591
2691
-553
-3001
-2326
-3820
-5077
-5716
-5653
-4353
-3804
-3923
-2932
2273
7871
10946
12508
12028
10131
5695
773
-3169
-6144
-7224
-7658
-6922
-5733
-4272
-2709
-670
1345
807
-542
-200
302
-270
-177
1279
2703
5193
11650
17130
18119
15341
12985
9671
1216
-7218
-10213
-7108
-7464
-12253
-9372
1905
7950
1237
-4509
-567
1100
-6872
-16709
-15270
-6878
-3762
-4070
-70
9099
13187
10155
8076
7087
3479
-2977
-8852
-13606
-17061
-15289
-9010
-2162
3507
8979
15178
17043
13371
6923
2087
-826
-6111
-9617
-8592
-4849
-1591
1307
5970
6949
4717
2725
-101
-5406
-11951
-14110
-12543
-10373
-8739
-4718
4044
11620
13704
12623
12883
12705
6721
1258
-484
-2679
-5605
-8414
-9979
-11572
-9444
-5011
-2521
322
777
1592
3243
3161
692
-1040
623
-112
-277
1049
1924
4033
5382
5067
2090
-242
-2511
-5912
-7427
-8545
-7989
-6753
-5813
-4474
-1716
3294
7299
10543
13093
13881
12669
9685
6335
2401
-1866
-5877
-8810
-9601
-9330
-7964
-6208
-3739
-2020
-2440
-1929
4
2105
3160
3494
4434
4241
5328
10528
15508
17023
15101
13885
11568
3610
-4423
-6791
-3342
-4600
-10074
-8070
1166
5197
-1794
-6432
-3186
-1894
-8865
-16909
-14821
-7285
-4217
-4326
-778
7418
10977
8683
7894
8185
5926
437
-4724
-9543
-13630
-13857
-10516
-5542
-1054
3798
9702
13686
13001
8516
4902
2699
-2124
-7089
-8225
-5159
-1022
2685
6172
6487
5525
3982
1148
-3679
-8419
-10046
-10170
-10851
-11601
-9165
-1804
4521
6382
7321
10152
11050
8353
6576
3887
191
-4627
-8875
-12656
-14143
-11086
-6883
-2853
-1122
826
4698
6741
5465
3554
3223
2143
599
-768
-2686
-1604
1382
2510
1284
347
852
-945
-3781
-6118
-6084
-4279
-4149
-4020
-2235
1035
3121
6166
10273
12475
13107
12731
11396
8040
4005
929
-1978
-4288
-6939
-9712
-11272
-11223
-10712
-10721
-8926
-5126
-1186
1901
4192
6580
8179
8997
11851
15490
16976
14554
10982
9242
4316
-2681
-6606
-4032
-1712
-5979
-7515
-1384
4776
665
-7029
-6641
-3658
-6300
-14121
-15770
-7985
-2013
-1101
329
6619
11784
9070
4940
3100
1635
-1877
-6588
-8636
-10180
-9748
-6433
-1342
3268
5137
7959
11408
11380
7284
2845
2139
628
-2653
-4807
-3541
384
2416
2557
1206
716
1293
-377
-3833
-6874
-6544
-4557
-5233
-6929
-6154
-1345
2840
3325
5069
8639
10471
6685
599
-2702
-4973
-6715
-9772
-11435
-10962
-9827
-7808
-5953
-1822
2045
3827
3926
3043
3951
4579
3990
4037
5163
6011
3622
638
-1307
-2134
-3293
-5222
-5483
-5673
-6311
-8202
-8485
-6053
-3575
-337
3227
6502
8594
10192
11751
11476
10090
8539
7398
5436
2518
811
-186
-961
-2823
-4852
-5704
-6478
-7642
-9349
-9445
-8081
-6413
-3349
-154
3595
6231
10106
16237
19354
18347
14351
12415
8965
882
-6070
-7319
-3760
-5173
-8916
-5225
3577
6524
-629
-5594
-3952
-5059
-12111
-18515
-14415
-6127
-2230
-680
2773
10140
13227
11520
9250
6187
1939
-5192
-11435
-15633
-16922
-12745
-6142
-342
3009
6627
11367
12565
9734
4708
1976
215
-3946
-7120
-6174
-552
4556
6733
7412
6430
4785
879
-4081
-7625
-9366
-7747
-6541
-6305
-5088
-1361
4420
6365
5881
6354
7728
7848
6055
4026
1999
-519
-4320
-9073
-12191
-12022
-10380
-8456
-7870
-7077
-3984
-354
1326
1582
3296
4663
5348
6334
5881
5695
6613
6779
3978
-308
-3733
-6519
-7885
-9274
-10718
-9995
-8350
-8256
-8535
-5409
-754
3580
7521
10808
12732
12527
11610
9943
8626
7169
5092
2947
2001
834
-1873
-3367
-3524
-5021
-7903
-9219
-9230
-8901
-7952
-5604
-2359
3197
12108
18856
20616
18518
17119
14306
7014
-485
-3162
-2126
-5662
-10769
-8297
423
4166
-1224
-4763
-2311
-2974
-10736
-18548
-15957
-8437
-5825
-5838
-1590
7176
11026
9842
9855
10345
8107
2056
-4079
-9218
-12423
-11482
-7566
-3393
-470
2917
8204
10842
8780
5852
5661
5343
81
-5483
-5991
-2960
-447
588
2164
3703
4818
3771
774
-1399
-2412
-2790
-4577
-6690
-7895
-6179
-2087
605
2921
6473
10256
10011
5197
985
-1014
-2488
-5524
-9489
-10927
-10259
-9646
-9370
-7047
-3520
-2183
-3141
-4433
-3158
191
2284
3242
5150
7850
7999
5805
4571
4875
3997
471
-3058
-5212
-7687
-9280
-8370
-5686
-3172
-1415
-42
1305
3753
6380
7226
7347
6894
5152
3255
2652
3687
4980
6459
7386
7009
5007
2941
976
-1436
-3989
-6697
-8268
-9057
-8843
-8035
-5812
-1160
7047
14827
17490
15566
13842
12492
6507
-852
-2535
985
409
-4555
-4636
2162
6064
1085
-4860
-4721
-3994
-9466
-17822
-19333
-13224
-8152
-6894
-4444
2772
8674
8946
6967
5826
5619
2901
-1639
-5582
-7777
-6642
-2434
1919
4585
6880
10320
11309
6786
703
-2158
-2170
-4291
-6797
-5601
-714
4395
6026
5966
6711
7377
5183
273
-2857
-3388
-3200
-3030
-2423
-592
1731
4229
5022
4732
4412
3437
1652
-1516
-4397
-5225
-4958
-4936
-5183
-5562
-5090
-4107
-2775
-2399
-2692
-3158
-5053
-7548
-7786
-4961
-1436
1927
5759
8006
7033
5095
3380
913
-2537
-5098
-6105
-7191
-8953
-9467
-7362
-3443
-463
1518
3530
4988
4325
2703
2287
2224
1842
1171
681
472
1179
2913
4285
5482
5654
4132
2546
1711
877
-421
-1010
-503
-1377
-3115
-4229
-1385
6376
13041
15903
14561
14488
13574
6238
-1775
-4044
-861
-2328
-8243
-7211
2074
8513
3989
-1028
834
1185
-6017
-16005
-17579
-12055
-8999
-9388
-8154
-1076
4926
5408
4769
5430
5394
1396
-4046
-8483
-11468
-10727
-6793
-1378
3381
8266
14386
16964
14129
9259
5684
2057
-4316
-9904
-11029
-7852
-3681
-567
2989
6295
8086
6930
3501
575
-1451
-3201
-5048
-5992
-4593
-1550
2569
6359
9847
13145
14166
10655
3591
-2482
-6444
-9855
-13001
-13394
-10545
-7087
-4845
-2172
1917
4137
2309
-1363
-4394
-6116
-7115
-6908
-4090
183
3674
5736
6808
7571
6778
4144
276
-4521
-9159
-12514
-13620
-12471
-9943
-6632
-2026
3164
6408
8021
9221
9820
8080
4696
1520
-869
-2061
-2315
-1974
-652
1140
2431
2297
1578
1288
957
624
519
800
927
776
1831
7671
14687
16813
14071
11428
9708
3123
-5152
-7914
-3385
-851
-4791
-6159
475
7639
4802
-2330
-2376
64
-4560
-15127
-18454
-11685
-6082
-5225
-4250
1586
7021
6135
3048
1604
1319
-1264
-5647
-10045
-12704
-11194
-6156
-797
3020
6637
11752
14688
12615
8042
5304
4158
-179
-6112
-8173
-5184
-1201
994
2562
4185
5140
3897
647
-1692
-2267
-2008
-2128
-2166
-809
2176
5658
7783
8392
9874
11186
9300
3645
-1468
-3495
-5691
-8621
-10052
-8521
-6931
-6150
-4307
-991
1848
2011
309
-1936
-3749
-4929
-5462
-4955
-2765
184
1997
2301
3183
4438
5256
4098
1072
-2334
-5844
-9231
-12152
-12385
-10813
-8282
-5121
-2421
626
4421
8220
10138
9843
8564
5987
2717
-11
-1557
-2105
-1878
-1427
-1324
-1790
-1696
-1357
-1381
-1416
-1195
192
1210
2868
8412
15382
18994
17165
14627
12401
6106
-2301
-7197
-5703
-5226
-8600
-8739
-2161
4524
2592
-2529
-1911
680
-2782
-11521
-15168
-11038
-7415
-7494
-6804
-176
7336
8514
6197
4528
4547
1489
-5125
-10569
-13306
-12824
-10682
-6906
-2044
3304
9784
13768
12751
9244
6869
5831
1583
-3671
-5664
-3306
-397
125
1394
4096
6990
6251
2558
-634
-2509
-4269
-6670
-7751
-5817
-2111
2236
6933
11131
14790
16992
16439
12231
5580
-187
-5068
-9771
-13429
-14415
-12869
-10362
-6867
-3002
551
2868
3266
2375
451
-1164
-2181
-3008
-3042
-2239
-817
1043
2845
3429
3209
2175
483
-2424
-5345
-7012
-8075
-8696
-9166
-7681
-4485
-1495
994
3751
6016
6528
5648
5073
5394
4843
3994
3258
2365
1227
-176
-1450
-2461
-3483
-4300
-4235
-3578
-2782
-1610
-179
3276
10341
16774
18634
16642
15471
13554
6386
-1337
-4383
-3233
-5280
-10362
-9623
-1894
3815
919
-3723
-2897
-1557
-6769
-15651
-17215
-11140
-7023
-7075
-5616
2186
9044
9452
7928
7429
6675
1688
-5570
-11525
-14819
-14232
-11308
-7177
-2293
3601
9790
12986
12171
9781
8090
6031
1234
-4362
-6749
-4862
-2365
-1984
-668
3310
6766
6444
4273
3045
1785
-1249
-5921
-8856
-8563
-5944
-2634
1772
7490
13138
16506
16638
13446
8750
4269
-599
-5681
-10262
-11908
-11434
-9571
-6206
-2863
325
2171
2308
969
-820
-1370
-1824
-1898
-1000
412
2212
3436
4968
5597
4465
1885
-1881
-5551
-9104
-10675
-10435
-8853
-7001
-5186
-2002
507
2332
3824
5266
5204
3483
1862
786
424
843
1998
2716
2777
2109
657
-972
-2785
-4406
-5376
-5565
-4643
-3170
-1209
3976
11903
18040
19580
17751
16025
11638
3762
-3678
-5938
-5166
-6916
-8649
-5169
2940
6672
3453
221
25
-1585
-9147
-17662
-18971
-14837
-11733
-10978
-6688
2721
9571
10732
10057
10387
9232
3967
-2682
-8325
-11340
-11651
-10143
-7041
-3198
2017
6961
8673
7364
4761
3349
1430
-2098
-5032
-5291
-1757
1590
2754
3655
6055
8231
6316
2708
1132
349
-1884
-5302
-6879
-6045
-3871
-617
2834
6686
9789
11530
10275
6221
2334
-338
-2626
-5255
-7047
-6677
-4682
-2308
-32
2242
3937
4319
2888
431
-1575
-2446
-2617
-2396
-1761
-921
-322
185
1125
1687
1184
-10
-1627
-3908
-6122
-6747
-5933
-4890
-3412
-840
1175
1783
1793
1900
1548
-24
-1115
-957
-650
-650
-347
1411
3000
3032
2202
1548
895
-1060
-3270
-4549
-4779
-4726
-4041
-1666
3490
10542
16194
18313
17596
15741
11183
3963
-2279
-4546
-5039
-7365
-8428
-4556
2152
5190
2744
672
320
-2220
-9269
-16045
-16600
-13482
-12213
-12211
-7924
392
6637
8195
8390
9407
8576
3577
-3037
-7821
-9310
-8373
-6174
-2956
1528
6989
11054
11002
8018
4880
2238
-1594
-7060
-10654
-9999
-6206
-2227
1013
5090
9629
11720
9777
6778
4932
3045
-503
-4694
-6456
-5869
-4256
-1736
1616
5618
8463
9092
7139
2886
-1181
-4768
-7817
-10419
-11437
-9854
-6840
-2920
867
4134
7111
8603
7945
4860
1578
-325
-1331
-2128
-2941
-1705
125
1014
1059
714
410
-981
-3102
-5750
-7486
-7576
-6836
-5314
-3248
-250
3176
5653
6706
6644
5674
4565
2791
210
-1492
-1332
-612
-802
-530
598
1671
1529
391
-907
-2363
-3932
-5382
-5690
-5005
-1837
5024
12449
17323
18005
18094
17332
12013
3917
-2356
-4052
-7027
-11685
-11794
-4674
3173
3795
981
727
1402
-3128
-12087
-16903
-15482
-13316
-13854
-13669
-7306
1573
6930
8546
9825
10951
8018
1187
-5904
-10164
-11441
-10686
-8341
-4297
1574
8030
12802
14132
12504
9782
5462
-1109
-7735
-11528
-11234
-8799
-5778
-1967
2510
7017
9562
9913
9594
8269
5145
378
-3629
-5489
-4953
-2603
892
4880
8195
10266
9868
7539
4125
126
-4315
-9671
-14081
-15868
-14719
-11748
-7425
-1919
3449
7270
9044
9270
8363
7077
5305
2353
41
-427
292
463
600
1243
1090
-274
-2744
-5708
-8048
-9033
-8904
-8438
-7301
-4324
-514
2088
3320
4923
6447
6153
4580
3009
2198
1297
155
-682
-909
76
1067
1345
951
353
-1041
-3281
-5355
-5828
-5670
-3255
3409
10724
15076
15778
16731
16778
12066
4540
-525
-1121
-3924
-9065
-9722
-3012
4076
3664
990
1809
2878
-1918
-10983
-15102
-13833
-12873
-14962
-15348
-8999
-1354
3236
5129
7416
9232
6920
1091
-4989
-8199
-9125
-8500
-6517
-3386
1548
7774
12651
13988
12675
10999
7586
1436
-5375
-9913
-10802
-10266
-9368
-7512
-3527
1637
4782
6272
7436
8106
7482
4614
1875
25
-95
1032
2271
3606
4785
6904
7717
6022
2735
352
-2047
-6546
-10847
-12638
-11977
-10870
-9501
-7412
-4408
-1153
1460
3430
5475
7519
8554
8099
6897
6365
5701
5154
4487
2551
-449
-3199
-5555
-7818
-9461
-9649
-8684
-7584
-6703
-4718
-1368
1735
3708
4587
4695
3887
2949
2042
1882
2425
3071
3030
2089
1762
2009
1575
479
-501
-1749
-3603
-5387
-5786
-4678
-1009
5736
12323
16100
15887
15654
14105
8866
2343
-1195
-2243
-6148
-10341
-8783
-1142
4910
4853
3314
4032
3220
-3273
-12053
-15118
-13706
-13536
-15392
-14544
-8296
-2290
1245
3430
6097
7487
4448
-1343
-6926
-9644
-9800
-8545
-6099
-2463
2902
8528
12443
14150
14312
13450
10304
5149
-350
-4415
-5864
-6237
-6954
-7680
-6536
-4519
-3337
-1626
984
3461
4846
4982
4510
4402
5235
6692
7744
8112
7791
7506
6646
4199
1436
-938
-3823
-7837
-11791
-13345
-12786
-12081
-10651
-8093
-5041
-2930
-1783
74
2848
5432
6572
6517
6635
6997
6363
5561
5780
5724
3928
545
-3054
-5497
-7592
-9133
-9733
-9511
-8376
-7109
-5085
-2362
1118
4168
5638
5796
5053
4464
4012
3657
3547
2988
2010
922
167
16
-2
606
549
-1274
-3642
-5411
-5287
-1324
5119
11054
14660
16267
17177
14447
9343
4428
2121
-565
-7041
-11859
-10932
-5524
-2380
-1789
707
4458
4750
-1215
-7369
-8176
-7230
-9004
-12585
-12282
-7909
-4834
-3271
-228
4515
6407
3791
-865
-5584
-8521
-10183
-10346
-8784
-5377
59
5421
9248
11726
13346
13617
11243
7160
2996
-168
-1736
-3024
-4236
-4865
-4194
-3023
-3450
-2908
-1120
404
151
-656
154
1446
3325
5814
8407
10084
10583
10842
10026
8051
5566
2493
-1342
-6092
-10326
-12552
-13064
-12292
-11582
-10157
-7725
-5662
-4718
-3843
-976
2224
4032
5055
6762
8657
9232
8841
8642
7847
5403
1606
-2256
-5160
-7393
-9044
-9700
-9468
-8196
-6109
-3839
-1885
47
2293
3216
2901
2469
2485
3238
4058
4571
4827
5238
5723
4962
3862
2357
762
-1300
-4259
-6849
-8679
-8934
-5259
741
7112
11617
14549
17290
16439
12656
7458
4573
1675
-4381
-8774
-8716
-4408
-2265
-3067
-1812
1017
2240
-2488
-7762
-8850
-8787
-10612
-13699
-12374
-7410
-3345
-888
1667
5366
7533
5912
1567
-2863
-5728
-8217
-10399
-10527
-7543
-1831
3287
6698
9082
10781
11260
8873
5433
2590
1020
-31
-1553
-2329
-2431
-1351
-213
-118
681
1727
2585
1592
-427
-1578
-1776
-349
1175
2953
5208
7368
9144
8986
7838
6319
4627
1792
-2827
-6319
-8375
-9202
-9564
-8963
-7414
-6067
-4584
-4367
-4707
-4475
-3293
-1721
-511
1341
4021
6806
8390
9321
9760
9020
6284
2492
-1357
-4897
-7352
-8847
-9682
-9039
-6974
-4656
-2617
-767
1238
1981
1564
727
315
152
465
1472
2610
3993
5354
6532
6612
5731
4817
3210
27
-3739
-6463
-8315
-7585
-2861
3405
8522
11431
14266
14895
12117
7821
5042
3479
-985
-5708
-6081
-1879
1024
210
-65
1847
2825
-1292
-7648
-10195
-10173
-10849
-13421
-13368
-8668
-4020
-1448
238
3438
6435
6373
3448
-506
-3371
-5497
-7848
-8590
-7231
-3037
1749
4347
5818
7282
8113
6005
2251
-363
-1318
-1629
-1928
-1950
-1789
-962
49
642
1220
2464
3534
3286
1283
-619
-1551
-711
536
1332
3127
5008
6503
5889
4314
3493
3062
1551
-2301
-4842
-5747
-6793
-7179
-6411
-3601
-1567
-995
-1600
-2367
-2192
-2178
-2072
-1886
-796
1171
2555
3742
5903
8120
8788
7567
5046
2061
-1125
-4309
-6307
-7202
-7005
-5761
-3974
-2006
133
1980
2494
1741
535
-584
-1598
-1965
-1479
-622
479
2347
3834
4424
4816
4890
3829
1897
-633
-2422
-4090
-4949
-1947
3122
7318
8706
10772
12179
9869
5476
2240
1393
-2009
-6172
-6687
-2486
1916
1920
1334
2827
4208
1228
-5026
-8499
-9331
-10454
-13172
-14230
-10753
-5562
-1623
577
3153
5572
5653
3136
-949
-4228
-6576
-7731
-7498
-6083
-2504
3029
7644
9635
9529
8928
7649
4502
752
-1969
-2682
-2820
-3232
-3444
-2874
-1106
150
711
1076
1970
2959
2679
1955
857
766
1641
2304
2858
3581
5575
6691
5129
3066
1688
228
-3237
-6786
-8083
-7986
-7761
-7808
-6025
-3240
-962
-9
-410
-347
-555
-1183
-1980
-1448
580
2243
3750
5495
7029
7843
6804
4666
2006
-925
-3943
-6304
-7430
-7592
-6588
-4767
-2215
466
2569
3968
3856
3082
2055
962
-126
-1026
-1087
-846
521
1967
2700
3189
3386
2800
1114
-326
-1496
-3050
-3810
-724
3917
7325
8613
10286
11493
8826
4776
2212
1964
-1404
-6341
-7435
-3736
472
557
-148
1434
3343
1668
-3203
-5950
-6191
-7319
-10562
-13263
-11721
-7894
-4657
-2094
673
3653
5153
4367
1546
-1420
-3237
-4715
-6034
-6536
-4334
114
3962
6328
7739
8784
8784
7022
4632
2541
1400
713
-68
-1455
-2744
-2547
-1769
-1352
-640
233
1376
1934
1572
891
1081
2611
3357
3057
2805
4002
4906
3792
2331
1751
1240
-1042
-4185
-6097
-6454
-7192
-8463
-8440
-6974
-5215
-4086
-3707
-2736
-1460
-1295
-1757
-1170
551
2384
3761
5206
6882
7586
6896
5599
4002
1916
-587
-3095
-4901
-5466
-5272
-4389
-3154
-1628
-293
287
410
656
1088
1335
1291
1321
1800
2552
3481
4453
4723
4505
3761
2710
988
-1562
-3448
-4610
-2946
859
4457
6516
7381
8969
7871
4921
1757
1432
842
-3637
-6702
-5028
-177
1120
-987
-1383
161
673
-2834
-5518
-4926
-4032
-5457
-9153
-10279
-8062
-5478
-4182
-3032
-967
884
1113
427
-433
-499
-214
-665
-1763
-2362
-64
2989
4423
4802
5093
5607
4300
2737
2572
3556
4644
4119
2921
1504
409
-248
-1118
-1323
-1249
-1006
-1043
-942
537
2116
3716
4837
4579
3522
2258
1772
1263
208
-519
-1106
-1576
-2498
-2819
-1739
-962
-1648
-4033
-5749
-6679
-7297
-7382
-6363
-4604
-3575
-3448
-3042
-1149
1327
3154
4046
5055
5560
5037
3605
2744
2571
2210
1128
-442
-1373
-1654
-1772
-2058
-1946
-893
-386
-614
-1283
-999
-687
-644
-581
-151
1036
2012
2471
2841
3564
4487
4625
4132
3024
1311
-930
-453
2621
5121
5179
4191
5507
5040
2305
-654
8
950
-2500
-5778
-4656
605
1878
-792
-1954
-658
-117
-3505
-6313
-5334
-2981
-2938
-5686
-6579
-4361
-2272
-2090
-3420
-3628
-2569
-2327
-3846
-5256
-3200
-235
793
633
876
3529
5893
5874
4225
3321
3323
1816
-58
-827
1164
3822
4775
4075
3025
2404
1784
375
-1453
-2242
-2124
-2049
-1958
-410
2449
5231
5915
5536
4471
3174
1613
101
-888
-1987
-2792
-3530
-3278
-2848
-2003
-979
-1106
-1911
-3022
-3923
-4587
-4973
-5043
-4335
-3508
-2944
-2337
-1104
483
1701
2401
2565
3135
3479
3124
2523
2030
1700
1361
1198
707
504
666
158
-821
-1446
-1067
-676
-621
-958
-981
-390
-62
32
563
1533
2582
2815
3105
3499
3754
3515
2549
1067
1179
4324
7423
8501
7036
6410
5522
2789
-1334
-3313
-2133
-3739
-6302
-6142
-1524
1995
932
-1222
-2660
-2797
-4573
-7254
-7824
-6306
-3970
-4484
-5922
-4962
-1949
-152
-1919
-4381
-5668
-5913
-7146
-9218
-8502
-4865
-1237
900
2238
4747
8320
10126
9082
6926
5387
3302
506
-1299
-19
3226
5594
6078
4658
2911
1621
110
-1636
-2710
-2810
-2674
-1814
982
4934
8405
9713
9307
7594
5328
3044
667
-1456
-3425
-4727
-5266
-4879
-3906
-2771
-1613
-1449
-1865
-2553
-3225
-3995
-4585
-4631
-4645
-3553
-2016
-1087
-571
-101
253
-358
-905
-1139
-1233
-352
862
1853
2065
2092
1921
1273
109
-669
-1477
-1973
-2158
-2247
-1296
17
1623
2043
1788
1543
1475
1260
395
441
993
1936
2391
3196
4121
4507
4192
3662
5794
8385
9837
8728
7075
5992
3238
356
-1445
-510
-868
-3290
-3937
-1537
1488
712
-1388
-2585
-3624
-5158
-7828
-8113
-6604
-4731
-3380
-4051
-3568
-2310
-961
-1673
-3858
-5183
-6724
-8418
-10630
-10872
-8461
-5633
-2864
-456
2181
4991
6864
7167
6153
4881
3488
1604
405
190
1196
2845
4229
4552
3679
3359
2766
1565
-42
-1075
-157
53
241
841
2567
4349
4590
4959
5103
5079
4156
2802
2071
784
-662
-2258
-3715
-4664
-4821
-4257
-4325
-4496
-3671
-2700
-2172
-2424
-2083
-1826
-2118
-2961
-3689
-3378
-2527
-1951
-1168
566
2103
3409
4616
5656
6232
6447
5775
3716
1344
-356
-1723
-3440
-4031
-3572
-2777
-1748
-659
830
2212
3229
2990
2163
2066
2137
1602
1306
2118
3583
4018
3452
2489
2335
3965
5647
6108
5670
5509
4288
1403
-1197
-1993
-1412
-2074
-3940
-3741
-1306
705
4
-1791
-2929
-3646
-4740
-6949
-7960
-7753
-6558
-5790
-6398
-4826
-2053
-409
-908
-1938
-1963
-2530
-3938
-6050
-7163
-6919
-6042
-4748
-2541
1072
5062
7375
7728
6776
5537
3869
1797
7
-891
-467
345
1262
2540
3858
5124
5845
5410
4981
4718
4414
2985
2011
2201
1830
993
-28
-124
63
180
85
110
570
130
-380
-818
-922
-1198
-2008
-2783
-3447
-3298
-3005
-2781
-2175
-1520
-577
-276
-1054
-2575
-3522
-4251
-5646
-6535
-5968
-4076
-2701
-783
1738
4144
6189
7041
7583
7543
6854
5069
2712
909
-842
-2365
-3125
-2802
-2452
-2166
-1676
-759
10
486
764
876
1168
596
483
1067
2236
3153
4396
6764
8864
9883
8545
7613
6980
5035
1784
-898
-2016
-3527
-5195
-5366
-3396
-529
-112
-1364
-2810
-3592
-4124
-5781
-6209
-5899
-4332
-3148
-3157
-2595
-1738
-352
-926
-2942
-4148
-4810
-5574
-7308
-7808
-6782
-5150
-3327
-2179
-187
2383
4918
6217
6052
6024
5831
4471
2166
317
-33
-128
-813
-1592
-1058
347
1401
2450
2912
3335
3462
3482
3630
4288
5008
5473
5011
4408
3251
1776
625
-756
-2024
-3197
-3391
-3152
-2973
-2783
-2403
-1972
-1803
-2151
-2210
-2139
-1953
-1836
-1435
183
1074
1653
1406
711
-462
-1961
-2732
-3916
-4651
-5230
-5055
-4335
-3083
-947
636
2256
3733
4785
5071
4908
4646
3964
2898
1609
938
697
389
363
394
444
552
151
-180
-623
-1280
-1805
-1933
-1347
-970
362
3378
5897
7712
8066
9080
9139
7870
6271
4552
3537
893
-1500
-3166
-2813
-1888
-2331
-2585
-2798
-3102
-4002
-5070
-5539
-6192
-6220
-5877
-5391
-4259
-2992
-1668
-1436
-1950
-2555
-2592
-2984
-4180
-5070
-6097
-6225
-5554
-4483
-2487
-46
1837
3219
4220
5687
6485
6302
4978
3152
1633
44
-839
-1535
-1264
-491
126
1091
1340
2201
3056
3243
3610
3475
4383
5181
5028
4875
4579
4370
3085
938
-1008
-2509
-3185
-4118
-4804
-4636
-4069
-3879
-4054
-3107
-1831
-895
-987
-1417
-1292
-692
320
1339
1758
2224
2304
1305
-218
-1676
-2192
-2697
-3676
-4447
-4560
-3958
-2742
-1597
-346
1241
2749
3280
3303
3621
4781
5801
5457
4836
3968
2872
1833
968
747
495
565
248
-377
-624
-478
-436
-907
-232
765
1934
2852
4017
5217
5619
5846
5727
5371
4245
2858
1470
35
-833
-1384
-2427
-3389
-3651
-3102
-2635
-3350
-3930
-4088
-4592
-5561
-6122
-5713
-4786
-4634
-4954
-4527
-3867
-3832
-4173
-4202
-3561
-3181
-3521
-3317
-2385
-1398
-889
-451
741
1828
2555
2884
3702
4669
4884
4281
3078
1550
-285
-1303
-1666
-1825
-1220
-72
1098
2037
3204
4698
5530
5917
5566
5188
5029
4619
4429
3644
2447
528
-1380
-3059
-4313
-4787
-4586
-4364
-4725
-4435
-3497
-2502
-1521
-483
102
439
144
-59
411
912
1540
1654
1469
1206
346
-713
-1261
-1023
-1323
-2760
-4165
-4628
-4500
-3928
-2530
-970
674
1824
2965
4321
5573
6770
7186
6692
5257
3975
3090
2329
1625
1022
581
19
-676
-1243
-1241
-1176
-426
245
132
888
1535
1991
2575
3009
3960
4247
4408
3853
2830
1824
533
-817
-2829
-3839
-4593
-4681
-4515
-4834
-4032
-3305
-3443
-4124
-4533
-4319
-4348
-4257
-3780
-3366
-2910
-2990
-3053
-2644
-2198
-1959
-1845
-1655
-1585
-1201
-442
106
425
470
859
1601
2350
3206
3685
4032
3450
2215
983
160
377
-7
220
600
941
1181
1994
3299
4123
4611
4584
3742
3133
3017
3191
3220
2565
1709
562
-276
-1222
-2054
-2585
-2950
-3697
-4637
-4789
-4244
-3514
-2637
-1739
-1132
-640
-72
158
243
411
621
774
921
1003
858
796
62
-1037
-2132
-3034
-3805
-4084
-4316
-4168
-3375
-2148
-390
961
2348
3761
4684
5043
5228
5669
5821
5199
4081
3175
2362
1950
1805
1880
1745
898
395
307
341
220
426
882
737
60
-91
1194
2583
3864
4175
4115
3825
2928
1995
676
-471
-2010
-4246
-5440
-6160
-5688
-5143
-4695
-4340
-4257
-4016
-4431
-4824
-4643
-4220
-4215
-4404
-3973
-3146
-2024
-1026
-462
281
595
396
349
157
249
545
230
17
-243
511
1307
1939
2401
2387
2756
1975
1421
1598
1806
1541
587
477
1179
2343
3200
3607
4319
4535
4060
3186
2494
2314
1609
943
-129
-1140
-1171
-1078
-1455
-2303
-2500
-2245
-2239
-2287
-2143
-1870
-1600
-2073
-2429
-1929
-764
-161
-601
-343
309
1075
1348
1255
1104
483
-230
-1180
-1763
-1910
-2275
-3066
-4128
-4419
-4118
-2757
-1179
-414
483
1728
3117
4140
4670
5550
6011
5342
3774
2668
2323
2190
1820
1423
1567
1403
1119
892
947
475
30
-485
-1037
-975
-327
1265
2715
3712
4187
4605
4588
3681
2624
1739
667
-1300
-2833
-3780
-4412
-4459
-4221
-3683
-3514
-3667
-4323
-4990
-5625
-6186
-6407
-6031
-5164
-4123
-2572
-882
459
1418
2076
2067
1775
1345
323
-733
-1662
-1957
-2152
-1935
-891
-130
163
523
1174
1368
1456
1248
741
320
296
1358
2709
3859
4685
4941
5169
4506
3571
2817
2031
978
-41
-685
-895
-659
-155
-192
-542
-250
-329
-444
-332
53
31
-877
-1284
-1162
-721
-194
345
1067
710
-246
-472
-798
-998
-1433
-1425
-1519
-1614
-1088
-390
-293
60
143
-1062
-2491
-3248
-3377
-3085
-2339
-1425
-188
981
2465
3776
4755
5369
5237
4740
3394
1783
571
204
233
597
1047
1970
2951
2801
2172
1427
852
-252
-1468
-1476
-271
584
1111
2143
3097
3445
2787
2178
1266
-116
-1357
-2291
-3044
-3506
-3459
-3044
-2274
-1689
-1058
-766
-1513
-2709
-4402
-5920
-6663
-6963
-6447
-5165
-3633
-2025
-50
2073
3599
3915
2993
1305
-501
-1647
-2380
-2520
-1841
-988
-104
765
1542
2341
2598
2307
1534
451
-229
-557
-388
936
2316
3360
4464
5084
4781
3893
2993
1954
279
-1123
-1596
-1687
-1433
-465
708
1485
1975
2077
1943
1059
-278
-1574
-2857
-3574
-3631
-3129
-2134
-666
957
1998
2174
2038
1474
477
-558
-1757
-2594
-3055
-2993
-2383
-1762
-727
79
395
-83
-577
-1110
-1713
-2167
-2219
-1482
-213
1121
2623
3994
5256
5543
4999
4185
2972
1723
330
-638
-1009
-243
735
1544
2377
2790
3168
2570
1699
1245
1160
1162
594
-186
-369
433
693
493
583
716
266
-685
-1704
-2124
-2511
-2823
-3512
-3690
-3083
-2343
-1346
-1332
-1727
-2195
-3178
-4391
-5361
-5233
-4429
-3295
-2081
-476
739
1555
2050
1613
672
-76
-1076
-2202
-2882
-2683
-2105
-1055
405
1450
2667
3413
3619
3573
3121
2549
1310
300
-355
-431
250
816
1852
2677
3044
2792
2134
1476
629
-82
-678
-1204
-714
75
484
1340
2163
2716
2198
1446
896
-441
-1443
-2352
-2950
-3195
-2773
-1580
-249
1088
1960
2384
2459
1497
275
-1082
-2140
-3279
-3524
-2725
-1824
-725
423
1246
1533
1680
1157
20
-1047
-1901
-2288
-1862
-1181
-152
1137
2601
3608
4020
4119
4012
3441
2296
611
-553
-767
-998
-787
-427
555
1645
2061
2193
2019
1709
491
-725
-1181
-1441
-1304
-807
-172
593
1105
1462
1515
885
-216
-1642
-2751
-3767
-4440
-4381
-3887
-3096
-2223
-1517
-825
-710
-953
-1295
-1448
-1666
-1690
-1106
-623
-184
-76
356
504
392
-100
-988
-1604
-2352
-2769
-2711
-1855
-866
76
1073
2092
3118
3584
3676
3586
3394
2520
1569
1210
1267
1419
1237
1544
1722
1188
765
648
460
-67
-433
-573
-410
-36
388
1053
1509
1689
1528
1787
1375
670
-46
-815
-1435
-2050
-1926
-1340
-278
873
1501
1774
1416
505
-545
-1964
-3015
-3741
-4155
-3694
-2518
-1044
435
1954
2974
2944
2424
1537
142
-973
-1773
-2203
-2174
-1921
-910
313
1801
3010
3540
3335
2598
1779
963
469
-118
-364
-164
450
1155
1630
2053
2190
1723
772
-189
-913
-1519
-1493
-1060
-595
-31
696
1163
924
409
-51
-763
-1805
-3002
-3842
-3944
-4174
-3649
-2311
-954
309
768
964
779
27
-787
-1331
-1822
-2103
-1991
-1752
-1006
-113
487
728
283
-446
-1441
-1803
-1891
-1645
-1447
-935
94
814
1866
3033
3321
3266
2586
1563
901
113
63
189
664
1100
1344
1653
1837
2146
2043
1375
578
-455
-1437
-1643
-1526
-1028
-233
678
1482
1834
2172
2079
1839
664
-482
-1391
-2275
-2255
-2051
-709
489
1295
1776
1626
1137
317
-336
-1369
-2608
-3070
-3047
-2648
-1703
-489
740
1495
2066
1970
1371
582
128
-436
-1194
-1252
-511
695
1671
2621
3670
4240
3935
2909
2229
1289
227
-307
-758
-797
-695
-197
312
872
1279
1672
1470
686
232
-26
-162
-148
59
232
159
147
-137
-448
-945
-1809
-2634
-3562
-4067
-4295
-4011
-3591
-3041
-1934
-1223
-700
-309
114
90
-233
-622
-1190
-1478
-1510
-1473
-1275
-1418
-1347
-1556
-1905
-1751
-2035
-1960
-1925
-1706
-1599
-1635
-1127
-207
1225
2261
2789
3476
3632
3670
3347
3209
2995
2633
2389
2198
2174
2086
2282
2322
2025
1504
1050
709
212
-241
-8
777
1323
1676
2053
2571
2599
2275
2174
1886
795
-172
-772
-1267
-1439
-1109
-709
-491
-393
-336
-872
-1704
-1949
-2379
-2898
-3197
-3185
-2917
-2611
-1992
-1179
-507
-243
-157
-8
-454
-1039
-1238
-1267
-1284
-1130
-739
-51
767
1670
2381
2874
2982
2588
1725
1157
898
401
-38
-55
-39
43
494
1214
1508
1715
1881
1636
1292
1087
1028
888
667
395
499
155
-124
-429
-872
-1519
-1965
-2068
-2431
-2355
-2115
-1674
-1451
-1187
-563
52
365
457
628
472
70
-361
-501
-759
-1227
-1537
-1712
-1967
-2517
-2463
-2210
-2144
-2323
-2337
-2288
-2277
-1845
-1315
-294
742
1585
2413
3028
3303
3101
3261
3379
2847
2375
1929
1576
1324
838
357
295
324
172
-242
-106
-42
69
443
1076
1738
1995
2107
2553
2653
2182
1820
1245
807
58
-448
-820
-1002
-909
-971
-767
-765
-631
-690
-1020
-1163
-1365
-1611
-1983
-1773
-1929
-1814
-1636
-1221
-782
-456
51
45
-25
-133
-252
-668
-900
-1069
-456
279
783
1393
1801
2175
2288
2092
1679
1204
917
601
173
197
-86
-247
-116
183
422
430
805
1135
1080
1120
1257
1166
748
392
62
-590
-1347
-1774
-2053
-2240
-2187
-1689
-1515
-1471
-1424
-1182
-1004
-810
-428
-424
-350
-292
-146
265
360
198
42
-215
-733
-1113
-1344
-1276
-1582
-2005
-2109
-2242
-2091
-1938
-1328
-883
-661
-11
632
1415
2182
2545
2889
3109
3145
3085
3186
3107
2648
2051
1441
1011
374
-221
-282
-663
-1260
-1337
-1189
-425
99
563
1174
1670
1782
1812
1791
1194
713
414
165
-190
-474
-683
-823
-980
-1058
-863
-855
-723
-549
-724
-740
-656
-751
-1109
-1103
-1003
-1076
-893
-736
-457
-295
-90
60
192
216
40
-153
-195
-138
-97
87
679
1357
1664
1798
1981
1890
1579
1584
1343
1126
485
-96
-275
-379
-332
-297
32
330
630
674
738
957
1079
936
849
562
-17
-356
-613
-1132
-1504
-1149
-962
-1229
-1333
-1052
-916
-1147
-1218
-1262
-1104
-1120
-1062
-980
-729
-127
212
330
152
72
-72
-462
-866
-1147
-1392
-1824
-2167
-2434
-2355
-2068
-1754
-1547
-991
-572
-261
430
1010
1648
2051
2438
2338
2449
2564
2528
2473
2113
1852
1346
937
641
216
-338
-926
-1070
-921
-859
-785
-157
606
1033
1407
1818
1956
1772
1364
1083
662
323
22
-258
-451
-429
-304
-94
-42
10
-113
-271
-257
-539
-998
-1333
-1520
-1749
-1494
-961
-652
-217
195
486
672
821
603
389
103
-237
-957
-910
-414
-117
601
1258
1818
1780
1770
1643
1243
739
414
36
-244
-526
-706
-326
377
686
1107
1199
1130
947
539
243
229
97
-67
-504
-712
-614
-530
-292
-415
-335
-381
-228
-554
-982
-699
-491
-550
-469
-435
-318
-300
-321
-435
-428
-595
-879
-805
-897
-888
-681
-758
-968
-1608
-2182
-2142
-2115
-1917
-1873
-1632
-1425
-1151
-596
-89
483
773
1095
1337
1750
1756
1792
1759
1726
1625
1426
1120
901
881
639
277
38
-198
-437
-703
-614
-28
444
722
1249
1539
1583
1492
1348
979
651
187
-267
-200
-120
59
279
571
722
636
672
831
590
62
-469
-1147
-1527
-1930
-1925
-1447
-800
-126
171
923
1102
1092
1114
735
488
-151
-559
-606
-324
58
589
926
1152
1619
1477
992
701
234
-183
-665
-830
-737
-544
-224
76
596
926
1069
998
789
492
55
-505
-898
-1193
-1076
-976
-984
-969
-790
-893
-1017
-1249
-1458
-1340
-1540
-1381
-1319
-916
-289
-172
-69
174
393
396
237
-146
-187
-235
-394
-491
-366
-288
-619
-767
-830
-1205
-1299
-1372
-1320
-1001
-695
-92
580
1093
1426
1858
2448
2418
2447
2467
2576
2182
1546
1493
1249
739
196
345
332
74
88
348
359
155
213
434
677
775
896
807
937
789
697
713
364
-39
-458
-446
-867
-1033
-994
-852
-601
-403
-205
-18
214
-59
-730
-1103
-1224
-1665
-1906
-1738
-1330
-1103
-773
-352
-132
128
-58
-394
-494
-659
-797
-1036
-924
-457
-373
-138
547
1033
1151
1103
1303
1005
285
-170
-341
-483
-455
-353
-20
374
681
1040
1294
1069
1139
876
681
609
387
553
526
648
566
406
572
600
404
-43
-297
-342
-706
-805
-661
-619
-676
-463
-1
217
266
490
778
640
405
335
167
-458
-957
-1205
-1219
-1338
-1608
-1522
-1775
-1634
-1588
-1331
-1149
-792
-251
57
333
572
1105
1713
2045
1841
1672
1539
1032
937
818
421
47
-100
-32
-279
-160
29
163
30
154
281
324
345
331
848
1011
945
915
1119
1300
771
369
237
-266
-804
-902
-709
-376
-224
286
747
855
544
394
156
-273
-606
-951
-1231
-1152
-721
-320
17
236
59
-70
-316
-621
-763
-1157
-1399
-1366
-1250
-1005
-550
148
685
878
1012
1061
622
158
-121
-306
-471
-797
-546
-393
-289
-19
422
456
99
228
258
-101
-407
-335
-45
244
510
861
1318
987
706
399
165
-370
-832
-822
-934
-733
-619
-217
156
369
640
896
959
900
1018
679
423
51
-391
-489
-406
-263
-324
-220
-530
-677
-771
-858
-707
-816
-780
-522
-347
22
545
1113
1287
1272
1418
1273
960
722
521
607
550
441
148
-3
-71
-45
-252
-723
-847
-915
-1138
-1213
-678
-148
309
736
1083
1238
1041
744
271
-336
-906
-1389
-1347
-1325
-1178
-508
-62
322
527
782
857
484
-122
-478
-651
-793
-930
-560
-98
252
531
720
974
625
484
222
-131
-278
-299
-214
-147
380
1070
1407
1543
1581
1539
1295
892
649
338
124
83
-84
68
170
83
346
366
402
301
212
144
13
-27
26
92
356
552
222
39
54
-70
-683
-1355
-1398
-1646
-1772
-1736
-1390
-1070
-1006
-797
-837
-515
-322
-399
-412
-437
-316
-500
-612
-462
-469
-495
-548
-539
-600
-813
-1135
-1173
-859
-728
-675
-544
-98
121
551
970
1122
1170
1313
1651
1514
1442
1331
1681
1528
1137
824
538
423
127
-244
-718
-793
-661
-487
-330
-30
611
1102
1400
1719
1858
1693
1401
774
144
-433
-594
-497
-653
-321
-54
261
222
473
690
733
811
293
-14
-230
-402
-411
-399
-66
-37
-227
-389
-376
-387
-719
-900
-663
-717
-886
-738
-363
209
571
704
749
937
843
396
313
329
137
-338
-296
-462
-827
-799
-748
-694
-596
-557
-457
-294
-12
272
425
489
238
382
392
240
52
60
-34
-416
-667
-763
-895
-1057
-1325
-1225
-953
-1037
-721
-355
-72
269
594
1010
999
903
1019
1025
1146
875
780
489
116
75
-201
-443
-618
-708
-807
-1024
-686
-609
-13
448
491
770
1136
1237
1213
1346
1540
1410
1317
1525
1182
670
384
167
-462
-1123
-1295
-1236
-1421
-1482
-851
-359
-24
434
790
1041
974
842
541
213
-324
-756
-948
-910
-795
-663
-311
-62
210
276
301
198
-139
-235
-407
-519
-616
-536
-413
-403
-258
-49
45
-173
-131
-109
-301
-320
-132
110
152
134
379
697
849
819
741
765
1059
762
462
484
349
208
-307
-296
-88
32
-54
-167
142
16
223
324
405
467
379
644
580
559
507
523
404
-70
-190
-582
-909
-1235
-1504
-1469
-1479
-1531
-1756
-1612
-1034
-622
-376
-208
203
399
424
455
393
351
130
-154
-501
-407
-401
-322
-614
-812
-700
-686
-613
-634
-308
29
66
371
403
844
1092
1191
1553
1582
1943
1951
1738
1548
1381
1163
477
-5
-189
-231
-461
-363
-2
483
605
663
957
836
894
972
983
621
292
330
202
172
-45
92
299
240
-74
-2
214
-1
-399
-409
-677
-987
-869
-935
-1069
-1109
-1069
-1221
-1322
-1298
-1236
-1289
-1075
-777
-768
-593
-290
1
-78
-48
-140
-232
-329
-505
-319
-87
103
198
432
513
455
317
397
395
246
45
-179
-206
106
228
587
843
1003
1393
1463
1516
1493
1321
739
294
-141
-380
-595
-695
-367
-458
-640
-623
-362
-516
-698
-612
-696
-809
-645
-348
67
413
729
961
654
402
189
-181
-382
-778
-735
-777
-997
-854
-624
-292
-143
49
111
214
291
499
560
489
544
622
846
717
897
971
976
734
459
163
-218
-140
-528
-426
-126
136
130
299
656
635
499
520
545
574
385
194
9
23
21
242
305
359
403
163
352
372
284
175
115
80
43
162
-28
-81
-9
-355
-633
-959
-1033
-1156
-1053
-639
-353
-71
220
261
282
470
469
329
145
152
-10
-313
-271
72
227
263
237
183
141
-272
-399
-627
-975
-1238
-1133
-850
-623
-288
34
533
596
450
376
298
-3
-432
-754
-964
-982
-791
-581
-508
-320
-320
-175
-387
-437
-511
-482
-394
-530
-162
245
678
1072
1608
1595
1308
1151
802
547
-67
-395
-358
-375
-431
-346
-48
417
572
680
787
615
398
382
57
-231
-395
-215
33
214
373
358
482
506
383
208
-34
-207
-376
-406
-210
-63
200
82
147
311
129
242
228
46
-28
-129
-110
-113
-68
25
295
434
171
83
278
221
82
136
345
500
380
450
549
569
300
155
-80
-372
-641
-688
-304
-156
-65
297
652
563
478
564
186
6
-132
-274
-340
-121
9
248
570
637
642
530
451
-39
-523
-800
-948
-1171
-1240
-830
-593
-204
-108
221
548
518
211
-42
-282
-713
-932
-1034
-916
-969
-759
-260
-82
-259
-98
123
-298
-766
-916
-819
-848
-1179
-838
-129
194
467
678
801
644
202
-31
-97
-472
-893
-877
-522
-82
11
554
1065
1268
1367
1153
1017
590
136
93
-86
-87
41
425
796
841
1272
1291
1249
998
723
697
578
542
386
545
703
775
692
722
676
419
211
149
-235
-252
-83
-175
-54
-33
155
-75
44
-30
-196
-437
-624
-532
-502
-508
-420
-172
-194
-435
-714
-899
-699
-1001
-1350
-1338
-1221
-1142
-748
-616
-649
-227
-226
-244
-335
-92
-96
-330
-324
35
192
211
572
829
1029
876
924
1104
662
163
34
147
-95
-163
-20
577
1061
814
1120
1450
1324
922
670
424
45
-374
-462
-255
-126
207
466
540
728
531
223
-120
-281
-487
-868
-851
-747
-433
-141
142
299
457
326
68
-79
-474
-584
-697
-932
-913
-550
-196
-109
313
717
523
238
-61
-236
-534
-935
-1138
-1020
-892
-907
-754
-267
69
225
203
359
319
16
28
-217
-101
-93
-100
66
13
72
142
-62
25
247
40
12
59
99
104
216
423
230
321
413
333
321
120
313
529
388
217
614
797
596
373
533
517
235
-79
-142
-48
-276
-220
-116
-34
97
267
437
455
525
609
538
258
180
231
182
66
17
144
302
376
174
100
-93
-196
-404
-720
-809
-692
-498
-480
-289
87
131
64
-67
-267
-339
-615
-770
-955
-895
-615
-583
-410
25
232
277
481
335
178
-99
-199
-172
-201
-227
-47
210
367
591
525
542
328
136
60
-26
-53
55
18
450
770
