-62
-48
-21
-86
-29
-36
-20
-40
-7
-18
19
-8
13
-12
-53
-61
-29
-37
0
-28
-22
5
39
16
16
31
-9
38
-12
-3
54
23
49
59
81
121
88
71
59
72
118
115
69
98
134
103
94
100
91
58
67
87
53
31
67
45
43
29
8
15
7
17
1
62
42
14
25
48
61
-11
-1
-6
-1
-58
-18
27
22
-13
-29
27
8
-10
1
-23
-14
3
-50
-16
48
25
63
25
44
59
67
20
48
36
4
25
34
32
58
86
35
53
35
63
77
59
28
47
93
57
32
86
62
88
39
39
12
17
8
2
-18
-19
37
46
-10
9
2
44
16
23
23
-22
11
-49
20
58
39
73
19
18
13
-12
-45
-9
-12
19
-20
5
41
60
17
19
12
23
20
4
17
10
44
62
48
73
60
45
59
-12
25
-28
-40
-25
3
2
-32
28
-7
-31
24
6
38
-11
31
-6
33
29
27
45
19
38
-18
3
1
-29
-67
2
9
8
-21
4
62
30
50
55
71
35
3
39
96
90
67
120
83
93
48
33
104
47
42
44
43
48
0
-14
16
29
-3
20
-4
42
-16
-11
67
48
15
-37
33
53
13
58
64
7
11
-34
26
1
-36
-29
-9
-32
-41
57
24
26
0
43
38
-14
6
6
7
38
63
10
26
81
35
62
21
48
61
64
8
38
34
41
42
48
51
69
64
47
50
50
0
-16
54
26
33
14
-10
7
-19
-18
-37
-20
-42
-52
-27
-43
-15
-80
-54
-5
-60
-52
-15
-1
-14
-25
72
74
35
31
67
105
59
51
73
50
57
82
70
82
72
90
70
77
94
97
36
84
84
125
85
94
59
63
67
35
61
31
65
58
14
-1
43
2
-43
-32
5
-6
-42
-36
-44
-51
-3
-46
-56
-18
3
10
-23
10
-1
37
19
16
26
21
28
14
22
0
27
5
-2
51
32
-51
3
39
19
-7
39
73
40
30
79
126
68
47
87
107
80
69
50
76
43
46
77
27
71
31
30
27
33
-18
26
22
12
13
13
9
13
-20
0
36
-20
-30
-30
-14
-26
-35
-52
-16
-4
28
22
-5
28
40
-10
-27
33
44
33
29
65
81
30
56
40
89
46
20
25
22
30
4
63
23
17
51
52
65
33
54
84
29
32
9
71
-8
-2
30
2
9
-20
3
-37
-20
12
37
23
31
62
74
74
41
49
40
53
84
64
60
111
125
85
72
71
95
85
58
52
54
71
55
52
23
53
81
65
49
48
43
56
71
54
10
-7
34
13
-3
-4
-45
15
-62
-49
-50
-48
-83
-129
-79
-60
-81
-77
-68
-74
-100
-68
-40
1
-49
-50
-24
-36
-48
-35
-16
-5
-8
-22
15
18
8
-4
17
-14
-10
85
75
66
19
105
115
134
126
112
150
158
162
130
104
137
103
76
58
76
100
13
21
57
45
9
-5
-8
13
19
-33
-14
-47
-40
6
4
17
-5
7
-22
-38
-42
-29
-40
-33
-39
-44
-28
12
-7
21
54
29
57
71
88
57
73
74
83
83
39
123
110
137
130
107
150
102
61
82
91
76
49
3
93
64
61
59
73
71
57
31
34
57
14
44
-15
7
-5
6
27
2
-17
-51
-16
-69
-56
-58
-18
-80
-46
-49
-90
-57
-81
-81
-90
-46
-48
-68
-50
-58
-31
-97
-56
-45
-43
-1
-8
27
10
16
41
-2
-15
65
84
43
41
31
88
37
31
44
44
81
63
43
91
70
89
68
76
39
77
102
105
35
75
71
87
90
81
109
63
62
57
112
113
107
62
110
103
102
111
90
89
71
104
104
133
72
89
80
63
74
61
74
71
71
66
45
32
21
-22
-15
-36
-37
-26
1
13
-27
-7
11
-8
-11
-15
-34
-35
-59
-22
-77
-89
-97
-39
-86
-84
-76
-87
-119
-110
-102
-73
-87
-92
-63
-15
-21
-34
-10
26
5
26
16
22
12
45
44
66
77
79
54
34
49
56
-8
35
43
11
39
120
125
64
74
72
97
53
40
84
72
48
48
109
76
107
69
130
114
86
82
33
61
39
19
46
76
66
43
63
75
7
1
-26
-1
4
-7
15
30
36
0
22
38
6
-8
8
-32
-25
-30
4
33
33
15
26
54
49
47
75
18
46
-13
29
41
75
57
57
68
-7
20
8
-32
-5
-43
-44
8
7
31
-9
8
63
18
-23
15
15
-4
-38
-5
75
80
83
58
103
90
71
35
-16
-44
13
-9
28
-9
16
65
65
69
65
47
27
7
-10
6
47
84
52
60
69
81
87
75
59
17
46
20
-40
-24
-18
52
28
-23
12
12
-18
-45
-61
-7
-44
-53
-20
-15
-23
-20
-31
-30
-11
19
-8
3
-3
17
25
6
-5
-61
-23
-19
-4
-13
-23
26
67
101
94
97
150
89
61
110
79
68
106
98
71
64
77
116
109
110
87
57
79
33
6
15
-6
11
-18
7
34
21
-14
-15
-17
23
-11
-36
21
13
11
-37
-47
4
-50
-34
-33
-34
-47
-11
-17
17
-13
-8
12
13
-13
4
27
24
30
-6
7
36
42
18
49
44
113
105
62
50
39
71
31
27
102
111
105
91
125
98
118
77
89
90
73
82
80
81
57
95
83
63
86
45
30
-8
51
51
0
32
20
27
21
11
30
-10
44
61
39
-11
-31
44
7
-9
7
32
33
9
-14
-27
35
-8
7
-14
-10
22
11
11
-16
49
83
22
7
32
26
-17
-4
24
0
24
-30
-3
36
13
50
18
14
11
-29
-29
-44
-22
-72
-33
-51
-52
4
49
38
27
8
-27
-59
-46
-71
-9
25
-18
31
53
45
51
61
2
-7
27
2
-33
-9
-20
34
53
64
53
74
48
55
43
57
12
-32
-37
-6
-17
9
18
62
73
19
27
44
42
56
59
60
52
64
38
75
84
69
97
86
82
71
69
101
97
82
56
111
96
107
150
80
151
129
15
32
10
22
10
31
33
-6
34
51
67
25
17
3
-22
-19
-1
6
9
53
44
-2
19
30
-48
-68
-39
8
-55
-15
15
-6
23
-21
10
3
-2
-9
-25
-28
-34
-45
-60
-46
16
45
53
46
64
76
55
-16
-7
67
45
1
1
83
44
4
1
2
-56
-59
-74
-68
-13
-21
-9
-16
10
-12
31
19
23
21
7
38
28
26
38
59
62
38
-7
22
-7
27
-32
63
14
65
69
57
130
56
90
72
109
20
46
74
31
46
51
78
56
91
110
80
48
49
-28
5
-10
15
33
111
94
66
118
87
76
-29
-35
6
3
-16
43
13
33
63
27
22
-5
-9
-67
-79
11
26
7
50
46
77
57
17
4
-25
-36
-43
-36
-102
-78
-10
-6
-35
-19
-29
-75
-71
-43
-30
-28
-24
10
18
29
44
51
63
9
-8
0
25
75
21
51
88
142
83
81
57
99
66
75
107
116
122
166
124
162
142
113
114
58
11
53
18
24
70
56
60
29
70
45
20
20
-16
10
4
-40
11
29
21
-15
-20
28
-2
-27
-15
-34
-3
21
-8
26
58
-7
24
37
6
-32
-7
-15
39
64
78
69
83
91
39
50
39
16
32
33
35
48
48
101
68
23
-14
-42
-58
-54
-61
-36
-47
-4
22
-10
39
19
-10
3
-27
-38
-99
-96
-74
-61
-51
11
10
29
7
-50
-40
-32
-15
-39
1
-12
19
62
59
88
71
60
19
2
63
53
114
154
155
155
169
156
157
107
89
59
66
95
89
106
143
148
156
101
55
18
21
-31
-58
-37
6
55
57
22
102
62
10
-19
-82
-55
-56
-54
-83
-38
17
21
36
50
8
-31
-50
-11
-54
-72
-77
9
29
21
13
16
5
-45
-36
7
18
-32
14
82
94
76
80
75
91
22
28
2
0
57
90
77
82
74
63
84
49
63
34
66
-18
54
36
55
96
36
51
-36
-28
-26
-65
-58
-62
-49
20
9
38
58
-2
-17
21
-21
-70
-61
-11
-7
20
-3
28
51
53
-12
-12
-9
-6
-38
9
58
50
49
36
144
92
56
34
30
5
25
-34
-12
-7
9
8
-9
50
1
-66
-147
-158
-67
-89
-60
-56
136
275
357
515
590
682
567
470
404
367
365
244
238
279
284
173
58
8
-137
-235
-360
-479
-465
-450
-379
-224
-133
-35
41
107
82
80
51
-87
-180
-314
-329
-403
-377
-309
-235
-124
-94
25
32
23
47
40
46
6
29
1
10
-10
32
-47
-174
-250
-279
-345
-398
-359
-309
-238
-223
-144
-38
53
121
168
219
245
246
222
195
145
177
101
59
24
-29
-43
-28
3
51
64
149
245
302
322
362
369
347
304
293
291
232
168
91
90
3
-76
-14
-10
-21
-39
-81
-120
-152
-111
-127
-137
-1
462
1163
1826
1999
2004
1852
1417
641
-179
-364
-410
-647
-1014
-681
91
225
-175
-375
-117
-288
-1150
-1655
-1368
-856
-701
-535
222
892
1070
850
771
613
-16
-835
-1499
-1898
-2116
-1995
-1416
-708
32
769
1392
1596
1335
1070
657
137
-439
-654
-611
-498
-291
27
353
238
-54
-289
-543
-913
-1214
-1066
-797
-541
-194
429
1079
1466
1639
1736
1979
1833
1257
549
-177
-886
-1603
-2013
-2048
-1655
-1123
-758
-136
559
977
942
843
655
549
541
349
396
726
891
862
582
282
-163
-592
-1122
-1606
-1761
-1772
-1628
-1304
-632
158
889
1483
1858
2069
2060
1828
1326
730
170
-260
-518
-679
-871
-889
-782
-720
-818
-817
-606
-352
-170
-6
316
585
707
482
351
865
1994
3067
3178
2969
2807
2069
383
-1279
-1638
-1426
-1758
-2357
-1622
322
1198
544
109
479
168
-1484
-3021
-2989
-1984
-1451
-1151
86
1587
2407
2359
2161
1854
971
-482
-2122
-3436
-4053
-3644
-2607
-1135
562
2309
3625
3977
3485
2584
1256
-386
-1905
-2655
-2691
-2223
-1332
-119
828
1132
975
557
-70
-1125
-2016
-2134
-1863
-1523
-903
291
1828
2915
3439
3452
3035
1996
505
-1032
-2099
-1999
-1498
-1346
-1195
-870
-302
-379
-657
-633
-195
-30
-634
-473
637
1699
1935
1939
1861
1516
992
-196
-1144
-1152
-1041
-1387
-1790
-1815
-1668
-1386
-1142
-944
-336
195
461
557
1053
1991
2747
2895
2765
2524
2003
1087
60
-707
-1268
-1940
-2428
-2542
-2285
-1821
-1280
-676
-242
133
344
339
534
846
1075
1036
967
2058
4053
5307
5203
4647
4217
2221
-1146
-3461
-3534
-2821
-3825
-4247
-1732
1455
1590
-392
-372
560
-354
-3131
-4489
-2939
-1249
-661
-9
2225
4415
4573
3733
2768
1833
-44
-2460
-4475
-5814
-5774
-4639
-2800
-607
1833
4419
5642
5528
4312
2786
889
-1545
-2889
-3152
-2658
-1640
-180
1386
1821
1473
750
-270
-1654
-3265
-4077
-4081
-3528
-2578
-988
1390
3385
4609
5014
4887
3870
2021
52
-1747
-2593
-2761
-2691
-2681
-2221
-1282
-797
-890
-907
-407
-287
-498
-68
1014
2128
2641
2742
2476
2058
1265
-41
-1109
-1747
-2181
-2580
-2969
-3144
-2704
-1983
-1437
-1029
-507
82
614
1047
1753
2972
4124
4472
4071
3551
2869
1776
294
-1119
-2183
-3063
-3749
-3942
-3529
-2505
-1318
-495
-100
438
831
1142
1560
1894
2076
1736
971
70
-369
1984
5431
7465
7212
5932
5158
1954
-2574
-5558
-4951
-3756
-5535
-5849
-2111
2591
2645
575
1123
1831
-441
-5241
-7041
-4559
-2406
-1200
36
3682
6433
6356
5424
4146
2797
-167
-3744
-6724
-8609
-8318
-6658
-3614
-306
3232
6610
7913
7602
5690
3630
781
-2612
-4468
-4875
-3812
-2204
149
2264
3004
2743
1284
-412
-2791
-5107
-6150
-6011
-4724
-3119
-309
3226
5914
7609
8055
7522
5269
1871
-1652
-4462
-5062
-4791
-4195
-3726
-2824
-1624
-1473
-1536
-1159
181
490
-242
54
1782
3515
3801
3717
3294
2584
1103
-1403
-2940
-3170
-3245
-3918
-4628
-4460
-3685
-2759
-2240
-1633
-752
153
784
1149
2396
4463
6187
6614
6138
5682
4791
2634
107
-1832
-3376
-5182
-6522
-6673
-5713
-4113
-2353
-887
713
1985
2805
3337
3294
3234
2757
2031
1344
3102
7596
10529
10203
8147
6642
2960
-3492
-8238
-8639
-6535
-7601
-8351
-3554
3159
4650
1582
1127
2451
-64
-5688
-9166
-6507
-3190
-1861
-416
3576
8116
8571
7494
5969
3851
-90
-5430
-9640
-12080
-11502
-8289
-3819
1355
6253
10713
12222
10592
7486
3825
-369
-5272
-7886
-7756
-6102
-3376
118
3684
5241
4717
3013
231
-2995
-6633
-8639
-8681
-7426
-5072
-1145
4226
8259
10431
11386
10785
8112
3512
-586
-3904
-6416
-7966
-8637
-8052
-6582
-4407
-2501
-820
677
1564
1377
1217
1896
2720
3266
3117
2538
2308
1819
678
29
-126
-464
-1858
-3767
-5162
-6008
-6349
-6183
-5225
-3919
-2552
-1087
693
2723
5247
8242
9957
9993
8979
7685
5739
2696
-660
-3530
-5756
-7965
-9821
-10120
-8594
-5907
-3622
-1640
481
2555
3616
3904
4304
4495
4596
3394
3003
7249
12000
13810
11958
10241
7864
510
-7383
-11120
-9363
-9254
-11545
-8911
-1201
4120
2122
207
2026
1982
-2630
-8664
-8635
-4609
-1740
254
2887
8314
10812
10123
8219
5890
2749
-3057
-9044
-13831
-15419
-13063
-8818
-3262
2537
8933
13447
13626
11489
7914
4084
-1386
-6288
-8249
-7945
-5443
-2300
1696
4616
5349
4311
1286
-2047
-5985
-9115
-10100
-9529
-7500
-4531
924
6791
10709
13034
13367
11733
7321
1936
-2645
-5867
-7350
-8404
-8569
-7903
-5990
-3717
-2354
-471
1139
1514
391
-149
1184
2815
4143
4717
4985
4801
3485
1620
449
306
-373
-2414
-5135
-7347
-8401
-8640
-8028
-6457
-4256
-2527
-1255
75
2546
6340
9979
11988
12331
11320
8790
5087
1432
-1870
-5064
-7756
-9612
-10592
-10462
-8776
-6146
-3589
-1233
998
2768
3712
3931
3909
4226
3463
5453
10367
14564
15395
13096
12020
7837
-634
-8033
-10310
-9084
-11956
-14368
-9683
-609
3214
105
51
2364
1017
-5996
-11380
-8677
-4390
-1497
86
4619
10966
12530
11661
9352
7555
3763
-2583
-9029
-14343
-15129
-13115
-9008
-4030
1715
9045
13163
13764
11862
9080
5198
-1331
-5957
-8081
-7557
-5472
-2688
1091
2900
3722
3000
1096
-1279
-4909
-6840
-7914
-8242
-8190
-6488
-1314
3443
7420
10067
11655
11293
7518
3412
-1076
-3938
-5035
-5884
-5951
-5456
-3598
-2566
-2441
-1736
-986
-757
-2326
-3066
-1385
2028
4930
6236
6637
5723
3815
1205
-967
-1739
-1607
-2201
-3890
-5581
-6322
-6506
-5779
-4503
-2896
-1664
-1444
-1590
-332
2732
5898
8386
10015
11086
10503
8591
6188
4261
1683
-2496
-6678
-9885
-11367
-11754
-10906
-8658
-5786
-3430
-1432
740
3032
5150
6770
7453
8469
12362
15676
15796
12886
10807
7923
-151
-7938
-10870
-8224
-8592
-11769
-8762
-713
2888
-2207
-5684
-3605
-3478
-8042
-13073
-10803
-4635
-928
1705
5485
12779
15649
13696
10255
6610
2966
-3363
-9484
-13818
-14839
-12144
-8854
-4459
568
7613
13009
13177
11565
8616
5323
-877
-5873
-6864
-6025
-3503
-981
2702
5323
6008
5177
2394
-12
-3972
-7299
-9045
-10308
-10458
-9875
-4978
28
3899
7930
10760
11289
8426
5779
3184
-719
-2218
-2660
-3377
-4238
-4134
-2721
-3429
-3591
-3760
-3195
-2964
-3353
-698
3526
7777
8761
8563
7197
3895
577
-3034
-5092
-4948
-4862
-5288
-5609
-5468
-5561
-5272
-4567
-3847
-2316
-1324
-899
-794
1908
5448
7883
9602
11067
11813
10354
7713
5020
2258
-1050
-4979
-8348
-10265
-11168
-11000
-10124
-8087
-5873
-3591
-1443
611
2990
4947
6893
11803
17076
18457
16059
13437
11848
5170
-3386
-8529
-8108
-8064
-12855
-12939
-4936
2218
-418
-5444
-4230
-2839
-7360
-14021
-14209
-7508
-3606
-1773
1067
8794
15029
15362
13840
11131
8548
2646
-4935
-11159
-14315
-13219
-10695
-7429
-3122
3529
10669
12627
12224
10642
8728
3498
-3098
-5196
-5365
-3415
-1594
1613
4658
5011
4686
2677
950
-1925
-5576
-7378
-8722
-9248
-9885
-7443
-3137
-362
3105
6548
9123
8428
6105
4522
1871
-130
-1579
-2119
-2783
-3588
-4097
-5577
-5912
-6049
-5820
-5426
-4015
-839
2528
6146
8389
9116
8279
6140
3391
85
-3343
-6191
-7782
-8220
-7524
-5965
-4857
-4115
-3840
-3520
-3284
-3073
-2403
-1273
867
3326
5451
7609
9940
11579
11801
11320
9883
7836
4470
-388
-3953
-6453
-7965
-9494
-9590
-8939
-8396
-7777
-6319
-3552
-814
2146
5394
12605
18870
20161
18209
16376
14677
7055
-1709
-6287
-6474
-8659
-14292
-13300
-5072
219
-2879
-6929
-4504
-4335
-9659
-15426
-14110
-6682
-3233
-1083
1453
9027
14817
14895
14058
11682
9568
3221
-5308
-11892
-15366
-13937
-12138
-8912
-4408
1689
7890
9513
10220
9793
8586
4324
-558
-1776
-1937
-357
1937
4551
6453
5655
4129
322
-2942
-5624
-8590
-9961
-10650
-9931
-8790
-5267
-463
3124
6356
8393
9177
7774
6181
6041
5450
4227
1028
-2109
-4858
-7578
-9120
-10285
-8842
-7771
-8171
-8111
-4841
812
4922
8052
9706
10899
9937
6736
4393
3094
2542
319
-3466
-7016
-9395
-9927
-9882
-9133
-7675
-6160
-5694
-5479
-3883
-732
3122
5909
8382
10358
10690
9488
9155
9247
8610
6888
4490
2362
-219
-2859
-4993
-6292
-7080
-7752
-9023
-9548
-8901
-6702
-4028
-1071
7221
16058
20367
19321
17104
16604
10522
2584
-2241
-1862
-3111
-10295
-11639
-5351
902
-2048
-6867
-4447
-4335
-9977
-17578
-17467
-9867
-5806
-3076
-259
7061
12303
11805
11331
9906
8898
4012
-2896
-8814
-12342
-9898
-6579
-2746
361
4741
9490
7076
3843
1735
1752
-728
-4704
-3311
-1118
2638
5466
7821
9843
8028
5375
-147
-4763
-7605
-9540
-8356
-7393
-4182
-1430
1350
3593
3697
5482
4997
2762
-212
-2040
-1885
-1248
2506
5634
6664
4158
325
-3273
-8082
-10862
-11579
-10587
-10789
-10620
-5769
1356
7411
11116
12586
11835
8658
3401
-2247
-4469
-4424
-4403
-4616
-5468
-5295
-5259
-4282
-3490
-2633
-2116
-3318
-5046
-5787
-2913
1511
5586
8639
10780
10905
8610
6313
4883
3253
955
-393
-544
-884
-650
-399
394
-122
-2156
-4426
-6772
-8176
-4291
4482
11172
14021
14916
17877
14811
6119
908
1003
1595
-5789
-10912
-5350
1912
-139
-6106
-3990
230
-4063
-13523
-17335
-12481
-10067
-10613
-8931
-2052
6478
7896
8265
9198
9704
6442
-925
-6204
-9144
-8968
-6528
-3230
1604
7202
13688
15216
13024
10690
7168
635
-8459
-11810
-10756
-8654
-5383
-160
6313
8985
8673
7226
5141
2488
-2589
-7006
-9116
-9164
-8106
-5471
461
6147
10389
12586
12456
8867
2514
-3206
-5760
-6050
-6596
-5613
-4684
-3730
-3888
-4471
-3395
-2015
-1271
-4524
-6834
-5595
-3914
-3964
-2426
2324
5682
7390
6930
5989
6842
5613
1792
-3735
-8060
-10225
-12504
-13597
-12779
-8650
-5063
-2630
118
3682
7733
9994
10672
10214
9826
8573
5657
3712
3180
1647
-617
-1930
-2080
-3054
-3507
-2422
-549
247
-165
33
989
1208
4041
11284
16835
17468
13883
12087
8677
134
-6184
-6532
-3566
-6671
-10880
-6536
1714
2675
-2849
-3061
308
-2959
-11418
-16837
-13486
-9368
-8012
-5536
-1016
5505
6708
5942
5247
4054
2213
-2820
-7504
-11017
-11406
-7461
-2815
1807
6139
12707
16194
13638
11296
9687
7300
415
-5051
-6315
-6505
-5677
-4504
-983
1595
1796
988
-812
-1071
-2192
-2983
-2776
-1937
496
2334
4622
5681
6431
8077
7954
6757
3864
3938
4347
728
-2094
-4430
-5787
-10866
-14982
-14219
-11379
-7550
-6083
-2179
2914
6550
6289
3522
2980
2853
1392
-1663
-3610
-1645
-76
629
134
634
1838
-138
-3994
-8747
-10422
-11068
-11991
-11593
-8455
-3179
1833
7155
11843
15313
16526
14107
9467
4295
306
-2990
-5792
-6161
-4325
-2471
-1943
-1255
345
1219
617
-38
325
4403
11534
16087
18262
18236
18303
14272
4550
-2721
-5765
-6470
-12567
-17123
-11921
-2976
-221
-4201
-2797
2253
1029
-6089
-12084
-9930
-8247
-9877
-9926
-5691
3691
7748
9215
9316
8165
5430
-1805
-8386
-13369
-14081
-11254
-8617
-4658
1355
10378
15590
15611
14596
11558
7067
-164
-4767
-5893
-5959
-4174
-2299
-408
1100
2512
3814
2803
786
-1860
-5003
-7251
-9027
-8015
-4627
215
4232
7805
11953
13923
13960
13003
12030
9306
4252
-610
-4729
-7901
-10398
-12019
-11675
-10372
-8734
-7495
-5223
-1657
1497
3686
4130
4718
5095
4228
2685
1812
2428
1812
-227
-3063
-4793
-5709
-6963
-7529
-7717
-7293
-7710
-8431
-8170
-6462
-3321
-50
2742
5365
7227
8165
8732
9725
9873
8358
5680
2278
-589
-3001
-4123
-4856
-5397
-5548
-5336
-4558
-3371
-1362
3182
11619
18200
20422
19002
17706
14567
6213
-675
-3924
-4113
-8518
-14018
-11011
-3155
467
-2691
-3187
36
-1848
-9293
-15991
-14852
-11244
-9975
-8062
-4331
3800
8410
9582
10150
9961
9038
3117
-4191
-9950
-12569
-11175
-9524
-6416
-1571
5608
10942
11006
10771
9653
7506
1955
-3375
-5027
-6073
-5168
-2937
398
2926
3822
4606
3508
2704
1614
705
-109
-2572
-4081
-5458
-5130
-3545
-1680
1712
4153
7036
9219
11202
12662
10923
8675
4705
926
-3877
-8588
-10175
-10460
-8393
-6706
-4390
-1969
521
2769
2539
2925
3446
3422
2033
305
265
149
-609
-2274
-3063
-3068
-4667
-6981
-8755
-8792
-8208
-7858
-6588
-4547
-1066
1558
3312
5458
7268
8638
7087
4710
2394
429
-813
-1681
-513
240
566
-238
-1637
-2414
-4058
-4648
-4696
-4153
-2527
3672
12048
17525
19775
19511
19677
13363
3092
-3416
-5455
-7025
-13551
-14887
-7412
-51
-63
-2845
675
2839
-2286
-10901
-15056
-12647
-13135
-13389
-11050
-4293
3674
6577
9398
10945
11857
9487
2954
-2382
-6631
-7160
-6492
-5642
-2295
2556
8604
9598
8581
8039
6108
2442
-3574
-5687
-5363
-4390
-2112
24
3352
4592
4831
4112
2266
1554
39
-435
-1367
-1682
-712
-487
220
-209
-118
-3
4
1271
2207
3385
3062
2567
2276
1325
246
-1559
-2211
-3360
-4769
-5035
-4279
-2573
-1134
792
2245
2811
3929
4685
4632
2956
2006
1124
-1727
-4558
-6024
-5674
-5892
-6733
-7366
-7433
-7227
-8327
-7914
-4961
-1020
2225
4603
7410
9371
9766
8111
6290
4820
2821
-87
-2946
-3850
-3290
-2881
-3242
-2182
-1212
-1193
-2479
-3385
-2434
-930
5480
11758
15999
17599
17793
18261
11850
4301
16
-904
-4659
-13159
-13818
-7676
-2986
-4938
-6408
-197
1990
-2811
-10412
-12193
-8833
-10157
-11734
-11217
-4356
990
1082
3513
6471
9496
7180
2140
-1200
-4599
-4695
-4828
-3436
119
5587
11748
12186
11574
10212
7669
2096
-4777
-7361
-8526
-8554
-8154
-6455
-1819
1246
3798
5176
6499
6874
4275
2569
733
68
-576
-840
649
1707
3100
3734
3983
3858
3398
3626
1301
-1028
-3308
-5404
-7067
-9253
-9004
-7321
-4735
-2466
-687
2218
5664
8812
8853
7600
6955
5775
3426
29
-316
812
99
-2596
-5051
-6659
-8650
-11238
-13056
-12578
-11894
-11461
-10245
-7320
-2183
3159
7386
10636
13227
13813
11760
8786
6174
3237
-503
-3895
-5097
-4653
-3974
-3461
-2273
-1213
-1434
-3247
-4723
-4537
-1144
6405
12414
16193
17734
19314
17957
10299
4537
2676
2070
-4622
-12651
-11265
-5495
-4054
-7307
-5359
1608
1658
-4723
-11101
-9939
-7758
-9910
-11557
-10031
-3381
-718
-472
2196
6290
8957
5336
58
-3515
-5616
-5461
-5734
-3082
1614
6777
9966
9429
9976
9850
8132
3438
-1078
-2767
-5170
-6892
-8067
-7128
-4621
-4495
-4603
-4225
-1656
1055
2025
4206
6467
7948
6884
4799
4393
4201
4181
2775
1720
2800
3677
3489
1185
478
-113
-2789
-6242
-9798
-10763
-11721
-11660
-9256
-5662
-983
2924
6997
10165
12402
14488
14784
12883
9611
6405
2991
-1001
-4029
-6264
-7932
-9621
-10990
-11257
-11305
-11394
-11265
-9661
-7053
-4481
-1163
2979
7528
10001
10637
11271
11033
9477
6646
4105
1606
-834
-2471
-4148
-5045
-5483
-5274
-5440
-5908
-6190
-5531
-3963
531
8404
14429
18084
18026
18507
15953
8441
2735
-318
-1672
-8075
-13681
-10503
-3431
-1273
-4692
-3485
1082
-342
-7344
-13575
-11598
-10189
-12477
-13470
-10629
-2895
-124
1425
5337
8732
9626
5238
1380
-1803
-4798
-5405
-5116
-1879
1887
7744
11864
11974
11890
10237
8248
2354
-2391
-3340
-4235
-4391
-4992
-3651
-2225
-2615
-2565
-2325
-865
-623
-627
246
727
1765
2221
4305
6506
7047
6898
6361
6167
4608
2977
1767
205
-2326
-6078
-8327
-10378
-10804
-10314
-9432
-7754
-6361
-4949
-4436
-2681
544
3442
6545
9772
12090
12598
12187
11760
10208
6809
1962
-2420
-6893
-10965
-13716
-14449
-13226
-11913
-10194
-7581
-3781
214
3409
6799
9312
10102
8794
7087
5569
3997
2729
1770
1855
2356
2078
1657
957
-137
-2065
-4425
-6060
-7008
-6858
-4773
3212
11345
16244
17659
18136
17813
9909
1843
-1902
-2408
-6494
-13963
-12982
-5552
-689
-2599
-2515
3536
4677
-1539
-10578
-12813
-10804
-13033
-14641
-13321
-5855
-624
-32
2798
6000
8837
6140
1380
-2285
-6232
-7446
-7516
-4721
-681
5076
11111
12284
11952
10849
9947
6540
1391
-610
-1812
-2911
-3935
-4054
-2396
-1981
-2300
-3493
-4287
-4386
-4827
-4320
-3638
-1778
450
2770
5469
7210
9372
10965
11193
10469
9074
8235
5130
506
-3324
-6457
-10383
-14492
-15614
-14347
-12618
-10464
-7132
-2658
768
2752
3914
5796
8585
9636
9254
9123
9999
10349
7982
4978
2588
82
-3963
-8484
-11511
-12542
-13059
-14022
-12865
-9414
-4785
-811
2488
6180
9282
10693
9995
8129
6114
4248
2154
138
-698
-432
122
-177
-1050
-1767
-2500
-3778
-5548
-6454
-1945
5179
9507
12171
14323
18427
16120
9161
4976
3888
1992
-6898
-12589
-9411
-4629
-5648
-9441
-5647
475
325
-4825
-8532
-5578
-5340
-8239
-10810
-8593
-2248
-1293
-831
1451
5304
7109
3647
965
-1492
-3018
-4623
-6388
-5243
-2611
2525
5535
6865
8404
8600
7943
4521
2592
2364
1493
934
-331
0
166
-590
-1351
-2410
-1896
-2862
-4449
-5528
-5915
-5555
-5848
-3918
-679
2479
5683
8429
11142
12065
11845
10648
7747
3990
-806
-4833
-7944
-10416
-11857
-12354
-10776
-9508
-8691
-7238
-5220
-2513
-878
1474
5079
7882
9531
10960
12236
12424
10400
7445
3549
-544
-4786
-8725
-10940
-11727
-11662
-10745
-8675
-5806
-2379
941
3420
4734
4994
4756
3937
2628
2106
2618
3349
3787
4660
4948
4394
3032
1639
-104
-2674
-4804
-5964
-6665
-2875
5122
10926
13831
14563
17253
14758
6918
2211
1467
1191
-6319
-11406
-7060
-694
-1022
-5799
-3102
1776
-104
-7569
-13431
-10769
-10084
-12632
-13892
-10645
-3393
-1589
-322
2820
6470
8177
4529
1428
-1111
-2408
-2687
-4055
-2917
-333
4171
5951
5160
5837
5306
3776
-135
-2217
-1246
-781
398
703
3033
4651
3678
2630
1035
1630
2
-2060
-2860
-3261
-2828
-4026
-3709
-2539
-941
1490
3075
5916
7894
8727
8623
6589
4922
1914
-475
-3206
-6251
-7621
-9030
-8761
-8788
-8054
-6408
-4984
-3066
-2477
-1087
1083
3245
5122
5857
8079
9475
8883
7335
5023
2971
-227
-3830
-6944
-8562
-9294
-9832
-9081
-7148
-3837
-557
2091
4223
5103
5107
3762
2188
1020
738
657
877
1571
2230
2777
3038
3166
3143
2415
631
-2406
-3209
2503
7885
10427
10261
12268
14582
7200
-171
-2118
985
-1342
-9806
-9327
-1511
2666
-2345
-5267
604
3676
-928
-9360
-10681
-7894
-10342
-13608
-15594
-9560
-4384
-4833
-3690
-860
4528
4758
1549
486
707
2539
1574
843
2901
7104
10429
8287
7065
6662
4435
8
-4677
-4017
-3225
-2927
-2292
-1353
1487
1740
1406
390
435
1264
-491
-1407
-1288
1023
2136
448
1106
2124
3043
2722
2142
3926
4423
4002
1873
-211
-378
-1587
-2733
-4437
-5215
-5757
-7276
-7393
-7342
-6208
-4411
-2538
-1221
-1118
646
3270
5013
5799
6498
7874
7076
4513
2416
751
-1154
-3613
-5570
-6692
-7030
-7349
-6822
-5125
-2933
-69
2204
4286
5433
5061
4351
2833
1416
358
-205
-717
-600
-176
910
2236
2770
3258
2931
1384
-218
-2124
-455
6761
11439
13231
12244
14269
13585
4899
-1241
-2191
449
-5179
-12925
-10495
-2779
-136
-5297
-4724
2229
3553
-1898
-8815
-6834
-4862
-8299
-11877
-13449
-7825
-6686
-7664
-6459
-3022
2367
1890
204
-151
1778
3724
1818
1551
3640
8638
10741
8757
9221
8885
6828
1347
-2789
-2256
-2864
-3275
-4564
-4235
-2925
-3830
-3968
-4167
-1772
108
360
427
455
3181
3809
3222
3847
4789
5954
4257
3430
4693
5155
4809
2077
364
-684
-3164
-6210
-8766
-9124
-8934
-9008
-8439
-7203
-4804
-2468
-318
1610
3013
4998
6607
7164
7203
7355
8396
7721
5540
3566
1514
-1479
-5840
-8647
-9789
-10358
-10667
-9387
-6686
-3905
-682
2918
6732
8682
8042
6352
4864
3584
1732
-291
-1055
-747
-1341
-1922
-1555
-319
-11
-590
-1653
-2580
-3414
-1042
6243
11243
13777
13520
15570
14330
6076
316
-1319
414
-5191
-12097
-9743
-3113
-1105
-5953
-4961
1035
2058
-2558
-8253
-6147
-4823
-7160
-9615
-10512
-4895
-3842
-4681
-3648
-946
2983
1124
-658
-1072
-163
1805
1198
2161
4555
9072
10677
8253
7759
7055
4932
-472
-3536
-2234
-2379
-1841
-2049
-444
1174
148
-645
-2323
-1559
-1672
-3039
-3362
-3111
-774
-391
-411
490
1723
4172
4317
5256
6638
6899
6305
2833
980
-557
-2176
-3765
-6169
-6551
-7255
-7750
-8358
-8422
-6745
-4917
-3042
-2041
-909
1907
4394
6063
7184
8786
10470
9602
7745
5683
3494
526
-3254
-6154
-8068
-9033
-9784
-8801
-7100
-4747
-1522
1044
3674
4705
4803
4040
2986
2300
1692
1250
1103
1705
2159
2022
1699
1780
1180
142
-1855
-3177
-4353
-1591
5872
10529
13384
12971
14416
12755
5067
-39
-2290
-1127
-6232
-11742
-8282
-1132
1493
-3432
-2920
2038
1618
-3875
-10370
-8678
-7821
-10212
-11758
-11953
-5623
-3603
-3356
-2042
552
4701
2339
-461
-1774
-743
830
-352
1060
4410
9742
11766
10375
10349
8793
6092
-110
-4027
-4000
-4546
-3883
-4101
-1456
1257
1540
1764
1042
2352
1682
-615
-2819
-3688
-2605
-3780
-4223
-2969
189
3547
4058
5890
7491
7733
6003
2084
-182
-2316
-4116
-6277
-8114
-7321
-6053
-5184
-5024
-4516
-3420
-3462
-3305
-3946
-4195
-2222
281
2626
3880
6465
9620
10397
9306
7851
6448
3337
-930
-4409
-6299
-7159
-7482
-6602
-4453
-1846
340
2426
4176
4425
3410
2141
1232
407
-493
-1095
-126
1476
2327
3047
4049
4848
4122
2219
455
-987
-1973
2263
7722
10588
11302
10780
11837
6563
-307
-3794
-3639
-4173
-10485
-11715
-5347
1046
-125
-3743
-351
2084
-547
-7316
-10905
-8568
-9983
-11150
-13560
-10543
-4589
-4116
-2504
-1764
1992
3519
-226
-2366
-2941
-145
492
108
2436
7477
13221
12799
12166
12097
10332
5182
-2022
-3348
-3638
-3853
-4008
-3890
-807
89
557
343
856
3451
2562
995
-1257
-924
27
-1704
-1781
-898
3005
4654
4127
5213
6226
6446
2476
-1001
-2540
-4274
-6246
-8507
-8335
-6711
-5593
-5600
-5471
-3722
-2266
-1978
-2082
-1963
-1456
-440
465
1630
3652
5954
7768
7901
7253
5989
3478
-266
-3780
-5881
-6971
-7518
-6844
-4979
-2432
88
2389
4849
6222
5793
3324
1380
460
-287
-1396
-1787
-270
1137
1722
1949
3343
3926
2724
840
-694
-823
3474
9256
13166
13832
13866
14260
9143
2514
-2677
-4092
-6015
-11903
-13947
-9318
-3824
-3608
-5378
-2066
1327
171
-5319
-7632
-5165
-6016
-8069
-10953
-8732
-4754
-5089
-4700
-3907
-1205
-348
-2684
-4401
-4652
-1463
830
1617
3697
8338
13563
13277
12465
12241
10579
6175
-71
-2247
-2807
-3126
-3525
-3527
-1857
-963
-177
-729
-1125
488
922
320
-1110
-1057
587
321
28
1168
4193
6441
5918
5426
5280
4852
1935
-1448
-2800
-3826
-5026
-6488
-6113
-4984
-4411
-4404
-5078
-5311
-5476
-5216
-4652
-3273
-1266
150
1684
3496
5697
7216
7838
8350
7680
5950
3053
-220
-2673
-4664
-6084
-7287
-7136
-5778
-4362
-2752
-643
2162
3921
4243
3278
2515
1784
1345
862
-195
-609
-256
114
338
1518
2721
2716
985
-407
-414
4154
9656
12884
14058
13321
13034
7972
1671
-1929
-2552
-3955
-9271
-11060
-7578
-3514
-3610
-5759
-3789
-1680
-2693
-6782
-8629
-5419
-4578
-5229
-7107
-5612
-2713
-3821
-4225
-4323
-2907
-2917
-5094
-6161
-6316
-3022
236
2341
4754
8441
13179
13539
12473
11836
10419
6615
313
-2501
-2793
-2642
-2284
-1809
-34
227
-213
-1069
-1336
-355
-187
223
-113
-563
-781
-840
-137
483
2102
3837
4594
4327
3761
4105
2902
1543
-54
-1257
-2466
-4630
-4730
-4712
-4313
-4311
-4908
-4619
-5048
-5350
-5534
-5045
-3543
-2994
-2161
-771
1896
4861
6218
7995
9396
9936
7940
4733
2720
947
-1085
-3877
-5078
-4926
-5300
-5032
-3703
-1154
799
1681
1784
871
-189
-483
-563
-903
-1329
-696
1010
2884
4670
6005
6678
5159
2554
-409
1158
6425
9578
11064
10190
11229
8641
2440
-1160
-1695
-2108
-7457
-11221
-8916
-4419
-3277
-4613
-3017
-590
-814
-4362
-7997
-7033
-6627
-7525
-10468
-11251
-7284
-6031
-5291
-4431
-1793
-339
-2819
-4505
-6211
-4761
-2044
3
2853
6435
11901
14387
14730
14430
13072
9718
3099
-1849
-4687
-5107
-4301
-3558
-1287
293
1779
1538
1000
2257
2915
2840
1311
525
663
-294
-20
891
2685
3814
3444
2646
1333
1237
-11
-1456
-2505
-2826
-2427
-3038
-2337
-1223
-412
-645
-1925
-2494
-3669
-4867
-6148
-7097
-6609
-6316
-5770
-4806
-2481
829
3331
5061
6272
7273
7182
5819
4220
3377
2910
1126
-514
-1241
-1548
-1958
-2540
-2081
-1435
-1218
-1510
-2016
-2129
-2204
-2171
-2136
-1750
-958
216
2355
4339
5943
7263
7139
5644
3275
4721
9683
12457
12771
11366
11333
7787
1433
-2985
-3563
-2837
-7372
-10739
-8619
-3787
-2391
-4578
-3280
-1024
-1005
-4126
-7083
-4693
-3345
-3296
-6038
-8032
-5758
-5845
-6686
-7947
-6639
-4747
-6536
-8299
-8753
-6107
-2243
483
3777
7522
12573
14434
13952
13647
12730
9986
3741
-809
-3389
-4460
-4368
-4596
-3271
-2505
-2146
-3049
-3614
-1848
-241
1013
1756
2788
4417
4534
4833
4865
4907
4097
2172
521
-1280
-1299
-1977
-2578
-3264
-3494
-2669
-3020
-2919
-2506
-1507
-474
-775
-910
-694
-57
-192
-1645
-2268
-2686
-2848
-3803
-3797
-2391
-314
1296
1783
3454
4967
6169
6050
5422
5004
3784
2309
359
-179
-62
183
173
216
911
734
57
-797
-1556
-2160
-3226
-4279
-4828
-4118
-1837
450
2367
3995
4921
4223
2041
4810
9745
13863
14974
13464
13723
8686
1517
-3612
-4231
-4051
-8852
-11783
-8984
-4328
-3778
-5657
-4338
-2513
-3017
-6844
-9239
-6611
-4882
-3896
-6013
-5722
-2417
-2252
-2380
-3213
-2021
-2103
-5012
-7997
-10138
-8648
-5920
-2857
487
5195
11532
14483
15642
15990
14880
11627
5270
715
-2672
-4326
-3752
-3067
-1487
-471
491
-182
-1110
-595
-300
-61
-486
359
1484
2698
4241
4467
4921
4499
3099
298
-1888
-2528
-3327
-4225
-5222
-4447
-3614
-3214
-2841
-2613
-1584
-1139
-1107
-1523
-1704
-544
-359
-1115
-1956
-2134
-2259
-3045
-3486
-3282
-1899
-600
235
1190
2667
4526
5414
5515
5602
4685
3906
2469
1105
332
-181
-472
-567
263
510
972
714
223
-372
-1355
-2608
-3268
-3080
-1881
-170
1494
2597
3548
2823
1631
5264
10001
14163
14440
13912
13367
7635
983
-3608
-3010
-3734
-7778
-9124
-6285
-2705
-4055
-5520
-3886
-3217
-4436
-8282
-8403
-5204
-3534
-2232
-4172
-2411
-176
-758
-1645
-3163
-2069
-3619
-6595
-9428
-11258
-9920
-8773
-5847
-2475
2755
8732
11122
13397
13706
12764
9205
3990
1163
-2019
-2999
-2590
-1543
-366
-88
972
337
570
1015
1105
1753
1520
3268
4305
4985
5751
5672
5275
3282
839
-1496
-3008
-3888
-4571
-4548
-4141
-2954
-2478
-1888
-877
-835
-943
-1153
-1387
-1430
-1147
-246
487
46
-997
-2014
-3098
-4149
-4767
-4915
-5423
-5066
-3535
-1361
872
3214
5833
7382
7462
6313
4562
3139
1553
-46
-644
-942
-867
-631
109
1017
1578
1891
1116
-114
-1681
-3060
-3550
-2424
-551
1123
2636
3507
2889
4206
8560
12661
14716
14108
13987
10606
4628
-682
-3017
-3063
-5857
-7878
-6823
-3591
-2292
-3549
-3155
-2661
-3578
-6618
-9033
-7721
-5919
-3940
-3301
-3197
-1754
-1247
-853
-1461
-2134
-3023
-5490
-8570
-11857
-12259
-10961
-9067
-6000
-1858
4163
8484
11440
13944
14463
12594
8007
3981
65
-2683
-3661
-3681
-2272
-1430
-284
-182
-266
914
1700
2507
2975
4314
5869
6454
6737
6470
6634
5661
3367
674
-1345
-1864
-3856
-5359
-5646
-5168
-5184
-5919
-4844
-3033
-1691
-1067
-820
-57
572
1085
1441
2038
2557
914
-1691
-3609
-4211
-4485
-4874
-4947
-5034
-4104
-2453
-693
1201
3444
5919
6686
5526
3971
2959
2433
1819
1603
1772
1584
1133
599
613
1344
1840
1769
970
-188
-1903
-3053
-2741
-1543
-327
-306
454
3752
7383
10222
12415
14576
14751
10577
5423
2135
290
-2469
-5963
-6458
-4549
-3193
-4279
-5114
-4273
-4198
-5654
-8593
-9619
-8660
-7311
-5869
-5043
-2402
145
777
567
35
308
-1701
-5254
-8651
-10535
-10278
-9971
-8986
-5969
-1119
3302
5566
8200
11155
12320
10859
8014
5733
3275
1001
-745
-1555
-1333
-899
-924
-1136
-322
1138
2385
3181
4032
4498
4507
4809
5042
5432
5706
5264
4386
1991
120
-1386
-2722
-3831
-4783
-5691
-6702
-6169
-5630
-4557
-2763
-1090
-692
-1703
-1739
-528
584
1566
2218
2432
955
-1933
-4154
-4742
-4128
-3808
-3422
-2808
-2286
-2136
-1315
583
1970
2434
2617
2321
1683
1296
1884
3278
4247
3849
2650
1562
1055
1105
1756
2523
3131
2543
1064
-615
-2203
-3275
-2523
131
3428
5725
7023
8731
9626
9590
8685
7750
6524
4057
1007
-931
-706
8
-494
-1769
-3021
-3988
-5521
-7140
-7534
-7424
-7021
-7574
-8412
-8215
-6758
-4402
-3083
-1885
-1189
-1031
-1945
-3779
-5235
-6111
-6491
-6733
-6109
-4314
-1769
294
2140
3685
5270
6377
6541
6102
5898
5892
4147
1782
-261
-1176
-2754
-3721
-2633
-563
1871
2782
3939
4748
5171
4766
3823
3863
4348
4994
5136
5065
4934
4230
2765
322
-2110
-3746
-5272
-6200
-6854
-6946
-5582
-4407
-3323
-1942
-121
1057
1043
1089
1265
1649
1013
211
-795
-1440
-1946
-3074
-3102
-2326
-1512
-1516
-1885
-2117
-2815
-3438
-2917
-1744
-607
596
1843
2574
3216
3868
4180
4697
4389
3476
2496
1557
1025
1030
1805
2039
1795
960
170
55
360
2109
4181
5906
6150
4561
3787
3057
2850
3258
3707
4073
3312
3030
2545
1892
635
-1353
-2745
-4742
-6071
-6872
-6665
-5777
-5746
-5545
-5359
-5363
-5455
-5518
-4785
-4461
-5084
-6284
-7031
-6818
-6512
-5407
-4000
-2123
106
1606
2898
3127
3318
3352
2716
2200
2299
3346
3859
3776
3742
2924
1525
28
-883
-1330
-1308
-433
329
1502
2319
3209
4209
4800
5477
5755
5953
5982
5657
4986
3761
2612
1046
-547
-1765
-3200
-4147
-4632
-4986
-5576
-6319
-6445
-5338
-3866
-2511
-785
866
1933
2127
2009
2286
2378
2577
2106
1022
-12
-1176
-2312
-2665
-2448
-2627
-3517
-3963
-4289
-4419
-3767
-2295
-698
230
1688
3181
4339
5575
6495
7300
7155
5760
3701
1750
273
-666
-762
-740
48
1448
2564
2904
3641
4213
3965
2905
1279
-58
-890
-1189
-507
1365
3501
5150
4995
3644
2107
535
-1816
-4269
-5873
-6818
-7182
-7774
-7271
-5489
-3632
-2559
-2575
-2652
-3796
-5447
-6938
-8170
-8144
-7583
-6817
-5600
-3209
-80
2135
3488
4039
4359
3351
1560
24
-746
-530
-131
1093
2935
4544
5917
6143
5441
4057
2129
475
-1163
-1719
-1685
-1059
859
2485
4288
5950
6936
7378
6482
5314
4078
2784
1817
1013
251
-426
-860
-1472
-1972
-1912
-2145
-3108
-4467
-5605
-5917
-5786
-4551
-3000
-1302
316
1019
1506
1965
2336
2401
2040
1453
-17
-1243
-2164
-2414
-1993
-1494
-1368
-2126
-3013
-3864
-4572
-4888
-4338
-3345
-2225
-742
1263
3829
5908
7686
8851
8624
7148
4466
1952
-128
-1168
-835
506
1924
2915
4222
4553
4118
2836
2141
1218
-1102
-2966
-3446
-1555
536
2458
4629
6230
6553
4556
2388
1428
-261
-2844
-5286
-6594
-7773
-8148
-7151
-5203
-3030
-1879
-1746
-2706
-4465
-6236
-7930
-8552
-8107
-6985
-5180
-2560
181
3137
5170
5939
5564
4247
2373
-3
-1774
-3008
-2999
-2336
-1168
448
1655
3069
3413
3429
2906
1999
990
-442
-682
-409
92
1342
3023
4780
5597
5567
4914
3675
2033
579
-311
-833
-1089
-1132
-905
-474
-675
-617
-557
-716
-1300
-2320
-2845
-3537
-3693
-3405
-2256
-796
796
2072
2482
2862
2726
2557
1806
751
86
-575
-1599
-2075
-2222
-1958
-1201
-878
-693
-1190
-1474
-2159
-2397
-1848
-806
557
1731
3708
5157
6095
6692
6426
5523
3534
1870
920
725
1038
1666
2942
3691
3934
3284
2406
1832
636
-888
-2181
-2668
-2271
-1964
-829
1160
2730
3440
2940
2395
1171
-380
-2212
-4108
-5559
-6551
-6938
-7387
-6358
-4672
-3416
-2681
-2521
-2927
-4631
-6029
-7346
-7750
-6758
-5123
-2874
-880
1311
3619
5023
5354
5051
4006
1860
-785
-2720
-3888
-4297
-3771
-2221
-191
1740
3606
4878
5312
5314
4501
2531
517
-617
-656
-162
1343
3787
5647
6377
6655
5878
4503
2492
403
-1323
-2968
-3797
-3881
-3261
-1862
-614
564
1474
2108
2130
1043
-448
-2201
-3512
-4691
-4580
-3171
-1084
1227
2164
2719
3471
3660
2911
1114
-107
-1378
-3089
-4192
-4344
-3400
-2274
-1009
-387
-530
-303
-367
-788
-1028
-902
-102
848
2059
3575
5067
6217
5960
5602
4969
4095
2696
1402
1176
748
525
347
987
1446
1087
800
622
439
22
-329
-158
-41
337
817
1215
1620
1630
1470
209
-944
-2094
-3587
-4666
-5716
-6083
-6394
-6665
-6109
-5101
-4096
-3712
-3442
-3349
-3163
-2976
-3125
-1908
-864
317
1615
2491
3731
3997
3702
2919
1564
-383
-2702
-3923
-4748
-5152
-4229
-2898
-963
1089
2920
4798
5380
5147
4090
2897
1746
625
1049
1991
2972
3419
3790
4467
3854
2564
1112
-530
-2243
-4208
-4970
-4785
-3770
-2043
-590
1063
2422
3221
3625
3169
2117
696
-820
-2462
-3455
-3118
-2159
-517
1064
2356
2963
2689
2753
1659
303
-879
-2201
-3049
-4074
-3717
-2894
-1864
-694
460
1163
911
757
597
384
-252
-520
-153
752
1627
2847
4609
6059
6636
6355
5387
4167
2292
641
-311
-914
-1324
-1411
-1067
-642
71
568
1345
1633
1616
1458
614
230
120
-171
-397
-657
-707
-1496
-2000
-2272
-2737
-3348
-4572
-5451
-6230
-6865
-6663
-5911
-4666
-3728
-2771
-1693
-974
-664
-272
696
1262
1475
1753
2313
2988
2849
2167
1105
-157
-1693
-3455
-4470
-4462
-4267
-3508
-2378
-700
1038
2458
3903
4793
5301
5355
5127
4819
4703
4564
4423
4114
3832
3026
1780
703
-168
-1337
-2799
-3839
-4633
-4517
-3859
-2558
-781
1054
2367
3174
3711
4150
3495
1957
485
-1260
-3033
-4748
-5055
-4088
-2503
-764
636
1908
2219
2268
1580
-154
-1674
-2993
-4131
-5091
-4827
-3419
-1975
-582
776
2229
3069
2396
1712
917
-75
-1077
-1529
-831
262
2374
4310
6142
7423
7227
6140
4183
2518
837
-214
-726
-906
-530
508
1557
2024
2938
3478
3224
2198
909
-322
-1527
-2064
-2422
-2336
-1544
-801
-470
-406
-438
-644
-1494
-3061
-4662
-5588
-6535
-6825
-6429
-5452
-3839
-2758
-1514
-476
371
1144
1612
2245
2348
2302
1861
1496
1054
-216
-1214
-2347
-3043
-3860
-4482
-4294
-4026
-3377
-2738
-1634
-173
1215
2693
3726
4775
5365
5242
4982
4576
4066
3556
3065
2475
1580
547
-298
-926
-1704
-2829
-3424
-3486
-3410
-2769
-1577
500
2245
3455
4047
4141
3804
2823
1649
-36
-1592
-2615
-3081
-2631
-1691
87
1713
3037
3696
3337
2318
724
-1218
-2870
-4114
-5253
-5041
-3775
-1865
-255
1629
3567
4539
4364
3300
1738
37
-1706
-3021
-3396
-2438
-561
1054
2817
4774
5707
5723
4522
3062
1637
-469
-1692
-1919
-1136
-185
812
1944
2659
3351
2966
2139
895
-1046
-2775
-4347
-4875
-4398
-3198
-1288
235
1029
1557
1261
112
-1420
-2870
-4479
-5831
-6796
-6970
-5889
-4491
-2633
-770
1049
2306
2423
2711
2840
2494
2210
1508
384
-498
-727
-862
-1174
-1278
-1390
-1668
-2102
-2505
-2538
-2029
-1846
-1516
-871
561
2088
3334
4563
4992
5172
4358
3526
2964
1994
1474
662
-158
-748
-1236
-903
-807
-966
-1376
-1432
-1639
-1873
-1511
-811
271
927
1428
1369
1544
1811
1661
1150
155
-58
-209
-706
-644
408
1563
1751
1774
1423
787
-372
-1676
-2502
-2965
-3227
-2976
-1991
-360
1119
2311
3417
3912
3284
2176
1265
390
-655
-1527
-1876
-1404
-657
442
1753
2935
4036
4092
3598
2636
1919
1095
226
-99
-132
246
358
623
1266
1331
1058
602
-72
-1284
-2649
-2931
-2927
-2541
-1771
-749
137
275
207
-800
-1801
-3013
-4281
-5213
-5725
-5285
-4478
-3194
-1874
-346
1070
1720
2255
2173
1817
1110
309
-448
-1067
-1160
-1048
-858
-414
-19
54
-79
-741
-1120
-1766
-2206
-2256
-2295
-1710
-512
846
1784
3090
4033
3863
3066
2144
1953
1496
1025
805
766
635
233
314
663
1201
894
323
-665
-1414
-2130
-2627
-1964
-908
305
1195
1768
2598
3250
3266
2735
1892
1029
27
-941
-1618
-1010
-272
364
578
623
454
180
-64
-304
-250
-435
-576
-709
-580
-113
241
1034
1405
1146
986
570
81
-356
-797
-969
-896
-741
-444
903
2196
3009
3440
3498
3244
2238
1140
452
-134
-855
-1315
-1321
-1016
-667
-255
65
111
154
-193
-511
-768
-774
-934
-1143
-1275
-1398
-1646
-1960
-2454
-2850
-3219
-3494
-3391
-3562
-3007
-2145
-1562
-508
157
872
1473
1505
1045
420
459
357
-86
-185
597
1244
1067
742
634
415
-261
-1136
-1912
-2347
-2574
-2793
-2768
-2084
-1071
-12
943
1826
2904
3361
3454
3284
3363
3411
2961
2462
2199
1719
1150
637
520
281
-359
-1025
-2059
-3070
-3255
-3020
-2363
-967
561
2094
3263
3874
4290
4422
3753
2287
524
-972
-2094
-3109
-3314
-3070
-2413
-1622
-1257
-366
560
1291
1316
751
323
-452
-1159
-1954
-1819
-1193
-396
509
994
1765
1897
1610
1181
203
-440
-918
-1349
-1245
-611
683
1874
2657
3322
3774
3518
2876
1881
1088
557
-324
-848
-1103
-1048
-1109
-829
-422
242
712
379
69
-367
-689
-1329
-2045
-1896
-1825
-2046
-2139
-2148
-1660
-1398
-1184
-916
-911
-431
-194
-190
-217
-123
-218
-778
-1024
-1318
-819
21
426
851
1482
2278
2045
1558
1073
270
-516
-1743
-2991
-3529
-3524
-3715
-3788
-3431
-2340
-1140
-150
734
1741
2564
2652
2588
2920
3464
3479
2910
2589
2617
2139
1654
946
441
-347
-1311
-2151
-3098
-3264
-2781
-1594
-329
931
2419
3640
4285
4122
3691
3155
1912
103
-1044
-1636
-2426
-2676
-2120
-1218
-413
313
1426
1983
1995
1684
1216
509
-615
-1440
-1864
-1797
-1326
-532
415
1278
1802
1919
1726
1208
941
97
-808
-1435
-1501
-1163
-631
438
1294
2207
2657
2872
2663
1857
850
-12
-895
-1992
-2358
-2297
-1974
-1839
-1279
-653
-161
-42
-512
-903
-1182
-1698
-2093
-2375
-2341
-2234
-2148
-1996
-1515
-535
-95
287
314
514
29
-982
-1633
-1845
-1843
-1961
-1574
-1100
-324
573
1636
2360
2808
2993
2757
2075
1152
568
40
-980
-1656
-2148
-2610
-2641
-2471
-2093
-1581
-626
234
827
1426
2235
2708
3009
3477
4003
4133
3715
3235
3042
2301
1623
1073
573
-115
-1069
-1611
-2100
-1999
-1863
-1386
-527
198
1191
1714
1937
1879
1772
1349
547
-200
-1262
-1755
-1798
-1974
-1910
-1274
-330
110
532
939
1349
1366
863
242
-464
-1322
-2176
-2461
-2058
-1409
-974
-15
988
1470
1477
1325
1185
498
-326
-863
-1072
-1303
-989
-72
934
1673
2361
3025
3084
2474
1565
733
-394
-1372
-2176
-2255
-1979
-1576
-942
-27
695
1078
1137
700
190
-224
-747
-1410
-1661
-1592
-1546
-1027
-350
387
1089
1060
568
-198
-1221
-1788
-2594
-3048
-2880
-2543
-2195
-1290
-52
860
1633
1989
2476
2342
1381
609
-86
-469
-1159
-1890
-1992
-2222
-2383
-2617
-2431
-2038
-2068
-1760
-1130
-443
206
948
2118
2822
3644
4017
4242
4285
3766
2869
1948
1355
729
141
-180
-285
-440
-388
-442
-383
-41
230
365
788
1163
1062
1059
1430
1662
1493
1350
1009
236
-274
-433
-626
-687
-246
21
236
514
799
1000
1035
655
-396
-1218
-1981
-2467
-2310
-1947
-1179
-256
609
1183
1073
1046
571
-186
-722
-1379
-1550
-1686
-1379
-722
129
1065
1561
1858
1807
1286
439
-190
-865
-1676
-1884
-1908
-1666
-1089
-358
140
661
990
823
279
-169
-409
-708
-961
-1077
-906
-481
128
438
702
805
468
-144
-785
-1546
-2328
-2515
-2430
-2014
-1638
-1033
-293
265
710
1207
1586
1320
1432
1432
993
551
327
83
-561
-768
-898
-846
-1141
-1447
-1680
-1699
-1234
-941
-424
456
1350
2180
3002
3696
4177
4019
3387
2819
2244
1622
983
680
659
469
155
-154
-506
-763
-1448
-1864
-1563
-1377
-1517
-1552
-872
-258
193
715
1372
1693
1259
731
256
-344
-828
-1254
-1229
-1318
-988
-453
-90
350
706
635
101
-588
-1310
-1641
-1467
-1113
-460
623
1415
1751
1912
1921
1615
1087
587
-57
-662
-894
-686
-467
-4
525
1313
1615
1678
1691
1233
711
147
-572
-1097
-979
-996
-853
-465
69
184
168
-68
-470
-773
-1456
-1773
-1509
-1512
-1486
-1276
-771
-392
-402
-447
-645
-791
-1191
-1358
-1427
-1359
-1299
-1238
-1148
-1044
-719
-554
-372
-252
29
431
847
1099
1241
1192
980
1017
539
374
104
-129
-192
-440
-423
-528
-157
93
394
978
1376
1844
2312
2589
2597
2688
2420
2248
2096
1688
1463
1557
1436
1116
759
188
-365
-1016
-1342
-1682
-1796
-1737
-1699
-1263
-1084
-466
167
1128
1631
1537
1686
1138
694
-183
-660
-833
-1445
-1198
-981
-461
2
347
603
366
232
-192
-685
-888
-881
-617
-527
-171
590
807
873
730
405
-136
-746
-1025
-1149
-1326
-1302
-977
-738
-302
178
597
812
901
785
438
30
-426
-565
-878
-1111
-1118
-846
-686
-667
-688
-761
-715
-910
-912
-518
-389
-58
234
507
530
386
393
510
471
184
214
67
3
38
-101
-133
-292
-388
-457
-504
-228
-82
430
774
1074
1689
2084
2117
1968
1955
1756
926
307
-154
-834
-1076
-1376
-1244
-1012
-542
-155
-52
584
689
464
594
751
737
790
773
774
642
639
537
500
552
225
41
-447
-821
-1398
-1545
-1602
-1618
-1779
-1453
-931
-429
469
1048
1823
2045
1767
1275
557
-35
-546
-770
-730
-643
-480
-78
145
379
779
1041
1135
924
567
259
-129
-303
-689
-567
-555
-680
-794
-1128
-907
-1059
-1156
-1249
-1129
-1165
-1281
-1098
-754
199
790
1161
1574
1658
1597
1461
1293
934
611
84
-257
-619
-1037
-1019
-1024
-953
-768
-253
137
72
378
962
927
972
1261
1124
1026
965
1026
858
720
601
388
80
-424
-673
-822
-1273
-1624
-1476
-1515
-1319
-1032
-519
7
370
869
1220
1262
1274
1320
977
302
-191
-804
-1474
-1737
-1725
-1762
-1679
-1384
-1067
-844
-742
-601
-237
27
252
490
1002
1274
1269
1241
1433
1925
2197
2110
1750
1322
578
-216
-570
-1037
-1159
-927
-808
-364
230
638
1334
1737
2032
1966
1502
971
209
-198
-520
-1053
-1186
-1171
-1038
-671
-372
101
637
1068
1246
726
289
-11
-501
-1076
-1358
-1391
-1344
-1249
-1554
-1586
-1426
-1376
-1482
-1243
-1157
-1149
-1027
-929
-374
86
532
979
1409
1823
1655
1708
1617
1237
961
618
-99
-578
-810
-1050
-1130
-557
-288
-167
140
335
627
942
1245
1138
1517
1723
1441
1237
999
862
397
-74
126
-155
-495
-770
-822
-634
-944
-1213
-1181
-1489
-1588
-1368
-923
-445
83
614
1031
1377
1344
1260
984
572
-239
-735
-1250
-1514
-1523
-1689
-1234
-763
-516
-631
-420
188
369
338
428
782
692
752
912
1247
1530
1820
2081
1763
1496
999
363
-441
-813
-1176
-1117
-805
-756
-73
445
1112
1378
1610
1430
1170
746
159
-421
-931
-1016
-1250
-1222
-721
-81
353
766
1266
1545
1501
1264
624
-35
-492
-1119
-1418
-1226
-1130
-1238
-1133
-1036
-1092
-1112
-1143
-1057
-993
-896
-845
-652
-292
287
727
1040
1309
1372
1296
981
898
500
207
-99
-466
-983
-950
-1101
-1268
-857
-702
-553
-545
-474
86
400
882
1271
1637
1712
1348
1098
840
471
22
-286
-556
-924
-998
-758
-781
-613
-621
-688
-547
-654
-572
-609
-355
198
441
781
1162
1561
1576
1474
1093
820
332
-364
-734
-1133
-1332
-1296
-1050
-917
-516
69
514
729
722
968
807
615
523
619
807
869
804
872
1170
1190
881
327
-47
-593
-1176
-1485
-1297
-921
-462
-169
312
744
898
916
933
729
205
-607
-1064
-1537
-1531
-1112
-921
-291
257
722
1141
1362
1696
1452
842
413
122
-176
-611
-537
-383
-332
-514
-686
-1003
-1297
-1178
-1309
-1191
-840
-587
-308
214
677
1138
1470
1718
1632
1433
1080
575
278
-16
-121
-270
-244
-224
-382
-399
-232
-543
-735
-779
-646
-569
-219
526
1003
1451
1536
1556
1543
1047
453
-321
-921
-1329
-1774
-1791
-1601
-1301
-1007
-736
-553
-409
-205
-14
-104
-342
-85
-3
119
580
852
1266
1455
1308
688
113
-222
-940
-1732
-2261
-2099
-1895
-1720
-989
-91
586
924
1032
1076
658
597
500
21
-1
16
234
339
544
848
734
636
333
-55
-318
-760
-879
-640
-170
472
866
1404
1667
1602
1630
1220
812
73
-419
-737
-1006
-540
-164
276
583
834
1037
1041
771
462
393
94
100
226
155
363
455
451
193
-121
-511
-884
-1204
-1496
-1255
-962
-926
-268
207
557
881
1110
1145
929
732
91
-231
-179
-366
-527
-340
24
189
69
-1
-218
-561
-925
-1325
-1480
-1440
-1045
-337
202
722
1329
1852
1928
1436
895
602
-231
-1108
-1719
-1832
-1698
-1511
-857
-244
227
429
454
317
296
75
-394
-503
-440
-185
228
547
1022
1118
958
639
120
-456
-858
-1436
-1826
-1825
-1603
-1092
-452
9
444
1064
1542
1401
982
605
393
-7
-272
-234
-217
-146
27
192
408
480
474
283
160
-257
-546
-155
293
582
742
1138
1416
1223
1072
1019
883
334
6
-136
-213
-142
58
457
430
478
530
94
33
-38
-126
-131
-171
-164
-34
181
175
210
-78
-627
-828
-1288
-1651
-1641
-1516
-1128
-821
-372
-162
-30
240
253
224
-200
-116
-65
-273
-155
7
536
771
920
1022
932
660
169
-286
-849
-1171
-1260
-1048
-446
-49
849
1331
1545
1588
1480
1221
516
-181
-630
-1207
-1396
-1327
-1126
-640
-238
190
500
400
299
188
39
-299
-619
-613
-251
159
257
662
888
928
843
326
307
-143
-710
-967
-948
-931
-816
-369
59
719
1281
1489
1643
1585
1167
607
258
25
-396
-379
-226
-462
-161
76
413
415
467
453
57
-19
-152
-145
-14
125
276
129
123
191
-61
124
221
69
-76
-310
-252
-296
-426
-465
-472
-554
-558
-504
-421
-301
-34
-127
33
94
113
262
129
61
-145
-386
-622
-699
-524
-492
-322
126
237
240
358
286
139
-51
-73
-101
-205
51
229
350
595
854
903
842
875
649
301
-39
-431
-541
-550
-548
-569
-299
8
195
112
104
283
172
-26
-217
-484
-531
-549
-767
-680
-488
-54
-17
-126
63
153
50
72
277
138
-97
-21
110
349
269
240
502
573
243
106
257
-12
-345
-481
-442
-316
-274
-207
352
671
871
1217
1082
859
586
444
-101
-364
-439
-454
-234
-90
45
270
437
591
740
904
792
701
674
249
215
113
-58
-104
-247
-180
51
300
420
442
470
208
-10
-238
-361
-562
-679
-664
-719
-655
-368
-59
40
73
-44
-20
22
-145
-266
-104
-75
-151
-32
186
87
118
67
-101
-549
-812
-724
-822
-812
-602
-510
-310
45
172
218
157
182
262
105
190
97
-14
-8
-245
-261
-263
-292
-242
-34
-9
137
291
411
284
321
537
499
266
303
248
213
293
327
232
215
212
141
262
-23
47
167
153
96
-148
-115
-203
-149
-177
-272
-39
24
-179
-254
5
-121
-421
-332
-197
-149
-237
-147
-51
169
343
523
424
337
264
89
-92
-225
-89
-117
-68
103
322
422
524
465
564
790
553
442
285
-146
-325
-343
-486
-472
-413
-172
77
196
364
552
428
97
25
3
-437
-636
-371
-451
-600
-208
-93
-149
-101
116
157
152
-29
-88
123
200
210
241
475
396
268
268
87
-145
-376
-616
-709
-507
-308
30
210
596
823
931
845
696
514
181
167
37
131
230
180
92
217
128
-35
46
-148
-82
-234
-127
-154
-161
-157
-194
-324
-320
-227
-271
-257
-319
-304
-275
-389
-423
-196
-195
-335
-171
-30
-64
-261
-144
-159
-438
-463
-250
-81
-178
107
178
509
613
555
730
735
648
454
326
337
328
194
484
708
556
361
112
208
83
51
110
196
305
271
505
516
721
675
737
624
248
-37
-151
-454
-826
-686
-602
-584
-386
-182
-104
-218
-194
-302
-457
-426
-530
-784
-963
-777
-653
-649
-497
-660
-684
-613
-493
-614
-543
-572
-319
-212
-275
56
131
399
274
192
259
28
-172
-375
-479
-329
-324
-52
269
529
774
804
1033
1005
758
576
382
393
288
375
399
555
714
793
876
765
752
538
476
237
362
313
206
205
336
218
312
298
210
292
185
140
37
363
279
366
317
470
440
367
374
34
-13
-168
-339
-474
-448
-410
-398
-249
-222
-52
18
-185
-285
-234
-418
-508
-685
-772
-913
-716
-629
-803
-713
-506
-524
-775
-797
-443
-458
-568
-416
-5
155
162
216
276
182
132
140
2
-170
-319
-146
-35
-154
171
505
545
365
420
487
271
127
-139
-94
20
-52
-73
0
209
213
393
365
394
501
556
472
530
382
466
306
184
349
252
262
172
75
-95
-119
-203
-279
-388
-119
36
182
440
437
444
426
369
118
-125
-273
-432
-236
-303
-237
-175
-22
188
38
138
65
50
49
37
-31
-63
-53
-52
-37
-69
24
16
0
-51
9
-21
-245
-153
-111
-92
-126
108
78
-68
75
-298
-377
-366
-440
-307
-471
-180
-230
38
263
194
447
592
515
320
336
-35
-289
-444
-329
-247
-237
-163
-146
179
402
490
352
252
318
120
272
267
293
445
493
334
377
370
317
250
221
83
-18
-95
-180
-17
-10
73
121
80
82
9
-132
-266
-254
-267
-361
-228
-26
-6
82
104
-18
-98
-69
-194
-418
-335
-402
-272
-325
-209
-170
-178
19
55
-114
-177
-15
-238
-288
-48
-18
-111
91
85
201
222
356
466
380
451
160
134
125
41
21
64
93
76
229
258
302
428
402
266
177
115
-30
-57
-76
-35
-156
-241
-194
-194
-80
-139
-103
-10
34
-48
32
110
-47
45
-25
-209
-160
-259
-116
-13
35
115
180
290
322
367
307
500
201
35
-95
-174
-125
-320
-364
-349
-174
-70
-17
199
104
313
392
288
335
297
342
203
320
374
441
242
230
329
160
64
-44
-71
-68
-71
-254
-169
-138
-243
-27
-246
-311
-84
-278
-252
-149
-115
-30
44
63
142
241
93
152
93
56
-112
-180
-303
-458
-449
-464
-330
-292
-157
56
154
148
225
67
-90
-71
-169
-174
-158
-313
-246
-272
-216
-152
-31
-173
-227
-139
-190
-243
-249
-301
-544
-297
-95
5
12
231
499
590
576
496
639
475
355
355
488
295
283
330
307
457
432
687
516
504
608
684
671
664
633
588
677
570
532
440
414
438
259
79
68
105
37
-112
-74
-72
-187
-387
-437
-520
-601
-750
-777
-732
-616
-625
-472
-292
-358
-280
-388
-262
-243
-264
-25
-154
-300
-223
-378
-458
-500
-386
-261
-323
-196
-137
-74
-43
-210
-122
-164
-212
-283
-217
51
83
-76
75
231
123
120
139
307
514
509
579
572
686
570
533
393
327
235
243
143
15
213
211
458
340
447
517
450
405
208
200
-17
-346
-430
-340
-394
-326
-292
-63
-129
-156
