110
196
287
206
235
239
221
254
266
249
202
227
259
256
223
284
322
251
304
294
248
250
249
243
187
215
252
167
201
281
281
251
204
270
232
176
232
297
328
222
250
283
229
228
222
167
179
184
247
302
230
137
185
216
186
184
172
214
296
312
93
60
128
137
200
255
224
233
203
123
55
128
184
176
247
236
201
157
166
155
110
232
302
254
152
127
219
242
125
132
247
247
145
140
266
169
113
128
193
241
222
230
130
77
101
204
234
215
246
211
138
88
104
78
77
226
301
163
114
348
460
278
208
219
68
52
228
298
268
284
226
237
240
179
206
286
265
156
246
201
156
193
143
158
214
327
267
69
24
46
50
167
368
430
386
296
168
32
20
214
190
192
179
213
186
174
223
196
158
150
294
347
171
175
177
85
106
150
197
217
237
223
86
86
227
293
202
199
268
247
182
180
197
205
249
277
132
168
329
186
44
66
93
138
201
308
234
170
131
178
218
95
138
239
260
240
245
259
170
108
171
167
221
259
181
115
177
178
208
146
99
137
161
170
150
169
157
164
160
147
266
373
244
30
-3
36
158
202
341
490
426
246
78
111
236
204
158
234
238
140
87
195
203
179
224
330
246
184
197
216
176
227
158
86
299
326
117
-2
205
335
224
187
113
-7
53
302
298
-32
-10
247
208
179
352
271
84
138
235
174
120
140
131
225
307
210
220
314
260
85
183
242
146
218
301
249
130
200
273
286
198
260
211
140
192
240
283
206
152
96
162
178
129
150
100
109
212
271
243
193
111
32
134
249
241
123
351
459
224
-25
141
276
55
42
339
410
94
96
339
242
25
244
334
111
-30
288
366
63
126
380
263
-92
148
498
418
251
209
185
51
84
389
356
223
27
12
122
88
216
349
253
195
244
176
73
-3
299
441
208
52
90
267
253
168
226
189
4
209
454
276
-51
141
489
191
42
259
304
48
79
454
204
-92
216
486
152
-75
281
431
234
83
201
383
248
189
321
208
-56
85
497
423
24
111
497
257
35
282
329
-77
11
544
345
-8
228
457
47
-147
340
497
128
111
388
333
-78
123
578
436
-49
-26
354
141
-23
289
369
84
97
547
461
53
11
303
300
-2
119
381
244
-64
221
444
141
106
394
256
-114
190
518
156
-105
215
239
92
162
433
244
-2
152
232
152
268
603
381
-28
-153
-9
93
285
207
73
172
191
185
159
240
66
11
166
273
237
207
300
201
40
198
416
276
-79
101
501
259
-10
191
248
82
126
299
135
55
187
135
100
181
412
234
-23
17
317
255
22
-24
288
325
163
237
266
201
203
253
41
19
197
300
211
230
118
187
86
113
134
145
134
222
248
165
346
313
287
22
26
99
248
395
262
9
88
291
167
154
187
29
-138
325
428
-10
-30
248
91
-74
284
276
-20
181
351
164
104
303
216
-94
65
122
46
235
175
-57
-47
195
195
126
135
153
-8
115
137
47
114
77
-62
-89
186
69
-16
69
33
-262
1
150
-76
-57
308
290
-125
-19
277
220
-16
-14
199
170
25
234
213
153
-9
98
240
122
52
85
197
131
-149
-133
192
140
145
181
155
-207
73
463
110
-150
102
257
-11
-128
174
317
58
111
270
130
-31
7
88
-103
-41
351
249
-99
69
292
10
-294
159
444
48
-227
39
105
43
151
233
-15
-58
134
45
-174
16
307
-80
-83
178
290
-200
-13
296
60
-12
92
166
160
31
236
-4
48
-35
-153
120
-158
43
-48
93
122
-58
-56
-5
135
-20
-137
28
130
190
100
-10
136
139
32
-44
85
95
2
102
89
2
-71
93
-37
-51
79
156
-84
17
90
-3
78
32
-178
-269
88
-38
-206
78
319
67
-136
28
171
27
-77
121
65
168
-32
81
122
-95
81
101
205
-104
-143
43
13
89
-83
87
119
-121
395
218
-186
-25
467
-3
-369
215
365
-354
-23
296
-142
-414
43
345
-208
-215
70
277
-225
-86
357
102
-400
-47
344
183
17
-153
-131
-113
130
-12
329
5
-158
-37
309
127
-177
161
39
-388
-208
297
-11
-480
72
428
-412
-226
314
-25
-646
48
438
-235
-361
284
188
-503
-287
406
-22
-408
92
302
-131
-121
118
132
115
-120
-342
73
198
-185
-230
16
-132
-320
-85
-1
-252
-90
122
-115
-258
-79
112
-108
-125
-125
-294
-256
-30
126
-116
-262
30
252
-266
-200
-18
113
-291
-53
22
-201
-126
57
82
-239
-308
-24
63
-141
-289
-85
61
-256
-103
80
-48
-206
-43
111
-105
-219
113
-4
-66
-66
80
-37
-123
-15
-14
-211
-43
32
1
-143
-266
4
37
62
-136
-170
-76
65
-140
-164
-89
63
-186
-55
100
-79
-241
-163
-40
-89
71
106
-163
-227
282
177
-190
-351
74
14
-315
-186
147
-76
-399
-98
109
-21
-142
9
126
252
-64
-333
-83
-54
-263
-182
40
-6
-298
-12
46
-104
-149
-82
101
-81
-295
71
32
-224
-293
129
-14
-370
1
232
-145
-302
132
190
-374
-179
173
15
-384
-41
405
-361
-489
41
164
-212
-264
64
78
-18
-78
-7
93
-113
-128
51
-107
-351
-75
174
15
-74
91
32
-283
-177
43
-71
-229
-54
69
95
-135
71
87
-43
-119
167
123
-266
-113
122
66
-206
-126
-15
-139
-264
28
173
-198
-407
92
238
-315
-290
119
13
-371
88
280
-262
-452
107
186
-337
-153
122
-121
-376
-17
147
-154
-202
48
-97
-4
-29
-131
-273
36
56
-191
-139
82
143
31
-105
-179
49
-35
-186
-283
-10
30
-62
-234
-34
133
-81
-236
61
319
-182
-298
111
368
-288
-270
98
155
-29
-193
-118
61
27
-194
-83
-19
-128
-12
164
-72
-266
122
-80
-127
19
265
-209
-125
450
121
-470
-102
258
-137
-306
318
90
-472
26
230
-140
-221
387
-56
-186
405
253
-495
-225
315
-4
-277
121
167
-153
-56
-45
-212
-112
68
-192
-227
154
-140
-348
140
123
-328
-22
263
-93
-198
45
174
-230
-128
227
-128
-492
-193
532
-291
-848
60
433
-275
-231
474
11
-369
252
236
-354
-20
290
68
-308
-66
-28
-290
106
179
98
-94
-56
-67
-46
135
35
-49
24
59
30
-218
-26
218
-86
-209
236
183
-400
161
615
-143
-411
180
131
-216
-40
205
2
-70
28
0
34
-60
-121
9
160
-36
-8
78
-287
-115
141
69
-36
5
280
170
162
-52
-121
-148
-177
-42
131
-40
-34
55
98
-96
-255
65
-134
-226
-38
585
322
-390
-349
229
52
-321
-15
258
-127
-168
110
-1
-154
-78
-89
-25
76
-65
-53
147
171
-139
-35
35
251
261
-19
-77
-266
21
-82
-11
13
-45
161
-42
237
52
-269
-304
188
547
-89
-358
139
2
-94
-25
210
-162
-260
520
219
-271
-21
40
-20
-313
21
315
-144
107
98
143
-277
182
432
-208
-213
618
253
-554
-177
516
-46
-394
518
241
-589
-218
461
34
-353
-55
-21
-83
200
250
51
12
-170
-257
260
508
-273
-327
184
107
-500
-175
563
-275
-488
434
646
-384
-503
439
124
-828
-161
666
-18
-658
188
650
-385
-190
648
219
-837
-274
774
353
-667
-122
687
182
-351
156
126
-520
-328
671
249
-411
-78
346
64
-447
-131
679
434
-343
-313
238
135
-295
210
456
-83
-255
328
201
-403
-229
437
183
-234
161
481
-179
-568
230
611
203
-42
206
110
-305
-61
235
186
-158
-478
125
204
28
136
252
-209
-296
123
249
-299
-316
310
285
-91
-315
278
311
23
-72
-94
-32
-39
-191
31
121
-121
-81
316
119
-197
263
194
-83
31
420
137
-287
-53
296
68
-503
-7
256
-50
-457
275
135
-498
-192
424
108
-377
169
419
-14
-260
-61
174
20
178
306
-80
-180
-74
69
-209
-321
124
99
-17
10
203
-28
-425
-133
-190
-284
-8
-27
-152
36
385
210
97
4
-109
146
300
105
-118
-291
-196
-94
-157
-158
-155
-19
146
196
115
123
-139
-273
-21
140
-292
-153
542
10
-433
103
257
-481
-69
620
-192
-251
706
542
-660
-288
230
-49
-272
-29
159
7
218
180
-55
-338
-167
73
33
-496
-324
209
353
109
67
150
-158
-102
61
172
453
209
62
26
188
133
198
-163
-265
91
9
-18
-40
78
-382
-54
150
73
-193
-362
-118
165
87
-263
308
475
54
-366
-211
-77
-56
308
208
63
238
303
-31
-283
-210
-186
-330
-198
-76
244
-18
-295
-29
-117
-239
33
442
340
-50
-11
-63
83
-92
-249
-401
-342
-204
85
58
-305
-238
5
113
-219
15
-1
-141
-250
61
-32
20
27
144
336
338
130
224
372
-193
-32
395
112
-110
409
313
78
184
-10
-318
-254
35
-188
-362
-304
-261
-104
-218
-298
-16
317
337
142
446
456
451
96
-163
143
210
-288
-220
236
257
23
206
237
-134
-255
82
352
-158
-204
18
-56
-145
209
95
-190
0
229
112
-199
-51
-50
-52
205
228
58
-64
106
397
301
383
181
-37
112
416
120
-286
-76
159
30
-219
-147
-173
-108
57
80
234
669
507
-146
-222
-81
-61
11
124
-12
266
319
388
264
-293
-453
-165
130
-281
-1
247
130
-72
84
30
-176
4
479
595
146
-237
49
227
-141
-197
433
459
100
511
767
397
-88
89
-23
-258
-170
153
74
-151
-256
75
145
34
27
-94
-193
50
412
495
251
232
263
502
499
246
169
419
251
-46
373
765
91
-443
61
149
-102
303
675
-28
-43
431
279
-30
-45
-321
-252
205
478
285
214
-87
-261
-39
115
15
-157
-435
-622
-217
-78
-74
-110
-214
-360
-372
-102
-290
-528
-397
-232
-306
-477
-137
137
-52
65
421
356
76
189
183
-151
-6
385
191
61
108
0
-142
-78
200
280
216
219
369
453
501
190
24
467
575
479
530
877
724
732
846
593
213
263
874
856
513
500
851
697
609
561
334
161
121
260
360
604
443
233
128
145
168
15
207
291
375
663
805
709
465
204
137
238
443
435
462
592
507
229
150
428
487
304
190
287
347
358
583
713
594
393
293
107
-198
-126
-90
63
188
168
353
753
1002
980
921
766
237
-796
-2319
-3848
-4610
-4305
-2907
-587
1465
2148
1957
2031
2180
1944
1392
13
-1828
-3418
-4489
-4033
675
9510
15420
13645
8005
2453
-1317
-3142
-3601
-3330
-2716
-1840
-918
64
977
1927
2611
2962
2896
2116
876
-226
-882
-1370
-1755
-1756
-1425
-1033
-730
-477
-536
-755
-1018
-1267
-1372
-1361
-586
641
1670
2178
2241
1937
1486
1504
1172
541
-106
-649
-1286
-1152
-20
991
2775
5491
7525
6948
5433
3773
1949
799
482
21
-1201
-2333
-2947
-3617
-3708
-2844
-1440
-323
45
-702
-2028
-4187
-4969
-1826
1949
2564
-134
-779
943
192
-927
769
4302
4256
3182
6710
9660
7183
1199
-2010
-3883
-7499
-8696
-5132
-1321
-2564
-4820
-3620
-2067
-3113
-3283
69
2530
1509
930
2768
2991
-287
-2853
-2628
-2141
-2350
-592
2935
4077
2284
1299
2734
3895
3474
3202
2816
684
-2148
-2729
-1324
-838
-1986
-2595
-2704
-3413
-4210
-3823
-2995
-3346
-3666
-2188
126
1735
2164
3499
5516
5081
2667
1107
1736
1040
-545
477
2275
1888
421
1197
1701
-383
-2001
-1877
-1416
-1842
-1445
107
766
-10
-1378
-2114
-2488
-3381
-3938
-2886
-1661
-1561
-1616
-820
-453
-1488
-2046
-1407
-815
-751
-402
200
172
-1089
-2548
-3162
-3208
-3452
-3602
-3192
-3037
-4371
-4149
-160
6123
9790
8764
6660
4890
3518
1568
1079
2744
3055
2182
2546
5663
6911
3608
-734
-3594
-5575
-7136
-5143
-562
1598
-4
-1874
-1932
-2744
-4827
-5528
-4213
-3316
-2871
-319
3659
5141
3371
1437
733
174
71
1916
4539
5158
3908
3314
3768
3324
1650
306
-545
-1798
-2485
-1356
381
554
-867
-2150
-2713
-3135
-3316
-2854
-2207
-2328
-2373
-1137
853
2151
2141
2891
4242
5648
5821
5374
4825
3124
1766
833
1291
1596
846
203
-633
-1204
-2268
-2634
-2356
-2178
-1941
-1234
89
738
371
-460
-1333
-2062
-2282
-1647
-517
146
55
-261
-424
-292
-273
-174
-46
41
0
10
107
-307
-1545
-3113
-4286
-4867
-4919
-4563
-4342
-4540
-5504
-6209
-3964
3284
11584
13503
9626
6167
5448
3438
354
1509
4864
4854
2639
4746
8800
6660
-576
-5676
-6813
-8287
-8601
-3646
2258
1861
-2870
-4402
-3306
-4676
-6931
-5511
-2376
-1735
-1286
2707
6871
6237
2828
1398
1719
1420
1699
4188
6335
5142
2784
2537
3339
2159
-371
-1840
-2845
-4165
-4310
-2297
-314
-773
-2624
-3596
-3621
-3544
-3336
-2547
-1805
-1593
-893
1109
3600
4274
4760
5490
6272
6795
6282
5602
3495
1776
400
-456
-178
-420
-874
-2323
-3028
-3606
-4093
-3627
-2857
-1832
-1272
-275
527
651
285
-598
-1281
-1386
-912
-194
637
1050
493
-215
-231
93
185
232
342
90
-270
-443
-954
-2056
-3553
-4618
-5602
-5996
-5661
-5087
-4804
-4910
-5270
-5611
-3560
3699
13017
16346
12628
8380
7611
5719
1534
1229
4583
5596
3077
4011
8055
6347
-1723
-8376
-9312
-9634
-9806
-5501
888
1810
-3227
-5854
-4297
-3928
-5897
-5104
-1298
672
1114
3949
8281
8719
5166
2635
2903
3292
2900
3875
5614
4919
2272
1193
1861
1153
-1714
-4267
-5214
-5516
-5331
-3506
-1152
-724
-2273
-3564
-3324
-2495
-1968
-1476
-434
650
1697
3325
5460
6273
6055
6786
8528
8323
5627
3347
1749
-582
-2660
-2398
-1324
-1621
-2627
-3159
-3584
-4456
-4872
-4276
-2606
-726
656
1781
2669
2275
534
-721
-865
-665
-309
763
1654
1383
466
-243
-557
-597
-602
-554
-466
-294
-369
-627
-1474
-3448
-5638
-6589
-6201
-6121
-6224
-5513
-4658
-4503
-5224
-5547
-3591
2924
13233
19338
17277
11797
9244
7311
2357
-142
2695
5722
4368
3356
6119
5451
-2395
-10935
-12824
-11228
-10508
-7442
-1193
1926
-2034
-6179
-4886
-2757
-3879
-4417
-1003
2388
3230
5084
9327
11158
7947
3897
2900
3268
2459
2075
3462
4027
1999
3
-59
-589
-3582
-6766
-7670
-6830
-5649
-3799
-1302
-158
-1240
-2682
-2646
-1394
-326
247
1145
2514
3823
5027
6295
6752
5518
3321
4165
7793
8771
5592
1791
-358
-3616
-6359
-5387
-3152
-2993
-4072
-3307
-2143
-2186
-2957
-3373
-2277
-263
1665
3539
5409
5035
1809
-638
-765
-372
-139
732
1410
683
-430
-877
-806
-877
-1582
-2318
-2359
-1865
-1667
-1671
-1965
-3105
-5275
-6579
-6147
-5461
-5250
-4949
-4171
-3799
-3846
-3870
-2165
3282
13475
21003
19875
13785
9605
7578
2153
-2058
61
4173
4232
2150
3927
3830
-3431
-12746
-15236
-12040
-10020
-7355
-1598
2897
381
-4407
-4088
-1361
-1713
-2938
-148
4323
6208
7311
10295
11856
8467
3201
929
1224
991
601
1708
2578
1077
-1184
-2050
-2533
-4905
-7644
-8170
-6620
-4543
-2448
-104
1245
814
-607
-987
-149
911
1627
2406
3971
5427
6333
6153
5458
3793
2518
2442
3993
6037
5271
2110
-2189
-4462
-5968
-6423
-4689
-2923
-2090
-2377
-1436
-738
-948
-1188
-894
558
2298
3963
4681
4446
2831
254
-1161
-843
-220
-194
-212
-431
-969
-1148
-1037
-1216
-2031
-2754
-2974
-2500
-1729
-1431
-1718
-2726
-4177
-5423
-5702
-5213
-4589
-3941
-3218
-2708
-3068
-3860
-3018
3683
15970
23490
20599
12878
8950
6045
-676
-4235
-344
4655
3407
1379
3832
3081
-5815
-15271
-15660
-11206
-8779
-5508
964
4580
345
-4460
-3008
163
-722
-1977
1254
5682
7153
8091
10861
11412
6725
904
-858
130
162
-306
694
1582
122
-1993
-2629
-3270
-5681
-8261
-8112
-5475
-2454
57
1972
2611
1478
-269
-655
672
2133
2827
3597
4779
5785
5512
4714
3590
1990
1403
2582
5299
5695
3028
-1140
-4398
-5722
-6294
-4827
-2975
-1875
-1800
-1595
-609
-267
-375
-622
326
1885
3404
4463
4589
3528
1025
-1008
-1557
-1230
-1055
-1035
-858
-683
-636
-853
-1410
-2215
-3061
-3333
-2566
-1365
-763
-1379
-2306
-3441
-4676
-5391
-5106
-4393
-3872
-3613
-3165
-2984
-3696
-3953
1818
15588
25129
22048
12567
8486
6622
-1001
-5819
-1104
5610
4088
747
3420
3542
-5710
-16358
-16324
-10313
-7652
-5286
1327
5928
1405
-4393
-2920
904
-191
-2170
1162
6054
7722
8254
10552
10962
6254
63
-2008
-771
-529
-1028
-121
1182
445
-1622
-2777
-3832
-6222
-8529
-8056
-4546
-610
2006
3037
2907
1607
-44
-448
1052
3018
3823
3939
4408
5137
4668
3391
2114
934
247
1507
4613
5578
2889
-971
-3451
-4961
-5703
-4662
-2929
-1867
-1294
-422
682
1021
60
-1141
-723
1304
3269
4575
5205
4155
1382
-986
-1738
-1602
-1447
-1326
-1164
-920
-786
-1167
-1910
-2526
-2948
-3125
-2435
-1109
-396
-789
-1937
-2872
-3723
-4025
-4212
-4539
-3935
-3259
-2931
-3146
-3241
-3655
-4129
3477
18211
26563
20717
10523
7922
4645
-3968
-7529
-31
7018
3929
938
3409
2251
-8750
-18092
-14860
-8001
-5905
-3941
2846
6102
370
-4446
-1740
1646
-538
-2130
2048
7044
8215
8544
10317
9563
4030
-1814
-2959
-1526
-1422
-1588
82
1700
656
-1720
-3498
-5233
-7527
-8592
-6457
-2017
1962
3493
3156
2110
826
-346
-55
1926
3695
3974
3526
3916
4483
3932
2519
1239
7
579
3274
5229
3952
652
-1939
-4243
-5583
-5013
-3510
-2194
-1116
188
933
1187
427
-1075
-1355
515
3004
4516
5222
4261
1498
-1091
-1966
-1898
-1665
-1286
-1286
-1312
-1037
-1120
-1885
-2458
-2705
-3072
-2516
-1016
-111
-694
-1697
-2503
-3390
-3913
-4271
-4296
-3977
-3451
-3066
-3009
-3196
-4293
-5431
444
15491
26801
23859
12884
7561
4654
-3515
-8491
-2240
6911
6202
1712
2525
2305
-7051
-17868
-16719
-8717
-4983
-3883
1475
6112
1987
-3867
-2659
1265
74
-2261
824
6435
8838
9167
10437
9932
4789
-1706
-4060
-2791
-1898
-1614
224
2273
1469
-1540
-4283
-6419
-8372
-8669
-5857
-1270
2445
3887
3199
1649
665
233
615
1932
3476
3916
3470
3787
4597
4409
2604
569
-930
-1264
431
3960
5623
3623
-72
-3145
-5351
-6641
-5706
-3429
-826
995
1859
1780
630
-1159
-2322
-878
2282
4559
4995
4210
2332
-231
-1768
-1951
-1780
-2021
-2336
-2114
-1317
-645
-922
-1868
-2723
-3256
-3199
-2106
-807
-516
-1047
-1567
-2468
-3648
-4615
-4728
-4589
-4122
-3552
-3087
-3094
-4066
-5050
434
15459
26985
24278
12696
6599
3879
-3884
-8481
-2141
7673
7320
1900
1458
607
-7989
-18241
-16770
-7929
-3593
-3033
1020
5447
1925
-3797
-2915
1388
747
-1977
543
6468
9749
9832
10194
9394
4363
-2482
-5352
-3611
-1739
-930
721
2465
1514
-2284
-5939
-7947
-8657
-7630
-4578
-271
2974
3689
2425
1142
868
982
1102
1853
3103
3618
3546
4072
5088
4528
1999
-825
-2324
-2750
610
5852
7440
4053
-641
-3643
-7046
-8267
-5989
-2327
460
1914
2592
1411
-103
-1902
-2625
-387
3157
4893
4530
3970
2086
-629
-1880
-1911
-2510
-3174
-2919
-2112
-661
416
-283
-2160
-3304
-3604
-3339
-2003
-686
-615
-1130
-1595
-2718
-3808
-4589
-5001
-4974
-4042
-2920
-2818
-3687
-5090
-4639
5116
20979
28266
20590
9045
4918
771
-6578
-7252
2363
9598
5739
798
527
-2436
-12814
-19284
-13296
-4759
-2597
-2204
2448
4609
-331
-4042
-1069
1798
-751
-2236
2491
8741
10852
10444
9927
6872
426
-5038
-5187
-2372
-613
74
1340
1910
-482
-4571
-7652
-8671
-7908
-5714
-2214
1379
3192
2830
1685
1272
1488
1480
1223
1648
2808
3824
4456
4990
4878
2845
-415
-2873
-2474
-96
3088
5081
4353
1240
-2639
-5167
-6415
-5718
-3640
-1052
1066
1852
1532
250
-773
-1164
-467
1218
3024
3871
3449
2471
1189
-231
-1407
-2389
-3043
-3120
-2441
-1419
-536
-644
-1866
-3197
-3717
-3276
-2235
-994
-381
-673
-1695
-2664
-3563
-4384
-4628
-4290
-3613
-2676
-2428
-2838
-4087
-5598
-5318
3851
20173
28569
21407
8685
3920
1053
-5971
-7879
861
9291
6065
124
-148
-1699
-11076
-18902
-14082
-4924
-2493
-3139
1209
5161
1291
-3259
-1180
1834
-743
-3048
1467
8675
11713
10710
9217
6244
384
-5151
-5555
-2360
-410
-112
709
1548
-379
-4376
-7627
-8633
-7767
-5435
-2107
1098
2879
2823
1830
1540
1926
1702
806
931
2576
4082
4855
5092
4518
2166
-1086
-3257
-2607
257
3457
5187
4185
1325
-2312
-5117
-6352
-5903
-3878
-1405
859
1991
1780
447
-899
-1367
-860
701
2482
3719
3844
3124
1746
-128
-1804
-3067
-3730
-3359
-2263
-1045
-387
-729
-1998
-3239
-3646
-3065
-1987
-1300
-1185
-1144
-1443
-2331
-3524
-4292
-4447
-4373
-3787
-3124
-2864
-3415
-4624
-5891
-3844
8879
24527
28081
17074
5849
3127
-1035
-7610
-6041
4771
10119
4182
-650
-478
-4174
-14861
-18978
-10883
-2974
-2572
-2378
2998
4721
-486
-3500
-356
1345
-2055
-2373
4067
10876
12219
10196
8042
4218
-1972
-6140
-4587
-1009
207
213
1172
1150
-1995
-6228
-8626
-8632
-6800
-4055
-904
1758
2827
2383
1591
1778
2042
1257
199
979
3371
5359
5990
5308
3481
329
-2647
-3716
-2476
1791
5866
6100
2494
-1236
-3676
-6334
-7037
-4939
-1911
241
1704
2261
1100
-419
-1776
-1987
-309
2105
3333
3665
4076
3116
764
-1228
-2511
-3734
-4004
-2741
-1194
-152
-263
-1732
-3443
-4026
-3676
-3204
-1777
-444
-92
-605
-1494
-2836
-4311
-4882
-4522
-3769
-2836
-2478
-3035
-3883
-4760
-5617
-2505
10910
25288
26613
14417
4422
2627
-1736
-7772
-4969
6010
9752
3105
-1205
-926
-5131
-15423
-18054
-9565
-2615
-2861
-2385
3197
4563
-542
-3416
-618
559
-2318
-1432
5458
11765
12226
9546
6841
2842
-2682
-5862
-4003
-688
464
547
1080
451
-2860
-6912
-8953
-8365
-6162
-3323
-642
1470
2568
2460
1820
1602
1549
632
-112
1185
4074
6114
6102
4696
2367
-441
-2848
-3266
-2213
188
4247
6734
5010
418
-3298
-6062
-7885
-6847
-3202
657
2639
2958
1689
-296
-2051
-3050
-2059
873
3580
4512
4640
3998
1331
-1830
-3514
-4053
-4139
-3127
-1585
-428
49
-861
-2766
-4225
-4470
-4001
-2718
-725
264
-216
-1082
-2230
-3989
-5453
-5335
-4536
-3623
-3095
-2809
-3482
-4463
-4854
943
15940
27106
23262
9567
2399
1365
-3702
-7197
-815
9348
8532
433
-2565
-2510
-8255
-17110
-15486
-6079
-1709
-3498
-1703
3968
3388
-2019
-3318
-138
-286
-2591
578
8405
13211
11548
8092
5026
717
-4214
-5543
-2271
698
1003
657
601
-1093
-5039
-8421
-9204
-7582
-4979
-2534
-222
1604
2544
2203
1591
1296
838
4
161
2582
5771
7075
5798
3293
699
-1857
-3233
-2754
-938
2563
5672
5682
2213
-1827
-4984
-7723
-7908
-5101
-1176
1704
2893
2459
608
-1348
-2661
-2611
-634
2234
3889
4568
4669
3010
-208
-2823
-3845
-4319
-3765
-2196
-928
-174
-437
-1892
-3589
-4251
-4015
-3440
-2286
-888
-222
-643
-2016
-3693
-5048
-5245
-4905
-4002
-3061
-2679
-3701
-4913
-4887
-293
13198
25727
25287
12487
2604
759
-2700
-6630
-2421
8076
10137
2245
-2925
-3278
-7014
-15630
-16716
-8191
-2071
-3083
-2837
2799
4313
-718
-3827
-1650
-596
-2429
-138
7499
13417
12589
8417
5033
1228
-3389
-5417
-2714
946
1642
930
517
-1061
-4784
-8305
-9325
-8022
-5615
-3003
-747
1205
2459
2628
1814
787
76
-371
294
2786
6048
7613
6375
3432
420
-1708
-2797
-2455
-1284
1350
4476
5297
2922
-775
-3710
-6543
-7619
-5592
-1986
1006
2419
2543
961
-948
-2318
-2730
-1348
1251
3205
3906
4350
3602
1013
-1790
-3258
-3740
-3464
-2334
-1322
-817
-900
-1790
-3127
-4002
-3972
-3523
-2722
-1402
-547
-678
-1631
-3056
-4358
-5018
-4832
-4246
-3656
-3615
-4016
-4095
-4188
-2240
9047
23524
26876
14970
2831
934
-863
-5984
-4543
6406
12042
4514
-3354
-3791
-4935
-13494
-17880
-10409
-2165
-2500
-4262
1055
5093
717
-4612
-3468
-759
-1812
-1181
5677
13253
13709
8890
4911
1963
-2099
-5097
-3118
1247
2688
1372
334
-839
-3899
-7580
-9363
-8434
-6128
-3773
-1521
738
2451
2611
1439
211
-526
-760
239
2898
6054
7826
6686
3797
897
-950
-2010
-1322
869
2208
2788
2987
2355
-596
-4034
-5887
-6421
-5415
-2999
-119
1545
1703
797
-823
-1581
-1477
-810
793
2885
4007
3761
2993
1422
-1043
-2868
-3145
-2809
-2144
-1454
-1392
-1756
-1941
-2361
-3245
-3598
-3219
-2858
-2184
-1291
-1204
-2055
-3082
-4118
-4785
-4638
-3844
-3613
-3450
-3133
-3186
-3704
-1568
9925
23442
25758
14223
2968
825
-1074
-5560
-3679
6901
11642
3904
-3654
-4198
-5393
-13176
-16759
-9617
-2331
-2746
-4178
922
4742
814
-4075
-3346
-1167
-1818
-372
6504
13362
13380
8481
4355
1600
-1805
-4230
-2254
1775
2977
1528
44
-1380
-4153
-7371
-8908
-8216
-6088
-3674
-1477
589
2307
2675
1357
-282
-972
-738
779
3700
6755
7962
6539
3479
785
-726
-918
248
1466
2449
2897
2155
5
-2329
-3886
-5109
-5366
-3937
-1686
68
875
864
112
-578
-779
-724
151
1783
3051
3194
3070
2439
772
-943
-1764
-1894
-1744
-1252
-1247
-1737
-2111
-2468
-2892
-2848
-2543
-2447
-2250
-1748
-1776
-2453
-3147
-3307
-3560
-3760
-3612
-3451
-3496
-3762
-3761
-3662
-3356
-1253
9338
23113
26505
15347
3135
583
-762
-5105
-3810
6243
12135
5405
-2882
-4263
-4964
-12090
-16967
-10943
-2727
-2061
-3872
599
5114
1529
-4383
-4405
-1582
-1465
-425
6055
13439
14105
8890
4158
1776
-951
-3527
-2298
1845
3704
2160
278
-998
-3460
-6966
-8975
-8466
-6219
-3632
-1506
524
2271
2607
1100
-815
-1457
-838
814
3521
6695
8175
6729
3592
1114
-10
-10
1139
2225
3298
3817
2806
-151
-2952
-4438
-5747
-5905
-4053
-1456
63
535
488
-342
-959
-900
-450
600
2289
3448
3457
3178
2261
375
-1258
-1680
-1547
-1354
-938
-1023
-1646
-2069
-2517
-3130
-2901
-2316
-1958
-1715
-1417
-1890
-2967
-3653
-4069
-4527
-4306
-3575
-2774
-2504
-2417
-3336
-4268
-4847
-770
12715
25697
25547
12263
2519
1149
-1606
-5623
-1757
8813
11079
2896
-3282
-3279
-5496
-13623
-15955
-8689
-2544
-3708
-4008
2056
5104
316
-4548
-3658
-1900
-2297
169
7684
14194
13254
7861
3654
1420
-1088
-2821
-803
2662
3456
1781
328
-1112
-3882
-6974
-8573
-8084
-6100
-3724
-1642
452
2094
2047
382
-1366
-1882
-1043
1028
4028
6921
7913
6231
3284
1299
525
697
1886
3569
4433
3409
1647
-436
-2700
-4892
-6080
-5425
-3597
-1614
-382
188
66
-753
-1341
-1015
145
1300
2437
3398
3713
2995
1423
-262
-1305
-1445
-1172
-743
-545
-880
-1562
-2058
-2312
-2616
-2763
-2468
-2220
-1894
-1714
-1901
-3023
-4003
-4235
-4599
-4754
-4228
-2888
-2535
-2960
-3867
-4344
-4604
2290
17373
27687
22392
8129
1615
1116
-2516
-5420
1428
11449
9774
436
-3874
-2800
-7084
-15308
-14575
-6336
-2482
-4844
-3008
3290
3948
-1968
-5532
-3764
-2592
-2475
1667
9805
14613
12075
6638
3030
909
-1515
-2010
917
3746
3622
1860
433
-1386
-4421
-7172
-8478
-7804
-5694
-3415
-1452
559
1891
1342
-575
-2165
-2270
-1075
1303
4343
6929
7411
5637
3092
1529
1004
535
1623
4915
7032
4928
1040
-1337
-3413
-5939
-6868
-5174
-2744
-1253
-681
-629
-687
-1319
-2177
-1790
253
2147
2818
3334
3744
2963
1020
-764
-1618
-1689
-1160
-623
-356
-223
-664
-1901
-2774
-2789
-2700
-2750
-2186
-1443
-1652
-2558
-3602
-3989
-4510
-4840
-5032
-4328
-3249
-2911
-3476
-4188
-4423
-2233
8811
22483
25875
15103
4080
1845
797
-3147
-2507
6494
11686
5740
-1900
-3032
-3241
-9989
-15407
-11346
-4286
-3600
-5379
-1252
3529
1406
-4149
-5340
-3500
-3147
-1801
4080
11567
13584
9783
5271
2747
805
-1156
-539
2415
4230
3365
1787
380
-1745
-4708
-7331
-8259
-7293
-5248
-3298
-1493
443
1378
285
-1735
-2795
-2279
-783
1493
4349
6485
6510
4785
3112
2675
2796
3304
4755
5711
4825
2259
-120
-2022
-3795
-5036
-5285
-4389
-3189
-2188
-1718
-1506
-1300
-1308
-1127
-296
943
1935
2540
2672
2241
1436
287
-777
-1122
-642
-210
-389
-576
-740
-1131
-1627
-1848
-1753
-1848
-2152
-2298
-2333
-2655
-3394
-4056
-4835
-5438
-5559
-4734
-3921
-3454
-3312
-3792
-4551
-3478
6492
20208
25354
16567
5935
3310
2179
-2234
-3013
5501
11815
7197
-493
-2191
-1545
-7374
-13814
-11905
-5469
-4334
-6842
-3549
2507
2513
-2963
-5500
-4167
-3876
-3771
591
8519
12760
10823
6839
4464
2910
474
-406
1629
4112
4113
2677
1685
513
-1890
-5105
-7348
-7723
-6515
-5107
-3553
-1263
722
714
-1213
-2837
-3045
-2176
-694
1579
4263
5711
5417
4367
4110
3825
4476
6075
6564
4505
1643
410
-403
-1323
-2198
-2715
-3375
-4043
-4144
-3932
-2940
-2027
-1665
-1071
37
717
634
1026
1586
1489
935
726
346
-8
301
532
381
-203
-944
-1556
-1378
-597
-520
-716
-985
-1710
-2821
-3266
-3399
-3897
-4466
-4975
-5336
-5357
-4738
-4424
-4430
-4944
-5266
-4654
2915
15703
23443
18986
9183
4768
3504
-23
-2631
2743
10594
10166
3351
-549
147
-3180
-10404
-12208
-7631
-4911
-7094
-6384
-778
2615
-460
-4585
-5189
-4875
-5218
-3702
2457
9074
10952
8682
6221
5152
3352
1165
920
2718
4095
3759
3055
2608
1733
-451
-3716
-6272
-6917
-6403
-5748
-4175
-1500
498
86
-1892
-3113
-3140
-2715
-1876
34
2417
4074
4285
4503
5190
5633
6918
8225
7680
4547
1719
189
-889
-1436
-1664
-1666
-2423
-3178
-3932
-4317
-3792
-3154
-2615
-1607
25
900
997
1092
1032
567
-27
-497
-927
-483
442
812
882
771
225
-572
-820
-588
-406
-284
-347
-1037
-1803
-2349
-3143
-4323
-5300
-5874
-5892
-5564
-5147
-4898
-4989
-5144
-4654
2044
13666
20525
16141
7902
5199
4691
1412
-1421
3214
10228
10259
4566
1215
2454
-170
-6807
-9626
-6519
-4583
-7074
-7321
-2739
1229
-62
-3348
-4964
-5295
-5945
-5814
-1844
4005
7457
7128
5712
5369
4977
3687
2430
2469
3369
3795
3263
2941
3436
3342
1360
-1791
-4033
-4969
-5673
-5673
-4069
-1470
-134
-1047
-2470
-2850
-2777
-2972
-3047
-1936
-144
1255
2276
3733
6847
9846
9715
6418
3442
2180
1046
153
669
2051
2080
397
-1689
-2994
-3476
-3928
-4354
-3728
-2010
-968
-644
-62
759
652
-510
-1574
-2166
-2016
-1279
-521
388
1155
1015
-28
-512
99
529
427
384
505
-11
-842
-1666
-2265
-2681
-3217
-4165
-4904
-5103
-5627
-6238
-6478
-6051
-5117
424
10185
16844
14444
7834
4892
4157
1151
-2106
950
7472
9513
6124
3563
4680
3479
-1918
-6023
-5516
-4532
-6445
-7453
-4228
244
1192
-694
-2760
-4217
-5720
-6930
-5660
-1923
1915
3786
3966
4206
4757
4647
3641
2477
2062
2172
2007
1841
2766
4443
5097
3522
957
-1031
-2656
-4088
-4564
-3168
-1416
-869
-1465
-1764
-1628
-1834
-2635
-3358
-3273
-2587
-1650
-387
2545
6100
7960
7437
6158
4646
2637
710
-244
277
1213
1541
992
431
282
-314
-1567
-2530
-2669
-2720
-2614
-1919
-774
173
287
-291
-1348
-2021
-2290
-2748
-2678
-2018
-1151
-557
-46
507
958
1269
990
324
-203
-369
-765
-1244
-1314
-1286
-1718
-2380
-2940
-3533
-4267
-5133
-5730
-5850
-1828
5922
11837
11380
7345
5361
4524
1610
-2125
-1351
3058
5356
4062
3067
4951
5741
2991
-569
-1698
-2107
-4540
-6768
-5771
-2212
526
1089
350
-650
-1828
-3661
-4968
-4553
-2407
-608
-8
661
2131
3739
4220
3471
2449
1835
1032
-244
-520
1061
3256
4142
3530
2777
2015
666
-1014
-1812
-1530
-1211
-1555
-1980
-1565
-656
-351
-854
-1372
-1580
-1685
-2137
-1494
1000
3620
4436
3748
3026
2507
1543
212
-442
-91
511
347
-150
109
905
1231
553
-107
-540
-1137
-1765
-2029
-1363
-370
-75
-642
-1142
-1049
-1121
-1630
-1893
-1705
-1470
-1164
-685
-83
804
1345
1093
318
-112
-148
-805
-1575
-1445
-1127
-1352
-1615
-1933
-2134
-2530
-3095
-3934
-4203
-1413
3580
7240
6945
5042
4506
4212
1842
-1082
-764
1625
2627
1512
1414
3631
4991
3809
1753
1073
313
-2184
-4734
-4802
-2562
-550
317
362
415
38
-1231
-2570
-3038
-2222
-1517
-1581
-1613
-632
936
1935
1969
1660
1629
1330
155
-807
-300
1025
1635
1547
1503
1789
1867
1370
961
986
841
29
-1062
-1603
-1202
-726
-513
-421
-30
274
22
7
337
745
524
26
-91
197
409
396
353
537
637
117
-515
-530
-63
262
331
388
522
417
-36
-351
-184
-3
-136
-641
-825
-613
-339
-435
-735
-760
-569
-621
-834
-578
-316
-224
-51
-77
-346
-306
-424
-797
-690
-510
-666
-1009
-1166
-1401
-1581
-1631
-2059
-2640
-3426
-3509
-1429
2211
4922
5194
4349
3969
3165
1032
-830
-674
903
1834
1632
1898
3181
3944
3284
2137
1546
756
-1046
-2742
-2873
-1610
-459
49
202
379
243
-511
-1410
-1614
-1317
-1269
-1510
-1757
-1538
-901
-177
444
964
1560
1547
857
-60
-383
-45
198
359
544
1075
1563
1570
1443
1588
1481
691
-372
-900
-769
-490
-178
43
387
620
751
825
711
470
143
-207
-427
-448
-315
-89
79
49
60
177
142
-4
31
325
419
248
121
194
234
181
97
182
253
91
-290
-657
-522
-71
-304
-448
-392
-326
-470
-690
-690
-129
87
103
37
-430
-658
-522
-433
-581
-526
-483
-616
-798
-939
-1253
-1795
-2466
-2954
-3213
-2433
86
3130
4496
3862
3090
2668
1683
36
-484
666
1863
1829
1148
1606
2673
2945
2278
1886
1968
1173
-640
-1975
-1893
-973
-368
-244
91
575
577
-158
-903
-1032
-987
-1452
-2149
-2438
-1887
-901
58
986
1616
1680
990
-8
-546
-431
-68
199
444
738
1020
1226
1161
1180
1229
1038
523
-150
-437
-289
-30
63
-2
55
126
50
279
813
1071
706
19
-328
-468
-490
-385
-28
420
651
553
219
100
105
108
-10
54
-89
-156
-75
-56
60
371
421
33
-360
-529
-410
-534
-260
24
6
-163
-378
-465
-278
-159
-28
411
225
-135
-223
-396
-348
-93
-271
-759
-860
-970
-1230
-1395
-1395
-1468
-1772
-2434
-2991
-1744
1013
3224
3495
2963
2997
2921
1519
-180
-266
877
1334
738
630
1871
3130
3178
2680
2602
2281
783
-1304
-2185
-1661
-782
-110
164
510
697
140
-859
-1490
-1432
-1278
-1604
-2007
-1775
-879
53
554
965
1472
1524
741
-213
-500
16
415
417
473
747
972
886
818
1056
1290
1109
535
-69
-424
-484
-480
-412
-138
175
337
346
537
1063
1252
724
-19
-394
-389
-315
-217
50
384
619
509
118
-53
-51
-86
-213
-249
-131
154
-106
-299
116
446
157
-150
-131
-172
-257
-383
-303
-69
364
110
-451
-476
-248
-47
398
478
272
11
-268
-723
-854
-840
-887
-738
-605
-801
-1062
-1239
-1484
-1814
-2228
-2896
-2596
-490
2281
3646
3310
2819
2794
2155
302
-759
-130
1087
1277
720
1239
2637
3304
2853
2503
2528
1779
-132
-1815
-2094
-1282
-584
-335
-68
252
132
-541
-1063
-1174
-1019
-1200
-1604
-1816
-1420
-646
45
639
1106
1516
1367
641
-158
-254
75
221
135
251
661
972
1074
1106
1224
1052
437
-246
-634
-746
-634
-435
-247
41
224
380
594
945
1117
758
306
-55
-271
-291
-238
-25
277
413
297
-66
-338
-304
-153
-48
-22
-5
-66
-68
81
137
-59
-70
6
-59
3
-194
-358
-323
-138
-262
-287
-300
-499
-152
331
371
-193
-279
-217
-552
-865
-693
-470
-472
-611
-771
-848
-970
-1230
-1493
-1675
-1931
-2454
-2840
-1654
1027
3077
3147
2444
2409
2401
1034
-655
-563
776
1470
899
708
1890
3011
2811
2209
2151
2022
690
-1421
-2527
-2027
-1113
-661
-327
203
500
10
-986
-1423
-1116
-994
-1393
-1870
-1665
-930
-267
321
985
1482
1414
683
-253
-583
-152
371
387
457
605
715
704
600
748
1002
799
157
-521
-795
-701
-657
-550
-146
251
454
709
982
1110
889
414
-85
-344
-422
-477
-417
-168
88
235
20
-260
-248
-82
53
20
-51
-199
-247
-282
-66
-59
200
205
-398
-437
44
-35
-600
-478
-277
-54
-248
-635
-587
-22
-126
-347
-84
-80
-349
-659
-697
-678
-579
-577
-540
-575
-869
-1396
-1814
-2017
-2252
-2869
-2952
-1314
1576
3396
3154
2415
2559
2516
841
-724
-470
1011
1539
802
840
2235
3233
2818
1970
1832
1508
-270
-2433
-3089
-2126
-959
-396
-156
291
372
-316
-1310
-1724
-1395
-1210
-1580
-1817
-1313
-414
355
693
1000
1429
1412
596
-352
-508
-147
67
40
308
787
1002
870
700
830
749
175
-567
-978
-814
-555
-437
-167
224
488
597
686
849
921
671
213
-303
-568
-573
-422
-206
73
306
93
-105
-245
-185
-169
-211
-224
-207
-44
-77
-113
-170
156
121
-385
-751
-904
-627
-229
24
-114
-188
-281
-581
-812
-721
-385
107
88
-282
-455
-482
-654
-706
-771
-1006
-1151
-1159
-1200
-1417
-1678
-2123
-2470
-3289
-3555
-1580
1919
4238
3979
3072
3095
2951
1098
-801
-607
1084
1765
872
866
2524
3717
2971
1797
1499
1175
-698
-3015
-3558
-2412
-1029
-469
-235
335
505
-350
-1497
-1909
-1529
-1236
-1619
-1868
-1357
-336
655
1164
1598
2054
1803
610
-686
-957
-297
328
487
732
1301
1497
1068
570
543
488
-269
-1163
-1412
-946
-484
-382
-197
236
649
825
1021
1200
1060
413
-225
-540
-513
-294
-229
-129
43
120
-68
-456
-704
-630
-258
36
36
29
57
-11
-164
-299
-434
-504
-663
-842
-805
-511
-488
-703
-728
-765
-809
-960
-621
-117
167
24
-96
-251
-543
-1064
-1252
-1175
-911
-1024
-1225
-1758
-2237
-2573
-2859
-3650
-4321
-2402
2033
5749
5788
4166
3547
3682
1802
-899
-1102
1057
2616
1805
1161
2632
4154
3437
1499
845
666
-1023
-3691
-4565
-3048
-1111
-269
-233
101
264
-615
-1979
-2626
-1997
-1243
-1374
-1687
-1176
28
1250
1869
2048
2398
2113
746
-808
-1209
-255
780
1182
1464
1858
1976
1256
255
-85
-174
-750
-1613
-1881
-1260
-527
-198
-94
250
642
752
624
615
728
605
328
191
288
355
173
-79
-149
-106
-217
-666
-901
-624
-94
107
64
204
285
18
-470
-853
-1052
-1060
-894
-816
-615
-520
-570
-854
-1066
-905
-888
-860
-645
-291
-119
-20
72
-425
-1018
-1446
-1755
-2014
-1918
-1719
-1889
-2480
-3409
-3925
-4868
-4177
125
6308
8952
6969
4545
4314
3471
-38
-2154
-132
3254
3730
1690
1890
4145
4439
1722
-407
-473
-1254
-4120
-6113
-4586
-1678
110
160
-51
-34
-943
-2672
-3786
-3114
-1619
-823
-726
-223
968
2222
2896
2768
2567
2180
1102
-517
-1301
-162
1548
2335
2274
2084
1768
753
-687
-1549
-1427
-1432
-2092
-2467
-1900
-802
-195
-162
-250
159
764
901
776
1099
1598
1659
1234
811
816
733
403
-4
-198
-167
-308
-711
-668
-57
395
247
-178
-440
-671
-1207
-1827
-1915
-1519
-1255
-1362
-1308
-1113
-1028
-1475
-1746
-1405
-834
-543
-440
-174
118
227
-53
-626
-1515
-2218
-2775
-3114
-3356
-3415
-3796
-4238
-5914
-5027
1497
10027
12875
9194
5427
4611
3384
-1282
-3461
540
5794
5999
2674
2478
4571
3458
-1134
-3556
-2430
-2633
-5732
-7208
-4028
103
1377
333
-663
-1166
-2922
-5091
-5374
-2979
176
1654
1908
2329
3185
3669
3387
2649
2378
2232
1103
-326
-317
1647
3451
3306
1947
707
-561
-2361
-3830
-3657
-2283
-1550
-1810
-1868
-1225
-499
-916
-1593
-1134
326
1560
1933
2765
3999
4354
3205
1751
891
540
127
-412
-246
327
541
-45
-720
-549
-180
-437
-1036
-1199
-1155
-1486
-2044
-2033
-1458
-931
-1132
-1872
-2320
-2394
-2266
-2055
-1283
-463
-205
-471
-710
-603
-370
-706
-1526
-2483
-3181
-3808
-4212
-4559
-4557
-5190
-6348
-1928
8275
16411
14582
7864
4449
4238
735
-4363
-2589
4507
8439
5254
1826
3234
3775
-832
-6073
-6005
-3628
-4663
-7060
-5005
178
2636
1347
-915
-1977
-3163
-5212
-5866
-3338
1235
4322
4655
4231
4146
3845
2770
1574
1243
1776
1851
975
729
2022
3628
3140
824
-1440
-2903
-4316
-5336
-4610
-2346
-538
-537
-1203
-1275
-1085
-1423
-2229
-1900
383
3382
5224
5735
6114
5537
3487
731
-813
-816
-550
-250
114
707
846
62
-1315
-2008
-1682
-1479
-1661
-1580
-879
-554
-751
-1107
-1375
-1411
-1693
-2288
-2840
-2403
-1452
-610
-165
147
190
-232
-682
-829
-848
-1180
-2081
-3214
-4254
-4958
-5399
-5774
-5869
-7426
-4477
5727
16919
18015
10293
4515
3773
1875
-3930
-4121
3357
9735
7795
2510
2498
3675
-411
-7187
-8395
-4886
-4071
-6022
-4913
330
3393
2031
-1188
-3028
-3766
-5281
-5575
-2783
2415
6250
6693
5363
4159
3232
1734
454
232
1423
2612
2287
1719
2184
3187
2150
-1007
-3638
-4713
-5081
-5251
-4110
-1469
747
643
-806
-1576
-1484
-1698
-2117
-1617
1477
5632
8214
8099
6867
4898
1834
-1329
-2937
-2064
-555
604
1008
972
550
-823
-2543
-3521
-2741
-1600
-880
-246
618
1053
322
-709
-1735
-2397
-2742
-2895
-2601
-1430
205
1060
806
240
-333
-880
-1436
-1359
-1367
-1481
-2344
-3622
-4896
-5416
-5708
-5780
-6910
-7836
-1508
11175
20039
16246
7514
3670
3562
-586
-5394
-1547
7250
10475
5198
1105
2505
1580
-5098
-10283
-7854
-3803
-4289
-5488
-1959
3014
3404
73
-2792
-3259
-3684
-4739
-3263
1568
6855
8504
6791
4657
3146
1416
-284
-646
593
2504
2968
1958
1365
1632
827
-2114
-5133
-6087
-5544
-4835
-3632
-972
1531
1832
21
-1565
-1585
-1146
-967
-344
2473
6438
9362
9712
7894
4772
889
-2794
-4679
-3766
-1520
369
1064
859
-30
-1718
-3661
-4641
-3686
-1787
10
1282
2196
2340
1197
-487
-1847
-2462
-2568
-2304
-1647
-542
738
1471
1082
-18
-1234
-2014
-2194
-1854
-1497
-1589
-2323
-3569
-5098
-6185
-6411
-6560
-6530
-8043
-4486
6959
19338
20478
11423
4262
3108
1650
-3920
-3571
4679
11166
8284
1358
405
866
-3964
-11119
-11216
-5524
-3072
-4254
-3025
2152
3993
752
-2995
-3997
-3021
-3014
-1819
2344
7800
10281
8295
4988
2520
831
-976
-1380
160
2384
3526
2394
714
-255
-1181
-3565
-6537
-7187
-5810
-4144
-2679
-431
1905
2143
181
-1926
-2220
-1186
-30
1684
4514
8412
10880
10120
6467
2228
-1335
-4155
-5100
-3813
-1116
683
914
-35
-1673
-3295
-4623
-4793
-3234
-360
2075
3126
3213
2615
962
-1347
-2807
-3057
-2399
-1260
1
950
1529
1474
196
-1414
-2535
-2714
-2477
-1729
-1050
-1371
-2640
-4399
-5906
-7142
-7224
-7399
-6730
-7937
-4789
6605
20252
22741
12412
3306
1714
1854
-3196
-3597
4742
12093
9327
622
-1576
-781
-5094
-12545
-12854
-5539
-1601
-2652
-2143
2472
4109
-63
-4245
-4704
-2506
-1434
176
4544
9660
11446
8000
3529
727
-983
-2254
-2004
442
3023
3851
1886
-1012
-2774
-3986
-5892
-7935
-7367
-4518
-2043
-575
1040
2705
2312
-348
-2546
-2202
-114
1547
3235
5543
8508
10594
9528
5307
78
-3627
-5951
-6030
-3875
-589
1220
558
-1003
-3044
-4711
-5337
-4380
-1953
1368
4058
4651
4003
2715
636
-1758
-3011
-2559
-1701
-593
491
1118
1095
385
-1045
-2872
-3676
-3471
-2863
-2050
-966
-999
-2611
-5120
-6819
-7786
-7198
-6736
-5912
-7135
-4111
7634
21002
23282
11990
2368
481
1351
-2831
-3254
5267
12091
8930
-575
-3460
-2755
-7234
-14132
-13537
-4742
45
-987
-819
3070
4024
-970
-4922
-4440
-1282
527
2381
7008
11485
11774
6856
1584
-1251
-2820
-3640
-2456
842
3489
3624
941
-2621
-4947
-6250
-7441
-8044
-6043
-2467
172
1392
2361
2998
1765
-925
-2514
-1193
1665
3785
5095
6507
8412
9442
7236
2177
-2941
-5421
-6411
-5543
-2896
93
1128
-345
-2491
-4364
-5147
-4709
-2848
412
3960
6022
5469
3621
1678
-504
-2448
-2946
-1775
-516
349
754
740
374
-708
-2492
-4183
-4354
-3482
-2773
-2179
-1582
-1850
-3476
-5344
-6738
-7270
-6965
-6068
-5305
-5663
994
14173
24073
18835
6185
-429
543
165
-3671
95
8828
11378
3631
-4323
-4330
-5093
-11019
-15075
-9064
-113
1544
-346
1122
4195
1785
-3684
-4626
-1337
1870
3009
5636
9928
11797
8325
2068
-1772
-3174
-3945
-3734
-937
2604
3400
1176
-2453
-5277
-6871
-7569
-7346
-5618
-1945
1099
2290
2569
2901
2454
144
-1708
-1104
1503
3940
5024
5528
6452
7075
5311
1087
-2747
-4474
-5000
-4796
-3058
-478
556
-566
-2493
-3632
-3784
-3329
-1895
581
3538
5283
4765
3118
1612
109
-1531
-2145
-1318
-171
432
123
-537
-1184
-1814
-2670
-3586
-3640
-3146
-2785
-2983
-2622
-2485
-2948
-4372
-5124
-5593
-5325
-5216
-4542
-5079
-4163
5617
18705
23327
12361
874
-1633
945
-1040
-3270
3099
9685
7408
-1761
-5874
-4066
-6936
-12829
-12373
-3196
2949
1415
282
2954
3969
-761
-4505
-2346
1823
3773
4578
7900
10706
8997
2991
-1982
-3579
-4011
-4266
-2774
689
2548
1145
-2022
-5005
-6625
-7135
-6542
-4772
-1656
1633
3029
2796
2510
2329
1087
-672
-811
1264
3684
4919
4757
4469
3472
3079
2080
44
-3136
-5107
-4981
-4138
-2188
-813
-225
-1106
-2349
-2786
-2702
-1378
459
2514
4184
5082
4444
2340
415
-936
-1653
-1737
-1003
-230
-445
-967
-1493
-1908
-2214
-2849
-3880
-4576
-3925
-3229
-2631
-2326
-1959
-2783
-3978
-5258
-5507
-5947
-5026
-5290
-3521
6908
19580
22643
10052
-873
-2307
616
-1938
-3635
3519
9752
6649
-2452
-5893
-4419
-8130
-13586
-11170
-685
4943
2354
683
3396
3576
-1807
-4944
-1381
3398
4725
5274
8456
10271
6840
93
-4022
-4346
-4161
-4043
-2240
1389
2781
234
-3533
-6229
-7273
-7324
-5815
-2642
957
3302
3403
2461
1852
1442
206
-851
-176
2437
4555
4897
4022
3093
1386
104
20
-135
-1756
-3882
-4001
-3173
-2031
-1560
-1296
-1251
-1621
-1525
-1287
-77
1548
2615
3222
3615
3635
2229
410
-678
-1106
-1321
-1246
-1056
-1148
-1363
-1700
-2103
-2429
-2646
-3355
-4385
-4249
-3212
-2434
-2274
-2311
-2608
-3223
-4290
-4689
-5412
-4484
-5622
-1776
9613
21311
19437
5012
-3200
-1554
1126
-3230
-3140
5306
9779
3960
-4529
-5183
-4336
-9588
-13683
-7439
3657
6045
1638
915
4126
2583
-3574
-4399
998
5076
4773
5404
8825
8833
3177
-3468
-4961
-3796
-3885
-3732
-845
2709
2183
-1689
-4985
-6439
-6862
-6454
-3833
286
3415
3919
2686
1755
1305
782
-301
-365
1287
3462
4533
3980
2933
1335
122
-739
-819
-982
-1766
-2759
-3205
-2423
-1702
-1465
-1581
-1208
-624
-340
-12
704
1783
2485
2714
2780
2501
1782
508
-500
-921
-1166
-1429
-1623
-1632
-1687
-2006
-2171
-2242
-2519
-3434
-3862
-3505
-3021
-2623
-2268
-1861
-1945
-2727
-4024
-4605
-4960
-4479
-5834
319
12457
21407
14789
1086
-3603
-449
177
-4381
-1589
7009
8916
1589
-4852
-3820
-4863
-10969
-12209
-3083
6119
4828
557
2041
4725
796
-4846
-2793
3058
5209
4104
5912
8941
6536
-411
-5130
-4300
-2995
-3856
-3246
511
3138
853
-3231
-5308
-6085
-6551
-5443
-1624
2478
4064
3266
1910
1254
806
49
-566
284
2187
3684
3953
3156
1722
441
213
145
-773
-2283
-2902
-2785
-2363
-1753
-1147
-972
-1133
-815
-324
-15
192
915
1983
2807
3160
2607
1522
458
-274
-735
-1084
-1035
-1171
-1568
-1790
-2002
-2340
-2427
-2346
-2513
-2971
-2986
-2854
-2621
-2651
-2172
-2224
-2276
-3043
-3562
-4361
-4255
-4416
-4724
3181
14423
19318
9001
-1738
-2551
1278
-657
-4493
791
8097
6480
-1301
-4680
-2563
-5765
-11330
-8869
1740
6835
2214
-169
3534
4484
-1618
-5130
-214
4670
4454
3566
6845
8163
2988
-3496
-4673
-2422
-2772
-4361
-2163
2302
2794
-1310
-4287
-4814
-5665
-6434
-4057
897
3723
3285
2051
1566
1294
231
-514
-191
1511
2919
3557
3395
2305
1301
-167
-353
-243
-481
-1678
-2485
-2159
-1981
-1743
-1561
-1035
-707
-476
166
441
825
1109
1747
2418
2673
2325
1236
413
-57
-473
-1058
-1309
-1328
-1642
-1845
-1915
-1971
-2126
-2217
-2340
-2977
-3136
-2878
-2411
-2372
-2076
-2264
-2417
-3202
-3194
-4090
-4097
-5209
-4009
5166
15323
16944
5442
-2243
-1018
1800
-2160
-4385
2830
8428
4683
-2236
-3331
-2088
-7389
-11187
-5745
4201
5842
521
490
4606
3208
-3570
-4687
1637
4908
3575
3908
7774
6901
131
-4573
-3395
-1452
-3320
-4360
-760
2879
1724
-2378
-4149
-4572
-6014
-6140
-2450
2153
3346
2087
1410
1564
818
-545
-585
651
2000
2932
3404
3262
1543
-227
-527
838
916
-749
-1904
-1744
-1459
-2209
-2405
-1606
-938
-634
-288
440
514
148
353
1368
2540
2448
1667
1059
859
339
-747
-1293
-1352
-1274
-1378
-1431
-1474
-1941
-2322
-2302
-2117
-2437
-2911
-3127
-2525
-1828
-1551
-2190
-2716
-3005
-3195
-3782
-4281
-4333
-4784
2100
11878
16289
7726
-1436
-1615
1667
-479
-4281
705
7719
5886
-678
-3429
-1704
-5065
-10012
-6509
2559
5772
825
-337
4192
4065
-2173
-5024
318
4270
3210
3287
6833
6934
818
-3952
-2878
-1003
-2805
-4564
-1419
2526
1847
-1757
-3400
-3606
-5388
-6258
-2872
1801
2822
1359
1037
1629
772
-831
-860
555
1810
2488
2975
3248
2004
-51
-374
767
1180
-399
-1427
-1222
-1215
-2002
-2360
-1496
-898
-597
-66
408
284
-355
-123
1186
2453
2632
1830
1277
1002
323
-634
-1155
-1130
-1181
-1157
-956
-1021
-1804
-2430
-2303
-1999
-2184
-2605
-2684
-2271
-1819
-1706
-1916
-2311
-2755
-3489
-3615
-3876
-3296
-4545
-714
7582
13976
9810
552
-1522
1041
692
-3277
-1185
5983
6659
1236
-2516
-1606
-3127
-8178
-6927
359
4699
1558
-444
3246
4366
-531
-4363
-1104
3145
2879
2751
5628
6690
2008
-2721
-2268
-763
-2205
-4053
-1943
1740
1852
-643
-2259
-2864
-4819
-6229
-3827
404
1918
964
993
1745
943
-821
-1143
46
1010
1747
2702
3238
2500
780
805
1638
1111
-1198
-2216
-1035
-676
-1407
-1651
-732
-611
-1298
-840
-124
-305
-748
169
2002
2719
2258
1356
870
684
107
-464
-518
-339
-684
-790
-538
-910
-2120
-2876
-2150
-1344
-1497
-2057
-2147
-1983
-1963
-2167
-2234
-2481
-2585
-3183
-3122
-3226
-2862
-3691
-3126
3067
9856
10927
3802
-436
741
1557
-1666
-2700
2924
6451
2958
-974
-1362
-1376
-5568
-7043
-2169
2658
1877
-254
2237
4500
1126
-3185
-2261
1615
2294
2030
4334
6147
3333
-874
-1457
-243
-1539
-3678
-2586
700
1795
493
-808
-1534
-3457
-5533
-4731
-1559
609
678
822
1663
1318
-364
-1377
-909
142
928
1933
2699
2672
1791
1402
1851
1534
-99
-1748
-1545
-966
-1008
-1171
-792
-386
-809
-1093
-931
-1053
-1249
-507
1355
2531
2431
1724
1044
614
20
-341
-296
-181
-101
-59
-32
-465
-1661
-2605
-2465
-1590
-1111
-1330
-1610
-1650
-1596
-1791
-2082
-2295
-2646
-3005
-3129
-2707
-2475
-2497
-3454
-1177
3532
7965
6785
2183
560
1121
760
-1864
-1006
3734
4919
1677
-1163
-582
-869
-3989
-4218
-885
1698
383
23
2938
3631
380
-2451
-996
1419
1155
1223
2919
3994
2024
-222
-40
176
-1351
-2897
-1655
642
1113
259
-256
-621
-2070
-3629
-3266
-1652
-665
-384
351
1229
873
-390
-1019
-573
-41
52
563
1381
1789
1964
2267
2376
1212
-479
-1430
-1376
-1030
-882
-385
242
348
-196
-1001
-1565
-1869
-1391
-172
980
1572
1580
1383
839
54
-527
-686
-620
-397
245
598
202
-745
-1406
-1425
-1351
-1332
-994
-554
-396
-624
-762
-905
-1179
-1485
-1571
-1526
-1647
-1619
-1479
-1213
-1417
-1336
-564
1029
2391
2501
1685
543
-27
-680
-918
40
1535
1711
131
-712
318
1219
381
-981
-845
10
418
869
1751
1886
635
-354
29
758
463
-296
-209
262
468
505
633
330
-361
-644
-383
-168
-326
-401
-107
7
-62
-82
-244
-548
-754
-296
186
227
-134
-156
329
573
372
20
-205
-338
-321
70
583
583
43
-462
-348
-165
-188
-232
-104
-116
-331
-348
10
270
20
-160
-31
145
265
300
326
257
82
103
113
81
-34
-169
-343
-539
-477
-395
-317
-435
-405
-150
-184
-439
-648
-640
-770
-1001
-951
-669
-714
-894
-914
-882
-1120
-1414
-1445
-1064
-207
733
1038
437
-388
-825
-708
-125
506
525
-1
-314
347
1141
1145
577
73
-6
148
728
1395
1497
954
425
612
893
580
-2
-212
-47
42
309
835
953
426
-67
23
5
-371
-466
-134
243
266
288
320
81
-366
-444
-170
-81
-354
-303
155
481
563
262
-68
-333
-284
57
405
168
-427
-624
-203
333
351
50
-462
-719
-533
-152
140
207
126
39
297
588
451
109
-164
-83
123
291
319
245
122
-134
-155
-88
-281
-523
-539
-233
154
196
-34
-229
-437
-639
-749
-748
-764
-800
-829
-755
-733
-925
-1207
-1183
-432
531
950
558
-225
-707
-589
22
615
654
88
-274
141
885
940
494
164
147
333
716
1190
1289
781
375
600
940
699
88
-77
116
325
451
637
717
391
76
145
138
-122
-413
-162
253
407
309
157
-13
-224
-176
-139
-157
-352
-363
52
465
580
348
-16
-243
-231
112
380
156
-305
-316
-64
166
385
307
-118
-528
-446
-52
108
-114
-172
84
297
445
523
298
-42
-152
-28
75
66
101
142
29
-63
-34
-169
-449
-635
-464
-43
201
43
-111
-104
-298
-636
-842
-839
-718
-708
-626
-631
-781
-989
-1055
-628
6
470
345
-46
-413
-436
-119
311
615
409
11
8
497
782
605
247
168
318
627
932
1091
1020
705
619
684
686
417
103
92
237
288
483
578
461
227
155
187
4
-105
-80
26
178
230
180
39
-146
-118
-69
-169
-254
-214
-75
194
386
396
272
83
14
241
469
375
-102
-412
-244
60
392
371
50
-283
-326
-150
-32
-148
-157
63
217
406
501
451
2
-283
-128
23
38
-36
125
150
80
-98
-225
-274
-452
-473
-284
10
83
-54
-109
-209
-458
-731
-867
-857
-760
-551
-451
-526
-757
-937
-734
-283
201
249
-23
-215
-292
69
364
434
279
44
148
441
557
445
269
170
233
571
889
890
683
593
722
816
698
466
361
247
212
367
467
397
259
153
309
258
-36
-143
-33
138
130
195
135
-37
-141
-69
25
-57
-222
-277
-61
185
286
220
172
142
231
415
501
265
-76
-282
-267
33
242
183
56
-58
-78
-85
-94
-118
-194
-108
139
423
456
260
127
-31
-107
-194
-267
-189
-43
187
166
62
-228
-446
-481
-452
-323
-241
-155
-159
-115
-227
-389
-627
-861
-889
-735
-566
-541
-643
-588
-629
-630
-395
-51
6
-231
-327
-345
-92
40
197
258
36
44
157
299
256
172
284
338
476
690
818
716
564
653
842
705
419
370
464
344
224
401
465
282
143
288
343
67
-120
-102
72
28
22
160
113
-81
-232
-49
-49
-271
-304
-152
71
187
154
219
237
313
396
366
140
-54
-58
-14
8
-3
-55
-143
-213
-124
47
-38
-160
-92
115
240
196
181
105
4
18
12
8
-103
-207
-159
-49
153
99
-135
-208
-187
-183
-158
-120
-109
-78
-101
-210
-326
-435
-622
-686
-695
-610
-482
-519
-559
-462
-319
-138
0
39
-159
-277
-278
-120
93
257
338
291
361
357
326
167
139
236
257
358
620
826
738
516
515
702
714
454
436
571
583
394
416
444
288
89
193
444
280
-17
-85
65
-3
-145
-58
57
-62
-183
-97
-39
-122
-267
-84
189
101
125
322
516
479
402
357
116
-56
-24
279
469
226
-140
-138
8
-21
-111
-111
-106
-105
41
286
253
-133
-355
-145
83
56
-26
-72
-76
-49
13
25
-66
-257
-300
-112
42
-36
-165
-163
-204
-251
-349
-464
-559
-578
-389
-344
-452
-616
-612
-485
-329
-279
-213
-78
46
2
-76
-96
-158
-112
66
275
282
181
286
384
253
174
263
290
97
235
638
747
567
428
544
647
579
545
621
561
425
440
646
589
258
203
337
373
160
132
182
84
-53
-65
62
48
-72
-73
-19
-68
-186
-208
-40
157
323
491
574
503
233
4
80
128
223
337
377
300
106
-57
-49
-74
-218
-133
73
233
241
251
200
8
-172
-272
-194
-65
8
37
1
12
41
-37
-109
-162
-188
-92
-74
-62
59
63
-129
-230
-289
-348
-413
-386
-334
-277
-405
-456
-387
-371
-326
-349
-128
36
100
9
-44
-104
-127
83
297
436
306
200
303
520
446
267
227
292
343
406
624
598
424
352
472
594
576
574
672
656
568
506
558
498
280
288
399
329
227
149
172
146
54
30
-1
-89
-136
-25
93
-4
-173
-157
-119
95
330
465
393
256
200
200
285
267
272
214
143
255
335
175
-18
-163
-167
-22
88
125
102
45
-26
-44
-15
-97
-239
-251
-98
137
105
-28
-62
-72
-52
-4
-29
-91
-54
-122
-94
-11
-136
-286
-276
-180
-121
-242
-307
-335
-383
-351
-326
-362
-353
-370
-251
28
207
140
-76
-181
-111
32
86
240
288
211
269
363
384
190
118
136
242
325
446
555
492
432
434
383
344
415
507
577
561
610
583
424
280
273
304
270
195
225
212
208
134
115
-7
-183
-194
-178
-117
-84
-37
37
85
125
180
187
160
104
133
259
372
399
256
292
266
164
99
70
65
23
1
57
105
57
-8
-7
-57
-150
-172
-103
39
-12
-146
-105
-48
-26
-77
-64
44
8
-42
-24
21
-138
-226
-234
-221
-202
-152
-133
-236
-256
-304
-322
-329
-252
-237
-241
-198
-277
-338
-195
59
163
104
-43
-154
-166
-37
160
228
200
107
176
222
218
258
198
188
166
307
524
433
287
251
428
427
353
426
530
510
446
549
623
352
132
240
334
258
192
269
221
104
64
89
30
-173
-238
-87
-52
-64
98
247
237
50
25
102
-19
-18
200
305
199
169
291
364
152
-16
88
66
-36
50
126
89
-72
-87
-28
-121
-146
-144
-121
-149
-141
-159
-119
-198
-136
14
71
15
-18
73
-10
-71
-58
-123
-152
-207
-188
-169
-179
-196
-147
-157
-235
-285
-172
-115
-172
-263
-302
-276
-291
-140
94
189
92
-20
-56
18
58
140
270
155
131
262
298
246
82
67
95
81
217
380
346
245
237
393
376
178
201
354
458
417
461
493
395
151
204
350
230
109
190
279
254
115
76
26
-70
-47
136
318
171
2
-23
51
83
82
163
108
8
30
234
313
161
110
184
274
258
220
226
150
-15
-26
47
-30
-135
-117
-60
17
-50
-112
-111
-88
-102
-94
3
17
6
27
82
-41
-132
-104
-64
-1
56
46
-42
-143
-175
-92
-1
-13
-70
-120
-105
-63
-143
-143
-183
-187
-153
-74
-17
98
181
182
111
-2
-10
65
104
220
290
227
261
312
328
181
96
156
140
280
450
549
447
254
308
361
217
192
414
517
488
447
554
491
283
199
338
290
142
180
400
418
200
171
208
184
49
87
166
81
31
92
249
156
85
103
92
134
98
121
138
71
109
289
312
205
93
117
67
-15
-59
12
10
-131
-116
-15
-22
-155
-176
-132
-78
-89
-77
0
-8
24
20
-50
-63
-153
-185
-140
-100
-122
-124
-162
-136
-107
-28
-52
-125
-109
-130
-30
-12
-34
-59
-129
-242
-210
-197
-161
-20
105
294
246
154
-36
-104
-52
52
221
200
141
118
257
264
109
-31
-20
-28
109
320
381
331
263
329
275
228
208
326
346
353
422
443
393
205
125
169
142
109
226
292
263
264
319
268
94
26
108
193
157
89
75
115
127
167
187
84
9
-7
54
39
132
168
143
143
182
156
-19
-167
-239
-115
-29
26
11
-24
-31
-114
-48
-43
-92
-62
30
88
69
-20
-96
-58
-83
-62
-50
-129
-137
-96
-96
-6
-57
-106
-104
-78
-73
-81
37
-11
-11
27
56
20
-102
-158
-114
-58
6
-17
102
281
307
214
66
14
-62
-1
99
193
221
225
269
304
169
23
-6
80
221
319
447
451
345
289
283
252
266
276
312
387
448
392
332
312
267
208
276
387
399
458
393
259
229
201
241
243
246
207
155
156
220
280
267
288
160
123
138
141
39
-21
12
141
217
179
115
15
-6
-70
-22
-9
-41
-26
-39
7
15
2
-37
-88
-59
68
65
57
11
7
9
-47
-35
-48
-56
-13
-2
11
-33
-37
-29
33
35
-21
-21
-16
120
98
-5
-72
-5
56
41
46
-1
32
62
71
114
125
46
52
150
40
-50
-58
-24
19
82
195
229
170
-12
-59
-17
-52
18
83
155
211
242
253
198
134
132
165
223
278
314
249
225
179
90
100
108
126
207
261
239
234
248
270
209
120
56
-12
74
226
298
308
159
52
29
34
-2
-69
-61
2
128
189
102
-33
-159
-176
-78
-92
-119
-71
4
-13
-23
-27
-52
-149
-171
-22
22
20
26
41
59
-15
-135
-226
-131
-48
15
37
35
-30
-147
-125
-69
25
24
36
69
85
71
24
-23
-25
-14
-22
38
32
2
10
26
101
160
91
94
91
66
7
-28
17
-52
31
81
113
118
64
48
24
53
97
123
220
184
160
157
194
251
170
216
244
289
278
256
261
192
179
196
259
244
179
190
218
162
118
131
159
79
88
106
96
129
218
244
178
88
103
131
44
27
102
115
132
124
107
82
11
-54
-79
-29
0
30
37
55
53
-32
-37
-51
-26
-58
-33
64
-19
-5
2
-58
-81
-73
-68
51
35
53
49
85
2
-67
-39
-65
37
24
60
127
101
66
4
48
19
42
102
36
68
89
110
41
80
102
44
10
24
59
20
-21
-22
-15
-21
-40
-1
11
5
-9
15
27
0
44
59
150
197
150
108
96
63
99
123
144
163
119
99
50
47
-43
-32
19
55
38
-38
33
-2
-10
-51
38
-18
-56
37
89
120
125
169
93
31
84
97
78
87
67
123
168
115
86
88
-5
54
151
204
206
188
174
122
92
-3
76
124
146
179
130
131
110
53
-1
-6
22
78
114
80
111
107
101
39
-28
13
-15
-17
42
79
61
52
8
57
80
103
95
89
119
35
12
-13
35
46
15
-25
