118
86
147
98
103
69
30
34
46
31
0
43
58
73
79
43
90
44
-27
5
53
59
46
95
39
72
55
85
97
126
137
67
71
84
42
52
68
26
-37
29
37
-27
29
25
29
112
143
113
92
89
67
57
80
94
101
57
68
58
45
49
32
37
42
67
22
46
80
77
68
26
-2
-33
-23
-10
78
115
84
98
67
62
50
88
73
59
19
52
65
79
112
102
115
128
123
34
9
99
113
32
40
-15
17
57
29
-1
66
46
-26
15
16
39
86
70
72
79
94
105
92
76
89
47
70
87
71
110
74
104
131
150
138
98
134
112
121
53
63
79
55
85
86
80
62
42
25
31
35
2
-32
29
1
-8
5
-3
1
10
32
-5
22
-63
-14
69
48
41
22
79
100
70
73
75
86
79
61
35
0
37
49
39
19
38
31
91
84
15
20
-2
-11
-2
1
-15
-20
16
36
-6
3
-14
-50
-69
-68
0
15
19
33
6
24
9
91
76
94
103
69
56
18
25
38
78
39
51
-4
9
25
-6
13
39
-22
-1
42
-25
-47
-37
-66
-64
-43
24
51
17
-30
-41
31
14
57
30
-20
-4
12
41
9
7
17
-23
-21
27
-30
-20
16
-8
22
36
-32
-29
-35
-31
51
35
1
7
9
29
47
-16
-15
-39
-58
-55
-56
-2
-13
-37
-58
4
18
-6
50
29
14
-22
12
5
-35
-7
40
24
31
87
102
57
0
6
22
-33
-15
18
11
22
27
43
4
21
43
-31
-21
33
-3
-5
89
51
28
4
-36
11
11
-8
1
26
47
21
-28
-18
28
53
74
78
41
40
11
40
12
-27
1
-47
-26
-32
-17
1
-22
-57
-78
-73
-29
-22
-12
74
80
34
43
42
0
-22
32
42
6
41
-25
-59
20
0
-17
43
37
46
25
6
25
-9
-22
16
96
27
9
-22
13
28
-46
-17
17
23
25
43
61
57
48
39
-15
1
1
20
30
138
96
4
41
54
99
113
106
101
78
58
28
27
-10
69
120
83
51
40
51
-3
-22
42
51
71
13
-37
-56
-69
-31
-47
-22
5
5
24
-7
-49
-36
-2
-35
-35
-12
-18
-20
-5
41
42
39
14
33
61
79
88
2
25
25
60
38
20
86
62
33
19
17
-46
-22
4
1
20
38
13
1
-16
-46
15
3
-42
-66
-65
-23
-21
4
-20
-30
4
15
74
51
14
-24
-1
-5
20
-20
-81
-15
4
31
-17
-85
-29
-6
10
-8
-7
-47
-93
-60
27
-26
-14
-13
-9
35
-45
52
24
2
-16
-1
-34
-12
-12
-46
17
33
-16
12
14
-4
-26
-9
2
-2
43
5
35
38
6
13
-27
2
54
43
-11
-76
-95
-103
-30
-32
-61
-77
-14
16
87
54
40
33
6
-11
-35
18
62
56
-7
60
31
0
15
15
-12
-50
-17
18
-43
2
32
-53
-22
-25
32
-21
-76
-49
-7
-28
-11
16
-28
-48
-94
-14
10
-26
27
49
-18
-7
-4
-76
-10
25
16
8
14
2
1
2
89
59
3
27
2
-35
-30
-6
8
2
-22
18
-9
-30
-23
-21
-55
-14
-13
21
13
4
11
24
69
35
-22
0
21
20
-5
-25
-35
-44
-17
-23
-9
21
53
42
34
35
31
14
-64
-55
-42
-68
-87
-63
-33
-84
-56
-45
-36
-23
-18
-63
-72
-29
-43
-26
-1
28
33
67
101
17
-24
9
24
33
-11
9
-10
-2
4
12
61
44
32
-18
-46
-45
-41
-47
-8
-9
-42
-14
-5
34
30
42
54
39
-7
-4
-27
-10
-44
-41
-15
15
18
4
-23
-34
-15
23
-48
-61
-83
-34
-20
-54
3
-55
-13
-16
-90
-43
-16
31
0
-63
-15
29
18
21
-12
-97
-33
-30
-75
-64
-56
-36
37
36
38
-2
-57
-30
-16
-38
-41
-9
-41
-64
-21
-15
-22
14
-13
-75
-46
-25
-15
-17
11
-20
-33
23
-60
-56
-50
-27
-26
-18
28
59
25
17
55
28
4
-6
-10
10
49
59
83
57
3
14
56
74
44
61
64
10
26
9
6
21
-18
-8
46
23
8
-8
-45
-59
-73
-86
-37
-4
29
72
72
75
62
43
66
18
39
77
56
24
16
12
85
70
30
43
105
100
58
35
34
55
-6
43
65
77
47
48
13
9
52
29
56
10
97
47
48
56
12
41
22
-19
-2
-6
20
57
60
66
72
75
91
52
64
115
91
60
43
78
55
93
61
53
58
60
93
83
104
90
114
100
93
85
81
75
87
144
69
29
-1
47
89
42
34
95
82
40
38
-5
-5
19
96
60
36
25
-36
38
28
23
47
12
-1
55
68
25
18
15
51
70
57
50
35
2
-2
11
-59
-28
9
-12
2
30
21
7
-26
-12
65
22
12
-9
42
43
26
53
56
47
66
106
47
39
24
30
-22
-33
50
61
52
7
15
-30
-70
-55
-41
11
68
94
129
115
64
21
29
14
26
96
65
92
117
49
13
21
0
15
-2
1
42
80
76
132
69
21
40
82
0
-6
25
14
53
17
51
4
-16
11
22
71
-1
28
17
8
18
16
83
31
26
9
-13
7
-7
-33
7
-48
-36
0
-83
-26
-31
-54
-33
-15
25
23
25
-17
12
-5
9
-10
-26
21
27
29
76
54
1
33
-31
-9
30
51
-7
17
30
-21
-14
-14
19
15
35
53
44
50
34
75
41
17
62
9
5
31
70
36
24
10
3
-31
-76
19
-14
21
33
12
29
-1
23
12
41
57
55
59
59
76
17
37
78
62
9
14
61
17
-9
26
34
19
19
12
-10
33
36
-20
49
39
5
13
1
61
13
17
20
-3
-8
-24
50
36
21
71
62
37
-2
7
56
57
27
62
36
26
44
45
44
28
19
12
37
34
87
67
30
43
2
12
36
26
55
35
57
95
28
83
89
82
63
51
57
27
76
73
12
86
106
53
23
71
75
0
59
57
12
-10
-6
26
-3
-16
0
2
-19
40
62
-9
55
98
123
110
52
52
24
40
1
-25
1
23
7
13
19
16
53
47
0
19
4
-14
-20
52
40
8
117
71
6
-20
4
3
77
41
13
113
112
61
19
50
13
20
64
91
96
79
62
99
102
77
68
47
96
114
65
28
23
68
22
-23
41
66
32
63
67
21
37
42
85
85
23
40
69
35
-8
51
28
44
16
20
77
51
0
67
99
47
70
57
62
2
10
9
29
61
64
104
68
97
66
18
75
63
76
58
99
87
82
112
96
80
97
79
105
157
78
40
61
56
13
21
-3
54
33
29
82
95
122
95
94
99
65
87
55
119
128
83
112
73
131
95
49
16
86
81
53
44
74
47
-23
21
-11
-8
36
104
73
101
99
85
92
31
57
77
95
64
16
37
71
75
129
118
61
28
-68
-54
21
38
57
114
28
-20
-61
0
48
51
150
116
132
113
98
83
74
103
85
94
92
95
120
60
-1
1
6
19
70
101
80
110
86
79
90
63
63
43
91
57
20
62
119
116
97
94
94
143
106
137
169
137
108
40
39
123
88
128
121
82
108
105
108
77
66
38
48
74
89
99
126
90
64
62
122
123
59
96
103
135
121
60
24
17
108
141
148
81
113
148
114
167
160
182
151
140
164
142
47
29
73
98
48
67
141
94
108
68
52
43
42
58
45
61
90
51
72
65
88
100
123
133
119
81
120
100
70
101
149
125
92
76
63
72
65
85
80
59
63
53
64
64
91
61
80
109
20
60
80
72
73
53
80
87
73
35
52
82
93
87
52
49
69
69
73
108
69
107
55
70
109
29
71
41
56
69
78
65
79
106
65
160
123
93
94
110
63
65
73
60
62
13
88
43
17
9
62
79
50
85
48
81
76
90
149
144
173
96
110
111
110
118
41
163
121
88
116
51
36
11
28
81
134
134
88
33
80
92
122
123
122
128
142
186
196
123
100
140
78
80
82
105
118
150
96
95
66
104
141
81
94
163
113
77
57
151
147
105
120
95
83
40
66
50
27
108
121
134
146
123
162
84
104
87
15
1
41
41
59
89
112
109
61
83
61
58
85
94
29
33
133
91
45
75
16
9
58
88
116
80
85
41
53
68
24
104
64
71
122
65
61
83
99
43
77
20
33
104
89
142
94
78
88
4
19
33
77
37
13
44
33
103
68
68
45
20
3
-8
42
41
58
92
82
83
109
48
112
95
97
93
87
83
64
78
61
62
68
113
131
81
28
19
40
51
77
102
50
41
74
116
86
75
90
62
58
78
89
53
62
64
-13
29
100
127
135
96
98
102
109
129
88
112
79
50
86
97
111
122
69
65
99
144
178
129
109
51
75
111
72
33
83
90
52
91
123
93
98
139
192
176
179
119
122
125
108
135
140
71
80
66
65
83
98
160
154
145
122
100
92
104
156
165
141
113
72
108
97
154
160
137
117
130
108
118
112
132
156
116
89
40
31
13
38
104
83
76
127
90
66
71
69
115
92
24
91
68
81
130
120
109
113
98
95
48
7
27
21
38
63
64
48
40
62
126
123
120
158
132
82
118
45
16
34
1
36
45
149
156
150
61
76
76
63
96
96
89
72
83
59
45
31
20
47
64
58
40
12
31
20
26
49
49
1
16
3
7
17
-16
33
-30
1
20
12
12
13
53
54
28
46
54
24
58
36
13
30
47
41
41
15
23
43
28
57
14
-27
-34
-72
-40
-7
49
22
93
55
24
33
18
27
37
76
74
46
5
49
66
55
-32
-17
41
9
-26
-19
8
-11
5
12
-46
-74
-88
-56
-7
-25
-62
-61
-123
-75
-13
-71
-17
10
17
-1
-25
-12
-2
83
45
43
56
55
100
77
28
52
-5
-21
44
54
50
21
33
95
19
30
40
8
70
52
70
137
2294
4598
4174
1996
-459
-1778
-2516
-1917
-653
482
1423
1486
774
-831
-1753
-1872
-1402
28
1605
3133
2249
67
-1700
-1362
-638
-339
-252
-270
-65
337
726
203
-442
-227
78
-427
-788
-353
-266
-621
-188
721
778
0
-677
-1077
-1390
-999
-268
180
-61
40
230
-278
-542
-443
-628
-1106
-1249
-596
-280
-144
114
270
-135
-542
-387
-440
-583
-406
-84
108
221
494
675
254
-86
-73
-219
-453
-351
-32
169
386
683
618
286
24
8
-141
-185
93
271
231
212
453
468
278
249
16
-259
-466
-396
-254
-152
-23
38
34
25
-117
-301
-515
-610
-747
-785
-738
-606
-656
-930
-1187
-1436
-1822
-2020
-2082
-2058
-2071
-2074
-2074
-2239
-2329
-2419
-2539
-2602
-2663
-2530
-2457
-2143
-1806
-1496
-1207
-1164
-1187
-1356
-1507
-1538
-1566
-1576
-1571
-1373
-1523
-1533
-2025
-131
4334
7253
7201
4448
3340
3542
3298
2449
2982
4780
5193
4011
3856
5328
6284
3654
1353
476
521
-517
-1344
-135
1578
1410
-397
-1388
-936
-1538
-3057
-4125
-3180
-2547
-3089
-2724
-1451
-190
-420
-1346
-1394
-987
-1055
-1191
-406
1137
2003
2241
2331
3237
3374
2889
2328
2323
2273
2205
2005
3483
4929
5045
4313
3397
2628
1413
-155
-1027
-1098
-1330
-1547
-1318
-1045
-801
-1184
-1833
-2133
-2692
-3244
-3012
-2436
-1799
-1440
-880
-527
-559
-811
-770
-862
-1046
-902
-906
-490
205
602
902
974
795
349
-198
-440
-658
-1082
-1443
-1596
-1902
-2234
-2446
-2906
-3286
-3647
-4237
-4860
-5365
-5407
-5412
-5236
-5610
-4126
156
5542
7390
5727
3426
3486
3775
2936
2306
4069
5855
5673
4881
6622
9021
8611
5451
3023
2263
1218
-730
-955
896
2079
774
-908
-725
-428
-1932
-4364
-5198
-5023
-5610
-6236
-5043
-2747
-1482
-1881
-2226
-2026
-1779
-2438
-2542
-1684
-364
143
711
2066
3705
4112
3927
3512
3351
2739
2349
2396
3035
3416
3566
3672
4228
4059
3499
2816
2083
1147
-332
-1016
-1117
-1141
-1347
-1395
-1170
-1395
-1786
-2078
-2116
-2201
-2450
-2359
-1995
-1442
-969
-579
-355
-342
-543
-782
-781
-620
-427
-131
192
651
726
856
727
556
357
-177
-561
-845
-1084
-1391
-1895
-2197
-2699
-3261
-3772
-4137
-4510
-4897
-5404
-5997
-6235
-6519
-6977
-4150
1959
6410
6752
4171
3352
4249
4017
2492
2449
4221
4763
3353
3534
7166
9700
8023
5130
3679
2777
661
-1340
-825
700
327
-1599
-2006
-527
223
-1537
-3455
-3977
-4962
-6681
-7075
-5490
-3412
-2945
-3065
-2422
-1318
-884
-1049
-1080
-683
-663
-1029
-468
1356
3063
3959
4309
4573
4495
4071
3727
3765
3471
3071
2526
2579
3464
4678
4862
4706
3865
2569
1020
-353
-1089
-1653
-2322
-2572
-2343
-1743
-1147
-734
-845
-1045
-1704
-2333
-2484
-2246
-1862
-1589
-1269
-809
-389
113
453
613
380
102
-196
-169
50
255
391
451
438
320
-31
-428
-1132
-2120
-3338
-4017
-4415
-4434
-4642
-4674
-5219
-5465
-6516
-6617
-6851
-4722
987
4642
5944
3972
3821
5011
5636
3991
3255
3859
4160
2969
3230
6231
9483
8205
6190
4699
4426
2525
285
-494
74
-880
-2836
-3169
-1315
-3
-813
-2920
-3274
-4289
-5946
-6952
-6299
-5142
-5033
-5279
-4328
-2347
-996
-571
-386
-215
-288
-1006
-990
394
1634
2407
2876
3718
4366
4916
4914
5063
4430
3471
2458
2033
2460
3795
4722
4786
3923
3013
2028
1051
-116
-1168
-2336
-3274
-3534
-3025
-2165
-1283
-1200
-1093
-1196
-1399
-1648
-1667
-1774
-2200
-2558
-2335
-1751
-1056
-284
360
501
540
387
350
309
108
-163
-436
-534
-357
-431
-562
-849
-1548
-2617
-3367
-4025
-4579
-5159
-5896
-6107
-6991
-7096
-6989
-4597
1303
5224
6181
4248
3987
5164
5324
3756
2906
3439
3353
2260
2855
6293
9447
8510
6581
5641
5245
3278
855
-21
-6
-1371
-3445
-3259
-1191
266
-513
-2060
-2403
-3315
-5199
-6326
-6021
-5404
-6069
-6401
-5174
-2862
-1265
-418
30
409
176
-663
-768
238
977
1140
1358
2446
3664
4638
5239
5654
5236
4075
3189
2462
2588
3014
3507
3422
3420
3589
3176
2634
1597
527
-1038
-2455
-3038
-3102
-2819
-2601
-2311
-1717
-1131
-765
-664
-425
-754
-1541
-2309
-2417
-2339
-2168
-1680
-990
-373
229
863
1215
1201
958
353
-241
-794
-1180
-1630
-1989
-2242
-2583
-2883
-2902
-3216
-3800
-4502
-5384
-6268
-7386
-7304
-7519
-5578
-211
3860
5810
4670
5059
6551
6854
4865
3383
3138
2906
1509
1366
4427
7752
7445
6164
5916
6285
4630
1828
220
-353
-2198
-4630
-5004
-3118
-1337
-1659
-2452
-1811
-1876
-3274
-4627
-4855
-4917
-6217
-7166
-6274
-4086
-2471
-1139
-175
967
1505
1206
1040
1565
1506
873
429
1148
2250
3400
4345
5399
5636
5316
4951
4292
4018
4114
3942
3350
2387
2234
2130
1927
1512
854
-52
-956
-1606
-1926
-1938
-2199
-2660
-2651
-2239
-1541
-1031
-572
-371
-721
-1211
-1378
-1589
-1758
-1840
-1796
-1558
-1006
-262
477
849
964
759
286
-347
-1029
-1767
-2348
-2914
-3277
-3690
-3754
-3946
-4114
-4743
-5233
-6012
-6702
-6898
-6789
-2489
1537
4173
3850
3721
5472
6851
5810
4130
3500
3287
1734
500
2121
5629
6217
5151
4970
6014
5858
3700
1956
1091
-534
-3584
-5205
-4403
-2755
-2626
-3526
-3037
-1981
-2468
-3166
-3496
-3361
-4558
-6098
-6325
-4827
-3529
-2356
-1512
-108
1070
1725
2085
2889
3148
2556
1405
1299
1648
2377
2931
3825
4451
4630
4866
5018
5189
5410
5206
4565
3652
2483
1809
1141
658
-76
-866
-1407
-1443
-1421
-1342
-1453
-1815
-2241
-2300
-2160
-1821
-1810
-1713
-1768
-1925
-1782
-1444
-1319
-1301
-1357
-1317
-1130
-775
-451
-211
-313
-453
-822
-1169
-1491
-1865
-2291
-2849
-3233
-3709
-4024
-4672
-5097
-5713
-6069
-6866
-6613
-6976
-4448
531
3877
5181
4286
5221
6994
7180
5348
4087
3633
2774
908
1040
4045
6582
5844
5409
5958
6902
5618
3701
2473
1363
-1618
-4260
-4802
-3318
-2449
-3035
-3278
-1802
-1398
-1796
-2110
-1987
-2780
-4833
-6197
-5715
-4642
-3706
-2883
-1792
-207
948
1716
2837
3688
3374
2373
1484
1472
1570
1892
2249
3097
3353
3881
4632
5226
5621
5645
5658
4748
3489
2487
1569
784
-212
-1065
-1652
-1793
-1641
-1387
-976
-1025
-1390
-1633
-1584
-1567
-1943
-2142
-2186
-2333
-2325
-1957
-1614
-1342
-1120
-937
-690
-513
-392
-380
-574
-695
-919
-1316
-1641
-1563
-1647
-2119
-2421
-2821
-3169
-3897
-4507
-5358
-6014
-7147
-7033
-7472
-4711
323
3523
5098
4676
6024
7872
7951
6190
4732
3771
2524
392
440
3219
5441
4649
4678
5811
7005
5886
4237
3010
1580
-1714
-4341
-5010
-4073
-3584
-4286
-4253
-2432
-1608
-1467
-1316
-885
-1687
-3755
-5142
-4939
-4497
-4215
-3695
-2844
-1324
158
1455
2977
4073
4012
3163
2373
2255
1966
1658
1479
1839
1881
2617
3784
4696
5452
6026
6450
5899
4797
3810
2525
991
-510
-1715
-2392
-2471
-2260
-1851
-1223
-869
-692
-596
-514
-568
-1150
-1836
-2257
-2794
-2986
-2754
-2484
-2210
-1728
-1085
-439
-9
263
224
-135
-617
-1247
-1813
-2263
-2261
-2571
-2673
-2497
-2499
-2762
-3235
-3977
-4685
-5808
-6602
-6970
-7176
-2751
971
3578
3933
4719
7116
8700
7772
6403
5184
4186
1775
-23
1108
3672
3820
3086
4058
6016
6588
5468
4569
3725
1416
-2189
-3984
-4267
-3885
-4768
-5578
-4560
-2727
-2304
-1685
-950
-449
-1916
-3609
-4107
-3766
-4129
-4187
-4116
-3199
-1962
-405
1242
3166
4084
4114
3602
3664
3489
2970
2139
1779
1367
1212
2045
3040
4116
5417
6459
6766
6186
5492
4544
2765
751
-1132
-2586
-3535
-3795
-3474
-2668
-1768
-1082
-334
489
824
460
-384
-1134
-2182
-3316
-3770
-3797
-3843
-3396
-2446
-1272
-234
587
1116
1001
533
-231
-1267
-2176
-2849
-3530
-3988
-4064
-3853
-3896
-3814
-4029
-4158
-5146
-5457
-6028
-5374
-1191
1666
3290
2846
4168
6751
8098
7120
6306
5725
4869
2468
1436
2808
4493
3334
2559
3514
5426
5422
4411
4049
3502
1057
-1803
-3060
-3080
-3517
-5081
-6040
-5033
-3883
-3533
-2798
-1915
-1480
-2578
-3396
-3166
-2767
-3324
-3644
-3762
-3042
-2043
-676
896
2423
3128
3492
3566
4159
4195
3807
3072
2522
1833
1632
2301
2831
3805
4800
5871
6259
5816
5699
4812
3101
1180
-639
-2098
-3232
-3785
-3742
-3286
-2735
-1980
-879
188
842
670
112
-436
-1450
-2509
-3142
-3714
-4127
-4013
-3159
-2027
-954
113
901
1083
934
474
-357
-1199
-2278
-3312
-4215
-4476
-4787
-5048
-5124
-5057
-5187
-5803
-5487
-5628
-1815
1723
3550
3270
3310
5504
7295
6719
5645
5162
4761
3008
1530
2553
4753
4649
3155
3492
4883
5518
4332
3680
3228
1479
-1515
-2861
-3025
-2964
-4312
-5541
-5244
-3914
-3641
-3144
-2489
-1782
-2691
-3758
-3822
-3049
-3281
-3429
-3584
-3138
-2146
-942
455
1961
2765
3183
3294
3730
4115
3914
3424
2842
2290
1715
2326
2781
3395
4654
5379
6267
5789
5676
5250
3638
1829
64
-1492
-2728
-3647
-3719
-3559
-3061
-2483
-1279
-179
656
747
469
111
-729
-1945
-2719
-3392
-4049
-4261
-3743
-2637
-1549
-641
391
1013
1165
865
183
-634
-1706
-2954
-3888
-4540
-4845
-5310
-5468
-5643
-5568
-6070
-5444
-5548
-2210
1540
3570
3674
3241
5143
6998
6683
5481
4782
4506
3195
1384
2254
4328
4794
3250
3439
4745
5710
4691
3829
3245
1965
-1031
-2602
-3011
-2742
-3936
-5342
-5316
-3913
-3434
-2871
-2325
-1637
-2312
-3307
-3526
-2875
-3041
-3376
-3685
-3322
-2398
-1104
356
1790
2729
3245
3442
3895
4327
4287
3796
3045
2456
1879
2428
2769
3606
4267
5044
5974
6075
6093
5549
4062
2290
286
-1278
-2656
-3668
-4139
-4158
-3721
-2859
-1708
-545
475
927
660
304
-326
-1310
-2353
-3403
-4071
-4345
-4096
-3147
-2080
-968
218
939
1292
1300
844
120
-1075
-2228
-3456
-4268
-5001
-5457
-5977
-6183
-6299
-6450
-5818
-5395
-840
2645
4414
4109
4275
6448
7770
6555
5226
4445
3970
2069
827
2288
4697
4474
3286
4148
5943
6361
5182
4330
3615
1428
-1600
-2941
-3108
-2995
-4387
-5569
-4801
-3366
-2922
-2288
-1558
-1113
-2208
-3242
-3332
-2866
-3438
-3783
-4259
-3779
-2634
-1097
541
2076
2979
3701
3963
4585
4828
4574
3801
2920
2119
1719
2228
2679
3645
4786
5646
6327
6271
6513
5807
3963
2133
151
-1664
-3205
-4180
-4369
-4364
-3905
-2978
-1515
-182
628
1009
904
490
-560
-1734
-2649
-3721
-4538
-4799
-4285
-3278
-2217
-955
387
1096
1481
1459
1168
230
-1097
-2571
-3715
-4719
-5670
-6297
-6910
-6915
-7177
-6538
-6153
-1765
2580
4717
4789
4722
6790
8295
7042
5461
4330
3596
1826
88
1477
3977
4324
3237
4048
6000
6950
5853
4944
4083
1920
-1535
-3388
-3939
-3956
-5219
-6323
-5677
-3923
-3081
-2088
-1298
-598
-1574
-2670
-2881
-2673
-3296
-3970
-4687
-4447
-3318
-1692
17
1712
2942
3811
4333
5067
5435
5211
4351
3155
2037
1381
1918
2024
2754
4232
5109
5998
6167
6704
6503
4567
2699
687
-1191
-2914
-4339
-4794
-4939
-4699
-3814
-2033
-471
559
1202
1443
1220
201
-1076
-1955
-3310
-4603
-5131
-4788
-3892
-2928
-1707
-278
712
1425
1768
1663
908
-352
-2057
-3338
-4712
-5937
-7099
-7544
-8094
-7523
-7061
-5041
765
4359
6104
5675
6456
8806
9128
6852
5128
3653
2612
47
-768
1609
4038
3539
3390
5004
7180
7429
6336
5412
4052
832
-2254
-3811
-4128
-4674
-6273
-7103
-5570
-3888
-2658
-1303
-312
-118
-1313
-2245
-2263
-2744
-3708
-4531
-5440
-4981
-3645
-1700
266
2013
3409
4425
5222
6027
6157
5635
4249
2922
1497
1184
1588
1526
2043
3499
4926
6058
6527
7332
6698
4824
2919
1007
-1015
-3011
-4630
-5331
-5489
-5118
-4080
-2153
-488
595
1268
1713
1870
758
-642
-1809
-3452
-4769
-5465
-5119
-4285
-3452
-2112
-614
716
1666
2082
1895
1061
-315
-2010
-3534
-4948
-6415
-7670
-8430
-8696
-7858
-7312
-2218
2860
5644
6329
6576
8944
10547
8931
6598
4607
3308
965
-1298
-279
2502
3154
2494
3819
6327
7919
7446
6487
5446
2925
-686
-3087
-4381
-4847
-6436
-7872
-7297
-5138
-3595
-1925
-616
283
-227
-1103
-1444
-1700
-2933
-4030
-5489
-5871
-5041
-3214
-1270
612
2311
3894
4990
6156
6795
6760
5558
3967
2126
1150
1259
1079
1311
2161
3532
5008
5914
7121
7487
6249
4523
2517
718
-1407
-3509
-5004
-5777
-5871
-5258
-3626
-1774
-276
731
1491
2238
2008
865
-433
-2090
-3757
-4941
-5344
-4989
-4457
-3479
-2028
-454
948
1927
2292
1927
865
-746
-2321
-4047
-5804
-7529
-8876
-9581
-8901
-8764
-4311
1642
5022
6363
6632
9285
11687
10449
7882
5694
4031
1453
-1795
-1368
1394
2503
1560
2762
5695
8120
8078
7318
6559
4427
536
-2360
-4089
-4807
-6599
-8532
-8495
-6395
-4582
-2659
-948
465
563
-207
-448
-451
-1816
-3165
-5045
-6050
-5721
-4307
-2393
-581
1260
3268
4781
6260
7316
7656
6692
5020
3050
1518
1253
719
106
862
2510
4148
5091
6519
7729
7029
5296
3756
2147
-134
-2787
-4622
-5687
-6203
-6248
-4953
-2791
-1056
105
1314
2600
2800
1666
587
-832
-2874
-4695
-5423
-5309
-5230
-4676
-3173
-1406
166
1482
2249
2342
1724
252
-1280
-2939
-4919
-7348
-8983
-10036
-9710
-10005
-5776
604
4367
5934
6694
9799
12611
11567
8937
6674
4904
1942
-1827
-1941
502
1530
389
1606
4952
7775
8211
7834
7504
5594
1763
-1305
-3541
-4702
-6885
-9317
-9803
-7862
-5918
-3808
-1825
20
669
461
426
461
-936
-2406
-4521
-6020
-6111
-4867
-3261
-1637
206
2533
4388
6301
7750
8478
7755
6156
4049
2350
1681
798
-265
349
1624
2980
4112
5820
7383
6895
5538
4431
2830
577
-2025
-3999
-5378
-6466
-6795
-5510
-3459
-1892
-497
1008
2531
2916
2124
1365
-119
-2332
-4343
-5318
-5588
-5778
-5470
-4120
-2486
-899
650
1865
2409
2077
707
-776
-2479
-4648
-7047
-8848
-10226
-10281
-10740
-6140
138
3944
5669
6658
10204
13128
12203
9856
7479
5509
2056
-2006
-2301
-82
663
-646
753
4259
7282
8144
8129
8025
6022
2273
-677
-3053
-4418
-6992
-9717
-10467
-8891
-6963
-4707
-2441
-408
494
650
952
1213
-83
-1503
-3969
-5784
-6273
-5353
-4011
-2587
-777
1574
3715
5874
7662
8871
8410
6943
4879
3084
2314
902
-208
172
675
1856
2842
4982
6704
6325
5482
4533
3165
1114
-1481
-3305
-5150
-6512
-7134
-5929
-4222
-2776
-1227
410
2133
2637
2352
2058
487
-1764
-3705
-4729
-5368
-5889
-5726
-4628
-3179
-1609
159
1513
2103
1978
891
-204
-1987
-4217
-6750
-8777
-10351
-10794
-11358
-6420
-607
3108
4826
6429
10344
13421
12538
10595
8234
6192
2319
-1721
-2074
-217
-265
-1550
36
3615
6640
7715
8090
8338
6393
3056
161
-2240
-3984
-6985
-10017
-10866
-9434
-7773
-5521
-3206
-928
258
805
1703
2023
751
-579
-3174
-5140
-5837
-5271
-4296
-3196
-1622
684
2984
5549
7531
8937
8602
7417
5322
3818
2671
1113
-663
-174
406
984
1924
4023
5907
5457
4571
4372
3067
962
-1592
-3424
-5040
-6724
-7468
-6335
-4659
-3461
-2064
-24
1851
2474
2187
2367
945
-1398
-3263
-4270
-5133
-6004
-5953
-4927
-3695
-2213
-522
1052
1854
1874
1069
-77
-1424
-3876
-6357
-8774
-10274
-11274
-11470
-5553
-433
2983
4492
6906
11411
13842
12775
11201
8821
6660
2013
-1454
-1497
-171
-1215
-2435
-221
3586
6169
7381
8094
8531
6153
3165
449
-1812
-3942
-7427
-10537
-11201
-10043
-8217
-6036
-3582
-1391
-50
905
2190
2350
1251
-367
-3037
-4982
-5636
-5141
-4457
-3586
-1978
292
2736
5415
7734
9126
8963
7819
5932
4649
3530
1415
161
165
44
567
1498
3926
5051
4478
4362
4052
2863
942
-1151
-2831
-4894
-6572
-6952
-5663
-4546
-3583
-2025
-67
1583
2012
2388
2303
580
-1433
-2994
-4002
-5189
-6176
-6153
-5534
-4496
-3045
-1227
110
961
999
449
-229
-1529
-4003
-6209
-8740
-10060
-11535
-10335
-4078
102
2942
4390
7823
12394
13961
12791
11166
8973
6327
1210
-1111
-742
-33
-2004
-2386
338
3918
6145
7348
8145
8189
5420
2872
137
-1787
-4533
-8255
-11060
-11185
-10044
-8267
-6071
-3561
-1714
-273
867
2424
2169
1188
-802
-3439
-5003
-5331
-4934
-4352
-3533
-1743
422
3158
5834
8156
9197
8840
7695
5973
4963
3424
1554
707
28
92
637
2127
4153
4460
4237
4081
3613
2464
592
-1228
-3326
-5286
-6593
-6455
-5402
-4653
-3485
-1945
-12
1434
2034
2629
1910
238
-1475
-2813
-3757
-4875
-5543
-5457
-4819
-3621
-1977
-386
680
1398
1175
735
-261
-1988
-4458
-6758
-9411
-10571
-12074
-8228
-2686
674
2647
4581
9046
13062
13262
12180
10504
8454
4471
-77
-1109
-315
-969
-3196
-2171
1230
4531
6214
7345
8361
7345
4477
2127
-134
-2100
-5720
-9487
-11443
-10816
-9630
-7705
-5556
-3259
-1615
-214
1423
2702
2055
1003
-1547
-3756
-4893
-4903
-4582
-4108
-3137
-1132
1099
4026
6560
8664
9058
8653
7241
5974
4877
3226
1547
831
81
267
1001
2835
4087
3995
3884
3968
3257
1967
183
-1619
-3788
-5583
-6411
-5797
-5070
-4359
-3139
-1498
305
1436
1987
2255
1096
-575
-1991
-2960
-4046
-5163
-5579
-5286
-4600
-3310
-1681
-241
582
935
744
-14
-1173
-3434
-5608
-8345
-10196
-12020
-10542
-4598
-790
1643
3005
6999
11721
13258
12403
11305
9391
6604
1540
-514
-146
-53
-2664
-3051
-244
3303
5291
6587
7796
7944
5383
3113
767
-875
-4030
-7964
-10800
-11069
-10150
-8634
-6772
-4395
-2561
-1055
506
2431
2490
1769
-238
-2628
-4152
-4640
-4392
-4141
-3732
-2216
-227
2600
5425
7796
8838
8708
7776
6463
5504
4202
2525
1231
450
144
575
1905
3290
3429
3263
3231
2971
1927
508
-1131
-3083
-5035
-6064
-5961
-5219
-4574
-3654
-2317
-617
763
1355
1764
1190
-282
-1713
-2806
-3627
-4729
-5337
-5337
-4794
-3753
-2221
-823
328
644
639
48
-857
-2799
-4958
-7492
-9454
-11262
-11032
-5366
-1181
1334
2346
5670
10795
13008
12349
11547
9876
7643
2505
-296
-39
389
-2043
-3360
-1165
2532
4775
5946
7138
7876
5704
3403
1221
-336
-2942
-7089
-10278
-10984
-10222
-8881
-7098
-4995
-3104
-1536
-48
1898
2425
1835
298
-2125
-3710
-4278
-4149
-4008
-3787
-2497
-640
1900
4743
7118
8522
8570
7833
6597
5663
4663
3079
1864
769
219
558
1488
3000
3018
2805
2895
2519
1765
583
-800
-2580
-4526
-5499
-5436
-4851
-4396
-3499
-2384
-1014
339
1032
1501
1018
-340
-1510
-2618
-3452
-4479
-5126
-5168
-4885
-3962
-2534
-1104
-135
282
284
-276
-942
-2694
-4622
-6951
-9100
-10914
-11122
-5895
-1696
875
1996
5170
10274
12817
12296
11501
9952
7803
2744
-238
-120
308
-1948
-3489
-1500
2015
4333
5681
6954
7803
5877
3645
1548
-26
-2455
-6532
-9776
-10742
-10132
-8942
-7270
-5128
-3256
-1779
-199
1787
2499
2067
593
-1862
-3440
-4168
-4142
-4054
-3896
-2835
-1022
1339
4185
6661
8196
8374
7791
6703
5804
4973
3548
2278
1043
355
652
1402
2732
2846
2689
2732
2385
1784
801
-493
-2295
-4160
-5112
-5160
-4634
-4255
-3475
-2407
-1085
163
848
1286
819
-411
-1592
-2618
-3315
-4252
-4909
-4960
-4719
-3883
-2572
-1184
-198
130
187
-291
-915
-2651
-4487
-6885
-9026
-10822
-11017
-5527
-1227
1141
1909
4942
10230
12770
12214
11612
10326
8282
3023
75
371
789
-1658
-3547
-1590
1899
4117
5321
6615
7611
5730
3441
1438
50
-2312
-6470
-9831
-10807
-10145
-8947
-7432
-5373
-3480
-1995
-492
1460
2232
1904
643
-1859
-3479
-4159
-4101
-3981
-3917
-2897
-1206
1124
3888
6351
7955
8205
7738
6713
5963
5338
3780
2514
1470
609
956
1599
2743
2833
2421
2555
2222
1562
604
-584
-2184
-4021
-4932
-4990
-4385
-4097
-3455
-2410
-1192
6
595
1060
771
-468
-1544
-2382
-2966
-3919
-4641
-4728
-4431
-3621
-2407
-1119
-220
29
-17
-769
-1219
-2865
-4692
-7297
-9188
-11232
-9899
-4368
-782
1144
1987
5812
10708
12305
11789
11083
9737
7097
1991
151
752
646
-2200
-3221
-827
2581
4328
5503
6884
7248
5050
3184
1311
64
-2810
-6902
-9864
-10439
-9875
-8474
-7067
-4984
-3333
-1876
-243
1715
2271
2066
280
-1954
-3339
-3661
-3679
-3819
-3673
-2481
-840
1567
4209
6645
7894
8061
7397
6573
5952
5183
3515
2171
1129
627
908
1680
2539
2392
2039
2219
1986
1361
365
-941
-2584
-4119
-4847
-4800
-4327
-4040
-3528
-2501
-1124
99
583
931
442
-661
-1639
-2375
-3010
-3955
-4620
-4602
-4185
-3317
-2027
-986
-311
-67
-36
-638
-1224
-3052
-4722
-7193
-9111
-11211
-9437
-3677
-333
1103
1894
6116
10946
12188
11558
11105
9907
6989
1847
465
1206
720
-2491
-3234
-618
2659
4165
5357
6805
6990
4669
2958
1242
140
-3045
-7166
-10067
-10399
-9884
-8709
-7275
-5299
-3770
-2304
-497
1493
1804
1629
-160
-2303
-3503
-3829
-3797
-3961
-3988
-2711
-996
1556
4152
6536
7709
7878
7313
6629
6156
5358
3562
1995
1112
887
937
1650
2514
2417
2148
2299
2187
1628
500
-867
-2489
-3821
-4528
-4583
-4170
-3838
-3391
-2408
-956
280
648
793
389
-636
-1774
-2474
-3029
-3989
-4692
-4689
-4374
-3457
-2297
-1253
-572
-338
-267
-792
-1486
-3063
-4899
-7413
-9362
-11695
-9962
-4203
-725
925
1679
6005
11145
12357
11728
11248
10121
7248
2045
525
1177
697
-2519
-3284
-615
2689
4212
5461
7049
7329
4937
3136
1434
200
-3012
-7244
-10136
-10647
-10173
-8973
-7538
-5491
-3764
-2097
-222
1894
2370
2151
407
-1671
-2904
-3364
-3375
-3629
-3652
-2448
-796
1724
4378
6736
7893
8142
7612
6938
6344
5373
3726
2011
942
703
785
1573
2185
2117
2034
2141
2069
1520
540
-857
-2562
-3914
-4585
-4619
-4458
-4174
-3589
-2679
-1294
-65
627
784
266
-554
-1540
-2319
-3019
-4044
-4865
-4939
-4530
-3602
-2446
-1353
-623
-368
-193
-613
-1338
-2988
-4812
-7277
-9223
-12072
-10022
-4276
-868
572
1310
5905
11153
12296
11708
11231
10288
7257
1780
371
1345
641
-2948
-3545
-761
2685
4100
5283
7106
7394
5143
3412
1725
704
-2677
-7012
-9885
-10254
-9835
-8756
-7414
-5469
-3892
-2260
-223
1871
2251
2080
141
-1830
-3108
-3528
-3641
-4106
-4119
-2915
-1337
1383
4068
6481
7622
7953
7609
6989
6545
5254
3742
1920
944
755
542
1386
2013
2022
2160
2261
2463
1821
813
-493
-2219
-3656
-4426
-4619
-4636
-4382
-3832
-2829
-1255
-76
596
888
575
-220
-1311
-2045
-2786
-4026
-4886
-5010
-4573
-3756
-2570
-1529
-598
-279
-26
-351
-1041
-2624
-4592
-7057
-9023
-11903
-11062
-5309
-1602
108
560
4821
10528
12410
11709
11415
10698
8107
2616
491
1263
918
-2806
-4032
-1558
2001
3682
4826
6692
7481
5432
3741
2138
1141
-1997
-6432
-9630
-10259
-10032
-9286
-8048
-6130
-4469
-2873
-908
1453
2015
1979
396
-1702
-2897
-3513
-3722
-4183
-4376
-3278
-1750
783
3583
6056
7409
7895
7745
7153
6805
5578
3870
2263
1055
621
492
1085
1816
1601
1804
2188
2323
1775
766
-370
-2064
-3603
-4306
-4568
-4628
-4599
-4063
-3031
-1466
-300
446
940
611
-106
-965
-1737
-2612
-3855
-4675
-4866
-4598
-3897
-2777
-1724
-867
-428
-187
-233
-756
-2190
-4017
-6248
-8337
-10758
-12326
-7188
-2555
-138
379
2885
8708
12157
11849
11456
10626
9341
4485
702
919
1635
-1159
-3879
-2299
1195
3496
4393
5993
7645
6351
4328
2670
1518
-507
-4951
-8868
-10342
-10196
-9859
-8906
-7160
-5093
-3556
-1786
777
2120
1982
1217
-959
-2264
-3139
-3424
-3839
-4252
-3673
-2269
-294
2587
5152
6981
7639
8044
7437
7182
6242
4396
2809
1226
675
684
673
1702
1764
1991
2435
2573
2490
1566
359
-1172
-2884
-3986
-4603
-4763
-4959
-4376
-3516
-2146
-641
221
937
941
325
-340
-1279
-2083
-3335
-4435
-4909
-4869
-4358
-3382
-2227
-1261
-491
-89
134
-235
-1147
-2861
-4643
-7042
-9004
-11770
-12050
-6090
-2167
49
552
4056
9860
12280
11587
11278
10264
8476
2959
88
799
1040
-2411
-4147
-1862
1842
3673
4639
6476
7845
6027
4148
2392
1353
-1340
-5936
-9388
-10058
-9778
-9381
-8243
-6256
-4316
-2769
-955
1561
2315
2130
957
-1323
-2507
-3318
-3614
-4148
-4420
-3457
-2023
270
3199
5601
7234
7822
8077
7324
7152
5942
4006
2303
788
465
368
896
1942
1862
2255
2769
3009
2717
1729
472
-1375
-3100
-4171
-4747
-5094
-5275
-4729
-3759
-2051
-465
556
1337
1226
649
-148
-966
-1976
-3502
-4572
-5037
-5130
-4637
-3552
-2320
-1484
-530
-18
373
-154
-1163
-2889
-4769
-7010
-9145
-11648
-12531
-6770
-2659
-176
541
3491
9398
12402
11775
11435
10404
9181
3769
203
717
1159
-2041
-4290
-2284
1516
3457
4533
6221
7790
6251
4321
2502
1431
-799
-5420
-9164
-10006
-9880
-9426
-8299
-6350
-4344
-2912
-1077
1404
2286
2257
1124
-1132
-2409
-3234
-3584
-4259
-4582
-3760
-2261
8
2883
5345
7165
7905
8151
7511
7357
6352
4085
2248
1007
421
-122
234
1709
1746
1982
2567
3043
2852
1939
802
-884
-2648
-4073
-4935
-5104
-5342
-5054
-4200
-2390
-802
150
1212
1545
1078
199
-531
-1401
-2991
-4140
-4701
-5015
-4710
-3655
-2475
-1582
-625
105
497
390
-475
-1917
-3970
-6024
-8482
-10830
-12915
-8079
-3475
-780
276
2441
8111
12295
12197
11801
10947
10131
5511
975
799
1451
-1135
-4261
-3125
425
3062
4241
5767
7736
7072
5065
3285
1910
329
-4127
-8489
-10095
-10006
-9883
-9003
-7417
-5282
-3748
-1868
662
2144
2386
1791
-526
-1972
-2937
-3401
-4225
-4778
-4334
-3007
-1060
1861
4503
6567
7476
8040
7558
7481
6840
4693
2603
964
337
-58
-195
1107
1542
1811
2392
3049
3395
2714
1514
-98
-1891
-3280
-4450
-4995
-5328
-5219
-4665
-3088
-1121
14
1031
1654
1471
789
-9
-718
-2050
-3575
-4520
-4883
-4806
-4132
-3113
-2070
-1145
-205
380
629
33
-1018
-3141
-4920
-7450
-9520
-12472
-10850
-5156
-2049
-121
848
5399
10910
12199
11655
11159
10427
7884
2150
408
1161
333
-3282
-4054
-1126
2280
3717
4840
6689
7684
5822
4187
2304
1413
-1849
-6572
-9541
-9965
-9965
-9495
-8515
-6325
-4452
-2642
-553
1709
2378
2402
666
-1178
-2273
-2894
-3632
-4387
-4498
-3356
-1899
590
3220
5659
7087
7913
7830
7476
7214
5686
3400
1585
427
101
-481
202
1120
1345
1950
2614
3236
3079
2107
774
-959
-2357
-3720
-4650
-5075
-5262
-5051
-4025
-2153
-809
239
1301
1500
1251
501
-125
-1137
-2704
-3901
-4418
-4715
-4364
-3604
-2626
-1710
-764
68
463
551
-292
-1677
-3605
-5309
-7785
-9767
-12385
-9717
-4591
-1535
82
1190
6191
11038
11727
11254
10780
10364
6939
1593
480
1143
-40
-3460
-3479
-543
2521
3743
4823
6881
7427
5369
3481
1769
857
-2737
-7087
-9484
-9853
-9880
-9392
-8144
-5856
-4094
-2353
-296
1714
2402
2404
451
-1228
-2275
-2927
-3642
-4199
-4094
-2976
-1532
893
3367
5764
7083
7812
7609
7384
6957
5337
3153
1476
197
3
-473
330
1042
1370
2097
2578
3020
2898
1876
617
-1201
-2519
-3830
-4622
-5152
-5214
-4839
-3834
-2052
-560
587
1482
1457
1350
610
-95
-1217
-2727
-3807
-4505
-4668
-4194
-3486
-2559
-1593
-569
115
637
622
-324
-1591
-3685
-5403
-7885
-9711
-12257
-10344
-5028
-1856
-92
1015
5680
10693
11685
11144
10807
10275
7369
2026
604
1182
413
-2971
-3498
-823
2297
3544
4601
6606
7463
5501
3814
2155
1194
-2180
-6462
-9222
-9682
-9761
-9254
-8109
-5925
-4219
-2545
-619
1590
2330
2440
778
-864
-2009
-2767
-3504
-4046
-4117
-3184
-1891
464
2900
5417
6826
7637
7550
7326
6973
5633
3364
1585
373
-28
-498
-1
869
1355
1912
2495
3087
3174
2307
1060
-506
-1883
-3220
-4202
-4892
-5068
-4959
-4201
-2471
-929
193
1191
1499
1473
861
270
-753
-2210
-3362
-4090
-4450
-4289
-3670
-2791
-1917
-1046
-184
424
626
-24
-1165
-2894
-4696
-6685
-8890
-10795
-12132
-7529
-3259
-402
685
3230
8415
11444
10911
10705
10173
9077
4284
605
493
1022
-1233
-3579
-2241
1077
3220
4146
5675
7653
6766
4662
2852
1734
32
-4059
-7883
-9370
-9426
-9266
-8516
-6868
-4815
-3138
-1604
547
2071
2528
1903
-142
-1494
-2456
-3151
-3883
-4357
-3945
-2812
-1131
1291
3723
5913
6897
7368
6999
6933
6254
4404
2317
708
-337
-572
-618
248
839
1369
2186
2908
3404
3187
2101
596
-1089
-2500
-3681
-4463
-5075
-5217
-4842
-3573
-1823
-537
623
1500
1623
1475
886
221
-978
-2455
-3529
-4102
-4100
-3840
-3281
-2484
-1498
-587
255
764
720
-265
-1579
-3470
-5121
-7223
-9057
-11258
-11584
-6474
-2530
25
955
4228
9265
11429
10823
10635
10048
8348
3188
181
382
672
-2053
-3624
-1833
1453
3229
4180
5876
7606
6274
4273
2359
1424
-847
-5036
-8576
-9655
-9724
-9325
-8472
-6615
-4465
-2798
-1218
1013
2340
2807
1722
-315
-1638
-2477
-3197
-3940
-4339
-3675
-2556
-695
1724
4300
6245
7199
7401
7015
6982
5987
4067
1927
147
-646
-1121
-683
361
994
1704
2486
3426
3911
3772
2676
844
-808
-2313
-3449
-4477
-5266
-5393
-5075
-3709
-1999
-508
951
1711
1968
1821
1418
557
-806
-2254
-3343
-4117
-4365
-3986
-3317
-2475
-1552
-648
237
800
745
-92
-1367
-3041
-4856
-6797
-8969
-10574
-12253
-8236
-3572
-679
657
2851
7712
11076
10836
10655
10092
8940
4679
465
33
685
-1009
-3527
-2548
647
2913
3916
5402
7407
6925
4729
2888
1551
52
-3706
-7687
-9500
-9566
-9372
-8695
-7184
-4875
-3087
-1634
469
2149
2663
2215
169
-1291
-2306
-2916
-3722
-4223
-3826
-2716
-1301
1048
3548
5782
6929
7525
7120
6990
6411
4648
2499
417
-789
-1363
-1333
-251
340
1086
2097
3113
3829
3926
3246
1663
-215
-1733
-3157
-4226
-5379
-5802
-5627
-4602
-2907
-1251
421
1553
1971
2068
1863
1409
88
-1489
-2752
-3638
-4187
-4053
-3526
-2849
-2065
-1082
-126
687
993
585
-644
-1845
-3483
-5298
-7309
-9043
-10854
-11908
-7247
-2848
110
1256
3651
8395
11040
10693
10424
9680
8372
3749
85
77
836
-1162
-3166
-1736
1356
3389
4442
5880
7646
6686
4582
2664
1397
-125
-3976
-7721
-9138
-9277
-9038
-8234
-6378
-4178
-2740
-1337
756
2200
2688
1887
-230
-1667
-2603
-3255
-3977
-4303
-3748
-2749
-1239
1139
3767
5861
6844
7249
6847
6636
5895
4155
2050
110
-1032
-1555
-1242
-168
485
1277
2076
2997
3738
3802
3070
1363
-403
-2016
-3314
-4318
-5143
-5368
-5243
-4208
-2537
-800
872
1872
2321
2300
1993
1449
276
-1128
-2444
-3518
-3934
-3787
-3247
-2574
-1735
-759
66
803
1096
661
-427
-1904
-3406
-5311
-6810
-8743
-9989
-12158
-9442
-4294
-710
1186
2363
6394
10262
10688
10074
9498
8722
5539
551
-647
319
-45
-2638
-2499
107
2805
4136
5388
7239
7486
5324
3342
1639
689
-2438
-6374
-8801
-9072
-9017
-8274
-6870
-4677
-3116
-1881
-254
1658
2251
2276
571
-1129
-2266
-2956
-3641
-4001
-3846
-3011
-1939
308
2727
5078
6344
7080
6743
6476
6050
4792
2857
936
-573
-1164
-1162
-218
448
921
1649
2567
3252
3450
2957
1733
-130
-1608
-3024
-3956
-4731
-5080
-5123
-4421
-2767
-1138
415
1632
2059
2191
1949
1518
529
-807
-2030
-3107
-3760
-3642
-3127
-2577
-1905
-985
-62
714
1152
1046
196
-1090
-2725
-4345
-6102
-7372
-9085
-10403
-12098
-7951
-3057
449
1641
3069
7198
10370
10182
9599
9027
8141
3953
-179
-372
874
-275
-2460
-1632
1303
3580
4572
5849
7626
7072
4640
2621
1465
331
-3256
-6988
-8690
-8806
-8808
-7969
-6222
-4141
-2890
-1710
60
1813
2216
1881
-10
-1384
-2360
-2989
-3524
-3679
-3381
-2574
-1324
1013
3349
5545
6540
7081
6635
6395
5934
4549
2704
828
-400
-805
-590
330
738
1185
1912
2600
3111
3237
2651
1121
-620
-1862
-2976
-3837
-4540
-4743
-4446
-3450
-1926
-412
1096
1961
2128
2083
1859
1329
123
-1257
-2283
-3133
-3541
-3323
-2706
-2114
-1329
-526
259
967
1238
815
-208
-1433
-3137
-4594
-6335
-7390
-9162
-9778
-11768
-8780
-3406
176
1886
2630
6282
10013
10117
9358
8776
7946
4645
47
-664
634
269
-2116
-1787
982
3625
4459
5657
7444
7505
4894
2953
1621
627
-2596
-6361
-8316
-8375
-8521
-7717
-6251
-4047
-2767
-1791
-77
1994
2409
2162
520
-748
-1871
-2578
-3092
-3186
-3156
-2349
-1276
925
3114
5170
6103
6851
6670
6390
5979
4788
2966
1192
-382
-573
-626
-124
388
848
1715
2259
2652
3033
2581
1288
-421
-1560
-2604
-3512
-4376
-4607
-4255
-3584
-2284
-657
673
1646
1750
1992
1914
1315
313
-930
-2070
-2989
-3474
-3270
-2825
-2223
-1607
-723
80
842
1136
916
68
-1072
-2637
-4049
-5613
-6759
-8141
-9229
-9984
-10773
-6058
-1691
1377
1995
3743
7669
9977
9187
8774
8102
6912
2907
-2
368
1481
-7
-1548
-90
2833
4327
5001
6203
7636
6238
3739
2187
1246
-523
-4100
-7045
-7870
-7829
-7904
-6967
-5147
-3287
-2432
-1346
632
1925
1908
1143
-210
-1245
-2113
-2616
-2959
-2931
-2638
-1870
-474
1756
3786
5283
6008
6585
6168
5899
5215
3881
2207
460
-604
-875
-758
-77
270
887
1670
2336
2782
2895
2312
968
-431
-1495
-2611
-3527
-4246
-4205
-3969
-3117
-1610
-288
1003
1787
2133
2368
2083
1463
438
-718
-1832
-2688
-3053
-2933
-2588
-2206
-1507
-707
41
778
905
582
-76
-1264
-2438
-3912
-5228
-6583
-7427
-8699
-8803
-10209
-7261
-2552
573
1934
2644
6106
9192
9133
8337
7995
7257
4506
885
469
1542
956
-1252
-707
1833
3761
4223
5158
6580
6322
3823
2472
1422
339
-2645
-5742
-7058
-7051
-7369
-6823
-5617
-3683
-2768
-1882
-273
1613
1768
1447
392
-355
-1179
-1774
-2272
-2238
-2386
-1822
-918
955
2793
4321
5062
5830
5866
5576
5144
4271
2692
1096
-383
-714
-789
-251
103
391
1137
1898
2366
2657
2349
1449
100
-984
-1871
-2597
-3536
-3998
-3831
-3241
-2014
-748
397
1438
1887
2155
2117
1760
931
-266
-1334
-2211
-2947
-3142
-2920
-2549
-2163
-1366
-544
163
572
613
189
-533
-1711
-2819
-4237
-5249
-6537
-7346
-8214
-8122
-9219
-6332
-1973
879
2103
3015
6329
8957
8680
8070
7769
7045
4418
1132
828
1696
955
-1095
-383
1872
3475
3639
4742
6184
5769
3450
2352
1478
458
-2434
-5115
-6245
-6363
-6969
-6528
-5363
-3621
-2910
-1993
-256
1500
1576
1508
741
159
-692
-1327
-1749
-1818
-1999
-1564
-789
882
2543
3923
4588
5382
5443
5226
4859
4098
2734
1154
-160
-656
-703
-288
-84
77
749
1550
2099
2374
2342
1554
212
-749
-1533
-2279
-3104
-3507
-3433
-3032
-1963
-620
477
1403
1803
2022
2089
1761
900
-131
-1163
-2100
-2796
-2959
-2784
-2531
-2186
-1499
-762
-57
372
465
98
-533
-1515
-2497
-3744
-4667
-5731
-6482
-7167
-7384
-7797
-7623
-3540
-318
1872
2328
4148
7051
8346
7510
7320
6874
5874
2687
817
1382
1886
242
-642
800
2926
3414
3792
4943
5748
4354
2634
1703
1102
-642
-3462
-5381
-5686
-6073
-6447
-5765
-4356
-3139
-2617
-1457
492
1369
1215
897
398
-170
-964
-1414
-1579
-1624
-1631
-1289
-256
1443
2735
3716
4452
5095
4855
4650
4344
3422
1999
569
-323
-514
-685
-407
-226
233
861
1434
2010
2322
2118
1161
169
-509
-1281
-2126
-2915
-3154
-3127
-2641
-1550
-474
570
1328
1730
2133
2106
1757
908
-61
-983
-1838
-2419
-2660
-2643
-2528
-2232
-1637
-949
-332
76
177
-128
-686
-1345
-2353
-3336
-4336
-5123
-6003
-6366
-6979
-6697
-7446
-5211
-1597
805
2092
2888
5312
7418
7350
6707
6680
6136
4213
1498
1206
1893
1336
-164
477
2142
3231
3276
4060
5173
5023
3006
1970
1278
372
-1984
-4161
-5037
-5234
-6067
-5726
-4669
-3187
-2606
-1998
-520
1011
1060
1010
648
298
-472
-1116
-1454
-1401
-1517
-1352
-801
602
1800
2818
3594
4367
4424
4156
3949
3460
2440
1135
-168
-670
-776
-654
-445
-319
395
1089
1551
2067
2246
1807
858
115
-581
-1317
-2154
-2738
-2960
-2797
-2153
-1180
-171
745
1281
1731
1994
1918
1573
802
-155
-1072
-1921
-2319
-2428
-2413
-2332
-1965
-1384
-831
-298
103
17
-271
-860
-1522
-2430
-3212
-4162
-4830
-5536
-5736
-6139
-5789
-6209
-5584
-2304
99
1662
1974
3756
5940
6484
5806
5947
5841
4787
2287
1428
1962
2032
576
344
1582
2624
2621
3121
4100
4573
2980
1820
1424
827
-835
-2775
-3797
-4064
-4818
-5096
-4416
-3252
-2793
-2448
-1367
163
677
646
605
540
53
-618
-856
-771
-916
-1212
-902
99
1182
1932
2681
3320
3720
3487
3462
3337
2686
1627
382
-257
-497
-645
-394
-353
-43
458
917
1517
1873
1784
1222
564
22
-611
-1271
-1880
-2241
-2417
-2115
-1433
-652
113
709
1195
1607
1782
1704
1122
436
-287
-1044
-1643
-2014
-2254
-2347
-2233
-1850
-1344
-841
-444
-212
-204
-364
-784
-1437
-2095
-2820
-3584
-4259
-4640
-4967
-5033
-5430
-5146
-5676
-3827
-1159
592
1387
2234
4253
5619
5437
5375
5658
5243
3683
1878
1970
2451
1642
507
976
2029
2373
2260
3171
4049
3588
2068
1725
1518
464
-1358
-2696
-3198
-3665
-4497
-4315
-3460
-2726
-2660
-2112
-837
239
267
468
532
389
-251
-552
-445
-363
-745
-735
-273
553
1253
1890
2558
3100
3000
2873
2971
2816
1940
1086
260
-216
-586
-608
-207
-188
11
460
998
1464
1451
1244
843
310
-299
-834
-1271
-1683
-2024
-2080
-1613
-929
-336
396
961
1299
1502
1498
1365
993
352
-385
-1044
-1567
-1833
-2012
-1984
-1762
-1519
-1109
-719
-497
-383
-416
-675
-985
-1549
-2067
-2697
-3281
-3772
-4020
-4302
-4328
-4355
-4267
-4392
-4482
-2333
-284
908
1320
2326
3994
4809
4548
4913
5249
4656
2996
2118
2526
2658
1409
855
1576
2156
1874
2065
2991
3369
2378
1484
1523
1268
152
-1224
-2108
-2438
-3285
-3844
-3370
-2679
-2561
-2625
-1911
-666
-64
13
396
587
322
-66
-75
121
66
-307
-200
300
902
1321
1821
2295
2581
2466
2570
2618
2350
1569
1017
486
-13
-470
-301
-107
-288
-325
81
581
825
837
754
514
176
-176
-459
-659
-1080
-1397
-1358
-1041
-601
-218
315
615
834
1030
1192
1108
679
223
-161
-670
-1059
-1211
-1371
-1485
-1429
-1244
-1047
-808
-753
-832
-861
-966
-1255
-1586
-1923
-2345
-2891
-3217
-3411
-3457
-3565
-3638
-3657
-3600
-3686
-3596
-1933
-276
646
929
1885
3583
4323
4043
4441
5018
4654
3265
2658
2991
2916
1621
1005
1506
1873
1412
1369
2190
2573
1810
985
1209
1184
91
-1102
-1713
-1968
-2884
-3531
-3139
-2698
-2692
-2792
-1995
-817
-293
-105
478
967
833
507
626
829
582
32
89
498
773
866
1208
1764
2012
1833
1903
2176
1930
1287
723
621
238
-406
-390
-243
-346
-499
-306
179
342
276
477
461
194
-32
-169
-258
-497
-769
-797
-500
-217
-21
354
732
864
861
947
1012
784
381
34
-337
-700
-1032
-1224
-1307
-1372
-1320
-1254
-1069
-907
-974
-1141
-1194
-1365
-1710
-1935
-2132
-2458
-2706
-2750
-2787
-2820
-2862
-2898
-2858
-2789
-2780
-3049
-2067
-586
229
630
1399
2801
3789
3746
4005
4576
4402
3435
2589
2651
2563
1639
748
1053
1388
1024
749
1484
2165
1655
971
1126
1287
474
-480
-944
-1301
-1997
-2844
-2759
-2363
-2299
-2314
-1822
-799
-229
13
576
1119
1134
809
899
1078
888
348
182
408
451
418
756
1197
1308
1266
1326
1685
1605
1133
876
567
133
-451
-574
-453
-580
-670
-513
-99
144
246
425
590
579
369
296
220
16
-311
-388
-292
-134
-8
223
465
642
767
856
810
702
420
97
-225
-626
-942
-1192
-1400
-1491
-1446
-1301
-1159
-1034
-947
-926
-927
-1019
-1138
-1272
-1472
-1707
-1921
-2002
-2067
-2173
-2200
-2152
-2083
-2040
-2134
-2096
-2306
-2106
-1008
-46
438
782
1645
2718
3066
3036
3419
3761
3313
2247
1817
1903
1427
426
217
546
405
115
468
1252
1354
923
863
1200
1033
244
-257
-560
-988
-1839
-2180
-1870
-1710
-1969
-1838
-1026
-228
-18
364
1125
1376
1102
1025
1240
1227
777
362
303
271
105
104
392
718
598
518
797
1041
891
520
351
234
-150
-467
-542
-465
-535
-585
-406
16
265
333
549
701
694
602
542
516
263
60
-28
-18
-12
17
129
237
387
460
501
496
327
94
-184
-432
-617
-870
-1057
-1196
-1226
-1181
-1121
-988
-864
-779
-700
-735
-850
-851
-1028
-1162
-1351
-1482
-1539
-1693
-1822
-1751
-1719
-1625
-1687
-1693
-1706
-1721
-1927
-2097
-1277
-387
56
318
1141
2123
2553
2674
3123
3578
3349
2518
2011
1938
1541
618
306
364
225
-144
31
712
1075
865
816
1100
1096
574
238
-10
-509
-1339
-1875
-1715
-1563
-1779
-1877
-1336
-613
-247
232
870
1314
1122
1048
1227
1276
870
408
193
45
-242
-277
-105
-2
-18
-23
241
605
602
394
344
154
18
-249
-280
-301
-484
-611
-454
-140
175
383
514
723
744
680
734
752
570
311
173
110
44
-26
27
92
123
100
174
272
210
41
-99
-261
-466
-587
-771
-945
-1029
-1021
-926
-738
-650
-475
-375
-391
-318
-340
-483
-666
-903
-1134
-1266
-1447
-1575
-1675
-1691
-1653
-1629
-1580
-1488
-1434
-1579
-1701
-1936
-1829
-1196
-534
-102
258
922
1733
2066
2239
2580
2987
2749
2135
1727
1672
1368
648
350
482
249
-14
177
803
1033
696
734
1041
988
556
287
120
-278
-1030
-1369
-1102
-1041
-1298
-1271
-751
-351
-54
380
1005
1255
1032
998
1319
1252
727
340
236
2
-292
-360
-142
-195
-390
-385
-20
197
115
12
-20
-9
-173
-274
-131
-151
-333
-315
-93
160
276
469
682
853
821
807
816
709
541
329
249
290
277
211
232
211
177
155
162
127
31
-85
-192
-316
-409
-588
-742
-777
-809
-783
-671
-533
-441
-367
-254
-156
-136
-250
-365
-555
-774
-994
-1114
-1284
-1393
-1472
-1513
-1548
-1477
-1341
-1325
-1256
-1309
-1303
-1435
-1614
-1773
-1664
-1163
-658
-294
238
1088
1687
1885
2130
2557
2887
2535
2000
1761
1464
988
385
204
96
-203
-435
-200
380
487
455
631
829
740
451
380
165
-348
-969
-1186
-1064
-1080
-1280
-1159
-735
-368
-59
417
836
1027
951
980
1165
1069
650
242
-51
-394
-659
-768
-729
-717
-895
-725
-457
-111
-74
13
83
41
18
-41
68
49
-20
-87
39
296
468
607
644
798
789
811
815
714
601
366
262
256
92
54
14
-74
-88
-120
-123
-102
-103
-139
-174
-219
-290
-339
-433
-403
-406
-430
-371
-274
-217
-126
-56
-35
-48
-110
-243
-340
-563
-850
-1070
-1277
-1360
-1484
-1556
-1592
-1580
-1522
-1411
-1393
-1327
-1350
-1318
-1372
-1398
-1559
-1531
-1180
-747
-215
212
893
1385
1739
1957
2264
2613
2444
1990
1535
1258
899
310
46
-164
-439
-690
-629
-203
46
139
277
496
578
521
504
362
-38
-465
-717
-779
-847
-992
-980
-782
-375
-48
421
843
1158
1123
1105
1255
1184
845
456
72
-264
-596
-756
-801
-886
-939
-873
-611
-340
-254
-111
-16
94
112
159
185
219
137
91
212
337
398
400
510
689
721
733
669
670
523
430
400
328
171
60
24
-6
-48
-91
-204
-131
-177
-203
-236
-217
-250
-309
-254
-184
-191
-132
-104
-34
38
119
170
173
102
-95
-192
-362
-511
-725
-995
-1143
-1217
-1218
-1251
-1194
-1194
-1060
-1005
-1016
-990
-940
-912
-1048
-1057
-1106
-1170
-1199
-1285
-1087
-705
-296
75
696
1295
1599
1804
1971
2185
2081
1697
1403
971
592
88
-233
-464
-740
-892
-726
-399
-93
104
413
689
868
861
807
819
551
237
-87
-239
-414
-483
-455
-239
-18
210
556
910
1029
1057
1063
1041
833
559
251
-67
-406
-736
-916
-1026
-1057
-1101
-991
-832
-603
-372
-138
-13
146
233
337
538
578
593
487
595
541
541
517
458
581
405
368
364
286
285
240
253
173
47
77
69
111
5
-34
-99
-210
-160
-155
-86
-123
-118
-44
-37
50
103
147
174
258
268
270
188
91
-24
-191
-255
-443
-680
-825
-959
-1070
-1136
-1137
-1199
-1167
-1162
-1141
-1015
-926
-879
-863
-860
-832
-859
-871
-903
-971
-1029
-1023
-748
-486
-230
126
557
1021
1253
1316
1446
1627
1613
1331
1065
734
333
-19
-241
-232
-348
-541
-424
-120
207
384
597
842
997
946
915
913
725
350
144
80
-46
-175
-221
-172
-86
9
207
501
609
595
609
591
494
286
109
-137
-373
-640
-773
-777
-877
-917
-778
-594
-449
-336
-78
112
148
277
209
336
493
505
560
604
788
708
531
572
532
534
346
234
142
-13
14
-19
68
-66
-131
-62
121
297
354
354
272
183
182
184
103
-19
-115
-139
-66
27
-19
-49
-37
57
72
139
124
-39
-175
-277
-390
-618
-851
-1049
-1253
-1317
-1275
-1249
-1253
-1194
-1103
-969
-791
-613
-568
-493
-442
-389
-380
-499
-481
-641
-835
-781
-840
-729
-555
-288
-1
369
687
872
981
1137
1284
1271
1024
872
695
371
54
-108
-185
-268
-355
-217
57
245
293
546
838
1018
1106
999
919
707
465
282
129
-91
-339
-454
-434
-368
-294
-137
35
81
121
285
465
324
138
55
-8
-185
-357
-449
-554
-661
-696
-667
-506
-379
-213
-100
127
264
335
347
345
460
490
636
653
704
653
519
452
427
384
213
117
75
-34
-34
-36
5
38
14
90
244
316
397
431
358
276
240
156
140
-8
-153
-274
-262
-187
-160
-124
-138
-122
-73
35
47
-52
-138
-232
-305
-406
-574
-700
-864
-931
-985
-938
-960
-969
-895
-842
-691
-585
-468
-435
-349
-322
-302
-420
-417
-501
-651
-614
-690
-767
-761
-652
-515
-373
-137
87
259
457
546
666
867
937
834
690
513
367
226
158
60
-144
-151
-125
55
246
374
457
469
683
818
860
814
589
356
150
32
-110
-330
-503
-557
-509
-452
-338
-194
-60
8
114
281
334
247
179
63
-66
-203
-284
-385
-539
-617
-671
-600
-474
-340
-181
-61
37
142
299
514
588
651
781
792
793
583
442
428
254
73
-37
-189
-280
-233
-169
-90
-25
65
227
322
426
535
434
387
310
228
119
-74
-262
-305
-399
-408
-355
-383
-331
-223
-130
9
140
137
88
60
24
-193
-302
-453
-669
-824
-819
-862
-1010
-1036
-1021
-902
-772
-713
-588
-482
-396
-257
-243
-259
-272
-345
-412
-425
-553
-598
-637
-640
-587
-476
-470
-478
-420
-278
-123
61
226
269
382
472
486
548
503
405
340
233
236
213
175
79
64
21
106
279
339
307
376
411
418
425
382
338
230
38
62
72
29
-54
-128
-150
-121
-73
-53
11
18
2
30
67
55
32
-18
-71
-36
-112
-113
-142
-144
-161
-141
-107
-122
-100
-111
-95
40
174
350
524
667
664
643
629
540
413
302
169
-38
-140
-216
-156
-119
-69
-79
6
164
271
404
454
445
432
299
213
112
-110
-280
-432
-506
-544
-515
-512
-432
-385
-312
-136
-50
11
37
25
-36
-77
-233
-373
-495
-688
-706
-766
-814
-809
-767
-703
-587
-461
-355
-230
-193
-134
-79
-130
-230
-177
-236
-327
-389
-448
-475
-465
-390
-371
-362
-433
-345
-282
-146
-30
-52
-20
66
192
264
271
219
249
220
191
285
306
267
242
288
269
224
183
216
183
214
182
165
189
136
152
148
88
102
87
50
10
58
10
-31
9
-1
32
79
53
64
95
73
-2
37
29
77
80
88
81
52
102
19
19
49
5
-15
-55
-43
113
177
305
434
401
244
166
144
141
69
-108
-181
-263
-285
-224
-242
-286
-295
-216
-28
167
232
212
153
109
101
15
-139
-276
-435
-603
-554
-504
-474
-492
-436
-253
-187
-113
-87
-90
-45
-71
-106
-181
-251
-307
-413
-423
-492
-580
-618
-602
-541
-497
-391
-352
-233
-173
-100
-25
-28
-90
-176
-170
-244
-359
-398
-453
-468
-419
-388
-321
-305
-268
-231
-213
-114
-159
-109
-53
-115
-164
-193
-230
-238
-296
-339
-324
-293
-243
-167
-80
-73
43
146
280
324
324
370
365
302
214
125
95
51
19
-57
-20
-7
-1
55
32
137
195
292
312
297
294
334
313
189
121
12
-33
-35
-54
-56
-86
-48
-56
-18
105
184
176
172
208
310
373
315
233
189
119
-25
-67
-185
-272
-267
-373
-426
-400
-330
-311
-204
-64
40
108
123
219
227
139
133
9
-79
-222
-393
-427
-496
-548
-582
-558
-458
-406
-340
-181
-113
-78
8
-11
-51
-95
-198
-211
-276
-324
-398
-474
-458
-438
-359
-377
-406
-363
-243
-181
-160
-87
-70
-56
-62
-114
-173
-218
-284
-296
-348
-355
-430
-472
-440
-363
-377
-372
-277
-227
-178
-207
-133
-144
-208
-190
-209
-208
-264
-244
-215
-307
-320
-278
-306
-302
-234
-184
-150
-136
-88
-40
-27
-33
24
53
80
114
114
128
139
118
128
187
201
159
113
181
166
93
151
140
124
93
152
207
219
192
194
257
238
185
187
173
71
19
8
57
32
-42
-14
38
119
150
125
60
12
-7
31
26
2
-30
-83
-113
-116
-121
-175
-151
-170
-142
-65
-102
-87
-99
-107
-91
-89
-122
-158
-189
-178
-189
-230
-263
-246
-230
-247
-174
-164
-251
-287
-245
-188
-204
-217
-251
-229
-188
-128
-158
-134
-112
-129
-104
-155
-162
-209
-143
-197
-248
-296
-306
-248
-234
-196
-310
-276
-237
-233
-218
-223
-217
-240
-253
-233
-229
-298
-264
-274
-296
-246
-208
-260
-219
-200
-241
-260
-287
-250
-251
-220
-121
-169
-111
-108
-96
-84
-122
-42
-82
-107
-45
-66
-49
-18
30
54
-33
-62
22
24
25
41
22
16
-4
-25
-23
-2
-13
-13
29
0
22
67
73
145
126
93
104
111
61
35
-11
-28
-31
-76
-59
-25
43
-49
-11
24
-17
-39
-45
-68
-77
-56
-132
-131
-178
-216
-168
-107
-108
-118
-99
-68
-97
-107
-102
-103
-150
-200
-178
-168
-250
-256
-235
-194
-176
-189
-200
-160
-162
-204
-166
-151
-104
-78
-129
-28
-55
-122
-78
-136
-122
-100
-163
-141
-155
-132
-96
-34
-7
-25
-64
-94
-72
-100
-151
-157
-150
-204
-201
-192
-250
-213
-252
-267
-232
-276
-200
-181
-201
-213
-165
-179
-186
-208
-217
-135
-197
-208
-165
-222
-266
-182
-182
-181
-156
-174
-67
-106
-115
-86
-43
-48
-56
-35
-29
-38
-54
-23
-1
-20
-54
-13
-55
-80
-88
-52
-51
-10
34
14
31
6
27
73
55
25
50
32
1
41
-5
37
89
66
35
31
53
24
44
-3
13
6
22
14
32
22
-26
-7
11
51
-58
-98
-93
-59
-83
-95
-71
-110
-59
7
-12
-14
30
-3
-34
-47
-13
-67
-88
-67
-26
47
-35
-38
-104
-119
-131
-231
-146
-134
-136
-103
-143
-125
-82
-52
-45
-55
-33
-63
-37
-53
-47
-102
-78
-57
-106
-115
-192
-130
-95
-136
-88
-82
-150
-86
-24
-58
-35
-32
-90
-20
-36
-44
-26
-51
-52
-64
-39
-8
-77
-51
-42
-65
-8
40
49
87
-9
-68
-53
-88
-71
-103
-75
-37
-16
-46
-18
-14
-39
-13
-12
-7
15
14
-2
-19
-27
-24
-54
-38
-8
-69
-45
-26
-62
-93
-109
-74
1
39
33
63
53
85
38
4
36
23
60
70
87
74
46
47
69
56
42
73
104
126
78
100
60
48
57
67
100
80
51
66
139
138
139
95
79
76
37
-15
-84
-60
-40
30
34
46
22
86
129
41
72
126
126
104
39
7
44
44
57
-3
74
55
-34
-46
-15
21
97
34
79
110
71
26
5
7
-48
-65
-66
-27
27
49
49
50
43
77
96
62
38
-21
-13
21
26
-6
-13
-23
-22
9
-10
-62
-47
0
6
11
-24
-15
-70
-45
-96
-128
-87
-83
-114
-123
-67
-34
-21
55
55
34
85
64
65
30
8
-12
-108
-89
-44
-21
22
-23
-38
-55
-4
54
34
67
68
67
82
91
75
72
74
42
24
84
111
113
156
158
104
73
35
19
58
-11
16
37
47
80
115
49
26
85
73
41
41
102
126
105
57
42
72
92
82
56
127
119
118
52
32
41
118
134
142
134
142
146
80
85
91
102
61
77
23
42
89
71
83
63
62
127
90
66
90
67
54
49
61
26
45
22
13
55
70
66
94
85
93
112
113
92
86
147
104
75
41
40
14
20
62
67
168
128
74
71
108
146
136
153
87
118
172
119
134
157
176
179
183
146
95
143
145
85
98
93
112
201
180
102
108
102
129
113
89
91
86
52
58
87
73
84
88
139
141
195
140
112
49
54
99
75
129
83
116
155
136
115
120
122
103
214
195
197
236
192
207
190
238
253
266
277
276
250
190
241
230
233
239
201
195
211
204
209
195
170
168
201
211
180
220
171
146
118
124
121
78
82
144
171
138
140
208
240
157
118
146
162
171
191
211
205
189
202
209
170
189
205
245
278
221
245
249
208
218
235
192
160
222
233
206
196
203
182
173
217
174
186
205
185
173
161
154
211
202
173
202
144
183
163
124
125
126
176
181
186
209
166
151
163
101
103
164
158
96
92
102
101
125
56
103
182
142
160
146
181
139
109
65
88
166
158
152
158
193
187
246
209
211
202
202
268
216
237
246
291
310
243
235
226
197
219
202
202
268
155
171
198
252
243
169
224
225
217
205
237
232
224
210
207
246
248
249
194
203
180
128
179
173
139
132
81
80
102
110
115
48
137
128
71
108
73
117
168
188
178
200
223
167
210
154
164
127
157
126
134
190
200
254
242
235
245
241
189
213
238
249
222
184
184
222
153
196
246
223
263
202
161
167
140
203
201
193
164
206
221
184
150
125
158
145
158
170
198
233
255
270
237
208
227
168
179
207
206
151
145
191
194
207
189
242
274
261
242
195
225
227
165
231
200
276
231
126
202
184
192
195
231
226
212
203
223
168
143
162
157
197
181
212
246
250
250
210
175
142
215
223
208
248
231
182
180
239
227
236
262
244
296
339
302
321
300
