70
64
-32
-32
-29
6
19
-11
1
-36
-11
28
7
-3
-5
12
64
41
44
69
36
44
55
65
81
66
57
126
72
73
84
48
24
24
26
-46
13
-11
-17
23
-23
-34
-25
-63
-76
-4
53
58
81
80
63
103
119
100
61
5
-6
-3
-9
10
21
17
-9
-25
-2
55
47
20
-4
39
57
44
22
39
63
42
45
23
10
15
18
4
31
11
64
126
56
123
71
29
49
-10
-23
-49
-40
-54
-33
25
91
111
36
11
-14
-11
8
-18
-62
-73
-16
64
132
39
27
29
13
-25
-47
-40
-53
-25
-58
-64
-44
-11
40
-12
-5
59
42
66
35
71
111
113
115
35
61
73
33
64
75
50
52
70
39
33
16
35
63
19
9
74
96
86
56
16
-16
-30
-49
-103
-70
-49
-5
-30
-80
-38
-37
-95
-97
-64
-66
-56
-15
25
54
4
13
18
51
2
-11
37
48
60
91
60
40
3
-1
47
9
25
-23
-59
-44
-64
-118
-83
-54
-43
-82
-90
-54
16
23
76
91
114
104
84
72
48
-8
-69
-44
-52
-57
-43
-34
-1
80
103
49
48
21
40
90
48
48
-18
-2
-57
-101
-97
-123
-64
-64
13
62
101
57
51
124
114
48
37
95
126
91
86
158
119
132
112
98
120
79
9
-84
-121
-87
-10
15
-31
-62
3
23
53
94
110
139
142
174
140
105
69
64
90
141
103
3
-31
-16
30
-23
-35
-99
-59
30
-25
16
20
19
-45
-75
-153
-168
-108
-101
-157
-59
57
63
102
128
58
59
77
48
-29
-37
-76
-91
62
74
122
103
105
106
78
16
-122
-112
-86
-107
-71
-60
-9
14
27
64
32
38
-5
10
25
-57
28
42
25
-6
6
0
-96
-98
-85
-188
-159
-37
-1
45
62
112
101
89
102
36
-61
58
200
51
-62
-46
0
-11
-63
-35
52
-48
-33
78
131
100
97
-49
-141
-87
-17
49
14
-42
45
136
41
-72
-73
38
-80
61
62
-60
-11
164
111
85
179
159
201
155
88
53
51
-97
-139
-21
-2
-78
-138
-146
15
157
155
175
22
-7
96
88
128
158
131
86
81
15
-31
155
123
-81
-56
-104
-210
-76
167
69
-1
14
66
66
-64
-191
-129
-24
-48
-118
-114
-129
8
103
-61
-28
26
53
-27
68
101
84
45
-6
23
22
13
73
97
-80
-131
-15
-123
-157
-98
-11
109
79
-141
54
268
12
-77
76
43
-7
94
-79
-72
46
-87
-208
-12
148
-76
-101
59
-16
-122
-142
-239
-291
-132
-22
-42
52
23
32
23
-127
-220
-196
-171
-104
18
-21
-93
5
88
14
-105
-156
-122
-139
-111
-147
-126
98
33
-55
64
127
85
13
-3
-43
-78
-24
-20
39
168
277
166
-1
36
57
-68
-85
19
78
88
103
-129
-120
-105
-125
27
27
62
-9
-6
140
132
21
-77
23
128
24
-132
-109
51
-94
-179
-174
-48
-77
-196
-123
3
-22
-22
51
-38
-44
-86
46
-137
-185
26
162
102
-45
-55
19
59
86
48
21
-17
-81
31
130
174
13
-44
-73
-111
-190
-87
37
62
133
52
18
-29
-70
-31
-21
-52
-71
-7
-68
69
94
29
67
87
-31
-205
-143
16
147
250
274
82
19
-70
-155
-172
-78
70
54
91
118
85
69
135
33
-71
2
29
55
102
108
8
2
-124
-45
145
23
-157
-198
-133
-55
-1
98
52
78
87
-81
-177
-3
123
170
135
73
-48
-116
-35
-96
-32
102
146
119
-23
-103
-183
-176
-147
-14
22
-2
102
41
-104
-123
-20
-29
-113
-6
163
60
-31
-60
-104
-172
-120
2
7
98
-8
-201
-95
-2
20
-70
-63
-57
82
-61
-68
-157
-319
-322
-256
-43
139
273
26
59
-7
-42
36
98
-49
-167
-78
109
109
86
12
-59
-73
-4
-49
-35
-4
18
-11
-168
-68
54
-16
-129
86
153
-102
-164
19
50
0
-41
119
179
130
116
-64
-94
-75
97
102
69
4
79
135
225
117
-1
2
26
-3
-12
78
129
111
-95
-51
-41
33
-95
-59
-16
-96
61
290
195
8
-11
136
95
-140
-93
18
-23
-73
22
47
-51
-111
29
-5
-285
-277
99
265
75
62
221
25
-276
-127
12
-49
-64
-80
-18
-35
-49
34
18
62
21
-138
5
152
13
-289
-126
110
-7
-202
-140
-145
-161
21
235
132
93
-20
-167
15
86
-68
-152
86
121
29
-82
-73
-22
33
44
-64
-42
36
153
0
-53
45
12
28
223
207
-80
-84
112
-10
4
41
-117
-196
8
252
250
186
74
-179
-175
31
55
-113
-161
-70
-89
1
76
32
-112
-87
60
36
121
50
26
79
66
-60
-103
15
26
54
13
23
-20
-4
2
-169
-190
-148
-79
-92
22
83
-94
-108
5
112
52
9
-103
-155
-166
-44
68
-34
-93
-39
-14
-15
14
70
-23
-151
-159
-104
20
51
-144
-139
80
45
42
0
-162
-48
44
-39
16
151
103
44
17
-108
25
13
25
7
39
10
-44
125
82
47
1
-2
-49
29
92
-8
1
11
-203
-263
-196
-1
161
100
84
-66
31
8
14
267
228
-167
-162
84
-157
-274
-177
-33
27
69
-208
-128
87
33
-93
-115
-124
-39
236
168
-160
-23
166
23
60
173
-50
-80
113
65
89
-46
-117
-66
117
-159
-262
63
166
70
34
123
99
-138
-163
-144
-196
3
67
108
48
107
301
151
-15
-116
111
37
-43
51
138
255
235
45
53
35
-169
64
246
245
-191
-17
68
72
66
210
266
157
227
9
-285
16
153
146
82
77
97
27
53
-8
100
168
38
-123
192
362
36
-229
-140
-15
-18
-60
29
-57
37
60
121
-5
151
156
15
73
-73
-51
131
261
140
51
-235
-123
96
325
-49
74
219
139
-70
-58
-85
-8
202
341
371
183
69
20
85
-30
-174
153
160
200
269
187
-230
-99
273
189
146
205
364
272
192
-258
-346
40
178
257
430
356
-88
-152
19
208
501
15
-380
-109
264
387
590
538
-121
-201
140
105
-149
165
319
310
326
198
15
76
113
168
230
-49
61
278
124
-315
-76
332
304
-82
-59
247
521
570
437
83
-274
-153
99
231
208
145
98
-84
38
-43
-294
-107
479
344
35
75
186
-37
-54
-18
78
174
53
-107
-80
150
84
261
412
426
99
94
113
-185
14
478
450
261
191
269
56
-90
68
113
-268
-253
157
314
-12
62
23
-71
28
240
169
-41
34
138
352
140
-165
-108
148
-144
-91
192
138
-173
-184
318
455
-132
-331
-24
121
136
-148
-433
-217
289
223
-223
-130
78
-190
-84
654
451
-230
-319
88
381
123
-176
320
575
98
-225
55
226
-83
-189
-360
-108
-101
47
300
441
113
-27
19
-86
-84
-98
-53
168
210
143
305
549
238
-398
-483
-255
-60
147
392
472
219
-191
-45
318
524
309
52
-356
-609
-356
400
731
324
-62
277
378
246
211
184
405
647
190
-333
-303
-45
33
339
305
162
-112
74
841
784
50
-506
-39
376
169
227
309
49
-154
502
1296
890
-159
-383
395
310
110
204
92
-38
278
893
742
188
-160
-568
-193
299
288
11
-264
-219
-93
-213
-483
-371
-195
-81
-293
-150
-31
-235
-295
294
473
-155
-650
-404
-608
-704
25
438
-27
-103
-95
-530
-490
139
256
341
721
478
98
433
1036
732
610
426
-62
-170
277
235
372
713
480
-387
-557
-184
379
522
380
303
-175
-341
-200
-217
-413
-45
238
117
301
629
319
-173
-87
80
-221
-342
-422
-228
185
518
604
590
558
177
115
65
45
-37
51
262
172
80
442
526
68
48
142
-123
-205
-78
-242
-441
-250
170
140
-112
-114
277
543
359
352
424
750
867
235
-74
303
494
375
67
-44
27
92
91
256
449
335
257
371
687
775
479
397
640
635
486
573
609
468
335
424
348
195
87
33
65
80
205
132
37
26
201
236
178
32
-11
225
249
130
264
408
308
146
205
217
288
386
370
309
173
299
197
153
194
238
194
183
375
489
328
74
31
173
168
122
129
314
320
97
6
89
218
173
-1
-78
57
1
-89
-110
-33
-52
-61
-48
28
214
326
238
365
478
600
530
357
289
292
335
214
191
245
148
-27
40
158
262
162
100
150
196
232
247
220
286
304
466
576
681
723
605
585
507
521
446
435
431
522
553
524
567
529
454
353
306
341
442
374
399
503
536
453
289
257
255
393
397
310
388
439
411
319
244
256
57
-104
-109
-70
-42
-50
-12
172
290
393
375
452
558
527
452
419
386
330
405
417
414
369
208
14
-116
-140
-127
-183
-168
-103
-1
107
150
267
402
397
233
124
36
-96
-170
-117
-103
25
164
182
338
484
590
555
454
428
323
223
86
70
117
176
219
272
416
501
449
422
538
582
633
763
745
775
747
605
368
287
242
157
243
244
363
365
278
196
171
120
-30
-27
25
118
179
140
75
177
171
26
-86
-177
-214
-270
-385
-416
-341
-145
41
198
376
390
311
138
83
10
93
179
161
221
302
296
309
468
474
437
318
261
239
167
109
171
293
328
322
463
747
928
1101
1143
1148
1087
956
827
741
857
781
644
450
435
450
533
604
603
657
701
638
622
690
684
634
463
395
384
340
216
110
33
-50
-156
-225
-136
-29
-62
-71
-172
-139
-148
-205
-173
-195
-198
-174
-202
-175
-100
-23
-64
-128
-74
-38
56
65
167
217
281
312
307
378
331
128
-8
-96
-123
-125
-113
-64
-78
-60
-106
-197
-178
-109
-58
-110
-246
-251
-99
-16
30
117
318
448
497
508
672
835
754
639
573
479
357
224
152
288
455
501
560
710
862
1017
1039
1009
936
869
800
656
624
728
852
862
725
793
890
888
772
790
805
647
583
568
644
734
745
720
647
504
475
409
364
302
222
104
-24
-40
29
163
310
363
318
277
275
199
133
146
-19
-132
-188
-289
-329
-324
-315
-325
-350
-344
-389
-304
-226
-245
-211
-207
-177
-44
161
297
448
381
369
272
49
-36
-183
-269
-322
-322
-300
-244
-165
-22
28
39
101
-8
-178
-307
-413
-481
-576
-617
-565
-325
-35
260
515
594
615
504
375
206
37
-3
-186
-311
-272
-240
-160
-26
69
74
-112
-260
-469
-830
-1293
-1877
-2423
-3019
-3308
-3269
-3000
-2532
-1844
-1096
-158
882
2018
3508
5957
8941
10721
10562
9183
8136
6637
4112
1542
133
-944
-3122
-5315
-5739
-4655
-3746
-3174
-2397
-1372
-1245
-2021
-2613
-2022
-965
-600
-261
845
3478
6343
7707
7832
7648
7334
5323
2156
129
-569
-1565
-3300
-4069
-3114
-1581
-566
285
1455
2361
1955
317
-1061
-1352
-1634
-2700
-3387
-2974
-1802
-954
-320
900
2222
2611
1742
670
323
315
-110
-480
-162
399
405
-275
-614
-531
-1026
-2385
-3897
-4767
-5349
-6247
-6963
-6700
-5666
-4907
-4741
-4176
-3050
-2437
-3179
-4819
-5827
-5126
-2814
3993
13876
22260
24623
22954
22490
21301
15999
8379
3549
-128
-7152
-16331
-19914
-16736
-12269
-9814
-7035
-2365
399
-1035
-3398
-2566
-1116
-2563
-5919
-7522
-6194
-3934
-1189
3638
10106
15449
17098
15884
14459
12994
10232
5523
760
-2906
-6208
-9470
-11018
-9768
-6510
-3639
-2693
-2498
-1924
-1698
-2966
-4409
-4608
-4128
-4634
-5294
-3908
-304
3919
7467
11112
17210
21534
20390
15130
10409
6564
-68
-7148
-10777
-11019
-11533
-11867
-10695
-7050
-2983
-330
523
991
2102
1825
-301
-1512
-239
842
766
637
2054
4216
5352
4809
3540
2453
640
-2836
-5811
-5802
-4322
-3458
-2953
-1535
84
467
-893
-2937
-4665
-6052
-8017
-10846
-11882
-11003
-9942
-9678
-8248
-5993
-4406
-3934
-318
12225
26128
32767
29100
24775
24546
20234
8349
-1069
-1354
-2379
-12502
-23702
-22753
-15060
-10763
-10441
-6122
930
1817
-4208
-7721
-4034
-601
-2215
-5239
-3989
99
2843
5027
10529
17659
21692
19314
13818
9774
6499
2122
-3537
-7427
-9069
-10576
-12941
-13532
-10462
-4910
-1351
-1331
-1826
-1152
-1196
-3456
-4699
-2654
356
999
888
3030
7274
10926
12386
12517
12260
10275
5813
1052
-183
1799
1675
-1791
-4852
-5528
-6298
-8001
-8362
-6294
-4445
-4973
-6317
-5415
-1560
2535
5149
6895
8624
8942
6870
4293
3478
3449
1790
-1456
-4271
-5218
-4726
-4221
-3547
-1971
-934
-1917
-3891
-4591
-3632
-2579
-2629
-3205
-3515
-3567
-3993
-4599
-4371
-3030
-2439
-3977
-5685
-6151
-5983
-7075
-7587
-6230
1445
16384
29264
32561
27849
25657
24203
14787
29
-7447
-7969
-13090
-24874
-30119
-22254
-12208
-7748
-4771
3192
9505
6555
-1353
-3412
-75
-98
-4168
-5644
-1419
3716
6503
10028
16893
22672
22033
14777
6820
898
-5005
-11580
-16263
-16847
-15140
-13744
-12174
-8248
-1682
4636
6629
5111
3556
2680
-189
-3833
-3830
-159
3272
4256
5697
9255
12525
13203
11265
8256
4451
-1252
-8090
-12768
-12716
-9738
-5885
-2098
1711
5020
6311
5506
3470
1954
134
-2909
-5923
-6178
-3653
-589
2244
5251
7902
8280
6383
3531
1209
-861
-3295
-5867
-6976
-6165
-4633
-2892
-760
1469
2113
837
-1247
-3344
-4725
-5342
-5495
-4968
-3435
-1346
86
872
1602
1545
-67
-3068
-5978
-8654
-11074
-13099
-13796
-11283
-5596
7364
22948
32208
30393
24620
22000
16410
3336
-8927
-11666
-11842
-18380
-26368
-22876
-11106
-2374
312
4187
10029
9485
1140
-6178
-5602
-3147
-4321
-5854
-2761
3731
8695
11796
16380
20925
20763
13754
3565
-4466
-10304
-14779
-17430
-16774
-13270
-9264
-5889
-2429
1981
6805
8859
6509
2217
-824
-2682
-4838
-4927
-1000
4709
8190
9179
10378
11905
11538
8152
2991
-2113
-7264
-12486
-15799
-15079
-10304
-4059
2075
6887
10068
10814
9454
6939
3743
628
-2608
-5300
-6630
-5367
-2482
703
3221
4855
5062
3369
686
-1580
-2698
-3197
-3493
-3323
-2030
-353
1192
2406
3017
2322
-51
-3041
-5549
-6912
-6890
-5461
-3342
-1129
1014
2395
2853
2596
1814
-183
-3300
-6429
-8831
-10926
-12180
-12200
-9852
-5514
718
12885
26268
32696
28018
20075
15784
9333
-3272
-13655
-14394
-12547
-16797
-21880
-16661
-5214
1846
2546
4343
7642
5394
-3095
-9093
-6787
-2698
-1807
-1186
3414
10042
13788
14667
16180
17146
13625
4591
-5577
-12022
-15323
-16742
-16120
-12603
-7445
-3097
-329
1861
4311
6356
5977
2740
-1143
-2865
-2755
-2228
118
5050
10320
12252
10856
9211
7634
4350
-1040
-6496
-10198
-12777
-14521
-13910
-9953
-3815
1963
6495
10562
12836
12320
9298
5980
2935
-544
-3730
-5567
-5273
-3888
-2175
-616
614
1155
670
-677
-1779
-2035
-1399
-608
154
1258
2407
3112
2620
1679
580
-1161
-3769
-6123
-6773
-6214
-4920
-2894
-192
2082
3242
3443
2944
1707
-170
-2591
-5220
-7530
-9218
-10052
-10174
-9545
-7382
-3335
1236
10503
23478
32129
29912
20215
13843
9067
-1232
-12916
-15824
-12322
-13240
-19206
-17988
-7635
1033
2339
2116
4971
5000
-1673
-8717
-7599
-1675
1562
2416
5544
11322
14979
14717
13971
13892
10785
2600
-7680
-14253
-16501
-16734
-15168
-11245
-5774
-1440
960
2367
3709
4997
5016
2922
-170
-1690
-711
1077
3384
7254
11477
12805
10053
5989
2789
-618
-5292
-9928
-12514
-13085
-12871
-11107
-6907
-868
4654
8778
12250
13353
11163
7397
4954
2822
-321
-3147
-4076
-4043
-4363
-4005
-2567
-1144
-825
-1334
-1926
-1663
-842
257
1596
3089
3854
3333
2238
908
-553
-2109
-3664
-5343
-6299
-5795
-4376
-2591
-286
2290
3576
3140
2170
1351
-171
-2360
-4519
-6154
-7333
-8423
-9163
-8787
-7492
-5609
-2655
1200
10796
24036
31911
28960
19519
13559
8267
-2702
-13767
-15681
-12410
-14149
-19995
-17964
-7542
473
1708
2360
5664
5235
-1451
-7497
-5536
391
3299
4274
7388
12362
14838
13634
12265
11332
7486
-939
-10761
-16473
-17658
-16702
-14231
-9619
-3758
575
2582
3433
4511
5619
5197
2912
268
-578
753
2685
5020
8360
11342
11177
7228
2438
-1201
-4641
-8655
-12008
-13032
-12149
-10527
-7631
-3036
2978
7995
11535
13827
13071
9746
5734
3240
917
-1913
-3826
-4388
-4673
-5019
-4424
-3119
-1844
-1228
-1420
-1513
-594
794
2126
3283
4418
4335
2672
655
-1165
-2671
-4053
-5058
-5569
-5212
-3914
-2135
-109
2010
3530
3535
2302
675
-1012
-2606
-4098
-5634
-6473
-6741
-7073
-7394
-7208
-6079
-4983
-3081
211
9786
23724
31987
29065
19404
13620
8737
-2539
-14135
-16057
-12731
-15022
-21548
-19232
-8007
356
1868
3088
6934
6365
-631
-6500
-4216
1590
4085
4827
7715
12141
14038
12716
11266
9954
5610
-2987
-12644
-18063
-18598
-16641
-13309
-8339
-2298
2062
3832
4426
5384
6344
5718
3240
577
-232
1270
3285
5501
8452
10731
9629
4793
-445
-3964
-7005
-10324
-12643
-12633
-10912
-8605
-5175
-198
5547
10911
15083
15425
11905
7491
3971
588
-2805
-4282
-4134
-4680
-5606
-5163
-3701
-2230
-1126
-457
-491
-403
323
1364
2460
3902
4643
3306
743
-1420
-2798
-3967
-4948
-5145
-4490
-3564
-2508
-844
1440
3535
4108
3244
1554
-910
-3374
-5332
-6382
-6725
-6507
-6402
-6591
-6661
-5830
-5520
-4942
-2848
3501
17470
29801
32172
24152
15947
12197
3725
-9850
-16606
-13999
-13418
-20261
-23201
-13764
-2342
1695
2182
6009
8382
3253
-4375
-5378
310
4029
4453
6136
10221
13449
12914
10985
9906
6827
-393
-10171
-17441
-18970
-17274
-14112
-9636
-3721
1608
4139
4798
5325
6322
6208
4151
1385
-24
927
2903
4831
7332
9692
9522
5366
-398
-4403
-7226
-10076
-12297
-12440
-10571
-8135
-4870
-389
4828
10066
14885
16215
13041
8438
4426
555
-3519
-5446
-5080
-5187
-6070
-5529
-3922
-2370
-909
211
592
581
940
1601
2236
3242
4108
3092
549
-1886
-3378
-4255
-4958
-4916
-3906
-2651
-1812
-785
1174
3307
4031
3129
1259
-1242
-3860
-5852
-6741
-6851
-6339
-5940
-5814
-6118
-5862
-5628
-4528
-2328
5344
20224
31261
30819
20845
13712
10310
751
-12363
-16867
-13315
-13891
-21163
-21811
-10604
34
2560
2767
6571
7679
1670
-5046
-4054
2222
5297
5377
6957
10745
13128
11797
9601
7874
3821
-3972
-13133
-18470
-18208
-15227
-11345
-6626
-1118
3003
4638
4861
5118
5814
5296
3152
779
151
1944
4257
6072
7968
9053
7388
2161
-3487
-6800
-8846
-10787
-11968
-10916
-8185
-5232
-1900
2259
6903
11914
15278
14440
10454
6219
2515
-1784
-5181
-5665
-4847
-5339
-5956
-4817
-3025
-1616
-424
657
1246
1475
1826
2218
2560
3239
3258
1558
-1148
-3349
-4324
-4806
-4937
-4182
-2695
-1452
-825
250
2072
3408
3341
1832
-474
-2762
-4717
-5999
-6614
-6756
-6462
-6260
-6541
-6240
-6036
-4515
-1683
6652
21559
31668
30097
19814
12480
8380
-1513
-13629
-16852
-13040
-13772
-20336
-19891
-8873
1079
3294
3278
6221
6376
366
-5542
-3749
2989
6468
6805
8242
11304
12826
10926
8417
6236
1607
-6414
-15011
-19148
-17807
-13897
-9195
-4232
879
4169
4849
4538
4611
5176
4574
2562
770
669
2662
5215
7142
8547
8524
5775
65
-5633
-8845
-10259
-11076
-11368
-9805
-6671
-3334
35
3747
7362
11123
14164
13620
9824
5621
2508
-680
-4070
-5384
-5124
-5659
-6583
-6091
-4503
-2617
-675
884
1902
2567
3262
3628
3408
3200
2629
763
-1902
-4114
-5007
-4939
-4602
-3729
-2189
-754
2
708
1944
2835
2217
302
-1483
-3126
-4702
-5580
-5549
-5178
-5433
-6256
-6641
-6697
-6373
-4318
-175
11397
25935
32519
27388
16873
11203
5350
-6757
-16593
-16458
-13125
-16233
-21193
-16095
-4095
3246
3784
4531
6830
4502
-2479
-6305
-1904
4608
6981
7653
9998
12936
12850
9740
7049
4041
-1962
-10729
-18107
-19730
-16696
-11979
-6832
-1356
3460
5518
5270
4443
4392
4508
3326
1543
547
1578
4133
6350
7968
8765
7493
3137
-3314
-8275
-10650
-11560
-11699
-10663
-7790
-4273
-986
2410
5830
8626
10574
12177
12203
9372
5567
2372
-249
-3087
-5326
-6259
-6978
-7481
-7097
-5678
-3546
-913
1469
2904
3986
5043
5257
4303
3056
1832
-174
-2807
-4679
-5229
-4838
-4196
-3290
-1900
-455
336
625
1227
1842
1218
-455
-1745
-2626
-3662
-4935
-5758
-6005
-6423
-7325
-7635
-7347
-5211
-1884
5570
19664
30931
31037
20787
11676
7213
-1789
-14097
-18374
-14093
-12619
-17891
-18453
-8470
1895
4491
3548
5162
5309
-91
-6186
-5097
2160
7262
8455
9738
12330
13548
10914
7021
3938
-622
-7963
-15968
-19650
-17559
-12719
-7417
-2308
2520
5367
5436
4348
3545
3616
3256
2003
926
1431
3896
6583
8098
8618
7676
4287
-1813
-7878
-10916
-11600
-11361
-10525
-8142
-4529
-969
2186
4985
7380
8608
9446
10777
10200
7581
4300
1797
-571
-3711
-5783
-6737
-7275
-7503
-7024
-5607
-3158
22
2514
4009
5417
6303
5691
3729
2033
525
-1645
-3804
-5154
-5196
-4279
-3116
-1987
-782
311
615
343
491
654
-65
-1379
-2303
-2840
-3656
-4562
-5433
-6091
-6897
-7196
-7315
-6006
-2841
3193
15976
28670
32171
24201
13439
8039
835
-11434
-18612
-15908
-12378
-16055
-18813
-11075
318
4875
3702
4207
5192
1184
-5434
-6413
375
6965
9078
10007
12275
14149
12253
7850
4091
-191
-6971
-15150
-20006
-18640
-13573
-7887
-2708
2075
5259
5581
4448
3336
3143
3021
2130
1252
1399
3621
6924
8998
9368
8112
4852
-990
-7680
-11649
-12476
-11765
-10698
-8572
-4953
-1102
2295
5102
7258
8331
7703
7611
8876
8956
7166
4433
2298
-401
-4234
-7316
-8639
-8691
-8523
-7699
-5615
-2146
1595
4238
6204
7705
7713
5747
2839
616
-1239
-3167
-4496
-5022
-4632
-3554
-2381
-1297
-116
749
536
-208
-360
-366
-925
-1486
-1398
-1791
-3328
-4613
-5468
-6163
-7144
-7430
-6816
-5283
-2572
3789
16975
29442
31790
22832
12405
7145
-592
-12919
-19279
-15439
-11580
-15503
-18052
-9864
1402
5193
3274
3642
4908
869
-5880
-6267
1400
8271
9844
10285
12677
14293
11477
6398
2757
-1150
-7864
-15895
-19893
-17603
-12227
-6728
-1791
2798
5470
5200
3660
2640
2818
2989
2336
1786
2299
4648
7615
9225
9171
7421
3693
-2429
-9001
-12551
-12718
-11426
-9992
-7563
-3768
-75
2787
5074
7207
8024
7609
8622
9864
8975
6210
3442
1273
-2089
-5841
-7942
-8501
-8473
-7999
-6589
-4118
-523
2908
5050
6425
7215
6725
4373
1653
-113
-1783
-3494
-4771
-5050
-4225
-3011
-1967
-1052
33
602
219
-267
-99
39
-461
-1131
-1801
-2874
-4124
-5260
-6335
-7253
-7546
-7459
-6676
-4063
1012
12614
26351
32414
26744
15215
8225
2140
-9107
-18180
-17193
-11932
-13210
-17621
-13073
-1503
5143
3875
2586
4011
2020
-4420
-7421
-1416
6965
10299
10544
11945
14054
12738
7758
3246
-441
-5955
-13633
-19241
-18531
-13344
-7446
-2495
1791
4964
5376
3792
2161
1880
2412
2277
1831
2056
4034
7247
9355
9543
7958
4729
-614
-7395
-12040
-12964
-11586
-9941
-8011
-4630
-801
2243
4421
6188
7821
9430
10022
8539
6094
4572
3500
1051
-2013
-3931
-5256
-7341
-8739
-7970
-5818
-3404
-939
1601
3706
5226
6094
5798
4501
2822
753
-1684
-3840
-4702
-4289
-3589
-3002
-2236
-1093
-346
-319
-167
502
756
-50
-1152
-1643
-1828
-2621
-3803
-5161
-6151
-7253
-7968
-8326
-6753
-3136
4157
18060
30094
31643
22136
11862
6740
-1365
-13441
-18917
-14884
-11567
-15602
-17107
-8101
2790
5598
3002
2989
3478
-929
-6989
-6223
2044
8729
10252
10749
12818
14136
11117
6008
2013
-2421
-9152
-16628
-19594
-16375
-10520
-4880
-287
3558
5399
4625
3011
1860
1726
1837
1471
1254
2220
5211
8569
9934
9231
6841
2793
-3388
-9640
-12475
-12029
-10374
-8943
-6666
-3043
430
3036
4934
6464
7906
9686
9874
7469
4899
3890
2911
41
-3024
-4424
-5825
-7926
-8639
-7058
-4492
-1872
571
2585
4220
5429
5746
4739
3308
1915
-232
-2797
-4420
-4374
-3468
-2854
-2513
-1885
-1019
-744
-858
-311
676
631
-728
-1744
-2027
-2568
-3465
-4772
-6048
-7127
-7715
-8318
-7413
-4109
5258
20659
31140
30155
19882
11058
6008
-3660
-15211
-18113
-12995
-11366
-16509
-16321
-5761
4160
5082
2478
3230
3005
-2635
-8182
-5196
3960
9634
10397
11133
13260
13567
9617
4772
1208
-3429
-10524
-17455
-19042
-14949
-8909
-3599
571
3974
5158
3926
2128
1324
1924
2166
1647
1499
2710
5836
8641
9493
8554
5902
1391
-5125
-10637
-12296
-11058
-9255
-7741
-5249
-1927
775
2724
4436
6139
8143
9684
9250
6788
4490
3237
1468
-1116
-2946
-3758
-5408
-7507
-7895
-6375
-4061
-1641
805
2939
4365
5029
4799
3850
2774
1427
-699
-2987
-4331
-4260
-3388
-2637
-1979
-1218
-670
-791
-973
-444
233
3
-1042
-1820
-2480
-3737
-5313
-6412
-6974
-7182
-7914
-7224
-3933
6663
22859
32141
28909
17798
10083
4708
-6299
-16823
-17011
-10751
-10671
-16545
-14928
-3772
4706
3915
1383
2730
1804
-4698
-9494
-4512
5661
10934
11455
12397
14562
13860
8595
3419
-31
-4789
-12160
-18548
-18746
-13639
-7382
-2312
1518
4305
4596
2865
917
319
1350
2146
2275
2422
4082
7420
9708
9745
7940
4691
-370
-7118
-12066
-12844
-10797
-8423
-6571
-3913
-796
1599
2963
4097
5726
7768
8976
7726
5437
4268
3849
2298
-281
-1978
-3256
-5674
-7939
-8070
-6314
-4033
-1733
498
2471
3957
4817
4732
3759
2632
1127
-1069
-3018
-3788
-3341
-2613
-2234
-1915
-1429
-1054
-1075
-914
-323
90
-498
-1632
-2598
-3271
-4318
-5469
-6655
-7028
-7299
-7500
-6041
-469
13866
28242
31727
23446
12582
7329
136
-11845
-18093
-13837
-8696
-12268
-16310
-9745
1538
5500
2085
856
1920
-1532
-8110
-8692
232
9002
11415
11576
13165
14719
11810
6236
2217
-1592
-7650
-15253
-18998
-16282
-10371
-4611
-498
2623
4053
2985
1128
-109
480
1809
2358
2609
3441
6114
9205
10255
9145
6289
2075
-3884
-10038
-12822
-11802
-9145
-7119
-5253
-2461
237
2135
3097
4767
6798
7573
7136
5663
5017
4919
4147
2342
-297
-2690
-5349
-7795
-8468
-6996
-4544
-2392
-323
1506
2996
3926
4308
4133
3025
1416
-594
-2419
-3143
-2852
-2297
-2069
-1959
-1790
-1662
-1467
-991
-294
99
-237
-1046
-1978
-2644
-3505
-4709
-6049
-7182
-7825
-8652
-7748
-3566
8769
24864
32167
26860
15362
8425
2698
-8513
-17286
-15587
-9352
-10364
-15502
-11984
-818
5864
3701
937
1444
-807
-7151
-10135
-3440
6593
11022
11460
12307
14097
12736
7494
2997
-311
-5118
-12168
-17278
-16156
-10930
-5286
-1162
1629
3103
2238
325
-1182
-928
746
2001
2698
3449
5717
9017
10631
9877
7230
3339
-2125
-8321
-11869
-11561
-9076
-6906
-5371
-3169
-800
953
1878
3108
5239
6286
6394
5975
5844
5889
4664
2735
463
-1697
-4132
-6483
-7324
-6397
-4580
-3001
-1195
978
2600
3425
3465
3158
2282
914
-495
-1850
-2335
-1991
-1589
-1618
-1695
-1537
-1586
-1519
-1134
-494
-34
9
-295
-917
-1549
-2275
-3618
-5110
-6785
-7852
-8639
-9161
-7489
-2325
11584
26988
32149
25040
13847
8276
1616
-10326
-17546
-14022
-8350
-11167
-15432
-9696
1399
5748
2175
304
997
-2077
-8229
-9282
-948
8070
11103
11356
12424
13860
11421
6014
1953
-1322
-6105
-12606
-16201
-13778
-8316
-3244
-240
1617
2315
1056
-821
-2142
-1427
669
2083
2783
3750
6683
9860
10577
9080
6223
2425
-3080
-8688
-10997
-9764
-7240
-5691
-4588
-2724
-889
293
853
1869
3822
6156
7532
7259
6665
6031
4444
1505
-1447
-3315
-4975
-6515
-6781
-5263
-3090
-1130
582
1871
2737
3085
2841
1991
987
191
-812
-1875
-2280
-1902
-1245
-1147
-1428
-1694
-1772
-1699
-1462
-661
435
1135
797
-140
-1102
-2190
-3713
-5622
-7158
-7869
-7994
-8350
-7218
-3786
6966
22505
30932
27377
16025
8413
3217
-6983
-15849
-14924
-8156
-7811
-13097
-11541
-1983
4451
2378
-599
-8
-1197
-6239
-9103
-3180
6472
11283
11823
11827
12633
11121
6110
1703
-1168
-4502
-9650
-13977
-13165
-8485
-3342
-275
1016
1496
441
-1334
-2845
-2393
133
2328
3507
4195
6168
8914
9707
8428
5837
2527
-2049
-7196
-9766
-8900
-6360
-4467
-3560
-2460
-1406
-668
-430
449
2166
5034
8167
8590
7401
5699
4084
1498
-2018
-4018
-4990
-5800
-6191
-4940
-2608
-354
1561
2414
2718
2600
2207
1429
374
35
-346
-1272
-2076
-2361
-1853
-1400
-1396
-1592
-1670
-1451
-1364
-921
218
1291
1416
770
90
-1143
-3078
-5414
-7224
-8277
-8475
-8802
-8266
-5810
2234
17752
29810
30356
20386
10416
5006
-3851
-14267
-16399
-9621
-5683
-10151
-12119
-4855
3199
3066
-960
-1423
-1275
-5113
-9240
-5952
3879
10835
12491
12320
12651
11880
7302
2318
-691
-3402
-7522
-12216
-13006
-9328
-4288
-701
630
1041
209
-1635
-3435
-3650
-1222
1786
3786
4813
6205
8727
9863
8643
6099
2991
-820
-5729
-9089
-8930
-6464
-4088
-3098
-2359
-1612
-1257
-1285
-1027
406
3348
7017
8534
7767
6551
5386
3247
-349
-3058
-4424
-5612
-6427
-5782
-3561
-1080
963
2031
2362
2347
2100
1471
472
139
131
-459
-1289
-1726
-1433
-1116
-1403
-1858
-2143
-2058
-2031
-1711
-405
1189
1937
1369
313
-642
-1856
-3835
-6326
-7969
-8217
-7699
-8002
-7247
-4132
5831
21205
30378
27776
16657
8126
2679
-6959
-15586
-14589
-7015
-5220
-10309
-10342
-2427
3463
1213
-2512
-2154
-2348
-6287
-8977
-3352
6898
12451
12952
12134
12168
10368
4963
322
-1983
-4018
-8030
-11969
-11247
-6974
-2528
-357
139
144
-1187
-3139
-4523
-3522
-155
2987
4890
5848
7416
9310
9208
7228
4421
1470
-2237
-6560
-8622
-7591
-4972
-3087
-2537
-2198
-1900
-1879
-1932
-1495
504
4845
8338
8507
7191
6494
5554
2276
-1697
-3750
-4846
-6190
-6790
-5368
-2728
-170
1424
1954
2138
2179
1976
1082
408
618
560
-252
-1224
-1501
-1185
-1366
-2126
-2711
-2681
-2479
-2271
-1249
670
1985
1823
744
-70
-913
-2385
-4782
-6956
-7943
-7791
-8054
-8022
-6315
229
15047
28216
30348
20836
9925
4784
-2859
-13262
-16350
-9260
-3415
-7374
-11122
-5568
2608
2807
-2337
-3608
-2517
-4945
-8990
-6493
3791
11852
13598
12391
11763
10991
6422
1044
-1690
-3055
-5767
-10050
-11133
-7757
-3268
-507
-86
-269
-1416
-3257
-4683
-4433
-1409
2259
4880
5991
6846
8542
8965
7305
4609
1914
-900
-4690
-7369
-7071
-4715
-2482
-1955
-2166
-2471
-2739
-2959
-2777
-1058
2169
6398
8931
8855
7843
6279
3932
237
-2905
-4551
-5495
-5819
-5294
-3559
-1484
440
1442
1413
1287
1144
911
450
500
1103
1126
623
-191
-832
-1315
-2152
-2973
-3439
-3185
-2507
-1567
-66
1462
2148
1409
274
-842
-2291
-4270
-6360
-7509
-7485
-7270
-7345
-6979
-3432
9460
25107
31230
24177
12031
5861
-54
-10595
-16559
-11185
-2757
-4146
-10107
-8058
299
3142
-1705
-4691
-3334
-3940
-7968
-8099
772
10762
14307
13125
11483
10837
7309
1671
-1577
-2451
-3703
-7379
-9884
-7991
-3963
-1040
-721
-1420
-2352
-3728
-4932
-4974
-2154
2131
5342
6520
6618
7727
8348
6986
4433
1979
21
-2905
-5702
-6103
-4187
-1887
-1414
-2355
-3305
-3761
-3963
-3853
-2058
1360
5457
8219
8639
8221
7035
4866
1513
-1901
-3888
-5078
-5495
-5000
-3358
-1341
60
729
561
352
146
165
271
580
1342
1576
1272
691
-124
-962
-2110
-3148
-3756
-3651
-2684
-1529
17
1426
2056
1320
-33
-900
-1754
-3426
-5660
-7198
-7474
-7560
-7694
-6834
-3509
8515
23919
30691
24237
11546
5075
255
-9225
-15508
-11074
-2130
-2553
-8837
-8021
-277
2935
-2328
-6241
-4909
-4337
-7324
-7646
887
11025
14581
12874
10482
9847
6879
1488
-1724
-2247
-2557
-5489
-8041
-6557
-3115
-857
-1551
-3040
-4110
-5079
-5529
-5032
-1828
2702
5937
6939
6657
7423
7875
6315
3709
1412
41
-2001
-4070
-4228
-2613
-926
-1296
-3013
-4527
-5098
-4992
-4492
-2853
965
6447
9416
8946
7622
6559
4635
571
-2814
-3737
-3741
-3925
-3707
-2320
-651
258
-58
-792
-948
-614
-219
49
982
2208
2329
1533
522
-330
-1237
-2592
-3646
-3794
-3018
-1961
-1014
349
1706
2049
997
-449
-1469
-2333
-3935
-5743
-6846
-6994
-6798
-6903
-6366
-3804
7288
22842
30232
24091
10994
4315
358
-8310
-14490
-10152
-663
-788
-7976
-8480
-1307
2144
-3051
-7223
-5690
-4294
-6518
-6839
1254
11368
14738
12326
9108
8232
5827
1094
-1509
-1357
-893
-3390
-6191
-5359
-2598
-973
-2274
-4443
-5663
-6145
-5906
-4878
-1416
3352
6464
6800
5776
6230
6810
5468
3222
1589
982
-392
-2203
-2475
-1294
-323
-1512
-4020
-5939
-6407
-5814
-4843
-2655
705
5414
9087
9595
8336
6185
3706
143
-2989
-3598
-2745
-1746
-1388
-907
-504
-792
-1538
-2212
-1992
-1433
-601
327
1423
2683
2893
2230
1019
-539
-1952
-3134
-3643
-3374
-2392
-1129
-317
316
1137
1527
941
-366
-1434
-2250
-3137
-4650
-5729
-6102
-5691
-5871
-6503
-6550
-2341
11361
25276
28659
19557
8163
3812
-1677
-10261
-12934
-5659
1414
-2763
-9152
-6899
-133
75
-5649
-7297
-4830
-4571
-6953
-4624
5042
12800
13557
10196
7627
6828
3646
112
-725
229
105
-2989
-4980
-3799
-1774
-1594
-3888
-5909
-6694
-6502
-5690
-3806
456
4729
6554
5733
4744
5521
5559
4152
2549
2079
2013
562
-805
-760
83
-317
-2716
-5465
-6881
-6705
-5761
-4192
-1120
3210
7007
8217
7328
6108
4561
2077
-955
-2425
-1961
-1208
-827
-674
-185
-189
-1190
-2392
-2740
-1927
-1003
-139
912
2054
2570
1939
957
-65
-1169
-2347
-3241
-3195
-2452
-1432
-485
120
753
1079
830
-293
-1399
-1358
-1360
-2676
-4654
-5884
-6035
-6058
-6860
-7225
-6377
2738
18645
28586
25313
12769
5080
1811
-5804
-12517
-9664
264
2163
-5234
-8295
-2969
1029
-3632
-8630
-7521
-4986
-5712
-6284
488
10108
13787
11394
7209
5657
4195
1123
-275
404
1827
756
-1935
-2736
-1821
-1055
-2990
-6319
-8230
-7859
-6096
-4521
-1441
2994
6050
5818
3570
3405
4390
3993
2567
1968
3022
3060
1763
1048
1157
868
-1542
-4853
-7051
-7388
-6352
-4768
-2321
214
4270
7875
8166
6150
3218
1441
-534
-2267
-1805
138
1953
1507
194
-822
-1597
-2467
-3286
-2627
-1318
181
1032
1531
2398
2321
1251
-648
-2331
-2995
-3118
-2671
-1802
-530
341
211
-146
-141
83
-151
-895
-1298
-1388
-1621
-3016
-4365
-5016
-5031
-5743
-7014
-8296
-6242
6587
22552
29109
21411
8615
3309
-774
-8376
-11905
-5226
3830
1345
-6438
-6907
-1046
-148
-6263
-9335
-7464
-5761
-6359
-3735
4969
12032
12740
8764
4580
2996
1484
687
1230
2148
2777
1427
-274
-1376
-1505
-1659
-4186
-7921
-9920
-7949
-4438
-2093
547
3744
5570
3721
923
1283
3061
3566
2431
2486
4143
4377
3137
1992
1745
578
-2769
-6238
-7462
-6257
-4393
-2835
-424
2911
4971
4539
2910
1820
1273
595
-77
199
1247
2115
2056
988
-251
-1385
-2339
-2843
-2601
-1378
120
1071
1339
1186
833
221
-604
-1638
-2213
-2163
-1845
-1571
-1217
-437
44
-234
-638
-591
-354
-798
-1444
-1184
-745
-1233
-2982
-4402
-5030
-4994
-5828
-6596
-8035
-5057
9016
23979
28214
18003
5595
1620
-2373
-8836
-10343
-2072
5727
1602
-5736
-5789
-896
-2010
-8095
-10145
-8078
-5856
-5068
-463
7485
11458
10307
5829
1967
190
-278
1822
3756
4150
3654
2842
1934
-540
-2687
-3727
-5304
-8446
-10174
-6762
-1648
1265
1695
2095
2796
965
-1395
-1191
1651
4100
3863
3687
4878
5831
4692
2087
220
-1262
-3374
-5839
-6229
-3978
-1455
340
730
1441
2090
1161
-145
-977
-118
1027
1378
1891
2681
3215
2108
67
-1562
-2088
-1904
-1640
-534
465
1104
1020
188
-535
-1059
-1061
-1138
-1539
-1729
-1456
-951
-772
-754
-757
-816
-973
-1128
-952
-739
-487
-392
-756
-1374
-1831
-2478
-3044
-3973
-4689
-6054
-6818
-8710
-5738
8766
24032
28040
16677
3592
-395
-3144
-7611
-8091
-27
6955
2511
-4897
-5552
-1212
-2551
-8311
-10715
-9039
-6122
-3957
1875
8871
10479
7212
2131
-664
-1484
-873
3000
6590
6993
4541
2693
2505
635
-2800
-5745
-6703
-7527
-7888
-5123
-422
3294
2829
-94
-2247
-3032
-2271
-1147
928
3805
5601
5791
4854
4467
4246
2789
-92
-2787
-3480
-2970
-2079
-1491
-419
774
797
-15
-1210
-1476
-1215
-1097
-582
543
2074
2894
2717
1900
771
-370
-1466
-1631
-762
711
1672
1448
837
72
-737
-1553
-1839
-1348
-971
-1151
-1362
-995
-555
-592
-1046
-1498
-1572
-1479
-1227
-925
-616
-427
-606
-934
-1331
-1886
-2618
-3277
-3768
-4198
-5257
-5726
-7543
-2396
12166
24361
24141
11076
554
-1893
-3957
-6552
-4395
3800
7057
1008
-5168
-4886
-2226
-5360
-9587
-10107
-7267
-3991
-1181
4890
9350
7888
2554
-2171
-2419
-992
1253
5003
8112
8460
5227
1994
356
-802
-3122
-6157
-7375
-6442
-3320
-389
1022
1517
266
-2279
-5330
-5905
-2623
1328
3742
4307
4838
5412
4817
3103
1373
683
-194
-1084
-1301
-292
1268
1166
-123
-2115
-2167
-808
-476
-728
-1061
-653
-315
-14
822
1712
1958
732
-569
-1134
-728
342
1215
1956
1691
892
2
-593
-579
-597
-679
-990
-1279
-1518
-1419
-1009
-796
-885
-1523
-2198
-2235
-1669
-854
-486
-575
-944
-1115
-1121
-1220
-1796
-2231
-2988
-3744
-4589
-5089
-5523
-6617
1405
16068
24845
19514
5431
-1851
-2568
-4083
-5126
-598
7061
6662
-651
-5568
-4268
-3392
-7507
-10291
-9421
-5452
-1827
1577
6237
7472
4312
-1193
-4829
-3664
179
4945
7956
8561
7418
5070
2199
-1174
-2930
-3617
-4221
-5107
-4478
-743
2285
1996
-1105
-4253
-5707
-6284
-4933
-1381
2640
4976
4746
3753
2969
2538
1623
566
342
597
1534
2111
2541
2223
730
-1397
-3560
-3109
-1026
596
692
-276
-797
-1050
-987
-677
14
517
135
-301
-362
579
1737
2069
1518
390
-115
-166
45
248
396
351
-415
-1436
-1994
-1455
-733
-726
-1353
-2092
-2279
-1993
-1572
-1107
-996
-1169
-1487
-1594
-1386
-968
-1262
-2157
-3046
-3731
-3783
-4038
-4226
-5835
-257
13082
22780
19883
6750
-1948
-2956
-3421
-3916
-179
6863
7352
602
-4731
-4939
-4547
-7568
-9220
-8298
-5768
-2334
1795
6154
5763
1452
-2506
-4369
-3650
-901
4723
9764
10082
6593
3367
2190
91
-2507
-3736
-2862
-1908
-1872
-398
1555
1446
-1768
-5849
-7600
-6914
-4205
-344
2883
4176
3403
2110
1037
474
288
658
1779
2623
3361
3688
3543
2520
62
-2181
-3597
-2282
396
2192
2310
554
-1378
-2956
-3181
-2258
-930
138
238
212
240
571
948
941
619
-3
60
800
1531
1848
1451
542
-722
-1724
-1953
-1212
-180
-67
-812
-2006
-2631
-2570
-2177
-1597
-1326
-1276
-1376
-1528
-1345
-1337
-1553
-2258
-2760
-3222
-3044
-3267
-3283
-4768
-4843
4884
17834
22719
13920
1066
-3564
-2975
-2594
-945
4848
8837
4586
-2543
-5303
-4404
-6096
-8717
-8300
-6465
-4080
-850
4135
6552
2106
-3757
-5978
-4248
-1618
2080
8001
11414
9006
3373
808
955
65
-1849
-2359
-520
563
696
1330
1199
-1036
-5340
-8236
-7827
-4940
-964
2183
3392
2082
-39
-1310
-1243
-395
516
1907
3438
4403
4557
3848
2798
984
-1297
-2431
-1412
1724
4139
3787
1082
-2073
-4161
-4720
-3644
-1571
243
586
-126
-696
-794
-494
-336
-202
135
759
1769
2496
2494
1756
405
-971
-1659
-1259
1
1085
1038
-187
-1858
-2972
-3060
-2560
-1787
-1225
-1105
-1338
-1644
-1963
-2010
-2224
-2484
-3118
-3048
-2795
-2249
-2503
-2838
-4506
-5094
3967
16862
22275
13618
463
-4013
-1943
-542
589
5387
9282
5268
-2515
-5808
-4443
-5412
-8381
-8692
-6345
-3133
-268
3196
4768
432
-5833
-8025
-4997
-323
3804
8218
10496
7890
2411
-291
377
949
243
-116
1405
2660
2602
2052
476
-2416
-6143
-8175
-6774
-3267
240
2143
1735
-616
-3089
-3857
-2596
-595
956
2495
3996
4595
4168
3050
1971
638
-747
-723
1317
4904
6974
5122
549
-3779
-5645
-5089
-2835
-349
969
319
-1398
-2448
-2757
-2502
-1791
-708
550
1619
2549
2991
2350
817
-906
-1825
-1054
783
2315
2662
1607
-513
-2609
-3549
-3020
-1743
-736
-504
-981
-1897
-2336
-2620
-2914
-3444
-3494
-3307
-2702
-2377
-2136
-2596
-3280
-4743
-5877
2372
15318
21796
14125
943
-4234
-1609
953
2104
6291
10083
6811
-1153
-5429
-4383
-5014
-7922
-8466
-5741
-2383
-148
2070
2946
-1323
-8030
-10223
-5927
421
4629
7462
8807
6399
1342
-1474
-237
1796
2504
2551
3640
4681
4225
2686
193
-2811
-5713
-6640
-4643
-1270
1165
1544
-163
-3319
-5797
-5931
-3627
-850
960
2058
2747
2991
2559
1580
552
-34
185
1488
3624
5925
7952
6816
2359
-2633
-4978
-3957
-1502
794
1604
536
-1836
-3863
-4834
-4442
-3072
-1430
261
1365
1940
1842
1025
-313
-1341
-1340
-64
1980
3365
3367
1845
-313
-2075
-2716
-1911
-517
452
475
-413
-1606
-2476
-2967
-3617
-3697
-3493
-2848
-2766
-2724
-2982
-3013
-4022
-4354
-6106
-4251
6175
17479
19099
7752
-3137
-4332
584
3294
5180
9574
11108
5713
-2598
-5309
-4159
-5139
-6711
-5379
-1701
272
266
162
-1321
-6201
-10923
-9532
-3309
2626
5226
6053
4977
1199
-2658
-2641
590
3491
4830
5385
5902
5354
3627
1483
-937
-2854
-3553
-2033
495
2066
1546
-586
-3491
-6341
-7088
-5162
-1985
241
746
519
15
-548
-1129
-1273
-753
295
1794
3321
5617
7057
6804
4063
579
-1396
-1135
845
2533
2991
1426
-1193
-3719
-4925
-4564
-3424
-1928
-859
-89
23
-470
-1213
-1741
-1666
-1195
-134
1087
2093
2132
1279
97
-985
-1223
-621
606
1476
1585
904
-356
-1442
-2111
-2208
-2194
-2127
-2504
-2801
-3304
-3396
-3649
-3556
-4334
-4524
-6367
-4674
4643
14412
14975
4102
-4732
-4060
2440
5516
6444
9377
9990
5036
-2372
-4050
-1923
-1869
-2857
-1920
1126
1437
-851
-3000
-4001
-5966
-8370
-6882
-2532
1734
2836
1892
26
-2874
-4485
-2848
1325
4400
5449
5061
4037
2872
1679
1414
1132
933
1143
2090
3305
3002
1135
-1652
-3917
-4892
-3944
-1748
-85
146
-1090
-2315
-3163
-3307
-2886
-2084
-1237
-128
823
2001
2825
3422
3147
2315
1708
1704
2661
3481
3983
3064
1348
-486
-1624
-1644
-1371
-871
-770
-995
-1555
-1944
-1957
-1818
-1636
-1760
-1685
-1349
-623
-33
-39
-225
-612
-784
-722
-199
420
875
1023
799
475
55
-238
-470
-774
-1109
-1434
-1647
-1742
-1847
-2086
-2949
-3558
-4878
-5166
-6716
-2445
6460
13096
9258
-1393
-6154
-2578
3615
4935
5571
7763
7223
3097
-1775
-1600
-633
-824
-663
1023
3080
1948
-446
-2971
-4417
-5434
-5264
-2669
-672
478
-85
-522
-1903
-4141
-4349
-2137
1147
2745
3161
2689
1330
354
119
1512
2481
3029
3033
2825
2735
1772
612
-730
-1391
-1198
-218
1168
1132
-185
-2229
-3494
-3802
-3143
-1519
-759
-731
-1419
-1328
-621
297
1151
1194
1436
1617
2272
2500
2442
2209
1742
1494
971
815
526
235
26
-104
6
-211
-420
-875
-1242
-1491
-1712
-1619
-1436
-1040
-842
-786
-959
-1293
-1477
-1417
-982
-454
22
330
267
-49
-323
-312
-317
-242
-230
-3
-78
-413
-1240
-1793
-2600
-2879
-3412
-3239
-3755
-3736
2152
8796
10251
1687
-5957
-5514
1041
5231
4685
5275
5987
4117
-218
-2828
-1307
-474
531
1700
3939
4073
928
-2821
-5256
-4637
-2981
-502
1078
635
-225
-1427
-1882
-3439
-4103
-2837
-524
1382
2020
2391
1202
-607
-1574
-702
1602
2879
3351
2671
1877
1012
310
419
773
1065
921
1094
1132
170
-1203
-2274
-2228
-1700
-603
183
-157
-1315
-2412
-2485
-1167
672
1820
1574
851
445
508
660
863
1194
1415
1598
1506
1249
806
263
15
209
703
861
453
-306
-1012
-1249
-967
-452
-332
-545
-764
-923
-1148
-1574
-1865
-1587
-854
-208
58
-212
-672
-1034
-1041
-648
-7
397
442
-223
-725
-1216
-1345
-1593
-1298
-1083
-975
-1973
-2689
-3940
-3325
2321
7893
8002
272
-5068
-3318
2803
5186
3634
3271
3894
2969
150
-1172
60
410
824
1462
3091
2727
15
-2928
-4139
-2614
-397
1419
1186
-947
-2625
-3215
-2427
-2335
-1946
-790
481
978
503
195
-684
-1724
-1627
-5
2469
3480
3126
1704
347
-173
12
843
1611
2037
1903
1453
699
-438
-1242
-1469
-908
-111
644
604
-610
-1906
-2314
-1691
-515
1023
1623
684
-654
-1210
-588
290
1101
1470
1516
1350
881
183
-459
-383
340
1377
1935
1586
584
-505
-1073
-869
-78
555
552
-53
-811
-1238
-1336
-1237
-1042
-770
-541
-442
-560
-843
-1242
-1408
-1010
-312
67
-30
-508
-950
-1198
-1005
-816
-427
-386
-590
-1515
-2030
-2548
-2268
-3023
-2608
2290
7464
7351
-79
-5320
-3597
2774
5621
4018
2770
3086
2719
717
-1089
-486
144
1248
2087
3341
3104
725
-2533
-4510
-3197
-314
1677
1346
-795
-1879
-2092
-1511
-1860
-2018
-1351
-593
-359
-394
45
-171
-910
-933
-74
1412
1863
1580
876
414
585
989
1513
1548
1382
963
789
734
365
190
111
410
466
424
133
-782
-1736
-1938
-1175
176
1537
1676
182
-1391
-1727
-1015
13
763
1108
995
702
229
-207
-441
-163
577
1400
1890
1530
559
-450
-964
-563
374
1197
1161
239
-776
-1234
-1112
-780
-607
-547
-502
-533
-726
-1035
-1320
-1341
-1016
-397
2
-50
-557
-1008
-1266
-1214
-926
-527
-310
-630
-1336
-2024
-2049
-2166
-2041
-3073
-780
3873
6937
3574
-2696
-4381
-451
4379
4756
3259
2831
2727
1651
-142
-219
786
1390
1767
1962
2517
1774
-56
-2412
-3047
-1311
1338
2470
768
-1927
-3170
-2825
-1817
-1448
-609
54
-92
-1288
-2006
-1598
-981
-594
-148
687
1572
1514
769
-346
-512
234
1397
2101
2189
1974
1348
730
57
-114
364
823
1161
1011
753
57
-786
-1262
-1293
-902
-599
448
1382
1069
-579
-2072
-1853
-577
919
1325
817
128
-224
-303
-366
-41
540
1255
1639
1277
612
-82
-473
-570
43
894
1304
844
-254
-1141
-1390
-854
-196
25
-60
-295
-682
-1108
-1206
-859
-482
-248
-236
-371
-614
-954
-1235
-1359
-1009
-601
-365
-463
-1305
-2010
-2296
-1746
-1513
-1392
-2312
-1174
2519
5489
3857
-1532
-4065
-1581
3214
4740
3632
2692
2334
1536
34
-358
889
2074
2620
2104
1924
1628
719
-1295
-2759
-1846
686
2582
1792
-905
-2740
-3042
-2170
-1674
-947
27
163
-1021
-2196
-2004
-1163
-537
-314
-44
696
1129
1051
270
-430
-266
512
1484
2137
2287
1868
1119
239
-330
71
833
1338
1066
571
263
-222
-550
-723
-645
-587
46
876
903
-11
-1108
-1323
-815
160
940
899
478
-125
-399
-385
-18
404
544
744
655
449
204
2
-125
-104
381
782
795
227
-442
-698
-438
52
226
226
-37
-473
-832
-833
-544
-410
-401
-384
-452
-722
-1009
-1161
-1112
-863
-626
-409
-394
-595
-1131
-1610
-1895
-1628
-1557
-1476
-1833
-1897
463
3543
4379
966
-2458
-2406
821
3541
3726
3104
2540
1749
754
-252
378
1515
2436
2297
1668
1311
1133
586
-862
-1823
-1178
610
1668
619
-1003
-1927
-1971
-1985
-1858
-986
18
97
-897
-1835
-1868
-1095
-268
8
187
489
804
859
160
-320
-213
556
1140
1335
1408
1435
1085
226
-265
56
717
1159
890
470
91
-72
-57
-115
-190
-279
60
765
1159
704
-413
-1122
-1126
-471
204
530
416
-21
-427
-615
-461
-38
345
575
431
299
213
311
361
242
138
205
474
591
331
-102
-373
-401
-356
-139
78
161
-79
-509
-714
-644
-335
-121
-198
-415
-626
-828
-994
-970
-793
-676
-601
-670
-802
-928
-965
-1099
-1424
-1597
-1392
-1347
-1580
-387
1942
3442
1910
-939
-2010
-415
1902
2826
2756
2616
2027
961
-158
-164
824
1929
2294
1732
1082
778
718
135
-858
-1146
-284
873
1009
113
-729
-1106
-1284
-1567
-1311
-561
43
-233
-1037
-1545
-1306
-562
-11
-42
-266
-226
91
128
-36
-21
341
644
630
557
741
1019
972
520
246
368
771
1057
946
493
8
-159
-243
-200
-118
72
301
490
584
246
-363
-742
-747
-389
68
484
588
318
-149
-516
-508
-215
258
520
553
375
86
-124
-183
2
168
277
224
175
213
121
-38
-234
-289
-203
-88
-46
-35
15
-79
-357
-560
-587
-483
-434
-430
-397
-509
-705
-931
-1003
-875
-690
-709
-806
-805
-791
-876
-900
-974
-1071
-1290
-1529
-981
556
2043
1959
478
-737
-740
159
1013
1628
2106
2029
1486
616
145
365
1073
1673
1578
1123
881
980
951
276
-372
-401
99
378
279
136
-24
-453
-1140
-1537
-1339
-715
-187
-68
-363
-782
-806
-554
-426
-328
-137
264
390
248
224
403
475
129
-142
-41
369
690
696
545
356
238
112
114
155
208
276
181
55
69
201
281
232
387
562
475
21
-330
-355
-162
208
437
399
123
-172
-277
-243
-40
145
289
351
269
152
86
127
223
111
-8
30
157
185
75
-52
-93
-127
-163
-214
-276
-251
-162
-136
-205
-260
-222
-183
-191
-339
-441
-445
-440
-462
-603
-638
-526
-467
-576
-698
-697
-640
-731
-841
-916
-859
-886
-924
-988
-741
4
944
1308
732
-70
-401
-106
443
991
1469
1611
1355
835
338
218
388
834
1104
1086
913
798
831
591
136
-72
36
210
274
323
416
399
90
-461
-869
-925
-677
-375
-269
-313
-348
-338
-311
-295
-331
-262
-237
-227
-160
88
380
444
290
65
-48
1
129
290
370
417
397
350
302
150
105
166
172
140
157
170
173
249
408
584
538
276
-30
-164
-10
249
359
287
131
10
-119
-180
-132
-13
114
176
178
107
148
132
77
-39
-109
-121
-23
101
64
-18
-159
-293
-361
-320
-91
115
17
-204
-312
-364
-324
-275
-292
-335
-372
-392
-277
-90
-128
-402
-594
-602
-465
-275
-122
-101
-280
-488
-634
-624
-543
-594
-606
-569
-486
-564
-609
-309
219
564
479
211
51
109
272
507
736
904
963
778
397
198
254
504
655
659
703
749
728
523
276
135
64
77
83
201
303
296
89
-224
-437
-532
-442
-325
-270
-261
-270
-218
-175
-232
-284
-250
-174
-156
-87
-31
62
149
158
168
137
183
288
296
261
245
342
372
275
163
64
65
13
83
176
235
78
-25
314
698
749
200
-193
-194
96
390
400
296
134
40
-118
-207
-56
184
323
106
-135
-169
69
198
136
-58
-199
-225
-230
-196
-153
3
34
-136
-304
-339
-182
33
126
35
-150
-193
-12
64
-103
-329
-449
-278
-81
-69
-86
-86
-105
-247
-461
-444
-166
-13
-74
-171
-273
-302
-305
-378
-419
-335
-232
-303
-336
-242
-218
-251
-291
-376
-330
-38
318
476
387
181
79
114
216
345
460
607
579
395
296
328
381
378
365
321
363
396
335
195
85
60
75
44
71
129
185
190
15
-127
-238
-179
14
100
25
-133
-145
-64
-17
-72
-47
0
-12
-41
36
178
290
224
121
62
102
149
145
150
76
109
117
90
46
79
120
134
-38
30
194
518
808
643
278
-43
-115
-129
38
208
317
308
142
83
-47
-182
-264
-234
-95
-45
41
149
206
96
-158
-391
-410
-234
-4
143
97
19
26
-47
-165
-167
-125
-94
-35
28
107
156
-7
-238
-210
-117
-60
-55
-114
-105
24
81
-70
-55
99
44
-26
-4
-42
-123
0
167
150
31
-18
54
34
-12
-54
-21
84
179
149
51
-34
-145
-182
-114
-63
-67
9
106
88
-25
-57
33
84
40
-27
23
156
295
261
233
137
139
41
22
249
400
447
342
244
199
213
171
103
88
107
36
-7
37
109
153
68
-14
13
68
87
176
220
210
159
-8
-141
-127
-20
138
279
262
162
79
14
-145
-222
-84
76
165
158
137
172
167
53
-21
1
174
304
325
217
81
58
109
126
120
55
-75
-123
-104
-36
77
67
-50
-39
-48
-165
-265
-164
-7
10
-75
-128
-61
-71
-65
-4
51
12
-64
-28
32
76
104
44
18
46
33
113
133
68
81
116
-8
-188
-101
165
309
205
29
69
187
61
-189
-171
-65
58
32
19
90
42
-51
-165
-54
68
133
57
-105
-66
57
43
-49
56
183
155
-87
-218
-76
108
75
-21
-87
-105
-183
-149
-22
16
-13
-57
34
89
166
90
-37
-38
83
148
159
254
348
244
75
87
147
134
100
125
306
353
196
80
73
100
55
106
218
225
121
9
23
82
155
246
287
202
-18
-196
-210
-100
62
177
140
58
-77
-78
-74
-29
39
145
163
96
28
25
101
-68
-139
-74
10
-42
-53
44
88
104
35
-168
-224
-33
95
18
-40
-31
-63
-66
-2
53
131
167
90
61
90
112
38
-49
-124
-119
-58
-65
-51
35
47
31
6
9
15
-65
29
194
176
-33
-53
86
-3
-23
-9
-18
-88
-54
9
-22
-61
-42
-50
-59
-71
-8
42
31
-99
-185
-163
-131
-80
-38
5
30
71
46
-10
-94
-140
-101
21
-42
-8
119
165
88
27
79
95
48
-36
-18
62
140
118
69
44
78
119
186
100
-13
-58
-39
-17
9
33
16
-39
20
72
96
66
-44
-44
52
228
229
140
125
158
94
-47
-106
-28
100
159
95
33
32
-51
-222
-226
-113
11
47
19
30
-85
-146
-50
51
53
39
166
221
166
64
5
-15
48
-3
42
163
186
16
-144
-141
6
13
-149
-49
92
155
161
131
80
46
10
-99
-24
50
91
104
-24
-53
40
36
-46
-130
-152
29
142
72
67
70
59
-34
-206
-152
-135
-131
-124
-55
-67
-142
-209
-191
-168
-165
-13
163
80
-145
-109
-10
21
-10
-24
43
153
106
-12
82
174
88
-26
-96
-101
-47
-22
75
88
-35
-112
-115
-124
-129
20
82
60
72
126
125
-4
-169
-93
86
180
97
164
234
17
-54
38
107
78
-4
-40
-31
65
48
-57
-83
-34
51
67
-54
-71
0
139
70
-57
-67
-33
1
19
0
-76
-96
-118
-3
72
-7
26
-36
-89
-71
-4
-70
-29
156
78
6
39
99
63
16
-68
-131
-30
15
-16
-15
29
61
69
58
72
109
8
40
-51
-32
111
158
72
49
138
60
-35
-6
68
66
-20
-125
-62
0
-55
-100
16
151
34
-134
-191
-63
20
26
17
2
105
206
208
157
106
128
114
62
-98
-124
128
227
162
16
-54
-220
-246
-195
-54
23
11
1
84
197
184
76
8
50
141
182
92
169
254
293
226
97
36
-55
-28
24
-10
-64
-88
-56
-83
-3
122
248
193
21
-102
-70
109
132
47
21
129
117
62
43
-11
-80
-32
66
79
44
41
90
114
179
170
42
-18
-22
77
132
-5
-93
-20
8
-41
-108
22
98
53
-69
-1
196
218
85
4
-86
34
130
149
194
256
223
132
30
-22
33
-2
40
40
68
55
-29
-125
-63
-60
-211
-185
-35
-119
-99
-11
68
78
67
-18
-63
-66
-64
-15
7
22
66
112
181
158
124
27
-151
-181
-124
-68
-52
116
215
180
-45
-107
-106
-89
7
124
192
85
-35
-26
-29
-80
-4
58
107
20
-9
-107
20
211
92
-91
-18
205
96
13
42
64
-91
-66
1
-22
21
103
52
-54
-37
-75
-101
-88
-116
-53
0
13
39
75
19
6
55
145
62
3
108
170
33
-19
77
51
-60
-179
-100
-115
-114
-124
57
155
-31
-113
-47
50
-21
66
104
146
15
-32
56
20
-48
-62
25
63
-5
57
152
92
-24
-147
-127
-114
-48
20
86
117
34
-64
-102
6
50
-84
-75
-36
-7
-99
-5
163
113
17
19
-63
-89
-34
15
9
29
48
129
121
45
21
-39
-41
2
72
92
118
149
87
22
38
-66
-41
-70
-93
56
162
66
32
103
123
111
45
34
81
112
78
91
2
-67
-117
-14
21
-86
-121
-93
11
67
105
9
-52
-167
-93
25
93
-20
-43
27
-17
-103
-21
31
-133
-110
-124
-169
-57
112
19
-47
-18
-117
-206
-205
-29
12
-63
-96
-34
35
0
16
-37
-2
28
5
-31
65
113
119
-18
-127
-151
-79
-95
-70
-55
-22
-6
-14
29
-19
82
64
-8
-14
-46
-189
-97
-61
-23
56
11
-19
-31
-46
-151
-73
19
114
86
-13
-42
-29
9
20
3
-35
-54
-73
-58
48
161
20
-177
-41
155
20
-139
-73
-85
-28
85
36
32
115
117
-39
41
80
-5
-105
-25
90
129
143
57
-168
-204
-92
-41
-71
18
184
65
35
-129
-123
-53
-42
-111
-92
77
160
140
-20
-49
-125
-94
-39
-62
29
143
90
-2
-6
-137
-154
-53
-89
-62
50
116
7
28
53
-114
-146
-97
5
93
116
1
37
-14
-53
78
91
-87
-178
-82
-102
-41
32
17
8
43
36
56
10
6
7
32
12
33
61
35
108
60
64
14
-26
-116
-124
-96
-69
75
127
22
-43
-71
-112
31
131
157
-32
-136
-138
17
-5
-118
-49
-23
-39
-87
83
-20
-46
-13
17
-70
-105
5
2
-67
-172
-172
-205
-165
-21
96
48
-60
-127
-133
-62
-28
27
26
3
-3
62
76
-47
-96
-49
11
-4
137
179
104
115
43
-1
67
163
-90
-241
-118
-33
-25
65
50
31
-36
-26
28
82
-19
-23
46
1
-7
-20
27
32
67
-54
-74
13
3
44
122
60
-84
-44
103
93
75
4
-65
-63
15
-25
10
-18
-125
-50
165
107
-71
-56
60
22
-24
79
103
-13
-107
-41
32
-87
-181
-112
-78
-2
54
131
167
98
-92
-108
-74
-42
-50
-88
-70
-46
91
61
-19
-21
17
76
-50
-69
-24
154
-57
-147
-20
67
32
-71
50
57
94
28
-144
-231
-166
-20
81
49
-75
-81
-36
-21
-66
-40
-49
-64
26
27
139
158
26
-140
-139
-67
10
96
91
101
-57
-127
-105
-86
-147
-156
-30
147
131
1
-160
-209
-67
69
185
4
21
50
39
-78
77
169
-8
-110
-44
97
-46
-156
-55
11
-112
-153
-69
-83
-58
-31
-36
-46
-3
-30
-110
-104
48
122
155
72
32
10
78
155
75
-82
-97
-42
-33
91
226
143
8
5
-95
-144
-119
-162
-114
60
125
56
59
53
-9
47
16
-147
-154
5
-17
-115
-34
50
72
106
25
-136
-168
-146
-89
-65
90
227
292
68
-157
-133
-63
-23
-147
-110
136
295
134
10
-1
-107
-136
-105
-129
-97
73
135
134
71
65
52
69
146
168
166
153
85
7
-81
-37
5
86
54
56
-10
-112
-66
100
60
12
53
21
66
80
96
12
-92
-38
20
-6
48
144
158
163
106
59
48
125
81
-28
103
97
60
30
84
49
15
20
4
8
18
-25
-24
-102
-80
-1
-7
28
-12
14
62
56
-9
-61
29
122
101
32
57
164
196
81
-1
-39
-84
-17
-5
3
-19
37
-34
-68
50
86
-7
-72
9
68
42
59
95
162
159
45
-42
-26
13
98
54
44
52
114
90
-63
-12
19
-37
-94
-65
96
160
22
3
61
36
102
128
66
71
183
98
77
124
21
-62
19
98
112
72
50
36
