-10
-14
-38
-79
-35
-3
-35
-9
-50
-72
-61
-51
-31
-24
-47
-49
-77
-30
-3
-1
41
55
-27
-64
-16
71
48
-62
-20
-50
-66
-5
-27
-16
-36
-2
39
10
-32
-26
-25
-10
-1
-2
15
9
-9
19
-28
13
-30
4
28
-47
-34
-89
-94
-18
-91
-99
-62
-64
-12
-90
-106
-57
-96
-69
-36
-74
-35
-66
-51
-39
-22
-8
-88
-32
-60
-87
-59
-28
-2
-2
-18
16
9
-18
25
-33
-35
-6
-48
-56
-44
-22
67
40
-11
30
57
8
-52
-32
-26
-38
-30
-68
-16
-8
25
-7
-43
-30
-97
-88
-52
-36
-20
14
8
-20
-51
-99
-62
-28
-74
32
-10
2
0
-31
51
29
1
23
29
-2
-42
-37
-61
-69
-47
-53
-40
-74
-60
-39
-37
17
-9
4
-38
-16
18
23
5
3
14
60
97
42
108
112
113
108
29
-35
-62
4
15
-26
5
46
43
7
20
34
33
25
2
20
52
75
87
61
51
53
19
2
59
3
-1
4
-8
29
26
39
77
65
63
28
-3
-30
-12
-4
-34
12
21
-35
0
2
-14
8
5
81
76
-32
-6
-9
-16
20
46
131
78
70
100
78
11
12
17
-4
12
71
42
15
-20
-34
-79
-121
-81
-31
6
50
30
79
94
16
61
56
31
51
4
27
68
60
107
44
66
77
88
45
-9
31
41
32
-10
-18
-2
19
-8
23
-2
-8
-22
28
67
59
44
28
36
34
50
34
41
-3
88
67
38
34
-4
0
30
18
42
42
35
64
58
16
2
36
62
23
-12
23
-61
-4
71
38
58
82
93
39
86
61
50
-8
5
-5
-52
13
47
26
28
16
34
97
66
94
64
34
47
58
78
25
90
112
73
49
29
39
21
32
38
66
95
115
92
94
154
48
105
115
88
135
117
89
77
76
59
48
101
122
140
154
109
35
60
108
99
112
81
110
87
60
59
65
45
35
52
-1
72
178
125
105
128
50
83
125
98
86
70
131
112
123
134
125
114
113
67
101
96
113
107
101
114
112
143
132
168
175
104
88
144
146
140
120
150
126
133
169
128
127
88
73
76
101
130
74
112
117
129
129
149
160
154
138
158
181
167
209
209
152
91
76
79
59
67
78
46
57
128
131
52
71
108
130
106
149
194
194
184
100
107
102
117
156
97
145
75
153
220
177
191
129
138
117
99
118
174
155
218
228
199
144
137
140
174
201
170
213
200
182
112
78
110
174
139
192
188
207
213
220
232
163
130
107
94
82
76
96
143
166
172
152
137
102
113
99
129
156
161
191
144
57
79
70
50
87
79
85
59
118
155
169
201
197
157
159
138
115
163
186
165
105
106
105
133
149
169
167
146
144
185
176
167
183
174
175
172
161
185
151
188
241
254
264
184
138
135
148
144
148
152
135
132
166
155
158
163
159
198
174
150
141
149
187
165
98
117
170
178
143
179
211
249
162
76
155
215
193
141
106
106
140
132
131
160
190
118
134
134
105
136
180
159
143
165
146
116
102
113
112
104
100
117
142
109
131
72
76
111
107
108
115
94
82
107
103
162
159
196
214
196
102
154
161
210
204
174
160
112
205
178
151
161
167
201
203
156
181
198
184
186
200
182
214
171
110
136
136
178
178
181
209
215
181
212
200
165
155
159
145
225
247
179
226
191
157
195
202
210
174
169
167
146
175
174
183
184
205
210
182
158
137
125
169
168
121
172
163
217
224
125
153
192
160
104
142
217
157
157
201
181
176
112
152
167
142
163
133
229
221
152
93
93
142
185
96
132
183
172
198
155
170
143
172
203
185
147
146
183
207
204
176
121
145
88
66
83
33
99
122
114
108
177
167
163
169
141
107
89
169
176
169
165
196
135
166
175
183
187
164
248
235
189
187
182
186
150
162
165
134
113
147
175
201
211
127
130
127
127
140
121
145
159
180
152
145
125
132
113
88
76
88
80
51
71
128
139
102
168
90
73
65
96
144
113
122
127
92
114
96
57
72
78
44
71
130
120
135
101
65
66
98
79
68
109
111
39
28
54
121
130
139
128
111
88
101
117
95
101
89
158
166
77
85
76
77
147
137
150
81
61
83
6
38
56
29
26
34
78
84
100
148
168
107
83
39
40
-2
60
116
71
100
73
84
89
81
76
59
111
94
101
91
102
101
98
142
118
143
102
89
114
81
48
59
45
63
113
122
158
156
118
154
93
79
159
146
116
105
136
114
98
116
134
99
168
128
74
103
88
97
44
121
27
76
88
117
176
114
123
93
88
100
97
105
79
56
92
123
134
99
180
162
121
132
165
115
83
50
71
102
65
35
68
108
91
64
92
145
97
106
48
13
-21
-10
28
-27
51
1
63
96
102
87
-20
28
21
84
74
63
21
23
-14
-42
79
50
91
101
53
4
-17
20
0
-28
42
57
113
69
69
74
68
120
91
62
44
53
35
24
-18
27
55
41
14
59
10
6
24
-5
19
9
89
72
65
80
23
66
30
48
122
36
17
72
63
46
-16
22
41
10
9
-6
46
31
42
68
83
126
61
50
57
30
12
72
145
75
61
35
16
20
9
74
105
111
84
37
37
29
52
42
35
16
23
4
26
54
-13
50
89
63
90
28
36
21
-14
22
20
24
-10
-19
-20
8
41
39
-6
34
9
-32
-63
-36
53
35
98
79
91
46
39
95
79
133
63
58
20
15
-11
4
96
52
7
15
42
38
36
86
21
62
56
17
44
42
74
45
61
-21
-42
-36
24
60
72
60
26
53
38
61
79
105
79
66
99
50
54
50
18
42
80
117
120
95
44
53
22
-3
21
53
7
36
56
37
21
-5
-16
-11
7
3
22
47
-7
-39
-19
24
55
-39
-37
-19
-19
-18
-53
-30
-15
25
45
26
23
0
-4
18
36
74
115
82
80
-24
13
0
-14
9
-4
54
-51
-19
25
-19
10
6
17
55
39
46
64
61
28
61
42
-30
-29
16
59
13
60
33
80
84
28
56
88
67
87
84
70
73
73
17
21
36
58
67
38
80
19
61
78
76
76
31
-2
18
47
39
65
113
87
66
63
91
55
22
73
71
103
156
185
127
132
108
72
104
75
106
103
47
16
18
72
64
76
67
43
75
84
40
-19
28
66
63
44
42
23
91
95
-7
63
103
114
61
54
83
50
81
62
64
81
71
23
21
54
37
44
58
66
49
27
46
49
54
12
-7
-2
9
2
25
46
-8
9
13
22
-9
8
68
62
75
32
41
21
15
5
14
15
35
53
40
82
2
17
62
120
121
63
68
92
86
17
9
13
32
30
17
11
59
122
134
87
51
25
44
66
37
87
138
157
141
133
158
142
148
139
125
182
186
124
78
49
111
116
74
50
29
40
66
72
92
56
31
71
39
44
11
110
101
54
46
-54
-8
-26
-30
15
-6
-15
-1
-18
-33
-8
-21
-53
-48
-61
-97
-73
-26
-99
-84
-79
-128
-164
-133
-68
-116
-87
-62
-130
-143
-83
-69
-109
-118
-98
-30
-119
-109
-124
-175
-118
-119
-49
-76
-116
-168
-150
-169
-178
-150
-111
-104
-91
-87
-115
-126
-132
-108
-91
-134
-154
-122
-123
-61
-65
-119
-123
-117
-53
34
16
-14
30
63
60
63
94
146
195
184
190
223
220
185
250
305
339
354
291
249
272
348
314
269
236
261
199
211
261
244
197
145
225
204
122
79
54
-9
53
23
13
-8
-73
-30
17
13
-4
-30
-66
-96
-98
-141
-162
-98
-141
-235
-207
-225
-229
-176
-183
-225
-259
-247
-236
-190
-161
-161
-160
-159
-190
-157
-218
-233
-207
-215
-181
-146
-204
-161
-143
-241
-212
-200
-213
-240
-247
-228
-286
-310
-248
-284
-313
-321
-344
-297
-314
-279
-264
-374
-449
-452
-387
-362
-36
575
1143
970
234
-198
-308
-6
372
849
811
321
335
883
1127
654
152
39
-84
121
751
1154
831
281
380
543
294
-16
-118
-57
-175
-23
417
474
84
-98
136
71
-237
-457
-318
-113
-85
47
202
36
-341
-307
-85
-212
-499
-582
-361
-117
59
183
128
-139
-356
-257
-40
-53
-133
-66
86
333
512
712
528
148
-12
-37
51
111
284
322
254
272
351
332
225
201
129
12
178
353
399
333
270
264
157
70
93
71
-5
-13
52
12
-18
62
35
22
-64
-118
-149
-160
-175
-255
-234
-259
-301
-349
-302
-351
-438
-457
-503
-485
-458
-437
-416
-383
-443
-496
-452
-439
-483
-574
-673
-736
-767
-739
-680
-394
310
1070
1085
485
-115
-459
-340
248
904
890
354
227
805
1293
997
418
41
-147
-43
666
1323
1196
545
480
766
740
363
146
66
-96
44
496
779
443
158
260
453
159
-234
-299
-157
-131
58
331
262
-63
-192
72
114
-224
-524
-524
-313
-151
59
197
-28
-334
-291
-92
-23
-138
-214
-139
107
246
341
410
248
95
146
277
279
174
165
345
429
396
384
339
270
270
356
396
321
292
395
542
489
353
204
138
191
214
189
170
133
4
106
235
152
19
42
26
-84
-130
-148
-153
-303
-312
-275
-300
-385
-473
-460
-454
-424
-445
-460
-546
-616
-538
-544
-535
-693
-778
-903
-839
-762
-876
-896
-576
224
1128
1395
745
-68
-636
-609
-67
757
1037
509
209
763
1510
1360
679
150
-198
-219
372
1215
1425
825
537
835
975
625
218
159
73
32
371
840
719
297
328
705
543
14
-269
-129
-27
-64
162
277
18
-306
-91
135
-92
-485
-541
-283
-130
0
111
67
-236
-478
-245
88
77
-227
-216
82
378
721
827
709
147
-209
-74
231
356
222
270
327
203
223
392
314
31
-66
270
559
674
634
571
489
368
330
308
276
136
154
252
259
175
120
106
96
-27
-104
-109
-255
-446
-428
-274
-284
-366
-460
-479
-559
-680
-774
-796
-852
-884
-735
-575
-504
-627
-754
-776
-985
-1217
-1472
-1355
-753
595
2256
3153
2756
1509
358
-777
-1187
-450
661
676
-120
292
1735
2215
1282
395
-35
-693
-1108
-99
1209
1170
320
605
1667
1767
999
649
684
120
-498
-38
824
777
299
727
1303
732
-225
-467
-188
-531
-984
-753
-476
-731
-943
-387
311
31
-569
-586
-221
-299
-556
-205
46
-43
-69
514
1062
738
168
137
481
814
1097
1436
1385
837
223
-1
47
-237
-487
-327
-159
-184
-269
83
306
224
216
568
944
933
918
1069
1053
787
540
619
665
455
293
235
171
-195
-475
-479
-492
-630
-697
-584
-526
-667
-726
-685
-786
-1119
-1444
-1457
-1434
-1520
-1469
-1313
-1148
-1121
-985
-916
-1029
-1316
-1399
-1590
-2016
-2629
-2441
213
4841
8485
8124
5539
3619
2021
-1809
-5261
-3573
1074
2240
165
603
3297
2399
-1465
-2271
-364
-967
-3253
-1277
3519
4377
1516
712
2787
3102
1566
1444
1996
490
-1703
-954
1359
1624
803
957
829
-1175
-2998
-2700
-2214
-2513
-2229
-608
504
456
454
789
664
-7
-504
-399
-95
642
1519
2097
2334
1783
707
-407
-932
-1187
-1622
-1686
-1193
-133
1329
3110
4131
3334
1596
587
169
-580
-1135
-404
734
1387
1642
1699
859
-480
-1033
-720
-204
399
1347
2167
2565
2472
1615
12
-1347
-1760
-1514
-956
-274
115
60
-133
-333
-769
-1320
-1668
-1658
-1143
-125
501
340
-346
-1064
-1650
-2310
-2752
-3050
-3035
-2565
-1937
-1622
-1643
-1999
-2296
-2411
-2530
-3013
-4095
-4964
-4758
1595
11965
18922
15625
7824
4766
2359
-4129
-9635
-5978
2010
3685
1536
1068
1598
-1677
-6846
-6887
-3229
-1150
-1420
1326
7805
10541
7114
2483
1558
1776
289
102
1626
2634
1407
408
1173
667
-2248
-6302
-8283
-7023
-4618
-1969
300
2321
2959
1910
582
-767
-1098
-421
1149
2869
3826
4087
3046
1758
590
-438
-1884
-3407
-3602
-2369
-943
230
326
34
-619
-1141
-1168
-600
2681
5203
6768
6169
5894
4842
1118
-1857
-3359
-2621
-1841
-926
313
423
659
227
-295
-534
-290
258
661
2142
3169
2759
1419
334
-21
-798
-1122
-1571
-1752
-1382
-985
-368
-289
-324
-736
-1456
-1216
-900
-815
-1038
-1170
-1417
-2245
-2801
-3111
-3182
-2769
-1941
-1185
-1352
-1854
-2433
-2507
-2826
-2818
-3680
-4098
-4586
540
11702
20015
18700
9347
5062
2573
-3385
-9649
-8479
-448
2488
537
-204
1122
234
-5044
-6747
-3407
-347
-364
839
7099
11057
8587
3757
2205
2965
1611
127
-36
998
417
-962
-713
-482
-2046
-5755
-7909
-6790
-4334
-1794
116
2176
3430
3034
2004
727
512
1209
1903
2586
2808
2797
1814
647
59
-761
-2002
-3551
-3999
-2994
-1507
-438
-48
99
234
-167
882
2544
4516
5393
5206
5239
4486
3515
893
-1409
-2297
-2401
-2063
-2067
-1147
-496
-198
104
394
707
877
1433
1916
2466
2525
1668
721
274
316
-323
-1163
-1693
-1932
-1588
-1211
-735
-602
-716
-887
-878
-575
-532
-888
-1542
-2345
-2851
-3221
-3129
-2542
-1933
-1499
-1455
-1556
-2034
-2723
-2774
-2776
-2732
-3922
-4271
-4276
2689
14256
21596
18366
8793
4892
1044
-5457
-10796
-8053
-374
1137
-487
-310
1806
590
-4932
-6023
-2761
171
418
2391
8264
10836
8120
4154
3270
3376
1301
-846
-1162
-144
-497
-1410
-1343
-1134
-2580
-5827
-7367
-6356
-3877
-1121
1036
3324
4417
4082
2504
825
907
1553
2092
2030
1806
1707
961
197
-406
-1091
-2525
-4059
-4208
-2948
-1321
-123
590
1090
1348
1024
977
963
3073
5940
7530
7211
5958
4584
1071
-2443
-4395
-4466
-3825
-2966
-1412
-304
788
1325
884
816
1311
1827
1775
2393
3137
2975
2082
994
65
-1213
-2067
-2586
-2497
-1831
-1231
-748
-650
-548
-755
-1132
-1173
-1121
-1083
-1389
-1997
-2454
-2745
-2441
-2099
-1992
-1834
-1806
-1889
-2099
-2092
-2261
-2849
-3315
-4348
-4503
-4126
3423
15144
22407
19158
9924
5380
392
-6716
-11921
-8699
-1200
246
-659
163
2666
1046
-4428
-5376
-2252
694
829
2630
7734
10057
8214
5477
4977
4381
1076
-2039
-2659
-1355
-1161
-1569
-1287
-1061
-2461
-5297
-6711
-5947
-3523
-955
1405
3694
4792
4503
2956
1949
2190
2384
2063
962
343
382
173
62
-308
-958
-2505
-4124
-4161
-2860
-1226
-164
687
1653
2011
2195
2978
3770
4126
4150
5026
5424
4470
2923
925
-1076
-2916
-3829
-4008
-3427
-1988
-566
583
1705
2514
2359
2115
2169
2232
2061
1889
1833
1327
780
-19
-996
-1621
-1934
-1918
-1909
-1499
-984
-858
-694
-552
-416
-495
-826
-1178
-1902
-2701
-3059
-2861
-2274
-1723
-1546
-1582
-1741
-1744
-2132
-2370
-2696
-3191
-4517
-5316
-5289
-882
10730
21444
23611
15149
7894
3022
-4587
-11773
-12451
-5010
-544
-1066
-645
1833
3178
-1361
-4912
-3186
169
1218
986
4677
8945
9454
7603
6568
6138
2852
-1702
-4013
-3242
-1955
-2048
-2221
-1772
-1722
-3442
-5412
-5677
-4083
-1616
674
2893
4399
4719
3953
2976
2970
3181
2387
527
-909
-858
-402
-230
-432
-978
-1963
-3327
-3765
-2855
-1416
-342
395
1301
2193
2630
2495
3078
4650
5666
5999
5925
5524
3261
37
-2293
-4001
-4911
-4792
-3466
-1907
-74
1395
1719
2067
2621
2895
2609
2825
3254
2802
1931
1138
208
-811
-1569
-2071
-2297
-1954
-1527
-1316
-839
-308
-257
-700
-849
-761
-898
-1142
-1491
-1798
-2095
-2394
-2610
-2582
-2432
-2476
-2498
-2042
-1723
-1974
-3104
-3761
-4987
-5518
-5516
762
13590
23666
24045
15079
8529
2264
-6730
-13892
-13030
-5313
-2321
-2528
-744
2880
3588
-1359
-3518
-1132
1438
900
195
4232
8231
9287
8556
8212
7257
2552
-2494
-4651
-3910
-3233
-3785
-3562
-2440
-1803
-2876
-4342
-4274
-2815
-751
967
2603
3743
4048
3880
3735
4184
4016
2353
-213
-1742
-1515
-1170
-1277
-1626
-1798
-2194
-2834
-2701
-1800
-756
-263
179
1204
2162
2926
2987
3607
5304
6306
6027
4895
4404
2704
-488
-3099
-4423
-4677
-4558
-3149
-1417
232
1576
1924
2166
2774
3518
3173
2805
3083
2849
1827
587
-99
-880
-1755
-2350
-2548
-2103
-1412
-939
-570
-124
-33
-654
-1170
-1015
-840
-1159
-1552
-1613
-1755
-2153
-2694
-2927
-2970
-2902
-2641
-2268
-1929
-1803
-2464
-3716
-5345
-5770
-4836
3248
16091
25210
23360
14440
8101
383
-8750
-14719
-12211
-5567
-3849
-2984
-274
3426
3155
-1061
-1284
1220
2637
628
-231
3651
7348
9235
9471
9278
7081
1683
-2660
-4462
-4171
-4467
-5449
-4735
-3082
-1892
-2464
-3147
-2562
-1171
630
1671
2434
2976
3334
3829
4092
4624
3954
1976
-381
-1695
-1807
-2149
-2609
-3022
-2672
-2128
-2019
-1423
-827
-46
230
649
1496
2397
2986
3403
4831
5740
5306
3841
3814
3579
1728
-767
-2533
-3471
-4303
-3917
-2962
-1537
294
1493
2206
2808
3600
3385
2612
2665
2826
2255
1129
250
-511
-1101
-1425
-1958
-2113
-1780
-1304
-984
-617
-178
-285
-874
-1164
-1007
-1150
-1483
-1665
-1740
-1727
-1951
-2341
-2977
-3184
-3052
-2722
-2566
-2451
-2812
-3281
-4627
-5501
-5702
-1931
9641
21695
26411
19695
11792
5097
-4201
-12733
-15410
-9591
-5299
-4780
-2698
1231
4294
1140
-1414
866
3464
2732
-959
414
4939
8126
9618
9769
9428
5070
-565
-3648
-4134
-4204
-6268
-6798
-5034
-2842
-2043
-2649
-2101
-753
807
1778
2250
2806
2931
3232
3543
4214
4321
3081
1297
-475
-1226
-2197
-3414
-4058
-3784
-2735
-2221
-1572
-742
-29
532
650
1355
2073
2727
2896
3042
3771
4783
5895
5841
5160
3436
691
-2439
-4598
-4914
-4735
-3904
-2463
-571
1421
2608
3054
2899
2954
3007
2812
2675
2539
2107
1076
231
-477
-1264
-2065
-2505
-2260
-1687
-1013
-638
-452
-253
-281
-596
-1031
-1341
-1539
-1770
-1710
-1597
-1821
-2237
-2602
-2827
-2970
-3039
-3141
-3074
-3041
-3042
-4202
-5444
-6153
-4015
6461
19464
27074
22371
13884
7340
-1695
-11051
-16222
-11857
-6714
-5805
-3891
-234
3864
1930
-741
1392
4366
4034
-909
-1212
3480
7550
9527
9624
9906
6525
1098
-2346
-3605
-4122
-6847
-8113
-6470
-3754
-2336
-2828
-1957
-189
1520
2256
2316
2941
3018
3085
3040
3432
3855
3169
2117
641
-361
-1760
-3449
-4441
-4527
-3659
-3133
-2341
-950
357
1079
1154
1595
2239
2787
2922
2437
2432
3053
3928
4650
5247
5554
3901
900
-2125
-4376
-5864
-6626
-5348
-2585
517
2802
3736
3880
3551
3195
2625
2215
2379
2195
1524
790
188
-571
-1411
-1944
-2253
-2197
-1942
-1475
-906
-246
57
-258
-761
-1234
-1594
-2096
-2336
-2223
-1960
-1855
-1933
-2308
-2773
-2990
-3133
-3138
-3046
-3310
-3594
-5092
-5419
-5612
254
12714
23985
26165
17703
10661
2961
-6566
-14445
-15250
-8845
-6517
-5344
-2531
1701
3693
212
540
3519
5194
1840
-2499
513
5225
8856
9447
9326
8558
3741
-195
-2888
-3838
-5764
-8437
-7677
-5475
-2950
-2762
-2741
-875
934
2531
2438
2737
3091
3043
3080
2655
3185
3166
2637
1548
64
-1006
-2696
-3837
-4444
-4148
-3614
-3340
-1967
-403
794
1192
1517
2419
3031
3175
2506
1964
2446
3396
4501
4512
4710
4135
2202
-341
-2839
-4497
-6195
-6115
-4153
-1334
1316
2775
3615
3706
3728
3146
2158
1820
1737
1632
973
422
-117
-891
-1392
-1890
-2050
-2193
-1912
-1385
-800
-295
-413
-648
-1053
-1344
-1770
-2194
-2292
-2171
-1883
-1787
-2012
-2547
-3004
-3068
-3039
-2953
-3560
-3741
-4776
-5214
-5865
-1263
10963
23013
26610
18747
11402
4229
-5312
-13774
-15687
-9592
-6934
-6095
-3289
1198
3797
306
522
3930
5793
2304
-2655
115
5043
8592
9008
8760
8677
4549
560
-2396
-3749
-5762
-8691
-8015
-5733
-3262
-3199
-3139
-885
1175
2662
2472
2805
3423
3286
2949
2332
2796
2946
2643
1817
219
-910
-2565
-3679
-4310
-4288
-3920
-3596
-2122
-583
659
1049
1535
2741
3332
3381
2518
1867
2478
3700
5119
5432
5652
4385
1390
-1973
-4821
-6405
-7167
-5633
-2751
307
2740
3769
4079
3812
3599
2804
1875
1748
1642
1289
538
111
-311
-1085
-1635
-2212
-2247
-1899
-1307
-706
-332
-123
-439
-875
-1195
-1518
-1967
-2333
-2248
-2138
-2115
-2319
-2524
-2693
-2760
-2806
-2984
-3093
-3307
-3549
-5138
-5796
-5887
394
12932
24320
26323
17891
10382
2312
-6775
-14376
-15165
-9390
-7339
-5597
-2815
1260
2937
274
1986
4866
5535
891
-3042
782
5645
8762
8239
8076
7953
4299
742
-2581
-4179
-6522
-8751
-7667
-5737
-3675
-3496
-2495
-4
1845
2763
2324
3108
3564
3212
2585
1921
2667
2916
2605
1423
56
-993
-2541
-3673
-4609
-4508
-4070
-3381
-1928
-646
440
944
2079
3326
3602
3007
1867
2365
3469
4945
5930
6020
4793
1352
-1906
-4945
-6680
-6865
-5541
-2821
-453
2024
3144
3489
3545
3244
2942
2122
1918
1455
929
626
287
-12
-864
-1596
-2203
-2325
-1743
-1205
-737
-514
-306
-384
-672
-954
-1396
-1763
-2040
-1995
-1930
-2170
-2588
-2978
-2988
-3007
-3048
-3298
-3031
-3172
-3449
-4743
-5663
-6030
-2501
9048
21812
27558
20932
12374
5044
-4021
-12331
-16048
-11457
-7857
-6405
-3708
-142
2948
928
1324
4327
5439
2217
-2846
-233
5133
8448
8468
7759
8649
5960
2202
-1503
-3951
-5826
-8513
-8233
-6884
-4978
-3942
-2991
-323
1378
2493
2373
2971
3716
3177
2768
2075
2690
3087
2803
1916
569
-259
-1882
-3421
-4697
-4949
-4102
-3390
-2170
-1307
-310
721
1930
3236
3508
3090
2209
2752
3968
5664
6520
6101
4190
678
-2544
-5754
-6921
-6498
-4738
-2203
-26
2228
2945
3216
3050
2787
2788
2411
2192
1418
1081
786
140
-418
-1399
-1977
-2415
-2020
-1268
-763
-432
-517
-389
-298
-267
-733
-1365
-1799
-2056
-2116
-2235
-2438
-2689
-3088
-3195
-3277
-3015
-3073
-2846
-2880
-2999
-4094
-5463
-6173
-3820
7049
20121
27404
22141
13080
5851
-3000
-11134
-16049
-12490
-8471
-6965
-3962
-910
2725
1388
1260
4058
5002
2479
-2836
-842
4666
8089
8362
7362
8770
6676
2743
-1295
-4035
-5443
-8187
-8417
-7451
-5628
-4223
-3243
-447
1096
2094
2224
2885
3903
3204
2689
2141
2838
3148
2599
2007
843
128
-1655
-3655
-5036
-5280
-4288
-3554
-2375
-1438
-391
811
1873
2923
3019
2660
2643
3215
4748
5929
6557
5999
3786
575
-3328
-5882
-6890
-6225
-4398
-2171
491
2178
3091
3107
2744
2563
2300
2271
1808
1530
1229
874
452
-452
-1486
-2501
-2670
-2180
-1405
-698
-439
-288
-300
-282
-487
-1022
-1451
-1876
-2064
-2158
-2350
-2617
-2903
-3063
-3212
-3467
-3239
-3012
-2849
-3329
-3182
-4024
-4916
-6118
-1654
11036
23445
27083
18663
10544
3209
-5361
-13041
-15734
-10526
-7782
-5871
-3221
319
2829
602
2168
4377
4542
434
-3197
1336
6148
8749
7624
7492
8527
5167
1152
-3044
-4353
-5733
-7967
-7795
-7230
-5224
-4333
-2717
-321
974
2087
2090
3328
3834
3247
2673
2298
3179
2898
2361
1557
727
-145
-2383
-4241
-5479
-4974
-4029
-3442
-2467
-1428
275
1480
2300
2769
2498
2283
1724
2058
3112
5088
6620
6430
5511
2672
-1160
-5366
-7205
-7232
-6368
-3614
-689
1973
3037
3367
3159
2546
2647
1987
1326
1082
1547
1629
828
57
-1320
-2328
-2859
-2572
-2085
-1508
-655
-428
-230
-91
-203
-724
-1353
-1733
-2298
-2678
-2880
-3069
-3150
-3280
-2987
-3134
-2849
-2740
-2717
-3134
-3506
-4549
-5461
-5809
-1901
9559
22067
27442
20194
10887
3327
-4514
-11781
-15677
-11482
-7747
-5463
-3141
-514
2623
1266
1641
2984
3207
787
-2491
1053
5905
8956
8587
7843
8560
5461
1294
-3075
-4781
-5457
-7294
-7474
-7139
-5177
-4069
-2978
-1063
7
1412
1882
3047
3746
3508
3370
2865
3259
3028
2628
1949
815
-270
-2218
-3815
-4940
-4830
-4042
-3656
-2854
-1771
-5
1414
2175
2656
2462
2482
1958
2231
3031
4502
6284
6216
5169
2758
370
-2898
-5919
-6578
-6223
-4411
-2189
609
2285
2726
3482
3072
2636
1881
1464
1256
1455
2165
1373
244
-815
-1659
-2323
-2524
-2021
-1729
-1044
-459
-125
-124
-279
-611
-1234
-1752
-2288
-2837
-3244
-3172
-2980
-2915
-2536
-2434
-2413
-2667
-2684
-3187
-3695
-4185
-5169
-5289
-4547
4176
16925
26771
24464
13933
5973
-2042
-8859
-15155
-13973
-8360
-5493
-2601
-1420
1971
2233
833
1868
1737
1522
-1816
-769
4352
8165
9906
8212
8539
6619
2370
-1841
-5016
-4822
-6068
-6690
-6617
-5660
-3832
-3450
-2054
-1237
-152
1012
1940
3529
3687
3946
3568
3283
3253
2693
2519
1279
83
-1818
-3553
-4322
-4645
-3909
-3618
-3045
-2248
-929
749
1491
2080
2040
2235
2161
2216
3370
4981
6475
6354
5606
3634
444
-3135
-5868
-6661
-6242
-4205
-1812
328
1936
2790
3045
2649
2503
1928
1356
1577
2023
2174
1442
634
-481
-1713
-2436
-2746
-2471
-1920
-1033
-522
-213
-117
-303
-641
-1154
-1459
-2112
-2660
-3011
-3204
-3247
-3184
-2688
-2657
-2454
-2670
-2798
-2988
-3119
-3383
-5211
-5925
-5186
4046
17608
27187
24607
13602
5450
-2471
-9382
-15018
-13574
-7430
-4289
-1685
-1017
1303
1685
439
1281
851
710
-1452
-10
5139
8524
10130
8655
8293
5930
1474
-2086
-4670
-4443
-5275
-5933
-5968
-5295
-3648
-3368
-2614
-2227
-1267
279
1730
3596
4102
4326
3854
3257
2952
2544
2640
1626
204
-1609
-3195
-3844
-4182
-3930
-3974
-3432
-2508
-1155
386
1199
1819
1885
2189
2192
1948
3450
5899
7799
7399
5749
3182
-1279
-4875
-6787
-6847
-5596
-3262
-598
483
1718
2504
2394
2157
2086
2043
1504
2019
2588
2274
1470
324
-1081
-2445
-2766
-2770
-2530
-1593
-695
-365
-476
-515
-728
-964
-1090
-1383
-1910
-2512
-2729
-3165
-3483
-3403
-3123
-3074
-2896
-2474
-2138
-2804
-3314
-4570
-5440
-5972
-3285
8078
21194
28192
20782
9775
1909
-4831
-10479
-14788
-10721
-5546
-2281
-718
-618
1490
359
-201
-233
-238
172
-809
2610
6879
9831
9974
7987
6738
3059
-301
-3098
-4074
-3759
-4642
-4887
-5346
-4693
-4008
-3799
-3311
-3148
-1599
186
2471
4073
4362
4350
3510
2999
2357
2328
2249
1431
264
-1382
-2588
-3507
-3855
-4039
-4272
-3695
-2574
-853
357
1223
1620
1736
1832
2275
4378
6425
7506
6666
5337
2845
-843
-3667
-5369
-5401
-4639
-2926
-1552
-846
376
1124
1574
1874
2370
2369
2019
2336
2323
1978
1175
157
-1175
-2259
-2498
-2467
-1980
-1361
-885
-856
-1011
-1011
-1213
-1224
-1017
-1071
-1297
-1552
-1911
-2808
-3914
-4600
-4496
-3863
-2974
-2597
-2144
-2238
-2374
-4039
-5725
-6420
-3931
7490
20793
28209
20780
9278
1397
-4888
-9586
-13671
-9747
-4454
-1124
-54
-1264
330
-663
-1250
-1467
-1162
409
14
3527
7423
10145
10275
7543
5629
1697
-866
-2725
-3205
-2437
-3198
-3376
-4533
-4804
-4968
-5179
-4379
-4040
-2234
-125
2570
4415
4582
4405
3212
2538
1854
2045
2361
1652
861
-551
-1446
-2522
-3537
-4268
-4896
-4180
-3215
-1452
283
1319
1907
1332
2647
4438
6234
6444
5644
5045
2556
437
-1937
-2995
-3431
-3309
-2261
-2276
-1543
-1251
-713
245
1319
2551
2431
2692
2582
2085
1455
600
-59
-1199
-1618
-1695
-1455
-946
-944
-1202
-1801
-1902
-1832
-1517
-1048
-800
-780
-992
-1192
-1729
-2669
-3637
-4451
-4360
-4274
-3836
-3487
-2883
-2677
-2609
-3451
-4860
-5839
-3690
7792
21159
27997
19591
7118
-416
-5281
-8540
-11838
-7604
-2049
649
695
-1711
-1040
-2573
-3573
-3132
-1602
1123
1471
4894
8663
10789
9918
5785
3295
324
-972
-1670
-1579
-550
-1444
-2439
-4444
-5326
-5929
-6584
-5844
-4765
-2017
675
3137
4434
4024
3387
1851
1281
1332
2423
3534
3189
2261
378
-1047
-2413
-3770
-4648
-5256
-4431
-3194
-1125
432
1416
1383
1181
2888
4584
5749
4805
4666
4083
2535
846
-944
-1585
-2483
-2204
-2341
-2643
-1936
-1403
-475
301
1708
2380
2064
2058
1554
1156
710
401
-77
-715
-715
-970
-1101
-1162
-1340
-1842
-2365
-2210
-1715
-912
-317
-219
-682
-1273
-1967
-2744
-3542
-3821
-3662
-3341
-3302
-3396
-3589
-3644
-3915
-3488
-4485
-5287
-6426
-1303
12476
25119
27230
14021
2510
-3916
-6457
-8636
-9490
-2873
1870
3701
624
-3211
-3780
-5918
-5390
-4462
-1023
2641
4234
8030
9714
10025
6761
2351
109
-1220
433
1312
2084
1589
-567
-2806
-6000
-7595
-8388
-7424
-5640
-3469
-34
2648
4341
3315
1602
266
-666
-23
1487
4349
5830
5409
3373
248
-1925
-3897
-4685
-4986
-4384
-2805
-1154
477
984
258
-217
766
2626
3802
4178
4845
4599
3305
1492
116
-818
-1345
-1534
-2127
-2192
-1301
-565
-426
-28
829
1274
1155
1205
997
628
583
547
368
115
-109
-674
-1234
-1369
-1691
-2330
-2624
-2436
-1913
-1201
-479
-388
-619
-785
-1245
-2160
-3070
-3487
-3714
-3645
-3509
-3151
-3492
-4026
-4705
-4471
-4680
-4973
-6080
1217
15834
27226
23756
7967
-1736
-4948
-4448
-6462
-5751
790
4879
5229
-831
-5454
-6588
-7235
-5533
-3860
736
4573
6999
8924
7901
6463
2909
-58
-1312
-99
3737
5677
5342
2159
-1559
-4798
-7479
-8830
-8858
-6518
-3509
-307
1995
2825
2277
130
-1351
-2258
-1323
921
3715
6408
6808
5548
2317
-1176
-3387
-4243
-3651
-2793
-1495
-218
558
563
-643
-2292
-1820
28
2578
3672
4743
5799
4787
3143
322
-1184
-1614
-946
-228
-714
-213
287
581
189
-307
-318
-435
248
749
996
1041
1004
750
164
-187
-775
-1197
-1517
-1445
-1425
-1571
-1601
-2052
-1752
-1209
-850
-903
-1307
-1509
-1763
-1782
-1976
-2452
-2673
-3010
-3336
-3993
-4215
-3900
-3821
-3979
-4914
-5991
-5853
4266
18308
26584
17983
2586
-4630
-4759
-2042
-3615
-1869
3275
6432
5232
-2689
-7764
-9079
-6912
-3308
-1454
2027
4801
7696
8102
5252
2228
-738
-1258
-327
2839
6737
7985
5640
354
-4029
-6544
-7060
-7100
-6663
-4395
-1407
1695
1970
280
-2066
-3715
-3129
-1965
664
3617
6189
7050
5149
2295
-1166
-3137
-3249
-2115
-201
894
1385
801
-563
-2125
-3334
-2315
-738
1279
2327
3744
4947
4188
2510
-311
-1387
-1066
266
1245
797
762
487
483
69
-455
-352
-189
658
987
892
616
106
-216
-494
-386
-373
-641
-1015
-1269
-1449
-1557
-1781
-2188
-2085
-1310
-404
-104
-580
-1312
-2159
-2546
-2827
-2973
-2552
-1830
-1426
-2174
-3306
-4840
-5398
-5116
-4636
-4716
-5747
3160
16563
25421
16633
49
-6681
-4481
942
-324
-251
4178
7433
6399
-2765
-9574
-10624
-6713
-839
1534
3593
4787
6173
5555
1745
-1170
-2329
-633
1999
5692
9078
9045
4796
-2110
-6721
-7370
-5205
-3204
-2402
-1316
-16
1230
148
-3060
-5880
-6442
-3442
174
3282
5213
5816
5182
2625
-287
-2621
-2962
-1373
1011
2865
3350
2314
-54
-2568
-4267
-4169
-2336
952
3716
4740
3998
2783
1262
-561
-1711
-1363
560
2754
3729
2655
418
-1219
-1693
-1205
-331
835
1938
2399
2138
951
-566
-1662
-1803
-999
219
1232
1238
176
-1476
-2849
-3503
-3321
-2479
-1404
-188
517
577
-290
-1708
-2918
-3549
-2844
-2219
-1349
-1265
-1524
-2316
-3665
-4501
-4900
-5189
-5043
-5377
-4685
4619
16925
23269
12453
-2934
-7960
-3218
3124
2506
2344
5185
7075
4200
-5059
-10978
-10157
-4100
2517
4862
4808
3589
3089
2025
-526
-2309
-1782
1285
4693
7882
9212
7184
1542
-4989
-7985
-6155
-1543
1395
1206
-391
-1797
-2204
-3090
-4705
-5718
-4505
-713
2872
4289
3497
1869
324
-683
-939
-518
818
2483
3563
3010
1306
-788
-2568
-3451
-2864
-43
2492
3244
1943
615
194
0
-103
-434
-54
1351
2902
3057
1388
-496
-1425
-1151
161
1605
2438
2475
1908
880
-432
-1471
-1553
-881
264
1225
1357
587
-901
-2276
-3215
-3248
-2456
-1588
-810
-296
-191
-709
-1380
-2198
-2841
-2673
-1907
-1015
-800
-1183
-1913
-3042
-4171
-4880
-4929
-3417
-2865
-2628
-6011
-1260
9764
19246
14945
-1004
-8255
-4212
4768
6663
3186
3208
4341
3889
-2384
-9045
-9209
-3828
3689
6665
5154
1749
-656
-1020
-1354
-594
805
3310
4867
5752
6145
4559
958
-4053
-6275
-3871
940
4560
3312
-686
-4563
-5686
-4294
-3143
-2586
-2074
-182
1788
2216
885
-1006
-1799
-1536
-21
1589
2583
2804
2147
1018
-384
-1218
-1162
-871
488
2139
2943
2086
-187
-1618
-1996
-823
829
1743
1867
1390
807
-42
-603
-787
-413
422
1832
3068
3172
2148
491
-687
-1040
-538
330
782
992
851
31
-1076
-1985
-2325
-2236
-1785
-1217
-978
-1050
-1318
-1512
-1570
-1613
-1896
-1964
-2185
-1831
-1616
-1270
-1442
-1930
-2813
-3349
-3667
-3370
-3696
-3590
-4685
-4814
3538
13468
17635
6036
-6971
-8213
192
7625
6318
3528
3573
3775
894
-5849
-8927
-5585
1615
6782
6580
2864
-1139
-2679
-2692
-1244
1345
4116
5773
4760
3740
3028
1619
-1158
-4203
-3725
-69
4048
4685
1000
-3618
-6129
-5188
-2743
-895
-365
-452
-242
-449
-934
-1567
-1216
-253
833
1826
1979
1595
719
-275
-641
-364
694
1227
2113
2328
1882
836
-338
-899
-1464
-808
436
1517
1969
1015
-350
-1589
-1283
108
1106
1785
1905
1982
1786
1446
868
205
-88
110
541
722
607
77
-662
-1059
-1329
-1558
-1723
-1687
-1516
-1596
-1535
-1410
-1028
-771
-901
-1651
-2315
-2493
-2231
-1987
-1901
-1646
-1595
-1872
-2565
-3573
-3693
-4013
-3405
-5339
-551
8890
15823
10635
-4094
-9580
-3403
6418
8568
4395
2623
2318
1382
-3199
-7075
-5402
267
6030
6844
3670
-987
-3523
-3124
-1599
1860
4527
6207
4602
1662
812
786
758
-791
-1681
42
2396
3532
1146
-2472
-4983
-4519
-2019
-75
398
-818
-1725
-2145
-2268
-1518
-612
567
601
593
762
443
137
-557
-347
518
1708
2213
2295
1443
527
122
-80
215
-235
-230
191
432
718
61
-686
-982
-532
754
1510
1661
1309
826
582
786
1244
1521
1516
1016
432
-61
-119
-301
-746
-835
-706
-603
-713
-1272
-1875
-2261
-2038
-1452
-1155
-894
-806
-1193
-1825
-2214
-2052
-1813
-1599
-1782
-1869
-2482
-2310
-2893
-2628
-3540
-3423
-4742
-3421
5063
12373
11998
-748
-9362
-5313
4895
10018
6382
2218
1052
444
-1622
-4735
-4090
-82
4940
6281
3763
-483
-3883
-3747
-2024
1425
5131
6439
4962
660
-1217
-341
1183
1413
416
499
1392
2150
969
-1698
-3730
-3716
-1230
796
1049
-775
-2879
-3232
-2755
-1187
126
915
728
-381
-723
-489
-5
270
385
767
1356
2496
2532
1324
-252
-565
599
1513
1726
727
-234
-622
-604
-473
-779
-849
-417
549
1284
1515
1419
864
495
568
1150
1778
1623
878
-40
-213
209
467
104
-513
-967
-1075
-1032
-1155
-1451
-1645
-1615
-1176
-977
-1012
-1391
-1930
-2198
-1941
-1744
-1550
-1913
-1994
-2224
-2027
-2181
-2543
-2853
-3068
-3296
-4517
1718
8999
11791
2514
-8287
-7064
2963
10033
7560
1504
-396
-93
-256
-2383
-2470
-148
3442
4736
2955
39
-2731
-2917
-1322
1003
4305
5385
4410
662
-1820
-814
1692
3040
1951
557
384
959
922
-535
-1770
-2307
-882
288
177
-1174
-2943
-3144
-2293
-929
421
829
307
-1003
-1484
-1029
-65
629
613
722
741
1700
2314
1851
721
-304
193
850
1164
678
-311
-799
-770
-302
-12
21
-81
13
275
566
812
651
513
621
997
1505
1516
1085
429
-26
-33
134
140
-53
-448
-939
-1178
-1185
-1265
-1444
-1620
-1295
-923
-1006
-1644
-2315
-2304
-1763
-1351
-1273
-1827
-2063
-2644
-2596
-2840
-2355
-2558
-2276
-3808
-3085
3777
9491
8475
-2180
-8234
-3095
6179
9117
4295
-472
-1041
-399
-506
-1325
-101
1614
3164
2425
986
-673
-1815
-1319
-159
1964
4270
4403
2366
-971
-1466
659
2881
2735
927
-247
-176
505
369
-459
-1028
-1186
-206
78
-370
-1722
-2893
-2666
-1600
-309
570
340
-811
-1980
-1857
-654
654
934
446
242
534
1837
2335
1826
859
-86
47
401
837
722
36
-496
-610
-368
-423
-455
-525
-243
316
891
1179
752
423
487
859
1360
1304
890
403
195
211
181
-55
-348
-592
-876
-960
-966
-1047
-1125
-1178
-1069
-1079
-1424
-1864
-2260
-2044
-1772
-1583
-1622
-1967
-2559
-2900
-2840
-2435
-2086
-2569
-3104
-4293
845
6922
8896
1152
-7529
-5541
3853
9448
6217
-31
-1904
-1017
-150
-947
-330
1150
2333
2117
635
-49
-943
-1365
-877
402
3137
4550
3501
394
-1699
-522
1949
2800
1396
144
226
917
829
-372
-977
-1087
-544
-8
-328
-1063
-2247
-2726
-2070
-853
273
396
-582
-2000
-2215
-933
471
967
185
-431
-365
827
2173
2018
1176
254
205
486
502
424
179
-82
-384
-556
-610
-555
-578
-631
-225
127
682
867
615
487
469
779
921
722
337
178
300
445
404
79
-283
-554
-806
-992
-1202
-1330
-1291
-1057
-907
-1134
-1678
-2172
-2173
-1935
-1692
-1576
-1776
-1885
-2415
-2900
-3047
-2421
-2231
-2148
-4146
-1034
4856
8110
3114
-5707
-5895
2169
8499
6460
343
-2056
-981
192
-214
8
1406
2025
1659
157
-116
-206
-523
-592
-256
1641
3487
3167
962
-1229
-410
1759
2718
1529
226
88
555
726
80
-346
-446
-557
-174
-357
-831
-1750
-2444
-2085
-1171
-107
265
-496
-1822
-2413
-1521
-110
745
428
-179
-400
616
1727
2008
1372
443
99
103
550
684
261
-306
-687
-629
-342
-162
-228
-412
-232
167
458
384
167
32
201
601
807
688
282
-71
94
358
416
33
-464
-598
-615
-724
-855
-897
-892
-735
-669
-1165
-1796
-2248
-2103
-1925
-1845
-1972
-1989
-2256
-2394
-2802
-2555
-2808
-2479
-3331
-2740
2648
7021
5755
-2765
-7141
-1796
6709
7950
2385
-2065
-1502
160
507
-386
614
1378
1503
509
60
393
-62
-924
-929
437
3027
3704
2004
-697
-1129
741
2379
1927
422
287
843
964
283
-500
-372
-378
-148
32
-161
-914
-2280
-2731
-1758
-79
771
166
-1392
-2481
-1939
-725
156
245
-212
-239
390
1348
1882
1415
336
-396
-265
517
1192
920
3
-728
-774
-306
-95
-267
-476
-323
116
292
77
-4
228
423
547
719
717
456
10
-223
16
265
246
-218
-810
-788
-522
-446
-707
-833
-736
-744
-970
-1287
-1536
-1621
-1786
-1727
-1876
-2019
-2354
-2440
-2731
-2605
-3072
-2766
-3808
-1671
3684
6709
3189
-4864
-5916
1303
7863
6212
222
-2111
-434
975
477
-44
1114
1267
750
-299
220
839
-96
-1307
-1049
1123
3342
2982
854
-1000
-122
1625
2002
763
-8
926
1589
1134
9
-545
-159
-242
-199
-47
-85
-977
-2272
-2419
-1175
202
291
-719
-1788
-1999
-1184
-254
198
108
-143
-116
303
1165
1616
1084
-125
-572
255
1270
1419
422
-528
-731
-367
-126
-387
-618
-591
-214
263
329
249
83
-2
148
523
809
578
89
-198
-13
334
281
-131
-562
-619
-539
-470
-531
-683
-998
-1156
-1216
-1410
-1613
-1586
-1454
-1354
-1532
-1821
-2422
-2700
-2755
-2455
-2245
-2475
-2885
-3723
348
4963
5555
-855
-6416
-3237
4836
7731
3216
-1707
-1516
501
1197
93
471
1364
1135
319
-83
951
803
-589
-1284
-95
2292
3118
1545
-595
-997
693
1821
1527
246
367
1250
1245
599
-183
-154
20
-128
117
157
-374
-1803
-2489
-1654
-211
515
-254
-1448
-2172
-1865
-740
-105
81
-225
-362
24
844
1656
1648
665
-310
-202
657
1228
840
-203
-773
-480
-56
66
-236
-435
-377
-195
1
-36
-105
-91
41
296
709
679
52
-413
-425
95
538
419
-14
-350
-427
-439
-687
-994
-977
-644
-429
-667
-1288
-1622
-1696
-1582
-1574
-1757
-2020
-2284
-2535
-2720
-2692
-2866
-2628
-3210
-106
4310
5604
295
-5744
-3885
3715
7587
3700
-1578
-1844
331
1221
220
205
1258
1211
615
22
738
741
-503
-1266
-276
1976
3189
2038
-32
-927
272
1425
1337
242
211
1182
1367
577
-168
-293
-85
-78
317
488
-96
-1435
-2298
-1566
-185
543
-195
-1406
-2086
-1998
-1106
-262
116
-32
-81
455
1117
1235
810
290
94
391
793
940
557
-69
-488
-395
-200
-36
-120
-223
-250
-146
52
-2
-195
-270
-51
290
577
582
162
-318
-446
-172
113
160
-32
-398
-754
-830
-799
-754
-485
-278
-359
-1032
-1678
-1692
-1357
-1202
-1512
-1966
-2260
-2162
-2345
-2375
-2841
-2700
-3569
-1503
3068
5538
1934
-4803
-5033
2117
7593
4821
-1132
-2607
110
1859
1040
90
878
1060
890
355
686
760
-279
-1215
-627
1416
2987
2325
351
-911
18
1462
1622
329
-373
737
1756
1463
276
-496
-348
-107
247
443
94
-885
-1852
-1603
-454
416
147
-963
-1870
-1924
-1039
-20
229
-103
-406
136
667
815
756
605
564
438
460
695
662
182
-341
-437
-260
105
205
-54
-278
-230
90
92
-77
-48
280
455
455
298
18
-186
-233
4
160
93
-163
-480
-684
-557
-364
-359
-394
-452
-721
-1181
-1438
-1375
-1125
-1330
-1608
-2045
-2213
-2327
-2227
-2542
-2685
-3228
-2651
1439
5055
4040
-2505
-5876
-955
6304
6640
876
-2725
-825
1700
1632
39
294
1116
1527
1040
526
336
-295
-769
-353
1068
2500
2497
1092
-419
-458
851
1547
914
-40
519
1739
1816
511
-722
-688
51
578
653
98
-760
-1640
-1553
-698
65
144
-499
-1334
-1716
-1263
-307
216
-10
-371
189
950
1122
687
365
515
647
513
304
362
366
123
-73
-170
-112
-67
-68
68
148
228
91
-158
-275
2
482
577
397
-19
-299
-352
-312
-163
-156
-57
-90
-391
-718
-796
-551
-337
-166
-409
-998
-1351
-1396
-1175
-1297
-1694
-1989
-1995
-2180
-2355
-2904
-2880
-3278
-1752
2235
5034
2632
-3729
-5268
924
7059
5303
-784
-2928
-13
2314
1476
-205
253
1137
1793
1500
715
-316
-938
-531
534
1484
2131
1794
609
-506
-206
973
1361
552
-139
715
1841
1644
177
-918
-551
417
956
673
-192
-1150
-1522
-907
-250
-123
-454
-874
-1205
-1466
-1149
-419
-51
-231
-224
541
1174
796
100
50
638
1032
757
196
-123
-69
73
58
-164
-288
-192
29
-23
-137
-85
-52
-105
-113
198
541
538
210
-65
-158
-168
-131
-130
-216
-367
-475
-588
-872
-982
-581
-145
-248
-942
-1511
-1531
-1115
-916
-1257
-1954
-2220
-2304
-2287
-2655
-2579
-2983
-1835
1684
4678
2807
-3279
-5448
108
6591
5655
-393
-3133
-351
2150
1401
-354
87
1126
2027
1797
753
-769
-1415
-239
1361
1772
1596
1422
867
-1
-56
777
1256
607
-126
544
1602
1572
318
-819
-642
315
1009
781
-268
-1319
-1498
-692
44
-19
-712
-924
-845
-1034
-1213
-869
-268
-8
-9
326
899
694
-2
-230
474
1131
923
192
-338
-315
22
249
75
-301
-314
125
315
77
-267
-175
37
165
295
335
253
55
-102
-216
-332
-411
-334
-255
-363
-559
-630
-656
-695
-503
-174
-245
-770
-1348
-1422
-1230
-1209
-1530
-1770
-2103
-2326
-2550
-2642
-2861
-2793
-225
3263
4229
-18
-4804
-3502
3168
6308
2791
-2052
-1659
1384
2067
151
-608
452
1618
2178
1539
-175
-2037
-1440
1239
2676
1641
530
580
762
157
-6
753
1098
416
349
1181
1438
407
-641
-492
270
656
584
77
-769
-1437
-1018
-16
282
-340
-973
-826
-701
-1048
-1190
-805
-164
200
421
676
674
170
-206
136
633
678
454
272
100
-52
-43
-42
-64
-181
-45
208
86
-301
-379
-28
326
272
131
-12
-219
-273
-133
-12
-133
-413
-494
-307
-384
-572
-750
-642
-403
-224
-311
-802
-1191
-1161
-907
-822
-1139
-1473
-1748
-1888
-2171
-2363
-2426
-2461
-883
1894
3785
1464
-2918
-3954
455
4477
3420
-377
-1379
484
1427
154
-487
414
1416
2047
1946
669
-1671
-2320
247
3104
2674
638
22
630
432
-240
15
876
743
355
846
1224
283
-821
-501
671
828
225
-151
-307
-840
-1005
-137
478
-48
-839
-780
-430
-759
-1256
-922
-109
232
158
419
647
242
-303
-20
559
577
160
136
358
182
-296
-428
-197
-172
-109
220
286
-225
-688
-538
98
364
78
-73
-65
-150
-321
-319
-265
-329
-275
-83
-116
-476
-825
-816
-399
6
132
-100
-678
-1071
-1127
-888
-700
-895
-1164
-1389
-1605
-2059
-2352
-2272
-1427
115
1840
2050
130
-2153
-1917
648
2209
1552
363
563
738
-298
-1191
-246
1142
1771
1610
1390
197
-1454
-1542
540
2316
1960
966
869
871
-178
-1086
-420
741
1068
1018
1156
750
-480
-1230
-487
741
851
311
-1
-321
-989
-1192
-424
402
297
-102
-197
-343
-858
-1107
-491
401
726
698
563
230
-408
-715
-253
342
375
162
185
85
-392
-651
-402
46
208
138
146
-11
-255
-328
-69
239
298
169
3
-170
-483
-510
-345
-215
-108
-158
-231
-344
-547
-626
-490
-308
-252
-244
-359
-582
-756
-756
-716
-859
-943
-1013
-1103
-1359
-1669
-1592
-1180
-564
264
823
614
-239
-734
-595
-249
19
564
1207
888
-404
-874
-7
964
1033
791
771
561
1
19
813
943
364
354
1234
1630
652
-472
-484
-171
105
467
1116
1109
152
-547
-379
32
-105
-195
183
424
113
-306
-312
-158
-241
-251
45
188
-178
-569
-381
-45
58
131
217
253
46
-134
-69
-99
-234
-213
25
206
196
124
-125
-292
-315
-142
-22
46
38
-63
-163
-183
-32
29
-147
-366
-412
-385
-324
-285
-239
-202
-249
-384
-505
-590
-571
-399
-293
-275
-456
-680
-769
-813
-794
-796
-869
-1127
-1350
-1465
-1383
-1254
-1086
-449
344
742
280
-356
-780
-771
-372
350
953
724
-110
-367
244
802
678
358
446
466
250
503
1011
985
332
58
674
1179
789
-60
-306
-243
-149
152
648
721
235
-138
-91
20
-269
-508
-138
244
167
-146
-117
-163
-531
-596
-233
8
-223
-448
-261
45
161
87
135
90
-33
52
187
180
-44
-189
-132
-35
81
179
73
-106
-224
-130
-46
-88
-73
-37
-33
-146
-32
123
49
-295
-482
-407
-337
-270
-266
-252
-301
-523
-561
-407
-370
-410
-463
-409
-489
-673
-784
-881
-938
-1006
-1043
-1110
-1204
-1381
-1413
-1339
-1036
-338
422
608
121
-460
-825
-706
-268
423
793
465
-154
-77
594
867
433
135
215
399
594
924
1080
574
-18
174
898
1033
346
-213
-118
-41
-66
217
670
567
135
-43
129
32
-485
-655
-206
215
113
-4
-12
-237
-554
-609
-298
-183
-372
-363
-53
93
-47
-146
8
39
-130
-184
-57
-52
-239
-221
-85
-30
-18
38
107
-72
-310
-347
-153
14
-31
-47
-87
-108
-144
-136
-241
-412
-475
-398
-394
-443
-492
-544
-553
-579
-537
-380
-209
-277
-445
-629
-773
-875
-890
-856
-893
-996
-1160
-1183
-1201
-1355
-1384
-1275
-846
-193
431
359
-172
-788
-894
-525
-86
321
378
139
-102
276
716
608
220
139
283
352
504
835
847
387
89
412
755
628
205
16
-17
-161
-184
117
373
212
-34
22
69
-290
-683
-618
-258
-147
-166
-153
-150
-387
-613
-557
-474
-479
-528
-306
-58
-50
-141
-38
-6
-220
-155
-21
51
-142
-225
-146
-165
-225
-108
41
-38
-209
-220
-127
-147
-156
-135
-89
-125
-144
-91
-157
-312
-428
-478
-489
-514
-442
-402
-491
-666
-692
-520
-394
-456
-481
-465
-501
-745
-919
-885
-821
-875
-1050
-1108
-1133
-1160
-1209
-1231
-1020
-641
-112
185
-19
-272
-595
-673
-383
108
491
248
-192
-137
279
491
257
101
151
277
323
590
824
537
225
364
678
722
392
182
172
81
-71
-16
232
189
-42
-5
82
-86
-391
-458
-215
-165
-251
-245
-177
-282
-578
-589
-478
-496
-552
-450
-215
-83
-7
72
12
-250
-279
-179
-32
-2
-54
-115
-217
-129
23
83
-27
-223
-163
-100
-124
-65
-58
-138
-215
-168
-52
-127
-378
-500
-427
-426
-537
-518
-442
-370
-454
-482
-447
-387
-421
-515
-500
-498
-633
-736
-720
-741
-846
-1043
-1115
-1113
-1164
-1214
-1159
-1074
-839
-367
85
52
-216
-463
-526
-419
-174
148
219
23
-35
213
416
310
190
261
191
257
436
659
502
241
288
552
644
401
250
256
139
15
84
305
350
226
229
253
127
-237
-375
-258
-165
-159
-165
-112
-242
-436
-425
-202
-280
-551
-551
-346
15
228
190
29
-160
-202
-61
45
21
-14
-91
-117
-49
75
69
-39
-21
79
59
-11
36
149
38
-155
-62
34
-85
-274
-378
-370
-451
-510
-469
-349
-307
-293
-260
-305
-376
-429
-374
-380
-434
-547
-542
-612
-691
-745
-780
-860
-927
-959
-893
-785
-815
-700
-420
-52
-87
-166
-249
-292
-317
-147
215
230
-45
-62
269
452
373
315
377
392
322
491
786
662
310
341
626
684
471
322
371
264
100
221
504
531
315
278
417
189
-138
-207
-39
58
-58
3
81
-59
-281
-327
-205
-231
-370
-203
6
27
51
140
197
-52
-220
-77
16
48
34
21
-25
-37
126
219
94
-104
-75
118
152
140
155
57
-72
-41
101
86
-170
-279
-320
-325
-396
-383
-286
-311
-388
-324
-156
-135
-260
-386
-384
-373
-404
-458
-477
-449
-533
-615
-665
-662
-695
-717
-759
-710
-558
-282
-18
-17
-206
-279
-164
-134
-3
148
169
28
29
258
475
403
325
502
573
457
393
595
710
500
376
599
743
627
465
443
348
183
147
367
444
323
258
382
345
4
-138
-29
59
-27
-1
140
205
27
4
62
-75
-268
-297
-45
132
234
363
451
244
-55
-120
32
56
74
204
170
3
-17
142
211
99
24
119
199
228
180
120
28
-77
-17
101
100
-34
-172
-207
-309
-326
-277
-166
-140
-180
-94
-76
-155
-332
-438
-367
-329
-422
-471
-366
-308
-337
-455
-536
-628
-655
-614
-552
-465
-387
-193
-84
-70
-164
-104
-131
-140
21
222
269
204
156
320
504
373
389
524
566
456
502
690
618
462
501
782
783
556
555
520
393
237
271
454
319
223
350
476
331
157
89
139
107
79
139
172
117
44
113
95
-17
-190
-204
-34
67
198
427
495
226
-72
-104
-14
64
138
251
254
87
11
160
247
147
141
190
273
302
305
318
84
-88
-90
-5
1
-96
-184
-166
-176
-244
-251
-214
-136
-124
-36
-32
-136
-282
-364
-340
-285
-376
-397
-357
-381
-418
-467
-473
-559
-665
-596
-413
-313
-235
-77
17
-35
-81
-68
-31
-47
28
164
244
113
159
426
480
280
224
369
455
405
512
630
535
377
483
734
654
356
266
436
409
266
276
419
402
223
282
466
390
36
-63
193
243
89
40
126
69
-43
-28
71
22
-166
-195
-59
183
277
403
532
230
-97
-179
-15
39
84
207
189
-14
-59
59
107
17
-54
135
285
289
238
148
-33
-201
-93
92
95
-35
-113
-174
-234
-260
-354
-304
-236
-163
-141
-60
-115
-262
-315
-343
-382
-394
-384
-335
-352
-359
-406
-519
-600
-605
-474
-330
-400
-393
-196
29
-13
-116
-81
-41
-101
-46
181
225
143
95
150
340
370
278
400
418
287
304
533
544
281
196
456
631
451
306
377
366
165
126
345
433
272
260
431
394
221
90
138
163
96
155
285
175
-62
-96
6
-10
-138
-168
-5
228
432
538
473
108
-248
-316
-138
99
288
304
87
104
183
246
126
-7
78
226
344
397
381
66
-165
-161
-32
-5
-83
-83
-93
-111
-237
-353
-263
-207
-179
-59
27
-49
-236
-340
-325
-225
-291
-418
-361
-265
-242
-211
-250
-368
-562
-450
-261
-141
-130
-204
-190
-89
-53
-133
-105
-59
-9
56
258
303
162
68
192
370
279
165
241
408
322
277
422
434
313
247
466
605
505
356
417
420
354
237
254
317
237
284
336
380
213
53
93
153
80
117
218
169
-34
-100
-53
-70
-131
-96
175
448
550
373
110
-48
-195
-62
160
315
180
-43
-15
133
123
-40
-49
76
225
301
359
302
43
-200
-136
-27
-29
-62
-132
-169
-202
-283
-329
-305
-273
-222
-160
-100
-125
-227
-305
-290
-332
-385
-392
-322
-233
-177
-209
-298
-372
-465
-369
-223
-193
-176
-258
-303
-189
-68
71
31
-37
-88
-20
135
213
204
145
13
125
390
427
309
197
224
175
252
406
480
391
256
377
498
433
247
247
344
264
187
276
306
219
185
305
449
249
59
56
134
65
21
60
130
79
70
149
159
170
248
381
399
245
68
-18
-27
64
103
124
62
1
44
126
123
-4
0
126
221
251
230
186
26
-99
-16
-31
-66
-181
-252
-150
-128
-186
-241
-231
-182
-98
-114
-159
-208
-310
-330
-240
-258
-298
-298
-257
-251
-225
-219
-232
-248
-336
-274
-143
-39
-46
-153
-279
-212
-120
-68
33
15
-43
-64
12
71
83
115
146
165
67
147
290
176
99
211
269
234
266
367
376
250
211
318
382
292
247
276
299
232
172
204
201
94
56
184
267
182
100
170
176
73
9
15
127
148
287
361
272
151
32
143
65
75
106
103
58
56
107
39
37
47
93
85
88
105
162
80
30
5
-12
-30
-78
-89
-175
-177
-228
-256
-274
-240
-154
-153
-129
-142
-134
-171
-155
-241
-251
-245
-229
-218
-252
-285
-306
-289
-251
-178
-171
-145
-93
-132
-160
-193
-273
-258
-250
-234
-194
-56
43
95
64
-105
-109
-62
-38
107
105
133
103
41
173
139
80
30
77
167
189
223
201
94
69
113
162
237
166
162
217
211
182
139
103
65
78
131
125
135
63
52
86
83
68
88
154
225
193
173
187
111
24
22
43
25
86
119
86
3
-82
-76
-45
-25
76
142
125
80
7
-65
-130
-206
-189
-184
-156
-147
-185
-172
-220
-264
-212
-240
-237
-194
-202
-171
-215
-267
-342
-347
-321
-316
-335
-294
-268
-270
-249
-297
-288
-235
-225
-212
-132
-170
-215
-207
-263
-312
-288
-244
-166
-180
-102
82
81
-33
-120
-98
-62
-62
-10
94
57
25
99
194
197
84
16
136
204
209
279
293
182
123
216
262
204
137
146
204
233
111
132
127
85
93
122
184
147
130
176
216
120
57
92
102
129
102
62
16
-79
-19
61
40
19
-68
-2
83
48
-13
-53
-52
-57
-48
44
-31
-60
-115
-138
-93
-134
-199
-261
-171
-173
-192
-203
-230
-192
-171
-161
-228
-285
-301
-235
-171
-200
-200
-245
-298
-261
-167
-115
-93
-213
-187
-166
-115
-118
-169
-173
-167
-90
-97
-186
-198
-236
-220
-206
-149
-93
-45
49
80
-47
-73
-71
-118
-5
112
154
85
-1
-27
31
59
53
21
27
63
88
126
218
134
42
103
108
153
136
145
188
195
208
126
48
72
71
90
156
156
240
225
192
115
-3
-10
0
-4
98
199
120
68
69
95
3
6
11
28
13
48
100
44
-93
-155
-121
-123
-121
-137
-81
-89
-118
-157
-214
-209
-211
-205
-144
-100
-141
-229
-198
-132
-201
-217
-215
-165
-120
-120
-131
-176
-180
-160
-125
-129
-104
-91
-94
-41
-80
-91
-130
-122
-122
-72
-13
-19
-29
-30
-47
-35
-25
-65
-83
-38
-46
-76
-27
-2
8
-39
17
39
17
54
54
60
64
80
100
77
97
74
90
151
140
110
153
204
190
215
194
187
190
182
184
125
116
157
133
33
6
34
