-73
-65
-120
-129
-138
-140
-88
-92
-111
-149
-132
-95
-117
-80
-83
-132
-68
-101
-90
-70
-85
-75
-23
-48
-30
-25
-81
-87
-86
-53
-146
-133
-110
-124
-110
-167
-163
-155
-185
-214
-111
-121
-116
-179
-196
-95
-71
-58
-30
-32
-41
-64
-84
-64
-87
-116
-156
-124
-114
-71
-49
-23
-61
-90
-76
-98
-55
-81
-143
-83
-106
-74
-41
-66
-73
-93
-45
-26
-51
-84
-18
-25
-47
-82
-42
-49
-69
-63
-49
37
-32
-58
-106
-22
-60
-33
9
-109
-105
-89
-69
-78
-36
-87
-118
-118
-119
-110
-71
-80
-107
-112
-97
-53
-65
-87
-137
-108
-88
-67
0
-62
-69
-71
-101
-79
-46
-2
-54
-39
-36
-64
-34
-7
-29
-49
-24
-56
-13
-25
-50
-68
-46
-40
26
-47
-78
-130
-149
-85
-131
-72
-75
-91
-99
-71
-70
-60
-114
-109
-38
-38
-11
-47
-56
-11
18
-37
-88
-61
10
18
-3
-11
-64
-56
-43
11
4
69
10
-44
-25
-31
17
26
-14
-44
-43
-63
-43
-77
-105
-76
-36
-33
-17
-43
-53
-63
-59
-32
-26
-57
-46
-58
-97
-108
-86
-7
-23
-40
-47
-64
-67
-36
-56
-47
2
-51
-46
-59
-66
-73
-21
0
1
12
-6
-14
-5
12
19
-5
-46
-51
-64
-57
14
-27
-51
-11
-15
-60
-13
-13
5
-35
-27
-32
-9
27
-52
-71
-11
-16
-20
19
24
18
24
38
14
22
-11
-37
-68
-15
-66
-46
-33
-98
-82
-79
-69
-9
-29
-74
-110
-69
-46
-67
-46
-73
-47
-49
-46
-61
-54
-13
-22
-20
-40
-73
-86
-76
-16
-49
-21
-86
-93
13
3
-90
-117
-59
-75
-106
-53
-38
-22
-80
-47
-14
-41
-43
-100
-67
7
29
37
-4
-41
-81
-93
-80
-8
2
-24
-17
-13
3
-41
-33
-29
12
-18
53
54
15
2
18
36
-7
-55
-57
-73
-76
-97
-74
-48
-18
26
8
-8
-44
-30
-39
-29
20
-14
1
-13
-52
18
14
42
45
24
27
34
45
21
-2
-3
1
24
-24
-17
71
51
24
11
18
19
-21
-10
-17
-23
18
24
-23
2
-25
-67
-32
-40
-14
13
57
24
-68
-53
-24
-42
-9
-14
-36
15
-28
-72
-28
-36
-70
-58
-34
-37
-43
-21
39
-20
1
3
25
40
51
63
-7
36
55
30
-17
-50
63
65
51
78
-30
4
25
39
54
31
70
41
58
61
30
0
1
43
11
55
22
-47
-67
-25
-21
-6
27
2
25
-60
-36
10
9
24
74
2
-38
-34
-21
-1
-45
-23
-11
45
25
22
-22
19
-9
9
23
37
80
8
13
19
-8
30
25
20
23
65
57
75
103
69
4
8
44
1
-12
-15
-6
-43
-35
-6
16
26
-56
-41
31
19
-10
4
45
40
85
82
72
13
24
61
29
33
16
17
6
10
12
9
60
70
55
29
18
-21
-10
23
45
99
61
92
57
80
58
35
93
125
69
23
22
23
-2
-33
-9
23
9
30
100
9
16
23
-29
11
23
15
55
59
41
99
95
79
37
-15
14
-19
14
7
28
61
40
132
75
87
54
74
97
82
185
124
126
144
132
62
46
88
94
128
87
112
111
104
100
68
85
115
83
76
125
97
113
128
148
115
110
117
96
68
59
116
115
86
72
92
110
147
183
123
132
155
85
30
82
103
92
36
43
95
51
52
77
79
56
78
73
56
110
125
147
150
162
155
89
102
127
137
113
103
83
75
122
192
105
84
83
78
112
58
82
82
94
124
142
149
160
132
137
126
102
119
140
141
127
165
118
148
141
130
181
146
143
148
118
151
199
135
224
-104
-484
-271
117
95
-21
255
272
229
288
314
299
330
375
320
374
375
195
180
170
99
108
127
116
172
256
173
156
135
194
138
151
197
172
173
138
168
167
192
155
133
203
195
164
176
116
60
134
205
134
151
220
199
162
108
151
155
157
173
211
226
145
145
195
186
147
132
217
257
205
235
268
261
171
202
254
220
183
180
198
167
127
159
144
89
96
181
249
157
139
147
169
120
109
118
126
160
182
243
224
218
233
137
160
202
263
224
167
199
151
142
106
174
193
152
130
178
192
145
178
194
190
207
171
162
152
166
150
178
168
161
188
232
181
127
215
237
210
217
238
275
251
224
233
269
222
176
219
207
236
134
-442
-658
-8
484
196
113
298
175
100
198
191
125
267
337
359
341
297
306
342
290
264
294
221
239
310
372
237
198
215
179
192
144
78
98
95
68
178
144
84
62
61
10
-9
41
24
-8
112
174
182
197
210
234
143
125
165
147
191
213
243
320
213
155
243
272
186
167
232
165
188
258
314
274
144
145
88
110
57
58
90
83
140
173
166
124
37
60
61
50
84
75
117
130
222
259
253
200
144
133
177
166
166
131
186
235
213
213
115
145
157
162
127
101
143
150
130
168
244
249
144
48
56
58
86
147
163
143
160
187
165
93
39
85
47
25
97
112
118
93
160
165
114
135
40
79
114
63
121
158
150
175
168
177
167
147
167
174
176
201
249
209
193
183
197
192
134
141
186
124
154
192
186
145
181
189
103
43
80
149
128
133
128
190
147
112
123
81
45
22
98
160
157
164
181
178
181
199
198
205
117
113
182
228
205
147
149
197
211
188
157
87
158
180
119
84
55
134
164
138
146
120
76
96
155
229
230
221
204
149
220
162
117
116
125
145
157
177
170
194
222
219
220
206
157
134
170
208
231
211
201
238
248
200
133
189
195
170
168
164
185
211
193
157
175
217
204
213
169
171
218
214
178
155
136
168
149
177
134
149
131
147
155
179
165
137
153
187
178
215
210
231
240
169
217
159
136
118
119
107
143
139
119
189
128
88
88
139
163
158
153
185
209
196
197
176
145
155
210
174
220
167
152
148
129
130
169
201
131
156
169
160
165
146
159
161
149
216
218
204
163
123
123
103
143
87
144
191
181
195
167
106
67
139
204
209
183
193
220
183
134
175
183
158
203
177
176
241
162
165
209
170
194
180
127
122
98
126
140
218
196
161
187
137
105
137
178
170
158
191
205
150
114
123
179
133
185
194
174
165
190
217
167
154
230
231
266
243
174
197
221
222
177
205
215
240
187
188
197
181
142
160
146
139
139
134
158
126
125
130
142
142
156
142
177
189
175
99
143
173
152
129
74
134
146
110
88
111
85
128
115
137
108
130
174
143
139
112
136
138
133
196
213
204
257
274
282
204
163
220
212
224
174
104
140
129
137
167
191
171
167
206
194
187
156
114
166
158
184
195
143
173
206
208
220
234
270
198
144
175
225
199
225
186
158
170
227
227
203
206
188
196
203
221
188
179
133
135
124
196
221
209
197
153
168
171
211
183
143
146
114
138
192
198
222
223
230
246
202
168
198
153
200
220
246
224
166
240
248
236
185
210
190
171
190
210
213
242
225
192
205
174
242
224
173
168
185
179
194
291
209
165
182
175
157
225
205
222
268
261
247
194
189
165
185
241
211
256
245
244
272
255
279
256
253
265
283
318
219
212
254
231
213
233
202
165
168
167
202
182
195
195
215
191
163
156
150
166
183
219
229
233
180
189
166
167
146
95
156
184
228
224
236
218
173
206
233
208
224
224
244
231
244
227
166
199
176
198
207
215
198
244
270
275
218
232
239
233
262
284
294
235
214
199
206
210
201
215
260
275
259
223
240
242
269
273
237
280
288
288
263
233
193
260
336
320
316
288
309
249
208
262
266
278
273
297
356
335
295
282
260
275
186
244
238
244
316
239
251
282
305
229
229
265
265
252
268
320
280
271
216
206
253
252
188
223
244
171
154
193
204
216
260
219
222
275
318
234
203
214
247
224
239
246
195
207
257
211
190
214
186
268
211
211
265
224
241
223
238
218
236
227
212
202
244
251
216
253
255
284
269
227
210
221
169
156
162
196
174
162
240
273
225
233
242
260
281
306
269
195
217
181
225
218
214
227
260
299
253
265
292
285
298
335
273
262
250
252
206
209
291
253
252
272
194
213
250
221
194
178
238
267
226
168
151
196
242
276
223
234
271
208
216
234
198
201
225
293
267
210
220
264
238
229
194
161
197
240
299
336
350
294
285
256
269
260
286
284
194
206
251
297
302
263
277
289
271
284
273
274
285
258
298
246
335
348
555
735
727
639
427
508
394
328
339
271
213
148
373
466
360
193
102
82
-53
-78
-37
11
66
120
254
276
108
48
20
51
80
101
261
258
313
372
448
430
242
208
257
305
290
470
503
501
466
524
514
417
371
331
343
365
387
377
369
288
341
318
335
249
142
172
166
221
254
219
225
222
273
306
227
245
238
332
333
400
354
320
347
324
397
426
384
507
703
710
736
693
1069
1193
1176
992
787
760
439
497
421
320
255
160
324
284
151
98
-24
-131
-134
2
32
-15
-8
-7
59
0
-89
-113
-143
-98
78
268
375
381
463
578
555
472
495
594
523
568
733
797
680
627
616
448
376
330
406
323
236
363
435
364
83
73
146
66
88
178
200
141
272
362
287
220
234
357
407
445
442
420
431
488
497
528
595
569
538
564
539
535
588
540
371
284
354
375
203
230
298
250
177
178
271
126
143
172
236
179
277
383
373
419
369
513
433
415
364
394
548
472
439
510
451
360
297
356
335
317
374
334
298
273
357
300
160
12
55
123
16
-5
288
245
106
180
312
392
129
196
583
596
488
618
937
666
448
694
765
541
573
913
857
732
721
735
779
688
585
641
747
555
294
530
715
465
340
695
726
616
621
585
170
-598
-1050
-1467
-1786
-1834
-1224
-717
-291
616
1544
2081
2214
2052
1548
826
345
350
601
812
600
449
245
111
-219
-312
170
381
345
482
881
942
560
587
664
471
180
288
538
410
298
307
244
150
168
429
382
405
758
850
877
751
791
753
551
219
57
168
-81
-440
-499
-261
-397
-587
-353
73
-26
-268
-188
-51
-81
-664
-558
-420
-596
-596
-414
-6
233
725
1275
1873
2501
3203
3828
4215
4373
3803
3030
1926
584
-453
-966
-1387
-1842
-1771
-1470
-1153
-1220
-1077
-576
-469
-632
-536
-363
-721
-877
-710
-255
-579
-750
-119
162
-253
-307
297
440
-149
370
785
567
464
819
925
659
970
1054
736
513
421
196
-138
-286
-340
-474
-215
175
121
141
594
686
112
157
265
226
-228
-293
-475
-407
-235
78
-223
-207
-115
-36
157
104
261
141
426
362
443
395
431
294
162
268
437
-14
70
481
375
164
284
452
209
-84
377
744
233
474
597
430
-23
435
504
364
580
1124
1277
880
1121
1425
1602
1045
706
921
792
54
-290
-55
-147
-402
-761
-314
396
8
-570
-210
395
-139
-630
-162
146
-189
-318
-234
251
-169
-142
-27
-49
-139
71
651
147
-89
400
661
101
18
749
1315
771
658
1367
1526
750
129
453
347
-285
-181
7
117
-182
98
430
163
185
154
153
58
43
-194
-567
-126
-130
-492
-516
126
-463
-647
-132
-198
-536
-714
-390
-750
-698
-244
-506
-593
-309
-36
-165
-679
-68
449
549
527
813
1442
1176
1325
1022
563
156
465
-157
-218
-177
-616
-867
-261
71
-636
-491
-344
-198
-588
-337
44
-60
-414
20
784
435
-121
351
970
230
231
692
593
-131
346
1126
485
-254
289
819
-125
-247
459
90
-396
199
387
-444
-435
217
267
-548
-21
284
200
-74
32
640
539
279
-107
685
622
349
326
473
581
140
616
930
520
175
427
954
485
252
661
943
344
233
654
748
215
202
858
683
252
-48
448
238
17
233
428
-69
-460
-151
67
-640
-600
-131
-303
-600
-490
-27
-102
-218
169
449
694
1727
2115
1942
1976
2859
2712
2018
3230
4319
3798
2457
1406
-81
-1606
-2139
-1863
-1061
64
290
693
1179
839
-427
-894
-824
-1539
-2077
-1815
-880
-1073
-1020
-486
629
287
-101
388
410
160
-174
-103
-456
-737
-435
-576
-709
-379
-249
-166
-152
-108
64
223
400
-194
-234
165
-43
19
-320
333
243
-226
27
146
169
-451
631
382
173
-253
211
227
56
-352
-30
476
153
-317
89
544
-198
-563
316
326
-578
-412
194
591
-386
-507
-198
135
6
-329
171
-212
-280
175
570
-126
-131
428
323
67
13
419
312
658
496
475
191
-162
81
221
34
-8
267
440
-203
236
444
305
392
467
498
188
104
421
222
114
238
537
377
-167
-1
340
219
-104
-40
449
338
145
18
90
178
202
345
497
98
319
327
414
334
204
547
296
473
56
575
-84
-189
-40
350
391
-144
137
415
283
24
50
441
214
379
574
364
341
296
469
235
75
231
697
230
-133
347
489
18
-395
284
244
27
142
108
62
-81
172
-358
-398
-73
312
557
458
430
642
846
480
489
476
635
347
262
-86
-59
291
76
-135
-56
10
-353
-377
-347
-400
-385
-23
-152
-160
16
30
-307
-317
-4
249
186
-263
-3
268
0
-548
-177
398
-55
-402
346
732
171
-186
45
760
405
-18
373
952
338
-388
744
1026
144
-303
605
763
-277
-92
567
541
-41
13
551
337
-174
18
511
377
99
317
617
-46
-184
301
304
-271
-136
303
2
-330
-2
321
261
-61
-58
219
165
-186
-33
237
182
-72
-44
544
-124
58
-64
515
-212
-31
362
-44
-212
-100
611
-119
-519
-496
542
-17
-368
63
606
-54
-778
241
711
-135
-520
454
554
-159
-124
184
718
-208
-208
882
720
-173
-141
989
250
-512
260
740
472
-181
220
180
46
-58
309
314
-131
-219
-32
490
106
-171
-207
226
192
236
36
-40
220
18
-18
180
83
-137
195
647
324
91
113
99
182
197
58
626
224
-189
-147
177
267
114
163
228
59
190
572
82
-211
178
250
17
-95
436
512
316
17
190
424
20
-358
122
412
51
242
-35
-522
-689
26
656
-37
-192
222
698
39
-505
345
505
-115
-504
486
424
-158
-111
370
218
-256
-303
740
196
-436
458
169
-312
-677
304
35
-669
134
271
-312
-520
252
398
-97
-144
315
279
297
-79
414
450
-394
6
16
486
-345
-149
265
120
262
-93
429
15
42
156
127
270
-57
179
-77
-65
69
626
258
-282
66
691
611
-218
-23
324
-210
13
734
308
-344
-319
265
389
-56
172
491
572
-83
164
370
63
21
290
455
54
84
133
-328
-382
172
168
-50
-88
-53
519
-72
-265
127
198
-288
-231
307
-239
-384
-163
-20
40
-187
343
200
264
-173
65
381
-167
38
313
499
-241
-289
193
144
-186
-43
60
55
259
42
104
109
250
188
-9
-146
-56
426
13
-86
-117
263
270
-370
214
-27
-5
218
-189
243
547
238
-288
153
774
11
-217
-132
580
229
-252
-85
599
305
-308
432
576
-166
-105
246
437
225
-208
155
96
95
-103
17
-57
411
359
221
-169
399
344
-172
197
274
236
-263
67
-61
419
-51
-88
294
522
-250
-114
438
439
34
-193
131
271
126
-277
176
666
-16
-267
-42
334
233
203
266
431
144
-54
-207
402
269
305
471
2
121
428
435
-114
142
240
65
386
-100
144
222
90
262
134
538
-168
-112
152
452
-184
411
483
-223
122
170
218
273
124
209
335
-100
-72
231
227
-72
-50
235
90
-78
-203
177
169
231
285
-82
-164
40
12
-10
271
-37
253
157
-242
-56
-173
38
-186
289
82
-188
11
338
257
-29
251
361
126
-286
222
226
-32
7
602
389
57
-211
-82
97
-167
335
158
-61
-85
611
606
-47
-45
491
530
267
150
604
642
-88
-2
732
486
-273
18
686
159
271
467
198
-68
-166
504
394
-171
-256
121
-198
-317
-247
-4
-158
-370
-110
-72
-406
-471
-153
-332
-372
119
-21
140
-137
211
47
-104
-228
340
252
37
-76
27
638
38
9
114
380
154
255
79
124
61
166
378
333
17
308
525
533
216
456
479
119
71
135
416
329
609
285
227
311
309
324
479
138
262
541
339
25
224
195
604
265
201
469
508
169
135
151
-63
470
521
328
240
434
469
464
268
214
230
163
315
-3
83
240
169
442
73
-154
284
-13
245
88
307
252
-155
-214
-118
359
-242
-323
-356
27
-155
-487
-126
155
149
-451
-140
330
133
-182
-232
-3
335
88
-106
181
242
171
469
217
70
82
250
171
-95
66
157
43
46
462
511
662
431
246
265
399
341
255
202
537
821
285
-7
522
274
153
345
135
1008
1251
448
-31
319
613
778
70
-397
666
1266
330
-511
80
655
341
-363
-388
525
297
-469
84
49
93
197
13
294
396
-179
80
709
199
105
718
863
440
-8
526
1006
619
415
97
649
221
59
442
799
318
393
840
790
788
372
530
350
318
443
414
263
35
1125
278
-273
479
547
280
-84
153
765
495
167
350
335
14
74
346
-181
-280
-58
187
-77
-575
-320
68
-221
-916
-438
-44
-539
-974
-823
-453
-73
-272
-260
68
-57
-188
104
133
-17
343
908
836
821
1221
960
597
137
481
477
20
-526
-273
501
334
92
-654
-333
-152
178
-199
-436
-945
-1548
-1550
-1623
-988
184
1404
879
584
921
1217
573
-533
-188
274
147
-307
214
-228
-897
-191
325
96
-605
-417
453
408
-340
343
487
628
1245
1144
837
771
766
1132
1073
389
1040
1731
974
-28
752
1421
1645
919
613
1159
368
-530
-332
86
635
1596
1844
2463
3281
3387
2457
1613
988
450
-148
-1181
-2041
-2277
-2395
-2748
-3175
-3189
-2560
-2123
-1834
-1258
-337
-331
-790
-329
427
284
-32
635
1197
847
526
913
611
-138
-226
680
1012
234
177
1525
1810
1219
822
1622
1482
913
597
760
659
374
-114
-665
-1390
-1617
-1401
-1326
-1273
-1270
-644
-116
209
1192
2211
1792
1293
1609
1578
1022
855
540
423
787
1078
1719
1984
1491
1778
2137
1259
-156
-764
-1566
-2018
-1399
-221
-342
-1987
-2534
-1000
958
1945
1452
298
-1189
-1932
-1228
-592
-576
-755
-582
-106
131
-272
-525
-973
-1323
-925
549
1237
984
526
-446
-1798
-2944
-2935
-1009
1984
4697
6540
7092
6097
4036
2289
1263
599
-215
-661
-1417
-1444
-451
811
1749
2345
2789
2839
2738
2314
1417
-47
-2068
-3652
-3717
-2020
-455
328
998
1205
1032
326
-628
-738
-256
-239
-1439
-2645
-9576
-18910
-19054
2842
24263
16719
6394
6259
9443
10095
5176
-697
-3489
-2726
1156
4062
4498
1508
-1843
-2860
-2665
-1406
1684
5029
7111
7375
5016
2044
993
777
-1706
-5773
-7945
-7245
-4763
-1485
2831
5415
5838
6087
5523
4755
1524
-3889
-8281
-9582
-8541
-7160
-6268
-3423
2907
10390
14829
15916
12082
8071
6283
-1910
-9122
-8621
-4022
-945
-1391
-3447
-4487
-5822
-6899
-6831
-6291
-6213
-6150
-4764
-3988
-3182
-2383
-2640
-3395
-2828
-1883
-1580
-757
-187
-546
-490
717
1879
2094
1364
-70
-1251
-1852
-2341
-2439
-2293
-1949
-1195
-565
-393
-496
-514
-776
-962
-604
14
461
745
859
908
783
698
585
429
264
-126
-148
-382
-740
-587
-139
151
283
313
231
340
199
-48
-224
-282
-70
112
660
1156
1004
989
1176
1146
1046
1139
1155
1063
974
947
961
871
644
531
503
416
297
340
384
323
286
307
425
369
361
404
371
281
197
182
55
-91
-111
-90
-144
-234
-279
-363
-557
-621
-418
-330
-300
-353
-347
-300
-299
-149
54
-41
-260
-453
-724
-788
-1188
-1403
-1429
-1449
-1273
-1077
-971
-976
-885
-873
-1095
-1451
-1663
-1874
-1801
-1778
-1856
-1878
-1911
-1974
-2011
-2267
-2789
-3132
-3864
-3917
-127
5945
8726
7629
5715
4744
3040
785
838
2344
2222
1924
4424
6908
5521
1693
-1031
-2423
-3643
-3054
-363
1183
-9
-1600
-1462
-1289
-2600
-3730
-3825
-3692
-3183
-1083
1676
2733
1880
889
900
1058
1175
1732
2440
2729
2841
3970
4927
4311
2543
842
-19
-454
-168
602
932
351
-167
-310
1154
2608
2154
883
-811
-1963
-2158
-1739
-1061
-613
-644
-178
556
1250
1362
275
-1004
-577
1208
2844
3497
3200
2482
879
-674
-1360
-1527
-1861
-2298
-2014
-1436
-1080
-1233
-2019
-2960
-3440
-3009
-2121
-1230
-1077
-1228
-1647
-1927
-2263
-3075
-3617
-3998
-3634
-3226
-2711
-2293
-2816
-4078
-4539
-2517
4472
12406
14352
11165
7505
6422
4674
1573
1827
3379
2797
2032
4812
7563
3726
-3674
-7674
-8156
-8494
-6694
-2122
139
-2169
-4706
-3443
-2165
-3924
-5309
-4465
-3015
-1775
1473
5992
7337
5049
2759
2799
3187
2766
2997
3883
4100
3751
4491
5425
3853
-71
-3544
-4753
-4599
-3879
-2563
-1557
-2024
-3165
-3577
-3091
-3137
-3862
-4078
-2908
-1224
893
2708
4934
8464
8738
7091
5538
4889
3772
1151
614
1494
1623
714
838
480
-2262
-5353
-6365
-4989
-3667
-2007
-202
603
143
-1345
-1919
-1969
-2465
-2702
-1635
232
1100
1258
1103
802
-198
-888
-179
548
1179
871
514
-209
-1260
-2635
-3874
-4641
-6251
-6853
-6565
-5954
-5426
-5727
-6116
-6904
-5947
-767
9753
17963
16894
11851
9258
9166
5308
2001
3988
6375
5383
4563
8211
8372
-6
-9343
-11894
-10524
-10248
-7786
-2748
-1209
-5047
-7378
-4503
-3008
-5242
-6642
-4198
-1015
1073
5405
10227
11028
7401
4878
5266
5362
4197
3750
4677
4814
4243
4276
3908
627
-4686
-8198
-8477
-7185
-5631
-4088
-3078
-3278
-4086
-4079
-3131
-2615
-2794
-2447
-498
2327
4702
6441
7238
6577
6700
9659
11718
10514
6582
3365
1264
-1168
-2140
-2536
-3432
-5313
-6296
-5545
-4943
-5533
-6200
-5449
-3726
-1184
1360
2988
2949
1402
256
437
1283
1559
1239
1079
1101
1265
1392
1288
260
-1428
-2426
-2105
-1031
-888
-1557
-2829
-4408
-5886
-7049
-7344
-7603
-7630
-7291
-5962
-4770
-4569
-5738
-6412
-1183
11874
23879
24636
18091
13280
11448
5666
-40
2302
6511
5220
2363
5445
7191
-2163
-14283
-17722
-15280
-14412
-11990
-4394
200
-3233
-7365
-4334
-625
-2327
-4365
-1720
2663
4794
8660
14816
17237
12551
6721
4895
4527
2532
992
2010
2537
1166
94
-126
-2614
-8130
-12613
-13099
-10688
-7519
-4519
-1907
-810
-1218
-1670
-859
700
1309
1553
2922
5543
8265
9757
9853
8673
6045
3834
4724
6477
6966
4536
1035
-1309
-4308
-6139
-7486
-8256
-8462
-7983
-5354
-2350
-867
-1315
-2143
-1752
139
2810
5018
6152
5468
3816
2664
2064
1527
180
-932
-1331
-993
-455
-476
-1372
-3035
-4498
-5026
-3971
-3080
-3146
-4010
-5030
-5363
-5706
-5256
-4657
-4691
-4725
-4227
-2841
-2587
-3856
-4956
-3799
4286
19037
28967
26532
16964
10568
6911
-611
-4945
-1130
3799
2692
494
3739
3221
-7581
-18823
-20073
-15576
-13075
-8914
-1009
3419
-52
-3263
354
3337
773
-1969
786
5592
8439
12270
17132
17243
10360
2970
46
-943
-3174
-4376
-2781
-1235
-1289
-1718
-2274
-5250
-10528
-13823
-12589
-8262
-3702
41
2712
3717
3438
3059
3705
4304
4060
3523
4061
6098
8201
9013
7969
5144
1647
-1820
-2341
271
1553
1543
-284
-1373
-3078
-5553
-6567
-7383
-6512
-4662
-1404
1838
3093
2272
480
-48
1069
3222
4736
5078
4590
2816
1484
851
111
-1365
-3253
-4056
-3783
-2797
-2190
-2373
-3448
-4580
-5233
-4679
-3417
-2555
-2221
-2550
-2488
-2475
-3028
-3623
-4082
-4068
-2699
-1726
-1827
-3833
-5966
-4398
5039
21124
29798
25594
15012
8647
3818
-4831
-7781
-2027
4175
2765
561
3521
1278
-10031
-19401
-17972
-12499
-10655
-7248
-94
3974
1055
-597
3639
5487
1292
-2549
258
5448
8619
12391
16376
15379
7795
81
-2808
-3896
-5918
-6401
-3897
-1084
-642
-1458
-2773
-5932
-10099
-11845
-9425
-5062
-1170
1592
3746
5190
5735
5848
5604
4648
3016
1704
2408
4776
7109
7562
5660
2427
-1178
-4043
-5152
-2295
666
1497
1692
1302
327
-3233
-5472
-5500
-4751
-2664
-186
2499
3217
2110
917
551
1239
1924
2384
2576
2860
2732
1908
1270
-286
-2687
-4690
-5185
-4136
-2988
-2271
-2384
-3303
-4312
-4889
-4326
-3257
-2203
-1585
-1303
-998
-1930
-2898
-3926
-4529
-4133
-3772
-3127
-4283
-5587
-4453
4321
21016
30971
27514
15855
7820
2732
-6185
-9174
-2386
6138
5615
1110
2004
-114
-10152
-19782
-18490
-11850
-9853
-7993
-1919
3960
3106
881
3904
5511
1484
-3323
-982
5773
10218
13802
16861
15677
8027
-807
-4596
-5369
-6399
-6474
-3833
-732
-594
-1969
-3772
-6322
-9401
-10839
-8761
-5257
-1639
1270
4227
6973
8095
7805
5985
3608
1708
1093
2681
5402
7370
7044
4445
839
-2351
-4518
-5569
-2329
865
1277
746
696
972
-2307
-4478
-4468
-3604
-2170
-269
2624
3632
2863
1573
909
1120
1159
1323
1538
2579
3052
1909
577
-1217
-3255
-5185
-5174
-3686
-2719
-2398
-2857
-3593
-4212
-4153
-3584
-2264
-1367
-1423
-1542
-1724
-1872
-2889
-3892
-3838
-3036
-3322
-4258
-5792
-7041
-2783
11020
27768
31782
22665
11474
5130
-2214
-10431
-8114
2218
7626
3545
644
1524
-3825
-14609
-19214
-13938
-9449
-10028
-6858
853
5565
4099
3949
6630
4506
-1877
-4270
1757
8848
12529
14973
15987
11848
2958
-3804
-5472
-5928
-7231
-6590
-3263
-790
-1205
-2634
-4186
-6466
-9121
-9720
-7307
-3868
-261
3597
7522
9886
9446
7020
4009
1828
1289
2425
4500
5874
5793
4058
1474
-1051
-3146
-5062
-4598
-1776
-174
529
976
2039
450
-2559
-3647
-3262
-1947
-734
1492
3133
3243
2319
1331
994
754
855
1021
1717
2483
1956
692
-851
-2227
-3681
-4683
-4316
-3597
-3027
-2793
-2673
-2685
-2897
-3082
-2869
-2458
-1838
-1033
-1298
-2197
-2506
-2191
-2220
-2783
-3530
-3907
-5354
-7258
-6587
1288
18563
30703
28417
16645
7235
2278
-7031
-11708
-4787
5869
7330
1480
732
367
-7301
-16986
-17019
-10284
-8910
-9668
-4645
4387
7548
4878
5422
5855
1343
-4892
-3441
5464
11505
13368
14178
13420
7535
-1200
-5722
-5962
-6548
-7805
-6267
-2241
-329
-1298
-2892
-4256
-6708
-9148
-8789
-5903
-1781
2366
6528
9972
10499
8129
4630
1992
1130
1783
3303
4696
4878
3832
2211
314
-1793
-4188
-4978
-3525
-1369
276
1069
1498
479
-1529
-2861
-2813
-1716
-487
819
1912
2519
2495
2080
1545
1050
872
738
965
1509
1554
756
-627
-1811
-2912
-3838
-4045
-3726
-3173
-2830
-2687
-2819
-2892
-2818
-2489
-1876
-1350
-1180
-1762
-2645
-3066
-2929
-3047
-2837
-2882
-3374
-5011
-7161
-6487
790
17500
30645
29515
17924
7240
2175
-6079
-11196
-5127
5626
8182
1669
-590
-553
-6640
-15974
-17406
-10979
-9019
-10319
-6319
3289
8483
6140
5145
5119
1421
-4406
-3670
5435
12602
14209
13699
12439
7684
-341
-5444
-5918
-6210
-7669
-7123
-3498
-824
-1180
-2807
-4351
-6523
-9051
-9253
-6445
-1907
2747
7080
10385
10681
8219
4692
2176
1418
1965
3303
4270
4291
3351
2142
442
-1700
-4374
-4937
-3153
-1434
44
756
1274
-38
-1976
-2621
-2189
-1051
-151
1134
2035
2371
2281
2052
1878
1251
1098
993
1074
1395
1031
312
-1035
-2160
-3171
-4073
-4210
-3934
-3290
-2950
-2668
-2684
-3057
-3241
-3010
-2509
-1769
-1278
-1348
-1843
-2551
-2961
-3546
-3600
-3559
-4154
-5547
-5847
-1319
12483
27951
31090
21479
8858
2830
-3673
-10868
-8145
2939
9572
4113
-1584
-1663
-4631
-13524
-18426
-13427
-8609
-9556
-8452
349
8929
8418
5152
4471
2790
-2317
-4623
2816
12255
15470
13909
11893
8727
1628
-5292
-6923
-5960
-6592
-7355
-5211
-1740
-1164
-3038
-4594
-5898
-8105
-9504
-7606
-2777
2693
6972
10243
11303
9063
5359
2491
1876
2458
3245
4146
4369
3728
2353
396
-1741
-4568
-6459
-4807
-2307
-84
1245
1872
1197
-1427
-2637
-2537
-1457
-335
1052
2756
3244
2960
2103
1554
838
395
469
599
1266
1357
866
-118
-1418
-2730
-4151
-4643
-4463
-4040
-3195
-2541
-2416
-2810
-3163
-3069
-2713
-2585
-2171
-1703
-1938
-2167
-2853
-2950
-2848
-3274
-3569
-5092
-5515
-1630
12519
28175
30582
20190
7487
2389
-4231
-11252
-7912
3828
10013
2874
-2850
-2007
-4391
-13268
-18036
-12366
-8099
-10112
-9223
618
9935
8924
4962
4327
3135
-2352
-4771
3269
13228
15744
13048
11013
8347
1158
-5992
-7254
-5572
-6139
-7573
-5467
-1641
-1172
-3443
-5222
-6056
-8028
-9606
-7434
-2020
3750
7549
10099
10811
8580
4920
2229
1979
2789
3474
3946
4104
3831
2559
365
-2363
-5324
-7245
-6146
-2866
528
2489
2687
1602
-634
-2600
-2952
-1897
-288
1446
2947
3628
3316
2242
1069
168
-39
100
264
631
1141
1283
622
-567
-2275
-4027
-5152
-5043
-4165
-3179
-2426
-2335
-2688
-3001
-2875
-2573
-2230
-1727
-1762
-2163
-2587
-3096
-3556
-3588
-3139
-3540
-5028
-5620
-369
14744
28788
29566
18492
6980
1559
-5485
-10876
-5654
6104
9965
2107
-3280
-2792
-5866
-14450
-17502
-11791
-8424
-10261
-8176
2010
9836
7908
3873
3085
1725
-2864
-3452
5381
14646
16180
12885
10248
7244
275
-6149
-7013
-5290
-5703
-6894
-4749
-1297
-1117
-4002
-6380
-7662
-9366
-9942
-6840
-711
4995
8315
9984
9672
7302
4150
2271
2670
3532
4192
4605
4742
4251
2702
126
-3187
-6366
-7672
-5592
-2023
1127
2506
2170
415
-2207
-3592
-3112
-1423
422
2238
3430
3659
2914
1868
911
172
-7
217
539
1113
1604
1437
512
-1064
-2800
-4432
-5255
-4910
-3939
-2933
-2567
-2888
-3379
-3278
-3013
-3041
-2539
-2050
-1987
-2457
-2920
-2901
-3334
-3487
-3185
-3702
-4688
-4418
4699
22050
31758
26555
12735
3943
-543
-7941
-9842
-780
10007
7896
-1697
-4394
-3374
-8713
-17310
-16560
-10056
-8783
-10420
-4864
6795
10842
5789
1999
1970
258
-3667
-330
10668
17475
15766
11220
8938
5045
-2405
-7079
-6194
-4703
-6089
-6489
-3157
-292
-1874
-5678
-8022
-9503
-10704
-9382
-4214
2680
7141
8891
9406
8134
5596
3152
2647
3646
4437
4925
5208
5306
4481
2175
-1027
-3813
-5524
-5550
-4403
-2423
-203
693
167
-1182
-2171
-2661
-2263
-998
843
2553
3389
3689
3356
2693
1653
704
446
496
555
685
973
904
-125
-1654
-3037
-4068
-4761
-4821
-4271
-3596
-3156
-3037
-2862
-2804
-2778
-2565
-2565
-2700
-2664
-3088
-3589
-3919
-3466
-2675
-2642
-4237
-4864
1373
16349
29854
29152
17830
6791
1115
-5070
-9442
-3168
7779
9971
1289
-4649
-4191
-7042
-15101
-17951
-12300
-8660
-10057
-7183
3054
10223
7208
1909
1112
573
-2284
-1413
7927
16986
17364
12745
9388
6591
417
-5609
-6316
-4469
-4968
-6241
-4104
-686
-1067
-5056
-8556
-10152
-11194
-10472
-5863
1012
6394
8395
8606
7818
5758
3589
2781
3839
5108
5744
5978
5983
5225
3107
-177
-3804
-7046
-8022
-5153
-712
2549
3328
1942
-1187
-4669
-6139
-4850
-1832
1005
3167
4162
3911
2874
1645
795
237
374
903
1566
2455
2945
2464
744
-1642
-3919
-5418
-5616
-4711
-3377
-2535
-2614
-3402
-4241
-4503
-3999
-2993
-2212
-2250
-2607
-2949
-3203
-3318
-3434
-3367
-3116
-3760
-4954
-2588
8667
25643
32706
24505
10718
2038
-2372
-8340
-7532
2995
11352
6778
-3151
-5373
-5005
-10936
-18467
-16767
-10269
-9119
-9087
-1885
8598
10259
3562
-450
-369
-1305
-2487
3125
14024
18959
15588
10448
7722
3621
-3079
-6719
-5426
-4117
-5208
-4822
-1600
138
-2922
-7855
-10813
-11914
-11768
-8434
-1921
4578
7844
8184
7600
5964
3887
2585
3105
4619
5689
6466
6890
6542
4771
1634
-2253
-5991
-8176
-6610
-2316
1634
3356
2425
-266
-3878
-6263
-5950
-3348
-340
2063
3674
4040
3472
2247
1225
416
18
438
1303
2557
3463
3325
1870
-672
-3238
-5040
-5479
-4694
-3566
-2735
-2667
-3284
-4192
-4605
-4321
-3701
-2917
-1986
-1572
-2074
-2685
-3203
-3847
-4044
-3921
-3214
-3271
-4489
-2636
7958
24779
32116
24110
10138
1755
-2077
-7764
-7087
3349
11931
7079
-3517
-5635
-4607
-10281
-18185
-16983
-10086
-8665
-9145
-2434
8343
10277
2927
-1678
-1018
-998
-2281
3005
14087
19318
15472
9650
7168
4024
-2246
-6159
-5039
-3427
-4562
-4718
-1371
656
-2636
-8366
-11661
-12125
-11434
-8136
-1886
4482
7417
7185
6359
5206
3743
2581
3132
4811
6110
6834
7108
6934
5336
2062
-2088
-5821
-6771
-4780
-1612
1207
2364
1341
-1948
-5128
-6197
-4964
-2690
-395
1842
3163
3398
2929
2461
1853
850
331
707
1768
2848
3426
3096
1587
-749
-3117
-4432
-4498
-3922
-3381
-3085
-3157
-3578
-4042
-4029
-3717
-3397
-3044
-2531
-2025
-2180
-2434
-3046
-3484
-3684
-3534
-2923
-2819
-3616
-4169
1422
16979
30633
29154
15641
4046
304
-4481
-8267
-2130
9281
10590
-58
-6264
-4193
-5451
-14510
-18797
-13066
-8507
-9547
-7110
3808
11097
6300
-1019
-2092
-549
-1889
-531
9154
18219
17646
11096
7397
6253
1656
-4212
-5538
-3458
-3715
-5124
-3019
646
-181
-6158
-11174
-12427
-11655
-9472
-4805
1608
5973
6567
5760
5064
4358
3198
2733
3898
5537
6611
7148
7436
6693
4111
64
-4227
-6324
-5037
-2072
781
2195
1694
-1168
-4949
-6671
-5938
-3696
-1537
517
2281
2961
2921
2488
2120
1258
431
379
1320
2857
3817
3865
2565
272
-2330
-4250
-4561
-3961
-3270
-2915
-3049
-3555
-4163
-4275
-3994
-3612
-3372
-3217
-2802
-2643
-2478
-2685
-3247
-3958
-4499
-4099
-3421
-3503
-4002
109
14266
29258
30697
18654
5561
633
-3146
-7445
-3440
7422
11673
2788
-5378
-4544
-4451
-12406
-19091
-15344
-9563
-9097
-7921
1076
9799
7382
-385
-3251
-1663
-1831
-1152
6971
16731
18360
12730
8204
7055
3612
-2188
-4998
-3744
-3194
-4204
-2760
551
555
-4953
-10847
-13023
-12455
-10400
-6270
-339
4426
5833
5246
4506
3886
2949
2374
3344
5102
6713
7775
8428
7945
5667
1614
-2516
-4564
-4599
-2503
326
1564
586
-2217
-4832
-6211
-6030
-4475
-2479
-483
1053
2135
2853
3099
2719
1793
920
648
1397
2442
3385
3827
2936
968
-1331
-2944
-3587
-3647
-3335
-3249
-3471
-3723
-3859
-3966
-4007
-4116
-4110
-3784
-3366
-2856
-2730
-2848
-3389
-4089
-4232
-4033
-3408
-3705
-4275
-993
12127
28008
31396
20572
7295
2274
-1617
-7187
-5295
5183
11288
3834
-4494
-3904
-3222
-11337
-19293
-16288
-10192
-9956
-9607
-713
9143
7781
94
-2962
-1440
-2002
-2335
5348
15552
18007
13004
9287
9074
5704
-1010
-4725
-3709
-3255
-4511
-3031
817
1167
-4179
-10038
-12325
-12590
-11780
-8453
-2476
2796
4595
4734
4664
4212
2962
2056
2844
4344
5962
7447
8947
9195
7233
3449
-1148
-3660
-3902
-2355
-147
900
440
-2177
-4858
-6232
-6251
-5113
-3781
-2115
-446
1161
2271
2941
3024
2163
1244
698
1349
2452
3449
4067
3408
1759
-443
-2083
-2842
-3289
-3425
-3548
-3729
-3920
-4040
-3996
-4098
-4241
-4404
-4430
-4511
-4319
-3809
-3490
-3637
-4145
-4016
-3490
-3160
-3602
-3550
2075
16663
29609
29038
16868
5708
1930
-1997
-5346
-1244
7922
9611
937
-5134
-3937
-5053
-13452
-18676
-15083
-10934
-11017
-8441
1346
8296
4748
-1995
-3671
-2081
-2231
-173
8369
16321
16565
11890
9699
9468
5666
-338
-3045
-2479
-2870
-3596
-1618
1420
148
-5702
-10940
-13048
-13082
-11695
-7903
-2438
1466
2701
2958
3279
3287
2640
2429
3277
4550
6162
8055
9754
9948
8039
4214
208
-1239
-963
-575
-1024
-1432
-1880
-3559
-5058
-5553
-5120
-4944
-4880
-3972
-2194
-127
1451
2668
3150
2739
1920
1504
2019
2820
3339
3197
2453
1497
356
-546
-1209
-2089
-3318
-4322
-4748
-4569
-4041
-3777
-3836
-4339
-4758
-4923
-4962
-4842
-4765
-4657
-4969
-5120
-4594
-3270
-2667
-3339
-1991
7206
22363
29717
23672
11560
4935
2440
-2228
-3291
3401
10586
7075
-2006
-4855
-3520
-7697
-15961
-17471
-13110
-11313
-11735
-6581
3147
6217
693
-4181
-3911
-2619
-2601
1731
10690
16141
14509
11024
10563
9668
5153
285
-1131
-1027
-2097
-2215
208
1860
-1130
-6857
-11114
-13116
-13524
-11725
-7593
-2980
-308
771
1474
1850
1763
1655
2240
3081
4207
5931
8307
10223
10350
8701
5752
3575
2325
999
-396
-1543
-1913
-2867
-4068
-4841
-5308
-5697
-6273
-6230
-5446
-3847
-1949
23
1817
2712
2704
2210
2054
2230
2438
2708
2807
2737
2315
1673
980
-162
-1787
-3310
-4029
-4146
-3943
-3701
-3647
-3940
-4773
-5362
-5544
-5637
-5857
-6057
-6224
-6163
-5763
-4681
-3409
-3222
-3168
1007
13670
26145
27481
17993
8350
5264
2161
-1550
271
8141
11151
3942
-3000
-3334
-3499
-10466
-16917
-15616
-12142
-12527
-12070
-4371
3828
3157
-2994
-5803
-4211
-3728
-2991
3295
11875
15191
12518
10605
11446
10229
5439
1633
1173
701
-982
-848
1854
2808
-1074
-6731
-10706
-12665
-13316
-12009
-8303
-4322
-1982
-1111
-631
6
415
691
1053
1743
3047
5100
7652
9891
11108
10500
8716
6732
4979
2970
864
-642
-1498
-2309
-3422
-4368
-5072
-5802
-6807
-7460
-7190
-5937
-4059
-1878
347
1896
2392
2171
1921
1907
1993
2197
2574
2943
2991
2707
2087
1068
-441
-1951
-2883
-3319
-3418
-3258
-2959
-3084
-4075
-5065
-5714
-6426
-7200
-7725
-7777
-7471
-6740
-5582
-4665
-4617
-3791
2589
15561
25591
24385
15239
8210
5936
2896
403
3644
10565
11201
4105
-911
-719
-2419
-9789
-14923
-13685
-12057
-13806
-12757
-4776
2103
662
-4891
-6946
-5902
-6019
-4855
1553
9304
11993
10380
10163
11797
11056
7305
4456
3780
2570
656
960
3654
4660
1689
-3082
-7190
-10130
-12071
-11971
-9677
-6892
-4993
-3990
-3146
-2290
-1568
-951
-722
-683
-87
1657
4327
7243
9918
11055
11166
10995
9903
7338
3731
1188
-367
-1395
-1977
-2279
-2526
-3651
-5297
-7072
-8195
-8377
-7511
-5524
-3039
-697
671
1322
1556
1387
1027
676
793
1268
1863
2709
3233
3045
1957
520
-702
-1542
-2179
-2422
-2126
-2165
-2755
-3530
-4335
-5347
-6725
-7808
-8387
-8347
-8025
-7264
-6480
-6276
-5807
-1387
10066
20896
22589
15465
8475
6346
4075
1373
3036
9459
12172
7501
2725
2698
2225
-3743
-9464
-10026
-9729
-12899
-14509
-8619
-853
246
-3839
-6435
-6351
-7436
-8628
-5162
1615
5774
5839
6334
9026
10639
9090
7108
6529
5311
2646
1083
2932
5739
6006
3678
700
-2175
-5393
-8291
-9361
-8601
-7269
-6327
-5737
-4777
-3424
-2411
-2395
-2836
-3213
-3185
-2636
-926
2462
6401
9766
11696
12356
11238
8384
5039
2540
1433
947
788
663
547
-155
-1817
-3986
-6033
-7376
-7924
-7338
-5653
-3421
-1331
-209
94
-134
-618
-1251
-1749
-1389
-379
731
1440
1826
2083
2064
1617
855
164
-526
-1030
-1380
-1564
-1506
-2004
-3029
-4316
-5690
-6964
-7767
-7815
-7461
-7581
-7938
-7268
-1781
8530
16627
17019
11372
6818
4532
1693
-513
2074
7967
9941
7085
4752
5678
5137
538
-3478
-4734
-6466
-10810
-12751
-8115
-1811
133
-1873
-3473
-4356
-6781
-9067
-7879
-3771
-803
-10
1268
4146
6764
7430
7332
6968
5395
2414
171
773
3123
5275
6161
5872
4527
1935
-1225
-3709
-5004
-5338
-5401
-5492
-5193
-4009
-2488
-1565
-1535
-2316
-3565
-4991
-5562
-4256
-984
3274
6794
8457
8401
7501
6022
4204
2742
2065
1614
1173
1067
1515
1922
1491
265
-1498
-3328
-4947
-5734
-5177
-3624
-2065
-1216
-1033
-1149
-1576
-2160
-2468
-2413
-2340
-2383
-2150
-1392
-190
917
1498
1525
1036
272
-398
-841
-913
-878
-1243
-1950
-2589
-3195
-3691
-4369
-5108
-5735
-6528
-7144
-4036
4086
11519
12820
8923
5794
4386
1559
-1709
-967
3562
5831
3968
2514
4641
6373
4494
1811
623
-1440
-6361
-10107
-8244
-3397
-536
-264
-217
-179
-2039
-4837
-5675
-4284
-3252
-3517
-3285
-1315
1171
3118
4786
5816
5258
2865
212
-1024
-682
728
2577
4077
4491
3891
2814
1759
745
-226
-1078
-2127
-3410
-4161
-3464
-1809
-566
-126
-348
-1273
-2699
-3458
-2496
-520
941
1488
1779
2090
2317
2334
2450
2633
2211
1057
-206
-685
-214
589
1098
1195
722
-231
-1381
-2037
-1956
-1582
-1505
-1677
-1748
-1602
-1241
-851
-720
-954
-1409
-2244
-2787
-2580
-1748
-779
-237
29
-104
-417
-708
-740
-613
-776
-1276
-1696
-1960
-2212
-2329
-2467
-2543
-3070
-3907
-4691
-2923
2372
7190
8217
6044
4247
3384
1493
-762
-764
1642
3097
2274
1564
3102
4806
4357
3086
2240
892
-2384
-5460
-5291
-2813
-791
-371
-239
231
-235
-1863
-3008
-2659
-2017
-2260
-2917
-2778
-1647
-527
585
1645
2261
1986
851
-126
-405
-15
483
838
1152
1455
1455
1360
1434
1817
2139
1707
499
-821
-1499
-1539
-1309
-899
-238
17
-333
-712
-604
56
587
503
21
-583
-999
-1035
-498
419
1010
948
392
-278
-592
-642
-460
-122
105
90
-75
-168
118
394
344
27
-448
-985
-1487
-1502
-1030
-533
-445
-653
-992
-1402
-1733
-1450
-738
-526
-660
-651
-579
-487
-559
-515
-333
-449
-793
-1006
-1141
-1314
-1472
-1790
-2182
-2630
-3236
-3935
-3367
-314
3284
5137
4677
3471
2639
1397
-76
-408
916
2146
1989
1255
1562
2676
3189
3078
3011
2653
998
-1566
-3084
-2485
-1150
-511
-439
-70
140
-421
-1109
-1016
-522
-917
-2241
-3263
-3396
-2795
-1793
-490
916
1742
1516
665
-136
-520
-528
-542
-419
-210
-1
316
803
1521
2224
2343
1689
619
-364
-876
-1022
-839
-378
138
368
42
-406
-393
195
731
696
159
-513
-1016
-1195
-799
-146
264
295
36
-197
-215
-67
144
314
307
-58
-501
-724
-504
3
243
201
-179
-579
-971
-992
-673
-451
-414
-662
-877
-848
-841
-748
-365
-148
-199
-465
-551
-546
-407
-73
-19
-529
-880
-883
-930
-988
-1087
-1173
-1326
-1667
-2333
-2851
-3304
-3164
-1326
1560
3681
3869
3092
2539
1808
576
-427
-90
912
1138
714
952
2151
2950
2977
2849
2648
1651
-413
-1955
-1965
-1163
-714
-622
-317
162
4
-564
-757
-648
-939
-1957
-2924
-3083
-2505
-1687
-672
298
1047
1151
724
219
-132
-165
-189
-236
-245
-161
54
401
862
1491
1909
1649
856
92
-443
-887
-1133
-957
-521
-199
-54
-92
-35
250
373
385
481
481
110
-344
-440
-132
172
285
189
-6
-228
-413
-495
-364
-177
-186
-280
-422
-459
-343
-180
-151
-33
-65
-331
-585
-602
-437
-265
-95
-204
-277
-307
-460
-184
73
-117
-298
-345
-417
-554
-513
-527
-546
-499
-634
-764
-920
-957
-1013
-1060
-1248
-1527
-1881
-2400
-2978
-2751
-932
1603
3182
3151
2523
2141
1525
355
-393
214
1130
1061
434
755
2080
2972
3228
3306
3172
1875
-457
-2022
-1868
-1146
-928
-903
-335
253
-37
-641
-706
-417
-879
-2166
-3040
-2847
-2195
-1446
-364
958
1719
1411
673
282
163
-51
-184
-100
108
76
-54
217
731
1163
1162
887
337
-272
-695
-832
-715
-486
-202
-63
-124
-249
-121
208
582
935
1129
896
194
-228
-254
-186
-189
-215
-181
-278
-388
-423
-310
-280
-101
-260
-392
-299
-301
-373
-74
104
-198
-263
-327
-233
-124
-113
-89
-51
-206
-478
-548
-425
-425
-390
-189
-161
-332
-547
-351
-333
-602
-649
-551
-588
-759
-967
-907
-705
-813
-1021
-1353
-1981
-2630
-3098
-2888
-1173
1350
3023
3177
2567
2217
1640
512
-253
103
875
905
390
642
1751
2704
3135
3100
2912
1819
-228
-1817
-2062
-1555
-1265
-1127
-566
34
63
-431
-665
-495
-734
-1733
-2675
-2736
-2108
-1256
-216
884
1622
1726
1130
423
-1
-230
-405
-471
-362
-337
-328
-91
402
982
1386
1199
606
-125
-678
-759
-650
-336
35
234
181
-35
-108
49
382
557
690
741
490
75
-228
-207
-143
-220
-362
-297
-115
-109
-203
-156
-106
-98
-146
-138
-105
-22
8
-1
67
-18
-150
-301
-375
-405
-465
-328
-152
-185
-267
-384
-333
-138
-151
-224
-75
-167
-590
-698
-536
-510
-530
-503
-726
-744
-762
-1045
-1212
-1361
-1799
-2333
-2718
-3134
-2700
-561
2074
3561
3284
2484
2082
1401
192
-511
151
1026
936
441
907
2193
3025
3163
3108
2765
1317
-1030
-2423
-2177
-1446
-1086
-771
4
447
-50
-757
-801
-526
-986
-2089
-2629
-2366
-1876
-1103
-71
1111
1780
1387
630
103
-207
-328
-341
-214
-84
-107
-134
130
771
1420
1660
1374
759
8
-707
-1022
-885
-503
-193
-55
-102
-136
-91
90
420
607
786
718
241
-269
-400
-299
-212
-174
-175
-84
-256
-317
-190
-195
-108
-83
-219
-382
-438
-347
-194
-202
-268
-375
-427
-466
-567
-394
-264
-396
-290
-245
-452
-509
-416
-273
-140
-173
-284
-441
-651
-732
-661
-630
-611
-730
-1061
-1214
-1261
-1319
-1390
-1619
-2226
-2913
-3587
-3085
-527
2541
4161
3807
2968
2459
1514
60
-606
351
1412
1237
516
842
2215
3164
3503
3582
3153
1354
-1482
-3164
-2877
-1804
-1188
-837
-115
452
-35
-889
-973
-602
-1057
-2311
-3183
-3103
-2313
-1218
291
1799
2527
1990
876
15
-401
-439
-306
84
420
460
445
732
1345
1881
1897
1254
210
-763
-1412
-1450
-1038
-466
30
205
79
-193
-328
-215
276
986
1271
810
72
-314
-255
-37
179
223
30
-300
-562
-528
-306
-111
-14
-111
-351
-523
-578
-434
-151
128
78
-387
-811
-776
-599
-326
-111
-81
-349
-783
-843
-562
-112
-2
-41
-88
-283
-805
-1247
-1002
-638
-586
-716
-905
-1054
-1122
-1272
-1474
-1784
-2430
-3355
-4165
-4213
-1994
1884
5055
5672
4456
3413
2407
692
-760
-349
1251
1960
1325
1142
2518
3955
4236
3906
3502
2000
-1257
-4096
-4301
-2706
-1331
-742
-163
359
-83
-1339
-1936
-1565
-1418
-2321
-3359
-3417
-2668
-1650
-185
1676
3049
3080
1816
617
-61
-405
-357
82
701
852
646
824
1549
2241
2333
1683
428
-1024
-2243
-2542
-1986
-1028
-92
296
205
-229
-612
-741
-194
790
1312
1026
240
-242
-175
244
585
713
433
-342
-996
-1179
-793
-247
100
125
-52
-379
-626
-430
-224
-42
-200
-744
-1202
-1247
-943
-491
-64
14
-351
-890
-1155
-1177
-992
-611
-312
-310
-510
-769
-785
-567
-514
-776
-1175
-1641
-2014
-2069
-1917
-2051
-2456
-3165
-4161
-4994
-3799
521
5402
7563
6464
4713
3611
1956
-162
-752
1110
2983
2675
1639
2370
4214
4810
4178
3407
2079
-1046
-4848
-6101
-4411
-2182
-1134
-590
162
-34
-1681
-3069
-2878
-2060
-2372
-3478
-3804
-2858
-1418
161
2264
4017
4301
2872
1033
-97
-456
-187
539
1641
2269
2155
1880
1989
2269
2154
1249
-262
-1902
-3167
-3485
-2654
-1341
-89
508
278
-526
-1599
-1759
-1028
116
1137
1447
1222
839
792
1134
1487
1397
813
-79
-1027
-1273
-869
43
801
836
351
-536
-1149
-1290
-1116
-844
-792
-1095
-1474
-1452
-1016
-282
169
66
-516
-1389
-1945
-2065
-1576
-889
-261
13
-317
-784
-1149
-1401
-1544
-1786
-2143
-2605
-2980
-3286
-3587
-3910
-4586
-5441
-6111
-3096
4103
10366
11654
8655
5947
4521
1857
-1233
-932
3015
5680
4597
2957
4154
5715
4585
2286
815
-1022
-5305
-9145
-8174
-3844
-716
-242
-103
187
-1480
-4680
-6087
-4482
-2691
-2791
-3270
-1926
575
2325
3742
5360
6012
4332
1174
-659
-546
650
2107
3725
5038
4713
3009
1382
627
125
-935
-2334
-3671
-4407
-4335
-3166
-1353
-30
211
-923
-2595
-4040
-4402
-2551
505
3373
4886
4873
4165
3166
2536
2206
1833
1063
192
-383
-359
399
1326
1978
1421
-281
-2163
-3674
-3990
-3262
-2109
-1199
-992
-1216
-1543
-1541
-1262
-1068
-1310
-1957
-2666
-2952
-2426
-1137
327
1143
956
93
-1147
-2086
-2481
-2590
-2708
-3153
-3961
-4924
-5659
-6266
-7006
-7224
-1913
8599
16239
15469
9149
5284
4213
1215
-2303
-753
5278
7929
5250
3006
4950
6188
2953
-1165
-3399
-5715
-10377
-12634
-8038
-1396
1380
222
-821
-1467
-4480
-7907
-7583
-3895
-1371
-1277
-650
2320
5337
6338
6732
6944
5511
1851
-1347
-1053
1305
3590
5282
6424
6015
3186
-266
-2380
-3158
-3845
-4674
-5055
-4891
-4258
-3014
-1226
156
-355
-2105
-4225
-5524
-5467
-3503
833
5740
9463
10374
8754
6017
3351
1493
309
-136
-212
199
795
1308
1637
1249
-3
-2369
-4732
-6008
-5998
-4550
-2476
-546
385
74
-913
-1973
-2472
-2497
-2372
-2337
-2187
-1852
-1198
-24
1178
1812
1454
151
-1641
-3133
-3658
-3602
-3483
-3774
-4657
-5597
-6649
-7789
-8607
-3892
7687
17640
18306
10962
4910
3344
1238
-1846
-859
5369
9013
6043
2294
3361
5324
2711
-1865
-4727
-6862
-10865
-12996
-8278
-761
3003
1568
-737
-2136
-4977
-7822
-7099
-2704
730
1113
1343
3633
6328
7101
6949
6403
4253
456
-2612
-1884
1110
3689
5012
5101
3585
-63
-3681
-5410
-5434
-5174
-5108
-4759
-4012
-2983
-1593
164
1166
70
-2046
-3912
-4228
-2877
335
6285
11782
13308
10442
5882
2110
-468
-1618
-1350
-372
219
231
103
-83
-338
-1494
-3205
-5076
-6361
-6044
-4333
-1462
1205
2407
1697
-307
-2031
-2867
-2535
-1482
-532
-332
-606
-654
-336
516
1115
1067
-183
-2265
-4035
-5023
-5088
-4966
-5192
-5651
-6553
-7653
-9356
-9217
-843
13242
21877
18600
9204
3786
2354
-411
-2408
1911
9284
10618
5197
1532
3317
3841
-359
-5023
-7437
-9766
-13391
-12454
-4724
2782
4224
842
-2073
-4272
-7333
-8347
-4503
1409
4179
3854
4179
6566
8063
7467
6559
4973
1916
-1940
-3042
-23
3582
5251
4813
2813
-886
-5412
-8148
-7975
-6342
-5139
-4399
-3536
-2590
-1578
-294
1124
1013
-867
-2795
-3391
-1861
1048
5903
11983
15056
13061
7629
2367
-1080
-2856
-2910
-1782
-587
-222
-395
-857
-1529
-2766
-4478
-6011
-6903
-6098
-3717
-601
2374
3729
2989
803
-1486
-2662
-2606
-1546
15
963
894
559
277
186
147
-255
-966
-2615
-4608
-5668
-5720
-5156
-5372
-6203
-7286
-8498
-10244
-10715
-2698
12639
23662
21516
11053
4085
2388
172
-2297
1329
9384
11827
6236
1096
2107
3088
-1154
-6798
-9602
-11063
-13689
-12760
-4970
3387
5264
1112
-2926
-5161
-7295
-7617
-3249
3474
6910
6491
6111
7835
8959
7555
5474
3445
525
-2749
-3176
513
4440
5374
3340
-74
-4356
-8661
-10489
-9106
-6175
-4184
-3155
-2031
-947
-36
651
1329
856
-1078
-2385
-1609
1497
5146
8700
12699
14510
11648
5281
-492
-3533
-4432
-4035
-2685
-1193
-647
-993
-2110
-3461
-4870
-6317
-6691
-5810
-3406
17
3028
4845
4783
2967
269
-1983
-2707
-1882
-169
1434
2174
1796
786
-404
-1333
-1969
-2468
-3147
-4245
-5149
-5205
-5032
-4953
-5398
-6532
-8216
-9811
-11343
-10034
769
17284
27199
22891
10960
3525
1637
-588
-2336
2224
10095
11429
4985
-70
933
753
-4706
-10899
-13260
-13450
-13893
-10164
-1111
6453
6291
381
-4254
-5978
-6623
-4752
1165
7894
10487
9428
8588
9426
8840
5646
2331
-500
-3013
-4656
-2861
1866
4703
3393
-946
-5660
-9797
-12413
-11720
-7970
-3701
-1249
33
1251
2272
2650
2387
2150
1074
-307
-290
2120
6196
9486
12355
13531
10861
4343
-2840
-7055
-7971
-6411
-4032
-1875
-695
-901
-2175
-4063
-5453
-6100
-5602
-3854
-1234
2388
5253
6471
5832
3547
750
-1803
-2762
-1871
73
1935
2810
2145
209
-1797
-3525
-4437
-4597
-4621
-4572
-4732
-4789
-4775
-4874
-5436
-6768
-8014
-8979
-9513
-9768
-2546
13899
28429
28933
16086
4382
703
-498
-3136
-1263
7337
12421
7637
-507
-2302
-1434
-5779
-12652
-15871
-14158
-12412
-9631
-1581
7028
9007
3097
-3384
-5450
-5159
-3129
2135
9518
13607
12553
10063
8958
7884
3803
-746
-3522
-4903
-5134
-3684
651
3571
1845
-3259
-8638
-11810
-13120
-11544
-6981
-1528
2206
3601
4390
4598
4173
2947
1964
1606
1432
2217
4639
7855
10583
11772
9494
3834
-2776
-7139
-8579
-7501
-4815
-2037
-473
-772
-2057
-3515
-4600
-5101
-4702
-2621
255
3286
5664
6706
6100
3791
969
-1333
-2137
-1334
138
1512
2049
1487
-169
-2281
-4036
-5191
-5656
-5471
-4866
-4230
-3877
-3880
-4236
-4672
-5440
-6943
-7882
-8178
-7736
-7155
1282
18088
30933
28248
12917
1159
-1428
-1865
-3920
-1186
7819
11744
5548
-2975
-4451
-4034
-9353
-15644
-16648
-12410
-8773
-4983
3182
10085
9367
1630
-4405
-4640
-2696
498
6148
13087
15568
12450
8484
6316
4010
-1169
-5880
-7086
-5952
-4081
-1757
1599
2311
-1943
-8109
-12154
-12496
-10712
-6964
-1625
3432
6014
6161
5951
5418
4063
2105
1218
1820
2871
4617
6849
8449
8775
6801
2075
-3881
-7986
-8902
-7414
-4687
-1935
-139
67
-984
-2540
-3724
-4031
-3341
-1489
1357
4436
6799
7489
6119
3539
440
-1866
-2641
-1729
176
1596
1823
725
-1099
-3242
-5019
-6018
-5908
-5238
-4622
-4016
-3328
-3037
-3178
-3697
-4221
-5054
-5846
-6633
-6444
-6556
-3167
10365
26520
31798
19766
3227
-3663
-2845
-2898
-3501
2573
9850
8191
-917
-6748
-5377
-6940
-13026
-16467
-13409
-7373
-3583
1939
9317
11583
5703
-2898
-5089
-1753
2191
6114
11402
15493
13589
7852
3414
1670
-998
-5998
-8896
-7724
-4488
-1664
453
1420
-1312
-7259
-12288
-12885
-9548
-4695
439
4976
7723
7611
6278
5083
3948
2505
1230
1684
3235
4915
6758
7887
7474
4362
-936
-6593
-10213
-10104
-7349
-3356
-208
1353
1147
-537
-2237
-3376
-3116
-1576
687
3514
5895
7254
6852
4643
1622
-1236
-2725
-2536
-1071
844
2169
2069
360
-2180
-4416
-5835
-6215
-5736
-4829
-3704
-2736
-2060
-2216
-3033
-4130
-4976
-4985
-4518
-3829
-3634
-4118
-5171
2145
17892
29680
25297
8164
-3834
-4791
-2389
-2929
-774
6936
9646
2519
-7045
-8547
-6107
-8778
-13270
-13184
-7575
-2267
1049
6326
10339
8235
625
-4874
-3346
1497
6340
10679
13978
13256
7884
2314
-678
-2382
-5318
-7781
-7179
-4514
-1955
-199
685
-1091
-6137
-11194
-12017
-8287
-3020
1883
5731
7894
7485
5118
3493
2793
2267
1621
1866
3561
4900
5296
4509
2887
660
-1808
-4008
-5571
-5528
-4224
-2500
-1094
-352
-192
-636
-1173
-1470
-1217
-211
1310
3077
4548
5218
4652
3191
1322
-401
-1150
-928
-129
429
351
-144
-1193
-2307
-3466
-4326
-4622
-4499
-3962
-3311
-2556
-2410
-2485
-2768
-2930
-3204
-3501
-3586
-3197
-3283
-3879
-5407
-5583
4555
20482
29108
20342
2821
-6106
-4789
-2122
-2663
724
7980
8490
405
-7480
-7056
-5431
-9228
-13012
-10967
-4086
1126
4161
8112
9636
5199
-2390
-5278
-1713
3692
7845
11249
12991
10245
4352
-335
-2166
-3764
-6610
-7820
-5450
-1836
153
643
29
-3253
-8523
-11872
-9823
-4012
1318
5015
6956
7409
5750
3076
1827
1630
1509
1374
2401
4505
5405
4724
2692
177
-2226
-4439
-5195
-4476
-2617
-953
-406
-318
-534
-790
-988
-925
-398
447
1540
2662
3677
4154
3879
2654
1020
-295
-838
-555
-51
404
266
-345
-1133
-2038
-2680
-3174
-3274
-3246
-3166
-2982
-2776
-2378
-2167
-2287
-2370
-2545
-2508
-2656
-1984
-1675
-1999
-3649
-4918
-6228
-5487
5558
20629
27152
16224
-1079
-7570
-4298
-1091
-1963
1158
7731
7100
-542
-6601
-5064
-4379
-9421
-12316
-8199
-611
3433
5261
8214
8162
2183
-4985
-5058
529
5459
7950
10445
11843
8097
1306
-2974
-3501
-4179
-6776
-6676
-2654
1104
1536
-84
-1717
-4995
-9259
-10716
-6797
-268
4025
5792
6344
5916
3788
1064
250
866
1323
1758
3400
5407
5246
3059
-27
-2360
-3368
-3310
-2361
-1567
-1037
-1057
-1216
-941
-831
-759
-881
-427
480
1484
2459
3026
3518
3274
2366
1295
524
227
-38
-72
13
-119
-502
-1016
-1353
-1797
-2210
-2485
-2699
-2713
-2749
-2626
-2230
-1783
-1566
-2109
-2509
-2656
-2351
-2386
-2391
-2626
-2757
-3090
-3805
-5414
-7108
1850
17624
26520
17739
-165
-7659
-3976
-150
-986
856
7687
7807
23
-6379
-4878
-3435
-8753
-12154
-6918
1330
4363
3964
6178
7179
1510
-6219
-5747
1695
7272
7855
8636
10886
8333
830
-4578
-4424
-3023
-4727
-5200
-1254
2770
2114
-1717
-4059
-5579
-8214
-9459
-5755
995
5410
5681
4749
4079
2443
-24
-1025
497
2397
3370
4359
5619
4996
1951
-1558
-3186
-2632
-2042
-1788
-1287
-290
256
-556
-1292
-1484
-1311
-965
-405
1060
2525
3329
3264
2787
2283
1293
378
69
397
802
693
468
148
-381
-1169
-1794
-2015
-1942
-1740
-1760
-1838
-2044
-2196
-2284
-2118
-1625
-1443
-1733
-2141
-2367
-2317
-2200
-2003
-1538
-1613
-2152
-4370
-5772
-8251
-3490
11038
23533
21970
5614
-6705
-5812
-447
630
-329
4823
8301
3361
-3817
-4449
-1356
-5120
-11484
-9660
-466
5636
4731
4212
5795
3388
-4314
-7399
-774
7078
8729
6594
7511
8153
3238
-3254
-5326
-3136
-2612
-4194
-2534
1766
3435
133
-4043
-5911
-7059
-7882
-5796
-123
5056
6199
4131
2268
1134
25
-520
240
2164
3458
4118
4475
3770
1317
-2194
-4931
-4469
-820
2671
3540
1857
-105
-1745
-2968
-2844
-1696
155
1484
1965
2526
2639
2075
616
-594
-344
687
2004
2835
2966
2145
304
-1665
-2820
-2549
-1447
-304
208
98
-757
-2195
-3304
-3640
-3107
-2060
-1002
-177
-226
-810
-1784
-2389
-2644
-2628
-2728
-2468
-2319
-2337
-3782
-5189
-8233
-4145
9718
21908
20267
4708
-6365
-4336
859
856
-449
5258
9380
3895
-4133
-4954
-1735
-5132
-10950
-8070
1894
6938
3853
1787
3652
2599
-4389
-7321
-470
7691
9307
6455
6451
6856
2058
-4363
-6001
-2579
-601
-1701
-1050
1866
2677
-1088
-5503
-6988
-6657
-6176
-4024
861
5268
6020
2988
145
-748
-705
-305
587
2652
4352
4502
3705
2048
432
-1307
-2584
-2189
-433
1538
1790
546
-835
-1880
-2704
-2567
-1080
728
1983
2059
1810
1629
1218
711
452
1042
1715
1943
1836
1338
515
-723
-1554
-1522
-883
-143
12
-310
-938
-1638
-2332
-2688
-2434
-1905
-1342
-822
-463
-740
-1563
-2430
-2828
-2518
-2145
-1658
-1345
-1052
-1937
-3247
-5040
-5314
-7302
-4337
7847
19810
19569
5369
-5871
-4908
-172
86
-818
4714
9423
4915
-2626
-3786
-1276
-4951
-10679
-7577
2733
7687
4044
1235
2666
2017
-4184
-7076
-990
6435
8027
5658
5727
6106
1601
-4315
-5557
-2288
-187
-703
85
2600
2436
-1704
-5734
-6812
-5774
-4696
-2590
1501
4689
4585
1422
-1386
-1983
-1655
-753
622
2741
4600
4686
3548
1212
-367
-1137
-1782
-1095
885
2706
2315
256
-1622
-2657
-2848
-2431
-952
811
1945
1937
1390
1065
498
-88
-401
277
1530
2240
2226
1373
313
-736
-1488
-1428
-769
11
154
-174
-658
-1003
-1556
-2207
-2427
-2221
-1671
-1120
-838
-773
-1283
-1823
-2725
-2984
-2673
-2048
-1676
-1262
-1634
-2393
-3879
-4694
-5639
-6451
1817
14177
20325
12202
-1575
-6467
-3238
-367
-157
3039
8430
6949
187
-3935
-2319
-3430
-8615
-8766
-714
7089
6308
2432
1639
1212
-2631
-6820
-3617
3559
7684
7434
6593
6137
2260
-3726
-6034
-3277
-188
360
719
2160
2597
-499
-4429
-6177
-6204
-5111
-3425
158
3672
4121
1914
-1183
-2491
-2278
-1355
426
2419
4159
4324
3393
1841
407
-209
-761
-762
433
2501
2899
967
-1291
-2760
-3086
-2716
-1257
772
1880
1605
227
-488
-385
-172
213
1129
2313
2774
2219
1095
53
-754
-1188
-910
-146
904
1282
768
-296
-1556
-2611
-3233
-2803
-1607
-583
-231
-645
-1389
-2288
-3105
-3277
-2808
-1828
-866
-553
-798
-1369
-1838
-2877
-3856
-4843
-4506
-5634
-518
10529
17905
13239
466
-5882
-3016
355
38
1407
7343
8214
1816
-4018
-3041
-2157
-6941
-8623
-1825
6402
6366
1376
484
1488
-893
-5427
-3931
3039
7210
6554
5596
5869
3048
-3081
-5870
-2940
679
851
372
1532
2117
-359
-4353
-5998
-5725
-4943
-3280
-161
3342
3779
1297
-1621
-2948
-2415
-1203
948
3258
4615
4344
2974
1293
-84
-392
-531
-7
1362
2502
2322
548
-1252
-2558
-3165
-2780
-1302
505
1438
1448
840
143
-367
-630
-38
1128
2216
2563
2323
1873
996
8
-721
-863
-546
-59
488
516
-73
-1082
-1941
-2369
-2359
-1895
-1508
-1264
-1239
-1350
-1635
-1788
-1967
-2044
-1885
-1335
-1062
-949
-1239
-1371
-2402
-2972
-3619
-3440
-4292
-4467
3341
12608
14703
5225
-3885
-3501
739
1020
-535
3551
8129
4458
-2145
-3920
-878
-2973
-7266
-4385
3590
6809
2328
-347
1484
1052
-3359
-5301
170
5488
5663
4182
4923
4544
-783
-5392
-4117
53
1216
-17
900
2211
900
-2844
-5008
-4557
-4254
-3666
-1492
2092
3655
1642
-913
-2077
-1988
-1678
-485
1709
3536
3914
2766
1630
177
-889
-1235
-761
1173
2764
2919
1434
-245
-1423
-2641
-2936
-1704
386
1764
1628
937
18
-815
-1221
-726
664
1953
2606
2388
1761
743
-465
-1270
-1353
-513
598
1505
1525
462
-1030
-2280
-2695
-2419
-1568
-536
40
45
-546
-1518
-2519
-2920
-2654
-1921
-1147
-571
-361
-781
-1492
-2234
-2824
-3161
-3130
-3337
-3173
-4598
-281
8308
13391
8125
-1706
-3839
464
2088
-479
643
6592
7186
1523
-2868
-1898
-1703
-5436
-5544
1001
6387
3977
-391
212
1496
-1183
-5073
-3120
2512
5090
4701
4592
4427
1177
-3668
-4327
-941
1341
689
184
1619
2208
188
-2822
-4197
-4453
-3842
-1856
716
2378
1568
-352
-1655
-1824
-1369
-770
-107
951
1922
2621
2318
1246
-247
-1102
-1043
331
2299
3448
2764
977
-478
-1068
-1447
-1582
-750
671
1635
1261
126
-1188
-1820
-1398
-184
1129
1838
1985
1722
1162
432
-394
-1093
-998
137
1665
2427
1820
236
-1322
-2059
-1908
-1358
-587
-20
108
-356
-1113
-1825
-2467
-2801
-2402
-1515
-750
-563
-908
-1406
-1760
-2109
-2463
-2419
-2142
-1718
-2167
-2378
-3900
-1420
4418
10077
8109
956
-2306
601
2838
330
-989
2771
5800
3164
-1218
-1481
-321
-2059
-3930
-1813
2430
2971
656
156
1236
858
-2064
-3139
-619
2543
3780
3351
2680
1604
-211
-1322
-969
-73
-6
-171
254
1109
1307
-39
-1839
-3240
-3577
-2428
-1049
32
387
372
12
-769
-1273
-1423
-1303
-883
148
1464
2228
1986
918
-44
-512
-200
623
1145
1201
1292
1438
1115
-111
-1246
-1412
-815
-178
158
199
46
-256
-472
-509
-403
-196
219
969
1514
1513
933
186
-137
-166
87
370
448
340
123
-151
-395
-711
-1255
-1646
-1523
-971
-498
-454
-584
-727
-990
-1225
-1366
-1160
-878
-678
-502
-252
-79
-383
-824
-1072
-1039
-1008
-1279
-1417
-1148
-1233
-611
449
2466
3042
1696
-355
-749
188
488
391
965
1936
1896
438
-281
204
714
557
90
-10
-316
67
1189
1757
861
-544
-633
322
859
761
331
-9
-387
-238
370
535
23
-638
-539
-177
19
281
263
220
29
-84
15
-199
-504
-457
-196
240
363
226
-119
-270
-10
149
-38
-622
-722
-383
105
389
101
-415
-680
-421
182
453
277
-63
-91
293
531
509
208
-58
-153
-49
228
388
230
-65
-94
299
533
353
-98
-288
-152
-46
84
194
227
94
55
220
278
89
-176
-179
63
212
231
124
100
162
144
9
-275
-611
-914
-816
-477
-273
-390
-669
-748
-675
-588
-790
-1028
-1173
-1198
-875
-390
-96
-296
-984
-1090
-307
481
468
-104
-380
-383
154
757
812
229
-666
-625
468
1434
1432
749
225
-132
201
1060
1319
706
-46
292
982
1130
890
360
-134
-473
-167
597
860
477
3
104
194
80
16
-195
-303
-194
181
391
22
-274
-221
-96
-128
-323
-326
-395
-286
-76
166
79
-345
-418
-232
-15
47
-130
-261
-365
-65
368
496
224
-300
-538
-378
159
349
43
-400
-418
-164
37
191
159
-140
-404
-280
286
667
557
251
77
176
244
306
249
92
97
171
239
292
218
149
-7
-71
-153
-211
-235
-219
-71
-123
-419
-651
-566
-369
-341
-270
-266
-380
-544
-472
-310
-436
-665
-808
-824
-753
-780
-791
-860
-1069
-755
-43
527
322
-314
-759
-768
18
740
927
454
-199
63
772
1096
868
466
125
-138
431
1122
1190
535
105
422
640
542
236
-68
-353
-333
206
740
594
69
-179
-104
-118
-67
-18
-77
79
276
556
334
-247
-446
-333
-1
94
85
17
-200
-141
55
202
-157
-607
-718
-429
22
126
59
-214
-498
-492
-302
-3
59
-212
-267
-3
232
134
-119
-249
-239
-144
55
407
503
253
-7
9
164
158
98
112
175
286
328
296
162
-35
-68
52
203
236
163
27
17
158
202
70
-5
62
168
163
88
-42
-256
-424
-389
-288
-374
-474
-493
-431
-485
-534
-526
-603
-740
-750
-533
-432
-408
-422
-508
-671
-928
-1032
-656
93
677
652
74
-370
-673
-485
213
681
446
-168
-267
314
792
672
289
-38
-202
43
837
1328
985
288
155
435
539
482
410
317
175
266
571
588
129
-160
-86
44
119
231
135
-74
-66
62
51
-283
-393
-88
146
157
76
14
-176
-337
-181
97
67
-354
-465
-262
-23
-4
-256
-535
-676
-650
-309
128
350
115
-252
-276
-115
-3
-69
-65
-100
-90
-35
82
227
132
26
92
132
157
167
282
412
487
439
369
278
208
207
282
423
358
165
100
97
160
103
42
-85
-116
-41
47
100
10
-131
-227
-179
-145
-167
-189
-179
-167
-125
-191
-342
-467
-597
-568
-477
-544
-564
-579
-564
-643
-771
-843
-895
-941
-998
-977
-790
-136
506
544
9
-473
-668
-524
-23
478
672
335
53
323
761
748
331
9
-192
7
654
1069
901
355
79
124
233
451
621
491
99
111
584
713
266
-79
106
271
158
306
565
445
65
-107
4
-253
-571
-439
-56
107
-90
-137
-242
-388
-425
-333
-134
-160
-259
-183
1
-46
-247
-409
-519
-411
-54
105
20
-165
-157
-113
-195
-184
-178
-116
-36
149
299
243
10
-49
37
67
114
230
374
408
414
448
380
202
90
229
399
362
307
292
242
122
123
164
227
73
1
115
232
143
-108
-340
-328
-226
-254
-270
-244
-284
-299
-373
-401
-300
-420
-560
-527
-324
-226
-302
-359
-450
-487
-545
-514
-368
-397
-515
-623
-588
-633
-798
-882
-764
-323
265
479
289
-154
-438
-462
-114
379
541
365
77
218
588
729
570
474
429
261
443
922
939
440
-1
190
470
385
324
313
127
4
160
286
177
-98
-68
115
140
97
147
78
-124
-49
157
66
-317
-403
-126
-72
-204
-194
-221
-432
-519
-229
108
-2
-427
-437
-288
-314
-279
-158
-65
-139
-98
34
16
-272
-444
-309
-28
257
427
489
377
117
-39
-49
-103
-51
222
585
575
282
186
86
48
162
236
267
219
221
387
490
298
16
-183
-162
-66
143
313
145
-37
-119
-90
-82
-91
-70
-5
-115
-91
-50
-81
-216
-398
-466
-438
-367
-372
-359
-354
-348
-315
-389
-435
-389
-372
-340
-329
-323
-309
-389
-468
-377
-288
-330
-358
-387
-314
-364
-462
-458
-261
24
219
227
15
-209
-193
-23
172
289
194
79
190
446
528
475
398
241
107
271
640
701
464
299
269
336
234
245
275
124
78
176
341
208
-8
56
148
176
184
250
183
-33
-29
18
18
-123
-125
-93
-133
-65
11
5
-231
-239
-55
2
-160
-252
-89
-15
-81
-25
69
-91
-251
-203
-91
-48
-110
-116
-54
-29
77
260
240
17
-56
-59
-54
36
183
260
170
63
214
256
145
126
174
184
150
282
364
270
87
55
49
10
5
-16
-11
-22
117
185
52
-161
-245
-176
-166
-101
76
96
57
-28
-157
-217
-328
-383
-317
-255
-207
-228
-283
-336
-319
-280
-352
-420
-411
-358
-310
-240
-176
-173
-309
-385
-400
-330
-357
-369
-328
-360
-349
-318
-353
-421
-463
-429
-165
37
40
-12
-63
-19
74
103
50
-28
46
178
295
351
427
336
132
112
286
464
445
426
427
372
293
286
291
156
60
175
261
231
165
120
96
12
71
234
107
-10
20
94
78
-48
-76
-8
-19
-96
14
75
-75
-114
-66
36
-8
-19
32
-8
6
-19
-4
-49
-109
-96
54
84
19
-69
-218
-190
3
192
196
71
-8
-152
-229
-117
175
277
97
60
133
154
25
19
144
143
55
138
247
251
143
-5
-36
37
71
49
54
99
142
101
-14
-64
-55
-25
-7
49
145
132
-1
-74
-31
-216
-200
-147
-136
-167
-252
-201
-136
-171
-264
-264
-263
-258
-233
-157
-83
-109
-183
-283
-300
-292
-256
-240
-233
-230
-244
-292
-354
-360
-341
-342
-338
-306
-288
-316
-263
-130
-76
-42
12
4
35
42
80
127
46
59
157
244
245
115
101
115
122
227
327
335
318
414
409
322
238
171
186
184
247
321
299
177
89
57
10
55
140
160
35
-13
28
27
-42
-113
-96
-73
-18
38
62
-14
-103
-83
-73
-78
-142
-193
-203
-235
-183
-196
-175
-221
-258
-219
-222
-204
-217
-146
-128
-133
-5
31
-7
-56
-27
-12
-49
-65
-44
39
38
41
114
123
83
76
175
144
174
165
136
178
134
148
80
71
83
66
45
44
113
61
29
-18
1
25
-70
-111
-121
-109
-162
-180
-187
-159
-100
-117
-123
-141
-221
-283
-290
-244
-252
-320
-318
-264
-228
-286
-359
-347
-332
-381
-348
-268
-204
-167
-235
-307
-286
-217
-305
-306
-256
-193
-176
-189
-182
-204
-176
-178
-161
-16
63
34
35
67
129
136
96
54
87
114
112
205
262
330
255
92
162
234
203
211
210
239
230
251
320
306
152
29
51
66
113
109
151
68
-12
-50
-25
-96
-218
-231
-207
-144
-125
-127
-145
-231
-186
-98
-147
-204
-207
-170
-183
-153
-81
-66
-155
-177
-115
-105
-158
-260
-164
-28
-27
-57
-36
21
-41
-44
-64
4
27
-37
47
187
199
120
18
-1
65
24
78
115
145
101
40
79
72
53
-34
-63
-82
-87
-62
22
24
-25
-105
-136
-97
-88
-123
-176
-162
-108
-125
-84
-70
-145
-177
-218
-150
-101
-91
-68
-122
-129
-177
-230
-206
-221
-275
-241
-162
-123
-122
-165
-113
-120
-127
-196
-152
-65
-85
-108
-165
-162
-152
-86
-61
-42
-68
-72
-114
-124
-92
-31
-58
-132
-115
-105
-38
-73
-97
-80
-25
28
41
54
81
114
41
-14
14
68
157
139
115
152
101
42
79
123
69
-18
17
86
178
186
167
37
-66
-102
-116
17
93
122
152
166
63
27
-33
-40
28
64
104
67
22
20
-20
-41
-111
-117
-59
12
28
27
29
-79
-129
-95
-52
17
66
105
132
88
-1
-83
-53
30
76
90
65
32
-19
-19
31
81
98
-7
-25
-8
45
-15
-44
-97
-122
17
56
62
32
28
-1
16
-36
-81
5
54
40
52
60
8
-60
-131
-137
3
101
-28
-29
-25
-37
-88
-108
-168
-224
-170
-110
-90
-78
-133
-184
-184
-170
-168
-209
-174
-103
7
32
-14
-154
-218
-182
-127
-78
-13
-35
-137
-149
-193
-155
-156
-144
-106
-94
-92
-151
-161
-191
-153
-53
-81
-44
-78
-133
-69
-15
40
-9
-30
-80
-7
99
106
107
70
-15
-62
-24
16
53
6
9
-59
34
102
123
83
15
124
164
213
186
192
224
164
115
55
62
62
47
101
113
48
8
41
76
58
-46
-52
8
66
45
64
87
39
-51
-34
38
74
34
-65
-14
42
56
71
4
-41
-63
1
80
115
100
-21
-19
56
80
30
56
63
-11
-5
-3
-2
-3
33
68
62
82
38
77
134
109
42
-15
5
13
49
105
94
84
7
-14
-11
-24
-36
-5
-27
-6
38
21
-9
-58
-54
-3
28
89
79
-7
17
26
70
57
59
27
42
28
19
28
7
40
12
-41
-15
5
-9
-47
-53
-54
-71
-51
4
2
-69
-46
-58
10
-32
-36
1
0
32
54
31
9
11
-17
11
12
-38
-110
-110
-33
-38
-90
-63
-98
-65
-58
-88
2
28
111
123
78
45
22
67
107
132
140
100
65
112
147
121
101
78
86
83
118
120
114
200
185
180
119
113
103
141
149
141
192
177
171
108
72
97
161
114
116
128
69
65
118
151
94
60
-13
-32
40
79
69
74
117
137
157
149
115
188
176
129
64
24
46
125
187
106
41
37
81
80
107
132
90
2
-38
-66
-57
-46
-42
3
15
9
-27
-50
2
10
39
54
11
38
12
24
43
66
27
-35
-12
-28
30
31
36
66
18
-50
-64
-6
-2
25
74
26
53
-71
-91
-50
-40
-5
40
47
35
66
14
36
2
-35
15
46
59
132
138
110
21
-12
-37
-3
19
15
25
32
33
17
29
-33
1
58
92
97
83
92
102
41
-4
34
71
64
75
77
73
49
62
93
59
57
44
86
163
195
140
122
85
98
125
146
195
241
228
235
239
184
149
215
234
294
269
169
172
154
72
18
101
160
133
141
161
86
47
-15
11
81
88
116
131
108
120
165
127
82
131
104
93
89
119
142
130
96
108
82
97
72
61
75
111
84
86
144
92
103
105
108
127
118
136
141
141
139
103
90
108
94
72
51
45
38
39
34
67
102
118
110
92
61
97
116
129
116
67
56
111
85
70
87
86
113
99
149
96
89
155
101
47
39
