330
329
351
306
252
335
287
283
336
238
288
313
314
328
276
272
242
233
229
258
297
328
328
229
306
352
285
311
339
346
302
243
303
316
273
254
228
263
234
250
288
280
295
364
305
209
286
298
256
265
275
266
258
274
300
275
315
304
233
258
191
159
228
248
294
252
227
255
248
252
232
257
288
289
273
284
302
276
282
302
231
219
234
211
182
165
189
231
245
194
166
188
254
218
233
247
218
252
156
213
269
248
240
220
199
244
291
277
283
242
277
289
265
253
259
277
278
257
245
267
183
189
218
191
201
149
165
220
304
223
232
197
164
194
219
219
146
155
142
139
124
178
167
147
196
148
149
148
140
237
230
264
243
198
182
223
209
132
132
170
246
236
207
191
188
209
241
302
241
184
162
148
141
151
130
136
162
160
128
183
239
186
190
237
239
204
202
223
172
205
188
202
198
164
201
201
192
182
182
172
180
118
109
147
190
203
185
211
193
176
174
182
169
171
169
200
191
177
136
115
172
194
158
141
152
151
166
210
199
176
158
141
220
198
233
210
171
175
182
153
171
184
177
229
202
168
144
179
225
211
172
160
175
110
128
131
104
156
139
156
168
169
160
202
205
158
164
150
175
231
187
176
150
145
150
152
136
213
205
174
200
121
119
150
161
179
175
167
176
107
101
102
115
86
124
136
137
143
140
134
101
58
62
131
97
141
106
156
140
122
98
70
100
102
69
48
118
121
85
145
144
107
108
106
178
92
46
55
92
97
75
119
137
139
69
94
58
63
110
80
82
151
147
105
110
78
92
95
69
59
72
48
40
38
48
44
85
63
98
98
113
106
89
93
40
58
35
48
17
29
67
90
62
81
83
54
108
86
108
71
60
23
27
31
67
88
83
111
108
112
89
120
41
96
99
74
81
50
73
2
49
83
68
103
86
135
117
91
78
125
71
82
100
70
67
22
24
16
33
37
31
1
16
28
-10
10
53
8
42
60
-14
-30
21
14
84
66
36
28
-2
-16
-11
23
12
30
24
19
37
76
32
28
25
5
-2
-36
-48
-56
-48
-11
39
30
4
70
14
-6
30
-1
25
-9
2
6
13
30
19
59
45
-11
8
42
38
68
44
13
37
43
-7
-37
-16
12
0
-12
0
62
50
55
81
20
7
24
45
62
82
61
47
-11
12
22
61
53
58
78
25
5
21
55
56
53
52
-3
-57
-11
19
41
51
7
29
75
78
64
48
-35
9
51
68
12
-77
-18
-6
33
18
17
7
48
60
47
87
54
-20
21
39
-29
37
43
57
31
19
63
25
-10
-7
-30
-62
-49
-23
3
-25
-27
12
8
29
54
-27
-5
37
4
10
39
-16
-2
38
11
-20
4
-3
-35
-18
-10
28
31
17
-36
-6
-58
3
28
36
55
30
-13
-30
52
32
-3
22
35
-19
3
35
-9
5
25
38
7
54
41
-8
51
81
76
17
17
1
32
38
-31
-61
-38
-14
-16
-34
14
41
18
-9
-5
8
-21
-42
28
20
-33
25
-8
-44
-31
-9
29
-11
-73
-17
-23
-39
-15
-36
-13
-3
-1
-31
-53
-47
-79
-79
-31
25
35
-7
14
11
-11
-21
-75
-121
-134
-161
-107
-60
-90
-84
-124
-97
-91
-64
-15
-50
-61
-43
-40
-75
-122
-129
-71
-18
7
9
-38
-26
-53
-93
-94
-55
-7
-30
47
4
-31
-56
-87
-83
-102
-55
-42
25
35
22
-18
5
19
14
-8
-37
-61
-57
-58
-48
-95
-51
3
-56
-45
-35
-25
16
-12
-61
-32
-50
-46
-43
-12
-13
18
10
4
15
-7
35
2
-42
-35
-49
-115
-53
-22
-36
14
-33
-66
5
-4
-26
-13
-63
-58
-37
-60
-16
-72
-66
-48
-76
-75
-72
-25
-7
-23
-52
-50
-50
-51
-48
-73
-89
-127
-94
-72
-101
-39
-34
-23
2
-4
-28
-45
-56
-67
-73
0
-43
-90
-63
-16
-82
-81
-80
-60
6
-20
-53
-77
-75
-85
-45
-77
-85
-82
-51
-25
-10
37
-23
-22
-4
38
12
-7
-21
-4
17
-54
-22
19
3
-4
15
4
-25
-39
-95
-65
-61
-105
-63
-61
-94
-151
-130
-54
-64
-45
-119
-143
-95
-40
-64
-65
32
-37
-51
-31
15
-20
-37
-20
32
30
-10
12
-22
-23
-48
-27
-43
-58
-22
-14
-53
-83
-55
-84
-64
-57
-60
-43
-35
7
7
-7
22
-55
-69
-52
-51
-62
-62
-85
-49
-1
-61
-77
-113
-94
-88
-83
-97
-108
-73
-49
-52
-65
-54
-4
-12
-4
-26
-50
22
15
41
36
-47
-27
-53
-37
-27
-13
0
-88
-78
-59
-51
-54
-46
-4
1
-30
-21
-10
-24
-2
25
-18
1
11
-60
-59
-16
-81
-124
-133
-108
-45
0
-12
13
-16
-23
-43
-27
19
7
-33
-27
11
10
43
43
16
-6
-26
11
-14
-7
-17
12
35
0
0
40
37
7
23
55
2
16
11
-10
78
37
-13
-39
-45
-40
11
21
37
12
17
35
28
25
3
19
43
20
-9
-25
-61
-26
26
27
19
41
68
78
140
143
112
122
140
112
26
95
83
97
136
31
14
94
81
40
42
55
59
50
28
33
-10
-6
85
87
55
37
52
58
31
-12
39
37
44
34
38
-9
22
72
83
48
10
53
124
98
41
15
49
45
25
-41
-56
-3
-27
-23
-5
34
61
70
58
22
13
5
-56
-36
-2
44
-16
-23
20
-27
25
40
5
-16
15
84
86
9
40
75
56
37
16
79
35
-10
-39
25
22
85
96
20
55
37
42
14
1
-2
19
-2
29
61
52
23
95
106
106
79
30
14
39
75
38
60
-19
-17
62
58
7
-13
31
43
24
52
25
45
103
101
112
74
58
46
63
124
56
49
63
106
119
65
103
129
124
53
35
20
18
84
81
90
57
45
57
96
72
48
89
77
121
96
91
61
32
34
0
9
19
14
-4
56
107
109
67
79
83
7
2
-17
-19
-6
-38
10
29
26
90
109
164
142
117
80
39
22
48
64
65
66
37
44
33
7
63
-4
-43
47
42
62
37
55
67
57
19
28
54
43
29
65
91
91
85
48
28
74
67
92
80
53
80
48
55
79
76
61
92
74
74
38
53
72
5
40
47
23
65
54
49
85
53
54
65
10
14
49
29
40
36
-8
30
49
-6
11
10
34
41
71
77
61
61
12
18
46
33
3
21
110
46
31
46
82
67
43
33
42
8
43
67
30
0
15
97
63
-25
-17
-7
-25
-22
-34
-13
13
-9
-38
-34
-8
-13
-5
21
-8
55
40
-2
21
30
38
22
-7
1
36
38
87
58
37
69
61
85
50
22
15
6
-42
-14
34
37
43
-1
-26
-48
-28
-24
21
63
-7
-35
30
67
91
54
29
0
36
81
35
65
20
-2
29
-28
5
-33
-13
59
30
4
-22
-55
-2
6
28
40
32
-27
-51
3
13
81
48
-42
-37
-1
-11
-3
-19
-23
-35
-12
-33
-14
1
2
15
-17
22
20
18
91
58
58
18
54
44
26
77
31
-8
-42
-35
-73
-20
0
-15
21
18
49
37
49
59
16
18
-8
60
3
-47
-13
-41
32
61
17
14
11
8
3
-31
11
-18
-2
17
27
57
16
3
10
50
23
53
36
13
97
75
52
55
46
64
73
52
10
31
51
-5
24
82
33
-12
39
64
66
104
114
95
23
-22
-26
-28
34
6
32
49
35
3
9
5
15
8
-1
-3
-29
45
50
78
61
7
54
65
52
97
106
81
49
10
44
46
6
-27
-39
15
5
-25
13
24
45
44
40
47
35
96
45
9
-2
-6
-70
-43
-7
-28
-2
-12
7
49
9
41
31
-78
-22
-23
-30
44
4
-5
29
45
-3
-73
-27
-52
-75
-66
-44
-27
-39
2
-45
-23
-50
-58
-6
-19
12
-18
6
-10
-16
-4
-37
-36
2
-47
-79
-84
-71
-84
-82
-9
-77
-78
-90
-24
-44
-53
-44
-32
-23
-35
-10
8
-23
-46
-52
-45
-22
-45
-14
-87
-94
-33
-96
-70
-81
-83
-58
-52
-38
-25
-5
-49
-31
-14
-66
-52
-125
-109
-119
-72
-59
-64
-46
-44
3
-14
32
7
-72
-73
-69
-69
-93
-99
-103
-79
-25
-63
-70
-81
-49
-75
-107
-93
-98
-65
-63
-90
-69
-89
-80
-113
-100
-58
-116
-68
-66
-43
8
16
21
-67
-102
-83
-125
-159
-130
-88
-80
-77
-85
-99
-111
-140
-100
-65
-104
-129
-74
-88
-87
-90
-93
-61
-61
-55
-93
-81
-99
-79
-119
-68
-49
-40
-57
-122
-56
-31
-83
-86
-82
-47
-39
-24
45
-2
-67
-137
-118
-138
-102
-72
-123
-133
-125
-101
-144
-180
-167
-125
-100
-82
-78
-72
-86
-111
-42
-61
-95
-118
-104
-88
-78
-122
-122
-111
-125
-103
-116
-46
-48
-86
-57
-35
-17
3
-42
-90
-101
-72
-47
-53
-31
-91
-82
-103
-98
-55
-121
-85
-95
-92
-77
-98
-112
-85
-39
-46
-83
-42
-51
-83
-44
-46
-94
-102
-126
-51
-114
-156
-112
-109
-76
-76
-78
-54
-62
-75
-79
-65
-61
-29
-28
-125
-96
-47
-56
-64
-87
-145
-120
-98
-90
-70
19
33
-57
-110
-99
-81
-90
-125
-75
-65
-113
-178
-144
-109
-127
-80
-143
-146
-80
-100
-102
-92
-107
-99
-85
-60
-32
-43
-41
-44
-77
-150
-165
-114
-109
-116
-51
-46
-98
-113
-158
-114
-90
-132
-93
-140
-134
-84
-78
-62
-64
-92
-97
-82
-124
-96
-90
-59
-92
-132
-105
-60
-73
-101
-103
-94
-66
-98
-83
-112
-152
-114
-76
-118
-115
-64
-83
-95
-131
-147
-99
-81
-85
-53
-44
-42
-103
-114
-68
-72
-103
-113
-89
-66
-63
-44
-74
-92
-91
-87
-98
-130
-117
-122
-88
-73
-71
-87
-120
-135
-140
-66
-50
-72
-66
-89
-91
-85
-84
-96
-12
26
8
-15
7
-14
-36
-23
-85
-132
-24
-45
-87
-65
-124
-91
-116
-105
-132
-116
-172
-167
-83
-116
-57
-115
-224
-158
-136
-114
-140
-131
-79
-78
-30
-36
-66
-55
-80
-48
-42
-115
-117
-163
-107
-61
-99
-105
-106
-107
-78
-85
-96
-102
-98
5
5
-10
-24
-71
-98
-85
-93
-59
-89
-89
-123
-67
-79
33
22
197
1248
2271
2021
666
-750
-1495
-1355
-444
652
1745
3048
3396
2503
388
-1489
-2451
-1952
-224
1174
1553
835
-514
-1620
-1875
-1339
-1096
-954
-544
-313
-370
-408
-430
-715
-1026
-1119
-1171
-1434
-954
-229
468
565
603
421
-124
-372
-589
-376
-40
413
656
597
708
971
1013
677
207
60
-174
-173
251
681
1021
939
919
705
339
144
34
33
6
129
315
453
567
555
562
315
-12
-111
-243
-179
109
411
524
493
420
203
-152
-497
-614
-631
-625
-424
-232
-173
-66
-102
-326
-689
-926
-973
-1064
-936
-898
-836
-937
-1134
-1382
-1893
-2431
-2999
-3477
-3908
-4242
-4340
-4572
-4796
-5039
-5305
-5577
-6074
-6386
-6605
-6641
-6416
-6162
-5789
-5440
-5037
-4737
-4572
-4435
-4221
-3786
-3173
-2542
-1890
-1476
-1079
-904
-568
2976
5995
7482
6164
4660
3820
4012
4632
4639
5242
6064
6396
5946
5608
6468
6678
4901
3222
1975
2055
1754
2301
2982
3749
3376
2187
1107
444
419
-127
-1029
-1167
-983
-848
-686
-118
622
214
-434
-1365
-1234
-1145
-511
317
985
1652
1990
1929
2169
2233
2178
1523
1212
1147
1389
1825
2161
2835
2736
2405
1813
2751
2922
2293
986
138
-675
-1142
-1110
-952
-1173
-1112
-1367
-1677
-1897
-1496
-1539
-1974
-1813
-1554
-1398
-1345
-502
-200
-290
-588
-596
-789
-650
-296
-5
-120
107
58
-115
-458
-402
-735
-1105
-1351
-1529
-1869
-2192
-2477
-3009
-3511
-3892
-4163
-4357
-4469
-4466
-4383
-4598
-4664
-4792
-4654
-4416
-2726
1075
4006
4419
3216
1878
1729
1943
2118
1825
2428
3380
3809
3823
4731
6202
5760
3640
1759
652
-11
-605
-573
103
576
170
-739
-1017
-810
-925
-2341
-3592
-3967
-3985
-3923
-3114
-1648
-647
-541
-825
-843
-657
-599
-570
-565
-168
513
1015
1969
3169
4031
3937
3354
2849
2504
2196
2049
2103
2316
2211
2251
2146
2187
1917
1681
1657
1165
754
96
-504
-1136
-1237
-1394
-1612
-1669
-1583
-1591
-1696
-1587
-1491
-1683
-1545
-1291
-958
-749
-437
-281
-231
-149
-53
34
65
236
367
267
291
391
389
333
151
-159
-422
-492
-621
-802
-1153
-1644
-2115
-2603
-3084
-3303
-3697
-3903
-4237
-4380
-4764
-4884
-5417
-5798
-5307
-2830
1544
3652
3930
2860
2551
2425
2457
1847
1392
1805
2025
1904
2557
4603
6365
5694
3981
2567
1429
123
-1108
-1225
-1294
-1372
-2281
-2209
-1396
-387
-750
-2141
-3378
-4239
-5190
-5700
-4987
-3736
-3156
-2711
-1999
-749
289
657
634
104
-174
-507
-425
463
1936
2875
3201
3569
4125
4335
4205
3798
3196
2286
1510
1053
1131
1590
1993
2230
3210
3435
2993
1944
846
-644
-1903
-2751
-3294
-3346
-2714
-1875
-1445
-881
-247
-365
-813
-950
-1253
-1785
-2138
-1832
-1410
-899
-274
461
763
1072
1296
963
425
43
-456
-905
-951
-542
-113
143
566
658
217
-367
-1060
-1977
-2924
-3613
-4202
-4494
-4487
-4182
-4198
-4099
-4594
-4385
-3532
-252
2548
2895
2205
1669
2275
2466
2734
2400
2639
2508
2420
2266
3519
5335
5748
4268
3276
2665
2123
970
488
72
-537
-1788
-2446
-1912
-1128
-670
-1658
-2663
-3296
-3787
-4562
-4649
-4327
-4392
-4777
-4506
-3476
-1938
-1158
-481
-410
-375
-452
-327
18
605
1010
957
1157
1957
3059
3786
4096
4147
3775
3050
2546
2291
1990
1600
1113
1628
2570
2833
2803
2569
2020
893
-117
-975
-1743
-2330
-2624
-2925
-2820
-1997
-1191
-843
-368
2
-331
-931
-1047
-1337
-1733
-2049
-1822
-1608
-1120
-195
668
974
1169
1205
706
203
28
-244
-618
-772
-661
-617
-581
-455
-463
-877
-1346
-1860
-2659
-3404
-3780
-4198
-4806
-5142
-5590
-4888
-2943
1262
3210
3648
3031
3360
3543
3209
2501
1505
1105
575
493
1044
3238
5210
5467
4620
4586
4370
3441
1799
924
-549
-2066
-3703
-3506
-2718
-1462
-1152
-1575
-1657
-1683
-2037
-2890
-3356
-4030
-5201
-6003
-5437
-4094
-2715
-1867
-698
-101
514
697
1017
955
800
3
-593
-537
403
1462
2168
2936
3603
3870
3952
4190
3897
3187
1953
1289
1292
1526
1974
1998
2080
1982
1902
1585
1215
528
-449
-1694
-2670
-2937
-2852
-2617
-2198
-1695
-1233
-765
-193
38
45
-520
-1183
-1763
-2062
-1876
-1620
-1270
-864
-318
236
889
1429
1514
1245
891
381
52
-436
-778
-1179
-1428
-1526
-1592
-1481
-1563
-1748
-2174
-2720
-3546
-4101
-4987
-5155
-4501
-1659
480
1472
1788
2392
3672
3992
3879
2643
1998
933
144
-554
472
1882
2425
2262
2783
3551
3643
2974
2298
1293
-279
-2281
-3289
-3457
-3163
-2875
-3081
-2322
-1464
-677
-659
-355
-514
-1430
-2700
-3224
-3026
-2881
-2850
-2393
-1777
-812
100
1144
2039
2523
2307
1547
1237
1178
1220
888
883
1124
1529
2044
2925
3466
3689
3247
3350
3136
3087
2656
1959
1206
612
431
136
108
-11
-113
-631
-773
-802
-985
-1256
-1557
-1919
-2123
-2095
-1768
-1688
-1432
-1452
-1274
-1233
-832
-657
-645
-634
-650
-677
-647
-339
11
63
266
489
839
914
861
695
158
-313
-790
-1309
-1784
-2289
-2775
-3246
-3589
-3763
-3926
-4308
-4701
-4569
-3261
-534
564
1049
808
1871
2479
2778
2275
1949
1592
812
246
311
1720
2654
2523
2240
2994
3418
3351
2815
2584
1606
52
-1580
-1860
-2006
-1992
-2477
-2543
-2178
-1593
-1180
-963
-524
-914
-1738
-2537
-2413
-2225
-2407
-2703
-2440
-2036
-1353
-566
622
1374
1767
1556
1514
1715
1911
1756
1370
1240
1117
1244
1613
2340
2744
2770
2672
2668
3274
3609
3355
2525
1845
1205
649
275
60
-532
-1223
-1525
-1494
-1369
-1128
-1022
-1212
-1361
-1186
-1092
-1250
-1350
-1425
-1953
-2228
-1941
-1582
-1433
-1182
-903
-658
-462
70
543
593
533
392
297
358
622
472
159
-194
-632
-972
-1175
-1336
-1838
-2501
-3067
-3461
-3838
-4166
-4754
-5247
-5198
-2942
-1199
-404
-231
579
1834
2439
2699
2253
2137
1279
548
-303
417
1526
1953
1697
2406
3499
3962
3746
3698
3382
2092
281
-659
-1196
-1831
-2326
-3012
-2676
-2249
-1425
-1100
-375
-26
-399
-1231
-1329
-1098
-1554
-2334
-2617
-2600
-2470
-1941
-914
212
885
1330
1591
2128
2511
2748
2176
1762
1211
880
673
982
1415
1496
1350
1948
2854
3388
3841
3649
3201
2291
1835
1138
497
-418
-1184
-2017
-2215
-1893
-1554
-1253
-874
-693
-529
-406
-214
-405
-879
-1593
-2007
-2284
-2355
-2081
-1934
-1626
-1216
-570
9
593
1072
1107
925
784
743
581
211
-215
-664
-975
-1086
-1024
-962
-1167
-1470
-2027
-2391
-2897
-3181
-4027
-4819
-5325
-4019
-1780
-951
-395
-201
1355
2138
2917
2683
2665
1907
795
-375
-735
23
247
-152
-70
1138
2039
2578
2945
3558
3038
1882
849
714
27
-741
-1909
-2368
-2475
-2218
-1857
-1184
-432
-444
-656
-724
-159
-275
-966
-1667
-2043
-2510
-2547
-2254
-1349
-880
-429
119
1011
1836
2582
2758
2519
2266
1788
1476
1259
1299
959
556
542
1695
2506
2880
3051
3317
3042
2668
2471
2096
895
-482
-1374
-2044
-2364
-2228
-2189
-2119
-1669
-1066
-584
-83
302
76
-670
-1215
-1365
-1890
-2283
-2414
-2430
-2456
-2091
-1156
-278
286
810
1212
1353
1514
1531
950
132
-513
-1162
-1751
-1902
-1950
-2113
-2373
-2203
-2154
-2299
-2337
-2483
-3192
-3930
-3379
-1262
-406
-269
-356
582
1353
1938
2226
2359
2410
1646
921
469
1274
1408
847
268
986
1744
1921
2260
2940
2750
1807
1022
906
460
-315
-1368
-2255
-2544
-2582
-2355
-2213
-1621
-1533
-1674
-1534
-659
-331
-736
-1198
-1252
-1608
-1780
-1607
-1130
-1008
-982
-556
88
924
1625
2182
2228
2315
2240
2221
2188
2089
1653
975
869
1461
2046
2084
2210
2415
2306
2243
2273
2187
1384
345
-441
-1099
-1584
-1702
-1923
-2263
-2228
-1735
-1285
-717
-238
-179
-595
-772
-794
-1048
-1508
-1786
-2017
-2334
-2146
-1546
-921
-487
-64
552
951
1273
1670
1458
942
211
-390
-1104
-1572
-1837
-2356
-2673
-2778
-2627
-2707
-2613
-2684
-3145
-3612
-3147
-887
-27
204
-58
683
1386
1947
2247
2133
2098
1452
886
412
1175
1681
1231
553
1042
1711
1945
2067
2471
2198
1385
557
685
417
-170
-1008
-1889
-2216
-2351
-2060
-1908
-1530
-1527
-1667
-1572
-821
-426
-759
-1178
-1220
-1466
-1543
-1364
-956
-893
-931
-621
-13
731
1466
1892
1862
1902
2037
2213
2224
2183
1812
1244
932
1293
1963
2564
2399
2402
2287
2385
2300
2265
1577
388
-588
-1121
-1519
-1794
-1982
-2234
-2397
-2023
-1243
-620
-278
-128
-300
-706
-768
-781
-1083
-1816
-2237
-2400
-2276
-1868
-1177
-665
-302
258
945
1514
1839
1773
1313
605
-43
-574
-1205
-1740
-2291
-2758
-3090
-3023
-2870
-2829
-2915
-3178
-3658
-3088
-988
-115
-98
-401
624
1375
1823
1968
2071
1839
1163
648
528
1430
1829
1389
841
1392
2168
2421
2399
2765
2400
1362
607
772
318
-548
-1507
-2142
-2413
-2423
-1988
-1807
-1594
-1666
-1738
-1701
-1017
-642
-928
-1425
-1450
-1564
-1669
-1378
-881
-852
-987
-573
203
880
1497
1931
1937
1952
2027
2388
2251
1960
1535
1282
1381
1984
1915
1869
2049
2290
2130
2158
2336
1935
1026
208
-175
-763
-1101
-1428
-1685
-2069
-1951
-1602
-1179
-829
-569
-721
-866
-669
-592
-1016
-1266
-1372
-1706
-2008
-1633
-1080
-871
-600
-62
410
739
1140
1438
1260
804
354
-183
-664
-1234
-1606
-2231
-2569
-2730
-2677
-2932
-2820
-3102
-3636
-3926
-2194
-322
-98
-103
231
1436
1878
2474
2377
2450
1645
1221
511
783
1444
1417
625
571
1562
2153
2227
2485
2750
2105
1338
1165
1255
472
-292
-1494
-1956
-2286
-2074
-2015
-1897
-1725
-1653
-1626
-1106
-297
-315
-768
-1050
-1069
-1354
-1347
-1134
-902
-1181
-1013
-496
210
777
1566
1808
1890
2109
2393
2586
2387
2184
1520
1230
1501
1920
1809
1735
1974
1947
1891
2145
2316
1716
795
356
-32
-593
-989
-1345
-1905
-2271
-2071
-1577
-1220
-872
-658
-755
-674
-378
-433
-786
-1084
-1330
-1668
-1765
-1441
-1229
-1156
-1023
-397
110
559
1181
1355
1147
733
414
-51
-595
-1103
-1853
-2476
-2834
-2865
-3094
-3158
-3239
-3420
-3853
-2661
-227
567
583
612
1798
2294
2852
2812
2763
2116
1544
888
662
1339
1581
950
407
1282
2145
2303
2388
2908
2449
1404
858
1024
226
-688
-1804
-2497
-2917
-2839
-2427
-2309
-2054
-1857
-1711
-1324
-411
-112
-571
-1028
-962
-1335
-1504
-1331
-1048
-1327
-1338
-708
102
689
1407
1996
2037
2252
2531
2863
2542
2329
1763
1637
1618
1839
1709
1697
1878
1907
1989
2193
2259
1831
1190
650
201
-380
-835
-1361
-1708
-2045
-1980
-1754
-1242
-996
-799
-840
-566
-433
-472
-697
-928
-1261
-1561
-1589
-1442
-1229
-1119
-840
-397
40
484
1054
1244
1137
816
519
56
-459
-1010
-1754
-2354
-2803
-3030
-3233
-3221
-3562
-3841
-3799
-1492
256
740
785
1564
2700
3138
3237
2940
2655
1726
1007
172
552
1004
882
172
669
1732
2401
2461
2907
3017
2234
1270
1094
750
-188
-1335
-2418
-2952
-3279
-2936
-2703
-2376
-2093
-1769
-1532
-698
-47
-81
-628
-768
-1011
-1320
-1384
-1256
-1329
-1609
-1229
-429
313
1025
1892
2272
2552
2723
3102
3056
2873
2253
2046
1710
1622
1610
1637
1802
1827
1914
1974
2078
1909
1512
840
395
-125
-729
-1263
-1528
-1860
-2010
-1942
-1488
-1177
-873
-681
-394
-426
-378
-432
-626
-906
-1313
-1564
-1474
-1364
-1116
-921
-675
-161
343
834
1174
1148
864
546
54
-380
-1047
-1710
-2437
-2963
-3559
-3698
-3915
-4051
-4225
-2458
-39
892
1279
1872
3385
3832
4085
3462
3195
2283
1445
323
143
701
808
10
81
1320
2283
2541
2894
3343
2846
1851
1244
1009
-137
-1301
-2635
-3262
-3703
-3540
-3330
-2978
-2407
-1842
-1426
-679
179
375
-62
-360
-477
-951
-1244
-1304
-1247
-1558
-1436
-680
188
863
1912
2461
2685
3006
3421
3560
3220
2653
2197
1630
1499
1602
1578
1392
1532
1704
1689
1936
2128
1799
1069
652
179
-521
-1104
-1408
-1840
-2206
-2154
-1743
-1452
-1082
-700
-553
-512
-245
-210
-514
-906
-1140
-1519
-1752
-1531
-1259
-1121
-881
-316
166
544
981
1243
1011
664
388
-80
-830
-1520
-2245
-2916
-3655
-3854
-4300
-4442
-4168
-1496
260
971
1317
2691
4062
4499
4467
3765
3283
2133
1134
-161
138
470
119
-550
462
1831
2684
2871
3586
3797
3044
1984
1578
837
-447
-1846
-3175
-3752
-4021
-3702
-3599
-2940
-2299
-1662
-1126
-52
635
538
-76
-266
-729
-1255
-1589
-1662
-1845
-2091
-1547
-668
162
1167
2193
2724
3117
3543
3840
3661
3063
2537
1993
1604
1607
1308
1108
1121
1513
1490
1756
2033
1995
1352
895
598
51
-676
-1113
-1620
-2106
-2295
-2012
-1708
-1383
-1047
-805
-562
-296
-125
-306
-421
-803
-1185
-1533
-1450
-1308
-1373
-1192
-715
-241
208
632
1128
1065
846
459
84
-597
-1264
-2113
-2794
-3537
-3886
-4393
-4564
-4510
-2421
-8
973
1469
2210
3955
4517
4771
3919
3555
2455
1589
244
113
450
359
-424
6
1417
2600
2982
3307
3760
3260
2241
1620
1125
-134
-1464
-3047
-3703
-4187
-3862
-3681
-3226
-2606
-1927
-1372
-458
409
599
46
-188
-508
-1091
-1454
-1729
-1829
-2180
-1803
-964
-42
869
1974
2608
2982
3336
3811
3907
3342
2754
2131
1531
1411
1335
1101
977
1209
1267
1367
1725
1890
1332
684
458
-51
-761
-1214
-1662
-2132
-2329
-2133
-1766
-1397
-994
-692
-640
-460
-160
-374
-739
-970
-1197
-1568
-1475
-1210
-1109
-1082
-764
-132
222
622
970
954
515
229
-148
-691
-1530
-2186
-2941
-3529
-4063
-4312
-4697
-3663
-616
636
1200
1556
3562
4661
5208
4713
4387
3435
2423
1121
239
469
615
-278
-746
612
2056
2683
2796
3655
3654
2798
1910
1728
485
-817
-2584
-3697
-4409
-4306
-4085
-3970
-3497
-2697
-1882
-1187
12
608
249
-157
-262
-786
-1268
-1689
-1808
-2226
-2229
-1525
-511
209
1408
2264
2804
3178
3742
4064
3766
3037
2481
2054
1834
1564
1176
1028
1023
1078
1098
1450
1505
1233
697
489
178
-405
-943
-1313
-1856
-2087
-2104
-1784
-1502
-1281
-1160
-870
-599
-330
-337
-524
-712
-1064
-1394
-1313
-1119
-1156
-1077
-887
-465
-52
373
770
834
505
313
-176
-620
-1364
-2071
-2823
-3439
-4238
-4667
-5027
-3139
-375
540
928
1735
3819
4919
5409
4775
4410
3339
2268
801
321
540
319
-902
-823
733
2093
2563
2976
3718
3644
2854
2348
1955
789
-644
-2503
-3491
-4139
-4031
-4060
-3975
-3451
-2534
-1787
-746
482
934
490
199
-80
-581
-1060
-1384
-1755
-2443
-2418
-1693
-784
5
1286
2112
2775
3367
4096
4300
3967
3281
2990
2381
1708
1338
1111
750
428
443
594
774
957
1042
668
393
231
-181
-750
-987
-1499
-1956
-2101
-1799
-1709
-1686
-1478
-1030
-1059
-890
-515
-348
-594
-813
-872
-888
-987
-871
-798
-771
-615
-210
39
179
267
103
-160
-465
-848
-1426
-2216
-2685
-3461
-4156
-4893
-4319
-1512
-97
597
757
2562
4169
5382
5180
4797
4061
3174
1754
620
811
792
-274
-1356
-312
1137
2006
2265
3057
3424
3016
2366
2355
1494
402
-1491
-3050
-3987
-4151
-4199
-4391
-4094
-3495
-2835
-1890
-460
458
421
109
157
-219
-605
-1033
-1244
-2028
-2394
-1992
-1166
-503
531
1507
2129
2747
3571
4151
4186
3686
3309
2908
2336
1864
1489
1057
527
317
339
467
537
553
350
176
149
24
-373
-618
-943
-1447
-1807
-1589
-1483
-1634
-1715
-1354
-1299
-1265
-962
-661
-737
-926
-806
-658
-661
-654
-511
-497
-375
-112
55
87
96
18
-422
-820
-1036
-1487
-2148
-2681
-3012
-3808
-4437
-4816
-2362
-388
501
437
1567
3391
4611
5065
4577
4188
3395
2428
855
854
1061
417
-1157
-742
698
1803
1879
2536
3082
2823
2033
2003
1473
442
-1072
-2741
-3672
-4095
-3886
-4136
-4038
-3526
-2850
-2243
-964
181
471
27
50
-171
-525
-893
-1059
-1635
-2296
-2051
-1293
-699
174
1254
1881
2435
3067
3771
3944
3631
3400
3007
2238
1916
1654
1271
598
359
131
201
260
435
146
-139
-96
-251
-489
-624
-806
-1248
-1675
-1535
-1319
-1486
-1627
-1499
-1431
-1565
-1240
-906
-885
-1017
-928
-756
-724
-574
-301
-375
-375
-58
140
100
140
-62
-447
-895
-1043
-1479
-1908
-2505
-2802
-3642
-4056
-4784
-3147
-523
511
772
1090
3113
4415
5156
4584
4479
3581
2817
1213
842
1163
1047
-466
-733
482
1767
2044
2334
3038
3102
2226
1854
1764
765
-528
-2385
-3369
-4159
-3997
-4102
-4074
-3766
-3089
-2533
-1583
-300
360
-65
-173
-310
-702
-1004
-1234
-1490
-2203
-2229
-1501
-718
-10
1062
1851
2343
2890
3676
4046
3801
3372
3145
2718
2291
1860
1588
1006
714
425
378
369
368
123
-156
-198
-181
-445
-695
-816
-968
-1303
-1310
-1045
-979
-1204
-1317
-1191
-1300
-1340
-1138
-1019
-1208
-1215
-1043
-714
-559
-328
-251
-125
206
438
420
333
31
-371
-967
-1293
-1675
-2146
-2851
-3216
-3865
-4098
-5004
-2779
-138
831
824
1414
3470
4598
5181
4628
4406
3305
2614
953
704
1003
986
-667
-655
797
2203
2308
2663
3369
3228
2173
1931
1614
500
-963
-2660
-3674
-4290
-3924
-4051
-3879
-3533
-2630
-2108
-1115
118
642
59
-26
-274
-613
-1019
-1177
-1465
-2161
-2062
-1162
-444
248
1445
2114
2591
3014
3868
4115
3875
3445
2969
2258
1948
1855
1438
851
597
314
213
293
468
193
-281
-326
-346
-555
-744
-882
-1184
-1532
-1389
-1107
-1093
-1082
-1122
-1160
-1263
-1033
-862
-899
-979
-932
-880
-708
-436
-193
-247
-124
179
331
367
375
134
-445
-903
-1227
-1633
-2151
-2758
-3157
-3887
-4272
-5067
-2452
-133
942
739
1612
3615
4972
5345
4804
4485
3475
2522
945
942
1197
866
-898
-594
839
2256
2295
2785
3264
3074
2041
1950
1541
642
-980
-2713
-3749
-4240
-3954
-4088
-3901
-3550
-2754
-2127
-940
223
719
244
289
-114
-340
-714
-788
-1287
-2024
-1863
-1011
-307
528
1558
2197
2651
3174
3915
4156
3923
3482
3178
2419
1995
1680
1343
755
380
38
86
166
424
110
-212
-178
-225
-489
-517
-647
-1013
-1419
-1346
-1147
-1177
-1302
-1244
-1164
-1275
-1006
-710
-614
-695
-619
-507
-381
-213
-8
-69
-2
146
298
355
288
-58
-565
-983
-1244
-1737
-2249
-2793
-3086
-3863
-4212
-5134
-2455
-143
816
554
1396
3372
4655
5139
4732
4479
3467
2612
974
1096
1500
1290
-640
-415
946
2371
2284
2807
3323
3147
1982
1974
1500
618
-899
-2626
-3659
-4103
-3858
-4056
-3942
-3624
-2843
-2391
-1254
7
477
-59
60
-306
-440
-805
-852
-1350
-2090
-2008
-1148
-556
319
1428
2077
2406
2949
3747
3986
3746
3509
3172
2354
1979
1791
1371
760
390
113
26
57
333
36
-278
-292
-363
-613
-572
-606
-1025
-1390
-1274
-1133
-1156
-1265
-1081
-1215
-1375
-1147
-789
-785
-854
-737
-574
-463
-275
-5
-52
-75
209
267
238
177
-157
-700
-1170
-1435
-1878
-2376
-2807
-3103
-3854
-4285
-5142
-2306
-201
879
565
1526
3291
4730
5041
4709
4349
3524
2505
783
1021
1406
1030
-813
-467
975
2265
2116
2796
3315
3164
2042
2076
1552
817
-890
-2564
-3706
-4027
-3753
-3970
-3867
-3406
-2767
-2324
-1155
192
591
55
102
-350
-492
-859
-908
-1473
-2100
-2019
-1206
-641
406
1373
1939
2260
2836
3660
3834
3655
3411
3035
2309
1837
1727
1294
751
370
-24
-131
-31
295
38
-244
-268
-318
-570
-478
-540
-926
-1284
-1175
-1080
-1140
-1232
-1143
-1208
-1345
-1018
-660
-669
-756
-686
-543
-471
-225
27
46
53
219
236
281
196
-65
-611
-974
-1494
-1896
-2427
-2728
-3261
-3908
-4681
-4957
-1680
-38
824
295
1945
3539
4939
4906
4876
4205
3538
2174
928
1088
1591
747
-900
-232
1259
2269
2126
2927
3338
2903
1874
2113
1350
628
-1274
-2705
-3902
-3927
-3899
-4048
-3931
-3355
-2816
-2192
-937
478
495
52
157
-201
-347
-694
-706
-1533
-2068
-1845
-1095
-612
525
1502
2008
2302
3081
3763
3984
3740
3791
3253
2483
1988
1823
1255
662
215
-153
-375
-203
-14
-309
-427
-311
-324
-459
-249
-268
-754
-1113
-943
-1005
-1137
-1269
-1190
-1570
-1665
-1263
-935
-929
-763
-485
-337
-200
195
413
254
253
390
314
231
99
-307
-992
-1281
-1649
-2053
-2669
-2763
-3486
-3871
-5199
-3469
-623
523
702
910
2790
4022
5048
4566
4514
3636
3104
1072
750
1142
1464
-355
-808
317
1833
2122
2526
3275
3411
2312
1989
1823
1101
-96
-1995
-3164
-3942
-3657
-3946
-3914
-3598
-2883
-2599
-1637
-322
610
117
194
-82
-338
-695
-744
-1031
-1789
-1912
-1379
-885
-93
1159
1778
2095
2556
3358
3795
3878
4003
3555
2725
2222
2043
1611
875
519
-120
-506
-495
-139
-182
-534
-441
-289
-277
-8
18
-321
-771
-766
-886
-1131
-1217
-1302
-1710
-2000
-1717
-1330
-1219
-901
-583
-469
-176
287
505
584
545
562
319
253
176
-243
-971
-1323
-1677
-2091
-2629
-2661
-3357
-3693
-4957
-3901
-798
491
968
744
2599
3846
4902
4343
4491
3589
2978
1121
649
1052
1577
-90
-814
228
1619
1954
2249
3048
3257
2316
1696
1707
1068
158
-1828
-3016
-3908
-3641
-3958
-3854
-3684
-3029
-2687
-1874
-639
533
124
116
-103
-341
-539
-628
-796
-1574
-1846
-1328
-819
-127
1067
1773
2174
2462
3325
3726
4007
4116
3809
2861
2387
2340
1798
958
613
44
-568
-676
-258
-261
-671
-650
-595
-592
-230
-8
-355
-770
-735
-802
-1106
-1096
-1152
-1585
-1985
-1651
-1310
-1346
-1067
-611
-503
-231
284
677
672
729
763
517
288
222
-241
-998
-1425
-1889
-2349
-2850
-2853
-3479
-3747
-5061
-3211
-480
690
865
1110
2796
4048
4895
4491
4427
3654
3020
1004
731
1211
1525
-339
-606
571
1914
2042
2673
3257
3324
2073
1829
1549
986
-139
-1996
-3272
-3996
-3738
-4001
-3921
-3483
-2803
-2594
-1714
-301
582
90
302
-55
-340
-619
-606
-925
-1625
-1767
-1221
-772
55
1066
1771
2145
2639
3357
3561
3900
4172
3482
2657
2222
2066
1406
867
504
-312
-761
-528
-259
-403
-574
-508
-689
-630
-149
-141
-528
-773
-751
-1000
-1161
-1051
-1312
-1771
-1753
-1515
-1269
-1109
-720
-625
-645
-230
280
491
519
681
482
222
288
157
-409
-979
-1407
-1960
-2481
-2722
-3032
-3746
-4419
-5228
-2514
-457
770
556
1494
3034
4467
4794
4724
4358
3636
2334
713
792
1201
794
-918
-586
588
1749
1827
2694
3223
3058
1959
2031
1441
882
-785
-2340
-3591
-3895
-4020
-4162
-4028
-3413
-2956
-2503
-1348
107
482
195
323
-43
-216
-547
-467
-955
-1529
-1614
-1008
-580
457
1302
1966
2237
2942
3635
3916
4284
3960
3380
2797
2385
1977
1249
718
-5
-781
-896
-821
-761
-969
-952
-839
-786
-397
-174
-108
-369
-638
-751
-921
-931
-1222
-1718
-1881
-1905
-1745
-1523
-1133
-822
-730
-388
70
512
800
925
905
694
638
497
-4
-608
-1127
-1807
-2337
-2866
-2903
-3634
-3933
-4960
-4104
-1220
407
978
945
2600
3906
4729
4391
4504
3698
2933
1164
665
928
1284
-73
-720
215
1542
2015
2370
3098
3385
2392
1763
1678
1008
-61
-1787
-3084
-4000
-3878
-4056
-3932
-3620
-2969
-2626
-1798
-570
507
170
187
12
-210
-538
-698
-844
-1404
-1715
-1307
-823
-47
1067
1833
2070
2454
3171
3545
3513
3813
3629
2764
2105
1842
1571
805
315
-214
-660
-829
-499
-508
-744
-799
-653
-828
-564
-341
-462
-957
-997
-1063
-1225
-1278
-1147
-1516
-1827
-1597
-1148
-1073
-860
-565
-387
-286
61
546
708
711
729
607
419
302
-67
-718
-1258
-1787
-2262
-2826
-3061
-3589
-4228
-5209
-3458
-910
233
546
1172
2648
3857
4615
4602
4433
3711
2875
1121
758
1232
1232
-346
-567
468
1509
1740
2377
3166
3089
2049
1854
1546
895
-257
-1950
-3213
-3798
-3815
-4092
-3994
-3499
-2995
-2698
-1802
-342
457
183
287
96
-126
-367
-477
-805
-1384
-1498
-1068
-798
198
1191
1785
2064
2661
3319
3542
3746
4231
3591
2630
2057
1850
1131
454
116
-512
-1110
-1035
-698
-806
-892
-725
-824
-784
-317
-216
-592
-825
-933
-1212
-1393
-1240
-1285
-1864
-1897
-1497
-1208
-1080
-605
-361
-369
-171
344
717
743
742
643
405
334
163
-444
-1015
-1389
-1845
-2464
-2823
-2985
-3640
-4311
-4890
-2767
-777
184
577
1372
2733
3949
4471
4484
4173
3585
2544
1021
1018
1383
939
-430
-210
924
1750
2085
2845
3361
3073
2086
1916
1533
851
-608
-2159
-3264
-3644
-3863
-4037
-3799
-3277
-2944
-2542
-1536
-181
230
105
257
0
-187
-474
-626
-946
-1391
-1442
-987
-512
482
1316
1864
2275
2861
3266
3604
3891
4099
3377
2494
2010
1769
954
398
-40
-770
-1200
-1092
-793
-896
-900
-851
-883
-638
-216
-232
-570
-804
-969
-1222
-1276
-1240
-1501
-1985
-1850
-1362
-1167
-994
-502
-258
-250
60
627
820
844
788
660
329
246
-29
-666
-1181
-1610
-2109
-2547
-2734
-3085
-3709
-4516
-4149
-1952
-546
127
600
1674
2879
3848
4105
4148
3802
3177
1851
914
1169
1350
424
-344
309
1198
1605
2086
2891
3229
2645
1946
1859
1342
453
-1032
-2370
-3232
-3471
-3759
-3808
-3474
-2963
-2742
-2178
-1087
-68
32
-5
43
-168
-406
-590
-664
-930
-1292
-1073
-747
-78
803
1478
1871
2333
2885
3238
3794
3980
3852
3078
2537
2174
1670
846
260
-459
-1080
-1339
-1080
-1001
-1067
-1131
-946
-673
-326
-40
-133
-420
-719
-1010
-1144
-1243
-1445
-1847
-2096
-1841
-1449
-1205
-850
-443
-195
109
536
1054
1196
1029
845
630
293
-29
-516
-1091
-1676
-2095
-2508
-2703
-2989
-3282
-4064
-3877
-1941
-260
346
772
1853
2977
3669
3992
4137
3804
3112
2115
1188
1144
1448
853
-3
372
1390
1844
2072
2780
3279
2623
1842
1582
1158
188
-1016
-2252
-3188
-3555
-3669
-3734
-3484
-2959
-2624
-2270
-1363
-326
-213
-240
-74
-190
-485
-648
-589
-812
-1082
-910
-468
-10
829
1671
1988
2381
2853
3346
3721
4179
3998
3170
2499
2287
1796
1012
428
-173
-952
-1190
-977
-762
-849
-862
-800
-572
-142
149
-98
-335
-533
-940
-1258
-1220
-1392
-1901
-2161
-1848
-1482
-1219
-708
-209
-25
156
708
1128
1162
1062
924
555
235
-28
-413
-1054
-1577
-1961
-2334
-2621
-2683
-3070
-3817
-3687
-2014
-483
111
680
1569
2617
3324
3802
3753
3509
3095
2176
1163
1112
1397
973
118
458
1238
1678
2036
2650
2967
2600
2013
1651
1180
468
-609
-1932
-2800
-3124
-3398
-3622
-3440
-2917
-2742
-2397
-1430
-525
-205
-156
-87
-227
-376
-446
-510
-686
-865
-834
-574
-72
758
1477
1811
2260
2724
3134
3452
4030
3984
3146
2495
2236
1732
930
397
-253
-989
-1308
-1122
-1022
-1029
-938
-887
-762
-272
115
-70
-322
-381
-756
-1163
-1155
-1166
-1703
-2045
-1854
-1519
-1308
-746
-198
14
193
760
1199
1328
1277
1185
661
186
16
-414
-1076
-1588
-2009
-2463
-2736
-2792
-2982
-3699
-3419
-1778
-275
205
855
1708
2571
3244
3618
3519
3237
2793
2002
1052
1070
1440
885
246
714
1531
1865
2135
2772
3060
2531
1951
1544
1048
238
-792
-2065
-2803
-3131
-3357
-3512
-3196
-2734
-2541
-2204
-1278
-535
-337
-226
-96
-307
-486
-562
-582
-780
-890
-755
-478
50
818
1510
1881
2260
2724
3060
3452
4040
3656
2875
2390
2150
1437
699
278
-353
-1168
-1192
-1042
-962
-991
-786
-724
-549
-53
235
-24
-246
-336
-760
-1240
-1146
-1322
-1912
-2006
-1693
-1442
-1179
-516
65
87
379
890
1132
1156
1119
970
447
91
-189
-704
-1278
-1596
-1992
-2438
-2647
-2615
-3024
-3531
-2931
-1397
-174
340
965
1780
2577
3255
3490
3237
3080
2694
1854
1102
1293
1428
905
551
1004
1613
1878
2192
2647
2705
2316
1748
1343
861
150
-926
-1951
-2554
-2866
-3124
-3305
-2975
-2600
-2501
-2049
-1184
-596
-414
-311
-252
-428
-465
-480
-507
-665
-634
-538
-220
268
1029
1463
1850
2240
2629
2972
3223
3461
3455
2848
2217
1976
1542
953
354
-161
-755
-1107
-1108
-994
-1080
-984
-922
-794
-452
-108
-196
-344
-565
-705
-994
-1123
-1248
-1482
-1752
-1606
-1330
-1067
-804
-336
-54
185
538
908
1049
1012
912
631
125
-139
-477
-1090
-1597
-1983
-2368
-2659
-2813
-3077
-3519
-2962
-1556
-277
136
818
1750
2633
3055
3361
3301
2996
2471
1808
1146
1058
1093
617
220
719
1358
1672
2029
2622
2750
2270
1895
1538
982
56
-922
-1937
-2563
-3044
-3205
-3270
-2968
-2601
-2330
-1901
-1053
-481
-365
-330
-183
-395
-521
-549
-553
-713
-782
-629
-280
155
890
1391
1751
2075
2548
2925
3244
3362
3192
2781
2200
1797
1344
721
137
-448
-976
-1171
-1229
-1055
-1056
-975
-839
-574
-415
-177
-163
-330
-544
-742
-1041
-1209
-1451
-1537
-1711
-1652
-1350
-1016
-699
-303
25
290
535
848
982
905
738
515
150
-206
-613
-1007
-1472
-1852
-2133
-2444
-2705
-2799
-3204
-2770
-1587
-347
222
844
1558
2462
2920
3188
3178
2978
2432
1739
1190
1078
1101
646
330
632
1281
1624
1959
2448
2675
2210
1796
1516
1051
265
-675
-1669
-2353
-2738
-2934
-3068
-2853
-2567
-2322
-2033
-1195
-604
-385
-320
-212
-307
-472
-560
-492
-679
-761
-603
-358
120
735
1245
1529
1986
2402
2759
2884
3132
3084
2718
2268
1926
1518
934
394
-51
-614
-933
-938
-912
-982
-996
-942
-833
-596
-347
-314
-377
-486
-618
-822
-947
-1028
-1228
-1440
-1434
-1312
-1127
-892
-619
-311
-97
212
537
719
787
773
569
261
21
-449
-891
-1355
-1778
-2176
-2423
-2732
-2913
-3359
-3091
-2075
-801
-60
476
1221
2146
2731
3117
3137
2999
2502
1706
1103
912
1003
616
321
421
1134
1381
1819
2234
2682
2297
1958
1621
1317
491
-397
-1330
-2045
-2601
-2859
-2970
-2744
-2597
-2252
-2008
-1284
-609
-294
-272
-197
-235
-370
-457
-520
-603
-788
-717
-434
74
571
1109
1469
1890
2243
2653
2854
3189
3085
2797
2444
2135
1564
1064
548
18
-637
-818
-979
-981
-1011
-945
-850
-664
-401
-87
-58
-23
-121
-361
-624
-654
-848
-1081
-1310
-1283
-1212
-1029
-725
-410
-163
159
536
718
780
872
804
557
326
45
-438
-840
-1221
-1546
-1938
-2154
-2312
-2492
-2755
-2977
-2429
-1479
-390
196
822
1405
2248
2628
2949
2829
2804
2217
1676
1246
1321
1158
787
596
900
1328
1601
1947
2342
2346
1988
1643
1373
1010
255
-627
-1466
-2022
-2494
-2661
-2710
-2491
-2322
-2103
-1781
-1106
-617
-305
-276
-158
-287
-319
-397
-345
-440
-500
-407
-15
354
875
1232
1607
1865
2281
2588
2925
3001
2947
2525
2238
1822
1424
939
493
-99
-572
-838
-961
-1013
-1054
-1007
-908
-733
-424
-192
-115
-143
-190
-333
-422
-503
-727
-1018
-1180
-1105
-1072
-913
-632
-339
-196
159
525
806
938
1027
868
671
442
175
-314
-725
-1169
-1541
-2021
-2158
-2421
-2517
-2911
-2756
-1910
-944
-97
461
1178
1877
2421
2800
2892
2697
2417
1625
1223
1099
1221
738
560
719
1173
1378
1756
2163
2457
2123
1875
1523
1178
564
-248
-1047
-1677
-2181
-2576
-2694
-2453
-2276
-2140
-1849
-1283
-708
-447
-187
-90
-111
-309
-355
-358
-405
-506
-438
-268
140
531
990
1347
1773
2165
2352
2808
3035
2937
2647
2247
1864
1316
765
326
-264
-686
-1044
-1106
-1108
-1063
-906
-851
-620
-285
-77
56
-15
-135
-385
-630
-752
-985
-1177
-1316
-1268
-1099
-818
-411
-183
103
386
616
860
950
922
698
493
133
-194
-569
-905
-1295
-1567
-1907
-2026
-2243
-2265
-2649
-2436
-1768
-1073
-250
273
936
1499
2032
2352
2566
2479
2434
1799
1464
1206
1261
909
769
831
1067
1226
1600
1887
2091
1885
1737
1380
1097
558
-112
-819
-1438
-1852
-2189
-2336
-2276
-2191
-2039
-1792
-1305
-815
-578
-298
-296
-227
-259
-270
-281
-254
-357
-323
-262
77
418
872
1178
1619
1943
2206
2678
2832
2740
2502
2157
1897
1287
814
226
-331
-756
-1018
-1104
-1087
-1012
-861
-802
-494
-226
-60
23
46
-67
-384
-563
-687
-937
-1074
-1136
-1074
-1040
-742
-337
-96
194
460
725
829
866
930
722
392
120
-286
-621
-929
-1299
-1666
-2012
-2064
-2178
-2281
-2458
-1875
-1296
-701
-93
537
1112
1551
1870
2153
2256
2185
1925
1468
1356
1326
1209
912
953
1132
1184
1310
1658
1891
1957
1647
1495
1121
761
220
-325
-911
-1318
-1761
-2035
-2157
-2074
-1953
-1724
-1511
-1077
-867
-593
-243
-210
-231
-272
-213
-103
-251
-175
-145
45
324
655
1003
1284
1671
1915
2262
2518
2543
2371
2121
1719
1287
842
415
-197
-693
-931
-1109
-1196
-1100
-957
-764
-535
-207
-11
147
164
128
-137
-293
-530
-847
-1008
-1022
-983
-961
-779
-467
-239
100
423
629
835
917
914
662
443
193
-284
-692
-1098
-1436
-1805
-2054
-2122
-2243
-2306
-2447
-1903
-1249
-749
-84
484
1045
1559
1827
2119
2150
2122
1798
1389
1222
1175
974
799
925
1131
1122
1245
1562
1797
1802
1547
1380
1003
557
162
-452
-930
-1328
-1735
-1936
-2020
-1864
-1874
-1614
-1339
-916
-763
-559
-237
-216
-219
-126
-162
-98
-101
-22
17
138
406
726
984
1415
1724
1895
2192
2376
2357
2198
1993
1579
1042
442
41
-408
-876
-1185
-1282
-1228
-1122
-936
-699
-451
-199
43
91
81
0
-268
-504
-631
-832
-1056
-1100
-1059
-950
-727
-439
-102
144
404
712
856
821
780
477
149
-121
-534
-958
-1413
-1650
-1875
-2042
-2172
-2168
-2289
-2222
-1576
-1131
-569
-53
625
1166
1488
1727
2051
1971
1919
1572
1376
1200
1125
883
736
865
1096
1085
1286
1518
1644
1392
1314
1170
699
224
-214
-680
-1167
-1558
-1839
-1955
-1901
-1807
-1672
-1474
-1112
-784
-625
-393
-85
-78
-152
-62
-32
-52
-147
-33
61
245
461
726
926
1284
1563
1786
2035
2071
1943
1763
1457
1056
560
118
-307
-771
-1056
-1145
-1229
-1216
-983
-737
-473
-109
80
262
203
223
157
-88
-305
-427
-699
-887
-869
-869
-780
-516
-220
19
252
454
672
672
663
632
286
-63
-446
-906
-1240
-1541
-1770
-2001
-2047
-2107
-2034
-2142
-1716
-1052
-606
-74
569
1123
1485
1725
1911
2023
1989
1769
1497
1250
1179
991
711
689
920
894
923
1171
1308
1300
1019
967
772
434
-52
-401
-840
-1272
-1555
-1731
-1714
-1613
-1558
-1347
-1000
-606
-407
-147
150
296
216
210
281
262
113
31
66
143
249
486
628
931
1201
1497
1690
1775
1804
1601
1328
917
471
46
-378
-768
-1181
-1378
-1370
-1328
-1122
-833
-482
-56
221
468
642
703
590
381
131
-116
-410
-669
-789
-784
-792
-639
-397
-177
32
314
601
735
656
552
319
-88
-524
-974
-1358
-1753
-2011
-2176
-2248
-2245
-2066
-2095
-1609
-936
-331
195
889
1472
1795
1932
2224
2260
2129
1813
1529
1285
1078
840
675
624
729
665
686
954
1154
1035
864
768
596
149
-265
-550
-917
-1370
-1673
-1735
-1632
-1458
-1287
-1078
-684
-273
58
357
638
763
605
501
566
431
181
140
121
76
112
252
426
657
837
1022
1243
1391
1376
1160
937
509
146
-275
-624
-924
-1187
-1292
-1239
-986
-669
-372
44
515
808
1024
1156
1137
941
630
333
-13
-349
-581
-853
-1025
-996
-829
-653
-464
-236
17
216
243
238
157
-95
-393
-754
-1216
-1575
-1837
-2022
-2138
-2153
-1990
-1914
-1778
-1042
-436
61
694
1444
1897
2128
2168
2293
2232
2008
1504
1106
733
503
154
-9
84
196
12
197
519
692
562
494
489
362
39
-249
-456
-678
-998
-1215
-1199
-946
-797
-624
-298
178
487
691
947
1161
1066
924
813
732
407
110
-102
-242
-400
-432
-283
-74
132
279
501
743
840
829
640
471
187
-192
-488
-683
-841
-947
-886
-587
-364
-131
329
766
958
1134
1221
1181
1007
666
274
-149
-546
-903
-1166
-1375
-1399
-1333
-1211
-990
-682
-494
-307
-132
-56
-56
-195
-409
-758
-1070
-1333
-1586
-1839
-1855
-1875
-1751
-1746
-1437
-793
-187
442
1011
1641
2020
2256
2322
2309
2132
1786
1251
789
421
101
-283
-367
-324
-417
-432
-101
294
420
380
586
711
594
359
248
47
-272
-562
-682
-586
-436
-477
-328
-35
341
556
837
1117
1151
1004
856
733
541
162
-257
-450
-728
-823
-713
-525
-399
-170
110
375
637
688
668
589
436
185
-112
-254
-327
-494
-459
-354
-193
10
295
685
896
1036
1145
1065
891
660
292
-134
-518
-814
-1096
-1391
-1492
-1424
-1374
-1258
-1024
-696
-512
-319
-175
-197
-215
-288
-446
-712
-991
-1129
-1367
-1410
-1474
-1441
-1464
-1318
-781
-308
94
543
1194
1453
1790
1854
1903
1824
1534
1036
623
194
0
-323
-564
-569
-631
-751
-426
8
305
230
473
663
661
534
424
272
31
-294
-439
-426
-372
-394
-404
-249
123
340
527
791
868
765
645
605
489
71
-348
-517
-669
-790
-792
-686
-499
-252
58
272
513
647
544
446
395
277
-2
-309
-431
-667
-702
-560
-433
-224
101
391
606
816
1002
933
756
520
223
-165
-557
-806
-1189
-1409
-1521
-1511
-1478
-1264
-971
-673
-476
-240
-9
41
-20
-175
-384
-654
-891
-1131
-1366
-1439
-1552
-1545
-1581
-1322
-831
-522
103
506
1162
1382
1517
1652
1609
1649
1230
802
372
122
-36
-375
-485
-425
-471
-495
-275
323
540
624
710
806
837
684
546
289
28
-220
-423
-401
-396
-414
-456
-210
184
396
559
730
739
658
585
505
331
-18
-352
-661
-620
-657
-620
-542
-284
-20
86
313
447
601
367
224
211
-5
-212
-495
-595
-743
-704
-576
-447
-104
152
320
592
741
729
578
373
221
-150
-563
-778
-963
-1286
-1356
-1244
-1213
-1107
-991
-720
-494
-328
-123
-91
-193
-251
-463
-806
-896
-1014
-1241
-1322
-1309
-1270
-1230
-1216
-900
-503
-145
264
593
861
1083
1127
1143
1087
1091
865
474
169
50
-137
-299
-317
-245
-281
-190
92
363
495
567
596
651
607
514
362
134
-64
-293
-361
-356
-322
-263
-271
-78
115
266
459
581
629
536
388
269
116
-166
-323
-361
-276
-293
-128
66
50
113
172
258
234
41
-53
-171
-233
-336
-434
-515
-533
-433
-339
-158
75
224
290
371
507
421
273
103
-93
-327
-525
-665
-838
-905
-824
-759
-716
-577
-446
-305
-230
-118
-87
-160
-284
-405
-529
-703
-794
-934
-1020
-1114
-1104
-997
-846
-717
-709
-609
-330
-20
111
313
585
668
535
539
569
662
543
333
264
152
160
89
119
116
42
20
144
377
382
327
308
392
437
348
284
212
40
12
-8
35
3
-174
-160
-38
113
136
208
234
247
265
175
241
121
-39
11
118
38
91
128
106
58
113
144
24
-139
-283
-285
-261
-311
-428
-504
-460
-346
-193
-54
53
23
71
186
219
91
-108
-272
-425
-462
-516
-533
-602
-634
-520
-460
-407
-345
-322
-302
-207
-132
-203
-318
-382
-463
-598
-663
-752
-899
-881
-803
-761
-743
-690
-583
-548
-524
-313
-359
-297
-227
-35
56
199
240
123
134
225
412
350
277
203
174
117
231
229
139
66
-9
131
268
382
230
87
222
242
274
205
195
99
14
92
201
174
27
58
72
180
173
132
73
34
42
72
205
144
132
138
300
242
107
25
32
-58
-254
-373
-452
-508
-497
-539
-456
-410
-277
-148
-3
160
133
17
27
56
-47
-240
-393
-484
-571
-602
-617
-558
-548
-419
-368
-290
-227
-108
-111
-194
-83
-142
-293
-417
-465
-569
-675
-656
-674
-713
-604
-426
-446
-384
-316
-215
-140
-91
-140
-267
-322
-310
-441
-545
-431
-445
-362
-234
68
85
39
153
294
423
448
378
261
156
217
221
128
82
-16
-118
-23
146
191
154
282
327
363
400
405
314
195
182
233
136
42
-91
-118
-37
9
14
97
178
268
351
454
447
333
336
338
458
255
-99
-195
-302
-344
-309
-353
-447
-428
-204
4
145
201
102
125
123
177
102
-159
-302
-348
-344
-410
-489
-588
-631
-507
-374
-353
-278
-259
-213
-192
-154
-146
-199
-314
-428
-490
-530
-567
-642
-672
-580
-522
-485
-450
-371
-250
-144
-27
-19
-51
-140
-153
-129
-171
-228
-426
-525
-535
-459
-336
-287
-148
-12
263
278
250
269
379
440
372
223
85
-10
29
-7
-20
-133
-158
-85
77
263
333
340
383
404
438
481
386
258
202
192
171
173
49
20
52
205
289
199
195
318
426
409
491
447
301
212
220
197
69
-48
-172
-193
-143
-81
-93
-90
-102
-16
27
140
234
109
-14
-44
-63
-170
-260
-317
-425
-405
-318
-360
-334
-311
-210
-216
-221
-173
-155
-161
-165
-174
-251
-313
-360
-398
-432
-414
-358
-338
-328
-282
-228
-196
-147
-104
-97
-70
-53
-71
-79
-155
-219
-285
-295
-252
-240
-263
-252
-273
-195
-140
-37
31
93
188
184
96
145
224
201
134
86
91
-9
36
17
-17
2
31
158
293
389
381
357
376
383
364
387
301
241
157
107
111
29
19
-22
95
260
309
420
432
406
294
209
213
192
151
60
-35
-82
-83
-94
-82
-133
-64
5
85
123
168
162
153
172
95
47
-73
-199
-233
-258
-272
-243
-258
-247
-215
-155
-140
-143
-103
-58
-25
-29
-81
-132
-129
-163
-165
-242
-295
-312
-254
-154
-132
-89
-80
-44
-13
-7
70
126
126
20
-20
3
-47
-56
-209
-185
-196
-246
-180
-79
-44
-38
-68
-73
-25
22
34
27
7
2
60
8
15
-15
-6
-22
13
54
17
58
137
213
237
234
178
203
244
239
169
91
61
106
174
175
194
131
252
261
284
297
211
165
179
166
197
235
132
-16
-30
-4
48
54
-13
54
59
44
79
118
76
47
73
61
-26
-44
-52
-92
-124
-92
-84
-146
-179
-192
-103
-38
-62
-69
-57
-24
-90
-66
-52
-104
-95
-128
-114
-143
-184
-191
-89
-86
-87
-33
18
37
74
89
68
53
33
24
-21
-60
-145
-134
-139
-155
-175
-166
-112
-89
-25
-24
-15
62
98
58
62
41
-6
-35
7
11
17
-12
-10
29
86
145
210
190
283
328
303
361
336
345
270
240
187
178
141
137
96
109
135
155
126
157
157
157
167
194
176
105
104
89
97
24
11
38
116
100
102
123
96
132
150
146
72
76
105
52
65
57
52
-25
15
-4
-102
-57
-37
-134
-41
-12
-44
-115
-87
62
-55
-75
53
0
-12
-2
-43
-54
-116
-63
-33
-61
-24
-42
-17
-28
-1
-27
-54
50
40
49
33
144
93
49
53
133
84
83
83
-13
6
60
63
85
71
-6
5
80
66
101
152
144
50
64
135
175
139
116
106
81
55
55
93
104
119
99
118
172
182
195
140
227
242
241
199
188
214
128
159
145
114
120
102
83
170
173
247
246
213
233
302
267
234
254
152
165
69
3
43
15
70
126
84
72
107
95
168
183
118
84
99
117
20
-24
5
-63
-70
-107
-151
-199
-194
-155
-107
-42
-83
-51
-6
48
72
17
-13
4
71
82
6
-50
-52
-81
-85
-91
-109
-101
-58
-33
8
65
58
1
-15
37
7
31
18
-22
-45
-53
-37
-32
-42
-22
-38
-32
-13
-7
-7
81
131
155
176
114
122
114
80
13
-6
-15
-24
-14
-9
27
45
35
55
169
200
179
213
224
198
203
207
143
134
78
53
28
-2
3
5
88
62
78
162
195
182
179
260
198
201
272
182
107
30
-19
41
11
20
12
92
91
44
66
124
142
122
160
63
58
19
3
47
-3
-30
-79
-109
-89
-85
-160
-117
-65
13
91
93
81
12
10
94
100
78
17
-53
21
4
14
45
-42
-1
83
72
54
14
8
27
-24
1
0
63
113
24
-10
-49
-35
-10
-46
-36
-65
-32
-31
-9
42
58
120
93
51
102
66
50
37
9
62
64
-10
-31
-27
0
-2
-74
-104
-83
-88
-70
-13
-17
-36
4
-49
-42
-8
-43
-18
-7
-11
-44
-72
-7
-13
14
21
26
26
-21
6
33
41
55
37
22
101
98
111
98
80
83
52
43
34
11
-9
-48
-9
-24
23
13
45
61
58
74
99
157
103
98
63
38
43
40
41
50
64
23
49
104
61
85
130
129
158
164
188
166
172
73
-19
-2
-12
-21
-33
-52
-22
-1
10
13
2
17
84
113
68
70
116
82
78
100
58
46
79
145
127
132
129
122
109
112
105
136
68
8
33
29
84
38
62
37
43
17
49
57
1
14
14
83
67
68
36
101
136
100
88
21
85
128
97
137
91
36
50
34
69
79
50
54
82
61
82
36
-19
-1
23
51
-25
-66
-120
-103
-12
1
-29
-28
-6
-16
28
23
32
88
96
72
45
-24
-30
-25
-68
-37
-18
-8
-27
-23
48
7
-2
54
21
22
32
88
30
-11
-25
-28
-1
13
-18
-74
-93
-93
-90
-79
-17
-66
-44
-65
-59
6
-67
-35
-13
10
7
36
2
47
62
36
35
-7
-21
-17
17
-62
-71
-14
-27
-24
26
0
-40
-74
-93
-49
-27
7
-43
-39
-48
-77
-50
-94
-117
-125
-114
-78
-25
-27
-22
1
-22
-2
-15
36
46
-27
-21
-17
-21
-67
-48
-111
-171
-134
-126
-125
-107
-137
-98
-46
-72
-88
-49
-32
-68
-90
-83
-84
-63
-124
-48
-38
-108
-137
-212
-155
-152
-90
-123
-127
-94
-167
-124
-80
-106
-123
-164
-191
-156
-81
-97
-157
-161
-129
-143
-53
-70
-139
-146
-123
-108
-83
-45
-172
-106
-84
-85
-67
-77
-67
-13
-21
-24
-54
-43
-69
-37
-32
-71
-50
-59
-36
-102
-74
-61
-122
-123
-80
-132
-141
-139
-88
-91
-108
-118
-209
-186
-110
-196
-184
-190
-203
-216
-196
-170
-203
-189
-174
-211
-255
-185
-117
-128
-132
-168
-181
-206
-191
-190
-206
-201
-202
-159
-166
-194
-152
-227
-201
-144
-146
-165
-125
-109
-152
-101
-167
-166
-164
-169
-136
-148
-148
-186
-141
-138
-122
-99
-134
-126
-137
-128
-92
-73
-84
-83
-164
-178
-158
-145
-157
-93
-140
-186
-163
-191
-110
-118
-145
-119
-130
-156
-126
-126
-101
-45
-47
-109
-118
-115
-71
-110
-204
-198
-148
-156
-166
-196
-173
-185
-180
-135
-209
-210
-148
-115
-111
-110
-95
-137
-145
-131
-126
-202
-259
-171
-128
-101
-98
-119
-147
-161
-78
-19
-65
-107
-62
-105
-171
-108
-124
-113
-88
-115
-124
-132
-131
-132
-133
-99
-136
-152
-145
-194
-206
-133
-82
-69
-106
-93
-126
-103
-51
-103
-92
-79
-43
-130
-142
-97
-74
-61
-43
-48
-48
-54
-84
-108
-169
-194
-129
-158
-194
-198
-220
-228
-241
-217
-208
-188
-249
-223
-188
-144
-136
-179
-126
-99
-147
-151
-137
-144
-126
-163
-148
-140
-178
-181
-189
-259
-248
-243
-204
-209
-197
-188
-206
-151
-149
-121
-133
-115
