75
98
75
72
54
35
38
50
23
33
26
81
50
46
89
74
115
11
57
72
53
107
120
145
151
131
108
82
87
92
55
55
61
86
80
-3
26
35
34
10
-38
-11
16
-9
-64
-64
7
17
6
15
74
12
-25
-21
7
70
85
15
28
36
39
28
-13
7
16
15
-48
-55
-25
29
36
60
83
29
-2
-21
-40
13
59
22
15
-13
74
115
126
77
29
16
-29
8
45
59
79
30
33
78
91
88
79
63
1
66
15
41
76
70
97
59
31
80
40
47
27
22
59
31
38
-8
-31
-13
-21
-3
38
-12
21
18
82
70
40
73
14
-10
54
76
41
10
-60
-42
-77
-65
-54
-13
-41
-53
-35
-30
12
-50
-84
-91
-4
18
24
21
7
17
46
80
80
25
49
34
17
50
6
25
27
30
-33
-67
-28
-23
10
-30
-65
-67
-45
11
-71
-100
-64
-47
-14
-33
-48
-39
-32
18
41
45
-47
-108
-49
-49
-45
-12
32
17
-43
-34
-23
-58
-19
-1
-29
-25
2
12
1
29
0
-14
13
48
51
129
154
71
28
-39
2
49
42
4
-61
-81
-63
-97
-129
-124
-78
-5
-10
-1
-30
17
-8
-73
-10
23
9
-61
-55
-25
-33
-67
-113
-113
-13
-63
-82
-67
-75
-76
-74
-38
-43
-28
7
34
15
-59
-57
-117
-78
-60
-96
-49
-28
34
-23
-51
-42
-52
-79
-1
-42
-66
-58
-60
-77
-39
-33
-121
-39
-5
-26
-24
-6
16
-30
-3
-29
-17
-27
-26
-10
-4
55
-47
-83
-41
-6
11
7
27
-4
28
-18
-51
-29
-74
-27
-47
-62
-107
-97
-22
-60
-68
-22
-92
-84
-65
-75
-29
-61
-40
36
7
-34
-44
-89
-17
-34
-17
-11
-50
-8
15
-18
-26
4
-33
-7
12
-68
-30
-5
-39
-53
-1
24
-46
-60
12
25
46
-48
-42
-39
-52
-44
-46
31
-37
-29
-68
-35
-5
-38
44
11
-65
-131
-92
-51
-48
-40
-11
-9
-34
-59
-48
-19
-16
-18
15
1
-26
0
22
0
-86
-53
-95
-135
-116
-16
16
-12
-68
-92
-91
-78
-94
-91
-52
-54
-43
-57
-27
1
7
-38
-23
-1
37
-41
-54
21
-2
-19
-63
-64
-76
-31
-25
-13
-59
-94
-14
-56
-106
-99
-91
-31
-65
-56
-25
-43
-20
3
51
-2
-28
1
-26
-76
-96
-90
-106
-123
-149
-156
-143
-102
-74
-4
-11
-42
-32
-29
-14
-36
-75
-108
-82
-45
-142
-110
-84
-72
-59
-40
-41
-68
-87
-134
-140
-137
-119
-85
-54
-96
-98
-27
-83
-62
-12
-8
9
-40
-70
-93
-31
-14
-3
-46
-72
-37
-8
-15
-18
-99
-148
-160
-143
-139
-127
-121
-86
-9
12
17
-65
-144
-187
-158
-155
-128
-155
-165
-124
-146
-170
-199
-220
-192
-156
-98
-118
-131
-120
-121
-66
-49
22
-9
-64
-9
-37
-101
-117
-99
-81
-116
-102
-111
-60
-6
-151
-207
-149
-150
-138
-172
-143
-86
-21
-31
-47
1
-73
-103
-138
-146
-150
-213
-189
-192
-187
-154
-130
-152
-63
-31
-121
-122
-135
-68
-112
-129
-121
-24
-12
-46
-14
-37
-97
-186
-151
-186
-213
-199
-126
-110
-99
-98
-86
-19
-11
-106
-89
-117
-162
-144
-180
-196
-154
-140
-156
-127
-109
-74
-130
-123
-142
-151
-147
-131
-114
-163
-140
-77
-9
-28
-30
-115
-135
-101
-147
-164
-119
-134
-200
-150
-171
-197
-309
-355
-311
-243
-94
-144
-218
-147
-104
-52
-61
-129
-112
-139
-130
-166
-178
-164
-123
-92
-58
-30
-90
-104
-128
-134
-107
-135
-194
-254
-255
-214
-124
-58
-89
-31
-38
-125
-245
-219
-178
-185
-155
-160
-89
-104
-101
-138
-184
-237
-247
-205
-237
-163
-162
-176
-119
-75
-150
-169
-105
-100
-55
-118
-132
-36
-72
-116
-111
-188
-178
-172
-180
-164
-168
-149
-202
-193
-164
-145
-185
-123
-42
-72
-192
-163
-71
-164
-216
-289
-283
-306
-318
-303
-242
-218
-162
-165
-200
-192
-253
-231
-131
-6
-30
-125
-132
-189
-174
-177
-179
-131
-166
-125
-55
-43
-103
-181
-202
-157
-88
-116
-157
-122
-222
-321
-204
-146
-99
-177
-208
-198
-239
-220
-210
-201
-187
-153
-127
-36
-89
-171
-249
-266
-211
-201
-237
-194
-117
-96
-118
-126
-141
-213
-179
-130
-93
-159
-193
-124
-132
-177
-223
-154
-155
-179
-152
-250
-288
-296
-268
-206
-140
-127
-230
-260
-226
-138
-55
-110
-135
-92
-49
-30
-69
-180
-290
-256
-164
-115
-178
-243
-233
-130
-164
-173
-173
-121
-116
-217
-296
-220
-81
-32
-99
-153
-141
-116
-80
-31
-3
-126
-192
-189
-97
-206
-292
-251
-244
-118
-201
-231
-194
-313
-264
-317
-310
-229
-168
-66
9
23
-99
-196
-145
-114
-159
-188
-202
-177
-168
-200
-293
-273
-99
-151
-184
-90
-45
-104
-164
-266
-235
-33
-103
-180
-122
-45
-40
-149
-194
-199
-203
-201
-153
-166
-194
-146
-114
-93
-161
-228
-220
-209
-130
-46
-102
-222
-165
-144
-169
-130
-107
-75
0
-41
-132
-148
-125
-159
-212
-198
-170
-5
40
-33
20
-81
-195
-173
-75
-27
-70
-172
-78
-74
-118
-35
-28
-73
-130
-7
85
4
-179
-321
-336
-232
-300
-286
-126
19
-36
-154
-243
-266
-204
-170
-122
-58
-160
-196
-186
-186
-181
-227
-133
-105
-99
-143
-16
-6
-57
-138
-45
-18
-108
-195
-239
-114
-84
-130
-107
-82
-158
-117
20
-6
-114
-106
-163
-181
-194
-126
-140
-107
-130
-170
-201
-210
-168
-178
-209
-142
-89
-53
4
23
85
23
-68
-53
-66
-49
80
139
-65
-105
-49
-58
-127
-216
-87
-63
-225
-271
-140
-33
-49
-198
-186
-115
-196
-166
-221
-176
-187
-186
-188
-130
-73
-136
-70
-24
-10
-118
-53
-14
-23
-79
-100
-57
-84
15
6
59
85
-29
-75
-125
-115
-189
-295
-307
-287
-135
-65
-85
-30
-129
-179
-141
-137
-111
-205
-331
-308
-208
-187
-114
-8
-1
127
183
83
-6
-78
-248
-219
-108
-21
55
-41
-90
-183
-102
-26
-75
-142
-272
-240
-122
69
156
123
-26
-42
33
72
-18
-152
-123
-135
-139
-85
-7
48
80
41
-143
-299
-286
-133
-157
-125
-25
-84
-167
-258
-263
-223
-93
-90
-136
-71
-100
-186
-338
-453
-344
-156
-139
-79
-46
44
20
-28
39
117
175
93
128
96
88
-21
-124
-67
-39
-1
-135
-137
-20
63
14
-65
-66
-215
-102
-91
-5
51
-44
-135
-184
-93
31
-5
-40
-54
-267
-285
-159
151
383
269
52
-285
-242
-170
-108
62
75
62
-110
-183
-403
-447
-238
-1
76
48
55
91
267
7
-86
38
181
188
180
191
-35
-113
-152
-178
-291
-220
-184
-216
-204
-296
-303
-306
-330
-222
-196
-102
-88
99
176
254
109
-42
126
126
242
191
77
-238
-344
-129
-29
117
107
32
-145
-261
-262
-34
-4
-58
-119
-115
-151
-207
-151
-187
-217
-156
41
56
-122
-242
-95
69
91
70
45
112
149
66
42
290
449
172
-199
-230
-163
-124
-110
-45
-110
-37
-68
-33
-153
-363
-356
-323
-79
149
242
71
-149
-159
-205
-35
-65
-207
-126
-33
296
86
-107
-71
95
153
-97
-150
-255
-200
-268
-319
-259
-228
-49
243
226
161
212
113
-53
72
-10
-217
-424
-572
-344
-213
-155
-68
86
228
310
267
163
239
269
124
28
-84
-34
18
144
187
143
98
84
-26
-94
-191
-298
-251
-125
-184
-287
-115
210
131
-20
-106
-65
125
222
266
146
125
159
160
82
-113
-252
-245
-154
6
-200
-458
-201
-88
-86
68
332
419
499
415
296
316
192
127
121
195
334
73
-153
-225
-349
-449
-495
-154
-60
23
67
215
421
408
251
75
80
148
137
-17
-215
-269
-191
-141
-72
-106
-8
66
-83
-156
-180
-260
-174
-142
-71
20
33
112
184
121
84
231
392
458
263
130
-16
-40
-171
-363
-475
-382
-48
118
234
-17
-146
-467
-578
-248
3
250
316
231
8
17
-53
3
-19
127
327
148
83
-67
294
488
337
377
337
386
707
646
364
59
-184
-73
-3
140
113
-106
-178
-220
-51
103
176
228
207
382
395
314
53
-79
57
134
142
31
25
18
40
167
267
402
212
46
-161
-334
-295
-21
157
229
155
36
-107
-185
-168
-349
-215
-131
-70
-134
-190
121
276
289
210
29
42
201
125
200
70
-10
-209
-55
227
418
390
304
268
196
368
422
505
168
-88
-367
-457
-438
-70
81
60
159
244
223
59
203
246
169
121
297
156
-178
-128
-13
-111
-250
-257
-303
-344
-205
-17
-14
70
29
258
341
375
315
307
460
397
579
321
19
-266
-288
-221
-222
71
-48
62
-7
219
637
621
501
146
298
313
274
76
-184
-492
-512
-262
-77
342
451
189
-34
147
124
-36
-99
-176
-52
-133
-125
-175
-209
-119
77
223
288
347
288
46
-82
-203
-247
-175
234
478
581
570
296
197
14
-67
-147
-93
-119
-115
-172
25
65
-99
-86
-121
105
109
-47
-84
53
187
276
195
68
163
63
134
64
97
-11
35
143
228
339
303
133
77
21
202
249
206
136
-21
47
30
206
120
93
149
94
135
210
456
341
208
317
273
-23
-203
-194
-21
-77
-106
13
220
386
86
-11
-114
-106
-53
63
215
431
594
453
151
-44
-182
-101
107
72
76
-96
-193
-200
-123
262
373
480
396
275
382
319
298
-14
15
79
132
123
24
271
192
325
94
-205
-398
-415
-244
14
354
580
658
523
221
100
57
37
450
487
494
362
159
-8
-132
-160
-250
-80
-117
-94
69
444
584
266
-35
-155
-163
25
332
441
237
29
105
22
-124
-173
-223
-218
-228
-36
240
345
511
289
2
-209
-220
-162
166
452
433
237
125
239
212
375
723
820
498
182
-5
-249
-503
-183
127
343
456
355
366
249
97
-238
-208
-64
-152
-32
-56
-29
219
393
476
389
247
122
50
30
-68
-237
-169
-149
61
359
256
257
255
181
193
163
272
94
-199
-232
-350
-203
-152
-197
81
368
386
289
141
232
289
270
430
700
391
252
39
114
336
538
686
629
438
348
405
392
342
-79
-174
-245
-12
123
125
-13
-119
-95
65
351
396
398
357
324
167
96
-179
-326
-194
-164
-244
-286
-236
-182
19
152
282
227
86
175
173
99
-76
-57
219
184
209
223
327
314
105
-3
-32
39
257
314
348
404
445
156
-79
-126
36
196
194
397
565
529
452
326
141
173
202
448
457
379
326
368
321
315
347
314
289
-100
-317
-459
-466
-269
7
60
-14
111
12
44
4
-24
167
285
556
769
954
803
721
576
318
340
170
199
294
420
335
202
215
178
185
106
64
97
31
-66
-49
59
46
250
291
1361
2013
1463
912
703
573
151
292
-1
-202
-675
-651
-570
-590
-379
-532
-368
-395
-550
-712
-542
-170
-57
-30
-160
36
-67
30
342
845
860
604
649
627
959
961
677
533
479
200
-132
-311
-322
-293
-333
-324
-151
-127
-225
-192
-128
-19
177
255
91
-204
-255
-20
70
97
159
322
566
696
651
521
377
273
297
295
174
69
-20
-93
-83
-148
-116
76
306
249
-26
-201
-216
-252
-226
-58
211
206
85
27
130
142
141
274
544
768
610
508
631
692
461
192
158
245
225
283
401
273
6
42
205
338
367
277
146
2
76
363
574
499
325
258
28
-405
-646
-644
-407
-174
-76
170
267
402
623
456
221
137
21
-6
-87
-225
87
324
308
213
229
230
311
375
313
79
82
405
360
112
85
137
25
-117
-7
5
245
499
383
338
254
207
74
-129
-180
77
108
107
-72
-112
-131
-260
-77
0
136
110
153
212
346
320
323
432
492
543
402
540
668
486
372
400
361
285
311
363
384
556
571
589
696
746
688
588
699
679
723
726
761
765
610
429
385
224
-3
-40
-68
-81
-115
-60
-55
-191
-236
-225
-155
-175
-264
-287
-247
-239
-164
-39
-135
-267
-184
-93
-90
-166
-227
-361
-476
-581
-602
-542
-464
-401
-252
-137
-189
-226
-89
-170
-424
-590
-716
-940
-971
-918
-869
-752
-714
-620
-586
-616
-762
-891
-930
-931
-1026
-1195
-1325
-1540
-1768
-2107
-2230
-2387
-989
1648
3340
3462
3699
6424
8399
8056
7388
8093
8399
5710
3022
2717
2819
1146
-1646
-2256
-1445
-1193
-1852
-1546
49
689
-60
-889
-164
523
-649
-2498
-3346
-3515
-4056
-4924
-4773
-3892
-3220
-2883
-1999
-231
1575
2813
3151
3514
4180
4445
4067
3358
2909
2424
1358
383
117
933
1625
2598
3210
3539
3826
4047
4124
3186
2053
599
-1207
-3076
-4091
-4291
-4977
-5469
-5024
-3902
-2795
-1767
-305
479
653
669
707
468
-32
-608
-1736
-2451
-2670
-2608
-2597
-2410
-1856
-1439
-1182
-906
-373
-40
-514
-1219
-1723
-2213
-2828
-3540
-4124
-4399
-4498
-4792
-4928
-4466
-3898
-3747
-3758
-3429
-3079
-3361
-3716
-2003
2536
5801
5924
5473
8701
13207
13532
11646
12031
13478
10763
5641
4259
5411
4048
-744
-3420
-2080
-1092
-2156
-3022
-1266
366
-670
-2680
-2336
-440
-1235
-4380
-6406
-6198
-6151
-7531
-7957
-6425
-5004
-4620
-3710
-1075
2214
4325
5044
5568
6609
7518
7361
6450
5704
5022
3614
1768
859
1150
1233
545
-30
183
987
1445
1164
853
587
-219
-1720
-2934
-3251
-2879
-3637
-4723
-4863
-3034
-888
-274
370
2111
4003
3908
3580
4635
5233
3656
1540
966
1117
177
-779
-950
-709
-613
-454
-239
229
908
486
-919
-1788
-1552
-2087
-3678
-4735
-4536
-4689
-5519
-5569
-4609
-4000
-4148
-4188
-3387
-2349
-2103
-2153
-2132
-1915
-2127
-2748
-3036
-2854
-3193
-4077
-5205
-5689
-5817
-3773
2157
6436
7185
6475
10733
16476
16827
14231
13913
14952
10582
3434
1190
2406
927
-5165
-8244
-5946
-3496
-4218
-5036
-1732
1225
232
-2444
-1324
1662
204
-4732
-7435
-7146
-7472
-9433
-9731
-7225
-5123
-4516
-3353
714
5367
8062
8648
9196
10416
10593
9180
7597
6370
4598
1818
-547
-1337
-1027
-835
-1205
-1187
-579
753
1650
1798
1518
1062
-223
-2288
-3844
-4392
-4359
-4480
-4572
-4393
-3337
-1132
1287
2875
4226
5603
6181
5919
6029
6256
5108
2781
1228
479
-241
-889
-1103
-1125
-1440
-1310
-886
-445
-101
-262
-1212
-2414
-2990
-3338
-4193
-5236
-5743
-6103
-6397
-6130
-5190
-4332
-3899
-3558
-2964
-2507
-1982
-1529
-1594
-2070
-2653
-3284
-3973
-4800
-6133
-6647
-5592
713
6349
8083
7667
11124
18282
19970
17378
16176
17579
14479
5551
694
1151
289
-6215
-11760
-10049
-6831
-6632
-7935
-4483
331
693
-2148
-2192
1429
1470
-3468
-7607
-7775
-7598
-9832
-11248
-8665
-5408
-4121
-3157
1048
6882
10600
11577
12085
13425
13514
11646
9336
7601
5337
1743
-1619
-3092
-3231
-3058
-3257
-2930
-2217
-854
541
1247
1320
825
-365
-2507
-4549
-5500
-6261
-6739
-6904
-6131
-3689
-1221
1560
3904
6983
9239
9675
9615
9789
9711
7101
4050
2107
448
-1707
-3473
-3401
-3145
-3041
-2853
-1938
-614
-17
40
-969
-1743
-2266
-3366
-4908
-6009
-6307
-7016
-7763
-7606
-6285
-5053
-4298
-3525
-2315
-1307
-609
-555
-621
-795
-1408
-2896
-4175
-5563
-6777
-7423
-4960
2758
7796
8812
8475
14556
21863
21871
18475
17772
18835
12865
3084
-414
200
-2539
-10977
-14914
-11579
-8062
-8510
-8967
-3763
944
264
-2537
-774
3092
1105
-5184
-8471
-7888
-8357
-11304
-11486
-7850
-4824
-3606
-1547
4446
10440
13438
13871
14554
15506
14495
11834
9084
6689
3023
-1455
-4265
-5176
-5114
-5093
-4796
-3707
-2646
-982
785
1835
1480
321
-1255
-3440
-5384
-6653
-6832
-7301
-7667
-6021
-2523
1126
3943
7458
10983
12271
12068
12291
12384
9741
5769
2556
-265
-3216
-5222
-5779
-6142
-5887
-4853
-3394
-1942
-188
967
360
-970
-1552
-2429
-4419
-6126
-6975
-7911
-9073
-9126
-7652
-5969
-4857
-3417
-1983
-438
666
1113
857
180
-715
-2429
-4756
-6932
-7513
-6975
-588
5956
8516
7855
11669
21213
24164
20793
18597
20443
16999
5952
-286
-101
-1452
-10026
-17284
-15190
-10615
-9703
-11176
-7017
-329
1169
-1760
-1611
3602
4079
-2571
-7789
-7474
-6887
-10275
-12318
-9023
-5111
-3755
-2522
3215
10436
14482
15127
15451
16950
16515
13501
9857
7183
3758
-1565
-5715
-7101
-6871
-6980
-7083
-5676
-4085
-2217
-22
1686
2005
1058
-312
-2270
-4377
-5588
-6022
-6744
-6827
-5068
-2213
290
3598
7907
11013
12007
12687
13528
12661
9844
7008
4081
381
-2997
-5047
-6216
-7034
-6823
-6075
-5144
-3597
-1645
-680
-835
-1116
-1420
-2524
-4096
-5125
-6058
-7478
-8506
-8183
-7270
-6174
-4929
-3326
-1765
-586
341
860
917
410
-781
-2311
-4650
-6287
-6856
-5704
1242
7199
9413
8221
12739
22172
24229
20362
17833
19675
15517
4177
-1657
-1203
-2548
-11643
-18482
-15526
-10374
-9721
-11377
-6662
128
1157
-1948
-1403
4030
3826
-3037
-8055
-7356
-6350
-9648
-11262
-7593
-3328
-1993
-694
5403
12482
15849
15747
15817
17072
15981
12484
8541
5690
1838
-3607
-7256
-8232
-7726
-7784
-7562
-5921
-4058
-2038
124
1906
2013
696
-773
-2678
-3981
-4928
-4695
-4352
-4121
-2795
-367
3544
6838
9106
10588
11679
12126
10948
9442
7656
4813
935
-2373
-3866
-4980
-5740
-6365
-6015
-5287
-4431
-3157
-2329
-1765
-1956
-2708
-3748
-4324
-4730
-5666
-6737
-7314
-7114
-6547
-5701
-4356
-3051
-2062
-1286
-453
-176
-380
-644
-1826
-3195
-5719
-6831
-6877
-1796
6485
9969
9472
9964
18777
25274
22859
18985
19350
19072
9342
-342
-1429
-580
-6480
-16652
-18006
-12467
-9294
-10956
-9752
-2594
1272
-1231
-3433
946
4748
-210
-7442
-8809
-6662
-7918
-11105
-9165
-4092
-1509
-1044
2950
10606
15891
16741
15927
16643
16701
13945
9877
6502
3393
-1630
-6632
-8546
-8210
-7690
-7881
-7046
-5083
-3184
-1058
913
1822
872
-647
-2450
-3928
-4510
-3788
-3232
-3670
-3005
-94
3755
6508
8826
10979
11937
11419
10631
10048
8293
4976
1187
-1792
-3580
-4904
-5616
-6043
-6032
-5588
-4978
-3902
-2645
-1798
-2245
-3417
-4395
-4760
-5239
-6100
-6735
-7175
-7580
-7105
-5635
-3963
-2826
-1993
-1130
-505
-466
-478
-950
-2014
-3902
-6285
-7152
-6186
2078
9452
10960
9163
12816
23159
25685
21293
18749
20526
16405
3638
-2786
-1396
-2066
-11531
-19898
-16788
-10771
-9868
-11682
-7104
344
1129
-2708
-2540
3631
4391
-3275
-8993
-8071
-6377
-9314
-11007
-6715
-1891
-655
277
6638
14288
17608
17010
16446
17245
15796
11879
7816
4820
764
-5035
-8779
-9348
-8528
-8256
-8009
-6251
-4385
-2504
-206
1746
1738
89
-1557
-2847
-3796
-3609
-2842
-2716
-2943
-1315
2378
5509
7847
10021
11513
11211
10274
9938
8916
6101
2458
-555
-2972
-4681
-5466
-5787
-6136
-6173
-5487
-4634
-3558
-2510
-2364
-3261
-4382
-4802
-5058
-5782
-6544
-6889
-7232
-7081
-6015
-4465
-3226
-2442
-1773
-1089
-1019
-985
-1617
-2448
-4665
-6528
-7203
-3794
5658
11103
11051
9604
16732
25779
24817
20019
19350
20713
12470
-32
-3114
-1030
-4522
-15560
-20225
-14823
-9896
-10794
-11316
-4478
1535
-195
-4008
-1142
4844
2131
-6304
-9582
-7203
-6847
-10333
-9793
-4240
-409
-36
2399
10069
16693
18306
16957
16800
17191
14444
9992
6216
3298
-1483
-7207
-9651
-9266
-8338
-8378
-7588
-5491
-3753
-1837
305
1707
992
-930
-2680
-4361
-4613
-3490
-2571
-2850
-2382
1097
4850
7431
9828
12226
12744
10996
10114
9713
7559
3647
-120
-2789
-4847
-6040
-6397
-6235
-6170
-5720
-4914
-3962
-2447
-1698
-2355
-3807
-4630
-5058
-5921
-6792
-7107
-7398
-7650
-7050
-5196
-3347
-2272
-1333
-574
-356
-587
-677
-1428
-3219
-5967
-7183
-6819
356
8724
11446
9862
11940
22404
26540
22549
19473
21096
18305
5348
-2895
-2003
-1939
-10639
-20213
-18595
-12354
-10583
-12413
-8464
-329
1417
-2542
-3109
3205
5285
-2011
-8571
-8140
-6257
-8943
-10999
-6860
-1622
-201
416
6272
14414
18371
17812
16991
17642
16249
12101
7903
4826
800
-5403
-9676
-10165
-9323
-8910
-8533
-6641
-4595
-2828
-476
1698
2021
323
-1546
-3277
-3840
-3185
-2434
-2565
-2908
-588
3073
5854
8285
10845
12150
11003
9938
9860
8711
5361
1423
-1447
-3726
-5284
-6155
-6186
-6201
-6140
-5690
-4915
-3416
-2151
-2243
-3494
-4536
-4915
-5502
-6363
-6791
-7008
-7385
-7440
-5982
-4141
-2830
-2392
-1827
-1276
-1042
-1529
-2399
-3888
-5629
-6833
-5262
4055
11160
11929
9562
14885
25564
26025
20556
18969
21606
15414
1266
-3645
-930
-2901
-14247
-21182
-16226
-10587
-11383
-13043
-6465
1017
108
-4280
-2422
4537
3333
-5389
-9568
-7158
-6166
-10058
-10310
-4522
-77
120
1919
9534
16700
18590
17355
17370
17867
15097
10576
6881
3907
-1105
-7251
-9946
-9679
-9025
-9132
-8188
-5828
-4221
-2607
-65
2102
1391
-841
-2446
-3181
-3783
-3569
-2453
-2246
-2055
152
4208
7459
9597
11444
12146
11255
10053
9470
7791
4115
368
-2491
-4674
-6120
-6421
-6272
-6580
-6451
-5527
-4186
-3139
-2484
-2720
-3930
-5118
-5745
-6181
-6966
-7768
-8030
-8054
-7294
-5976
-4113
-2900
-1922
-1465
-1389
-1468
-1653
-2816
-4478
-5242
-2966
6086
11630
11819
10246
16324
25755
24858
19701
18523
20944
14211
948
-2938
-787
-3724
-14963
-20745
-15405
-10675
-12274
-13734
-6895
-208
-1565
-5198
-2638
4127
2252
-5880
-8886
-6057
-5259
-9186
-9058
-3355
639
756
2788
10269
16695
17843
16785
17292
17694
14687
10364
6854
3739
-1393
-7178
-9575
-9550
-9396
-9820
-8925
-6603
-5111
-3521
-994
1113
496
-1367
-2484
-3001
-2305
-1956
-1598
-1977
-910
2333
4726
7046
9415
11567
11025
9572
9873
9567
7063
3179
545
-1773
-4061
-5532
-6070
-6032
-6526
-6573
-6059
-4877
-3440
-3321
-4210
-4870
-4933
-5662
-6692
-7051
-7177
-7663
-7951
-6959
-5149
-3887
-3263
-2888
-2081
-1573
-1887
-3146
-4406
-4211
-3269
4197
11360
13365
11413
14051
24422
26623
21574
18072
20273
17250
3974
-3027
-1454
-1731
-11552
-20545
-17441
-11196
-11084
-14321
-10091
-1851
-1019
-5325
-5209
1982
3405
-4518
-9700
-7240
-4300
-7552
-9517
-4328
1127
1835
2120
8579
16408
18592
16944
16556
17851
15886
11308
7413
4750
615
-5696
-9074
-9225
-8924
-9488
-9462
-7386
-5696
-4481
-2305
101
-30
-1911
-3029
-2628
-1519
-1682
-1865
-1867
-374
1928
4034
6692
9124
10658
10000
9626
10405
10014
7490
4176
1955
-369
-2748
-4455
-5203
-5694
-6792
-7330
-6937
-5553
-4476
-4668
-5266
-5501
-5497
-6066
-6742
-6950
-7021
-7539
-7858
-6767
-5180
-4359
-4023
-3636
-2838
-3142
-3531
-4490
-3882
-3658
1033
10372
14512
14044
12970
21736
28742
24899
19244
18603
19850
9661
-2025
-3461
-1524
-6834
-18544
-20586
-13632
-9902
-12978
-13493
-5474
-760
-3828
-7125
-2596
3103
-1957
-9649
-10003
-5510
-5589
-9246
-6771
-211
3161
3054
6709
14764
19470
18728
16982
17713
17279
13203
8635
5281
1922
-3772
-8451
-9324
-8882
-9201
-9667
-8162
-6134
-5065
-3597
-1083
-197
-2008
-3874
-2999
-1624
-2247
-3101
-2343
-261
825
2485
5779
8913
10145
9731
10340
11093
10646
8652
5925
3576
1212
-1360
-3544
-4659
-5379
-6570
-7766
-7721
-6386
-5641
-5888
-6109
-5960
-5969
-6657
-6977
-6712
-6963
-7763
-7914
-7010
-5766
-5217
-4716
-4381
-3923
-4006
-3970
-4793
-4177
-3200
3164
12547
15759
14603
14612
24448
30124
24805
19024
19311
19636
7687
-3333
-3524
-1711
-8693
-20391
-20470
-12718
-9806
-13624
-13272
-4634
-855
-4833
-7803
-2240
2634
-3793
-11371
-10550
-5478
-6210
-9528
-6028
874
3935
3953
8554
16774
20596
19252
17454
18227
17356
12851
8113
4747
1053
-4886
-9053
-9458
-9015
-9522
-9783
-7970
-6134
-5302
-3633
-1139
-814
-3281
-4741
-3267
-2029
-3097
-3953
-2497
-194
960
2914
6606
9786
10580
10203
11033
11950
11205
8754
5976
3708
1151
-1685
-3771
-4834
-5595
-7088
-8313
-7811
-6208
-5502
-6052
-6252
-5757
-5958
-6970
-7288
-6912
-7261
-8459
-8733
-7134
-6060
-5918
-5684
-4480
-3694
-4231
-4648
-4424
-2925
-1231
7216
14962
16570
14429
17380
27947
29187
22659
18035
19789
16615
2885
-4213
-2361
-2436
-12662
-21903
-17839
-10590
-10573
-14857
-11079
-2725
-2414
-7421
-7675
-215
966
-7490
-12514
-8956
-4696
-7317
-8794
-3129
3009
4331
5080
11672
19176
20739
18357
17481
18318
15919
11148
7008
3959
-574
-6539
-9107
-8700
-8533
-9430
-9160
-7189
-5989
-5288
-3321
-1280
-2213
-4727
-4740
-2973
-2951
-4271
-3587
-1324
-190
881
4250
8418
10217
10101
10838
12144
11910
10344
8230
5836
3223
335
-2247
-3976
-4962
-6188
-7818
-8393
-7186
-5970
-6106
-6294
-5785
-5663
-6382
-6978
-6749
-6934
-7994
-8907
-8575
-7386
-6829
-6576
-5965
-4875
-4792
-5163
-5570
-3504
-1989
3918
13074
16987
16053
15331
24760
30552
25553
19114
18548
19220
8036
-2782
-3304
-1303
-7790
-19531
-20110
-12424
-9126
-13243
-13807
-5737
-1878
-5870
-9277
-3930
1241
-4949
-12550
-11644
-5829
-5790
-8954
-5513
1418
4750
4890
9306
17222
20854
19383
17321
18029
17251
13062
8443
4915
1473
-4193
-8065
-8274
-7845
-8637
-9217
-7666
-6064
-5660
-4324
-2091
-2141
-4488
-5534
-4262
-3693
-4558
-4402
-2725
-1234
-11
2973
6994
9537
10373
10877
11966
12282
11318
9473
7015
4328
1300
-1311
-3198
-4470
-5841
-7371
-8084
-7568
-6445
-5972
-5967
-5718
-5639
-6094
-6698
-6852
-6953
-7874
-8866
-9132
-8261
-7440
-7081
-6788
-5693
-5040
-5043
-5737
-4669
-2583
2371
11896
16497
16452
15122
22635
30667
27078
20584
18553
20142
11160
-1297
-3290
-1001
-5339
-17476
-20831
-13604
-9038
-12166
-14562
-7463
-2117
-5175
-9411
-5852
708
-3515
-11906
-12857
-7203
-5468
-8891
-6955
-54
4417
4749
7735
15808
20797
20019
17603
17912
18084
14355
9775
6034
2817
-2486
-7153
-7907
-7447
-8005
-8952
-7808
-6184
-5657
-4546
-2368
-1845
-3990
-5923
-5385
-3934
-4091
-4528
-3785
-1912
-72
2021
5545
9018
10714
10407
10814
12237
12120
10119
7351
5188
2541
-395
-2509
-3693
-4732
-6455
-7711
-7662
-6435
-5557
-5839
-6018
-5799
-5757
-6533
-7037
-6859
-7429
-8742
-9432
-8493
-7418
-7105
-7083
-6038
-5453
-5265
-5878
-5195
-3467
929
10992
16100
16314
14868
21728
30737
27917
21722
19126
20909
13183
133
-2757
-602
-4027
-16237
-21102
-14235
-9270
-11852
-14913
-8196
-2148
-4925
-9187
-6313
679
-2801
-11442
-13092
-7991
-5666
-9184
-7947
-1292
3397
4046
6600
14851
20537
20196
17926
18203
18802
15168
10725
6971
3731
-1523
-6579
-7532
-7328
-7971
-8865
-7954
-6326
-5751
-4544
-2272
-1426
-3451
-5702
-5016
-3495
-4100
-5123
-4477
-2291
-829
682
4415
8171
9955
9630
10504
12401
12379
10340
7738
5961
3506
426
-2056
-3354
-4291
-6218
-7818
-7740
-6440
-5654
-6187
-6347
-5875
-5801
-6567
-7221
-6914
-7515
-8851
-9600
-8786
-7809
-7465
-7230
-6626
-6139
-5793
-6201
-5631
-4235
1235
11843
16383
15848
14893
23321
31695
27786
21446
19882
21715
12329
-468
-2234
299
-4610
-17664
-21047
-13266
-8769
-12618
-15082
-7161
-1778
-5578
-9775
-5686
963
-4008
-12771
-13390
-7805
-6562
-10389
-8371
-1229
3058
3381
6806
15546
20781
20058
18032
18879
19465
15564
11039
7373
3891
-1741
-6521
-7212
-7095
-7935
-8844
-7807
-6181
-5652
-4286
-2005
-1452
-3797
-5386
-4128
-3695
-5059
-5854
-4295
-2881
-2455
70
4262
7466
8366
9281
11262
12529
12184
10697
8658
6405
3891
952
-1575
-2987
-4370
-6535
-8044
-7575
-6215
-6091
-6622
-6135
-5429
-5831
-6635
-6712
-6600
-7763
-9165
-9334
-8283
-8073
-8214
-7834
-6667
-6204
-6155
-6477
-5841
-4359
963
11847
16593
16011
14960
23425
31750
27661
21758
20402
21976
12126
-641
-1839
615
-4563
-17476
-20444
-12833
-8971
-12664
-14685
-6693
-1934
-6039
-9781
-5520
882
-4607
-13164
-13487
-8150
-7312
-11064
-8360
-1354
2369
2716
6651
15547
20474
19787
18176
19110
19415
15461
11475
8058
4323
-1476
-6135
-6674
-6721
-7743
-8495
-7305
-5988
-5534
-3972
-1667
-1354
-3956
-5386
-4173
-3857
-5298
-6090
-4566
-3419
-2978
-599
3591
6810
7837
8767
10649
12119
12013
10689
8713
6600
4218
1330
-1098
-2463
-3949
-6038
-7776
-7375
-6114
-5921
-6563
-6293
-5517
-5845
-6765
-7104
-6887
-7815
-9297
-9559
-8525
-8131
-8499
-8506
-7281
-6787
-6988
-7655
-6780
-4741
3051
13177
16085
15069
16209
27083
32008
26497
21839
22354
21715
8760
-1080
-149
1023
-7553
-19589
-18713
-11089
-9470
-14067
-13199
-4332
-2460
-7679
-9621
-3014
690
-7580
-14526
-12484
-7641
-9233
-12044
-7422
-897
1416
2151
8240
17112
20342
19255
18452
19947
19085
14942
11417
7950
3556
-2561
-5926
-6066
-6762
-7939
-8039
-6599
-5829
-5354
-3024
-945
-1727
-4589
-4618
-3326
-4384
-6112
-6212
-4201
-4132
-3713
-338
3938
6327
6953
8905
11173
12252
11759
10605
8988
6699
4159
1194
-815
-2196
-4204
-6462
-7716
-6808
-5975
-6201
-6315
-5674
-5311
-6047
-6642
-6646
-7142
-8357
-9564
-9738
-9307
-8903
-9060
-8868
-8078
-7680
-7744
-8285
-7179
-1681
10051
16225
15256
14137
22312
32501
29290
22711
21625
24149
15311
1149
-1027
2667
-1504
-15360
-20589
-12814
-7752
-11618
-15069
-7780
-1505
-5579
-10563
-6917
693
-3699
-13572
-15077
-9614
-8020
-12189
-10662
-3483
719
1091
4540
13671
19761
19624
18242
19125
19937
16600
12941
9765
5923
124
-4656
-5272
-5474
-6820
-7688
-6615
-5445
-5507
-3941
-1237
-983
-3713
-5225
-3920
-4276
-6183
-6793
-5295
-4771
-4811
-2032
2199
5132
6425
8189
10352
11652
12035
11337
9620
7392
5099
2516
16
-1493
-3179
-5356
-6839
-6623
-5745
-5636
-5601
-5254
-5238
-5708
-6046
-6237
-6882
-8119
-9345
-9833
-9742
-9492
-9450
-9185
-8759
-8407
-8141
-8334
-7729
-4622
6598
15217
15460
13200
18798
31196
30981
23962
21216
24423
19323
4376
-802
2734
1554
-11268
-20045
-14310
-7476
-9506
-14735
-9865
-1836
-4086
-10038
-8894
-740
-2029
-12273
-16003
-11215
-8033
-11756
-11973
-5379
-234
444
2756
11265
18542
19355
18045
18499
20012
17487
13825
10999
7390
2003
-3471
-4561
-4505
-5942
-7240
-6451
-5069
-5254
-4421
-1542
-412
-2625
-5179
-4851
-4480
-5924
-6822
-6442
-5711
-5324
-3365
421
3894
6129
7574
9265
11084
12309
12036
10319
8180
5894
3302
714
-1051
-2585
-4693
-6551
-6894
-6205
-5513
-5357
-5335
-5163
-5302
-5543
-6026
-6604
-7503
-8926
-9832
-10348
-10151
-10098
-10080
-9746
-9489
-9329
-9388
-8751
-3806
8467
15733
14953
12982
21288
32425
29736
22801
21510
24729
16342
2141
-342
3731
372
-13430
-19154
-11846
-6124
-9621
-13751
-7030
-901
-5036
-10602
-7388
87
-4339
-14508
-16427
-10972
-9445
-13349
-11549
-4610
-472
-45
3622
12870
18944
18939
17551
18587
19515
16352
13061
10391
6734
816
-3866
-3954
-3862
-5347
-6415
-5151
-4256
-4752
-3293
-677
-559
-3638
-5624
-5022
-5383
-6998
-7462
-6705
-6398
-5723
-2954
1085
4198
6154
7779
9471
11089
12013
11498
9732
7527
5227
2618
406
-933
-2708
-4910
-6335
-6140
-5480
-5078
-5041
-4892
-4920
-5447
-5750
-6133
-6774
-8099
-9698
-10377
-10259
-10015
-10337
-10161
-9700
-9208
-9533
-9406
-7683
365
11639
15106
13252
14198
25793
31881
26321
21319
22876
23162
10464
472
1974
4306
-4032
-16459
-15960
-8188
-6403
-11716
-11813
-3584
-1912
-7769
-10569
-4229
-427
-8910
-16375
-14341
-9327
-10941
-13670
-8910
-2575
-558
174
6374
15288
18451
17379
16893
18773
18303
14602
11847
9165
5151
-595
-3391
-2941
-3648
-5259
-5587
-4314
-4181
-4287
-2327
-646
-2032
-4729
-5455
-5165
-6331
-7352
-7020
-6678
-6424
-4955
-1420
2053
4392
6388
8024
9673
11010
11415
10496
8691
6629
4311
2063
413
-958
-2818
-4900
-5640
-5195
-4811
-4810
-5016
-5043
-5297
-5682
-6205
-6645
-7398
-8852
-10078
-10303
-9818
-9570
-9733
-9394
-9060
-8531
-9024
-9094
-7255
2296
12412
13818
11480
14641
27243
30150
23890
20424
23521
21706
7817
440
3538
4378
-6235
-17132
-13876
-6673
-7264
-13063
-10588
-2251
-2941
-9276
-9947
-2340
-1314
-10993
-16221
-12527
-8736
-11902
-13449
-7561
-2096
-1051
115
7542
15556
17376
16208
16548
18749
17344
13766
11422
8784
4346
-1105
-2781
-2334
-3514
-5254
-5075
-3744
-4179
-3955
-1801
-622
-2239
-4967
-5115
-4795
-5956
-7055
-7271
-6674
-6367
-4705
-1464
1815
4225
5688
7322
9147
10817
10990
9708
8058
6228
4272
1875
218
-1032
-2987
-5012
-5770
-5123
-4565
-4834
-5307
-5262
-5247
-5777
-6360
-6702
-7446
-8766
-9857
-10031
-9505
-9412
-9460
-9415
-9126
-8792
-9003
-9215
-6210
5364
13493
13557
10656
17601
29881
28970
22356
20416
24654
18652
4362
472
4527
2776
-10430
-17856
-11478
-5367
-8259
-13558
-7524
-614
-3950
-10064
-7801
-60
-3294
-13547
-16062
-10874
-9166
-13721
-12916
-6046
-1686
-1611
1129
10208
16720
17055
15716
17148
18946
16193
12776
10710
7878
2661
-2181
-2393
-2093
-3615
-5152
-4261
-2973
-3607
-2746
-804
-52
-2431
-4950
-4759
-5273
-6496
-7661
-7659
-7238
-6621
-4208
-1027
2171
4367
6039
7698
9570
11138
10929
9526
7534
5762
3647
1349
-58
-1548
-3507
-5201
-5434
-4715
-4316
-4539
-4907
-4934
-5050
-5532
-6067
-6743
-7634
-8984
-9853
-9816
-9276
-9285
-9350
-9206
-8513
-8514
-8786
-9258
-6249
5785
13315
13527
10159
17711
29680
28335
21794
20160
24989
18114
3892
545
4948
2927
-10808
-17443
-10588
-4873
-8323
-13505
-6632
-89
-3993
-10312
-7279
538
-3708
-14116
-15983
-10457
-9362
-14393
-12758
-5560
-1617
-1980
980
10597
16661
16517
15106
16998
18750
15547
12024
10193
7851
2462
-2424
-2231
-1629
-2957
-4667
-3620
-2314
-2947
-2312
-514
-133
-2552
-5042
-5037
-5672
-6619
-7552
-7844
-7471
-6466
-3643
-1052
2082
4653
6517
7622
9119
10974
10622
8800
6824
5408
3441
1062
-195
-1510
-3278
-4803
-4989
-4433
-3993
-4191
-4751
-5007
-5151
-5658
-6575
-7310
-7984
-9077
-10030
-10059
-9248
-9044
-9004
-8926
-8308
-8219
-8499
-9614
-7133
5198
12907
13213
9053
16798
29343
28398
21929
20065
25487
18654
4254
481
5288
3626
-10685
-17752
-11004
-4709
-8183
-13872
-6555
263
-3740
-10558
-7374
1078
-3097
-14058
-16202
-10413
-9370
-14920
-13410
-5996
-1794
-2647
145
10184
16538
16478
14696
16848
18897
15577
11860
10250
8197
2711
-2559
-2387
-1349
-2511
-4523
-3460
-2096
-2415
-1856
-240
-110
-2755
-4950
-5424
-6033
-7181
-7555
-7961
-8035
-6732
-3507
-447
1887
4610
6814
7815
8764
10493
10506
8402
6143
4736
3188
1052
-328
-1472
-2978
-4241
-4256
-3751
-3446
-3580
-4326
-4901
-5313
-5843
-6881
-7768
-8489
-9455
-10219
-10165
-9227
-8795
-8582
-8242
-7929
-7349
-7617
-8413
-8730
1944
11842
13632
9122
12714
27046
28827
22728
18861
24725
21914
7232
458
4537
5915
-6850
-17136
-12724
-5172
-6466
-13751
-9101
-428
-2009
-9755
-9163
-155
-914
-11990
-16673
-11237
-8397
-13546
-14446
-7318
-2038
-2246
-1261
7788
15682
16702
14692
15647
18603
16353
12062
10106
8598
4293
-1746
-2598
-1217
-1628
-3802
-3587
-1787
-2118
-1864
-726
-217
-2550
-5661
-5878
-6086
-7250
-8259
-8062
-7283
-6564
-3733
-227
2891
4846
6613
8243
9107
10141
9869
8278
5933
4140
2915
1082
-113
-955
-2112
-3428
-3529
-2730
-2452
-2947
-3835
-4428
-5170
-6190
-7011
-7835
-8923
-9974
-10398
-9977
-9195
-8277
-7934
-7199
-6935
-6254
-6392
-6850
-8998
-6558
5599
12120
12076
7427
16755
28068
26465
20230
19955
25970
17412
3931
1010
6378
3094
-11749
-16698
-10126
-4597
-9735
-13820
-5428
350
-4466
-10947
-5725
1460
-3892
-14466
-14996
-9027
-9625
-14956
-12399
-4827
-1564
-2793
992
10900
16420
15609
14155
16422
18158
14194
10529
9111
7270
1827
-2857
-2104
-1011
-2019
-3732
-2338
-1033
-1751
-1163
-316
-776
-3884
-6264
-6354
-7187
-7598
-8308
-7950
-7294
-5150
-1546
1110
3870
5966
7748
8047
8740
10035
8846
6348
3938
3256
1952
183
-600
-1014
-1806
-2968
-2576
-1918
-1686
-2521
-4030
-4794
-5477
-6437
-7958
-8942
-9419
-10123
-10413
-9554
-8178
-7388
-7176
-6415
-5917
-5295
-6109
-6717
-9772
-6239
5818
11659
11049
6782
17824
27634
25638
19750
20779
25951
15815
3123
901
6381
1775
-13085
-16534
-9570
-4263
-10359
-12945
-3694
1312
-4764
-10767
-4184
1976
-5043
-15293
-14647
-8879
-10740
-15557
-11753
-3848
-1220
-2521
2128
12278
17092
15408
13964
16465
17381
12503
8891
8012
6169
350
-3418
-1897
-370
-1168
-2500
-820
211
-629
-432
-113
-1037
-4579
-7683
-8162
-8223
-8592
-9005
-8369
-6282
-3828
-459
2854
6038
7732
8325
8562
8904
9258
7133
4570
2557
1585
736
-596
-480
-223
-657
-1438
-883
176
-270
-1877
-3736
-4655
-6059
-7721
-9005
-9618
-10025
-10530
-10346
-8883
-6906
-5817
-5173
-4609
-3587
-3546
-4351
-6061
-7718
-10916
-4339
5754
10489
8125
7641
20750
26883
24256
19892
24053
24405
11330
1478
1997
5468
-4449
-16407
-15488
-8449
-6503
-12278
-9105
178
1519
-5981
-7675
253
1569
-8363
-15960
-12752
-9654
-14129
-16027
-9308
-2389
-1955
-1586
6144
15532
17489
15103
14802
16936
15064
9320
6687
6086
2784
-3057
-4597
-1749
-98
-845
-935
1405
1846
819
653
299
-1804
-6309
-9321
-9715
-9643
-9500
-9393
-7527
-4611
-1380
1986
5386
8485
9316
8836
8092
8063
7233
4363
1651
213
-172
-876
-1063
120
1157
947
324
1116
1519
179
-2300
-4398
-5749
-7627
-9535
-10395
-10246
-10072
-10097
-8635
-6368
-4300
-3752
-3284
-2496
-2103
-3269
-4795
-6524
-8034
-12198
-10622
1022
8899
10235
6214
16056
27412
27641
22113
21586
25549
15843
2306
-2284
2264
-1181
-14865
-18445
-11787
-4765
-7961
-9006
-257
5210
-248
-6952
-2394
2221
-4966
-16044
-17153
-12113
-13521
-16915
-12456
-3233
516
136
5001
15012
19695
16956
14204
14708
13945
8094
3489
3069
1836
-2718
-5430
-2168
1659
2571
2129
3567
4864
3114
1227
-350
-2467
-6584
-11492
-12770
-11519
-10028
-9272
-7945
-3822
500
3987
6573
9551
10741
8907
6865
5539
4970
2420
-487
-1783
-1494
-563
47
1746
3592
4205
3142
2489
2618
1238
-1852
-5338
-7349
-8848
-10541
-11096
-10353
-9230
-8400
-7157
-4694
-2311
-1189
-1731
-2148
-2428
-3389
-5522
-7079
-8774
-10511
-14589
-12535
649
9938
12606
8797
17645
28734
28550
22423
20298
23369
12997
-1282
-6474
-883
-2224
-14607
-17389
-9862
-1220
-3371
-4444
3448
8161
1497
-7290
-4429
-646
-7598
-19127
-20540
-14425
-14110
-15839
-10391
-100
4600
3951
7613
16423
20194
15932
11315
10353
8918
3535
-625
47
749
-1826
-3026
1016
6045
7446
6575
6354
5831
2842
-796
-3401
-6578
-10312
-14341
-14661
-12125
-8897
-6332
-4101
446
4638
7459
8363
9506
9355
6130
2609
683
756
-790
-2716
-2315
28
2418
3657
5442
7209
7155
4739
2331
1174
-946
-4862
-8758
-10139
-10054
-10449
-10167
-8060
-5528
-4316
-3819
-2129
-278
-562
-2642
-4482
-5112
-6026
-7667
-9453
-9300
-10061
-10788
-13174
-4277
9390
15884
14149
11690
23196
28265
23639
16177
16987
16228
2441
-7353
-6061
1516
-4114
-13194
-10136
-665
3863
-1456
-14
6049
4672
-6351
-11924
-6474
-6017
-14988
-22417
-17284
-10631
-10976
-9516
-1215
7336
7402
5657
9966
15949
14752
7906
4511
4767
3398
-440
-872
2789
3912
2188
3107
7874
10705
8745
5665
3634
912
-3320
-6883
-8765
-10744
-12873
-13853
-11131
-5984
-2138
33
1785
5021
6779
6354
5563
4870
2817
-1033
-2718
-2027
-583
-98
456
2731
5325
7398
8009
8124
7199
4431
574
-2525
-3955
-6043
-8648
-10095
-9257
-7724
-6550
-4807
-2874
-1965
-2220
-2643
-2511
-3119
-4804
-6891
-8073
-8235
-8162
-7998
-7389
-6384
-6343
-6806
-8159
1265
11796
16053
12250
10296
19870
22741
18110
12173
14612
12909
1555
-4971
-1648
5198
-1556
-8852
-6402
1104
2717
-3128
-1798
2187
-344
-10450
-13213
-7126
-6614
-13587
-18468
-12332
-6723
-7044
-5584
1117
6960
5397
3448
6858
11704
10427
5047
3033
4250
4376
2388
2840
6098
6840
4900
4645
7317
8808
6145
2269
-514
-2682
-5364
-7763
-8836
-9080
-9286
-9603
-7774
-2796
1195
1639
934
2512
4682
3623
1807
1567
1438
-949
-2523
-363
2685
3770
3202
4519
6810
7767
6718
5061
4002
1529
-2175
-4910
-4946
-4831
-6691
-7825
-6575
-4338
-3705
-3834
-3102
-2771
-3702
-4974
-5379
-5164
-6014
-7222
-7573
-6344
-5120
-4483
-4526
-3458
-3555
-4273
-7454
-5553
5503
11626
11998
6897
12497
20872
19915
14759
13118
16717
8956
-970
-3440
2853
3075
-7186
-9386
-4165
1905
-1512
-4087
453
2081
-4164
-11704
-8332
-4517
-8370
-15302
-14932
-8091
-6591
-6647
-2540
3941
5762
3385
4586
8886
10583
7034
3646
3435
3675
3098
2615
4400
6059
5394
4910
5932
7382
6735
3874
586
-2545
-4770
-6409
-7656
-8931
-9137
-8391
-7249
-4545
-820
2383
2565
1797
2523
3598
2999
1235
352
-200
-867
-846
1077
3689
5051
5020
5312
6601
7161
5740
3120
1121
-926
-3492
-5332
-5376
-4705
-5277
-5804
-4818
-2881
-2154
-2861
-3490
-3838
-4660
-5916
-6575
-6080
-5750
-6219
-6206
-4512
-2376
-1735
-2068
-2257
-2371
-4117
-6687
-9285
-1623
7235
10201
7552
7758
18001
21337
17401
13087
15536
13083
1696
-4312
-1772
2672
-4601
-10305
-6521
119
1456
-2333
434
3631
368
-7859
-9498
-5339
-7022
-12908
-15753
-10481
-6705
-6623
-3193
3040
6462
4701
4375
7441
9084
6391
3006
2248
1805
1101
1538
4016
6304
6016
5576
6992
7975
6505
3727
1193
-1819
-5752
-8238
-7959
-7541
-8411
-8001
-5716
-2685
84
2568
4032
3565
2157
1460
1129
347
-294
-1249
-1734
-658
1789
4091
5371
6473
7027
6418
5211
4668
3332
184
-2944
-4601
-4898
-5031
-4841
-3998
-3127
-2644
-2347
-2114
-1991
-2619
-4419
-6398
-6972
-6490
-6135
-5837
-4835
-3446
-2258
-1414
-22
599
-152
-2054
-3428
-5449
-6915
-10431
-8446
1946
8652
10409
7799
14479
21940
19725
13668
11505
12877
3741
-5775
-7100
-1195
-1244
-8355
-6071
777
5580
2299
1389
5299
3420
-4683
-11512
-8669
-7779
-12520
-15827
-11822
-4788
-4212
-2478
3558
8682
7080
3084
4333
6089
3660
-1098
-1638
380
321
520
3467
8405
9736
7667
7243
8192
7005
2480
-1654
-3822
-5897
-8622
-9354
-6817
-4420
-3512
-2914
-774
2184
3052
2737
1760
610
-780
-2216
-2099
-955
362
508
1249
3718
6266
7194
6221
5702
4835
2852
606
-452
-869
-2329
-3630
-3552
-1894
-889
-780
-847
-1061
-1613
-3170
-4358
-4904
-5566
-6871
-7556
-6267
-4248
-2636
-1890
-638
325
274
-391
-950
-1477
-3029
-5184
-6555
-6945
-7388
-8148
-9546
-1830
8572
13286
11273
10137
17039
18525
12328
6449
7659
6224
-3394
-8205
-3440
4057
815
-3067
1564
7176
6257
154
813
2256
-3340
-12587
-13984
-8308
-7852
-10891
-10300
-3248
1040
-431
1070
5541
6679
1218
-2939
-953
1138
-821
-2846
59
3696
4622
5302
8188
11227
9692
5708
3335
2686
942
-2490
-4884
-5095
-4592
-4665
-3722
-978
983
643
-1339
-1767
-745
-1194
-2690
-3230
-2137
-1583
-1313
796
4164
5545
4581
4194
4809
4824
3150
1201
600
80
-880
-989
386
1868
1682
607
523
1024
69
-2053
-3609
-4356
-5176
-6232
-6053
-4542
-3193
-2967
-2709
-1520
-403
-571
-1481
-1937
-2239
-3274
-4127
-4131
-3219
-3011
-3301
-3447
-2949
-3246
-4285
-6516
-7602
-66
7190
9386
6535
7567
14146
14250
9712
7157
9748
6440
-2138
-4533
422
4889
-474
-3098
1320
5209
2772
-1657
1162
2091
-3890
-11356
-9972
-4993
-6358
-9227
-7896
-2083
-672
-2306
-57
3647
3800
-1115
-2977
-441
1646
350
-815
1984
4296
4761
4984
7315
9274
7297
3961
1991
1846
899
-1359
-3015
-3226
-2553
-2671
-2161
-591
651
-174
-2674
-3483
-2615
-1989
-2899
-2837
-1007
284
584
1633
4394
5529
4061
2489
2655
2912
1644
373
247
840
633
619
1814
3053
2808
996
-186
-333
-1030
-2742
-4022
-4139
-4198
-4386
-3867
-2359
-1238
-1410
-1880
-1911
-1673
-2064
-2976
-3475
-3376
-3098
-3331
-2821
-1826
-1102
-1663
-2211
-2649
-3197
-4834
-6257
-8818
-7972
538
7563
9577
7475
10303
15383
13547
8636
6979
8319
2901
-4613
-5047
1032
4506
259
-28
4529
7001
3270
-497
1619
351
-6699
-12838
-10243
-5940
-6743
-7900
-5333
-262
350
-790
872
2905
1495
-3218
-4708
-2503
-236
-118
525
3504
5803
6811
7022
8114
8547
6055
2402
-227
-453
-396
-1418
-2356
-1714
-211
73
0
606
942
-880
-4296
-5932
-5334
-4378
-4087
-3143
-484
1879
2967
3812
5325
5789
3807
1380
527
696
135
-436
234
1545
2582
3003
3692
4233
3530
1249
-1111
-2239
-2984
-4015
-4803
-4234
-3013
-2211
-1620
-660
112
-402
-1780
-2962
-3478
-3887
-4477
-4503
-3690
-2529
-1529
-755
154
400
-306
-1779
-2778
-4069
-5265
-7004
-7648
-9246
-6830
2482
9652
11388
9080
11282
14583
11390
5958
4391
5361
367
-5010
-3596
3029
6394
3335
3501
6050
5879
1298
-2158
-1398
-3668
-9178
-12639
-9312
-5305
-4123
-3056
-1175
828
-125
-875
-402
-1134
-3173
-5229
-5074
-3394
-310
2999
5466
6507
6639
7878
7927
6133
3868
2267
878
-1700
-2662
-610
1807
1807
857
1423
1945
833
-1367
-2558
-3544
-5944
-7784
-7282
-4366
-1575
-231
1226
3742
5334
4669
3672
3248
2235
-141
-1722
-750
892
1782
2377
3500
4604
4582
3675
2596
1392
-555
-2717
-3878
-3647
-2876
-2487
-1941
-989
-496
-549
-827
-1354
-2477
-3737
-4605
-4738
-4148
-3235
-2093
-1121
-315
1
90
-99
-649
-1938
-3249
-4113
-4377
-4856
-4721
-4704
-4317
-5445
-5114
2343
9343
10626
6793
6778
10414
8984
4119
2749
5606
3398
-1734
-1405
4076
7372
3543
1921
3788
3316
-911
-3801
-1745
-2051
-6643
-9406
-5982
-2428
-3163
-2959
-758
181
-2801
-4558
-2048
-745
-2683
-4675
-2590
348
1489
2528
5069
7018
5176
3030
3286
4363
3438
931
334
1117
1346
1160
2003
3108
2482
352
-1478
-1924
-2002
-3122
-4449
-5019
-4374
-3862
-2566
-465
1255
1784
1531
2040
2258
1892
1214
827
758
535
990
1860
3101
3794
3412
2737
2267
1879
796
-125
-759
-1313
-1855
-2022
-1215
-584
-724
-1393
-1902
-2121
-2499
-2944
-3212
-3062
-2997
-2883
-2274
-1094
-265
-411
-795
-1028
-1219
-1618
-1986
-1919
-1926
-2140
-2502
-2372
-2059
-2274
-3306
-4398
-5281
-6677
-2171
4749
8230
6446
5519
9141
9765
5789
3329
5105
4148
-1320
-2829
1420
5735
3641
1685
4051
5030
1317
-2513
-1309
-243
-4257
-8592
-6764
-2419
-2524
-3455
-1452
1113
-582
-4120
-3519
-1260
-1649
-4122
-4156
-1375
770
1703
3133
5708
5980
4000
2595
2877
3436
2300
954
802
1464
1950
2193
2637
2898
1940
-433
-2270
-2383
-2249
-3188
-4381
-4148
-2866
-2237
-1742
207
2371
2338
912
783
1751
1494
85
-16
1078
1388
1144
1846
3342
3795
2645
1594
1327
1125
214
-721
-724
-345
-754
-1439
-1016
-309
-612
-1798
-2328
-2252
-2517
-2945
-2711
-1918
-1532
-1525
-1347
-617
153
-74
-811
-1220
-1396
-1938
-2310
-1881
-1229
-1380
-1775
-1778
-1528
-1999
-2991
-4117
-4948
-5831
-7289
-2908
4232
8042
6126
5260
8637
9206
4861
1969
3944
3648
-976
-2128
2375
6902
5151
2842
4396
5309
1521
-2971
-2629
-1252
-3923
-7421
-5673
-1486
-1069
-2131
-1035
792
-878
-4289
-4999
-3663
-3349
-4132
-3375
-814
1476
2833
3848
5172
5232
3514
1462
581
1068
1456
1533
1853
2625
3531
3648
3087
2514
1887
-406
-3125
-3956
-3210
-2797
-3288
-2814
-1431
-705
-1244
-440
1419
1578
6
-1015
-142
535
348
578
1748
2435
2063
1941
2466
2807
1910
613
194
546
706
329
463
1054
946
-130
-899
-934
-1442
-2421
-3072
-2906
-2434
-2231
-1982
-1454
-790
-651
-1099
-1292
-1012
-1025
-1552
-1708
-1261
-1036
-1206
-1181
-719
-571
-1137
-1751
-2184
-2520
-3136
-3803
-4121
-4201
-4496
-5431
-1838
4274
7394
5722
4525
6621
6849
3217
1046
2794
3254
476
-204
3146
6103
4799
2776
3113
3210
509
-2465
-2698
-1756
-2649
-3939
-3002
-830
-628
-1471
-1784
-1622
-2390
-3843
-4544
-4353
-3620
-2388
-903
425
1700
2768
2928
2509
2189
2152
1585
543
413
1517
2618
2976
3393
3760
3213
1671
253
-322
-1053
-2159
-2892
-2711
-2072
-1666
-1250
-751
-762
-1472
-1843
-1184
-281
480
537
700
1073
1423
1727
1963
2073
1733
1132
738
997
1250
1297
1427
1400
1311
1037
815
446
-143
-840
-1427
-1704
-1974
-1920
-1819
-1723
-1478
-1495
-1521
-1511
-1670
-1900
-1947
-1576
-1134
-917
-704
-398
-353
-546
-727
-844
-982
-1442
-1874
-1944
-1851
-1782
-1994
-2256
-2575
-2980
-3651
-4111
-5033
-3014
1520
5128
5046
3799
4881
6134
4508
1759
1753
2497
1429
440
1644
4000
4633
3783
2895
2336
1563
293
-1363
-2711
-2744
-2218
-2198
-2165
-1459
-407
-660
-1953
-2921
-3035
-3010
-3721
-4316
-3461
-1340
76
684
1557
2638
2608
1418
785
1095
1380
978
821
1474
2568
3174
2995
2601
2089
1036
-313
-1474
-1847
-1606
-1228
-1171
-1242
-1065
-527
-600
-1336
-1821
-1373
-281
317
587
801
1217
1377
1339
1099
1068
1026
640
405
569
1161
1498
1357
1260
1351
1377
953
320
-260
-624
-1114
-1562
-1647
-1414
-1098
-1043
-1062
-1068
-1127
-1276
-1419
-1591
-1618
-1515
-1214
-821
-438
-222
-210
-430
-834
-1045
-1085
-1122
-1328
-1488
-1451
-1280
-1356
-1705
-2015
-2293
-2774
-3434
-3833
-4141
-3093
-197
3430
5319
4711
4192
4603
4145
2233
931
1413
2019
1633
1744
3066
4182
4112
3197
2245
1268
147
-944
-2053
-2567
-1997
-985
-590
-834
-917
-935
-1612
-2705
-3416
-3368
-3153
-3149
-2998
-1917
-288
892
1388
1558
1510
973
351
115
409
1042
1743
2259
2464
2640
2864
2687
1762
597
-182
-683
-1305
-1522
-901
-151
122
-55
-369
-849
-1431
-1933
-1958
-1046
158
942
988
873
932
928
555
239
307
371
399
471
752
1231
1763
1963
1618
1162
873
389
-340
-790
-737
-594
-750
-916
-896
-781
-833
-997
-1207
-1485
-1742
-1882
-1755
-1561
-1030
-453
-247
-190
-442
-814
-1198
-1428
-1429
-1287
-1022
-745
-584
-608
-616
-710
-1006
-1421
-1905
-2298
-2596
-2711
-2807
-2490
-1272
853
3010
3906
3939
3349
2641
1369
325
291
932
1657
2116
2567
2829
2702
2396
1833
1175
492
-117
-782
-1391
-1428
-894
-98
321
140
-365
-1212
-2068
-2886
-2974
-2565
-2096
-1735
-1368
-701
-228
212
527
593
407
14
-141
-176
-22
528
1398
2077
2344
2201
1686
874
73
-463
-500
-328
-192
-135
-125
-105
-162
-194
-434
-739
-1142
-1466
-1217
-462
627
1369
1638
1535
1013
301
-382
-721
-583
-172
511
960
1013
933
961
758
509
457
388
1
-623
-923
-799
-515
-187
132
191
-59
-470
-1113
-1577
-1556
-1339
-998
-634
-186
70
17
-157
-272
-349
-618
-839
-933
-1025
-972
-763
-418
-75
15
-147
-461
-991
-1394
-1566
-1633
-1498
-1169
-810
-595
-636
-927
-1162
-901
-82
742
1280
1583
1737
1511
876
446
401
634
840
1162
1524
1495
1050
568
384
236
382
603
561
341
-75
-414
-619
-683
-488
-276
-253
-299
-511
-879
-1183
-1207
-1006
-731
-415
-12
190
87
1
1
29
85
218
461
493
430
286
365
439
470
471
465
445
201
-36
-270
-325
-230
-71
96
215
115
-93
-350
-416
-519
-390
-1
617
1125
1224
1078
696
259
-233
-453
-412
-65
310
516
682
702
538
139
-227
-353
-283
-63
76
100
49
-53
-78
-195
-321
-408
-483
-463
-557
-713
-644
-491
-472
-488
-197
52
57
-150
-283
-331
-589
-871
-805
-473
-229
-133
-125
-377
-743
-819
-736
-553
-438
-373
-395
-533
-396
-280
-259
-338
-343
-308
-498
-719
-794
-643
-516
-421
-153
97
91
44
-37
-55
-6
81
123
189
309
389
437
434
461
497
484
506
486
467
544
545
507
435
425
429
400
299
171
113
60
66
47
5
-47
-33
-124
-241
-266
-285
-375
-394
-302
-250
-186
-177
-150
-40
4
-35
60
106
62
38
52
167
225
235
344
467
559
701
838
962
1013
723
261
-113
-396
-599
-519
-227
74
349
414
308
120
-183
-444
-398
-261
0
163
278
316
153
-3
-193
-294
-286
-358
-463
-461
-278
78
126
41
-42
32
70
53
-65
-372
-546
-468
-280
-278
-289
-273
-220
-181
-191
-320
-649
-863
-701
-413
-85
126
-57
-233
-439
-687
-799
-739
-488
-647
-636
-534
-416
-298
-331
-264
-75
-53
-397
-650
-654
-474
-425
-320
-147
-29
9
77
177
163
189
172
74
60
78
148
238
364
528
623
522
301
152
78
34
-73
1
208
411
517
541
425
156
-62
-186
-187
-187
-78
87
252
364
371
327
215
43
-63
-57
112
220
271
344
346
375
301
250
267
249
235
227
351
549
616
520
526
555
433
187
-34
-64
-197
-290
-109
143
326
351
164
29
-124
-411
-575
-376
-167
-33
68
90
136
7
-269
-477
-289
-56
-104
-240
-155
-67
-129
121
474
293
-87
-240
-347
-291
-144
15
126
135
-182
-405
-247
-29
-45
-162
-460
-563
-488
-518
-405
-173
-86
-381
-561
-495
-424
-283
-206
-202
-394
-745
-720
-459
-316
-225
43
185
32
-12
-121
-430
-726
-702
-396
-26
327
337
15
-287
-396
-328
-159
82
323
293
130
-98
-93
99
184
245
240
192
146
4
-11
275
617
800
898
929
704
407
113
29
230
544
872
970
821
575
376
306
258
221
337
453
438
429
440
453
477
494
579
565
453
249
141
213
236
322
402
436
452
373
229
-57
-182
-209
-175
44
289
392
342
90
-325
-510
-248
117
131
89
118
30
-263
-373
-148
-151
-257
-285
-186
-159
-94
-45
-277
-385
-331
-335
-405
-432
-328
-223
-276
-465
-612
-611
-562
-518
-508
-484
-517
-381
-174
-206
-216
-13
-200
-506
-439
-167
-377
-700
-542
-22
218
0
-310
-506
-441
-371
-373
-337
-42
-241
-551
-680
-318
159
65
-111
-353
-603
-733
-692
-520
-213
155
213
-131
-356
-385
-429
-324
-89
218
294
244
265
392
515
368
390
447
267
45
12
150
133
264
568
664
555
512
492
401
274
265
376
525
598
639
699
714
582
485
487
488
435
498
564
663
647
497
388
459
571
431
180
54
60
43
52
202
396
471
329
80
-100
-63
-55
-102
-133
-69
-95
-159
-70
70
219
87
-117
-217
-312
-437
-477
-293
20
178
36
-216
-369
-357
-411
-610
-638
-352
-176
-277
-383
-261
-93
-136
-333
-176
146
-66
-544
-684
-632
-399
-96
384
526
249
-279
-843
-817
-520
-204
-78
113
298
298
-29
-258
-267
-304
-298
-162
69
163
194
236
165
123
104
-90
-199
-423
-366
-106
65
92
41
-85
-241
-230
-144
72
170
388
523
498
327
-17
-343
-113
328
630
778
730
673
338
-59
-153
64
283
494
639
673
420
76
-40
-152
-137
28
132
17
-107
-17
99
189
292
296
108
-73
-175
-246
-1
353
560
515
360
115
-185
-356
-186
82
197
279
236
182
-27
-134
-121
-20
66
58
32
-216
-484
-402
-170
59
112
12
-45
-283
-485
-557
-337
-7
26
39
-22
-88
-190
-325
-306
-197
-189
-223
-129
-227
-179
12
-47
-185
-240
-337
-339
-183
-156
-25
130
78
-121
-395
-376
-289
-389
-451
-357
-92
77
18
-228
-443
-526
-331
-15
216
217
93
-70
-229
-139
111
223
194
240
295
233
98
45
27
38
84
35
-196
-209
19
188
174
-20
-194
-311
-410
-428
-220
-26
76
393
589
626
458
-29
-420
-546
-378
-82
307
578
699
640
356
67
-64
-59
-63
-79
20
268
474
627
536
310
153
-34
-160
-316
-424
-249
78
275
362
630
531
153
-154
-349
-481
-503
-444
-206
288
648
548
197
-157
-539
-771
-635
-202
72
147
119
86
72
102
154
162
35
-56
-137
-242
-253
-208
14
227
119
-15
70
-37
-352
-529
-390
-143
-81
-7
135
127
30
-88
-266
-284
-75
49
-55
-133
-131
-171
-181
25
296
434
217
-74
-196
-296
-490
-426
-70
174
139
-37
-108
-139
-288
-460
-391
-159
-79
-159
-287
-351
-347
-297
-288
-230
-153
-196
-370
-535
-424
-255
-139
39
371
543
366
-7
-181
-61
110
203
232
365
391
163
-132
-235
-175
-144
-112
-46
103
196
125
65
95
197
233
73
-62
12
149
295
295
307
356
395
224
-12
-142
-57
11
6
136
259
281
82
-82
-103
-12
-148
-260
-148
-19
19
-69
-59
8
72
105
56
35
-143
-213
-310
-331
-104
121
335
252
114
-7
-257
-487
-500
-248
70
250
238
156
44
-187
-329
-309
-175
-24
21
58
112
56
-69
-68
-7
-39
-174
-287
-335
-278
-119
-23
49
98
66
-55
-199
-226
-301
-298
-276
-231
-158
-161
-196
-229
-162
-27
58
51
-91
-192
-242
-266
-198
-57
51
-31
-47
-89
-131
-250
-268
-112
34
40
44
5
-26
-85
-116
-81
67
233
265
216
160
121
43
39
89
165
214
181
136
146
162
196
210
148
12
-78
-127
-148
-110
-103
-144
-157
-154
-156
-142
-56
-61
-78
-131
-175
-128
-139
-91
-70
77
190
216
235
189
4
-181
-182
-74
107
155
194
178
4
-55
-131
-53
33
50
170
255
340
262
229
184
203
128
21
-41
-30
17
-20
-57
45
72
45
-3
-229
-279
-263
-155
-117
-75
-32
-99
-116
-177
-107
-40
-110
-137
-144
-182
-296
-274
-236
-237
-226
-231
-239
-285
-287
-364
-278
-181
-136
-112
-108
-79
-136
-116
-43
7
71
55
108
134
117
115
150
222
181
165
176
166
166
180
159
120
73
-36
-82
-85
-104
-63
50
155
150
123
97
42
12
-9
117
189
157
179
144
88
117
113
121
190
201
119
74
47
53
49
38
58
9
-36
23
16
33
128
94
66
84
15
-24
-30
48
137
211
269
262
213
131
127
79
130
120
130
201
204
211
221
240
241
251
179
99
39
23
35
29
58
53
38
43
79
108
106
137
130
177
198
253
242
178
197
199
97
-12
-47
-3
49
78
94
105
137
109
79
27
6
-25
-101
-51
-43
-39
28
89
71
24
-18
43
114
43
-7
-9
69
73
18
-7
12
42
109
62
28
28
3
-8
50
48
24
38
25
21
23
86
-15
69
134
113
150
188
137
163
143
142
155
120
48
85
103
66
101
130
134
112
88
-11
49
89
17
-44
-47
-82
-114
-62
-36
-20
-46
-43
48
142
121
81
84
93
120
178
221
169
196
131
28
-1
-20
-45
-44
15
32
-16
16
4
34
58
56
88
96
41
14
-13
32
119
129
138
148
152
82
83
106
75
36
103
126
123
89
34
-18
-97
-62
-101
-89
-98
-114
-16
-9
26
141
146
142
97
73
106
148
153
218
237
221
201
195
197
195
185
141
112
54
75
103
121
149
128
93
71
-4
-47
-27
10
41
65
113
96
110
123
73
62
71
23
-14
-29
-27
4
-39
-24
-81
-16
-95
-66
-60
-57
-84
-113
-48
-43
-36
-83
-47
-47
29
8
70
50
31
85
89
95
71
67
63
70
45
12
-44
-10
22
-9
-52
-21
54
35
-4
26
87
97
109
183
212
146
87
34
32
123
126
160
203
139
115
64
50
42
42
20
22
3
4
-24
9
45
48
20
-45
-18
3
4
12
66
43
23
56
89
84
71
66
51
68
74
135
74
77
59
75
78
6
-13
7
54
56
70
-2
-75
-48
-20
46
78
68
95
66
90
64
58
99
108
-45
-47
2
-28
-48
-36
10
38
70
80
42
9
18
-16
22
4
-26
-44
28
71
-1
-8
6
18
64
71
90
59
0
10
29
101
46
6
9
9
37
38
42
16
11
-2
59
77
84
110
125
168
180
167
135
108
84
139
166
169
147
127
147
129
73
24
28
21
-2
-70
-26
-13
-24
-40
-32
-79
-91
-68
-53
8
-3
19
-32
-53
-53
31
42
21
27
1
79
33
76
47
-1
-6
33
92
81
94
78
26
-14
-27
-49
39
129
92
67
62
33
76
126
108
47
8
27
-6
-51
-37
7
7
44
8
31
33
32
34
-11
57
93
106
94
75
71
94
89
114
116
17
62
66
74
121
93
40
41
-31
-42
20
-1
26
12
34
48
63
69
118
151
137
103
154
134
153
169
64
69
64
52
49
100
102
69
39
-23
-80
-81
-43
-54
-26
-53
-25
1
5
-2
-71
-50
-52
-116
-144
-110
-23
-51
-67
-73
-14
0
-52
2
54
74
94
90
105
112
95
90
93
102
123
77
23
-9
-31
-69
-43
-6
-20
-52
-25
42
27
25
26
52
-20
-18
-1
-3
57
70
87
37
67
125
133
154
115
143
98
134
178
166
132
112
150
133
48
49
69
-30
-72
-14
-5
34
52
14
42
48
26
-21
17
59
44
39
44
57
51
37
7
6
54
100
85
38
16
-27
-11
-11
5
22
84
108
124
117
76
98
34
47
20
-3
44
57
112
136
113
91
85
44
50
3
66
68
60
88
73
70
82
129
