-59
-22
-37
-42
6
-24
-5
-19
-26
-15
-38
-13
-45
-31
-51
-54
-63
-48
46
80
-64
-55
-23
-43
-71
-80
-30
-39
-1
7
-17
17
57
31
23
0
21
36
33
-51
-18
49
-18
-14
3
21
10
19
4
-38
13
26
14
33
26
11
7
-7
-28
-24
-50
-26
19
-7
-20
8
-48
-55
-73
-28
19
-34
-36
-33
-76
-84
-39
-37
-30
-34
-42
21
55
40
82
-23
-8
8
-16
42
-36
-63
2
-19
-74
15
80
0
41
71
5
3
-69
-66
-49
-30
47
14
16
45
23
21
8
-35
2
23
33
27
45
33
5
-8
69
49
-14
10
-7
-8
29
39
-8
11
56
40
40
52
99
50
30
-64
-9
20
52
104
69
81
81
87
48
100
95
26
17
44
56
46
49
32
24
28
66
59
50
44
56
68
74
119
91
54
33
60
72
102
73
41
45
83
74
75
65
6
23
-17
-26
79
31
-36
-34
-7
4
31
34
16
49
-5
-35
32
64
31
8
-6
37
-5
-5
-22
-32
18
53
69
2
4
-31
-19
84
72
26
7
-25
10
19
37
51
40
47
55
68
86
74
94
85
40
-4
6
44
30
51
73
1
53
21
33
17
69
105
33
56
54
87
24
122
95
53
16
-13
50
31
13
12
40
-12
31
-7
14
-5
-26
21
11
6
65
123
48
14
-3
-27
45
50
66
7
-15
32
-15
-58
-32
-2
-4
19
-12
-34
-14
-21
55
60
41
12
-4
13
10
26
-12
-29
-17
-17
-7
-1
-23
-2
4
13
6
3
30
3
18
52
19
38
57
11
51
47
2
7
-2
17
21
37
44
-5
43
35
29
47
25
70
69
48
57
42
25
22
49
78
25
63
41
54
91
65
59
34
31
66
92
48
50
59
60
3
24
44
80
78
73
40
20
15
32
44
-33
26
56
59
44
29
15
19
46
98
74
41
49
23
12
59
27
6
73
72
-7
39
79
12
-7
17
10
39
38
25
100
96
81
100
30
-2
-46
-19
2
30
23
-16
-2
0
43
69
102
16
17
17
5
4
-42
-16
15
4
37
34
57
103
103
73
87
58
49
72
57
42
52
29
46
39
34
44
-22
-19
47
9
62
25
29
74
69
67
54
45
47
36
32
83
76
-2
12
8
43
42
56
70
36
30
54
55
101
71
48
87
96
46
34
39
14
43
-34
11
9
46
28
-8
-8
11
44
12
54
19
7
-1
1
-25
8
90
80
53
42
65
94
68
47
56
66
32
83
72
60
8
26
8
-26
4
-9
-16
21
63
66
42
21
71
55
75
73
60
62
93
141
147
137
94
58
119
51
42
39
42
34
58
36
104
112
-22
15
60
35
42
101
115
146
152
111
133
78
69
77
22
14
32
51
88
73
20
39
-43
-3
23
41
-18
-3
28
27
54
48
109
2
103
110
70
110
67
66
14
12
2
-24
33
63
82
91
30
13
46
106
38
5
-15
23
24
-10
-2
12
84
37
14
59
63
35
68
19
-15
-27
-18
29
23
57
88
103
85
78
44
12
-12
-20
33
57
83
51
37
80
44
31
9
60
126
75
23
31
47
65
70
4
-7
64
65
6
-4
32
64
18
-12
-6
56
74
66
104
86
43
3
14
59
17
51
75
50
50
37
20
82
92
27
48
31
57
79
81
45
-7
-9
43
63
26
98
122
95
116
91
84
108
55
38
47
49
73
65
59
12
20
69
16
34
32
-49
-46
-22
-4
23
4
43
64
49
57
23
34
26
41
9
34
47
15
96
67
86
135
106
113
142
162
128
74
58
74
46
-15
66
69
15
38
78
50
138
97
14
22
-12
86
78
125
120
80
86
95
79
-35
-10
108
113
38
17
72
90
80
4
10
114
87
81
63
100
42
-10
45
18
-20
20
81
138
157
83
104
62
70
12
-20
4
15
24
6
-20
10
57
31
57
84
103
96
61
62
127
78
92
105
29
41
84
46
45
80
65
44
-25
60
80
91
126
104
47
80
96
64
107
144
200
115
106
90
112
158
131
82
64
121
5
93
195
208
226
175
180
147
117
143
71
175
212
104
93
103
97
96
47
85
113
99
53
84
95
111
171
102
144
134
140
86
48
50
20
74
83
101
88
125
134
49
82
118
106
46
31
91
135
61
38
78
65
56
64
106
92
72
126
91
107
118
83
82
141
112
115
79
160
136
137
144
75
87
55
96
99
137
139
109
106
119
137
114
88
124
118
126
91
97
83
69
47
58
78
93
95
104
93
68
111
113
142
160
92
12
108
101
123
148
112
47
111
124
129
142
100
114
148
123
65
93
57
88
115
100
107
84
92
62
87
21
57
148
136
136
109
104
60
81
28
-15
57
66
107
135
85
46
73
64
79
85
96
44
41
162
173
148
123
136
182
105
164
149
150
32
-12
65
78
92
82
134
130
100
90
159
44
38
95
-58
10
86
91
148
134
92
8
33
11
42
91
35
68
118
83
95
125
62
-22
40
93
21
29
63
40
43
-14
-16
53
142
59
-37
-10
30
9
-2
89
64
74
52
88
196
190
75
-28
18
-21
-17
12
108
139
19
41
40
0
34
83
105
55
62
75
71
26
-7
103
64
35
25
53
104
100
109
46
9
46
97
73
103
138
71
49
36
104
10
75
3
34
48
95
28
-35
3
-4
28
3
-6
15
50
22
24
-16
32
109
100
66
62
59
146
97
73
53
61
-29
-40
-18
78
92
158
94
74
91
44
-8
-39
54
174
94
-41
19
24
39
-13
65
52
84
-4
-11
-8
-22
-2
6
42
-27
61
90
22
41
13
-17
117
126
43
-38
1
47
98
55
-66
-39
34
55
75
111
30
101
166
26
-23
-29
68
10
55
86
15
10
89
75
-22
72
106
73
107
144
10
23
67
40
89
159
192
81
7
-47
8
169
245
86
-133
-23
114
183
157
133
1
78
91
32
44
8
-29
106
116
-18
-87
-83
103
45
135
95
90
8
-19
-10
146
107
69
100
65
72
36
-21
-27
175
141
13
-67
67
131
87
1
-127
-68
83
37
-102
-129
2
80
195
81
-18
-44
-66
83
49
-58
-61
60
97
4
-50
-21
115
83
-31
59
117
48
-99
-142
13
94
77
102
102
35
54
-35
17
78
-157
-205
95
92
-93
-10
102
95
171
172
-68
-80
119
122
-193
-195
54
57
-122
-117
-81
-201
-114
12
-27
-16
101
105
65
-103
-48
39
111
127
1
-63
-88
50
56
10
-214
-62
-2
8
81
77
-98
-246
29
2
93
110
72
-176
-181
59
155
-25
-65
53
114
110
145
-53
-357
-261
88
348
170
-146
-309
-137
105
180
-77
-224
-170
-4
75
164
33
-69
36
-74
-239
-146
24
-60
2
-7
-13
-25
-91
32
-186
-281
-355
-109
169
203
44
-207
-148
-190
-144
-31
39
120
-57
-270
-330
-175
49
272
311
1
-228
-173
-13
24
4
-45
-234
-238
-114
-45
121
33
-138
-200
-340
-164
53
44
-33
59
-103
-331
-285
43
130
-34
-326
-550
-216
38
-4
-39
114
-60
-25
-212
-186
-227
-158
-74
111
26
-173
7
92
38
-338
-268
19
-7
-56
-33
-151
-199
-93
-43
-11
-63
-465
-370
-195
286
127
-62
-345
-364
-186
129
-45
-80
-158
-266
-80
-18
-179
-198
-139
-92
-257
-44
-138
-25
135
-24
-47
-369
1019
1363
824
-279
-455
-810
-1191
-1350
-984
-519
-88
-244
-188
47
292
-39
-152
-49
-33
-125
-415
-195
-183
-141
-98
122
284
0
12
46
11
-226
-512
-351
71
171
-51
-171
-293
-470
-403
-174
-225
-55
-12
-189
-185
-388
-366
-373
-126
19
307
-23
-262
-237
-336
-221
-237
238
-65
-184
-148
-110
-136
-282
-169
-231
40
-148
-182
-42
-34
-74
-121
-57
-310
-59
-171
-265
-38
22
-209
-138
76
-139
-125
-167
-194
-292
-93
38
-292
-395
-34
156
-157
-54
26
197
126
-139
-104
-264
-151
-169
-224
-475
-508
-427
-56
101
174
191
-42
-271
-529
-548
-304
-1
-30
-128
-182
-204
-12
19
-119
-89
-128
-86
-126
-27
-198
-10
-138
-263
-123
-102
-263
-217
15
-71
-232
-290
-222
-90
-2
53
-130
-113
-77
-194
-226
-219
-132
-195
-222
-400
-195
116
-46
-141
-166
-292
-328
-184
-136
-142
13
-84
-8
-60
-60
-217
-169
167
-88
-273
-174
-178
-491
-293
-229
-487
-81
218
282
-106
-132
-33
-82
-187
-360
-127
-101
-169
-175
-111
-84
-219
-66
-287
-260
-291
-301
-61
46
-198
-362
-5
-145
-263
-131
121
18
38
1289
1744
772
-243
-488
-598
-581
-574
-730
-785
-605
-749
-812
-544
-436
-334
-259
-415
-426
-166
-172
-348
-446
-461
-139
95
136
-24
33
97
191
405
215
4
-55
5
-257
-362
-443
-296
-228
-210
-317
-431
-280
-278
-359
-362
-133
-30
-233
-422
-217
-203
-470
-344
2
-220
-381
-326
-270
-349
-450
-258
72
174
112
-6
-41
17
-283
-448
-546
-261
-154
-44
-104
-123
-83
-125
33
-48
39
31
-46
-346
-504
-369
-430
-240
439
710
61
-498
-631
-732
-601
-266
9
-138
-250
-177
-177
-193
-346
-416
-256
-103
-267
-365
-318
-327
-420
-357
-296
-367
-282
-314
-41
75
171
25
-127
-146
-163
-132
-287
-142
51
146
74
29
105
75
-87
-293
-355
-478
-435
-358
-474
-497
-538
-320
-293
-217
-158
-230
-169
-99
-45
-247
-374
-135
82
-12
-104
-176
-167
-113
-163
-38
34
-160
-318
-324
-287
-180
-159
-99
0
50
-29
7
-17
-29
-62
16
123
39
-58
44
69
-71
-91
-132
-103
-95
47
118
122
141
157
25
-132
-39
6
47
-40
-8
46
15
-108
-268
-217
-217
-262
-250
-150
-47
-10
45
105
191
131
-57
-124
-59
-75
-104
-134
-225
-324
-495
-540
-403
-210
-179
-140
-102
-104
-175
-220
-228
-278
-274
-203
-140
-155
-110
-175
-238
-273
-453
-461
-305
-204
-284
-232
-208
-199
-265
-348
-396
-503
-344
-345
-383
-371
-257
-278
-476
-408
-340
-269
-262
-204
-308
-449
-437
-491
-611
-654
-608
-476
-423
-442
-371
-358
-136
267
634
933
1257
1640
1994
2198
2300
2357
2299
1985
1574
1094
752
284
-172
-511
-816
-937
-1106
-1064
-890
-732
-587
-511
-400
-363
-388
-425
-499
-590
-749
-981
-1055
-1030
-982
-933
-763
-578
-379
-152
240
688
994
1170
1296
1416
1788
2241
2345
2274
2154
2046
1466
815
449
-106
-931
-1747
-2080
-2387
-2555
-2654
-2496
-2093
-1785
-1282
-797
-154
276
468
348
274
244
-107
-479
-745
-933
-1231
-1558
-1560
-1294
-1053
-815
-471
-156
125
358
392
291
199
-82
-555
-862
-1103
-1473
-1890
-2280
-2437
-2611
-2862
-3102
-3088
-2961
-2607
-1176
490
1529
1879
2796
4626
5567
5464
5524
6215
5729
3863
2638
2589
2219
360
-1048
-1250
-1307
-1942
-2338
-1490
-472
-412
-920
-449
612
755
-133
-685
-568
-1213
-2541
-3118
-2805
-2705
-3281
-3437
-2689
-1617
-851
-160
916
1932
2386
2641
3085
3595
3663
2921
2136
1656
1194
405
-311
-678
-907
-1200
-1533
-1237
-724
-408
-246
-144
125
187
10
-252
-377
-564
-1089
-1114
-745
-255
-100
16
431
901
1225
1247
1558
1580
1250
683
237
82
-292
-666
-1014
-1053
-984
-1058
-967
-683
-451
-566
-715
-650
-496
-558
-888
-1082
-1080
-1148
-1316
-1241
-988
-743
-743
-792
-521
-362
-388
-542
-685
-867
-1238
-1503
-1693
-1819
-2022
-2421
-2716
-2917
-3121
-3584
-3961
-3714
-1732
500
1241
1473
2870
5516
6433
6146
6761
8082
7352
4619
3249
3661
3058
58
-1874
-1687
-1746
-3200
-4014
-2452
-963
-1560
-2388
-1340
401
311
-837
-974
-473
-1290
-3237
-3774
-2999
-3004
-4215
-4548
-3351
-1991
-1404
-644
1078
2661
3158
3329
4290
5303
5300
4314
3426
2951
2136
934
-79
-550
-989
-1773
-2334
-2027
-1337
-1046
-1042
-735
-150
101
1
-107
32
154
-61
-99
190
472
452
352
544
791
945
797
709
773
560
101
-240
-161
-184
-431
-591
-409
-202
-287
-389
-335
-255
-512
-914
-1145
-1220
-1422
-1780
-1969
-1995
-2070
-2218
-2268
-1968
-1746
-1720
-1627
-1296
-966
-1087
-1329
-1456
-1618
-2051
-2717
-3317
-3911
-4483
-4415
-2190
686
1853
1951
3478
6959
8516
8194
8575
10148
9511
5810
3744
3890
3188
-462
-3475
-3520
-3390
-4794
-5769
-3947
-1818
-2135
-3105
-1779
778
972
-506
-814
-217
-1110
-3433
-4150
-3336
-3313
-4630
-5153
-3617
-1786
-875
116
2229
4160
4775
5057
6083
7096
6807
5347
4065
3226
2050
390
-964
-1609
-2239
-3105
-3646
-3147
-2163
-1659
-1575
-1120
-379
2
-121
-225
-149
-206
-397
-586
-314
194
478
413
653
1404
1861
1828
1751
2065
1888
1128
612
529
332
-454
-861
-1003
-1022
-1102
-1164
-1002
-877
-881
-1192
-1368
-1197
-1272
-1748
-2152
-2115
-2199
-2514
-2567
-2261
-1989
-2061
-2003
-1701
-1274
-1176
-1364
-1539
-1766
-2063
-2651
-3164
-3787
-4346
-4494
-2392
1113
2650
2823
4027
7968
10062
9503
9476
10988
10727
6356
3580
3515
3128
-948
-4790
-4709
-4298
-5637
-7019
-4987
-2154
-2316
-3511
-2226
771
1244
-517
-1056
-280
-985
-3647
-4682
-3560
-3143
-4564
-5247
-3283
-974
90
1078
3374
5591
6146
6074
6899
7974
7478
5427
3780
2707
1348
-566
-2112
-2712
-3258
-4044
-4528
-3717
-2513
-1867
-1675
-1292
-455
-95
-254
-430
-175
-125
-797
-1103
-383
625
808
901
1756
2836
2946
2920
3547
3735
2975
1793
1158
635
-233
-1187
-1847
-2119
-2274
-2396
-2390
-1832
-1139
-1156
-1364
-1066
-672
-935
-1568
-1808
-1930
-2468
-3092
-3047
-2686
-2595
-2620
-2423
-1706
-1151
-918
-838
-790
-962
-1488
-2201
-2922
-3682
-4436
-4222
-1361
1713
2676
2802
4938
9293
10424
9641
10110
11821
10309
5331
3303
3599
2146
-2979
-6011
-5274
-5337
-7208
-7807
-4801
-2321
-2986
-3627
-1260
1866
1417
-610
-542
287
-1241
-4116
-4382
-3105
-3368
-4983
-4816
-2108
20
898
2414
4943
6776
6986
7022
7937
8425
7024
4540
2782
1506
-222
-2303
-3566
-3932
-4565
-5136
-4855
-3563
-2174
-1589
-1286
-697
143
420
62
-173
138
102
-681
-760
396
1721
1636
1595
2839
3934
3848
3332
3820
3727
2291
709
46
-384
-1463
-2451
-3028
-2856
-2655
-2558
-2310
-1551
-728
-962
-1250
-886
-539
-1037
-1914
-2203
-2329
-2824
-3366
-3179
-2600
-2430
-2402
-1953
-983
-337
-427
-674
-788
-1095
-1948
-3096
-4006
-4550
-4789
-2262
1259
2653
2843
4695
9586
11444
10532
10730
12558
11415
5949
3188
3434
2206
-3283
-7038
-6198
-5873
-7661
-8585
-5284
-2172
-2798
-3477
-1066
2363
1974
-230
-378
297
-1124
-4339
-4791
-3313
-3418
-5046
-4970
-1882
722
1704
3175
6088
8038
7922
7771
8508
8732
6893
4080
2051
586
-1209
-3315
-4615
-4902
-5176
-5498
-5136
-3458
-1748
-1043
-817
-181
709
758
157
-238
25
237
-455
-635
378
1907
2256
2207
3403
4664
4588
3765
3932
3798
2445
571
-453
-935
-2014
-3165
-3682
-3422
-3134
-3028
-2653
-1665
-665
-667
-1067
-852
-544
-1009
-2075
-2507
-2507
-2981
-3588
-3482
-2683
-2198
-2036
-1539
-444
192
14
-314
-428
-896
-2074
-3557
-4434
-4986
-4234
-634
2198
3043
3328
6767
11173
11596
10896
11688
12934
9233
4104
2753
2940
-33
-6110
-7838
-6508
-6855
-8676
-7793
-3437
-1687
-2960
-2573
970
3331
1417
-388
-6
-9
-2675
-5264
-4441
-3311
-4247
-5474
-3766
-191
1893
3014
5017
7838
8857
8217
8270
8807
8059
5094
2121
354
-1275
-3117
-4885
-5588
-5569
-5654
-5418
-4247
-2107
-658
-223
64
712
1241
799
32
29
398
-31
-718
-244
1433
2335
2346
3007
4457
4909
4180
3912
3953
3073
1012
-543
-1174
-1850
-3014
-3857
-3850
-3424
-3134
-2832
-1973
-931
-528
-770
-913
-659
-824
-1757
-2495
-2720
-2794
-3279
-3367
-2676
-1974
-1729
-1407
-507
288
452
-180
-750
-1013
-1775
-3261
-4888
-5491
-4601
-1273
1806
2723
3514
6414
10956
12006
11290
11916
13148
10229
4441
2536
2642
15
-5918
-8443
-6954
-6992
-8758
-8089
-3794
-1271
-2466
-2348
1024
3705
2044
-283
-17
40
-2494
-5547
-4989
-3432
-4095
-5382
-3870
-59
2372
3435
5423
8239
9383
8597
8267
8714
7874
4863
1662
-219
-1806
-3700
-5359
-5823
-5623
-5502
-5067
-3779
-1637
-63
353
448
951
1406
783
-147
89
566
-25
-840
-118
1700
2588
2665
3390
4732
4994
4252
3961
3942
2950
716
-976
-1569
-2189
-3250
-4114
-3939
-3278
-3039
-2783
-1782
-582
-433
-947
-1030
-801
-1102
-2200
-2775
-2920
-2966
-3337
-3273
-2366
-1639
-1218
-903
-81
583
325
-420
-907
-1329
-2426
-4260
-5569
-5852
-3940
198
2612
3250
4336
8671
12660
12431
11940
13042
13164
7978
2952
2441
2043
-2348
-8206
-8684
-7071
-7882
-9095
-6707
-2041
-1185
-2595
-1114
2788
3972
974
-665
-156
-973
-4321
-6289
-4609
-3598
-4785
-5332
-2280
1792
3519
4820
7348
9862
9960
8646
8596
8678
6681
2850
-90
-1609
-3284
-5162
-6297
-6060
-5636
-5321
-4452
-2558
-261
727
718
831
1320
1185
66
-708
-207
-42
-869
-1137
447
2459
2980
3289
4527
5864
5605
4652
4404
3954
2190
-310
-1733
-2253
-3064
-4232
-4679
-4069
-3384
-3090
-2470
-1077
-46
-204
-729
-755
-628
-1240
-2454
-3023
-3028
-3279
-3577
-3155
-2138
-1404
-1114
-511
440
828
258
-489
-812
-1619
-3371
-5246
-5909
-5122
-1586
1858
2956
3561
6477
11561
13002
12141
12609
13728
10735
4478
2155
2374
-206
-6489
-9594
-7840
-7429
-8971
-8409
-3818
-712
-1907
-2113
1359
4438
2613
-450
-464
-355
-2937
-6157
-5698
-3749
-4219
-5389
-3790
582
3676
4803
6577
9407
10599
9412
8530
8690
7615
4062
238
-1822
-3197
-4945
-6395
-6646
-5925
-5320
-4624
-3043
-680
988
1209
952
1191
1341
494
-962
-1320
-570
-661
-1280
-676
1750
3617
3840
4525
6092
6950
5791
4660
4396
3231
559
-1945
-2708
-3354
-4531
-5378
-4949
-3768
-3072
-2432
-1413
-37
536
31
-415
-296
-629
-2018
-3261
-3487
-3475
-3790
-3846
-2857
-1577
-989
-515
424
1483
1460
340
-372
-826
-2137
-4460
-6213
-6228
-4787
-1083
1717
2983
4322
8092
12813
13201
12683
13347
13617
9260
3478
2215
1648
-2288
-8339
-9675
-7702
-8042
-9111
-7195
-2308
-420
-1778
-634
3120
4748
1799
-649
-387
-1149
-4388
-6980
-5541
-4058
-4906
-5324
-2346
2277
4577
5816
8126
10712
11023
9428
8754
8460
6213
2155
-1230
-2763
-4348
-6132
-7053
-6609
-5651
-4927
-3684
-1661
590
1690
1524
1250
1335
978
-370
-1627
-1250
-474
-1037
-1469
220
3111
4086
4137
5369
7091
6859
4985
4544
4158
2036
-1120
-2796
-3136
-4041
-5071
-5376
-4367
-3298
-2692
-1923
-534
788
571
-367
-546
-499
-1348
-2908
-3573
-3511
-3718
-4125
-3607
-2239
-1287
-829
-126
1144
1447
634
-45
-624
-1674
-4001
-6007
-6284
-4772
-550
2062
2687
3842
8193
13167
13082
12518
13585
14144
9213
3236
2382
2018
-2198
-8811
-10135
-7850
-7995
-9436
-7625
-2318
-247
-1933
-1098
3097
5175
1741
-1150
-666
-1087
-4453
-7214
-5501
-3775
-4758
-5394
-2239
2747
5181
6156
8317
10994
11330
9542
8575
8338
6167
1808
-1809
-3235
-4559
-6215
-7197
-6760
-5670
-4867
-3541
-1445
833
1856
1565
1132
1381
1640
725
-561
-1093
-1230
-1690
-1794
-362
1836
3019
3177
4137
5925
6591
5922
5088
4564
2925
416
-1219
-2030
-3104
-4799
-5755
-5409
-4476
-3726
-2936
-1647
-557
-267
-292
-64
307
-180
-1579
-2591
-2766
-2964
-3432
-3424
-2783
-2268
-2175
-1718
-699
-12
-368
-925
-1370
-2082
-3679
-4797
-4316
-694
3180
3523
3319
5691
11263
13003
11221
11311
12873
11020
4266
1486
2526
931
-5488
-9759
-7732
-6272
-7988
-8720
-4860
-765
-1899
-3320
-386
3519
2507
-1565
-2060
-941
-2275
-5674
-5743
-2887
-2518
-3842
-2827
1733
5312
6072
6990
9370
10746
9407
7820
7614
6676
3324
-750
-2724
-3494
-4867
-6239
-6516
-5550
-4751
-4082
-2643
-560
724
703
234
128
165
-431
-1658
-1830
-484
77
49
800
3434
5389
5317
5498
6699
7094
5124
3455
2776
1455
-1225
-3544
-3933
-4110
-4647
-4942
-4146
-2642
-1795
-1462
-832
285
570
-458
-1250
-1371
-1700
-3051
-4216
-4167
-3674
-3609
-3517
-2383
-958
-163
92
602
1149
765
-571
-1832
-2752
-4470
-6021
-6509
-2860
2134
3264
2972
5163
11882
14808
12632
12211
14323
13182
5418
1081
2068
1087
-5884
-11715
-9575
-7047
-8594
-9693
-5477
-104
-588
-2504
103
4811
4239
-697
-2163
-985
-2118
-6449
-7457
-4348
-3353
-4772
-4079
921
5595
6756
7525
10145
12074
10947
8847
8153
7217
3722
-1089
-3698
-4506
-5781
-7254
-7510
-6303
-5076
-4051
-2477
-75
1659
1713
1031
720
1167
986
-299
-1447
-1727
-1583
-1731
-975
1097
2964
3695
4063
5561
6944
6959
5831
4651
3526
1365
-922
-2366
-3168
-4400
-5892
-6282
-5341
-4095
-3293
-2432
-1209
-244
26
-11
337
344
-600
-1874
-2581
-2707
-3063
-3465
-3343
-2776
-2339
-2137
-1463
-617
-368
-617
-1327
-1954
-3007
-3855
-4260
-2359
2404
4278
3717
4021
9067
13595
12013
10272
11498
12633
7069
1346
1570
2438
-2095
-9110
-9193
-5902
-6206
-8606
-7139
-1761
-591
-3207
-2531
2011
3691
-584
-3297
-1928
-1219
-4383
-6684
-4150
-1906
-2798
-3530
1
4956
6629
6581
8171
10517
10384
8175
7201
6950
4701
423
-2509
-3261
-4175
-5544
-6416
-5829
-4904
-4278
-3139
-1449
156
568
11
-396
54
603
253
-515
-790
-274
259
648
1881
3428
4185
3924
4285
5333
5475
4360
2996
2255
1049
-678
-1831
-2192
-2824
-3854
-4456
-4017
-3055
-2447
-2316
-2029
-1438
-1108
-1323
-1388
-1080
-1370
-2294
-2878
-2493
-2136
-2343
-2352
-1788
-1252
-1368
-1295
-967
-922
-1681
-2832
-3833
-4646
-4801
-3857
585
4454
4926
4547
7542
13556
14251
11719
11136
12594
9478
2204
137
1465
-560
-7853
-11029
-7420
-5673
-7590
-7839
-3017
496
-1742
-2899
649
4099
1305
-3221
-3185
-1842
-3660
-7061
-5976
-2709
-2399
-3592
-1426
4118
7292
7332
8046
10392
11201
9026
7231
6978
5484
1367
-2493
-3598
-4055
-5218
-6290
-6008
-4871
-4038
-3090
-1555
273
914
245
-313
221
637
-154
-1249
-1359
-1019
-987
-549
1039
2748
3424
3769
4518
5679
6019
5286
4196
3235
2051
171
-1317
-2023
-2716
-4008
-4855
-4495
-3650
-3203
-2838
-2069
-1363
-1212
-1174
-855
-637
-1023
-1850
-2392
-2477
-2451
-2606
-2585
-2324
-1972
-1754
-1332
-1067
-1190
-1521
-2231
-3036
-4296
-4818
-4237
-484
4014
4798
4350
6214
12271
14338
11716
11050
12647
11120
3721
309
1793
846
-5742
-10672
-7980
-5499
-7167
-8363
-4453
194
-1303
-3581
-700
3636
2355
-2688
-3433
-1547
-2469
-6312
-6445
-2839
-1875
-3435
-2513
2636
6642
6935
7206
9503
11140
9446
7246
7125
6379
2817
-1605
-3148
-3361
-4474
-5845
-6013
-4869
-4157
-3584
-2288
-362
727
213
-596
-697
-514
-1144
-1872
-958
62
27
108
1982
4533
5157
5176
5526
6167
5392
4026
3155
1964
404
-1781
-2945
-3174
-3070
-3301
-3635
-2929
-1862
-1402
-1253
-673
-295
-1065
-2040
-2429
-2538
-3087
-3987
-4289
-4092
-3492
-3088
-2360
-1084
-23
219
8
343
300
-1098
-2600
-3910
-4767
-5890
-4312
1549
4333
3884
3909
9634
15279
13922
11918
12985
14437
8051
969
816
1874
-2892
-11129
-11511
-7405
-7353
-9828
-7894
-1207
404
-2662
-1821
3443
5411
433
-2881
-1667
-1171
-4819
-7722
-5008
-2493
-3634
-4675
-586
5328
7259
7228
9091
11763
11425
8810
7787
7580
4889
-90
-3388
-4093
-4954
-6392
-7255
-6305
-5022
-4138
-2882
-746
1168
1438
668
8
-5
-411
-1583
-2173
-1033
-199
-424
-27
2511
4938
5094
5104
6112
6798
5381
3775
2967
1746
-525
-2851
-3470
-3525
-3895
-4326
-3993
-2681
-1613
-1285
-1038
-174
65
-1107
-2087
-2293
-2523
-3606
-4624
-4415
-3857
-3482
-3000
-1790
-468
329
460
553
638
-32
-1520
-3295
-4658
-5747
-5430
-741
3269
3298
2851
6814
13638
14240
12079
12575
14784
10936
3039
1184
2558
-307
-8782
-12096
-8411
-7082
-9568
-9577
-3556
311
-2296
-2911
1944
5963
2477
-2140
-1644
-597
-3310
-7318
-6080
-3095
-3607
-5378
-2917
3114
6380
6558
7820
10952
11995
9702
8279
8405
6531
1777
-2347
-3469
-4384
-6078
-7200
-6772
-5741
-4881
-3532
-1508
701
1621
1454
1310
1609
1685
609
-737
-1333
-1715
-2005
-1942
-770
853
1768
2328
3397
5077
5829
5586
5021
4491
3336
1418
-96
-1060
-2350
-4057
-5112
-5026
-4520
-4145
-3660
-2789
-1802
-1298
-1060
-702
-405
-686
-1615
-2244
-2361
-2512
-2942
-3207
-2983
-2612
-2389
-2261
-1960
-1916
-2230
-2843
-3749
-4365
-3791
911
5276
5162
3876
6360
12770
13648
10586
10366
12670
10142
2197
-44
2408
1286
-6231
-10444
-6812
-4527
-6949
-8435
-3623
596
-2148
-4534
-733
3952
1393
-3905
-3700
-1485
-3042
-7017
-6020
-2101
-1890
-3882
-2455
3332
6797
6480
6819
9474
10915
8758
6841
7221
6398
2282
-1926
-2845
-2869
-4190
-5721
-5556
-4396
-3929
-3334
-1905
18
660
-36
-338
495
1028
90
-1062
-1056
-885
-1242
-1182
151
1588
1774
1941
2920
4341
4841
4375
3885
3530
2746
1176
-38
-415
-1177
-2758
-3877
-3634
-3070
-3280
-3506
-2950
-2385
-2404
-2497
-2093
-1630
-1918
-2539
-2713
-2214
-1965
-2213
-2316
-1837
-1645
-1838
-1843
-1750
-2185
-3021
-4002
-4675
-5354
-3409
2679
5795
4803
4160
9399
15095
13488
10771
11827
13424
7383
248
529
2544
-1703
-10109
-10735
-6150
-5758
-8643
-7423
-862
790
-3090
-3057
2494
4961
-348
-4049
-2324
-1320
-4957
-7961
-4894
-2100
-3448
-4754
-816
5248
7046
6525
8223
11325
11189
8391
7536
7832
5460
370
-2858
-3014
-3711
-5539
-6661
-5676
-4505
-4076
-3061
-867
1183
1379
710
782
1591
1493
107
-1119
-1278
-1414
-1917
-1798
-283
1218
1528
1834
3345
5124
5460
4925
4587
4437
3258
1341
247
-487
-1951
-3735
-4555
-4155
-3781
-3813
-3571
-2763
-1930
-1744
-1591
-1047
-724
-1333
-2071
-2101
-1803
-2096
-2745
-2753
-2363
-2319
-2612
-2408
-1850
-2040
-3122
-3898
-4190
-4431
-1409
4318
6424
4817
4783
10765
14910
12354
10093
11989
12362
5179
-255
1221
2656
-3111
-10295
-8926
-4887
-5642
-8499
-5841
173
-206
-3988
-2473
3355
3749
-2019
-4135
-1805
-1613
-5843
-7201
-3425
-1721
-3768
-4060
888
5891
6538
6172
8559
11183
10201
7717
7571
7775
4671
-252
-2395
-2271
-3330
-5330
-6076
-5028
-4248
-3988
-2840
-679
913
912
435
801
1525
1389
-7
-1023
-1151
-1262
-1670
-1456
39
1186
1312
1503
3200
4889
5026
4470
4306
4220
2914
1300
476
-257
-1694
-3560
-4223
-3822
-3584
-3805
-3772
-3030
-2357
-2266
-2119
-1435
-979
-1466
-1971
-1933
-1598
-1699
-2279
-2272
-2097
-2214
-2330
-2537
-2693
-2928
-3724
-4510
-5784
-3347
3384
6567
4996
4068
10005
15499
13287
10400
12346
14293
7252
-131
718
3407
-1267
-10123
-10169
-5248
-5242
-8911
-7420
-240
1016
-3487
-3492
2829
5211
-784
-4357
-1955
-668
-5194
-8297
-4601
-1759
-3860
-5599
-1160
5002
6381
5677
7709
11321
11087
8151
7719
8729
6530
990
-2128
-1923
-2633
-5069
-6494
-5334
-4354
-4365
-3589
-1176
1020
913
-38
38
767
425
-1040
-1274
-163
-144
-1082
-569
1940
3276
2851
2900
4327
5172
4196
3405
3273
2798
967
-803
-992
-869
-1568
-2837
-2941
-2078
-1830
-2313
-2271
-1517
-1791
-2944
-3166
-2743
-2751
-3629
-4018
-3402
-2766
-2502
-2359
-1442
-383
-179
-593
-574
-514
-1433
-2992
-4102
-5195
-5441
-854
3912
4343
2906
6077
13280
14376
11609
11791
14940
11909
3542
1163
3380
1433
-7270
-11644
-8034
-6305
-9310
-10410
-4315
359
-2390
-4062
970
6267
3040
-1989
-1022
985
-2054
-6995
-5858
-2577
-3641
-6417
-4539
1588
4764
4488
5841
9830
11745
9703
8560
9665
8848
4031
-443
-1362
-2074
-4594
-6930
-6850
-5843
-5587
-5051
-2986
-209
1367
1547
1752
2756
3368
2343
577
-239
-626
-1751
-2839
-2313
-866
-438
-453
823
3239
4745
4880
5142
5723
5328
3668
2225
1508
221
-2105
-4082
-4569
-4533
-4873
-5121
-4525
-3513
-3048
-2631
-1685
-769
-536
-978
-1128
-973
-1234
-1853
-2319
-2408
-2748
-3461
-3699
-3599
-3727
-4699
-5326
-5527
-1582
4691
6729
5585
5963
12406
15733
12812
10806
13127
13195
4871
-575
1196
2516
-3844
-10973
-8792
-4888
-6161
-8950
-5549
1073
105
-3947
-2211
4050
4080
-2201
-3991
-1336
-1427
-6524
-7908
-3578
-1877
-4455
-5056
410
5698
6010
5785
8528
11645
10258
7641
8029
8612
5499
130
-1846
-1573
-2993
-5516
-6160
-4831
-4365
-4464
-3072
-467
1112
696
597
1734
2491
1680
72
-166
-586
-1718
-2468
-1742
-407
-246
-77
969
2878
4127
4478
4742
5178
4978
3694
2497
1955
895
-1240
-3139
-3524
-3697
-4467
-4883
-4341
-3597
-3627
-3429
-2630
-1613
-1300
-1615
-1635
-1228
-1191
-1811
-2181
-2060
-2152
-3016
-3681
-3629
-3512
-4271
-5272
-5838
-1906
4486
6572
5475
6097
12562
15903
13077
11187
13555
13531
5386
-244
1243
2430
-3830
-10905
-9102
-5267
-6578
-9353
-6001
533
-15
-3812
-2029
4131
4192
-1768
-3584
-1141
-1339
-6344
-7719
-3764
-2223
-4694
-5100
119
5130
5668
5809
8798
11710
10478
8026
8499
9022
5710
399
-1555
-1547
-3204
-5827
-6384
-5049
-4676
-4904
-3583
-576
1560
1671
1236
1802
2864
2292
385
-626
-629
-1690
-3491
-3262
-1216
-254
-703
111
2686
4673
4843
5098
6057
6047
4412
2645
2021
1131
-1123
-3574
-4470
-4334
-4848
-5576
-5040
-3742
-3287
-3450
-2591
-1103
-389
-945
-1303
-1022
-1047
-1869
-2788
-2879
-3091
-3874
-5061
-5142
-4806
-5148
-6484
-3187
4176
7211
5831
5831
12820
17095
14068
11146
13391
14503
6505
-244
667
2487
-3349
-11168
-9778
-5373
-6269
-9617
-6735
465
527
-3446
-2291
3892
4553
-1601
-3853
-1359
-1269
-6361
-8403
-4483
-2414
-4694
-5499
-438
5057
5777
5673
8548
12048
11012
8393
8625
9215
6308
902
-1362
-1534
-3092
-5801
-6610
-5428
-4878
-4999
-3880
-945
1584
1749
1088
1792
3172
2644
242
-789
-709
-1775
-3721
-3568
-1522
-728
-1216
-190
2779
4652
4803
5194
6283
6487
4916
3171
2501
1537
-967
-3653
-4426
-4259
-5004
-5967
-5447
-4137
-3812
-3823
-2681
-951
-462
-1101
-1235
-585
-655
-1754
-2756
-2898
-3258
-4561
-5592
-5694
-5430
-6745
-6008
973
6200
6456
5088
10101
17076
16164
12606
13084
16179
10599
1770
278
2772
-304
-9516
-11468
-6737
-5724
-9217
-9119
-1664
1354
-2540
-3600
2048
5810
510
-3712
-2040
-499
-4705
-8828
-6063
-2837
-4269
-6381
-2888
3453
5504
5201
7448
11565
12166
9279
8832
10073
8488
2980
-635
-803
-1906
-4895
-6762
-5815
-4951
-5412
-4884
-2183
835
1778
1103
1436
2962
3255
1159
-504
-463
-1291
-3551
-4392
-2463
-950
-1554
-1315
1309
3878
4609
4999
6383
7087
5863
3978
3234
2623
505
-2500
-4277
-4281
-4893
-6124
-6251
-4993
-4194
-4368
-3453
-1510
-430
-840
-1107
-508
-451
-1326
-2253
-2696
-3267
-4810
-5777
-5954
-5879
-7450
-5830
1424
5777
5572
4851
11275
17435
15756
12590
14133
16675
9810
1837
1293
3149
-1548
-10437
-10902
-6512
-6537
-9977
-8588
-1021
682
-3021
-2780
3374
5591
-267
-3324
-1234
-663
-5780
-9153
-5995
-3774
-5844
-7003
-2423
3370
4662
4993
8014
12102
12135
9710
9870
10794
8320
2867
67
-301
-2225
-5506
-6809
-5778
-5482
-5874
-4687
-1527
1089
1320
1043
1979
3372
2739
548
-481
-712
-2253
-4447
-4249
-2433
-1993
-2428
-1021
1964
3921
4453
5412
6773
6874
5461
4114
3522
2363
-293
-3069
-3928
-4191
-5189
-6233
-5691
-4457
-4361
-4322
-2899
-1095
-660
-1345
-1292
-573
-836
-1938
-2719
-3006
-3751
-5189
-5930
-5984
-6068
-7649
-5010
1973
5514
5068
5192
12286
16951
14770
12293
14683
16114
8522
1845
2010
3282
-2556
-10576
-9644
-5944
-6976
-10246
-7590
-467
-112
-3600
-2313
3915
4496
-1160
-3151
-909
-1193
-6634
-8831
-5389
-3921
-6399
-7002
-1986
3102
3903
4610
8062
11828
11209
9262
10078
10902
8038
2812
619
225
-1998
-5199
-6220
-5284
-5246
-5843
-4578
-1081
1270
976
660
2130
3464
2131
28
-451
-755
-2992
-5008
-4088
-2335
-2438
-2906
-1040
1978
3586
4085
5244
6716
6635
4947
3761
3573
2340
-691
-3157
-3610
-3913
-5282
-6065
-5128
-4051
-4263
-4079
-2397
-871
-843
-1439
-1230
-745
-1224
-2408
-2922
-3184
-4139
-5641
-6126
-5761
-5960
-7726
-5109
1958
5307
4763
4976
11807
16191
14136
11852
14228
15515
8259
2002
2144
3393
-2230
-9653
-8752
-5463
-6616
-9619
-6869
-437
-302
-3360
-2115
3528
3770
-1445
-3125
-1204
-1757
-6792
-8616
-5401
-4157
-6354
-6780
-1992
2689
3455
4287
7692
11215
10455
8675
9427
10201
7533
2755
854
453
-1719
-4668
-5662
-4660
-4603
-5212
-4015
-773
1164
687
598
2020
2985
1560
-370
-780
-1254
-3265
-4798
-4054
-2591
-2612
-2709
-896
1936
3518
3989
5016
6209
6148
4641
3529
3246
1890
-830
-2970
-3427
-3635
-4811
-5388
-4674
-3761
-3799
-3456
-2049
-924
-904
-1433
-1364
-1164
-1591
-2569
-3168
-3532
-4462
-5687
-5893
-5767
-5963
-7667
-5139
1497
4767
4696
4934
11265
15368
13601
11743
14009
15195
8261
2364
2515
3328
-1868
-8791
-7946
-5109
-6436
-9183
-6448
-404
-524
-3422
-2204
3012
3148
-1690
-3105
-1323
-2180
-6941
-8512
-5279
-4162
-6333
-6466
-1853
2367
3110
4185
7560
10677
9864
8310
9190
9874
7174
2788
969
635
-1472
-4200
-4907
-4058
-4270
-4883
-3869
-882
1363
811
390
1509
2723
1427
-656
-841
-1027
-3117
-5150
-4128
-2262
-2514
-2920
-1086
1954
3224
3560
4837
6206
6081
4360
3355
3244
2205
-542
-2874
-3190
-3362
-4610
-5318
-4454
-3440
-3735
-3630
-2047
-695
-701
-1347
-1212
-949
-1516
-2632
-3228
-3459
-4311
-5752
-6340
-5996
-5895
-7382
-6742
-369
4226
4824
4322
9107
14855
14315
11865
12871
15480
10762
3538
2053
3420
304
-7257
-8767
-5311
-5325
-8276
-7634
-1533
484
-2458
-2803
1849
3938
-418
-3441
-2099
-1637
-5715
-8935
-6615
-4287
-5700
-6972
-3457
1711
3222
3644
6453
10211
10452
8470
8642
9704
8063
3768
1089
759
-713
-3438
-4723
-3824
-3452
-4146
-3805
-1516
1281
1629
758
1099
2398
1894
-463
-1433
-1325
-2588
-4991
-4955
-2772
-2077
-2612
-1590
1308
3230
3624
4514
5900
6097
4580
3242
2935
2172
-67
-2477
-3120
-3001
-3923
-4995
-4375
-3145
-3226
-3404
-2261
-734
-557
-1371
-1388
-1075
-1487
-2644
-3434
-3610
-4101
-5480
-6247
-6028
-5819
-7209
-6403
-101
4337
4863
4084
9058
14628
14021
11699
12688
15001
10015
3227
2102
3520
421
-6955
-8144
-4969
-4846
-7631
-6848
-924
617
-2490
-3073
1539
3331
-1233
-4020
-2703
-2414
-6465
-9165
-6398
-4118
-5513
-6483
-2795
2188
3764
4150
6857
10267
10224
8066
8221
9261
7465
3125
734
586
-783
-3211
-4199
-3154
-2792
-3388
-2961
-791
1544
1517
546
735
1560
862
-1320
-2086
-2048
-3216
-5202
-4845
-2446
-1685
-1910
-779
2129
3817
3851
4740
5875
5884
4222
2896
2634
1771
-451
-2642
-3051
-3030
-3867
-4572
-3866
-2755
-2981
-3226
-2079
-824
-949
-1743
-1692
-1475
-2052
-2980
-3426
-3577
-4235
-5508
-5720
-5520
-5469
-6964
-5339
835
4569
4749
4351
9765
14398
13369
11129
12685
14408
8781
2759
2223
3511
-344
-7172
-7294
-4299
-4615
-7434
-5935
-246
490
-2702
-2789
1804
2658
-2109
-4488
-2990
-3014
-7230
-9201
-6108
-4054
-5463
-5893
-1687
2912
4061
4496
7306
10332
9579
7529
7809
8592
6382
2084
307
381
-952
-3236
-3614
-2267
-2087
-2812
-2242
11
1960
1333
183
275
961
-120
-2387
-2838
-2619
-3868
-5607
-4539
-1937
-1137
-1312
147
3052
4347
4229
4950
5937
5533
3540
2258
2049
1158
-1001
-2893
-3031
-2766
-3519
-4071
-3121
-2071
-2519
-2942
-1916
-885
-1341
-2427
-2485
-2235
-2981
-3981
-4237
-3961
-4555
-5732
-5848
-5374
-5428
-6771
-3012
3057
5495
4407
5450
11903
14558
12305
10722
13411
12941
5883
1607
2557
3135
-2613
-7917
-5934
-3470
-4963
-7379
-3766
816
-557
-3680
-2004
2403
698
-4221
-5031
-3194
-4510
-8763
-8445
-4831
-3887
-5398
-4361
826
4309
4587
5425
8493
10396
8506
6895
7678
7774
4532
715
93
335
-1289
-3077
-2608
-1305
-1573
-2068
-1005
1085
2030
659
-349
-160
-54
-1774
-3518
-3472
-3477
-4725
-5607
-3551
-1100
-758
-588
1401
4031
4592
4408
5262
5771
4659
2635
1778
1608
355
-1841
-3096
-2678
-2651
-3435
-3519
-2454
-1929
-2628
-2591
-1440
-1064
-2054
-2925
-2818
-2863
-3730
-4674
-4702
-4601
-5345
-6089
-6164
-5671
-6252
-2973
2365
5511
5400
5922
11302
14488
13193
11198
12853
12597
6476
1864
2115
2882
-1884
-7149
-6016
-3480
-4184
-6245
-3555
768
4
-3113
-2254
1587
600
-4307
-5839
-4161
-4925
-8740
-8873
-5057
-3556
-4854
-3953
1013
4869
5192
5836
8541
10238
8488
6577
6962
7101
4159
448
-213
231
-1049
-2560
-2042
-549
-776
-1421
-474
1456
1752
32
-1080
-766
-548
-2447
-4049
-3837
-3420
-4450
-5132
-2941
-493
-160
-267
1773
4167
4408
3855
4442
5176
3864
1957
1380
1540
519
-1514
-2343
-1817
-1718
-2736
-3079
-2084
-1776
-2856
-3119
-2065
-1632
-2826
-3792
-3167
-2980
-3873
-4729
-4431
-4186
-5067
-6128
-6046
-6048
-5695
-1095
3380
5228
4545
7089
12623
14360
12322
11465
13581
11078
4717
1855
3035
2183
-4173
-7348
-4823
-3089
-5085
-6037
-1815
1155
-1212
-3698
-1030
1980
-1173
-5696
-5755
-3996
-6206
-9731
-7948
-4086
-3739
-5178
-2559
3134
5765
5371
6511
9712
10151
7430
6166
7044
6347
2407
-520
-143
202
-1471
-2531
-1064
206
-605
-1094
431
1965
1440
-401
-1133
-1078
-1785
-3599
-4560
-4069
-4092
-4822
-4436
-1970
163
440
915
2968
4670
4511
4155
4777
4773
3013
1165
847
658
-560
-2016
-2287
-1712
-1757
-2300
-2065
-1254
-1460
-2493
-2598
-1862
-2084
-3325
-4057
-3800
-3827
-4615
-5301
-4954
-4568
-5272
-6085
-6271
-6237
-2000
2624
4812
4824
6172
10966
13213
12329
11119
12709
11509
5666
2130
2582
3125
-1719
-6254
-4929
-2786
-3633
-5350
-2474
1086
-311
-3526
-2600
936
-533
-5220
-6745
-5160
-5723
-9039
-8728
-4794
-2904
-4052
-3193
1877
5766
5957
5952
8321
9700
7463
5352
5728
6095
3296
-246
-656
313
-199
-1346
-656
910
746
-283
168
1779
1728
-334
-1879
-2008
-2232
-3826
-5005
-4547
-4035
-4557
-4482
-2105
469
1099
1177
2653
4476
4552
3766
3920
4138
2819
910
363
585
-68
-1447
-1924
-1206
-1069
-1673
-1749
-1043
-1067
-2351
-2997
-2441
-2329
-3465
-4406
-4205
-3959
-4716
-5159
-4718
-4288
-5133
-6062
-6365
-5686
-1026
2979
4812
4563
6580
11269
12964
11960
11217
12790
10593
4809
1912
2912
3080
-2166
-5825
-4322
-2347
-3423
-4753
-1538
1355
-664
-3843
-2488
696
-1236
-5865
-7035
-5451
-6321
-9265
-8254
-4112
-2539
-3753
-2504
2649
6243
6124
6163
8298
9146
6740
4695
5375
5579
2640
-580
-541
639
142
-711
268
1746
1162
97
631
1785
1145
-1028
-2422
-2592
-2953
-4274
-4865
-4152
-3618
-3801
-3279
-918
1273
1730
1733
2841
4133
3980
3177
3202
3358
2226
634
386
885
412
-732
-1070
-448
-374
-1104
-1373
-1069
-1489
-2751
-3473
-3096
-2911
-3828
-4567
-4204
-3678
-4018
-4494
-4007
-3547
-4260
-5420
-5771
-5996
-2360
2054
4169
4152
5035
9655
12490
12121
10835
12249
11598
6229
2206
2388
3501
-651
-5594
-5148
-2716
-2882
-4663
-2620
1098
331
-3192
-3168
208
-197
-4692
-7051
-5756
-5546
-8383
-8671
-4765
-2184
-2990
-2855
1526
5899
6429
5837
7380
8829
6901
4458
4542
5238
3196
-177
-825
596
735
-203
256
1812
1727
276
142
1244
1131
-1071
-2869
-3079
-3075
-4134
-4870
-3994
-3041
-3098
-2913
-924
1503
2180
1795
2389
3565
3488
2499
2304
2598
1884
447
87
933
1045
70
-467
-74
43
-732
-1296
-1182
-1561
-2950
-3960
-3743
-3279
-3730
-4366
-4077
-3416
-3365
-3675
-3286
-2897
-3322
-4609
-5295
-6255
-4130
415
3276
3924
3872
7675
11513
12077
10795
11573
12170
7866
3011
1906
3337
810
-4586
-5604
-3197
-2418
-4163
-3307
530
1233
-2014
-3368
-491
450
-3466
-6888
-6331
-5320
-7552
-8860
-5608
-2109
-2090
-2683
538
5326
6749
5861
6475
8112
6949
4052
3279
4291
3504
286
-974
475
1427
805
820
2272
2624
1083
-29
743
1174
-783
-3028
-3718
-3329
-3891
-4743
-3977
-2563
-2081
-2178
-760
1628
2662
2018
1850
2839
3054
2044
1535
1960
1874
714
18
854
1560
854
48
156
431
-364
-1432
-1586
-1754
-2831
-4181
-4111
-3220
-3153
-3645
-3444
-2647
-2408
-2841
-2743
-2325
-2544
-3961
-4969
-5639
-6010
-2591
1574
4004
3886
5172
9624
12331
11635
10422
11618
10287
5084
1125
1503
2277
-1886
-5784
-4639
-1890
-2130
-3281
-756
2389
979
-2592
-2349
115
-1292
-5816
-7658
-6011
-6053
-8285
-7399
-3010
-420
-1179
-472
3823
7137
6555
5365
6297
6654
4117
1661
2028
3087
1535
-617
-62
1974
2461
1940
2613
3598
2688
475
-302
247
-502
-2782
-4531
-4397
-3802
-4005
-3745
-2234
-817
-642
-505
1009
2714
2532
1370
1225
1836
1495
669
778
1591
1460
552
705
1784
2094
1163
315
280
-121
-1301
-2267
-2461
-2769
-3805
-4286
-3447
-2417
-2349
-2608
-2120
-1486
-1698
-2395
-2477
-2453
-3268
-4851
-5553
-6226
-4845
-555
2961
4636
4902
7647
11069
11947
10627
10167
10139
6510
1760
-231
824
-48
-3663
-4620
-2237
-537
-1213
-652
2109
2743
-505
-2975
-1964
-1589
-4533
-7706
-7505
-6164
-6813
-6994
-3864
48
1044
692
2505
5631
6298
4751
4173
4511
3304
886
289
1791
2403
1266
1047
2655
3996
3868
3524
3775
3058
744
-1020
-1164
-1186
-2680
-4337
-4488
-3509
-2796
-2447
-1213
-10
280
-116
233
1430
1618
635
-88
184
561
502
737
1626
2122
1683
1395
1869
2208
1513
278
-486
-935
-1705
-2473
-2738
-2611
-2726
-2961
-2574
-1774
-1226
-1356
-1633
-1748
-2122
-2838
-3273
-3499
-3989
-4763
-5165
-5594
-5017
-1172
3119
5419
5645
6877
9823
10784
9459
8253
8355
6032
1661
-926
49
968
-1215
-2521
-870
1123
730
162
1709
2589
-37
-3584
-4071
-3311
-4755
-7342
-7447
-5474
-4803
-4841
-2623
1012
2545
1878
1941
3663
4319
2864
1733
1888
1740
367
-122
1533
3344
3538
3276
4085
4963
4694
3621
2795
1854
-292
-2276
-2769
-2148
-2079
-2792
-2888
-1879
-771
-363
64
524
350
-666
-1377
-911
-358
-515
-792
-233
773
1461
1987
2679
3147
2605
1608
942
632
-77
-1116
-1840
-2002
-2017
-2078
-1787
-1150
-706
-846
-875
-837
-993
-1583
-2387
-3016
-3464
-3919
-4186
-3913
-3548
-3422
-3519
-3505
-3463
-1391
2149
4692
5253
5244
6707
7938
7661
6519
6465
5914
3196
773
601
2084
1542
-159
-227
936
1116
19
122
693
-310
-3107
-4714
-4049
-3921
-4961
-5529
-4403
-3178
-3025
-2299
-148
1436
1222
635
982
1820
1757
1211
1335
1690
1620
1485
2224
3599
4277
3996
3647
3561
3194
2417
1472
492
-631
-1481
-2064
-1427
-373
-73
-467
-708
-304
-259
-521
-999
-1270
-1868
-2546
-2194
-1303
-216
339
965
1748
2401
2779
2734
2445
1641
548
-580
-1109
-1282
-1490
-1436
-1321
-1025
-614
-275
7
47
-298
-886
-1505
-2138
-2645
-3039
-3329
-3517
-3447
-3211
-2745
-2351
-2076
-2166
-2384
-3048
-3217
-1204
1680
3532
3870
4619
6308
7253
6981
6512
6678
5437
2832
975
1012
1363
314
-398
-23
601
297
120
833
762
-787
-2764
-3445
-3626
-4327
-4809
-4388
-3697
-3557
-2923
-1198
406
860
745
1077
1459
1111
760
1118
1537
1141
869
1653
2775
3407
3525
3791
3895
3181
2236
1662
1261
245
-664
-571
-186
-158
-397
-292
-293
-658
-1136
-1310
-1353
-1726
-2074
-2114
-1554
-900
-216
673
1377
1907
2003
2053
1855
1351
625
-178
-676
-1016
-1107
-959
-537
-134
1
131
123
-22
-376
-827
-1276
-1799
-2236
-2649
-2823
-2841
-2852
-2740
-2553
-2334
-2170
-2194
-2403
-2680
-3088
-3828
-2979
-353
2119
3525
4337
5785
7016
7069
6458
6130
5473
3405
1289
423
956
847
343
713
1460
1587
905
985
1176
-41
-2236
-3778
-4054
-4404
-5009
-4669
-3423
-2560
-2293
-1336
347
1170
726
225
301
228
-297
-252
543
1305
1414
1802
2851
3916
4261
3870
3576
2913
1884
791
241
53
-152
39
448
812
836
708
370
-323
-1117
-2014
-2655
-2853
-2815
-2448
-1811
-752
340
1301
2084
2503
2522
1943
1104
203
-449
-1029
-1330
-1173
-756
-125
403
913
1087
930
383
-350
-1030
-1530
-1879
-2250
-2299
-2254
-2168
-1991
-1752
-1647
-1866
-2137
-2454
-2836
-3170
-3616
-3744
-4180
-3627
-1244
1617
3652
4639
5734
6738
6766
5773
4803
4311
2847
1022
32
741
1654
1679
2010
2710
2856
1854
945
477
-414
-2441
-4273
-4531
-4333
-4110
-3640
-2322
-1055
-860
-780
-152
320
-173
-1071
-1443
-1343
-1099
-639
556
2008
2845
3188
3557
4044
4049
3277
2353
1573
629
-3
-264
239
885
1399
2039
2404
2283
1623
640
-710
-1933
-3028
-3796
-3778
-3130
-2186
-1257
-51
1057
1872
2211
2070
1634
827
-74
-790
-1128
-1030
-855
-308
374
950
1222
1146
771
117
-715
-1550
-1886
-1888
-1673
-1460
-1127
-693
-500
-613
-955
-1472
-2146
-2953
-3557
-3958
-3948
-3778
-3273
-2928
-2556
-665
1651
3271
4157
4603
5082
4804
3937
3499
3970
3837
2629
1492
1638
2523
2381
1953
1963
1749
613
-631
-874
-658
-1333
-2717
-3021
-2505
-2324
-2311
-1874
-987
-1052
-1901
-2014
-1304
-1006
-1328
-1295
-607
56
368
1194
2403
2978
2739
2361
2331
2401
2006
1595
1472
1282
813
597
1162
1913
2477
2214
1604
936
150
-687
-1599
-2065
-2339
-2693
-2564
-1761
-616
-15
229
402
635
702
470
405
325
115
-278
-320
129
601
781
718
680
374
-66
-582
-947
-1130
-1394
-1359
-1089
-680
-289
-158
-293
-751
-1350
-1984
-2487
-2759
-2956
-2982
-3026
-2772
-2432
-2016
-1891
-1959
-990
592
1778
2506
3232
3946
4112
3717
3481
3692
3463
2565
2027
2045
2281
2012
1844
2029
1706
887
184
-61
-433
-1116
-1882
-2095
-2040
-2130
-1928
-1490
-1094
-1072
-1296
-1283
-1125
-1167
-1196
-1072
-704
-254
288
1022
1754
2185
2328
2281
2161
1960
1716
1485
1274
1156
1026
1197
1612
2291
2837
2632
1966
1151
380
-501
-1403
-1913
-2146
-2232
-1920
-1219
-497
100
384
405
316
259
109
-94
-195
-207
-194
-77
175
466
670
647
483
139
-331
-746
-982
-1010
-890
-592
-281
29
136
59
-244
-845
-1594
-2170
-2516
-2797
-2834
-2680
-2457
-2089
-1897
-1658
-1795
-1564
-319
968
1519
1996
2804
3504
3519
3227
3316
3570
3012
2211
2145
2377
2290
1801
1706
1935
1448
546
175
161
-332
-1215
-1722
-1592
-1497
-1706
-1479
-960
-821
-1108
-1281
-1117
-1039
-1201
-1238
-963
-564
-136
332
1116
1726
2005
2014
1942
1879
1681
1409
1276
1257
1181
1242
1677
2315
2720
2482
1890
1106
333
-388
-934
-1383
-1638
-1646
-1510
-904
-262
105
196
171
149
16
-184
-148
-76
-17
127
230
465
693
686
513
365
112
-199
-494
-683
-637
-445
-109
206
367
319
68
-330
-895
-1514
-2012
-2316
-2286
-2143
-1979
-1763
-1662
-1500
-1431
-1585
-2100
-1880
-692
510
1107
1805
2928
3569
3364
3132
3314
3281
2234
1464
1674
2178
2107
1862
2191
2290
1660
759
551
387
-482
-1446
-1701
-1383
-1412
-1498
-1008
-441
-484
-772
-856
-860
-1228
-1561
-1361
-991
-481
42
738
1434
1766
1818
1772
1651
1393
1128
986
994
1113
1406
2107
2825
2908
2765
2456
1603
443
-437
-1060
-1491
-1734
-1597
-1121
-705
-340
-59
64
41
-199
-417
-526
-469
-351
-217
55
328
503
462
383
302
13
-282
-495
-605
-546
-373
-129
184
475
530
295
-124
-581
-1180
-1787
-2163
-2198
-2104
-1903
-1554
-1208
-1175
-1264
-1369
-1641
-2078
-1859
-841
148
617
1303
2295
2956
2922
2724
2806
2531
1802
1311
1484
1908
1975
1870
2148
2333
1828
1110
646
169
-527
-1169
-1351
-1221
-1137
-1054
-743
-432
-402
-606
-875
-1018
-1299
-1473
-1380
-1047
-583
110
709
1164
1423
1449
1413
1241
1136
1013
906
943
1223
1859
2639
2928
2730
2473
1914
1021
109
-416
-820
-1235
-1343
-986
-518
-349
-172
-56
-102
-316
-492
-586
-553
-445
-246
34
257
471
468
345
212
-15
-254
-477
-540
-502
-265
95
335
544
648
508
107
-416
-910
-1356
-1767
-1856
-1676
-1541
-1390
-1175
-1048
-1117
-1184
-1399
-1658
-1873
-1631
-737
262
987
1532
2105
2526
2492
2108
1938
1852
1484
1199
1303
1646
2032
2121
2166
2100
1659
1068
523
-101
-577
-807
-837
-775
-611
-368
-205
-197
-404
-593
-834
-1091
-1308
-1192
-901
-615
-207
342
801
997
1003
922
822
712
577
688
936
1110
1732
2482
2937
2871
2463
1891
1014
223
-374
-789
-918
-823
-682
-491
-250
-150
-215
-246
-379
-564
-660
-656
-480
-251
-22
281
360
263
38
-249
-370
-399
-442
-496
-393
-210
140
415
600
691
464
58
-417
-828
-1191
-1381
-1380
-1209
-1067
-973
-921
-929
-1040
-1151
-1268
-1382
-1446
-1513
-1290
-520
376
1040
1349
1636
1756
1493
1105
989
1102
1080
1130
1352
1586
1692
1686
1786
1681
1318
858
457
91
-289
-346
-182
-25
-36
-55
-68
-173
-415
-669
-750
-770
-798
-772
-603
-288
-43
179
375
538
544
437
264
293
366
588
825
1316
1907
2184
2122
1986
1832
1355
753
210
-112
-226
-247
-191
32
132
19
-154
-430
-615
-674
-724
-653
-478
-372
-184
-38
-36
-101
-236
-386
-416
-478
-453
-266
-199
-44
154
313
431
483
401
224
38
-219
-453
-598
-631
-617
-541
-555
-504
-515
-676
-757
-832
-962
-996
-850
-801
-765
-498
36
478
713
752
761
763
569
525
639
790
953
1146
1294
1375
1276
1118
1017
803
691
576
594
490
345
291
184
209
145
117
70
-112
-304
-439
-513
-433
-281
-77
84
154
240
228
192
173
190
327
429
480
660
793
917
1019
1017
923
739
562
338
197
128
151
275
323
248
104
-84
-247
-379
-479
-406
-308
-251
-170
-151
-256
-342
-274
-7
32
-170
0
276
-135
-432
-234
-150
-298
-379
50
246
126
48
71
-214
-626
-657
-438
-128
86
125
113
144
290
186
84
87
58
1
-147
-132
2
219
394
665
668
409
-11
-99
-44
-91
-79
123
388
489
580
577
338
33
-59
-131
-156
-65
214
427
515
514
523
458
349
311
259
305
338
333
381
444
498
506
393
275
74
-36
-51
-22
102
243
287
284
358
285
210
124
72
125
167
205
225
325
339
229
210
315
283
185
238
286
248
143
37
9
103
148
214
204
217
182
-14
-107
-82
-24
85
245
312
229
50
-54
-133
-266
-206
-79
49
169
328
432
408
205
-9
-19
-114
-95
20
212
316
331
283
185
111
-16
-27
16
-45
-127
-75
83
151
163
221
129
-44
-120
-64
-18
-107
-14
135
199
220
209
100
-1
-14
-31
-117
-192
-36
41
139
304
468
486
205
52
69
146
110
53
174
251
285
179
59
130
76
14
21
45
-11
-70
-14
77
56
47
62
122
94
14
15
14
-94
-167
8
223
315
214
210
93
8
-6
-71
-46
-77
-22
-86
10
209
132
67
-157
-241
-132
-41
89
154
49
-135
-203
-230
40
152
73
130
226
17
-336
-318
26
208
220
228
288
188
11
-270
-222
-9
287
565
584
336
4
-238
-186
-14
111
-52
-170
-87
-10
141
137
18
-13
147
121
-199
-374
-341
-259
51
473
603
498
162
-263
-427
-303
-126
101
478
433
208
-49
-117
3
202
299
118
-172
-195
-10
11
-29
167
249
-35
-233
-54
75
-160
-171
-12
198
329
358
199
-7
-213
-253
-44
177
237
200
37
-143
-226
-129
72
179
156
29
-110
-283
-395
-231
223
398
177
-114
-108
-73
-158
-77
71
88
21
58
85
92
29
-227
-394
-229
-44
-89
-142
-126
-226
-309
-195
40
33
-136
-116
-107
-353
-477
-265
80
277
400
316
-41
-491
-689
-521
-253
44
190
75
-184
-265
-144
48
45
1
15
-75
-309
-355
-190
82
304
361
216
-71
-259
-184
-99
-207
-38
182
312
107
120
305
375
306
316
325
107
-34
-183
-120
-166
-177
-77
231
425
422
168
-5
-30
-159
-222
-198
13
194
449
593
459
293
51
-178
-389
-497
-384
-18
324
414
440
302
172
-43
-159
-161
-119
-75
-143
-109
27
119
241
459
422
39
-379
-654
-647
-531
-224
165
454
394
104
-310
-554
-462
-335
-276
-263
85
266
136
-150
-221
-159
-180
-280
-385
-205
-52
-8
41
38
217
90
-194
-269
-318
-254
-129
-140
-251
-144
88
163
-102
-501
-510
-247
-182
-314
-325
-95
35
33
21
10
51
-38
-157
-66
-214
-229
173
716
817
343
17
-137
-321
-428
-298
-42
92
221
252
191
-102
-301
-254
-181
-32
18
-70
-197
-161
-93
170
384
301
61
-59
-101
-253
-299
-116
73
222
217
84
-14
-136
-211
-323
-338
-299
-169
13
59
23
-111
-166
-267
-286
-202
-92
-60
-186
-346
-332
-213
-60
35
-138
-325
-369
-276
-100
106
239
202
-8
-175
-231
-151
85
221
158
50
8
-202
-518
-515
-364
-77
-76
-278
-341
-225
-190
-118
-97
-113
-94
-295
-470
-579
-358
-79
260
447
225
-235
-393
-410
-421
-215
142
196
21
22
168
195
153
58
-191
-283
-217
-48
40
89
169
229
-12
-299
-541
-697
-714
-573
-185
66
258
289
-22
-494
-786
-627
-295
-170
113
305
98
-208
-438
-309
-169
-166
-187
-199
-132
-79
-15
-14
-70
-119
13
121
-50
-320
-312
-283
-285
-124
66
-25
-408
-530
-395
-297
-312
-103
-48
-404
-562
-145
341
379
133
-73
-233
-487
-648
-417
2
223
314
365
398
259
-144
-345
-319
-237
-104
32
184
99
-111
-208
-84
75
-26
-361
-530
-520
-411
-154
114
312
319
173
-90
-322
-473
-363
-104
16
-10
-82
-62
-133
-209
-173
31
-33
-235
-337
-201
-95
-100
-26
65
37
-315
-572
-532
-370
-339
-159
106
103
-34
-239
-423
-624
-735
-618
-202
214
266
117
-49
-257
-501
-635
-386
-183
-267
-356
-89
172
184
188
153
-38
-294
-614
-728
-628
-224
239
456
483
170
-331
-621
-703
-443
-62
80
41
-35
-85
-161
-166
-153
-140
-150
-330
-605
-413
-68
33
43
249
280
28
-219
-509
-635
-565
-223
166
330
309
259
24
-236
-417
-416
-216
-104
29
-24
-50
-74
28
186
282
111
-325
-610
-609
-411
-130
146
368
353
211
30
-145
-246
-197
-124
-144
-118
9
254
224
52
-8
20
-143
-387
-432
-542
-491
-247
47
177
48
-214
-516
-651
-591
-424
-273
-141
-55
-114
-70
-17
-149
-313
-502
-490
-341
-296
-239
-69
-33
-27
-176
-214
-233
-310
-304
-363
-306
-165
-117
-162
-5
88
16
-70
-198
-363
-424
-359
-251
-167
-55
20
-56
-228
-278
-208
-224
-374
-342
-89
57
71
-50
-194
-318
-126
-74
-218
-339
-337
-248
-257
-210
23
249
30
-300
-410
-331
-212
-187
-96
-62
-300
-535
-618
-570
-367
-153
-16
-129
-371
-446
-284
-122
-45
-70
-141
-191
-126
-68
20
143
196
155
-126
-469
-599
-487
-147
78
33
-79
-237
-328
-377
-319
-346
-394
-272
-166
-172
-218
-167
-205
-344
-352
-228
-173
-99
-155
-170
-13
15
-68
-170
-173
-293
-504
-354
-49
63
-76
-187
-260
-416
-456
-378
-261
-127
-73
-117
-260
-268
-165
-164
-186
-240
-319
-407
-357
-269
-174
-94
-98
-43
-87
-65
-85
-214
-357
-389
-350
-315
-281
-300
-250
-256
-166
-195
-206
-252
-325
-307
-299
-383
-427
-265
-165
-132
-194
-313
-413
-405
-250
-108
-64
-200
-381
-376
-265
-127
-134
-128
-143
-230
-330
-368
-353
-299
-180
-127
-194
-257
-284
-338
-363
-393
-315
-330
-328
-258
-270
-324
-337
-339
-349
-379
-389
-441
-478
-346
-127
-36
-140
-372
-506
-393
-384
-459
-363
-142
-1
-106
-193
-172
-251
-380
-447
-400
-282
-215
-183
-122
-64
-172
-369
-466
-573
-573
-407
-329
-230
-115
-154
-141
-131
-363
-631
-608
-487
-305
-95
-35
-74
-82
-112
-210
-262
-400
-524
-534
-483
-377
-278
-240
-238
-142
-203
-346
-421
-440
-453
-439
-294
-143
-77
-93
-39
-69
-205
-411
-402
-347
-310
-273
-181
-166
-255
-332
-345
-362
-394
-374
-369
-323
-244
-94
81
51
-95
-278
-426
-464
-421
-309
-208
-142
-109
12
-76
-64
-112
-206
-296
-350
-229
-41
-24
-158
-169
-271
-373
-485
-482
-407
-353
-288
-238
-189
-218
-248
-231
-265
-299
-284
-221
-207
-162
-138
-100
-109
-250
-290
-267
-276
-265
-274
-207
-99
-52
-101
-210
-342
-412
-471
-485
-455
-365
-323
-326
-245
-94
3
-70
-173
-339
-400
-404
-360
-239
-138
-119
-135
-146
-121
-149
-234
-294
-398
-511
-501
-337
-217
-86
-73
-177
-217
-305
-387
-412
-445
-408
-294
-202
-178
-18
22
-92
-203
-318
-346
-384
-307
-202
-201
-154
-129
-99
-60
-126
-179
-322
-365
-366
-389
-299
-301
-261
-218
-213
-254
-262
-297
-368
-340
-346
-371
-319
-267
-308
-266
-231
-194
-245
-365
-415
-381
-351
-305
-262
-209
-250
-227
-218
-255
-256
-265
-289
-327
-351
-321
-313
-283
-177
-142
-135
-153
-188
-308
-406
-431
-386
-373
-286
-222
-223
-199
-205
-171
-254
-349
-288
-304
-296
-297
-312
-256
-202
-214
-261
-255
-370
-343
-310
-239
-227
-269
-211
-175
-121
-137
-125
-126
-184
-241
-334
-381
-351
-248
-136
-124
-140
-208
-299
-306
-249
-302
-367
-386
-427
-355
-206
-119
-104
-144
-209
-256
-268
-330
-352
-340
-269
-193
-144
-143
-209
-199
-289
-379
-303
-314
-316
-253
-263
-212
-176
-232
-279
-312
-380
-424
-402
-306
-240
-243
-235
-164
-191
-201
-203
-213
-207
-253
-236
-286
-337
-320
-242
-241
-175
-175
-221
-274
-371
-401
-332
-311
-313
-203
-197
-243
-190
-217
-306
-329
-369
-345
-325
-260
-191
-120
-93
-158
-190
-173
-241
-259
-278
-260
-264
-262
-282
-219
-237
-289
-228
-234
-311
-318
-253
-292
-263
-295
-258
-173
-147
-202
-258
-275
-274
-305
-304
-251
-260
-206
-220
-247
-272
-277
-200
-123
-153
-233
-235
-224
-239
-274
-265
-228
-246
-311
-281
-278
-311
-303
-316
-241
-208
-179
-167
-202
-171
-243
-265
-310
-370
-316
-290
-323
-301
-282
-262
-214
-255
-220
-184
-186
-198
-166
-186
-214
-189
-160
-210
-255
-230
-283
-277
-245
-219
-195
-211
-228
-198
-151
-135
-122
-166
-237
-227
-220
-249
-271
-223
-238
-257
-281
-236
-268
-225
-183
-182
-205
-238
-196
-196
-154
-234
-248
-286
-301
-257
-269
-223
-226
-242
-236
-174
-238
-275
-219
-235
-206
-170
-184
-197
-244
-244
-275
-298
-317
-313
-259
-318
-329
-334
-366
-340
-301
-246
-280
-323
-257
-238
-244
-226
-294
-267
-266
-354
-297
-344
-291
-277
-309
-251
-186
-224
-225
-238
-276
-297
-287
-317
-391
-368
-332
-258
-244
-232
-259
-276
-281
-230
-276
-292
-249
-279
-256
-251
-181
-185
-192
-211
-262
-292
-274
-275
-277
-262
-238
-256
-274
-272
-248
-252
-251
-224
-298
-333
-300
-288
-285
-248
-301
-273
-265
-274
-330
-358
-342
-357
-345
-354
-282
-311
-311
-285
-295
-269
-292
-235
-225
-294
-297
-305
-321
-331
-359
-284
-253
-258
-233
-217
-200
-236
-241
-271
-313
-267
-277
-273
-268
-305
-327
-336
-294
-293
-298
-337
-392
-330
-333
-270
-277
-231
-222
-278
-304
-312
-330
-321
-342
-326
-312
-329
-260
-266
-255
-267
-246
-246
-308
-262
-283
-302
-244
-221
-280
-330
-295
-322
-319
-336
-382
-344
-308
-320
-260
-247
-199
-250
-271
-282
-296
-311
-338
-327
-348
-297
-309
-237
-197
-202
-216
-256
-262
-267
-278
-259
-265
-302
-291
-292
-277
-236
-272
-310
-333
-353
-297
-287
-324
-324
-358
-311
-263
-227
-252
-255
-274
-323
-303
-286
-273
-261
-212
-222
-250
-271
-217
-251
-262
-244
-304
-324
-352
-390
-342
-312
-323
-324
-352
-340
-350
-353
-335
-327
-282
-293
-303
-268
-264
-300
-305
-313
-311
-314
-309
-321
-312
-261
-266
-275
-301
-211
-175
-161
-231
-315
-323
-341
-297
-309
-284
-272
-235
-257
-249
-268
-269
-315
-370
-379
-381
-321
-361
-336
-268
-323
-295
-318
-351
-280
-285
-300
-266
-285
-332
-272
-283
