-43
-63
-36
-22
-42
-76
-72
-106
-53
-77
-112
-67
-77
-82
-98
-102
-118
-87
-36
-112
-81
-96
-68
-45
-11
-58
-75
55
8
22
-38
-72
-72
-81
-115
-55
-84
-91
-70
-27
-3
-46
-53
-115
-76
-34
-52
-84
-68
-76
-89
-124
-114
-94
-105
-96
-134
-84
-95
-122
-71
-127
-152
-117
-77
-45
-74
-90
-79
-96
-41
-59
-78
-67
-37
3
-56
-71
-71
-79
-73
-33
-27
-39
-29
-58
-53
-72
-71
-135
-118
-140
-142
-83
-105
-95
-85
-97
-114
-75
-115
-121
-111
-31
-82
-43
-31
-80
-40
-32
-74
-150
-93
-122
-118
-75
-112
-104
-54
-34
-71
-83
-94
-62
-129
-154
-142
-172
-137
-58
-83
-130
-126
-168
-152
-96
-87
-130
-136
-188
-107
-113
-155
-157
-169
-141
-176
-160
-114
-169
-202
-199
-198
-133
-99
-136
-135
-111
-119
-77
-128
-138
-174
-106
-151
-168
-135
-116
-130
-146
-125
-182
-155
-177
-169
-167
-214
-163
-147
-160
-140
-139
-118
-181
-150
-151
-134
-135
-123
-123
-128
-77
-171
-169
-156
-181
-204
-144
-148
-120
-126
-140
-152
-183
-164
-150
-153
-140
-136
-114
-142
-181
-110
-215
-224
-206
-191
-142
-133
-130
-151
-122
-166
-161
-110
-171
-85
-84
-106
-97
-139
-107
-91
-149
-198
-191
-208
-171
-155
-159
-127
-115
-188
-205
-125
-138
-167
-161
-166
-177
-258
-227
-242
-237
-224
-227
-172
-173
-189
-298
-219
-211
-176
-144
-141
-145
-160
-147
-196
-176
-188
-219
-216
-176
-191
-225
-232
-281
-264
-254
-258
-273
-189
-161
-214
-240
-203
-177
-204
-226
-270
-270
-263
-158
-173
-157
-171
-172
-194
-241
-229
-242
-240
-262
-253
-220
-211
-125
-184
-225
-190
-210
-156
-191
-151
-106
-142
-145
-139
-155
-152
-114
-119
-202
-200
-137
-161
-209
-212
-201
-188
-177
-211
-199
-161
-188
-205
-216
-204
-158
-244
-262
-218
-192
-158
-125
-173
-173
-126
-168
-179
-170
-190
-199
-245
-219
-216
-223
-248
-237
-209
-156
-209
-208
-180
-248
-201
-206
-238
-245
-213
-228
-218
-228
-213
-263
-235
-211
-264
-243
-292
-288
-318
-321
-212
-225
-225
-213
-191
-230
-216
-209
-204
-112
-120
-138
-173
-202
-182
-211
-229
-202
-179
-202
-194
-201
-236
-192
-264
-217
-208
-292
-266
-245
-225
-239
-261
-309
-289
-246
-276
-275
-182
-229
-273
-236
-218
-205
-140
-155
-169
-160
-252
-257
-254
-205
-284
-276
-254
-273
-278
-304
-313
-290
-286
-293
-215
-240
-248
-195
-271
-322
-303
-300
-279
-256
-247
-287
-258
-233
-180
-212
-213
-224
-216
-222
-245
-293
-268
-162
-202
-163
-213
-238
-242
-268
-259
-308
-334
-295
-298
-289
-252
-302
-262
-247
-315
-296
-284
-282
-300
-289
-258
-286
-262
-221
-218
-227
-230
-279
-266
-199
-203
-208
-282
-218
-250
-303
-260
-248
-263
-298
-260
-243
-264
-271
-258
-242
-234
-286
-243
-250
-297
-256
-252
-215
-244
-232
-260
-242
-263
-223
-260
-268
-261
-252
-196
-171
-174
-244
-220
-272
-261
-252
-249
-247
-220
-223
-244
-202
-248
-281
-304
-292
-247
-289
-216
-219
-236
-183
-236
-226
-223
-239
-243
-255
-276
-249
-199
-214
-249
-248
-234
-176
-168
-147
-214
-229
-218
-231
-218
-239
-227
-276
-256
-236
-266
-278
-256
-265
-248
-213
-175
-237
-233
-248
-207
-160
-228
-205
-247
-236
-193
-196
-234
-258
-209
-196
-220
-227
-236
-272
-263
-245
-276
-294
-300
-214
-257
-262
-247
-233
-244
-306
-290
-320
-284
-238
-223
-263
-226
-145
-208
-236
-260
-210
-222
-260
-281
-298
-254
-266
-263
-275
-249
-257
-254
-220
-241
-310
-257
-245
-223
-161
-193
-212
-234
-232
-275
-243
-208
-222
-244
-240
-228
-160
-222
-218
-214
-215
-175
-231
-278
-289
-258
-248
-273
-237
-251
-226
-163
-200
-164
-173
-216
-224
-240
-270
-298
-307
-294
-276
-281
-293
-283
-296
-280
-255
-259
-224
-225
-232
-244
-229
-227
-216
-195
-232
-230
-229
-243
-273
-226
-209
-186
-132
-168
-185
-163
-177
-232
-194
-167
-174
-167
-157
-203
-176
-220
-196
-163
-141
-162
-202
-200
-195
-165
-197
-141
-207
-223
-221
-243
-220
-242
-247
-199
-198
-224
-175
-192
-183
-164
-139
-134
-130
-72
-127
-117
-109
-163
-201
-167
-140
-155
-179
-218
-207
-133
-132
-151
-179
-219
-237
-211
-173
-208
-157
-164
-143
-179
-170
-148
-142
-120
-130
-146
-155
-162
-196
-217
-230
-148
-159
-214
-233
-254
-214
-197
-184
-179
-187
-192
-187
-134
-168
-147
-184
-203
-193
-167
-183
-210
-201
-236
-191
-183
-200
-241
-230
-218
-194
-132
-144
-152
-155
-173
-209
-199
-187
-189
-222
-215
-213
-225
-172
-206
-158
-130
-225
-207
-223
-180
-179
-208
-174
-281
-250
-199
-271
-252
-213
-197
-213
-192
-209
-208
-200
-246
-224
-190
-229
-213
-171
-158
-213
-192
-185
-183
-169
-246
-283
-156
-147
-212
-176
-174
-145
-166
-186
-180
-205
-225
-211
-194
-225
-214
-226
-266
-201
-205
-198
-209
-207
-161
-136
-158
-238
-211
-196
-219
-242
-218
-158
-244
-265
-277
-279
-249
-222
-274
-249
-167
-218
-217
-257
-252
-255
-229
-213
-162
-169
-165
-158
-175
-179
-197
-225
-190
-239
-228
-163
-210
-169
-157
-181
-170
-139
-161
-145
-149
-134
-202
-169
-176
-189
-117
-160
-128
-151
-204
-186
-148
-172
-186
-192
-179
-160
-171
-140
-224
-217
-158
-199
-144
-198
-198
-176
-175
-174
-158
-154
-207
-198
-149
-160
-130
-118
-133
-134
-154
-145
-176
-197
-190
-139
-162
-119
-110
-79
-83
-99
-124
-164
-130
-150
-143
-188
-135
-176
-185
-136
-168
-202
-204
-199
-220
-171
-168
-162
-186
-204
-164
-132
-172
-243
-206
-152
-130
-117
-82
-176
-160
-162
-112
-119
-119
-137
-173
-157
-165
-153
-163
-142
-213
-152
-128
-147
-80
-90
-102
-104
-184
-169
-167
-143
-78
-106
-155
-102
-90
-112
-140
-184
-170
-125
-86
-109
-161
-211
-195
-142
-143
-135
-151
-162
-184
-143
-129
-107
-64
-117
-151
-170
-131
-79
-87
-114
-145
-183
-176
-238
-238
-174
-165
-129
-104
-110
-132
-172
-155
-104
-125
-120
-101
-55
-103
-123
-118
-141
-134
-129
-65
-76
-63
-74
-96
-114
-143
-54
-97
-102
-127
-167
-146
-186
-156
-149
-158
-149
-166
-158
-144
-140
-115
-145
-88
-57
-137
-136
-149
-133
-138
-109
-79
-94
-130
-92
-101
-127
-104
-153
-84
-120
-198
-207
-117
-100
-173
-151
-92
-87
-80
-112
-135
-132
-172
-141
-188
-180
-132
-160
-162
-113
-199
-223
-191
-139
-131
-141
-146
-258
-183
-130
-107
-121
-89
-115
-137
-148
-141
-155
-187
-105
-169
-168
-197
-199
-147
-183
-154
-171
-146
-98
-117
-136
-128
-173
-146
-127
-119
-153
-113
-121
-169
-164
-155
-193
-204
-136
-146
-160
-159
-79
-117
-151
-103
-125
-93
-106
-120
-103
-98
-118
-136
-131
-163
-172
-134
-125
-170
-216
-186
-185
-164
-152
-120
-97
-125
-130
-138
-89
-156
-157
-139
-131
-148
-170
-150
-212
-208
-205
-219
-225
-205
-219
-219
-196
-196
-217
-159
-189
-229
-172
-169
-168
-121
-113
-174
-112
-118
-144
-132
-182
-110
-134
-139
-99
-127
-155
-137
-159
-157
-156
-171
-197
-152
-147
-134
-190
-168
-164
-155
-137
-186
-184
-206
-166
-226
-188
-201
-182
-117
-121
-130
-121
-109
-74
-159
-161
-157
-114
-97
-86
-99
-136
-113
-149
-182
-217
-148
-108
-107
-186
-223
-171
-124
-129
-186
-164
-175
-158
-173
-183
-172
-174
-221
-217
-176
-164
-169
-167
-155
-142
-150
-145
-151
-120
-138
-170
-152
-202
-158
-119
-122
-131
-156
-178
-183
-187
-127
-97
-147
-196
-144
-122
-194
-185
-233
-217
-167
-240
-146
-159
-211
-185
-97
-63
-177
-163
-173
-154
-144
-114
-109
-123
-107
-123
-134
-110
-154
-163
-139
-175
-154
-115
-162
-165
-189
-173
-167
-204
-224
-209
-198
-152
-137
-159
-170
-173
-138
-159
-138
-180
-170
-62
-111
-114
-184
-145
-171
-241
-272
-272
-219
-188
-189
-218
-194
-208
-203
-202
-149
-135
-129
-127
-138
-119
-105
-131
-112
-109
-137
-155
-135
-94
-169
-150
-149
-167
-155
-130
-84
-164
-140
-173
-185
-114
-106
-91
-125
-151
-165
-200
-225
-188
-205
-247
-208
-196
-221
-201
-166
-205
-199
-194
-219
-156
-159
-204
-197
-142
-163
-182
-213
-195
-149
-154
-207
-224
-219
-167
-135
-195
-155
-131
-137
-185
-201
-213
-216
-198
-218
-192
-197
-129
-140
-199
-211
-191
-173
-206
-162
-214
-247
-250
-270
-203
-219
-174
-185
-161
-179
-180
-168
-187
-178
-129
-94
-67
-144
-124
-150
-203
-188
-235
-174
-177
-161
-189
-135
-156
-160
-207
-208
-189
-185
-205
-270
-242
-128
-111
-146
-115
-138
-132
-158
-186
-204
-192
-161
-196
-156
-150
-171
-183
-171
-84
-166
-179
-211
-202
-219
-232
-246
-220
-178
-184
-204
-215
-253
-244
-194
-238
-176
-189
-192
-184
-154
-142
-196
-229
-214
-186
-164
-225
-183
-164
-246
-178
-185
-188
-266
-247
-234
-146
-150
-167
-128
-188
-211
-240
-122
-167
-135
-143
-146
-158
-175
-133
-165
-184
-243
-259
-266
-247
-226
-253
-301
-231
-197
-214
-178
-152
-161
-161
-201
-195
-186
-228
-235
-258
-167
-175
-156
-188
-243
-221
-188
-172
-205
-201
-206
-179
-168
-169
-180
-193
-240
-233
-180
-175
-237
-210
-242
-210
-223
-269
-200
-186
-147
-169
-192
-233
-205
-183
-280
-284
-204
-204
-192
-185
-180
-244
-219
-196
-234
-215
-236
-180
-184
-236
-205
-172
-155
-207
-224
-182
-202
-268
-264
-176
-236
-239
-190
-253
-219
-250
-301
-297
-240
-248
-233
-212
-228
-219
-191
-199
-214
-253
-286
-205
-218
-238
-225
-219
-255
-247
-261
-266
-240
-211
-257
-219
-215
-277
-251
-215
-219
-227
-188
-212
-216
-204
-196
-180
-249
-265
-256
-272
-284
-211
-196
-271
-223
-205
-214
-247
-229
-247
-225
-207
-236
-250
-215
-199
-194
-227
-224
-203
-260
-161
-215
-156
-167
-210
-169
-223
-191
-215
-232
-204
-220
-233
-225
-251
-224
-230
-233
-211
-248
-150
-92
-187
-195
-211
-225
-197
-213
-261
-231
-148
-128
-146
-132
-174
-207
-243
-215
-226
-314
-219
-250
-249
-257
-265
-279
-262
-221
-207
-203
-225
-238
-339
-333
-259
-275
-247
-255
-223
-226
-236
-219
-299
-264
-213
-203
-206
317
1027
1001
386
-281
-749
-845
-123
900
1519
1514
902
-191
-772
-167
694
502
356
304
-24
64
-115
-517
-836
-578
-410
-521
-642
-600
-243
174
165
-305
-1002
-1222
-882
-416
40
141
-175
-743
-1065
-897
-361
-225
-431
-524
-310
-152
-97
-45
-224
-455
-599
-513
-437
-275
-148
-126
-149
-277
-491
-678
-570
-398
-367
-295
-305
-439
-483
-548
-613
-581
-492
-434
-468
-418
-347
-280
-360
-345
-232
-210
-156
28
19
-115
-70
-122
-75
-50
26
76
86
82
48
-13
-187
-333
-387
-390
-442
-414
-428
-498
-555
-578
-649
-762
-853
-864
-767
-786
-726
-673
-695
-696
-764
-880
-990
-958
-933
-747
-631
-631
-630
-532
-436
-540
-602
-624
-647
-651
-558
-462
-462
-549
-679
-744
-729
-672
-675
-798
-808
-740
-667
-716
-756
-796
-869
-937
-1054
-1042
-1125
-1167
-1173
-1125
-1217
-1289
-1427
-1315
1010
3450
4278
2955
1740
1371
1591
1523
1361
2405
3219
2994
2429
3047
3886
3304
1548
783
749
559
107
643
1598
1645
579
-582
-700
-930
-1564
-2156
-1983
-1603
-1727
-1946
-1285
-629
-896
-1717
-1975
-1829
-1642
-1449
-906
-172
224
269
273
704
943
861
487
645
957
1251
1523
1965
2254
2324
2162
1755
1382
975
717
670
704
761
1446
1764
1495
750
-103
-921
-1442
-1578
-1413
-1143
-929
-782
-529
-453
-693
-1043
-1435
-1596
-1736
-1588
-1152
-571
-277
-171
-186
-326
-441
-511
-585
-513
-401
-242
-47
136
182
-38
-478
-980
-1287
-1423
-1472
-1601
-1658
-1745
-1949
-1999
-2041
-2188
-2337
-2698
-2931
-3083
-3095
-3204
-3235
-3025
-1436
2212
4654
4417
2508
1403
1536
1635
1373
1810
3353
3982
3515
3645
4856
5507
4094
2030
1189
912
414
212
1257
2190
1706
112
-720
-573
-1097
-2231
-3097
-3129
-3166
-3399
-2902
-1631
-966
-1513
-2317
-2419
-2254
-2056
-1869
-1125
-449
-174
205
856
1799
2029
1730
1303
1346
1344
1431
1989
2557
2924
2794
2528
2311
2147
1790
1571
1467
1460
1611
1439
1183
862
414
-256
-832
-1200
-1332
-1416
-1482
-1359
-1158
-1062
-959
-950
-984
-1080
-1271
-1442
-1358
-1220
-1014
-688
-350
-108
-1
89
84
31
-14
-110
-106
-15
104
288
422
343
-6
-354
-793
-1140
-1481
-1683
-1848
-1891
-1940
-2102
-2218
-2463
-2670
-3103
-3360
-3672
-3868
-4096
-4384
-4423
-2182
2244
4914
4526
2517
1862
2248
2215
1292
1650
3115
3402
2900
3656
5901
6957
5377
3320
2287
1443
146
-406
602
1370
801
-420
-189
433
19
-1362
-2624
-3312
-4214
-4911
-4368
-2756
-1805
-2006
-2238
-1899
-1425
-1496
-1707
-1568
-1634
-1735
-1394
-133
1323
2182
2321
2196
2235
1960
1775
1892
2090
2070
1929
2029
2541
2892
2849
2589
2056
1409
731
1288
2192
2079
1185
703
391
-105
-438
-776
-1196
-1812
-2299
-2222
-1593
-959
-778
-883
-863
-952
-1193
-1129
-774
-850
-1141
-1154
-886
-378
87
424
411
92
-186
-361
-364
-321
-295
-508
-460
-293
-104
3
-191
-637
-1357
-1944
-2335
-2493
-2597
-2779
-2988
-2970
-3067
-3244
-3514
-3897
-4164
-2324
1576
3816
3611
2253
2187
2839
2938
1943
1923
2667
2520
2071
2728
5014
6272
5303
3972
3359
2496
1241
500
760
727
-215
-1206
-607
399
604
-232
-1274
-1962
-3055
-4096
-4057
-3327
-3087
-3312
-3185
-2293
-1286
-801
-732
-760
-1251
-1827
-1810
-1053
-51
566
840
1334
1962
2365
2823
3024
2817
2231
1566
1305
1609
1932
2134
2093
2183
2899
3230
2936
2359
1756
1059
553
34
-233
-406
-650
-976
-986
-816
-732
-893
-1136
-1330
-1672
-1922
-1766
-1599
-1423
-1175
-1069
-770
-445
-187
-136
-168
-373
-474
-529
-431
-202
-103
-76
-126
-101
68
129
-82
-491
-951
-1397
-1624
-1752
-1871
-2101
-2404
-2643
-2835
-2949
-3099
-3276
-3799
-4239
-4098
-1008
2613
3958
2938
2032
2665
3241
2884
1812
2061
2079
1449
1259
2887
5291
5974
4882
4094
3769
2950
1765
1152
820
-75
-1554
-1899
-665
320
356
-318
-853
-1604
-2604
-3458
-3415
-3434
-4073
-4487
-3915
-2611
-1306
-616
-249
-199
-654
-991
-900
-437
-306
-418
-428
267
1288
2308
3164
3496
3279
2712
2170
1924
1770
1571
1127
950
989
2145
3400
3628
3188
2590
2301
1507
785
-66
-801
-1685
-2123
-1908
-1383
-667
-310
-359
-355
-621
-1032
-1371
-1515
-1926
-2339
-2291
-1833
-1057
-435
181
302
252
193
51
-69
-304
-591
-1031
-1129
-733
-109
333
354
258
-20
-402
-664
-1065
-1568
-2397
-3040
-3438
-3381
-3130
-3071
-3048
-3348
-3533
-2599
856
3258
3148
1724
1484
2305
2791
2272
1813
2227
1868
1247
1600
3710
5337
4955
3819
3541
3319
2552
1786
1480
817
-520
-1809
-1469
-276
135
-241
-839
-981
-1420
-2112
-2425
-2334
-2874
-3748
-4084
-3396
-2194
-1252
-882
-626
-486
-435
-358
45
338
56
-430
-442
288
1048
1924
2576
2850
2790
2784
2867
2887
2588
1931
1203
1377
1988
2388
2574
2997
3172
2891
2472
1926
1359
364
-782
-1657
-2028
-2013
-1765
-1377
-902
-587
-513
-508
-471
-752
-1300
-1901
-2225
-2410
-2316
-1825
-1250
-858
-448
50
387
623
592
279
-199
-627
-830
-744
-532
-465
-396
-265
-177
-103
-292
-599
-1221
-2020
-2825
-3266
-3395
-3561
-3783
-3947
-3911
-2379
1256
3597
3694
2644
2730
3303
3324
2219
1400
1419
906
412
1006
3285
4893
4829
4204
4271
4165
3273
2263
1569
502
-1170
-2299
-1751
-700
-150
-189
-219
19
-175
-711
-1109
-1467
-2679
-4022
-4622
-3935
-2917
-2236
-1637
-945
-433
-34
517
920
882
208
-582
-750
-375
111
742
1374
1797
2278
2781
3405
3728
3417
2480
1943
2153
2025
1767
1837
2506
2411
2258
2265
2319
1843
865
-54
-928
-1552
-1951
-2026
-1987
-1786
-1570
-1292
-762
-382
-561
-878
-1206
-1630
-2232
-2321
-2208
-2151
-1930
-1487
-863
-269
410
777
748
445
299
174
-192
-423
-759
-1084
-1217
-1006
-836
-847
-876
-1026
-1374
-1880
-2266
-2688
-3298
-4095
-4824
-4347
-1322
1662
2545
2027
2484
3814
4311
3536
2590
2250
1202
-18
-302
1191
2913
3305
3083
3663
4479
4479
3975
3466
2501
633
-1252
-1690
-1232
-1246
-1531
-1589
-1010
-525
-342
-141
34
-691
-2150
-3092
-3201
-2912
-2989
-3093
-2758
-2087
-1342
-357
771
1511
1451
917
668
756
790
646
480
393
545
967
1909
2808
3268
3066
2869
3145
3529
3328
2924
2711
1986
1240
1024
1093
859
443
30
-335
-501
-569
-560
-780
-1111
-1473
-1780
-1585
-1346
-1438
-1767
-1983
-1925
-1819
-1601
-1322
-1258
-1387
-1287
-1009
-721
-431
-245
-142
-248
-88
252
365
352
166
-112
-547
-786
-873
-1219
-1540
-1977
-2112
-2310
-2476
-2527
-2741
-3222
-3796
-3878
-1816
1121
2238
1748
1608
2989
4029
3907
2873
2683
2133
959
329
1064
2648
2973
2496
2708
3747
4285
3993
3664
3160
1737
-66
-819
-569
-857
-1668
-2179
-1863
-1370
-1054
-659
-100
-325
-1403
-2218
-2331
-2148
-2361
-2991
-3198
-2802
-2336
-1509
-444
497
789
756
881
1273
1511
1384
1046
685
390
519
1033
1761
2170
2273
2597
3055
3623
4206
4315
3667
2815
2045
1580
1127
545
-154
-741
-1003
-919
-716
-367
-254
-427
-572
-600
-685
-909
-1437
-2021
-2556
-2862
-2742
-2410
-2041
-1843
-1475
-1065
-535
-15
201
174
-25
-167
-214
-232
-200
-350
-625
-715
-652
-528
-485
-600
-857
-1140
-1544
-1985
-2317
-2714
-3147
-3774
-4311
-4285
-1721
1104
1996
1624
2015
3682
4730
4447
3366
3018
2173
796
42
781
2156
2259
1726
2295
3743
4551
4648
4488
3880
2424
689
-59
-241
-1092
-2085
-2752
-2671
-2134
-1474
-665
-54
-198
-913
-1234
-1117
-1150
-1911
-2917
-3322
-3317
-3019
-2285
-1185
-276
189
555
1209
2059
2377
2235
1719
1054
659
498
690
917
1070
1179
1587
2757
3731
4325
4567
4501
3810
3099
2635
1813
625
-575
-1325
-1680
-1614
-1352
-1033
-682
-358
7
231
365
68
-745
-1607
-2297
-2774
-3122
-3185
-3008
-2831
-2329
-1463
-524
151
585
840
827
606
302
39
-457
-1065
-1395
-1473
-1290
-1025
-766
-666
-709
-818
-938
-1214
-1615
-2182
-2967
-3867
-4477
-4176
-1684
619
1177
910
1965
4038
5078
4565
3706
3523
2473
1020
332
1022
1680
1151
658
1632
3199
4089
4377
4469
4127
3034
1755
1154
558
-810
-2152
-2985
-3064
-2761
-2264
-1541
-936
-857
-847
-382
-21
-219
-1007
-1900
-2454
-2857
-2943
-2637
-2106
-1578
-1057
-256
921
1991
2446
2578
2431
2043
1803
1612
1311
876
406
507
1074
1895
2708
3642
4092
4146
4116
4024
3627
2696
1376
19
-930
-1544
-1940
-2013
-1937
-1680
-1212
-522
309
642
484
72
-499
-1199
-1842
-2454
-3015
-3442
-3486
-3033
-2326
-1493
-669
105
737
1213
1422
1341
990
339
-438
-1148
-1628
-1967
-2145
-2082
-1875
-1575
-1058
-772
-722
-1005
-1392
-2064
-2864
-3690
-3070
-822
185
96
-90
1761
3833
4614
4164
4056
4196
3251
2176
1714
2266
2119
917
398
1405
2622
2987
3131
3356
3301
2748
2172
1964
1208
-112
-1366
-2279
-2566
-2737
-2663
-2458
-2285
-2126
-1551
-734
-246
-204
-691
-1129
-1474
-1804
-1893
-1881
-1959
-2030
-1745
-923
172
1018
1553
2099
2340
2545
2633
2627
2398
1752
1227
1067
1341
1759
2093
2553
2909
3299
3512
3697
3515
2817
1844
852
13
-699
-1348
-1839
-2145
-2258
-1859
-1243
-676
-273
-172
-179
-300
-619
-1030
-1578
-2277
-2776
-3019
-2834
-2430
-1948
-1366
-716
24
688
1302
1585
1513
1059
433
-144
-863
-1573
-2165
-2507
-2610
-2449
-2080
-1740
-1523
-1410
-1589
-2056
-2577
-2241
-147
832
529
-25
1040
2877
3710
3416
3193
3528
3033
2265
1927
2689
2941
1874
1012
1629
2735
2946
2700
2627
2537
2075
1498
1424
1167
231
-870
-1777
-1974
-1971
-1899
-2045
-2279
-2270
-1911
-1373
-991
-842
-988
-1237
-1372
-1410
-1309
-1141
-1222
-1415
-1354
-752
-9
547
981
1435
1676
1818
2134
2310
2321
1990
1576
1605
1959
2121
2456
2691
2739
2859
2913
3065
2887
2375
1621
808
139
-328
-841
-1347
-1684
-1831
-1712
-1245
-914
-761
-768
-750
-761
-1035
-1257
-1596
-2084
-2573
-2672
-2498
-2230
-1852
-1301
-760
-170
425
953
1173
1035
773
343
-106
-596
-1195
-1740
-2049
-2298
-2320
-2303
-2078
-1971
-1941
-2320
-2603
-2709
-1212
786
1057
499
581
2289
3427
3546
2903
3102
3080
2285
1724
1994
2871
2513
1372
1278
2434
3186
3012
2693
2729
2518
1853
1325
1217
643
-400
-1572
-2171
-2077
-1902
-1987
-2340
-2283
-1971
-1541
-1285
-947
-806
-1120
-1472
-1638
-1455
-1282
-1376
-1585
-1528
-1121
-431
190
678
1197
1564
1695
1979
2400
2547
2242
1705
1533
1804
2050
2153
2198
2385
2756
2941
3031
3083
2846
2181
1386
668
113
-549
-1255
-1709
-1909
-1873
-1654
-1347
-1109
-910
-777
-679
-709
-866
-1145
-1620
-2157
-2392
-2384
-2315
-2163
-1930
-1499
-874
-227
317
745
1037
1024
732
320
-141
-756
-1389
-1881
-2262
-2522
-2660
-2565
-2538
-2450
-2539
-2717
-2861
-1894
593
1462
1065
770
1995
3390
3673
2955
2782
2983
2268
1482
1347
2316
2484
1436
891
1929
3103
3166
2700
2732
2848
2163
1260
1056
750
-235
-1485
-2417
-2324
-2026
-2078
-2367
-2391
-1971
-1476
-1247
-950
-600
-791
-1298
-1616
-1562
-1339
-1459
-1745
-1741
-1321
-720
-33
521
1016
1548
1684
1923
2318
2616
2401
1861
1690
1996
2245
2339
2385
2388
2468
2543
2662
2657
2364
1738
990
385
-9
-426
-1016
-1495
-1743
-1812
-1545
-1193
-972
-976
-1121
-1134
-1099
-1134
-1342
-1741
-2234
-2411
-2332
-2191
-1894
-1537
-1203
-795
-228
433
907
1087
950
565
143
-238
-755
-1440
-1984
-2349
-2479
-2548
-2526
-2433
-2362
-2553
-2818
-3050
-1674
770
1342
706
609
2287
3730
3762
2929
3011
3091
2264
1422
1635
2643
2497
1163
816
2285
3343
3145
2673
2821
2877
2069
1249
1101
742
-334
-1835
-2650
-2277
-1970
-2233
-2644
-2485
-2034
-1644
-1382
-840
-407
-774
-1378
-1545
-1272
-1061
-1388
-1812
-1661
-1220
-703
-82
563
1239
1563
1616
2033
2661
2869
2559
1971
1691
1829
1909
2702
3016
2629
2363
2721
3001
2944
2540
1780
830
-32
-381
-774
-1423
-1872
-2125
-2116
-1597
-1046
-771
-801
-862
-902
-939
-1077
-1343
-1996
-2657
-2811
-2847
-2665
-2263
-1819
-1365
-748
152
1055
1394
1454
1247
740
115
-483
-1136
-1847
-2431
-2810
-2987
-2926
-2858
-2573
-2506
-2733
-2916
-2356
281
1820
1655
836
1773
3436
3964
3140
2719
3114
2442
1347
1053
2342
2895
1828
894
1909
3345
3492
2911
2824
3033
2327
1082
731
773
-91
-1620
-2793
-2644
-2124
-2219
-2575
-2423
-1930
-1565
-1454
-1049
-428
-591
-1384
-1804
-1570
-1269
-1465
-1859
-1674
-1275
-851
-288
524
1288
1681
1643
1884
2542
2885
2560
2088
2092
2374
2350
2319
2583
2653
2452
2312
2440
2450
2173
1428
755
358
73
-358
-938
-1297
-1462
-1615
-1584
-1316
-1071
-1086
-1325
-1337
-1230
-1341
-1611
-1936
-2238
-2259
-2136
-1953
-1517
-1192
-891
-576
-108
626
1011
934
700
554
224
-380
-926
-1463
-1958
-2346
-2573
-2580
-2459
-2426
-2462
-2696
-2926
-3173
-1154
1058
1301
585
840
2729
3982
3721
2924
3363
3204
2142
1237
1814
2847
2094
640
944
2621
3264
2728
2478
2925
2785
1605
1086
1276
843
-623
-2310
-2617
-2106
-2194
-2884
-2987
-2408
-2020
-1995
-1613
-636
-333
-1074
-1592
-1304
-841
-1027
-1670
-1732
-1432
-1168
-825
-80
816
1308
1438
1607
2392
3035
2962
2549
2467
2719
2714
2671
2758
2717
2406
2112
2106
2179
2104
1391
664
350
182
-245
-770
-1084
-1201
-1433
-1583
-1327
-1047
-1141
-1478
-1651
-1598
-1597
-1786
-1974
-2119
-2216
-2235
-2032
-1548
-1061
-800
-623
-177
465
830
863
676
440
87
-305
-768
-1276
-1723
-2162
-2604
-2783
-2635
-2666
-2728
-2938
-3223
-3414
-1385
923
1382
724
1064
2895
4124
3808
3079
3503
3267
2105
1053
1641
2768
2218
737
998
2739
3464
2987
2786
3392
3238
1883
1147
1386
872
-714
-2550
-2797
-2263
-2420
-3042
-3043
-2328
-1931
-1926
-1551
-465
-190
-994
-1619
-1283
-939
-1284
-1811
-1736
-1408
-1308
-1019
-132
893
1443
1431
1700
2497
3068
2869
2421
2084
1984
1772
1977
2967
2970
2317
2069
2652
2933
2695
2045
1446
642
-118
-499
-858
-1391
-1914
-2327
-2189
-1458
-934
-938
-1006
-927
-874
-999
-1229
-1446
-2100
-2585
-2751
-2623
-2245
-1896
-1547
-1179
-436
573
1166
1366
1397
1226
527
-181
-647
-1282
-2129
-2717
-3037
-3113
-3242
-3138
-3066
-3173
-3571
-2501
443
1906
1783
1232
2649
4233
4386
3134
2896
3256
2322
811
606
2100
2486
1092
466
2227
3715
3592
3076
3499
3825
2631
1211
1132
1152
-168
-2294
-3262
-2630
-2328
-2915
-3034
-2083
-1379
-1539
-1414
-318
389
-386
-1424
-1444
-1001
-1182
-1828
-1929
-1482
-1218
-1112
-269
1045
1831
1864
1861
2646
3302
3116
2634
2498
2736
2537
2109
2198
2560
2402
1934
1875
2202
2193
1648
1041
749
523
-102
-679
-860
-1031
-1438
-1836
-1646
-1204
-1242
-1521
-1546
-1307
-1351
-1643
-1690
-1686
-1783
-1967
-1910
-1542
-1206
-1031
-800
-378
187
550
636
677
653
331
-186
-657
-1071
-1612
-2139
-2593
-2652
-2811
-2832
-3066
-3273
-3726
-2823
106
1494
1361
949
2648
4411
4797
3715
3535
3817
2852
1240
778
2180
2368
779
72
1830
3423
3185
2581
3317
3959
2765
1295
1361
1484
72
-2235
-3162
-2449
-2379
-3256
-3532
-2518
-1759
-1917
-1721
-375
461
-302
-1215
-980
-532
-1030
-1879
-1944
-1456
-1475
-1444
-601
676
1413
1563
1866
2740
3429
3336
2914
2993
3265
2851
2292
2382
2673
2268
1641
1635
1954
1774
1143
838
827
533
-53
-446
-589
-784
-1245
-1681
-1456
-1229
-1500
-1876
-1757
-1490
-1672
-1908
-1780
-1638
-1806
-1970
-1680
-1235
-942
-798
-543
-72
225
361
377
403
348
10
-505
-749
-994
-1472
-2084
-2357
-2510
-2708
-2907
-3188
-3570
-3672
-1065
1117
1496
878
1774
3912
4973
4221
3455
3953
3544
1993
692
1443
2437
1409
-188
741
2880
3399
2516
2773
3904
3555
1892
1355
1818
836
-1402
-3039
-2772
-2363
-3122
-3750
-3071
-2089
-1926
-1969
-896
485
262
-882
-1034
-395
-539
-1483
-1896
-1434
-1356
-1605
-1063
126
1047
1353
1609
2453
3378
3477
3145
3117
3365
3252
2574
2298
2619
2327
1616
1396
1559
1593
1055
717
746
576
84
-345
-461
-609
-1002
-1478
-1522
-1294
-1481
-1904
-1985
-1847
-1859
-2108
-1960
-1678
-1744
-1849
-1622
-1123
-909
-898
-712
-316
4
229
238
226
147
-164
-646
-929
-1176
-1622
-2179
-2380
-2537
-2714
-3031
-3323
-3811
-3538
-665
1130
1043
479
2064
4251
4876
3835
3524
4076
3228
1543
821
1957
2409
718
-490
1095
3023
3000
2187
2909
3873
3041
1432
1494
1907
482
-1903
-3093
-2500
-2451
-3493
-3895
-3052
-2219
-2290
-2022
-630
470
-93
-1064
-689
-176
-720
-1638
-1815
-1504
-1638
-1860
-1025
232
856
1122
1632
2672
3439
3444
3232
3412
3669
3146
2464
2471
2604
1917
1177
1165
1449
1163
611
485
571
376
-115
-245
-261
-581
-1154
-1363
-1199
-1075
-1611
-2048
-1949
-1837
-2098
-2308
-1936
-1681
-1871
-1955
-1500
-1035
-912
-793
-466
-61
227
325
420
378
121
-376
-818
-965
-1257
-1823
-2288
-2504
-2697
-3070
-3406
-3797
-3987
-1491
751
1157
561
1600
3835
4986
4183
3358
3907
3411
1852
575
1308
2161
988
-559
449
2665
3124
2363
2689
3915
3641
1963
1576
2088
1089
-1269
-2934
-2675
-2323
-3144
-3851
-3167
-2223
-2147
-2081
-985
347
196
-875
-893
-264
-452
-1456
-1890
-1569
-1559
-1923
-1424
-175
634
932
1270
2256
3214
3424
3241
3344
3640
3411
2671
2419
2630
2261
1384
1170
1382
1246
707
462
628
515
79
-237
-280
-398
-825
-1330
-1287
-1171
-1500
-2050
-2105
-1924
-2044
-2310
-2216
-1840
-1873
-1941
-1589
-1131
-857
-737
-526
-140
123
235
258
208
62
-375
-954
-1248
-1459
-1907
-2349
-2520
-2583
-2884
-3352
-3730
-3877
-1308
968
1328
664
1546
3884
5006
4196
3359
3946
3512
1857
546
1286
2287
1058
-582
424
2630
3076
2334
2654
3897
3630
1916
1453
1967
996
-1336
-2967
-2730
-2315
-3204
-4004
-3261
-2315
-2196
-2085
-879
446
246
-732
-724
-95
-321
-1268
-1802
-1550
-1517
-1741
-1221
-6
816
1047
1511
2457
3426
3562
3419
3745
3909
3500
2748
2690
2759
2200
1297
1056
1209
978
578
479
585
435
6
-96
107
-143
-709
-1163
-1113
-1221
-1748
-2113
-2128
-2225
-2479
-2606
-2295
-1935
-1903
-1760
-1332
-883
-678
-564
-358
-48
128
117
126
-5
-272
-713
-1070
-1259
-1421
-1990
-2284
-2503
-2496
-2955
-3371
-3934
-2692
306
1368
928
787
2931
4799
4909
3719
3906
4096
2915
1226
962
2222
2013
-91
-573
1672
3164
2598
2082
3122
3816
2640
1296
1757
1797
-130
-2474
-3063
-2349
-2698
-3827
-3949
-2850
-2185
-2268
-1747
-243
465
-387
-1016
-382
7
-725
-1602
-1743
-1462
-1674
-1628
-649
408
891
1240
1914
2941
3544
3387
3537
3917
3782
3096
2664
2754
2416
1516
913
1035
1028
548
209
288
389
51
-220
-47
-30
-420
-913
-1050
-1025
-1323
-1927
-2244
-2246
-2461
-2650
-2495
-2208
-2061
-2035
-1645
-1074
-733
-540
-433
-158
171
200
68
3
-164
-731
-1304
-1547
-1641
-2029
-2431
-2709
-2602
-2827
-3138
-3914
-2936
250
1493
1012
571
2536
4668
5021
3629
3563
4080
3040
1191
736
2060
2245
156
-733
1311
3090
2637
1897
2885
3825
2760
1227
1552
1747
80
-2447
-3198
-2333
-2384
-3607
-3945
-2872
-2131
-2189
-1834
-294
501
-242
-955
-436
-7
-644
-1576
-1706
-1366
-1598
-1564
-597
531
991
1181
1802
2933
3557
3477
3514
3985
3878
3010
2580
2765
2544
1491
805
944
968
474
117
258
313
-56
-332
-130
75
-352
-955
-1062
-921
-1227
-1947
-2220
-2175
-2449
-2775
-2674
-2273
-2068
-2129
-1782
-1056
-564
-405
-363
-42
231
112
-47
-100
-224
-738
-1352
-1650
-1758
-2212
-2727
-2929
-2828
-3154
-3548
-4250
-2000
1080
1702
912
1250
3767
5382
4887
3457
3920
3898
2334
672
965
2277
1464
-684
-373
2015
3112
2311
2081
3343
3680
2084
1102
1729
1204
-1109
-3269
-3249
-2482
-3197
-4198
-3758
-2623
-2201
-2174
-1269
260
482
-621
-862
-190
-91
-1001
-1841
-1666
-1499
-1776
-1436
-256
788
1141
1383
2320
3421
3702
3587
3793
3960
3654
2962
2662
2671
2124
1045
530
588
520
97
-153
48
70
-240
-273
2
-163
-644
-1063
-1111
-1099
-1523
-2044
-2376
-2503
-2619
-2709
-2521
-2163
-2000
-1942
-1397
-758
-502
-415
-262
7
122
57
-95
-315
-739
-1210
-1713
-1939
-2210
-2488
-3012
-2953
-3166
-3329
-4344
-3163
537
1870
1173
646
2988
5181
5329
3645
3702
4232
2985
893
576
2162
2098
-231
-934
1570
3309
2647
1938
3090
4009
2537
1053
1585
1597
-493
-3016
-3621
-2757
-3026
-4281
-4314
-3071
-2436
-2434
-1680
-111
539
-486
-1118
-408
-110
-930
-1886
-1917
-1560
-1834
-1719
-475
646
1039
1266
1995
3226
3736
3661
3914
4152
3877
3072
2688
2787
2382
1223
544
645
675
212
-66
70
121
-271
-427
-109
-68
-500
-943
-1067
-990
-1303
-1905
-2217
-2347
-2565
-2825
-2631
-2177
-1929
-1923
-1512
-804
-422
-330
-236
38
160
86
-73
-77
-436
-993
-1566
-1856
-2101
-2481
-2984
-3108
-3389
-3635
-4652
-3398
319
1785
1106
748
3108
5446
5609
3845
3821
4215
2895
721
340
1937
1874
-526
-1172
1456
3386
2721
2033
3326
4248
2771
1263
1838
1856
-376
-3045
-3743
-2835
-3115
-4343
-4332
-3003
-2349
-2368
-1663
43
822
-230
-977
-267
54
-807
-1829
-1913
-1647
-1992
-1896
-691
559
919
1199
1990
3241
3822
3666
3652
4011
3829
2819
2389
2513
2195
985
311
520
640
160
-134
125
241
-156
-396
-64
-19
-534
-1087
-1222
-1072
-1429
-2080
-2315
-2290
-2401
-2642
-2459
-2001
-1886
-2008
-1591
-930
-558
-499
-376
-108
-14
-26
-123
-246
-579
-1065
-1538
-1687
-1990
-2447
-3106
-3249
-3538
-3878
-5021
-3497
203
1584
846
549
3196
5525
5587
3903
3984
4296
2897
710
467
2051
1776
-818
-1289
1474
3260
2513
1896
3289
4167
2634
1263
1866
1793
-455
-3200
-3768
-2844
-3256
-4503
-4563
-3234
-2451
-2508
-1696
56
744
-275
-910
-168
190
-779
-1825
-1917
-1767
-2019
-1897
-793
387
850
1094
1995
3181
3826
3639
3461
3835
3686
2879
2176
2389
2162
986
339
639
823
334
-109
74
282
-85
-382
-201
-213
-647
-1202
-1338
-1086
-1371
-2065
-2322
-2157
-2216
-2511
-2338
-1804
-1736
-1886
-1528
-868
-624
-708
-600
-373
-120
-47
-117
-86
-413
-861
-1449
-1795
-1967
-2294
-3027
-3264
-3636
-4027
-5272
-4145
-279
1381
731
300
2923
5497
5859
4130
3998
4561
3283
965
427
1938
1831
-841
-1716
1000
3075
2417
1765
3202
4322
2938
1370
1950
2077
-232
-3036
-3869
-3017
-3301
-4667
-4887
-3559
-2664
-2703
-1904
-34
891
-40
-730
-22
408
-507
-1669
-1870
-1692
-1998
-1978
-886
254
833
1139
1872
3162
4008
3901
3582
3817
3384
2859
2557
2447
1956
1009
554
665
904
575
187
130
143
-12
-262
-339
-464
-942
-1344
-1466
-1269
-1340
-1774
-2044
-2038
-2010
-2059
-1948
-1813
-1674
-1719
-1559
-1066
-850
-884
-850
-632
-352
-141
-70
-30
-159
-497
-934
-1140
-1558
-1970
-2772
-3260
-3872
-4279
-5415
-4610
-852
1093
767
315
2840
5690
6285
4588
4334
4892
3585
1054
213
1559
1629
-901
-1971
542
2860
2480
1786
3196
4631
3514
1894
2275
2437
276
-2795
-3941
-3208
-3543
-5002
-5338
-4085
-3059
-2846
-2097
-203
945
186
-510
132
607
-292
-1534
-1988
-1866
-2240
-2424
-1460
-233
522
926
1793
3110
3986
4000
3824
3820
3537
3077
2422
2079
1697
927
271
330
644
549
245
171
306
298
62
-133
-329
-775
-1288
-1620
-1618
-1647
-2061
-2345
-2252
-2019
-1912
-1871
-1625
-1401
-1398
-1377
-974
-761
-816
-871
-744
-484
-357
-257
-141
-203
-470
-793
-979
-1338
-1785
-2486
-3067
-3746
-4173
-5366
-4294
-685
981
395
194
2962
5784
6165
4520
4538
5064
3663
1173
540
1917
1672
-1166
-2110
579
2715
2095
1469
2977
4406
3181
1760
2331
2497
267
-2764
-3766
-3022
-3436
-5034
-5255
-4012
-3081
-2940
-2108
-141
1053
223
-472
291
749
-87
-1320
-1714
-1581
-1986
-2154
-1271
24
640
937
1837
3182
4084
4113
3896
3855
3926
3431
2642
2238
1878
1050
274
202
514
401
-47
-122
176
227
-19
-187
-346
-564
-1018
-1401
-1306
-1425
-1986
-2447
-2356
-2035
-2101
-2172
-1774
-1401
-1424
-1275
-768
-442
-482
-555
-539
-348
-222
-266
-292
-465
-743
-1130
-1448
-1682
-1902
-2560
-3055
-3592
-3977
-5120
-3313
33
1181
232
416
3486
5855
5719
4254
4646
4874
3141
893
934
2284
1478
-1421
-1586
1366
2856
1927
1621
3322
4175
2548
1517
2381
2217
-384
-3117
-3517
-2823
-3573
-4997
-4962
-3718
-2997
-2954
-1912
-4
686
-275
-582
338
608
-348
-1400
-1526
-1491
-1935
-1876
-793
167
622
1006
1933
3242
3930
3837
3742
3859
3737
3274
2675
2370
1838
854
250
336
463
140
-267
-285
-51
-61
-209
-200
-324
-640
-1012
-1201
-1126
-1283
-1809
-2215
-2178
-2105
-2169
-2115
-1794
-1634
-1562
-1222
-730
-440
-442
-372
-226
-73
-81
-98
-252
-498
-953
-1251
-1622
-1832
-2393
-2880
-3517
-3760
-4678
-4653
-1144
1155
1018
147
2143
5168
6187
4668
4165
4830
4009
1620
444
1698
2268
-243
-2068
-121
2507
2425
1416
2375
4043
3384
1554
1845
2531
907
-2188
-3694
-3022
-2940
-4487
-5160
-4132
-3072
-3039
-2519
-657
789
353
-522
27
774
353
-826
-1300
-1208
-1566
-1894
-1144
34
699
949
1559
2742
3694
3981
3901
3994
4072
3642
2813
2391
2201
1312
307
65
263
106
-349
-438
-124
-83
-296
-182
-100
-332
-738
-1094
-1102
-1105
-1603
-2125
-2245
-2206
-2353
-2440
-2027
-1661
-1685
-1480
-852
-398
-398
-381
-123
76
-34
-35
-102
-291
-706
-1144
-1530
-1786
-2156
-2702
-3215
-3611
-4224
-4889
-2082
786
1308
195
1254
4246
5981
5002
3991
4662
4313
2203
531
1249
2314
638
-1773
-772
2000
2647
1571
1956
3701
3706
1740
1494
2366
1404
-1494
-3511
-3139
-2766
-3987
-4953
-4270
-3157
-2990
-2804
-1258
542
620
-471
-321
570
449
-694
-1356
-1214
-1442
-1948
-1490
-172
564
816
1206
2310
3495
3788
3692
3813
3823
3457
2811
2384
2230
1470
502
101
257
230
-157
-406
-189
-189
-349
-337
-217
-349
-747
-1113
-1139
-1212
-1624
-2057
-2221
-2228
-2325
-2367
-2144
-1754
-1665
-1562
-1007
-479
-431
-432
-249
23
-32
-137
-9
-52
-386
-797
-1240
-1513
-1787
-2475
-3025
-3622
-3943
-5073
-3180
25
1187
282
638
3472
5670
5357
4056
4628
4715
2869
730
950
2325
1330
-1348
-1232
1351
2610
1644
1623
3384
3960
2179
1403
2352
2011
-718
-3148
-3279
-2714
-3669
-4933
-4531
-3326
-3005
-3040
-1743
163
669
-278
-363
555
678
-383
-1184
-1104
-1148
-1817
-1690
-397
562
816
1131
2133
3352
3825
3783
3917
4097
3723
2905
2565
2564
1847
515
6
254
169
-303
-470
-264
-221
-491
-348
-41
-123
-618
-969
-968
-987
-1402
-1922
-2091
-2124
-2387
-2484
-2097
-1717
-1677
-1674
-1062
-489
-419
-409
-190
139
76
-106
-101
-142
-429
-923
-1319
-1587
-1899
-2485
-3005
-3460
-3950
-4906
-2859
88
1108
292
652
3420
5557
5080
4051
4620
4529
2657
700
1084
2198
1049
-1407
-1086
1460
2378
1539
1777
3435
3756
2009
1557
2477
1902
-775
-2967
-3022
-2628
-3775
-4866
-4340
-3406
-3209
-3099
-1689
110
398
-387
-265
618
527
-485
-1073
-992
-1165
-1863
-1517
-316
523
709
1129
2284
3313
3741
3827
4194
4231
3704
2842
2511
2402
1676
580
131
207
48
-378
-482
-164
-205
-526
-423
-53
-207
-747
-1131
-1111
-1095
-1555
-2042
-2070
-2078
-2379
-2409
-1996
-1598
-1592
-1652
-1141
-607
-507
-576
-306
139
64
-133
-236
-278
-654
-1200
-1636
-1772
-2150
-2627
-3209
-3477
-4435
-4212
-1384
711
901
298
1955
4472
5478
4439
4279
4804
3928
1714
745
1731
1895
-246
-1573
15
1955
1848
1431
2521
3805
2987
1558
2056
2545
796
-1925
-3033
-2725
-3170
-4459
-4694
-3726
-3160
-3309
-2596
-760
390
-148
-570
101
601
-45
-934
-1056
-977
-1527
-1923
-1076
63
538
732
1540
2708
3449
3556
3691
4185
3941
3210
2685
2677
2243
1159
364
254
195
-199
-486
-307
-241
-477
-620
-360
-171
-606
-1012
-1074
-967
-1244
-1746
-1965
-1990
-2137
-2326
-2163
-1765
-1578
-1687
-1427
-917
-622
-596
-510
-230
-78
-145
-257
-157
-300
-703
-1134
-1386
-1796
-2362
-3038
-3565
-4202
-4882
-2667
-96
716
127
1160
3826
5481
4915
4241
4887
4487
2368
756
1222
1935
299
-1767
-850
1331
1805
1274
2082
3680
3506
1979
1937
2758
1681
-998
-2817
-2862
-2941
-4299
-5086
-4340
-3530
-3534
-3178
-1542
121
209
-453
-72
646
296
-688
-1140
-1066
-1484
-2089
-1613
-419
255
462
1103
2279
3323
3734
3785
4175
4253
3537
2743
2698
2640
1564
305
126
355
-32
-529
-518
-137
-290
-675
-520
-198
-346
-965
-1270
-1160
-1110
-1606
-1991
-1933
-2014
-2372
-2447
-1880
-1526
-1651
-1645
-1165
-757
-801
-724
-360
-168
-231
-281
-129
-242
-541
-1080
-1432
-1740
-2258
-2952
-3559
-4086
-4869
-2880
-316
607
110
947
3566
5496
5088
4354
4887
4696
2772
910
1211
2000
599
-1604
-1052
1146
1895
1272
1790
3481
3577
2063
1807
2588
1891
-701
-2789
-2873
-2839
-4128
-5077
-4407
-3517
-3490
-3177
-1632
130
346
-397
-55
667
428
-585
-1124
-962
-1380
-2095
-1760
-473
237
451
972
2154
3206
3622
3699
4060
4183
3603
2894
2676
2586
1621
447
52
108
-178
-689
-722
-335
-337
-499
-369
-78
-116
-616
-925
-881
-1050
-1519
-2011
-2118
-2224
-2498
-2620
-2163
-1737
-1636
-1499
-1075
-595
-508
-428
-153
-25
-159
-313
-326
-465
-789
-1331
-1809
-2066
-2328
-3032
-3582
-4213
-4370
-1827
385
854
382
1715
4183
5457
4616
4164
4791
4251
2089
680
1379
1952
101
-1704
-379
1647
1771
1275
2204
3651
3151
1627
1790
2415
1120
-1499
-2993
-2720
-2950
-4355
-4943
-3949
-3147
-3238
-2830
-1147
374
129
-548
-12
619
98
-847
-1197
-981
-1406
-1999
-1354
-178
467
710
1309
2534
3463
3637
3634
3956
4019
3298
2596
2470
2418
1417
383
211
289
21
-452
-382
-148
-340
-611
-463
-217
-415
-943
-1175
-1042
-1160
-1643
-2012
-1966
-1976
-2215
-2208
-1760
-1474
-1521
-1406
-953
-617
-686
-580
-261
-130
-204
-241
-146
-314
-718
-1239
-1503
-1854
-2304
-3044
-3476
-4290
-4110
-1591
360
582
248
1898
4342
5395
4411
4202
4766
3973
1840
805
1604
1751
-337
-1648
-72
1619
1505
1139
2363
3717
2978
1671
2059
2559
984
-1631
-2864
-2599
-3080
-4479
-4818
-3801
-3300
-3386
-2757
-972
340
-5
-421
276
706
49
-883
-1119
-1066
-1719
-2195
-1425
-253
282
472
1238
2495
3374
3523
3706
4237
4183
3428
2757
2563
2191
1175
146
-117
-178
-523
-834
-635
-390
-471
-511
-190
53
-200
-643
-920
-913
-1209
-1818
-2173
-2238
-2383
-2575
-2476
-1963
-1657
-1542
-1214
-645
-310
-294
-91
112
102
-188
-321
-480
-850
-1319
-1778
-1988
-2331
-2821
-3391
-3805
-4435
-2845
-367
830
564
954
3009
4879
4835
4029
4360
4371
2758
935
1005
1827
995
-1095
-1026
1000
1846
1341
1616
3098
3486
2106
1483
2095
1716
-491
-2560
-2840
-2665
-3634
-4612
-4195
-3249
-3128
-2996
-1727
72
506
-182
-218
473
427
-507
-1156
-1073
-1264
-1863
-1760
-690
205
484
942
1894
2943
3384
3477
3880
4088
3537
2779
2538
2465
1713
533
114
110
-191
-644
-585
-232
-317
-593
-405
24
-99
-591
-862
-827
-982
-1530
-1938
-1995
-2133
-2501
-2506
-2091
-1743
-1652
-1559
-1090
-565
-454
-365
-77
83
-26
-271
-266
-451
-924
-1558
-1924
-2160
-2547
-3309
-3830
-4508
-3597
-1073
448
576
707
2529
4503
4963
4217
4350
4652
3411
1337
813
1634
1275
-760
-1409
332
1657
1364
1327
2726
3631
2517
1477
2057
2203
289
-2044
-2842
-2572
-3385
-4630
-4495
-3425
-3069
-3160
-2196
-468
493
50
-274
415
656
-164
-1022
-1081
-1065
-1708
-2003
-1183
-165
325
646
1474
2602
3280
3345
3626
4030
3664
2701
2071
2079
1705
721
-23
-1
-62
-428
-556
-174
45
-253
-381
-65
167
-341
-878
-1036
-1062
-1382
-1924
-2012
-1963
-2091
-2325
-1985
-1434
-1337
-1443
-1217
-731
-540
-559
-426
-233
-305
-574
-540
-486
-701
-1161
-1609
-1909
-2158
-2813
-3438
-4061
-4328
-2355
-310
421
325
1413
3592
4965
4644
4265
4713
4291
2384
997
1335
1795
454
-1263
-542
1119
1434
1072
1749
3167
3024
1814
1735
2306
1405
-896
-2596
-2691
-2849
-3967
-4621
-3950
-3227
-3201
-2822
-1365
138
348
-172
125
745
370
-459
-889
-835
-1309
-1946
-1651
-642
18
227
901
1964
2930
3220
3355
3954
4073
3230
2454
2472
2329
1237
116
-64
-97
-602
-990
-647
-344
-544
-755
-280
237
-15
-607
-804
-716
-893
-1512
-1873
-1882
-2172
-2614
-2441
-1863
-1607
-1610
-1436
-923
-484
-398
-216
75
51
-172
-281
-322
-558
-1087
-1640
-2007
-2305
-2739
-3374
-3824
-4304
-2977
-793
411
579
1126
2971
4631
4574
3908
4207
4119
2591
960
882
1525
715
-1088
-940
709
1456
1240
1532
2908
3256
2032
1443
1953
1552
-553
-2381
-2677
-2677
-3675
-4530
-3981
-3097
-2973
-2833
-1620
-11
513
-7
70
647
479
-336
-861
-847
-1045
-1674
-1663
-655
114
362
822
1747
2643
2948
3038
3562
3867
3227
2421
2194
2169
1354
203
-98
-90
-409
-857
-665
-406
-472
-657
-470
38
25
-414
-690
-619
-735
-1224
-1607
-1644
-1849
-2279
-2360
-1903
-1541
-1526
-1400
-925
-559
-424
-251
-45
31
-92
-331
-403
-473
-859
-1440
-1906
-2210
-2580
-3215
-3717
-4171
-3662
-1691
-11
430
720
2160
3993
4594
4066
4100
4271
3237
1421
755
1244
1010
-502
-1152
161
1310
1323
1302
2320
3201
2370
1461
1764
1812
213
-1823
-2638
-2646
-3285
-4269
-4245
-3367
-2980
-2892
-2020
-529
339
133
13
575
648
-63
-666
-759
-868
-1480
-1722
-977
-54
305
639
1488
2338
2833
2913
3435
3839
3253
2364
2154
2209
1550
475
-76
-111
-389
-748
-647
-349
-305
-577
-562
-47
143
-276
-596
-516
-628
-1096
-1505
-1563
-1697
-2123
-2221
-1859
-1452
-1413
-1298
-1036
-683
-477
-407
-157
-60
-142
-333
-456
-577
-767
-1277
-1719
-2029
-2327
-2910
-3323
-3830
-3888
-2416
-572
311
391
1291
3095
4230
4005
3858
4152
3712
2139
1008
1140
1314
252
-856
-380
861
1187
1052
1797
2868
2628
1590
1554
1965
1021
-904
-2051
-2207
-2739
-3797
-4055
-3357
-2877
-3004
-2511
-1139
-44
104
-135
259
652
234
-409
-493
-454
-990
-1527
-1111
-172
249
387
949
1845
2491
2596
2979
3610
3520
2554
1985
1943
1710
852
22
-186
-326
-648
-843
-501
-326
-431
-630
-319
106
-79
-516
-671
-647
-942
-1336
-1571
-1568
-1740
-1998
-1859
-1457
-1290
-1291
-1225
-924
-645
-599
-423
-272
-257
-397
-515
-566
-702
-1108
-1530
-1866
-2120
-2605
-3076
-3603
-3921
-2930
-1241
-170
29
759
2323
3713
3843
3645
3997
3878
2647
1383
1209
1422
583
-639
-589
533
997
817
1389
2438
2601
1722
1440
1816
1306
-386
-1775
-2044
-2416
-3425
-4067
-3656
-3037
-3056
-2803
-1594
-260
115
-26
301
735
546
-138
-401
-289
-633
-1193
-1138
-421
73
267
762
1571
2173
2415
2729
3306
3465
2742
2062
2021
1884
1074
154
-157
-212
-624
-987
-687
-397
-584
-734
-371
51
-24
-408
-500
-388
-546
-1041
-1270
-1217
-1476
-1863
-1784
-1404
-1204
-1251
-1208
-933
-672
-529
-328
-105
-95
-274
-416
-489
-667
-1089
-1627
-2016
-2314
-2735
-3171
-3631
-3718
-2731
-1157
-102
335
1052
2444
3684
3787
3664
3926
3695
2551
1446
1222
1222
561
-361
-229
640
1043
1037
1594
2419
2451
1747
1426
1625
1066
-417
-1690
-2097
-2483
-3330
-3740
-3334
-2819
-2754
-2400
-1277
-186
191
119
373
675
473
-94
-340
-290
-635
-1072
-975
-308
229
398
858
1581
2147
2237
2576
3195
3280
2485
1777
1632
1276
523
-73
-380
-608
-865
-918
-619
-355
-427
-561
-251
70
-5
-295
-453
-505
-731
-1153
-1261
-1255
-1477
-1670
-1498
-1192
-1024
-936
-846
-674
-545
-406
-276
-202
-248
-494
-765
-937
-1048
-1412
-1931
-2149
-2319
-2680
-2974
-3397
-3103
-1938
-694
-64
414
1416
2739
3370
3355
3459
3622
3097
2009
1374
1431
1124
247
-197
262
875
1051
1135
1753
2268
1991
1473
1343
1202
326
-1020
-1781
-2070
-2624
-3268
-3314
-2873
-2596
-2434
-1828
-786
-40
93
190
507
638
310
-84
-166
-292
-651
-828
-435
50
376
679
1104
1664
1973
2127
2598
2905
2591
1941
1652
1393
880
199
-375
-643
-922
-1091
-924
-668
-467
-554
-404
-48
178
55
-150
-190
-399
-761
-1036
-1099
-1214
-1485
-1613
-1409
-1120
-964
-906
-700
-447
-332
-288
-231
-217
-332
-590
-862
-1035
-1320
-1704
-2068
-2226
-2584
-2911
-3121
-3203
-2543
-1296
-314
105
818
1913
2914
3100
3086
3369
3341
2512
1632
1285
1298
804
138
81
659
971
888
1202
1922
2092
1559
1202
1236
799
-349
-1339
-1692
-2201
-2825
-3228
-2945
-2521
-2392
-2103
-1281
-369
66
185
425
661
508
125
26
-2
-212
-520
-536
-21
321
479
876
1367
1708
1853
2266
2708
2607
2084
1682
1346
892
263
-280
-727
-1037
-1350
-1375
-1082
-886
-803
-607
-252
130
186
141
152
-2
-363
-673
-802
-969
-1191
-1357
-1291
-1094
-996
-759
-554
-334
-194
-53
15
35
-22
-249
-688
-1102
-1327
-1682
-2070
-2384
-2634
-3063
-3207
-3489
-3069
-2036
-854
-165
452
1441
2529
3042
3001
3132
3171
2694
1774
1256
1145
903
379
77
452
937
1017
1178
1674
2146
1883
1333
1145
922
22
-1054
-1761
-2165
-2774
-3303
-3238
-2758
-2406
-2173
-1541
-660
45
296
502
795
733
420
147
159
-25
-454
-622
-352
156
460
705
1137
1584
1692
2021
2484
2547
2128
1550
1261
855
140
-555
-959
-1244
-1517
-1683
-1417
-1040
-895
-723
-307
180
338
338
345
262
-32
-390
-696
-818
-977
-1176
-1259
-1176
-985
-771
-596
-411
-192
-105
-34
15
-35
-194
-541
-1014
-1398
-1814
-2140
-2493
-2813
-3037
-3167
-3281
-3172
-2309
-1141
-237
167
1003
1990
2727
2804
2811
2912
2837
2120
1474
1251
1193
662
207
332
787
940
943
1269
1825
1820
1329
983
868
318
-684
-1444
-1809
-2219
-2828
-3018
-2597
-2247
-2076
-1686
-971
-146
343
532
786
896
643
343
365
404
134
-283
-231
149
351
571
777
1126
1344
1546
1884
2059
1759
1274
969
572
86
-497
-892
-1226
-1482
-1591
-1405
-1044
-791
-587
-293
114
444
594
652
602
387
100
-103
-329
-535
-813
-989
-1013
-964
-790
-604
-489
-446
-427
-399
-309
-325
-452
-687
-1033
-1449
-1710
-2031
-2276
-2544
-2741
-2967
-2961
-2974
-2711
-1969
-932
-190
400
1331
2268
2791
2803
2953
3087
2881
2149
1532
1212
957
478
254
287
523
458
577
1069
1464
1226
893
755
620
19
-612
-1121
-1590
-2156
-2559
-2496
-2205
-1942
-1697
-1272
-492
163
603
963
1189
1245
1051
840
892
645
230
-7
-4
82
87
274
465
669
744
1142
1448
1423
1089
787
454
63
-354
-702
-1084
-1327
-1533
-1602
-1224
-815
-509
-206
203
593
882
1051
1145
997
690
329
126
-111
-411
-680
-913
-981
-893
-758
-698
-682
-601
-548
-502
-410
-452
-677
-945
-1205
-1539
-1814
-2018
-2256
-2599
-2722
-2764
-2655
-2691
-2167
-1349
-562
108
987
1829
2481
2681
2760
3023
2878
2369
1800
1325
973
559
177
153
253
183
157
525
909
1009
774
627
618
262
-261
-635
-986
-1539
-2051
-2132
-1838
-1550
-1351
-1019
-477
83
534
945
1205
1314
1086
906
816
748
330
-67
-197
-141
-131
-66
44
129
161
423
821
975
842
663
488
193
-153
-519
-692
-992
-1343
-1418
-1117
-747
-515
-159
257
611
879
1083
1287
1256
899
542
297
33
-290
-668
-972
-1173
-1240
-1199
-1082
-984
-991
-957
-745
-562
-457
-527
-693
-936
-1261
-1444
-1657
-1854
-2169
-2396
-2455
-2352
-2300
-1995
-1283
-612
-11
661
1595
2268
2488
2485
2662
2712
2277
1620
1296
894
367
-101
-115
12
-83
-257
40
600
766
618
633
758
527
35
-200
-358
-812
-1401
-1499
-1358
-1192
-1136
-776
-276
185
546
983
1371
1474
1276
1064
982
799
382
-42
-294
-416
-613
-592
-454
-315
-220
70
569
813
737
612
571
441
103
-284
-418
-638
-965
-1112
-957
-670
-363
-79
278
649
949
1123
1283
1392
1099
678
358
100
-249
-716
-1044
-1269
-1378
-1348
-1253
-1170
-1052
-910
-777
-537
-309
-308
-488
-651
-827
-992
-1270
-1496
-1749
-1978
-2063
-2028
-1910
-1706
-1105
-535
58
682
1463
1995
2244
2195
2349
2343
1983
1398
1041
669
160
-235
-244
-141
-237
-315
35
590
745
651
791
949
738
350
217
18
-538
-1115
-1150
-918
-888
-945
-576
-109
213
553
903
1324
1297
1008
894
832
613
120
-233
-366
-516
-698
-691
-504
-329
-196
185
592
784
812
804
744
457
187
-124
-351
-606
-845
-939
-767
-482
-232
69
382
702
967
1127
1150
1022
721
331
57
-294
-658
-997
-1302
-1429
-1398
-1339
-1247
-1132
-914
-688
-487
-245
-132
-223
-411
-619
-777
-1005
-1304
-1527
-1735
-1855
-1892
-1760
-1621
-1319
-763
-134
311
948
1534
1857
1963
2004
2052
1880
1386
906
601
270
-115
-335
-254
-286
-300
-235
234
677
742
624
816
834
599
240
136
-72
-521
-854
-737
-573
-580
-661
-315
139
485
624
885
1035
969
855
754
642
241
-240
-482
-533
-589
-636
-680
-406
-140
158
420
669
742
684
640
520
376
124
-200
-510
-676
-779
-767
-609
-362
-145
107
505
836
1013
1022
883
758
517
214
-122
-509
-842
-1181
-1339
-1274
-1261
-1226
-1186
-965
-616
-397
-206
-85
-126
-242
-472
-646
-834
-1125
-1311
-1506
-1552
-1588
-1520
-1434
-1227
-718
-238
214
510
1165
1487
1476
1433
1535
1529
1137
649
502
369
57
-245
-233
-78
-155
-224
191
652
697
544
602
794
674
305
146
174
-210
-602
-575
-294
-330
-460
-246
179
345
377
655
894
809
593
538
510
257
-108
-348
-452
-506
-641
-499
-303
-30
148
453
691
711
612
513
474
349
41
-216
-397
-621
-641
-611
-446
-313
-87
97
435
781
860
876
777
604
382
74
-281
-630
-909
-1133
-1230
-1221
-1136
-1084
-940
-679
-397
-274
-117
-108
-154
-309
-472
-634
-818
-1054
-1222
-1380
-1452
-1433
-1298
-1173
-920
-479
-92
272
574
1096
1259
1256
1191
1221
1155
853
520
271
129
-88
-255
-156
-12
-36
-84
313
615
638
537
655
762
593
298
260
200
-78
-358
-318
-226
-213
-304
-125
157
407
480
597
702
608
434
358
281
57
-198
-310
-415
-431
-357
-253
-63
149
242
317
342
355
436
402
273
171
-35
-266
-379
-442
-443
-445
-350
-222
61
220
362
491
514
488
333
199
31
-231
-464
-680
-769
-926
-986
-1007
-1026
-903
-777
-542
-387
-284
-242
-278
-249
-265
-366
-548
-732
-862
-1003
-1086
-1155
-1200
-1078
-1029
-775
-394
-63
113
549
970
1068
1059
937
1058
1024
700
397
176
72
-86
-152
-109
-149
-127
81
403
631
616
576
686
737
674
519
424
141
-124
-204
-93
-80
-156
-180
42
118
319
491
566
625
593
558
511
384
115
-156
-348
-307
-203
-139
-60
64
144
217
262
359
324
257
153
129
23
-133
-271
-310
-290
-296
-297
-205
50
189
273
331
349
328
219
82
-27
-166
-361
-564
-710
-771
-843
-822
-746
-614
-456
-352
-279
-214
-221
-343
-361
-407
-455
-644
-714
-746
-875
-902
-952
-894
-805
-696
-625
-439
-176
24
183
457
657
606
470
575
679
686
422
346
300
179
150
108
225
191
58
90
316
441
355
317
426
412
367
285
284
250
54
-8
41
117
56
68
106
205
275
370
406
382
321
272
192
119
41
2
31
28
64
150
195
144
170
202
219
142
44
8
-69
-144
-205
-222
-217
-216
-172
-204
-108
38
200
283
394
323
239
151
59
-22
-210
-425
-512
-582
-653
-621
-578
-584
-494
-349
-275
-275
-216
-191
-271
-308
-392
-500
-593
-674
-698
-697
-722
-795
-731
-619
-468
-433
-457
-230
-42
112
228
342
470
428
311
285
460
526
314
161
177
181
154
176
199
254
189
233
403
456
397
315
366
398
291
254
227
148
102
43
56
95
-24
31
79
162
174
156
306
375
386
289
202
42
58
85
136
150
156
235
211
176
174
183
134
-23
-97
-73
-208
-232
-285
-288
-334
-265
-107
-19
52
149
164
174
175
135
11
-98
-250
-430
-492
-513
-604
-658
-602
-565
-490
-363
-286
-256
-206
-174
-235
-288
-351
-375
-490
-605
-617
-616
-610
-607
-631
-605
-484
-417
-409
-365
-239
-296
-277
-131
-23
3
63
197
139
144
217
336
281
164
195
180
228
312
290
233
92
97
230
355
374
260
167
292
329
292
270
263
188
188
201
215
131
-36
32
155
193
244
231
180
182
227
221
193
222
270
344
317
454
324
210
173
127
143
8
-190
-207
-191
-178
-233
-283
-248
-200
-83
-26
71
167
134
156
128
74
-71
-176
-221
-269
-330
-436
-472
-417
-363
-248
-238
-271
-266
-258
-190
-210
-270
-350
-391
-448
-531
-563
-645
-648
-610
-532
-483
-456
-357
-377
-276
-172
-196
-215
-277
-249
-246
-239
-252
-206
-143
-3
146
103
3
67
250
239
171
67
65
16
96
141
100
59
20
66
143
271
294
214
209
223
230
281
185
26
-16
-10
87
66
84
109
84
132
151
137
84
114
175
220
272
270
330
321
312
265
168
208
94
-17
-125
-229
-221
-290
-206
-206
-197
-134
-91
-6
80
90
66
100
125
42
-70
-184
-268
-325
-444
-468
-462
-434
-394
-287
-244
-205
-178
-65
-19
-107
-128
-237
-282
-322
-380
-481
-530
-586
-611
-496
-424
-381
-408
-400
-258
-130
-63
-35
-105
-124
-170
-163
-208
-363
-282
-236
-200
-123
50
73
86
45
179
276
236
277
171
148
171
156
118
118
110
152
140
169
221
291
295
276
337
347
292
243
188
213
184
181
204
189
145
140
161
204
330
440
519
544
468
366
323
305
315
242
146
-48
-191
-161
-59
-105
-166
-159
-98
56
165
175
150
100
43
22
-54
-132
-311
-338
-360
-426
-409
-370
-374
-408
-303
-242
-218
-176
-62
-52
-128
-170
-257
-282
-343
-388
-455
-469
-508
-499
-424
-325
-229
-210
-148
-102
7
-11
12
-21
-64
-84
-110
-168
-277
-282
-320
-342
-301
-309
-248
-156
3
158
181
248
221
162
269
321
210
74
5
-54
-69
2
43
29
-18
93
184
157
180
250
321
304
269
244
151
132
86
113
71
28
26
61
168
203
231
302
331
336
458
437
386
359
251
147
16
-77
-152
-215
-200
-165
-139
-60
-19
-20
45
61
86
153
59
8
-33
-108
-156
-262
-315
-355
-328
-319
-376
-324
-212
-180
-182
-91
-60
-16
-42
-72
-158
-211
-264
-378
-425
-393
-378
-344
-335
-360
-253
-234
-240
-147
-68
-39
-26
-18
-103
-108
-100
-140
-149
-170
-226
-227
-268
-275
-192
-168
-162
-97
5
100
192
162
182
228
227
151
101
36
20
-28
-36
-54
-72
49
47
92
184
189
188
250
255
227
224
187
187
174
160
106
57
104
73
116
211
263
296
326
332
266
177
149
161
202
135
64
-31
-63
-75
-30
-50
-45
-73
-101
-82
-22
-12
-83
-48
-78
-39
-79
-91
-113
-155
-191
-187
-197
-133
-128
-140
-126
-77
-36
-32
-22
-136
-98
-207
-236
-290
-363
-299
-285
-289
-268
-257
-256
-168
-145
-82
-13
-41
-52
-39
-43
-14
-22
-73
-107
-143
-127
-228
-223
-140
-168
-131
-81
-12
18
-5
44
81
49
-22
-40
-6
49
19
33
-21
-23
20
67
160
132
194
160
167
177
190
258
217
141
125
150
169
195
125
123
134
127
161
220
221
227
237
210
188
178
140
60
49
81
166
101
114
154
114
98
58
60
64
43
-74
-26
-22
-46
-64
-50
-46
-94
-62
-19
-26
-39
-18
-32
19
-10
-57
-66
-101
-84
-87
-44
-105
-148
-120
-175
-179
-172
-155
-147
-151
-91
-84
-58
-62
-90
-52
-106
-67
-76
-50
-92
-49
11
3
2
-20
-8
-104
-70
-31
-42
-64
24
25
69
61
-14
8
-25
18
-25
-18
-16
25
66
17
22
87
116
53
93
126
55
100
73
62
112
121
192
146
123
140
111
127
211
181
117
143
155
201
223
216
119
106
144
125
137
131
88
135
117
109
51
36
113
116
73
111
95
80
130
84
56
31
3
12
35
57
96
84
56
58
97
44
1
39
18
28
27
-11
-32
-57
-84
-85
-102
-56
-73
-58
-6
-19
-2
11
40
40
54
48
53
43
75
67
13
45
24
10
23
77
68
43
51
67
35
33
-3
51
40
25
46
20
-19
-78
-23
-56
-13
-31
-6
23
13
80
92
67
118
122
132
107
30
-7
40
98
95
80
95
28
48
170
180
167
192
226
198
191
230
223
151
149
177
162
125
99
96
141
132
66
95
73
65
77
132
148
83
79
91
94
58
-4
0
-59
-19
-2
-12
-43
-13
-7
57
60
4
4
27
6
-30
4
-65
18
-62
-79
-69
-41
-28
-85
-26
-6
-3
10
20
53
54
55
48
41
34
62
115
75
34
15
43
28
12
-9
39
40
31
62
41
59
135
107
96
83
90
85
49
88
46
-33
-27
7
13
57
58
102
135
59
44
101
120
155
100
71
68
110
90
51
75
42
10
9
56
88
101
92
101
145
173
190
189
194
177
97
88
127
101
67
102
72
92
80
83
102
82
107
106
111
105
111
79
102
99
38
68
44
74
52
-30
-23
20
20
49
89
26
2
24
101
90
53
95
72
41
36
37
42
18
16
-4
39
49
109
207
115
83
77
102
99
62
55
67
78
89
48
23
43
36
22
26
26
20
84
91
72
24
33
90
46
79
52
30
85
54
77
53
35
23
24
140
141
124
115
104
84
32
12
31
49
42
39
79
160
141
175
135
167
200
167
168
175
180
139
215
178
140
151
216
194
211
253
119
92
111
88
56
97
90
134
160
135
161
182
218
116
148
188
158
160
176
146
94
105
86
104
60
35
26
91
88
61
99
104
93
121
137
77
99
160
197
148
79
165
147
101
61
103
153
72
45
46
78
66
109
105
40
38
43
93
66
69
114
69
67
73
72
61
37
50
75
86
122
161
147
109
96
49
84
112
102
125
72
47
32
43
76
94
65
25
124
132
144
126
144
170
181
144
113
111
117
40
5
55
60
135
119
137
137
94
83
211
195
195
192
93
133
114
127
163
147
158
163
196
192
207
119
90
161
77
70
86
110
89
97
81
100
67
61
131
107
74
38
63
104
123
113
121
135
174
120
63
55
38
39
93
116
119
117
90
88
12
13
51
107
95
94
202
162
125
141
124
128
78
44
73
91
66
58
94
147
182
88
92
102
124
217
202
233
181
157
124
139
127
113
131
131
142
144
139
96
120
69
100
181
92
40
59
-10
-28
8
36
79
85
33
51
11
-10
91
109
103
79
106
121
106
70
129
155
108
109
89
83
109
78
59
88
154
146
135
146
149
163
135
115
89
85
72
104
72
52
51
48
71
113
192
114
114
141
135
132
159
125
132
158
146
160
146
136
158
134
92
98
126
83
75
48
61
86
70
93
105
76
78
123
83
101
69
20
30
88
83
138
168
107
151
151
112
144
47
147
206
160
153
135
156
179
158
145
199
187
179
116
118
148
124
138
