142
-43
145
200
-16
-56
-209
-51
-129
-106
53
206
190
-171
-54
45
-19
-143
154
236
-39
-10
73
-29
21
55
318
452
146
-170
-91
3
-17
260
97
-208
-81
52
10
-510
-240
119
359
110
-205
-104
342
-248
-338
431
380
-25
38
380
-101
-301
-519
-155
175
543
452
241
-278
-885
-401
120
-300
45
853
584
-192
-30
-78
-295
-312
16
542
586
274
-120
107
14
-86
-289
-8
-196
-177
261
151
85
-228
-156
17
-690
-645
150
580
384
244
592
157
-478
-542
-117
216
511
408
668
529
-195
-548
-415
190
159
392
546
104
-90
-65
-343
-498
-521
112
471
202
25
17
34
-448
-61
250
427
251
414
482
-112
-301
-298
-11
-52
-173
527
509
-76
-574
-204
1
-79
181
538
221
-255
-119
200
9
-375
-244
262
429
-93
-198
-19
-150
42
516
359
-210
-185
328
275
-147
31
518
92
-98
155
16
-602
-314
426
577
72
138
398
52
-582
-334
201
322
82
255
39
-362
-404
10
431
565
127
22
169
10
-475
-291
138
125
212
529
-17
-545
-606
-392
127
366
507
170
407
179
2
-181
-220
30
291
564
360
33
-325
-124
-318
-399
-146
430
482
-85
-22
615
57
-369
162
331
-263
-183
618
243
-188
-468
-223
-107
49
330
466
-339
-631
157
815
371
170
518
191
-856
-903
-130
233
415
481
473
-103
-476
-384
20
338
175
76
458
24
-500
24
662
50
-94
120
-13
-348
-77
459
252
-24
-319
-67
-386
-544
-35
569
-115
-356
-251
57
-94
217
635
320
-622
-238
603
3
-306
166
518
-128
-267
-15
-28
-263
180
867
494
-165
-384
-98
144
51
513
252
-9
-138
-541
-251
3
-221
127
133
19
13
-72
3
-146
193
29
219
260
299
230
160
-159
-300
71
-19
-87
129
456
-74
-82
315
-298
-767
-48
597
79
238
514
-7
74
223
197
-360
-403
-517
-19
63
-162
-377
144
205
-216
-300
153
-454
-290
304
-89
-448
-104
478
489
-90
-148
-144
-15
-8
210
452
144
-268
-72
356
6
-241
260
252
-227
75
199
166
64
37
336
161
-487
141
416
159
-202
-1
1
-572
-52
289
77
-204
-480
-309
46
-121
151
323
197
-461
-477
169
128
233
180
194
-51
-348
-79
196
108
172
238
164
-641
-357
220
213
114
-186
8
-202
-430
287
557
-103
-306
250
29
-264
3
13
81
-126
-351
-525
-12
207
16
-70
-39
-396
-311
332
-32
-153
-311
-195
-461
-287
240
605
-99
-273
-122
-127
-337
139
636
162
-268
121
192
72
-562
-306
-4
-201
-137
339
430
-228
-371
-121
-40
-452
-200
126
-95
-550
-246
420
135
-709
-500
207
-154
-246
681
287
-677
-610
405
323
-414
-42
202
-184
-648
418
883
101
-485
-313
247
-359
-496
-259
173
-382
-342
-214
162
-330
-314
-28
161
-418
-298
404
109
-383
-394
363
269
-164
-704
-28
35
-124
34
305
-116
-585
-266
145
74
-260
-141
-307
-361
-433
-134
-18
-114
-257
-137
-240
-491
149
269
4
-336
-3
-381
-618
-176
-5
359
91
-48
-222
-228
-457
-196
443
61
-203
-167
73
-493
-195
163
-126
-336
-155
-108
-500
-448
-292
-342
-169
-473
-758
-730
-434
5
103
-184
-248
-284
-417
-25
162
-128
1
291
-205
-378
398
10
-36
393
426
-70
-89
-306
-552
-116
166
-263
142
847
-164
-525
-480
-478
-523
-239
-159
-628
-19
193
-700
-414
-325
-144
-80
173
-132
129
206
46
61
-228
-48
-355
-482
74
-128
153
42
415
131
-604
-436
-544
-443
-27
119
111
148
239
-477
-942
-332
94
-149
187
66
-60
-83
50
593
-158
-209
-63
-588
-216
-548
118
-104
50
-289
-9
-237
-643
-346
-5
-8
-436
85
284
-160
26
216
-380
-338
261
296
-407
-305
-28
-274
183
6
-435
-479
-340
142
-140
-443
-720
-75
203
-344
-514
101
-243
-488
-311
102
-177
-90
8
-12
275
-403
-12
104
200
-236
-44
-175
-462
-365
22
176
-170
-38
-165
-551
-240
90
321
112
-34
-317
-129
-307
-137
45
-221
-381
-638
-297
-344
360
591
372
49
-307
-312
-1105
-63
278
137
-48
107
-162
-525
-261
291
17
-170
50
-177
-585
-517
115
67
-453
-588
-212
5
-512
191
1213
148
-549
-539
-185
-75
-63
-20
177
-551
-833
247
412
-336
128
53
-745
-1078
-264
42
-274
-445
-362
-239
-327
101
165
47
404
17
81
-271
-209
28
526
244
-610
-344
-643
-97
57
232
187
32
37
115
34
-309
-765
220
-89
-621
-379
-86
327
-35
182
-108
111
-142
-214
-320
-644
-361
118
37
-185
-59
245
-293
3
251
-350
-461
-256
-72
-264
-374
-251
-406
-248
-36
-223
-241
-180
-97
80
-15
-350
24
-153
-224
-57
34
-165
-47
-38
-241
-182
-111
-237
-89
53
-285
-536
165
462
-85
-450
-188
-364
-390
-115
143
312
-471
-552
539
378
168
-27
0
-749
-599
-7
59
95
160
-62
-115
-707
-496
601
891
-23
-482
384
-176
-696
-358
-17
-591
-442
-189
404
357
-205
263
283
-436
-577
-499
-95
-255
405
371
-319
-466
-471
-588
28
237
762
254
-562
-470
-530
-60
684
-11
-178
-388
-229
-65
-265
123
313
-409
-486
-664
-237
-399
120
594
-167
-206
-179
-717
-904
161
10
66
92
-4
178
-238
-626
-399
732
258
-189
109
-15
-580
-174
521
207
-155
-144
70
-364
-718
-358
-304
-148
-512
-123
202
165
-38
213
549
-360
-388
-183
-406
-365
-56
522
-57
-136
276
-557
-670
-325
265
83
248
-24
-373
-739
-398
-51
-249
443
246
-82
118
101
-272
-304
167
8
-215
116
234
192
-113
-86
23
377
-74
-332
-204
-148
-576
12
444
-530
-449
-25
56
-354
314
-76
-337
-114
452
371
-436
-374
-55
73
-89
-427
378
55
-345
-284
440
-73
-698
-112
18
-498
-518
123
-288
-337
77
397
-118
236
-7
57
-240
-123
-160
87
-281
152
132
-79
10
-171
278
-194
-182
-189
-290
-388
8
255
-82
-753
-208
25
-398
-35
264
298
-241
-28
114
-348
441
284
-335
150
332
214
467
-36
-186
406
103
-479
-507
-127
-498
-156
194
-185
-183
-29
40
-358
-176
-551
-373
-99
-349
-409
74
-44
-500
313
178
-270
-347
139
318
76
-54
-20
-193
-717
-63
-249
-375
-228
53
60
393
476
-154
10
111
-9
-336
137
339
-276
-226
207
240
-523
-38
272
-295
-441
-146
278
-704
-12
55
-545
-684
-264
-45
-103
97
-258
206
356
-77
-376
-138
-181
250
329
315
-177
-372
260
94
-31
-421
124
-138
-326
-500
-168
-28
-667
-273
-248
-300
-445
106
31
-598
-462
-232
-127
137
-92
306
128
-426
-457
-162
234
-100
-322
137
429
246
-149
-162
-92
-790
-458
-23
78
-255
-211
141
-125
-180
-185
-331
-12
-320
-209
152
239
-411
-9
284
66
-137
154
170
-257
-9
67
-49
-187
-7
-533
-521
-566
-163
-54
-56
-35
-241
112
-345
-271
-49
65
-395
-347
-32
177
-318
-309
214
7
-555
-71
247
447
-617
-437
381
275
-63
-175
209
-235
-405
188
132
201
326
33
-522
-648
-201
105
29
-334
27
-225
-49
-422
-478
-418
-58
-134
77
426
-105
-833
-409
-387
-125
73
47
198
175
-56
-150
-37
167
-416
3
39
-42
202
185
-34
-226
-194
-77
-146
-239
107
-305
-399
-216
52
-240
-26
-131
-67
104
284
279
-40
-609
-563
-266
-253
-240
-95
-283
-305
-171
-391
-443
65
46
86
139
183
-84
40
-160
-185
-83
247
-313
-46
159
-306
-336
56
10
-177
247
-213
-276
-10
478
206
-415
-313
-240
-247
-145
77
-153
-342
-425
-400
197
-329
-550
-411
169
-226
-506
76
286
-513
-421
-120
23
-200
250
345
45
334
419
141
209
51
130
-404
-274
-194
-6
-204
-218
-82
-2
-499
20
200
-352
256
-281
-346
-601
34
267
-229
-327
103
60
-45
-28
126
21
35
-113
504
-57
-198
-155
18
-369
-415
214
-137
-603
-677
-391
-60
-86
19
204
-148
-160
-164
74
-161
-31
191
130
-139
34
396
48
-266
-269
-296
228
-156
73
-381
-358
-182
-43
229
-391
-613
-180
259
-558
-428
145
-20
-734
-36
255
-295
-699
139
52
-187
-31
443
298
-308
-233
409
94
-240
-394
138
-475
-256
116
346
-111
-840
-438
-121
-62
-219
457
-11
-629
-238
561
42
-403
-22
157
-152
-33
285
253
-118
-154
187
210
-525
-71
-40
195
-520
-69
-316
-70
-201
72
111
-258
121
31
-510
-699
243
137
136
-49
-165
-615
-515
-142
-127
-235
303
7
178
-148
135
-523
-139
32
191
295
151
66
-193
197
440
12
-370
200
513
54
-17
-222
91
46
-5
-33
280
-296
-533
150
-68
-130
-150
205
-154
-317
67
228
-505
-353
-25
162
-358
-645
257
150
-159
-307
82
264
-93
-110
-79
-434
-562
-251
116
-6
-255
28
275
342
445
197
-45
-105
-195
201
179
-169
-428
-37
236
-42
-202
3
256
66
-249
-247
116
-164
-276
-518
-511
-47
-299
-34
37
-252
-762
-212
280
-16
31
-92
-315
-450
-446
8
-309
-509
269
639
486
106
170
562
123
-300
-331
196
-24
35
650
252
-341
-311
169
144
-289
-564
144
100
187
-6
129
-37
-633
-261
119
34
-98
90
61
-20
-234
139
-86
3
-154
-216
374
-4
-353
255
-56
-549
-367
301
-173
-736
-233
255
-418
-98
143
218
109
-112
-92
-196
-86
-264
-11
-120
-152
-258
296
543
-32
-374
-190
276
114
-25
239
80
-140
-103
484
151
-395
-340
-45
238
53
188
-347
-645
45
-114
-214
-382
-108
155
-285
35
253
302
134
213
477
-116
-382
329
755
323
-108
-163
74
-500
-150
224
-532
-677
-450
275
-151
-473
-15
-239
-498
-198
-255
87
-136
43
-105
-82
-111
-269
-62
195
171
1
301
210
-268
-59
113
-209
87
296
253
-16
-9
297
-250
-538
-169
280
417
125
-39
171
145
188
214
101
168
386
471
452
80
1
-225
-387
-658
-397
-502
-668
-816
-1275
-1711
-1899
-1080
-607
-974
-1055
-418
-213
-242
-300
-692
-813
-485
226
614
378
212
376
243
-130
295
622
508
245
569
1102
478
273
385
356
288
553
635
609
639
158
-89
118
179
164
23
136
171
-267
-21
70
-250
-600
-727
-251
-160
14
7
275
291
-6
547
620
149
211
338
335
573
797
709
56
-286
112
398
317
51
-93
-2
262
-241
-911
-640
-192
-376
-539
-308
-407
-626
-457
-180
119
208
728
482
-336
-448
-81
196
-244
-241
-39
-416
-567
-700
-966
-1151
-1150
-1005
-1112
-1385
-1436
-997
-608
-617
-608
-177
63
-111
259
476
511
519
679
965
892
471
477
959
1345
1429
2041
2175
1763
1487
1705
2029
1473
1388
1174
843
969
640
615
507
225
-569
-686
-350
-785
-1056
-842
-916
-1359
-1264
-1287
-1411
-1967
-2173
-1476
-849
-770
-679
-365
-301
-814
-235
100
279
568
998
1426
1318
1215
1238
1068
540
350
128
340
340
-227
-413
-261
-50
139
701
1129
469
213
471
666
313
90
-255
37
915
1138
-534
-4091
-6592
-4635
-512
2902
4770
6100
7350
7276
6283
4557
2558
895
-318
-1731
-2865
-3533
-3554
-3056
-2231
-1118
-297
380
1949
3595
4105
4301
4988
5157
4973
5050
4789
3941
3668
3830
3432
2198
1522
1526
2312
4178
5981
6362
6165
6788
8024
9032
7991
4587
-394
-6305
-10178
-10296
-8409
-6567
-5560
-4966
-4081
-2425
-832
391
2533
6445
10620
11763
9930
7476
5737
6281
8750
10030
7173
2002
-1663
-1618
309
1821
1486
-2375
-8124
-11250
-11087
-9845
-8926
-8017
-6676
-5326
-5202
-6878
-8285
-7811
-6560
-5279
-3845
-3056
-2114
-1019
202
580
992
757
1150
2703
3772
5102
5820
6495
7226
7167
6329
2959
-1122
-3718
-4717
-1353
2342
4007
4964
6428
5478
1064
-2742
-3263
-2574
-3034
-4882
-6153
-6748
-6850
-5796
-4374
-3587
-3342
-2120
-544
-324
-444
332
1683
2566
3012
3723
3933
2933
1501
676
29
-479
-557
487
1797
2448
2883
3456
3497
2941
2503
2165
1280
-569
-2168
-2799
-3385
-4422
-5503
-5544
-5628
-5487
-4383
-2794
-991
-147
323
1321
2236
3721
5327
6465
5893
4886
4251
3901
1924
1866
8792
13940
14571
9735
2590
-1404
-1534
-544
324
1055
1423
-756
-151
1662
-1237
-7662
-11470
-9773
-6620
-4467
-1096
2236
1901
-1470
-3144
-2675
-3996
-7538
-9534
-8710
-6430
-3938
-1221
248
-1175
-4174
-6083
-6276
-5324
-3907
-2332
-877
-219
527
1275
981
-208
-1778
-2114
-1256
381
2221
2897
2049
44
-1494
-1859
-1903
-1645
-1468
-988
-852
-566
96
2
321
-247
-1196
-2230
-2469
-1502
-259
261
768
1032
921
490
236
229
-413
-964
-105
1321
2103
2207
1685
475
-1095
-1811
-1577
-1297
-1322
-1284
-985
-1195
-1914
-2955
-4224
-5353
-5723
-4745
-3417
-2368
-2412
-2840
-3702
-4342
-5325
-5703
-6393
-6828
-7880
-8032
-7367
-4718
5315
12711
13824
7939
3279
5610
6560
4708
5815
9053
11522
8492
8524
11879
9334
222
-6250
-4493
-270
1230
2944
5511
4022
-2370
-6402
-5837
-5226
-7806
-9922
-8287
-5105
-2800
-1528
-1228
-3408
-7368
-8597
-5887
-950
2525
4194
5565
5830
5969
5951
5724
4666
2696
2871
5028
7832
9544
9300
7325
3629
884
-180
-164
-548
-1308
-1068
-989
-8
938
559
-2195
-5479
-6361
-4925
-2431
382
2213
1687
-129
-915
-643
-876
-1970
-2148
-1321
-165
1576
2906
2280
-572
-3182
-3737
-2896
-1760
-991
-940
-2010
-3096
-3710
-4121
-5329
-6709
-7347
-6331
-4905
-3751
-3289
-3885
-5191
-6694
-7453
-7502
-7295
-8579
-7731
-6768
3628
15511
19265
13414
3219
1785
4200
2765
3828
7999
13216
11468
7909
10851
11146
1805
-9934
-11561
-4968
-463
764
2941
3744
-3038
-11378
-12699
-9087
-8165
-10578
-8972
-3109
1376
2070
1185
-51
-3826
-7122
-5806
528
6528
8230
8494
8107
7521
6189
4649
3554
1285
294
1936
5654
8246
7557
4464
-557
-4822
-6558
-5559
-4099
-3634
-2977
-2122
-1740
-339
324
-1724
-5190
-6632
-3921
-148
2338
4309
5067
4099
2331
1970
2695
1736
139
654
2914
4659
4896
4036
1423
-2129
-4563
-4442
-2782
-2002
-2090
-2447
-2775
-3497
-4593
-5712
-7005
-8098
-7749
-5850
-3422
-2294
-2589
-3965
-5347
-6441
-7042
-7103
-7561
-6038
-4752
6904
19521
23338
15806
3549
2078
4493
3217
4223
8846
15316
12986
8085
9333
8389
-1809
-14298
-14900
-5754
810
1439
1856
1853
-5120
-13920
-15773
-10731
-7532
-9200
-7580
-884
4673
4508
1406
-848
-3587
-5648
-3657
3667
10468
11804
10519
8772
7966
5965
3157
1489
-28
380
2700
6374
7922
5464
322
-5576
-8783
-9135
-6825
-4430
-3292
-2397
-1872
-1804
-2483
-2361
-1637
-2145
-2320
-266
3735
6280
6319
5587
4346
2612
1603
2528
3814
3288
2078
2583
3774
3278
1467
-555
-2514
-4347
-4473
-2729
-1547
-2197
-3550
-4416
-4859
-5349
-5958
-6262
-6471
-5986
-4917
-3168
-2413
-2262
-3731
-4891
-6414
-6546
-7923
-6971
-5700
112
15106
23902
22149
9098
127
3024
3720
2492
4784
12144
16664
10190
6374
6981
1838
-11637
-19360
-11631
-114
3158
441
19
-2288
-11021
-17400
-14919
-7754
-6074
-7634
-3237
4641
7609
3436
-1091
-2656
-3425
-3019
1509
9760
13709
12090
8760
6927
6144
2631
-302
-1468
-487
2241
5024
6779
4568
-762
-7117
-10751
-10437
-7687
-4336
-2777
-1904
-1600
-1953
-2505
-1846
-862
-1577
-1575
812
5152
7534
6985
6095
4152
2219
1270
2328
3896
3000
1679
2162
3114
2491
268
-2010
-3955
-5136
-4648
-2753
-1624
-2585
-4510
-5799
-5823
-5482
-5658
-5829
-5942
-5399
-4641
-3520
-2887
-2704
-3446
-3907
-4685
-5386
-6445
-7881
-6271
-4081
9735
23645
26007
14986
297
-406
3717
2664
3481
8916
16747
13605
6046
5103
3105
-7467
-19440
-16425
-2391
5862
3187
-1522
-2799
-8367
-15938
-16876
-9733
-3542
-4882
-4458
2514
8741
6656
-564
-4166
-3683
-1894
1209
8198
14260
13691
9163
4970
4350
2784
-496
-2007
-787
2969
5805
6533
3897
-1545
-7787
-11862
-10789
-6827
-2604
-1261
-1495
-1760
-2378
-3234
-4163
-1827
969
2589
3490
5365
7955
6819
3873
2012
2015
2739
2687
3841
4521
2638
191
-567
282
-378
-2281
-3165
-3005
-2849
-3099
-3042
-3628
-5069
-6247
-6009
-4408
-3611
-3994
-5140
-5544
-5410
-4489
-3749
-2577
-2509
-3176
-4575
-5290
-6987
-8093
-7636
-3525
12941
25650
25739
12116
-1205
44
3400
2660
4249
10820
17952
12779
4912
3668
874
-9989
-19916
-13983
848
7177
2125
-3362
-4612
-9952
-16657
-16416
-8263
-2200
-3938
-3010
4038
9219
5225
-3185
-6021
-3516
-104
3850
10679
15537
13472
7199
2572
2418
1427
-1049
-1443
1462
5716
6993
5090
610
-5070
-10228
-11952
-8851
-3728
-238
-376
-1800
-2684
-3728
-4650
-2841
265
1902
2578
4303
7126
6805
4321
3161
2994
3025
2841
3998
5008
3102
651
-88
238
-205
-1525
-2285
-2884
-3457
-3406
-3016
-3392
-4571
-5373
-5577
-4656
-3694
-3761
-4371
-5361
-5092
-4961
-4015
-3073
-2363
-2643
-2765
-3910
-4930
-8194
-9360
-8556
-1077
17378
28502
24670
7189
-4483
-424
3457
3007
5456
13606
19078
11104
3494
2258
-1868
-13565
-20343
-9645
5703
9071
735
-5490
-6889
-12188
-17419
-15104
-5479
-357
-2911
-1149
6068
9372
2140
-7133
-7537
-2120
3124
7500
13356
15921
11237
3469
-412
869
955
-549
109
4189
8041
6862
1918
-3878
-8637
-11525
-10517
-5461
19
1490
-912
-3451
-4338
-5481
-5346
-2161
2085
4854
5487
6251
6577
3717
937
1179
3369
5240
5120
5249
4439
1425
-1084
-1774
-1018
-822
-1277
-1097
-1255
-2459
-4081
-5041
-5563
-5691
-5248
-4126
-2886
-2928
-3774
-4971
-5678
-5791
-5331
-4276
-2419
-1470
-1525
-3305
-5146
-7278
-9677
-9674
-6185
11680
27996
28820
12580
-4469
-3417
3106
3112
4036
11294
20464
15235
3586
492
-721
-9422
-19844
-13780
3839
11478
3366
-6655
-7756
-10255
-16518
-17401
-8467
980
-212
-1971
3453
8717
4021
-7311
-10208
-3216
4450
8650
12503
15685
12461
3806
-2403
-1169
1737
1766
1687
4609
8633
7588
1327
-5395
-9400
-10626
-9250
-4867
664
2727
-273
-4530
-6366
-6532
-5114
-1888
2090
4724
5453
5719
5570
3900
1344
717
2032
4468
6194
6168
4521
1416
-1011
-1522
-1213
-516
-466
-908
-1332
-2129
-3234
-4745
-6016
-6228
-5314
-4045
-2617
-2443
-3511
-5321
-6594
-6398
-5298
-3936
-2481
-1765
-1514
-2704
-4751
-7474
-10114
-10288
-6450
12417
29405
29649
11285
-6992
-5174
2993
4165
5452
12766
21524
14954
1890
-1649
-2115
-9515
-18711
-11743
6180
12992
2791
-8848
-9843
-11152
-16244
-16682
-7205
2781
1041
-1827
2414
6751
1516
-9727
-10905
-1581
7386
10993
12967
14154
9705
1142
-4068
-1111
3551
4305
4134
6120
8521
5639
-1807
-7721
-9751
-8737
-6073
-1842
2162
1890
-2662
-7219
-8291
-7518
-4504
993
5485
6592
4960
3694
2697
64
-1263
969
4848
7551
7487
5876
2615
-1758
-3662
-2204
476
1950
1702
730
-891
-3246
-5450
-6831
-6886
-5471
-3426
-1861
-1350
-2903
-5579
-7742
-7966
-6163
-4141
-2719
-1439
-1384
-2107
-4505
-6455
-9233
-10599
-11368
-661
20734
31957
23240
-36
-10636
-2659
3969
5437
9111
18667
21026
7519
-2917
-3174
-3837
-12299
-15357
-1462
12910
10511
-4407
-11939
-10941
-13284
-16370
-12002
486
5195
-402
-2202
1718
2774
-5808
-12288
-5750
5631
11574
11637
11669
9698
2736
-4338
-3853
3431
7579
7045
6184
6795
5767
-555
-6692
-8287
-6467
-3588
-908
2065
2243
-2229
-7843
-9874
-7881
-3812
1041
4994
6653
4801
1397
-1162
-2243
-1492
993
4634
7938
8402
5701
1273
-2408
-3520
-2012
1045
3822
4391
2317
-860
-3650
-5594
-6676
-6340
-4227
-2017
-954
-1473
-3451
-6138
-8318
-8526
-6676
-3850
-1615
-688
-1644
-3457
-6286
-7711
-9316
-9084
-9905
484
21106
31862
21932
-2487
-12637
-3254
5090
7969
12454
21618
21190
4679
-6736
-5607
-3502
-9567
-10959
2335
14238
8669
-8107
-14672
-12324
-13411
-15248
-9547
3522
6492
-1649
-5303
-2261
-1417
-8576
-11240
-1528
9641
12750
10001
8541
5716
-757
-5249
-1317
7804
11252
9200
6592
5074
1977
-4314
-7209
-5218
-1773
419
1371
2002
-527
-6573
-11028
-10300
-6045
220
4883
6042
3332
-703
-3002
-3054
-2007
733
3957
6520
7325
5817
2578
-1258
-3085
-1551
1858
4496
5365
3708
40
-3236
-4974
-4833
-4283
-3299
-1907
-1668
-2456
-4421
-6463
-8205
-8182
-6582
-3709
-1965
-1627
-3302
-5162
-6626
-6963
-7613
-7735
-8637
-6468
10543
26901
28410
8264
-11973
-9451
3185
10078
12942
18681
23363
11169
-5917
-9434
-3044
-2269
-7039
-1655
10638
11870
-3135
-15996
-14735
-11519
-12032
-10749
-662
7375
1020
-7350
-7867
-3806
-5593
-10071
-4087
7611
12898
9143
5066
3835
537
-3086
-1379
7479
13538
11576
6819
3379
1655
-2239
-5169
-2800
1227
3063
1624
246
-1650
-6107
-10171
-9514
-2340
3085
3339
767
-1541
-2544
-4318
-3748
-319
2930
4287
3720
3880
3488
949
-1327
-412
3088
5443
5518
4014
1683
-1133
-3404
-3358
-2096
-912
-810
-1497
-2290
-4163
-6504
-7977
-7682
-5819
-4208
-3018
-2907
-3557
-5543
-6922
-7888
-6771
-7339
-6785
-9174
-4072
14494
27757
23457
25
-14140
-5399
7042
12952
15704
21776
21451
4413
-9659
-7672
947
289
-3111
3710
11931
6454
-10244
-16641
-11121
-8667
-10144
-7890
2536
5057
-4704
-10829
-8262
-4066
-7224
-8302
956
10121
9514
3004
1069
1440
-303
-987
4224
12653
13495
8049
3135
1456
1065
-1382
-706
3157
5127
3054
-639
-2470
-4164
-7367
-8146
-5142
-9
3777
3054
-171
-4576
-6728
-6064
-3131
1353
4955
5738
3675
800
-708
-1517
-1267
1260
5056
7295
6284
3668
462
-2230
-3262
-2275
-148
812
609
-1070
-3636
-5739
-6927
-7364
-6625
-5054
-3193
-3243
-4269
-5850
-6703
-7840
-7567
-7082
-6964
-8358
-10251
4454
21692
26837
9973
-11734
-11002
2456
11496
14803
18948
23373
11450
-6598
-10132
268
5726
1163
1734
8726
8385
-5579
-15819
-11005
-5712
-6605
-8755
-2587
4044
-2741
-11431
-11760
-5935
-4826
-7863
-2646
6474
8237
1448
-2665
-709
400
501
3270
10745
13515
8557
3018
626
1738
1607
1718
4887
6604
4869
159
-2763
-3459
-4822
-5626
-4084
461
1938
704
-1987
-4521
-5404
-5783
-3267
128
2222
2871
1057
-240
-834
-823
117
1805
4163
4985
3953
2151
977
207
-269
745
1570
1351
-227
-2041
-3029
-4183
-4662
-4447
-4113
-3525
-3808
-4230
-5770
-6752
-7409
-6111
-5704
-4730
-6414
-7707
-11729
-10226
7081
22438
23243
3103
-13085
-7526
4529
11274
14455
20396
21189
5170
-9557
-6928
5139
7598
3193
5111
9365
3847
-10061
-13259
-5436
-2623
-6089
-7603
-248
2221
-6453
-12098
-9492
-4581
-6485
-7609
-142
6364
3799
-3220
-4003
-1015
21
903
5272
11242
9883
4120
799
1329
3560
3438
4801
7127
6354
2698
-1147
-1514
-1189
-2143
-2247
-1088
891
-248
-2046
-3217
-3971
-3814
-3785
-1747
33
546
-139
-1608
-1561
-1005
-234
793
2279
3450
2789
1651
1116
1312
1235
1290
2144
2177
1129
-423
-1424
-1871
-2568
-2900
-2990
-2773
-2894
-3515
-4514
-5260
-5875
-5713
-5705
-4271
-4924
-5552
-8321
-8593
-11679
-7867
8729
21468
19215
-1784
-14168
-6920
4340
10861
14872
20954
18084
647
-11248
-5645
6631
8846
6167
7898
8690
-92
-11624
-9826
-1429
-377
-4701
-5195
1043
-241
-8476
-10930
-7223
-4577
-7572
-6163
1487
4490
-593
-6149
-4683
-1973
-1158
997
6326
9696
5379
307
-425
1840
3816
4263
6685
7699
4783
775
-942
394
907
235
522
1314
287
-1350
-2028
-1849
-2437
-3338
-2710
-1099
-501
-734
-1570
-2200
-2342
-1815
-230
1089
1734
1557
813
376
486
1071
1759
2413
2475
1651
260
-432
-400
-611
-896
-1026
-1059
-1731
-2522
-3040
-3080
-3695
-3978
-4431
-4008
-4297
-4287
-5401
-5544
-6854
-7452
-9829
-9274
4483
16140
17233
733
-12088
-8299
1055
7347
12237
18941
17904
1980
-10974
-6837
5922
9662
8066
9014
8748
30
-10430
-7960
1217
2656
-1576
-3088
694
-905
-7829
-8769
-4735
-3019
-6394
-6197
-120
2253
-2244
-6210
-4671
-2949
-3031
-754
4628
7257
2991
-1035
-992
578
1860
3607
6799
7341
3646
387
274
1946
2295
2068
2711
2810
711
-1690
-1344
217
0
-1298
-930
369
-558
-2555
-2879
-1967
-1638
-1776
-526
910
401
-1167
-1800
-1205
-444
287
1408
2244
1826
476
-620
-971
-611
-257
143
500
236
-794
-1835
-2350
-2312
-2217
-2075
-2113
-2379
-3178
-3527
-3509
-3430
-3909
-4606
-5060
-6166
-7051
-9124
-416
9741
14340
4307
-8042
-8337
-1852
3209
7089
13902
16092
5504
-7453
-7205
2817
7343
7334
8297
8782
1640
-7066
-5512
2210
4097
339
-1173
225
-1034
-5233
-4852
-1467
-1690
-5109
-5620
-1561
305
-2166
-4194
-3417
-3554
-4510
-2353
2296
4376
1221
-1712
-1869
-1331
-494
1971
5342
5724
2458
-203
-94
1036
1935
2888
3743
3367
1265
-242
-200
338
1275
1486
1519
655
-155
-501
-671
-846
-872
-880
-961
-718
-477
-407
-1215
-1765
-1451
-793
47
579
764
166
-906
-1527
-1190
-584
153
380
-104
-690
-1067
-1365
-1571
-1221
-752
-886
-1258
-1121
-713
-1229
-2005
-2632
-2170
-2361
-2328
-2919
-2511
-3688
-3866
-6237
-3952
2831
8076
6497
-2087
-4978
-3759
-435
1376
7381
10953
7043
-2439
-5757
-977
2491
4003
5880
7547
3420
-3119
-3880
303
2617
1214
1211
1373
-9
-2612
-1824
214
-633
-2917
-3420
-1501
-651
-814
-1048
-1120
-2834
-4411
-3280
-330
1768
914
-320
-1268
-2086
-2640
-1153
1519
2844
1661
14
-226
-141
86
757
2063
2249
1137
43
339
1007
944
610
310
824
1049
996
939
930
573
-360
-602
-119
244
-57
-241
-290
-746
-1685
-1659
-689
-298
-811
-1083
-840
-990
-1413
-1276
-592
-539
-811
-778
-498
-389
-540
-501
-484
-481
-311
-10
67
229
245
-130
-506
-350
-47
-106
-476
-651
-586
-1056
-1305
-1156
-695
-1074
-1750
-2454
-1802
82
1581
1516
-204
-1205
-1588
-1317
-837
1293
2742
2271
111
-870
-495
-13
639
1764
2486
1429
39
-36
764
807
466
506
614
133
-101
434
724
149
-685
-854
-956
-821
-300
215
-93
-895
-1340
-1269
-964
-582
-128
-122
-454
-825
-722
-502
-155
20
18
-133
-94
18
122
173
220
96
-210
-295
31
317
123
-101
-133
-117
-380
-489
-288
-112
-51
-43
255
60
-316
-538
-447
-198
-109
-79
-226
-376
-399
-295
-359
-391
-221
-73
-101
-5
203
412
-29
-330
-211
-26
-33
-48
-138
-199
-407
-392
-356
-543
-506
-316
-35
-115
-242
-332
-516
-595
-437
-252
-300
-310
-174
-195
-336
-384
-300
-195
-296
-382
-212
-28
47
-155
-464
-691
-743
-440
-1
240
26
-283
-512
-625
-575
-319
-79
58
5
-13
-114
-80
-231
-163
-2
41
-20
-41
142
369
411
157
-78
-154
-109
-12
199
459
592
287
-49
-198
-229
-155
42
267
275
105
-39
-170
-344
-518
-483
-307
-185
-222
-238
-280
-536
-668
-541
-251
-57
-84
-198
-185
-200
-285
-131
44
212
214
92
-27
-70
35
103
100
45
-105
-144
-58
27
-3
-162
-313
-490
-573
-468
-218
-42
-50
-249
-510
-596
-528
-366
-257
-60
60
39
12
-12
95
55
-57
-118
-76
69
282
442
275
-92
-437
-503
-387
-200
-48
150
181
-113
-483
-590
-429
-330
-261
-34
129
-105
-547
-582
-273
-117
-281
-325
-34
112
-63
-202
-181
-190
-319
-343
-139
126
145
20
2
-72
-218
-248
-51
135
31
-211
-267
-201
-287
-477
-479
-319
-215
-267
-293
-366
-550
-673
-583
-290
-158
-222
-188
-55
-98
-213
-218
27
285
388
414
361
183
36
19
110
180
192
220
277
242
170
81
-89
-270
-394
-457
-389
-198
-171
-168
-231
-376
-535
-708
-635
-364
-143
-87
-22
23
-149
-311
-336
-221
-61
12
171
287
245
-58
-290
-228
-130
-159
-187
49
165
-34
-230
-273
-211
-317
-311
-43
145
3
-384
-441
-266
-169
-98
92
216
110
-126
-234
-126
-106
-68
16
158
260
126
-113
-170
-99
-80
32
277
389
263
-46
-328
-378
-218
-40
41
102
-87
-276
-449
-448
-474
-452
-316
-226
-256
-406
-352
-307
-312
-350
-319
-129
-6
76
130
240
204
-31
-119
-80
83
128
193
274
216
26
-103
-99
20
-15
-167
-153
-188
-200
-291
-295
-182
-337
-433
-440
-376
-322
-391
-350
-232
-108
-29
-70
-46
14
22
-101
-113
27
90
158
145
75
44
7
-169
-248
-251
-194
-64
6
79
85
-40
-225
-307
-261
-169
-122
-125
-98
-99
-149
-284
-377
-360
-233
-80
-77
40
103
95
-77
-251
-257
-161
48
149
264
243
146
75
2
-7
-37
9
156
266
180
33
-118
-184
-184
-216
-290
-313
-153
-78
-205
-416
-499
-437
-323
-293
-151
16
110
34
-126
-120
-42
53
105
178
264
229
127
75
7
13
95
77
42
-14
-19
-32
-69
-172
-276
-313
-236
-135
-156
-158
-218
-317
-487
-438
-179
58
110
-24
-150
-152
-208
-347
-150
216
337
161
19
98
49
-165
-291
-119
65
65
104
194
237
-56
-431
-443
-182
25
21
56
107
-69
-355
-445
-210
-53
-120
-102
-48
4
-179
-358
-320
-281
-271
-259
31
258
146
-106
-160
-95
-56
-6
194
441
355
94
-16
46
-28
-185
-130
90
194
22
-119
-98
-155
-350
-443
-207
-31
-80
-132
-68
-31
-253
-351
-180
42
143
177
184
201
22
-137
33
216
254
46
-45
69
98
24
-74
-47
-62
-178
-154
51
91
-49
-183
-268
-219
-260
-246
-143
-8
-26
-141
-240
-211
-140
-181
-181
-82
-46
39
98
116
94
-96
-157
-122
42
203
292
276
147
-11
-128
-144
-19
95
146
176
79
-111
-112
-58
-54
-47
-86
-26
13
-21
-140
-194
-218
-286
-299
-191
-41
71
38
-184
-304
-292
-201
-50
145
282
230
-59
-176
-147
-85
-26
53
220
188
24
-237
-294
-190
-130
-171
-217
-20
77
-74
-223
-321
-307
-271
-211
-16
151
152
-1
-45
-88
-99
-95
-58
68
97
122
142
98
75
-80
-112
-106
168
77
-127
-195
-128
-157
-203
-3
-52
-203
-312
-282
-303
-285
-185
-93
-57
-82
-185
-257
-220
-117
-149
-120
-58
30
-54
-176
-188
39
103
-2
-10
-41
-54
-83
-27
42
65
-46
-152
-146
-123
-128
-160
-57
68
110
-115
-319
-378
-251
-82
-17
91
56
-22
-92
-178
-184
-100
-27
-45
-29
69
109
60
-13
-64
-137
-159
-101
4
149
166
38
-64
-103
-102
-187
-217
-158
-10
15
-112
-220
-256
-204
-140
-52
-24
25
4
-64
-102
-87
-73
-86
-80
54
238
219
78
-92
-57
36
87
162
158
79
-41
-115
-50
-23
-55
-29
11
34
-33
-101
-182
-162
-104
-106
-13
129
100
10
-150
-156
-69
12
110
108
161
132
72
-35
-74
15
-3
-27
-37
9
30
-16
18
21
-23
1
-74
-58
-93
-141
-71
-7
14
-86
-154
-176
-111
-13
33
57
15
-32
-78
-83
-65
7
-7
-42
-55
-104
2
53
21
59
35
-24
-59
-70
-47
-15
54
85
15
-131
-134
14
96
65
-35
-101
-103
-39
5
141
208
-35
-129
-110
4
122
108
106
111
58
-18
-91
-78
23
4
-39
-30
8
-14
-10
-33
-69
-48
-127
-148
-66
28
33
-15
-80
-106
-206
-231
-120
74
145
24
-39
-34
8
25
29
42
23
18
65
140
94
38
87
62
-3
-30
19
-3
5
73
59
54
-18
-29
-29
40
11
5
41
43
39
-2
-15
-35
21
-8
-33
-11
-11
-59
-55
-78
-12
115
16
-73
-74
-12
-5
27
14
-35
-101
-97
-44
-15
-23
-5
66
-68
-67
-75
-33
22
2
26
1
-10
-11
15
120
58
-44
29
-7
89
121
116
112
63
61
22
114
60
-34
-32
-42
-55
-55
-27
85
87
-44
-137
-165
-103
-73
-72
-84
-18
70
64
16
-19
-57
-53
-21
41
111
112
78
5
-46
0
-9
-13
27
37
103
52
87
132
131
101
-7
-2
35
83
87
62
28
36
54
8
-38
-57
-61
-62
35
129
107
69
52
9
16
57
47
95
125
78
54
63
-17
-16
18
25
85
74
66
-27
-108
-129
-70
36
-8
-96
-109
-83
-47
-38
-43
-18
-23
-56
-46
45
113
92
111
33
36
130
175
118
22
8
-17
-15
-1
58
103
29
-47
-83
-67
-121
-103
-30
-42
-54
-153
-207
-120
24
21
20
8
-7
6
-8
-3
-20
0
73
80
129
99
-33
-52
-55
-40
14
54
117
139
66
-35
0
18
16
8
40
4
-51
-62
-25
-46
-101
-87
-35
3
-23
-88
-129
-85
-37
29
42
24
83
84
17
71
81
79
99
179
201
112
27
71
98
48
22
32
58
87
20
-5
38
-9
-58
-37
-83
-44
51
87
23
-91
-200
-69
56
67
84
140
151
61
-29
-5
107
163
152
152
177
155
154
99
130
97
7
-12
9
47
100
66
-13
-3
-76
-40
-16
20
-127
-74
-146
-31
-3
120
103
272
40
190
1854
1797
832
-473
-1394
-2382
-2317
-1311
-249
719
1730
1725
1381
409
-279
-1218
-1346
-1247
-470
226
770
953
856
411
-212
-687
-771
-731
-514
9
325
594
463
523
-34
-334
-642
-556
-553
-209
218
564
528
411
204
97
-265
-349
-147
93
174
82
236
179
58
-140
-128
-96
-97
-135
-113
-33
-13
-110
-198
-404
-371
-236
-81
20
434
191
726
1755
2614
2257
1497
454
-1013
-2267
-2752
-2499
-1700
-431
521
1338
1397
1155
312
-259
-847
-792
-717
-110
338
715
453
53
-674
-1050
-178
1133
2487
2996
2727
1072
-787
-2270
-3094
-3194
-2089
-492
1132
1965
1974
1383
-22
-1037
-1946
-1750
-1425
-344
540
1297
1108
1358
1006
199
-563
-944
-941
-768
-252
34
261
-198
-259
-707
-625
-770
-305
143
630
724
729
391
-197
416
774
1470
2213
2488
1647
768
-439
-1427
-2152
-1978
-1814
-1305
-540
-197
57
-139
921
926
761
328
210
-487
-696
-666
-548
-765
85
537
909
730
448
-86
-690
-806
-690
-63
217
734
762
712
202
-244
-632
-823
-860
-354
90
549
603
279
-230
-766
-901
-689
-319
123
360
408
149
-136
-219
-448
-541
-264
34
114
170
376
313
189
20
-49
-247
-130
29
175
-27
45
-207
-332
-255
-164
-122
-245
-168
18
256
162
-133
-213
-332
-423
-308
52
127
275
497
-128
-302
-369
-269
-475
-127
23
-59
2
22
-217
336
197
-153
-425
-323
6
-85
38
31
412
473
193
22
-203
-568
-181
73
362
134
96
273
-192
-551
-397
-192
-152
-24
217
289
-88
-318
-672
-615
-157
-217
-58
225
155
-75
-198
-283
-424
-379
-65
44
140
665
391
350
-164
-123
-612
-370
165
232
365
77
-7
-228
-561
-509
-636
-285
395
439
640
445
-180
-817
-877
-585
-255
713
530
110
-368
-84
135
30
-264
-179
398
410
162
-309
-15
301
45
38
403
129
-453
-212
-418
-406
49
726
770
73
-600
-349
-455
-205
-127
250
229
450
399
70
-630
-783
-473
-423
-419
-322
433
1109
995
-561
-1358
-560
-300
-977
-196
914
1117
1246
539
-542
-1696
-1163
-212
-51
392
449
652
823
-25
-569
-108
-653
-833
535
818
-439
-386
110
40
125
574
523
-121
-368
-98
-262
543
-132
91
1016
-130
223
269
-423
-1466
-310
618
213
489
-228
401
-180
-457
71
-46
-368
-581
84
993
926
-433
-340
-128
391
-720
56
-523
-129
351
262
-8
-7
-553
-610
226
906
152
-605
-54
-367
-760
-634
-90
1199
757
-95
-657
-697
-520
-599
525
-114
215
774
65
-527
-129
-264
-615
-397
392
506
558
-466
24
337
-383
-500
383
826
277
136
-274
358
373
-412
-880
1086
1189
348
-486
-532
76
343
924
-702
-241
-193
-340
493
22
-15
-497
-334
-197
-217
-87
176
761
255
1052
881
-309
-658
-219
-146
34
1061
334
242
-691
-252
-412
-54
377
-73
-77
68
-611
182
-349
-808
-485
397
661
-279
-407
455
-763
65
131
792
482
-173
-123
-297
338
8
333
326
900
19
-366
-363
267
432
357
-231
-897
-819
357
470
617
-379
123
487
-440
-891
-51
-799
503
1406
-126
209
-505
-172
-1192
-885
179
459
225
955
-294
-708
-1062
-165
1419
-236
-765
-445
1104
1506
286
-311
709
59
-1272
17
1332
-607
92
1252
-214
-742
288
1084
-540
-265
-185
-591
-569
944
227
-414
691
1054
498
-296
-1018
-369
435
806
-506
-2
-606
89
658
408
-750
124
-54
-204
1072
-184
-1550
-901
2275
9
-411
-289
-97
-831
-172
1276
967
786
-557
-801
864
212
-561
302
514
1037
-734
-461
-308
-306
603
512
321
-421
-290
842
-328
-1394
857
369
103
-114
-39
-840
36
822
383
-353
1039
480
226
107
-81
3
651
1233
176
-128
-652
-617
-896
1249
-583
860
1095
1364
-1193
-667
-557
-302
743
668
392
-1671
1192
-10
736
71
-765
-1564
-529
393
450
-171
-256
697
1487
726
-110
783
-595
760
-147
-931
491
505
-337
357
343
-290
320
1689
-388
-1540
42
-591
135
214
62
493
320
884
254
-843
-538
-1461
1288
1367
500
810
1094
142
-1119
-344
-781
-151
864
1787
361
-745
-154
901
97
-851
-49
1420
570
718
1027
164
-736
-714
-1134
661
853
806
-875
395
-67
-259
-885
-546
770
336
731
-137
1070
-76
-413
-348
-70
324
217
-124
1696
1053
-167
-586
-618
307
615
511
236
750
54
-275
-224
-379
-979
-616
1465
1095
1119
0
648
-241
-87
-478
-579
695
834
-471
-58
743
295
-430
-183
-732
922
1036
1026
178
-74
380
-216
-971
-563
136
173
726
1082
58
-2034
80
278
39
-99
1004
2047
727
-363
882
-631
-549
-1263
-81
202
1352
682
872
1625
144
-953
-1626
-92
-373
1424
2123
1399
-375
-162
-613
32
-1000
-369
-454
1435
1221
1969
2
-1399
88
-1014
-220
-570
780
1409
1245
-340
-437
41
266
143
121
1577
-199
34
853
594
-284
-1028
-148
602
1360
346
-1003
-681
216
76
-242
-621
516
805
448
-149
215
-1121
-686
802
451
638
1822
1417
-889
-1341
-1131
201
-151
818
1623
69
987
-856
613
-1341
-1403
459
727
577
759
-263
9
319
358
-35
-699
317
352
1271
203
422
-1562
505
453
300
539
67
78
-418
373
162
833
154
99
1509
268
-907
-875
623
60
485
-32
302
395
1593
1014
-1156
-1691
-267
500
898
528
69
136
-1054
-3
-1720
348
-176
612
1270
972
-617
424
61
-245
-386
1585
-209
-8
-538
-15
1798
788
18
-290
-559
-527
618
938
25
209
71
-1105
-462
573
1058
832
158
180
-119
-894
-194
275
690
353
-187
-96
-464
444
469
-85
-407
-703
60
-176
185
927
708
-489
-488
189
115
-528
378
1477
458
260
-34
-534
-853
-438
2072
271
1083
-213
-544
-285
-444
234
413
1082
-190
217
1141
369
-1372
-110
600
-6
713
498
406
313
-428
-1014
71
113
-633
2086
1737
-558
-323
291
155
22
457
455
-550
-1099
205
673
1747
-217
-776
-192
474
1343
184
-1156
-1290
-685
665
1244
918
877
93
-153
-864
-633
47
1004
1572
212
-645
401
-1409
-670
375
833
-249
-44
820
-623
-460
1158
1137
-700
-1063
824
802
-838
-524
-19
853
-1190
-29
218
435
1280
-226
-492
509
2017
147
456
-419
-185
85
725
867
-286
295
-549
-134
407
628
535
-415
-782
-106
534
287
-1007
100
350
297
-334
805
177
187
298
797
-530
326
-372
-291
-152
-108
138
674
1015
-423
399
-210
-596
695
63
-430
506
559
-636
-503
202
-446
-111
846
697
237
1115
-261
240
63
599
-168
128
-137
-549
353
-80
757
-747
813
949
624
327
184
-48
-1445
-851
-47
685
-67
555
-117
346
-1278
-398
-138
1374
1095
193
174
81
-423
-1029
-432
762
689
647
-457
893
180
361
1082
-663
93
117
475
-25
68
680
68
-42
550
600
-906
-1377
-262
324
-44
-260
786
1643
315
-688
-204
26
-523
-189
1518
321
-708
-74
647
447
533
-108
14
323
261
1040
633
-20
-309
-392
903
155
151
375
217
-816
-97
455
319
785
-229
477
-45
-518
215
-129
-1135
-130
218
10
324
1590
-62
-425
-200
162
-57
720
270
-266
1191
-526
50
-466
337
-925
1560
623
-101
-499
395
-966
-886
696
454
130
1179
862
-722
266
-291
-252
218
1461
781
453
-145
361
-1057
-110
-472
198
579
1001
-362
1168
-208
-1382
-574
229
542
251
1306
374
-607
684
-671
399
-202
-684
-75
1017
1053
173
-491
-636
257
102
267
696
347
-606
-509
210
-386
212
506
367
393
134
357
-171
-137
-897
882
1140
-34
403
-257
-162
-12
912
62
-299
156
3
447
88
329
-525
-430
-679
41
-195
758
206
878
74
-107
661
-249
-773
456
-20
-327
-2
776
342
-225
97
-656
-423
383
235
1396
11
-1170
-700
1062
879
10
-21
1024
-261
-241
501
242
-699
-11
-743
-335
669
256
-245
-302
416
-990
-125
161
258
-1101
597
566
1070
591
689
552
-527
-632
-330
-246
1713
1357
100
-1345
-870
-592
619
301
-394
965
889
665
-54
68
-282
-539
407
306
-481
-655
432
468
150
28
-341
192
572
-77
702
779
-388
173
-380
-70
161
152
112
161
710
-439
-605
-232
-156
-40
-405
839
937
127
-760
-446
294
297
-484
1423
-13
137
216
549
283
486
-540
110
-207
-391
107
163
299
-815
553
623
-237
-298
938
767
449
-934
127
242
913
-118
139
1354
-146
-1063
-234
715
-659
-497
740
619
-271
-1056
1079
539
88
-1890
436
568
486
-719
872
542
-782
-362
120
316
-1261
629
191
987
-128
814
494
286
-524
208
578
203
-982
263
306
78
388
211
238
-364
136
53
993
-451
-836
125
1123
-102
-41
1281
324
-643
-1020
225
99
-622
392
939
-70
-319
-530
737
-150
-338
-207
714
1452
-27
-567
-12
-94
214
-462
1042
-323
-565
-828
535
1292
-131
471
164
752
-25
69
548
109
-864
671
800
431
-819
887
94
71
-424
-244
168
83
-342
-68
898
420
-24
-550
1280
-681
-1371
87
822
-49
-280
827
1221
-106
-1453
903
922
-833
-372
990
-175
-559
1236
1153
77
-372
-42
29
-455
384
987
574
-59
113
97
1643
-6
-1233
156
602
-488
-132
1501
402
-213
-776
715
261
-229
-1395
574
1444
-695
664
510
178
-736
175
274
328
-135
212
-382
706
-358
57
976
-263
-12
41
-194
-1402
-868
126
831
723
-318
-388
125
537
-44
-37
-359
963
183
-8
326
427
-370
-704
596
-831
224
648
1390
-880
-1420
-236
1221
63
-73
663
695
-476
-423
469
-594
-563
570
1224
827
12
-64
-239
-958
-176
-166
327
594
-366
-163
-171
-92
-516
170
499
425
2
-156
33
105
524
-532
-137
59
-17
527
1297
-228
673
349
311
473
-361
804
450
274
-45
83
722
164
-181
296
-611
-571
292
18
196
-347
161
67
-109
-77
547
247
-540
141
728
-85
-872
1091
1139
466
-1064
-1124
-49
210
820
58
-375
522
243
-234
-489
240
-268
-90
672
1137
-305
-865
-189
128
5
-229
741
-137
-77
499
-86
-67
160
183
-274
-322
257
-479
134
271
-374
215
596
1070
127
44
407
-450
-218
-489
697
360
-154
-472
528
-563
-276
-610
-302
719
-37
-159
452
1257
385
-51
-569
285
230
309
1167
1464
-525
-428
529
742
-666
713
496
-524
-886
819
685
-422
-690
292
506
-433
-15
80
280
-586
250
264
-33
-1089
447
50
-643
62
712
84
-95
475
173
-606
-1028
620
315
113
-1448
91
-30
355
881
1064
-345
-900
738
571
-285
-52
226
-237
118
1222
619
-452
-165
221
445
-602
-211
-268
-205
298
598
84
179
545
290
78
-13
51
820
608
-109
55
163
118
-459
-167
789
155
-221
438
271
-169
479
294
-451
-242
420
-197
-320
1469
-137
-581
544
738
158
340
658
-224
107
-184
76
-96
-254
-342
1032
911
-215
63
409
10
-803
-71
718
487
-576
269
-64
-377
-51
558
398
-162
-173
850
-18
-435
38
303
72
-217
26
211
-863
362
1092
318
-38
69
380
-1219
-208
501
415
-543
-447
585
387
-226
624
420
-601
-353
-196
351
500
-362
-207
-223
-204
327
456
467
-94
-770
1047
407
72
187
675
108
-443
115
961
288
-319
276
-26
531
-640
167
269
160
-446
512
345
-756
173
137
192
-772
56
452
248
-232
108
651
-103
101
367
921
-28
-592
563
581
45
-300
66
-269
-254
612
900
539
249
-276
-578
-365
394
1198
642
29
-572
-678
-108
584
968
425
-316
224
342
76
-103
383
243
509
65
-47
-126
-316
122
-66
367
533
201
161
147
-529
136
192
83
383
22
-343
7
201
66
-139
252
74
118
121
197
191
207
328
-520
108
94
620
-29
152
-270
156
-273
-355
-66
376
-92
-424
499
553
-485
215
538
-189
-70
543
40
-519
681
576
-85
-134
176
386
140
-30
-179
973
275
76
129
-93
57
125
575
-136
139
494
-102
-594
85
118
-35
172
-33
117
256
125
-126
-357
143
243
-323
355
163
218
-24
8
-84
631
408
281
319
101
-136
194
552
261
-206
-355
665
288
-34
-143
-16
-244
282
323
696
384
-680
452
135
-37
330
-200
-280
345
456
417
-495
-650
-206
-38
-169
-8
514
380
-418
168
44
178
145
861
668
-397
-89
136
415
148
-31
-373
78
221
155
-44
300
-408
190
520
315
-225
125
1155
371
-539
265
261
454
-194
322
292
-169
235
498
-364
-837
-624
233
372
-30
278
-15
69
27
730
530
-402
-344
565
490
503
-254
252
629
0
-498
368
487
12
344
900
-92
41
307
81
340
-120
-823
152
596
-71
-616
71
537
-64
39
585
-47
-29
72
831
627
239
-119
657
534
299
172
168
95
-189
185
-466
440
271
-195
67
363
-312
-388
277
-55
-93
231
506
-354
-232
40
205
697
103
238
281
-79
264
626
743
-243
-90
-17
391
467
-251
-532
-13
545
-151
-309
28
345
316
66
-518
427
213
-286
56
239
-238
-729
334
674
40
-691
120
473
337
-190
142
773
706
-117
-125
501
-142
431
274
-48
167
403
386
547
-18
131
-182
229
73
-137
197
-345
-369
-180
126
293
720
232
-339
55
666
404
24
-161
117
306
519
147
4
-166
-436
291
340
-90
-110
184
19
-179
374
361
-40
-58
133
-183
-68
-85
-165
-171
297
-176
-215
-42
117
-472
-281
-6
-45
397
197
174
-103
255
144
588
253
-69
-117
304
445
-86
-344
130
-134
53
307
-124
-206
-138
364
-237
-28
187
402
356
374
-69
101
275
121
-105
-35
1176
938
35
-223
-115
372
38
-330
538
749
56
-69
159
-22
-626
-116
336
337
-327
209
402
127
-327
-332
-79
137
-74
-122
-109
-454
-232
262
201
81
-13
250
580
317
-115
-149
102
257
249
389
233
-149
454
306
-319
106
460
-232
-296
303
287
499
531
-84
-194
60
278
236
-360
147
276
-561
-622
107
-101
-260
-299
33
180
-156
69
-113
-45
-232
-257
275
369
-164
-7
201
124
354
317
-34
-86
132
-330
586
203
-192
-171
119
285
120
312
339
255
92
17
202
18
-462
-96
342
-93
-428
182
230
-104
-337
172
-40
-350
-46
223
366
26
104
257
-5
2
-133
286
639
115
-15
184
169
129
-90
190
-31
-100
43
-90
-2
17
32
-244
123
263
-104
145
261
234
187
-24
180
184
190
433
10
98
-116
-133
280
-215
-456
-225
219
179
-230
-52
65
201
196
-45
85
-216
97
282
323
156
-37
299
-75
57
258
91
-210
-89
276
280
-202
48
-55
-206
52
154
-24
-180
-46
-1
33
73
201
-271
239
110
-97
149
20
55
-76
-75
-32
238
-391
147
171
67
-47
-137
128
-140
252
-65
30
217
132
60
45
27
-8
363
424
301
-80
37
196
194
-3
159
391
31
286
48
228
-88
-60
237
317
-68
-114
-488
-118
290
21
208
105
194
-334
-73
-47
-75
-256
220
433
65
-77
-87
-6
-201
139
160
94
-110
114
391
96
-170
36
-171
-342
-117
-221
-378
-274
150
-473
132
-25
-128
-283
104
82
43
128
-128
-134
-235
37
-255
33
-119
-163
147
425
36
-159
-41
-180
388
297
-67
-267
110
137
187
10
-386
-234
-24
290
153
-55
26
418
23
-237
18
181
182
399
394
461
213
-259
24
460
199
-326
20
296
432
348
187
238
-146
-369
142
408
50
-115
-99
106
-93
157
355
-21
222
270
247
230
13
-305
27
234
-142
-153
347
26
-384
-360
54
186
-112
-66
315
282
-141
-254
2
91
-120
-86
24
248
144
46
-69
39
-162
-276
13
61
21
79
380
256
-42
-57
72
21
-148
-184
-40
-40
-250
65
378
58
-272
-114
207
-45
-102
313
85
-92
125
390
279
-82
-80
-224
-87
199
430
452
188
157
248
183
-209
-228
-285
89
125
81
265
157
-99
268
406
-35
-158
105
171
317
300
183
183
38
182
63
-96
-10
19
-23
257
182
174
227
-33
186
223
93
-8
90
56
-112
31
167
330
242
-74
-180
115
-199
51
298
-4
-176
-24
207
86
76
29
-15
-58
-18
299
514
69
-271
-54
126
-93
-138
252
238
28
-58
104
120
-149
-214
222
387
64
28
188
90
-11
75
118
86
-15
-292
-1
145
-173
30
405
305
114
7
176
291
75
15
119
-26
-159
-79
98
106
-137
-35
154
279
249
219
268
283
9
-192
-57
70
15
-83
-72
58
204
-57
-121
-51
-70
-38
149
168
23
-30
73
70
100
142
247
280
135
113
131
342
265
112
-20
-52
-34
-48
28
-14
25
103
-129
-188
18
263
280
123
-119
-188
-145
53
5
-198
96
341
36
-482
-215
431
410
-30
-150
51
268
91
-112
-165
-141
187
165
240
138
40
-14
94
267
74
-98
-22
79
167
310
285
68
-208
-170
149
