-120
-112
-108
-120
-136
-171
-182
-145
-181
-146
-132
-109
-184
-146
-152
-190
-193
-179
-145
-150
-170
-187
-146
-106
-68
-86
-79
-115
-165
-158
-165
-174
-156
-187
-177
-191
-168
-134
-141
-135
-112
-91
-140
-139
-100
-109
-155
-178
-113
-134
-146
-110
-166
-145
-126
-165
-151
-180
-200
-194
-122
-127
-143
-189
-167
-104
-128
-177
-158
-158
-116
-81
-114
-121
-163
-168
-186
-177
-183
-129
-72
-98
-157
-117
-145
-186
-136
-126
-176
-173
-139
-140
-157
-125
-111
-130
-153
-203
-216
-165
-156
-177
-171
-130
-155
-183
-165
-169
-148
-169
-134
-137
-175
-172
-147
-161
-201
-169
-191
-180
-169
-162
-137
-167
-144
-167
-163
-92
-114
-115
-100
-107
-134
-162
-117
-122
-178
-171
-144
-203
-242
-217
-186
-186
-206
-176
-205
-159
-112
-133
-112
-118
-96
-33
-41
-107
-78
-43
-55
-48
-94
-70
-95
-149
-161
-127
-109
-104
-139
-90
-90
-141
-91
-86
-62
-66
-69
-69
-139
-114
-92
-59
-91
-154
-144
-130
-96
-121
-99
-113
-136
-117
-80
-66
3
-43
-68
-49
-70
-85
-52
-11
-67
-94
-98
-132
-119
-135
-134
-29
-76
-99
-17
-46
-83
-79
-69
-122
-142
-131
-133
-126
-129
-139
-133
-103
-79
-72
-121
-107
-81
-79
-118
-160
-129
-91
-87
-100
-112
-139
-123
-130
-126
-90
-125
-134
-146
-154
-164
-137
-137
-142
-136
-122
-91
-110
-99
-130
-74
-124
-125
-83
-138
-136
-91
-71
-111
-102
-105
-106
-119
-70
-77
-58
-118
-156
-91
-123
-93
-97
-165
-152
-167
-158
-154
-175
-177
-143
-31
-71
-75
-136
-106
-121
-133
-128
-163
-102
-68
-153
-149
-83
-53
-35
-32
-69
-122
-121
-149
-147
-132
-122
-160
-151
-159
-136
-108
-95
-88
-82
-75
-83
-133
-170
-150
-101
-141
-124
-45
-72
-123
-87
-76
-119
-165
-154
-117
-114
-77
-60
-87
-104
-141
-166
-133
-107
-151
-143
-120
-138
-123
-137
-80
-78
-87
-68
-118
-84
-101
-93
-93
-101
-96
-101
-108
-136
-87
-97
-139
-120
-94
-95
-107
-39
-53
-55
-78
-129
-153
-133
-108
-56
-35
-61
-64
-108
-90
-72
-88
-84
-80
-119
-71
-61
-36
-59
-59
-42
-61
-34
-40
-20
-49
-89
-78
-98
-42
-71
-45
-28
-43
-61
-100
-114
-119
-129
-103
-68
-54
-63
-37
-60
-110
-60
-111
-97
-118
-118
-80
-118
-99
-98
-108
-136
-167
-216
-237
-183
-232
-225
-166
-192
-150
-132
-137
-165
-205
-173
-161
-162
-179
-158
-225
-194
-164
-181
-120
-151
-154
-161
-149
-172
-190
-195
-160
-168
-130
-101
-119
-152
-154
-147
-216
-153
-183
-162
-152
-152
-180
-190
-111
-179
-141
-152
-122
-96
-86
-106
-151
-108
-117
-68
-23
-41
-61
-84
-70
-86
-93
-21
-40
-38
-90
-67
-77
-24
31
-31
-30
-72
-45
-37
-13
-50
-29
-13
-33
-77
-85
-83
-77
-86
-107
-28
-54
-148
-109
-106
-102
-61
-65
-72
-148
-102
-109
-92
-90
-81
-102
-98
-87
-132
-113
-139
-181
-182
-136
-170
-170
-100
-63
-117
-158
-129
-130
-139
-160
-160
-145
-194
-191
-186
-145
-105
-125
-146
-217
-244
-162
-132
-171
-193
-227
-189
-209
-260
-260
-225
-230
-247
-186
-221
-256
-215
-181
-169
-173
-147
-179
-231
-201
-191
-185
-183
-222
-159
-196
-204
-223
-132
-111
-92
-104
-99
-77
-97
-50
-51
-92
-26
-30
-26
-14
-42
65
92
44
154
203
203
231
272
293
293
312
335
337
298
365
355
390
394
366
335
273
191
174
204
229
245
229
121
12
23
22
-7
-31
13
22
-78
-149
-195
-191
-267
-258
-262
-305
-281
-259
-242
-242
-247
-157
-116
-141
-152
-168
-215
-169
-100
-187
-234
-186
-179
-185
-265
-339
-274
-283
-294
-347
-351
-311
-299
-289
-349
-314
-323
-311
-276
-274
-365
-382
-334
-272
-260
-371
-425
-430
-481
-470
-359
-387
-415
-392
-437
-486
-502
-524
-645
-707
-860
-854
-871
-219
719
1258
953
508
644
521
157
341
844
1219
815
663
1198
1210
794
516
714
612
203
509
1053
899
245
-47
161
-67
-293
17
232
-146
-483
-350
-132
-389
-639
-686
-656
-653
-401
58
104
-139
-416
-500
-439
-377
-217
-83
-53
-46
77
211
168
91
-153
-347
-285
-37
112
108
55
-108
-263
-273
-209
-186
-194
-285
-98
495
894
1029
832
523
159
-197
-27
420
462
333
163
360
179
-14
34
11
-81
-168
199
477
186
-56
-235
-540
-816
-676
-196
-165
-358
-331
-382
-641
-782
-573
-497
-571
-369
51
137
-135
-376
-475
-664
-724
-655
-601
-669
-711
-619
-556
-651
-828
-903
-875
-950
-950
-820
-687
-742
-854
-931
-986
-1197
-1294
-1067
-1162
-1182
-1258
-343
687
1223
902
423
345
298
138
528
1039
1291
853
586
1314
1416
1004
659
892
915
517
858
1519
1351
511
-50
264
115
-50
241
404
22
-449
-332
-53
-440
-856
-909
-877
-794
-498
-10
14
-451
-649
-768
-697
-549
-325
-197
-295
-182
-51
52
72
-135
-307
-552
-416
-104
96
71
-25
-223
-299
-409
-215
-179
-190
-311
-175
5
252
809
994
669
302
217
239
13
140
440
288
193
236
551
272
-133
-13
82
54
65
453
480
-106
-327
-315
-395
-606
-432
63
-176
-538
-536
-421
-386
-688
-582
-357
-556
-692
-491
-176
-186
-429
-645
-838
-709
-641
-771
-726
-818
-786
-456
-400
-847
-1279
-982
-705
-779
-677
-463
-789
-1321
-1006
-368
-759
-1279
-1236
-1070
-1497
-1432
-1182
-720
104
928
1140
304
27
241
142
-26
609
1241
1091
391
1020
1436
991
481
811
1029
622
637
1540
1531
653
-41
205
195
-254
103
604
294
-294
-338
2
-444
-911
-867
-827
-952
-743
-121
50
-486
-671
-821
-873
-875
-600
-348
-427
-454
-225
-60
-66
-179
-234
-428
-464
-138
149
188
60
-41
-182
-390
-157
-74
-96
-336
210
992
1010
610
453
226
-335
-499
213
487
273
94
263
305
-239
-412
-141
-183
-402
-97
652
497
-217
-308
-206
-799
-986
-94
232
-653
-778
-37
-401
-1126
-706
-272
-1045
-1000
82
302
-424
-712
-623
-680
-880
-852
-522
-356
-736
-830
-134
-273
-1291
-1176
-286
-739
-1098
-107
193
-701
-1377
-901
-709
-989
-1119
-703
-575
-852
-1241
-998
-896
-1307
-1452
-1344
-497
329
1074
769
342
73
20
-296
180
659
1115
648
656
1270
1199
639
496
730
603
503
1095
1756
1379
522
277
400
101
53
556
650
185
-169
20
39
-534
-849
-952
-1006
-965
-493
-46
-187
-610
-918
-1037
-1049
-819
-447
-330
-352
-214
-86
28
79
-45
-275
-574
-457
-56
214
85
-20
-121
-271
-263
153
306
235
263
401
284
127
115
-32
-254
-143
167
405
171
-60
-135
-283
-307
-126
299
58
-574
-387
44
-455
-715
244
262
-1062
-1270
-30
-107
-415
-783
-619
-1371
-567
473
82
-1128
-1103
-216
158
-436
-736
-849
-427
-301
-391
-373
-381
-891
-710
-732
-736
-471
-146
-204
-782
-583
-373
-33
-694
-915
-1134
-682
-462
-408
-805
-705
-503
-936
-987
-542
-486
-1102
-1148
-818
-1376
-804
684
1550
246
-317
195
182
-647
-24
1095
1127
192
446
1432
1130
464
554
1002
678
478
1278
1849
1235
576
351
420
131
244
709
680
221
11
151
43
-470
-706
-801
-953
-773
-373
-63
-256
-503
-619
-804
-613
-365
-193
-393
-346
-88
126
77
-142
-221
-569
-698
-215
229
243
-141
-289
-342
-60
-35
147
-185
-235
-315
270
1506
1670
746
-211
-365
-432
-538
380
1118
474
-445
-556
-70
-293
-699
-444
-101
-224
218
625
494
-329
-1132
-1051
-853
-706
-430
450
-400
-1010
-362
-501
-1627
-1045
180
-314
-1168
267
949
-132
-1085
-1173
13
-288
-901
-490
388
-157
-986
-347
-66
-897
-747
-82
119
-585
-285
325
-430
-1024
-610
-677
-1356
-789
140
-230
-1167
-825
-589
-1189
-1252
-658
-1186
-1121
322
1659
830
-183
-13
-165
-736
-164
937
1155
616
272
916
1043
490
250
702
775
499
860
1775
1674
680
126
374
294
18
539
874
541
-38
66
186
-390
-753
-695
-672
-674
-217
344
266
-159
-363
-645
-834
-506
89
141
-198
-322
-247
-346
-143
-225
-421
-758
-707
-222
314
532
-15
-444
-641
-425
67
491
404
137
-36
73
114
189
257
-63
-328
-190
498
559
351
12
-387
-510
-233
542
254
-445
-722
-382
196
222
-309
-561
-459
191
-393
-455
120
-559
-736
-392
-384
-577
-636
-28
-20
-362
90
-132
-489
-761
130
372
-7
-342
-618
-675
-388
28
-533
-1232
145
680
-642
-965
74
-123
-854
-193
62
-928
-568
220
-617
-795
57
-672
-1162
-622
-213
-1070
-1222
-529
-935
-545
568
1058
-8
-192
212
48
-508
91
965
1003
530
368
904
887
566
529
869
691
579
903
1473
1286
680
120
278
372
424
648
812
383
-43
-144
43
-65
-448
-497
-536
-597
-203
344
246
-551
-572
-442
-368
-613
-137
282
-98
-655
-250
243
-245
-686
-362
-203
-454
-65
781
352
-828
-647
60
-4
69
782
768
-31
-102
507
350
-374
-284
425
530
286
301
200
-162
-134
182
313
-1
-110
537
534
-116
-964
-323
581
-381
-672
-177
-72
-449
-6
-164
-530
-955
-532
-478
-792
188
345
221
-655
-488
-725
-41
-110
-123
-319
48
-459
-1083
-471
83
-590
-1015
-238
18
-362
-149
-490
146
-7
-156
-432
-273
16
-590
-779
-211
-108
-710
-515
-405
-460
-1090
-321
-243
-796
-922
-32
454
706
858
438
-46
-201
-43
98
706
1075
694
236
759
1084
678
410
767
761
641
934
1538
1342
427
-121
200
317
319
489
691
541
39
-97
-6
-137
-548
-693
-279
-211
-176
87
277
-180
-770
-1044
-292
-81
-221
-74
99
-152
-660
-336
10
-174
-595
-260
298
99
-291
-161
-22
-313
-268
152
464
445
424
456
141
32
-204
192
567
460
442
-35
-7
176
456
-83
-402
-255
253
402
305
53
-41
70
-428
-290
-314
-2
-478
-428
-226
-1053
-368
-542
-183
-333
-185
-701
-98
46
-573
-546
-27
-464
-1475
542
259
-320
-1099
-195
561
783
-434
-1240
-788
-22
-129
-294
345
-429
-775
-588
365
590
-215
-775
-185
-132
-503
-692
-600
-603
-618
-250
-475
-933
-940
-1161
-1136
58
1540
1288
46
-205
-108
-234
-159
808
1388
1116
276
666
1379
1008
421
761
1178
846
934
1543
1831
910
-87
-41
610
537
473
869
686
-42
-312
212
139
-517
-757
-416
-255
95
276
436
-146
-734
-958
-691
-142
12
97
-85
-539
-247
491
-19
-929
-818
-339
-12
381
499
418
-73
-567
-682
-319
276
775
1421
1095
118
-218
-246
14
143
504
711
256
161
389
247
-537
-660
-54
515
334
900
940
-401
-1479
-579
146
-404
-603
99
346
-709
-393
-733
-638
-995
-385
436
779
44
-138
134
-313
-1521
-514
56
-481
-752
312
52
41
-15
-675
-451
-322
-125
-722
390
11
-1095
-842
-365
-1181
-1079
43
214
-458
-1070
-762
-325
-983
-1468
-457
-61
-1126
-1561
-876
-2101
-1615
1354
2888
794
-702
-284
-170
-530
-252
1375
1858
1090
-19
1540
2086
681
-525
822
1772
1193
1276
2664
2481
35
-801
593
1103
144
697
1608
959
-362
-288
352
-315
-1297
-1038
43
454
249
74
-160
-711
-1137
-834
115
214
238
500
416
-184
-416
-388
-247
-249
151
309
343
411
441
152
-721
-657
-209
276
761
865
2148
2150
901
-288
46
215
-241
999
1933
804
-53
-711
-827
-725
-677
-305
526
876
383
-260
11
-759
-2379
-1983
-192
-161
-802
-229
-405
-2442
-3295
-1693
-559
-728
-789
-96
262
-761
-675
-466
-913
-1458
-653
-240
387
489
-361
-1073
-1553
-912
120
620
-351
-729
-765
-513
-348
-705
-1467
-1126
-676
-894
-1549
-906
-407
-1600
-2580
-1922
-1326
-1509
-2350
985
3299
3636
997
-38
-104
-214
338
2256
3656
4123
1510
739
2287
1884
1226
563
2270
2796
2854
2932
3527
1945
-472
-1457
637
1410
1515
1277
1099
110
-1698
-1901
-1238
-845
-1430
-1113
-318
70
-326
-774
-1477
-1724
-2053
-1070
417
1029
479
-498
-935
-829
-659
89
742
718
384
245
779
439
198
73
-47
335
619
3392
4798
2435
-906
-1289
-173
424
2160
2895
1510
90
-1387
-719
651
77
-872
-665
842
1268
926
368
-840
-2501
-2592
-215
1706
826
-120
-942
-2181
-2122
-564
289
-655
-1273
-10
268
-914
-1743
-1560
-1766
-2401
-1838
-265
938
13
-1020
-1503
-1216
-700
22
545
463
-785
-1699
-1177
-762
-2045
-3230
-1633
-903
-1609
-2290
-2019
-2986
-4777
-4768
-3077
-3179
-5510
1277
6833
5792
-809
-2321
-1150
-468
1304
3733
6096
6265
1427
875
3721
3986
2136
1012
4203
5752
4557
3343
4073
1710
-2105
-2017
2357
3917
2856
760
77
-1183
-3247
-2723
-728
-347
-1667
-1518
-755
-429
-1972
-3461
-3319
-2188
-1791
-113
1457
1192
-656
-2241
-1896
-593
10
819
1710
1843
1284
971
1278
1071
808
589
1311
2428
2836
4967
5134
1792
-1172
-754
973
2473
3632
2992
1174
-559
-1720
-726
551
434
-35
566
1727
1663
486
-905
-2081
-2063
-239
1811
2346
1159
-841
-2067
-984
715
1473
2390
2664
1895
1335
1569
1808
1224
923
1469
2488
2252
1050
-746
-3150
-4700
-5030
-3853
-1963
-1290
-2060
-3526
-4141
-4305
-4084
-4933
-6092
-6575
-6191
-5800
-4689
-5111
-6291
-8596
-8687
888
6999
4840
-5183
-8007
-6540
-1688
2558
4951
8250
6545
960
1174
4723
6328
2997
1030
4871
7902
7034
4370
3381
317
-2915
-1146
4620
7763
4883
-778
-2960
-3098
-3570
-2622
-510
-18
-1247
-2560
-1129
139
-2274
-4599
-4108
-1753
-98
1055
1693
1092
-961
-2192
-31
2824
2633
1221
-352
-835
-1068
-795
655
2065
1996
1935
3128
4501
6075
6052
3849
1471
1299
2066
3160
3944
1973
-1255
-3019
-3152
-1877
-1020
-784
-1337
-1732
-1106
-713
-961
-1593
-2040
-2198
-914
998
984
-418
-1694
-2166
-1481
84
1411
1261
18
-717
-549
231
1194
1460
1290
1154
1166
1197
869
346
-188
-162
450
890
608
-857
-2027
-2672
-2437
-1746
-1027
-1473
-1993
-3166
-3797
-4484
-4925
-6668
-5322
6709
13515
9489
-2905
-6954
-3417
4143
8725
9684
11763
8148
1349
1442
7755
10512
4008
-1222
2038
5257
3304
-835
-1005
-1718
-3048
-1529
3744
4969
-2546
-11035
-11242
-6975
-4094
-2604
-406
595
-2193
-5908
-5298
-3836
-6071
-8297
-6372
-1882
-21
-774
-1811
-1772
-2417
-1758
1918
5653
5162
2104
-631
-219
353
817
1896
3397
3081
2145
1754
3284
4967
4324
2533
1332
1873
1402
1435
663
-591
-2242
-2636
-1241
-189
-527
-1931
-3032
-2311
-1101
-267
-436
-895
-1871
-2539
-1669
-263
-199
-1201
-1663
-911
-124
189
156
-345
-840
-479
647
1721
1770
659
-345
-600
102
567
310
-367
-1111
-1895
-1995
-1828
-1936
-2538
-3028
-3289
-3409
-3548
-3742
-4485
-5215
-5796
-6174
-8253
-4568
7836
13782
5927
-7025
-9150
-1541
7646
9448
8448
9146
5181
-790
-400
6886
10304
4727
1375
6293
10136
5703
-225
-1197
-454
-215
1405
6016
6412
-1689
-9873
-8915
-2871
122
-1161
-2391
-3018
-5865
-8296
-5767
-2157
-2551
-4650
-3555
-85
615
-2109
-3975
-2975
-1466
451
3212
5181
3753
-75
-1960
721
3675
5027
4841
4629
3337
2269
1397
3747
5722
4987
3877
3457
2984
1005
232
-524
315
743
538
465
-788
-2642
-4264
-3572
-827
550
423
-851
-2086
-3560
-3572
-2111
-388
285
-128
-907
-1079
-1259
-1352
-1062
-150
1115
1638
1462
843
45
-529
-193
845
1737
1444
123
-1392
-2358
-2569
-2245
-1950
-1940
-2326
-3165
-4250
-4741
-5068
-4855
-4984
-5140
-5847
-7177
-5491
5030
13698
8130
-5489
-11303
-2817
8237
12077
8645
7344
4951
-3
-1015
6002
12043
8288
1573
3314
8753
7392
924
-1505
569
2200
2422
4203
5143
-578
-8827
-9523
-2383
2925
1238
-3452
-5507
-6688
-7867
-5947
-1660
-329
-2820
-4542
-2574
-633
-1795
-3897
-2990
-253
1921
2720
2995
1850
-632
-2188
627
4733
6510
4850
2895
1534
1431
1587
3908
7423
6846
3978
877
775
693
1341
732
1494
1576
137
-1305
-2590
-2992
-3302
-2647
-155
987
-121
-2981
-4412
-4385
-2797
-739
513
471
-1295
-2939
-2925
-1691
-121
760
868
955
731
1
-281
163
872
1575
1986
1916
793
-872
-2037
-1582
-712
-264
-878
-2123
-3212
-4078
-4285
-3754
-3514
-3816
-5226
-6159
-6580
-7361
-6906
3061
13523
9948
-4631
-12954
-5387
7742
12823
8181
5925
4954
1335
-1403
3897
11684
10287
2269
1846
8265
8912
1499
-2720
301
4521
4278
3400
3747
78
-7282
-9282
-2554
4525
3047
-3872
-7065
-6549
-6428
-5698
-2243
243
-1355
-4697
-4385
-1892
-1554
-3514
-3134
11
2868
2769
1199
206
-415
-752
1443
5004
7027
5015
1731
309
1770
3005
4742
8052
7500
4307
71
-295
977
3828
3624
2639
1380
-368
-2187
-3043
-1732
-605
-451
60
91
-1104
-3520
-4386
-3533
-1144
737
604
-876
-2857
-3897
-3112
-954
1268
1957
619
-636
-990
-615
257
1509
2346
2366
1644
638
-237
-788
-796
148
800
707
-883
-3297
-4401
-3696
-2514
-2031
-2274
-3944
-5664
-6720
-6451
-6106
-7094
-4386
7567
14410
5483
-10520
-13928
-1837
11880
13088
7246
5144
2749
-1692
-2661
6360
14197
10665
1645
1833
7107
6023
-328
-1201
3873
7486
4485
1827
958
-2174
-7285
-6255
1549
6858
2044
-6550
-9281
-7228
-5141
-2936
171
1123
-2146
-6516
-6358
-3090
-1273
-1607
-903
981
2152
427
-1575
-1555
-55
1662
3853
5578
5071
2386
-722
8
2688
6911
9985
7300
2480
-312
183
1815
5249
5525
3815
698
-1593
-2221
-1393
-115
-18
-65
225
-281
-2418
-4084
-3588
-2633
-735
626
-153
-2535
-4636
-4805
-2769
232
1834
1034
-1320
-2625
-2101
-668
1331
2855
2638
1382
197
-333
-198
432
1157
1493
1114
171
-1484
-3141
-3306
-1866
-988
-1106
-2349
-4236
-5620
-5734
-5270
-5097
-6012
-6910
2810
13331
9513
-7310
-16525
-7250
9918
15961
8188
2670
763
-1365
-3583
3654
14216
14325
2781
-2845
3108
7628
3499
-535
2438
7747
5893
940
-441
-635
-3810
-5349
1
6825
4964
-5221
-11059
-8376
-3413
-787
668
598
-2197
-7132
-8237
-4140
200
603
-860
-1477
-280
-447
-1796
-1773
143
2229
3214
3727
3015
1536
-781
145
2874
7886
10332
6600
313
-1828
702
4474
7442
6271
3228
-726
-2756
-1894
937
2663
1592
-496
-1313
-1354
-2345
-3169
-2132
-1066
-106
-509
-2057
-4098
-4989
-4155
-1593
887
1410
-800
-3710
-4216
-1947
779
2581
2838
1404
-536
-1370
-769
798
2012
2096
1199
-136
-1213
-1983
-2195
-1730
-747
-770
-1761
-3076
-4432
-5374
-5326
-4879
-4582
-6351
-2830
9029
12536
470
-14494
-13509
2560
16112
12444
2574
-1152
-1106
-2248
-264
9689
15852
8380
-3543
-2887
5694
7639
2373
335
4989
7328
2462
-1819
-1311
-354
-2456
-2083
3193
6275
-451
-9907
-10555
-3942
927
1387
-106
-2200
-5546
-8207
-5848
-413
2418
592
-2605
-3178
-1421
-1037
-1352
-156
2066
2816
2342
1248
1095
303
153
1967
5791
9952
7745
1273
-2913
-472
4018
8033
7586
4322
-192
-3253
-2806
1086
4659
3831
-27
-2717
-2537
-1658
-1561
-818
-445
-598
-1391
-2782
-4045
-4413
-3552
-1924
-55
484
-1186
-4124
-5185
-2776
629
2492
2310
455
-1440
-2105
-993
1002
2562
2293
635
-1283
-1992
-1821
-1004
-723
-600
-1587
-2741
-3792
-4071
-4483
-4375
-4977
-6619
-4051
7941
14299
3536
-13968
-16859
-517
15951
15245
3132
-2684
-2451
-2044
-1413
7415
15337
10750
-2707
-5979
2745
8395
4211
-179
2895
7262
4034
-1835
-2782
-597
-855
-1627
2135
5882
1564
-8734
-11788
-5250
2119
3213
215
-3009
-5597
-7695
-6199
-1110
2974
1896
-2321
-4432
-2687
-904
-706
-333
1452
2574
2040
690
47
108
343
3176
6505
7459
4224
354
-694
1985
5032
6385
5544
2925
-40
-1784
-626
2306
3809
2199
-281
-1823
-2104
-1638
-899
-88
-95
-1140
-2479
-3654
-3709
-3088
-2270
-1573
-864
-1217
-2865
-4216
-3669
-1755
302
1170
731
-582
-1801
-1894
-649
1066
1980
1078
-644
-1761
-1735
-1350
-825
-749
-1051
-2052
-3110
-3600
-4035
-4525
-5162
-5764
-2614
9620
13594
2096
-14516
-15030
806
16247
14129
2734
-2630
-2438
-2219
-1373
7513
15040
10179
-3532
-6033
2381
7820
3831
91
3145
6847
2708
-2888
-3133
199
-91
-1232
1283
5034
1079
-8317
-10962
-4572
2298
2970
-144
-3137
-5322
-7531
-6083
-1084
3231
2132
-2328
-5052
-2979
-754
-360
106
1698
2340
1268
-412
-275
671
1338
2847
5531
6645
4471
544
-646
2053
5097
6242
5112
2525
-39
-1425
-745
2379
4293
2845
-366
-2265
-2295
-1135
-90
600
339
-1016
-2641
-3843
-3906
-2574
-1406
-1122
-1221
-1780
-3098
-3982
-3334
-1390
257
559
-136
-1069
-1674
-1430
-418
574
1351
740
-857
-2091
-1991
-1251
-707
-961
-1071
-1893
-3021
-4332
-4422
-4626
-4701
-4865
4001
13935
8979
-7801
-17576
-6967
11324
17715
7005
-1347
-2497
-1465
-3057
2468
12788
14954
2294
-7641
-2403
6742
6997
1197
938
5722
5177
-1490
-4381
-710
1797
-589
-978
2848
4043
-4071
-10741
-7782
502
3723
1086
-2792
-4517
-6295
-6883
-3523
1930
3714
-15
-4968
-5132
-1680
176
394
1268
2264
1720
-256
-1281
112
1630
2656
4309
5995
5130
2154
-146
438
3357
5784
6017
4116
1336
-1022
-1891
87
3468
4418
1872
-1350
-3131
-2585
-738
1111
1246
-221
-2225
-3750
-4213
-3048
-1379
-970
-1470
-1874
-2591
-3611
-3667
-2217
-605
148
65
-592
-1359
-1670
-1234
-243
833
1104
-112
-1878
-2360
-1896
-1165
-699
-675
-1521
-2611
-4327
-4725
-4732
-4490
-4850
2687
13197
10387
-5144
-17375
-9491
8892
18316
9280
-380
-2719
-1412
-3310
675
11539
16442
5476
-7296
-4981
4724
7653
2444
1117
5336
5601
-1180
-5208
-1717
2535
629
-1307
1479
3967
-2558
-9978
-8682
-525
3676
1565
-2243
-4017
-5748
-7217
-4912
821
4160
1495
-3984
-5810
-3095
-691
416
1498
2665
1716
-417
-1823
22
1723
3298
4837
5585
4044
1488
-207
820
3912
5817
5528
3337
929
-1025
-1275
784
3719
4099
1633
-1321
-2892
-2479
-646
951
1391
-40
-2225
-4219
-4527
-3048
-979
-361
-1118
-2164
-3158
-3779
-3355
-1788
-277
270
-173
-1117
-1700
-1616
-919
-60
635
618
-572
-1942
-2283
-1673
-1016
-960
-1467
-2122
-3100
-4208
-4496
-5044
-5407
-4182
7257
14687
6709
-11049
-17266
-4136
13403
16424
6157
-687
-1780
-2757
-4529
3772
15207
15405
294
-8283
-2217
6606
5992
1405
2811
6425
2981
-3917
-4562
1029
2623
-1113
-1699
2840
3155
-5223
-10728
-6587
1215
2984
251
-2436
-3724
-6531
-7718
-3837
2759
4622
205
-5153
-5414
-2503
-485
805
2668
3270
1100
-1758
-1884
777
2428
4344
5839
5433
2879
-78
-923
2169
5843
6168
4213
1859
61
-1275
-814
1807
3989
3208
389
-2070
-2767
-1653
-285
732
930
-329
-2649
-4550
-4196
-2239
-543
-533
-1390
-2354
-3415
-3778
-2740
-834
550
434
-890
-1739
-1552
-926
-431
111
587
207
-1089
-2128
-2283
-1609
-1188
-1237
-2040
-2240
-3489
-4388
-5211
-5236
-6360
511
13236
13134
-1841
-17449
-12909
5265
17915
11637
2225
-1414
-1414
-4871
-2367
9902
18600
9314
-6206
-6913
2620
7645
3150
1566
5600
5973
-1287
-5731
-1693
3444
651
-3077
-459
4735
154
-8664
-10088
-2815
2262
1175
-1237
-1780
-3730
-7668
-7606
-1553
4543
3707
-2107
-5538
-3591
-1519
-386
1243
3738
3355
-8
-2441
-653
2140
3249
4528
5831
5055
2224
-807
-142
3550
6123
5418
3028
1135
-275
-1545
-472
2523
3950
2030
-1126
-2863
-2497
-1248
-184
690
498
-1189
-3551
-4860
-3626
-1242
-267
-907
-1802
-2604
-3438
-3537
-2182
-143
800
175
-1044
-1535
-1179
-559
-217
244
441
-199
-1589
-2258
-2064
-1704
-1530
-1918
-2155
-2928
-4056
-5177
-5653
-6950
-3766
9953
15959
4876
-13930
-17564
-2154
15107
15506
5693
289
-753
-4443
-6031
4740
17908
15658
-1352
-8366
-1072
6837
4703
1417
4629
7280
1419
-5634
-3899
2691
2410
-2737
-2655
3601
3217
-5839
-10764
-5979
708
1348
-641
-1153
-2000
-6428
-9032
-5026
2564
5116
844
-4336
-4379
-2620
-1518
252
3449
4716
1881
-1819
-1799
1148
3106
4958
6032
5568
2807
103
-16
2951
5223
5087
3240
1606
616
-611
-1019
680
2515
2057
199
-1351
-2018
-2094
-1682
-659
136
-95
-1756
-4080
-4647
-3062
-1145
-757
-961
-1605
-2807
-3660
-2889
-877
669
618
-291
-972
-938
-600
-530
-555
-98
45
-707
-1813
-2274
-2410
-2462
-2499
-2249
-2807
-3467
-5014
-6388
-8585
-369
14183
15259
-483
-17251
-14128
3449
16435
12124
4705
1410
-716
-6775
-4658
9285
19984
10763
-4992
-6410
2464
6587
2190
1712
6543
6433
-1705
-6042
-1191
3721
40
-4739
-1624
4918
1270
-7288
-9716
-4209
-482
-822
-854
841
-1308
-7233
-9439
-4110
2990
4479
289
-2989
-2679
-2657
-2175
512
4476
5096
1517
-1460
-464
1994
2771
3091
3272
5570
9091
5299
-751
-2432
1336
4370
5886
5641
3157
-1884
-4953
-3926
733
4916
4197
-1052
-4424
-3780
-2742
-1481
804
1639
-964
-4632
-5175
-3678
-2093
-926
-506
-1105
-1890
-2082
-3074
-2833
-758
833
860
1005
1068
-356
-2536
-2673
-780
580
505
-379
-2265
-4010
-4224
-3600
-3258
-2408
-3493
-5955
-9703
406
14842
14413
-2412
-16674
-11696
5312
15672
10672
4818
2631
-741
-7962
-3866
11518
21004
8440
-6352
-5844
3380
6013
2404
3183
7117
4381
-4157
-6308
633
4631
-703
-5909
-1772
4427
-81
-7504
-8079
-3043
-1948
-3055
-1376
2154
-486
-7419
-9764
-3995
2642
3872
295
-1662
-1690
-2948
-3161
661
5570
5754
1352
-1369
138
2292
2810
3112
3704
4531
7034
6280
2706
-619
-315
1290
3821
5815
4835
-77
-4243
-4750
-1826
2097
3868
1542
-2286
-4124
-4118
-2856
-258
1537
30
-3352
-4679
-3943
-2815
-1645
-604
-589
-1613
-1839
-1964
-2008
-1398
-363
332
1027
1644
683
-1646
-2945
-2176
-878
-449
-257
-1103
-3399
-4953
-5254
-4095
-3497
-4099
-7800
-5537
9498
16628
6033
-12926
-16017
-2148
12490
12895
7623
5537
2598
-6097
-9169
3245
19248
17286
330
-6721
-876
4790
1853
1638
7387
8505
-709
-7683
-3464
3942
1852
-4640
-4664
2637
2600
-5033
-8806
-5057
-2235
-3968
-3563
1293
2971
-3497
-9931
-8190
-1096
3208
2623
763
403
-2023
-4584
-2850
3417
7250
5038
400
-314
1044
2172
2370
4219
6397
7139
4382
626
302
1779
2563
2456
3607
4017
1379
-2561
-3638
-1882
519
1251
664
-330
-1368
-3386
-4342
-2514
217
408
-1308
-2883
-3142
-3504
-3053
-1481
231
288
-966
-2283
-2375
-1258
-417
-88
745
1755
1181
-1013
-2375
-2091
-1580
-1147
-859
-939
-2298
-4185
-5618
-5124
-3739
-3937
-6596
-7717
4651
16016
11143
-6896
-16635
-7870
7777
13505
9417
7216
5302
-2256
-10040
-2992
13897
19989
6516
-4509
-2183
3954
2417
52
4760
9020
3074
-5734
-5256
2179
3021
-3620
-6595
-430
3592
-2072
-7433
-6092
-3127
-4726
-5479
-809
4019
356
-7330
-9324
-4300
886
2483
1944
2444
756
-3406
-4613
267
6071
6536
2907
1117
1739
2054
1361
3465
6976
7290
3923
727
1462
2817
2441
1065
1512
2750
1832
-1011
-2248
-1465
-1067
-1883
-1106
726
919
-1777
-4153
-3767
-1906
-863
-796
-1063
-1329
-2442
-3476
-2922
-600
974
205
-1212
-1351
-750
-685
-676
498
1656
1300
-255
-1655
-2148
-2125
-1689
-1763
-1503
-1907
-3190
-5344
-5898
-5776
-5305
-7366
-4080
10208
16617
6580
-11856
-16070
-3744
10995
12769
8946
7863
5081
-4608
-9735
1127
16936
16515
2395
-3596
1265
4598
707
-297
5316
7537
-5
-5961
-2286
3951
680
-6740
-6752
1111
2405
-3664
-6909
-4440
-3699
-6571
-5816
804
4314
-860
-7710
-7820
-2777
875
1521
2223
3827
1170
-3343
-3465
2068
6451
5404
2385
2361
3078
2403
1450
4173
6819
6147
2597
1404
2620
2804
694
-575
890
2439
1196
-1264
-1927
-1592
-2319
-2979
-1382
981
772
-1977
-3627
-3127
-1868
-1522
-1299
-928
-625
-1520
-2590
-2251
-583
407
-104
-804
-296
-100
-602
-657
486
1159
654
-786
-1708
-2094
-2333
-2830
-2668
-2263
-2424
-4429
-5886
-6672
-6427
-8244
-5848
9045
17666
9703
-9519
-16386
-6250
8652
12176
9601
9672
7494
-2211
-9601
-1444
14344
16117
3874
-2103
2773
5772
771
-1793
2965
6435
135
-5024
-1405
4636
1023
-7568
-8788
-1016
1937
-2666
-5583
-3465
-3514
-7392
-7809
-735
4353
650
-5915
-6964
-2907
96
609
1709
4414
2973
-1494
-2745
1649
5922
5358
2670
2994
4106
3353
1910
2336
5152
6518
4167
2000
2207
2290
398
-1261
-160
2054
1570
-802
-2175
-2314
-2676
-3143
-2402
-89
922
-1035
-3031
-3125
-2187
-1580
-1480
-844
-211
-871
-1628
-1283
-453
78
-18
-325
50
379
-136
-489
114
933
687
-667
-1532
-2022
-2720
-3494
-3075
-2615
-2748
-4037
-5726
-6606
-7324
-8520
-8354
5105
17092
13901
-4134
-15548
-9553
4315
10936
9791
10852
10544
2354
-7609
-4495
9762
15608
6101
-1046
2654
7592
3274
-1566
315
4295
62
-4939
-2008
4988
3490
-5826
-10661
-5091
-352
-2452
-4870
-2570
-1919
-6241
-9004
-4125
2212
1093
-3779
-5266
-2018
297
225
740
3410
3451
228
-1271
2336
6033
5670
2621
2539
4005
4142
2971
3447
5563
5473
2850
941
1882
2705
1072
-1158
-1247
376
390
-1198
-1868
-1846
-2675
-3867
-3246
-881
516
-568
-2077
-2400
-2081
-1902
-1643
-748
140
-203
-785
-588
235
416
-206
-432
335
1018
609
-51
80
424
136
-977
-1603
-1994
-2687
-3531
-3389
-3144
-3365
-4415
-5785
-6779
-7788
-8769
-8644
4439
16630
14758
-1684
-13504
-9746
2054
9056
9334
11617
12437
5350
-4254
-4169
6732
12166
5338
901
4341
8996
4803
-599
-917
1025
-1870
-5074
-1410
4686
3873
-3532
-9444
-6876
-3811
-4162
-4921
-2728
-1448
-4059
-6522
-4366
-666
-755
-3404
-3843
-1642
1017
2195
2238
2949
2247
654
120
2554
5638
6486
4727
3268
3180
3444
3063
3739
4832
5156
3424
1554
1080
1237
526
-880
-1786
-1251
-580
-640
-1320
-2352
-3360
-3613
-3201
-1905
-575
-183
-765
-1805
-2210
-1764
-1167
-748
-478
-102
307
596
526
337
350
-84
-516
-208
495
749
560
305
-97
-1230
-2442
-3291
-3439
-3520
-2991
-3083
-3629
-5251
-6359
-7801
-7868
-10137
-5137
8736
16999
12765
-3778
-13794
-7706
4477
8701
9277
10680
11691
6372
-1236
-3319
5429
8979
4957
790
3186
9202
8545
1488
-3243
-3811
-3179
-3360
-1624
2342
4187
-427
-7036
-8870
-7490
-4714
-4003
-3907
-2538
-1969
-2614
-2845
-2866
-2556
-3205
-3260
-2087
1318
3662
4621
3386
1368
373
650
2047
4587
5698
5950
4826
3557
3006
2745
3082
3748
3984
3300
2179
1016
460
137
-920
-1792
-2209
-1883
-1015
-894
-1657
-2635
-3267
-2879
-1969
-1233
-594
-365
-744
-1293
-1548
-1487
-909
-558
-46
555
986
1147
744
193
-132
-245
-101
146
503
729
607
-202
-1355
-2538
-3417
-3859
-3459
-2958
-2864
-3707
-5094
-6326
-7334
-8363
-9112
-392
10026
16174
9473
-5005
-11518
-6185
3568
9448
9383
9149
9088
6921
2297
-390
1126
3653
4806
3290
4328
6947
7472
4010
-2106
-6339
-5720
-2795
988
2122
1442
-1289
-3686
-5571
-6719
-6507
-5374
-3943
-2581
-2203
-1117
-398
-466
-2301
-4406
-4914
-2773
765
3668
4863
4337
2610
1107
175
699
2410
3967
4970
4938
4652
4151
3520
2914
2892
2866
2398
1453
792
842
1087
622
-487
-1756
-2219
-2049
-1656
-1711
-1975
-1877
-1550
-1040
-870
-1112
-1484
-1942
-1821
-1424
-881
-384
-247
-199
-281
-159
137
364
468
192
54
156
413
553
576
505
-49
-1200
-2417
-3205
-3266
-3031
-2764
-2696
-3334
-4369
-6165
-7408
-9134
-4551
4209
13069
13736
3826
-6706
-9856
-3816
3702
7943
9364
8856
7937
5004
1828
847
46
1148
1628
3632
6437
7790
6418
2231
-2633
-5313
-5247
-2157
485
2071
838
-957
-2195
-3293
-4139
-5345
-6090
-5332
-3936
-1511
794
2067
1017
-1559
-4228
-5021
-3482
-568
2501
4517
4607
3540
1995
924
580
713
1285
2280
3515
4555
4954
4373
3508
2421
1642
1017
642
619
985
1415
1472
1057
23
-1097
-1985
-2781
-3047
-2713
-1568
-372
257
237
-423
-1495
-2407
-2579
-1826
-624
358
867
1165
1116
451
-720
-1351
-1014
-274
229
293
404
437
-70
-724
-1041
-965
-1241
-1989
-2596
-2293
-1800
-1367
-1983
-2517
-3105
-4148
-6150
-6369
-2236
5015
11801
10868
3237
-5053
-7333
-4412
867
5167
7888
8280
6595
3711
1870
462
-475
-1176
-308
2387
5695
7026
5718
1922
-1717
-3646
-3266
-1644
43
288
-376
-917
-639
-248
-744
-2731
-4932
-6032
-5141
-2454
807
2931
2867
929
-1602
-3309
-3282
-1797
208
1964
2974
3475
3267
2469
1281
198
-384
-394
449
1960
3206
3642
2939
1831
1276
1216
1134
773
90
-203
81
752
1423
1397
297
-1277
-2669
-3001
-2145
-1053
79
892
1084
758
81
-654
-1232
-1483
-1410
-951
-104
844
1470
924
-42
-1026
-1644
-1541
-461
71
38
22
486
758
282
-404
-1321
-1446
-1189
-1205
-992
-681
-843
-1658
-1890
-2035
-2626
-3746
-4831
-3615
329
5876
8368
6358
1023
-3381
-4809
-3091
-65
3719
6353
6931
5574
3674
2030
429
-1095
-1526
-280
2527
5036
5820
4358
1650
-735
-1910
-1880
-1251
-984
-1129
-1321
-768
411
1071
301
-1921
-4405
-5761
-5047
-2557
200
1973
2146
1258
-235
-1453
-1824
-1678
-1060
-37
1277
2768
3609
3378
2143
616
-465
-764
-98
1059
2025
2234
1885
1656
1821
2318
2188
1175
-182
-1198
-1070
-262
862
1567
1212
213
-1012
-1618
-1719
-1636
-1233
-614
263
1033
1298
982
48
-1217
-2535
-2515
-1147
212
984
1041
629
201
-510
-1267
-1280
-927
-655
-740
-274
431
823
447
-608
-1160
-1208
-1460
-2401
-2448
-1709
-909
-1024
-1898
-3058
-3834
-5296
-5144
-2019
4078
8833
8455
3889
-1133
-3932
-3841
-1826
1728
5246
7202
6713
5050
3634
2125
245
-1368
-1429
639
3327
4906
4512
2491
443
-1007
-1433
-1364
-1762
-2685
-3570
-3156
-1300
678
1366
185
-2205
-4748
-5833
-4741
-2209
432
1736
1973
1488
674
131
-319
-502
-454
42
1196
2450
3480
3664
3042
2069
1189
744
498
483
592
685
1248
2312
3525
3907
2577
117
-2211
-3074
-2471
-716
1080
1877
1598
545
-661
-1622
-2176
-2229
-1537
-552
507
1291
1547
1149
383
-489
-1102
-1302
-1127
-606
-221
323
845
1260
988
-309
-1426
-1995
-2002
-1906
-1714
-852
469
641
-457
-1699
-2288
-3141
-3883
-4015
-3464
-3295
-3959
-4847
-6103
-4535
432
8025
11957
9130
2501
-2406
-3608
-2163
629
5107
8701
9845
7583
5057
3822
2581
586
-1466
-1396
978
2929
3416
2040
634
-325
-1180
-1806
-2854
-4417
-6336
-6943
-4849
-1452
1327
1370
-639
-3412
-5698
-5923
-4036
-1150
1110
2003
2313
2369
2540
2464
2121
1729
1463
1629
1907
2565
3491
4271
4612
4146
3243
2034
483
-981
-1563
-825
1127
3308
3982
2650
16
-2727
-4384
-4568
-3216
-1263
180
361
-22
-272
-316
-326
-385
-439
-515
-371
177
887
1510
1791
1872
1548
765
-68
-906
-1172
-932
-403
130
85
-345
-1002
-1767
-2376
-2473
-2185
-2254
-2867
-3638
-4122
-4428
-4536
-4469
-4098
-4733
-5682
-8717
-8977
-3293
7275
16151
15758
9021
2412
-681
-862
-531
3029
7880
10619
9822
7389
7642
7442
4654
-239
-3931
-3013
-1686
-1023
-1357
-1122
449
544
-357
-2504
-5563
-8881
-11321
-9956
-6092
-1674
960
1222
126
-1902
-2877
-2444
-1185
109
556
1217
2372
4147
5825
7068
7339
6315
4290
1799
452
733
2005
3372
4185
4320
3389
1625
-287
-1346
-1278
-1276
-1569
-2449
-3124
-3146
-2758
-1830
-1071
-549
-640
-1240
-1743
-1919
-1416
-513
858
2440
3431
3734
3111
2210
1247
382
232
265
372
450
561
801
711
214
-890
-2498
-4013
-4596
-4262
-3454
-2763
-2297
-2853
-3761
-4941
-5553
-6349
-6652
-7059
-7274
-8612
-10131
-5035
5336
16544
19391
13480
7078
2992
1728
662
1407
6414
9513
9683
7470
8584
11299
8903
3029
-3765
-5498
-5175
-6038
-5536
-3989
-747
357
-894
-2188
-4122
-6676
-10306
-11789
-9942
-6401
-3013
-743
1229
2338
2428
2114
1879
1892
1946
1729
1666
2621
4367
7081
9448
10217
9104
6033
2694
219
-856
-664
-257
-68
-229
-306
-39
585
863
-205
-2333
-4859
-6467
-6434
-5052
-2694
-602
830
1579
1718
1513
966
519
65
-75
516
1649
3237
4480
5067
4821
3637
1875
167
-1233
-2371
-2948
-2969
-2624
-2307
-1968
-1704
-1817
-2565
-3843
-5386
-6389
-6745
-6465
-6121
-5682
-5475
-5227
-5992
-6478
-8799
-8587
-1565
8779
17451
16580
11433
9041
7791
6911
4319
5175
7679
6590
3898
3262
8134
10672
7039
897
-2997
-3354
-6062
-9105
-9040
-6108
-3821
-4900
-5091
-3195
-1851
-3993
-7110
-7639
-6665
-6110
-5940
-3255
961
3687
4434
4794
6341
7494
6834
4741
3079
2627
2851
4035
5967
7895
8036
5801
3225
1655
506
-1176
-3312
-5048
-5654
-5143
-3993
-2454
-602
701
488
-1274
-3155
-3826
-3835
-3379
-2416
-761
1112
2362
3402
4436
5058
4474
3126
1894
1218
1312
1685
2215
2281
1880
1403
739
-5
-1081
-2540
-4217
-5603
-6135
-5875
-5030
-4225
-3481
-3087
-3209
-3545
-3982
-4718
-5286
-6356
-6853
-7986
-8284
-9562
-8113
992
11845
19919
18334
12783
11237
9383
7045
3212
3340
5229
3308
1069
2641
9295
11014
6267
562
-2178
-3722
-9214
-12810
-10902
-6671
-5492
-7045
-5382
-1239
609
-2012
-4261
-4061
-4620
-6712
-7257
-3090
1917
3637
3930
6330
10210
11156
8844
6144
4739
3117
877
547
2523
4605
4533
3307
3063
3363
1931
-1111
-3999
-5804
-7156
-7928
-6764
-3499
-460
457
279
358
974
760
-218
-895
-1314
-1300
-1039
402
3092
5340
5998
5219
4612
4055
3030
1531
249
-305
-1118
-1905
-1863
-847
17
-411
-1623
-3137
-4626
-5991
-6553
-6226
-5415
-4879
-4482
-3805
-2784
-2112
-2372
-3233
-4265
-5489
-7148
-8848
-11125
-6070
4768
14773
19196
15963
14900
14890
11933
6830
2988
3482
1165
-2885
-3802
2112
7808
6274
3484
2268
1662
-4121
-11233
-11816
-8815
-8132
-10866
-10064
-4670
-317
-42
-184
2228
2454
-1406
-5301
-4462
-1209
-441
-246
3309
8662
10617
9216
8661
9614
8447
4069
478
-375
-826
-2156
-2452
-212
2342
2125
229
-818
-1370
-3097
-5569
-6249
-5281
-4588
-4687
-3411
-37
2770
3833
3743
3715
3315
1794
406
243
763
808
723
1751
3636
4884
4852
4158
3205
1651
-528
-2665
-3614
-3661
-3864
-4211
-3999
-3153
-2661
-2759
-2853
-2659
-3021
-4066
-4956
-4927
-4413
-3918
-3654
-3122
-3147
-3312
-4380
-5245
-7543
-7655
523
9378
15015
14250
12441
14495
13709
10211
5577
5085
4024
-1172
-4968
-3549
2242
2810
1248
1724
2281
-510
-6691
-8286
-6305
-6195
-9280
-10874
-8129
-4842
-3113
-1461
2365
4501
2524
-358
-991
469
511
193
1972
4365
5122
5156
6809
9324
9655
7098
4214
2124
-210
-2478
-3120
-2234
-1852
-2573
-2908
-1928
-1098
-1300
-1788
-2190
-3014
-4587
-4694
-2923
-1110
248
1399
3192
4528
4975
5128
4802
3951
1938
124
-656
-523
-155
321
1605
2390
2323
1824
1622
1180
-370
-2300
-4069
-5162
-5884
-5738
-4954
-4110
-3506
-3162
-2249
-1553
-1400
-1659
-2271
-2892
-3757
-4518
-4613
-4468
-4208
-4906
-5381
-7740
-5469
4531
12559
16183
13895
13345
14460
10981
6500
4014
5540
2546
-3763
-5957
-2015
2198
339
1040
3678
2639
-3837
-9098
-6253
-3976
-7085
-10927
-9356
-5865
-5376
-4689
205
6070
5270
831
-186
1966
2115
-305
408
3800
4166
1961
3092
7833
10285
7922
5069
4530
2916
-1240
-3853
-2836
-1743
-3572
-5446
-3904
-1480
-1400
-1699
-661
41
-1789
-4462
-3769
-707
438
205
1459
3758
4642
4060
4499
5758
4847
1743
-541
-631
-455
-1012
-796
1059
2002
989
536
1566
1898
22
-2255
-3476
-4550
-6018
-6526
-5409
-4055
-3700
-3455
-2055
-457
-36
-403
-925
-1641
-2855
-4398
-4632
-4351
-4493
-5747
-6381
-8276
-6438
3455
11837
16083
14440
13602
14945
11563
6814
3753
4945
2289
-4566
-7531
-3526
1824
575
936
3777
3329
-2448
-7755
-5126
-2729
-6356
-11137
-10441
-6788
-5852
-5229
-308
6097
5982
1561
511
2953
3370
459
0
2549
2588
383
1613
6511
9465
7617
5180
5154
3967
133
-2657
-1974
-1618
-4385
-6922
-5511
-2532
-1966
-1673
58
1059
-405
-2005
-616
1161
569
-716
-82
1508
1965
2263
3660
5347
4544
2055
894
1136
915
-406
-549
284
-63
-1006
-530
1095
1295
-243
-1833
-2499
-3365
-4806
-5458
-4925
-4530
-5107
-4832
-2925
-919
-274
-410
-207
-517
-1865
-3289
-3915
-4317
-5632
-7383
-8504
-9929
-4569
5756
12808
15676
14124
15210
15250
11325
6852
4849
4781
-1093
-7490
-8255
-2873
336
-534
2096
4442
2627
-3036
-4807
-1728
-2893
-8584
-12126
-10290
-8195
-7926
-5153
1675
6319
4283
1822
3423
5366
3500
557
1089
1816
-627
-1964
1614
6689
7934
6153
5912
6412
4169
536
-646
-436
-2904
-7036
-8132
-5601
-3656
-3278
-1633
785
1204
317
386
2189
2458
547
-544
-461
82
-35
841
3039
4205
3384
2197
2387
2515
1672
452
56
-311
-1513
-1850
-878
319
138
-995
-1597
-1883
-2806
-4013
-4323
-4385
-5072
-5794
-4897
-2783
-1384
-855
-297
1
-398
-1668
-2523
-3118
-4080
-6179
-7876
-9579
-9441
-1112
7631
12874
13825
13703
16275
14696
10941
7218
6237
3189
-4634
-8950
-7085
-2099
-1610
-686
3032
3834
822
-2576
-714
348
-4337
-9982
-11279
-9399
-9244
-8477
-3535
2827
4196
2080
3209
6298
6468
3357
1668
1890
-29
-2821
-1584
2957
5613
5159
4931
6337
6253
3798
2023
1783
-176
-4758
-7865
-7117
-5275
-4905
-3935
-1254
627
1335
1701
3577
4724
2992
695
-752
-875
-1650
-1608
-147
1498
2060
1814
3063
4179
4282
2825
1568
754
-968
-2365
-2676
-1734
-1613
-2272
-2292
-1586
-1225
-2045
-2431
-2806
-3873
-5058
-5225
-3894
-2920
-2677
-2142
-1185
-603
-1072
-1409
-1796
-2910
-5165
-7194
-9241
-8917
-1756
5653
10323
11503
12495
15391
14640
11974
9085
7883
4027
-3541
-7800
-6489
-3053
-3290
-2215
1323
2463
349
-1263
1315
1687
-2984
-8115
-9380
-8618
-9633
-9100
-4521
598
1439
438
3088
6830
7038
4578
3487
3402
482
-2581
-1530
1967
3445
2599
3094
5198
5689
4244
3683
3731
1251
-3406
-6219
-5800
-5445
-6121
-5325
-2669
-128
850
2279
4623
5363
3512
922
-156
-1150
-2400
-2666
-1413
234
884
1839
3722
5434
5359
4001
2912
1602
-566
-2642
-3247
-3143
-3714
-4159
-3273
-1774
-997
-904
-816
-1112
-2369
-3781
-4189
-3972
-3952
-4245
-3778
-2716
-1908
-1546
-1315
-1266
-2319
-4408
-6070
-8099
-5910
958
6106
8889
9394
11759
14007
12959
11043
9554
8427
2911
-3532
-5970
-4308
-3167
-4413
-2351
255
206
-1302
-329
2586
1166
-3578
-6676
-6805
-7531
-9103
-7707
-3374
-545
-1187
-306
3802
6661
5966
4499
4725
3802
469
-1309
516
2340
1694
974
2288
4038
3954
3383
4039
3747
648
-2856
-4122
-4005
-5069
-6025
-4481
-2288
-1105
81
2437
4648
4405
2716
1629
824
-784
-2364
-2535
-1693
-1111
-739
1110
3562
4679
4532
4210
3794
2310
16
-1576
-2428
-3594
-4876
-5048
-4019
-2963
-2345
-1633
-925
-963
-1743
-2323
-2412
-2898
-3821
-4452
-4176
-3896
-3830
-3490
-3020
-3278
-4337
-6020
-6121
-994
4746
7968
9087
9879
11903
11626
10134
8897
8501
6194
579
-3227
-3409
-1784
-2556
-2758
-743
-396
-1669
-2388
-206
845
-1899
-4967
-5972
-6077
-7190
-7091
-4457
-1479
-1116
-1551
877
3953
4714
3815
3892
4127
2383
341
924
2724
2742
1683
1759
3086
3269
2564
2666
3079
1604
-1435
-2974
-2870
-3268
-4538
-4382
-2454
-1301
-1012
391
2719
3416
2154
1120
1020
228
-1338
-1972
-1292
-776
-832
17
2259
4063
4150
3827
3868
3082
940
-779
-1431
-2338
-3956
-4761
-4185
-3337
-3005
-2578
-1639
-1037
-1444
-2139
-2168
-2156
-3090
-4158
-4349
-4158
-4328
-4564
-4231
-4039
-4690
-6189
-4837
850
5948
8352
9100
10569
12068
11132
9440
8507
7872
4402
-684
-3131
-2436
-1677
-2665
-2092
-542
-748
-1923
-1620
260
-170
-3182
-5522
-5901
-6283
-7027
-6025
-3326
-1279
-1556
-901
1974
4261
4383
3675
3835
3519
1630
623
1730
2811
2270
1436
1956
2924
3015
2776
3080
2703
648
-1776
-2785
-2827
-3575
-4477
-3604
-1981
-1364
-700
1130
2838
2695
1574
1051
665
-424
-1459
-1495
-963
-782
-655
515
2473
3455
3412
3504
3582
2471
659
-391
-1190
-2704
-4121
-4485
-4077
-3655
-3186
-2413
-1693
-1431
-1666
-1746
-1737
-2170
-3215
-3996
-4236
-4480
-4796
-4627
-4304
-4595
-5585
-5985
-2023
3688
7385
8877
9526
11194
11417
10139
8719
8108
6303
1498
-2424
-3295
-2007
-2093
-2448
-1116
-545
-1381
-2156
-857
240
-1382
-4096
-5572
-5838
-6570
-6538
-4549
-2119
-1391
-1595
352
3206
4483
4227
4058
4081
2629
815
827
2141
2321
1268
995
1979
2808
2666
2669
3059
1930
-430
-2139
-2509
-2875
-4149
-4270
-2801
-1778
-1268
78
2079
2881
2142
1480
1222
597
-554
-1210
-1104
-889
-1042
-525
1393
2861
3019
3047
3391
2883
1181
-124
-749
-1902
-3457
-4415
-4233
-3832
-3482
-3017
-2222
-1467
-1401
-1571
-1629
-1714
-2498
-3484
-3948
-4305
-4822
-5179
-5324
-5213
-5999
-5904
-1912
3409
7433
9074
10140
11685
11690
10197
8288
7470
5371
1045
-2595
-3243
-2113
-2396
-2351
-1038
-171
-665
-1281
-202
150
-1651
-4308
-5766
-6158
-6608
-6321
-4541
-2287
-1481
-1054
984
3454
4430
4131
4183
4003
2515
951
1088
2089
1818
999
994
1897
2340
2180
2578
2868
1804
-473
-1925
-2171
-2844
-4119
-4244
-2872
-1983
-1538
-156
1915
3028
2535
2062
1924
1174
-41
-1087
-1129
-1152
-1247
-641
902
2336
2638
3016
3405
3085
1666
420
-405
-1833
-3457
-4445
-4413
-4127
-3904
-3379
-2323
-1485
-1255
-1127
-974
-1163
-2204
-3446
-4073
-4537
-5206
-5514
-5520
-5611
-6545
-5207
-344
4789
8058
9281
10842
11909
11266
9712
8311
7373
3985
-564
-3385
-3335
-2738
-3072
-2115
-744
-337
-1015
-788
573
317
-1702
-4029
-5441
-6445
-7058
-6111
-4009
-2212
-1634
-464
1867
3897
4818
4955
5025
3989
1954
890
1233
1477
869
401
781
1455
1657
2095
2871
2638
1041
-799
-1647
-2211
-3244
-4348
-4027
-2864
-2234
-1360
468
2198
2823
2809
2705
2301
1281
158
-573
-1041
-1336
-1339
-559
822
1837
2381
2928
3205
2500
1412
499
-501
-2005
-3451
-4122
-4370
-4446
-4070
-3142
-2083
-1380
-1093
-716
-497
-919
-1894
-2853
-3526
-4423
-5292
-5893
-6037
-6502
-6841
-3826
1358
5726
8256
9701
11607
12090
10817
8906
7587
5735
1627
-2220
-3859
-3361
-3292
-3295
-1721
-463
-296
-445
482
1269
5
-2269
-4127
-5247
-6348
-6431
-5178
-3521
-2431
-1604
514
2897
4254
4782
5106
4830
3154
1431
1250
1364
583
-324
-277
382
808
1188
2107
2814
1986
346
-735
-1235
-2204
-3557
-4145
-3598
-3182
-2125
-370
1446
2708
3058
3437
3179
2631
1559
341
-620
-1752
-2153
-1899
-735
277
1157
2275
2729
2730
2311
1855
749
-817
-2383
-3861
-4524
-4831
-4624
-4061
-3149
-2049
-1334
-577
55
162
-619
-1654
-2570
-3564
-4528
-5222
-5683
-6286
-7222
-5700
-1075
3743
7188
8798
10574
11796
11145
9455
7930
6682
3040
-1352
-4151
-4372
-3901
-4069
-2728
-1197
-412
-392
162
1506
1350
-369
-2647
-4088
-5300
-6126
-5482
-3939
-2500
-1694
-215
2149
4006
4966
5363
5351
4056
2047
998
738
306
-705
-1110
-624
-64
346
1213
2304
2284
1027
-220
-815
-1596
-2871
-3838
-3763
-3084
-2476
-1126
869
2486
3264
3578
3727
3183
2212
1086
-58
-1095
-2035
-2327
-1859
-765
240
1123
2093
2514
2345
1838
1254
38
-1693
-3137
-4061
-4664
-4918
-4409
-3458
-2442
-1477
-622
204
559
239
-581
-1554
-2529
-3789
-4859
-5625
-6076
-7109
-6096
-2076
2369
5851
7771
9828
11210
10877
9474
7923
6509
3191
-905
-3858
-4487
-4293
-4371
-3140
-1477
-375
-17
739
1982
1890
438
-1455
-3078
-4644
-5570
-5133
-3993
-2731
-1903
-396
1830
3613
4735
5446
5539
4224
2376
1254
791
-67
-1139
-1457
-1179
-802
-366
778
2109
2341
1488
535
-100
-878
-2143
-2965
-2905
-2726
-2059
-1089
567
2264
3160
3659
3580
3285
2308
1103
-70
-1247
-2045
-2464
-1936
-1224
-49
1128
1864
2424
2292
1995
1116
-96
-1547
-3130
-4120
-4838
-4911
-4507
-3359
-2258
-1334
-298
460
894
461
-330
-1248
-2474
-3642
-4915
-5781
-6718
-6992
-4203
-299
3733
6489
8511
10671
11018
10301
8583
7165
4759
676
-2747
-4785
-5013
-5334
-4711
-2917
-1465
-136
627
2065
2716
1994
431
-1595
-3066
-4636
-5130
-4730
-3783
-2686
-1509
635
2670
4280
5425
5718
5126
3560
2151
1117
-26
-1232
-2079
-2179
-1976
-1382
-365
947
1787
1591
972
602
-53
-1141
-2333
-2688
-2332
-2298
-1652
-218
1439
2567
3009
3435
3320
2672
1564
489
-479
-1530
-2144
-2274
-1570
-744
128
1143
1807
2077
1783
1486
578
-931
-2455
-3609
-4501
-5097
-4907
-4047
-2961
-1865
-753
346
927
824
295
-511
-1713
-3036
-4549
-5454
-6480
-6626
-3964
-437
3264
5878
8185
10437
10805
10105
8691
7314
4369
204
-2992
-4909
-5409
-5992
-5173
-3378
-2046
-631
577
2270
2826
2223
1038
-747
-2433
-4038
-4383
-4166
-3667
-2826
-1475
692
2417
4048
5442
5857
5241
3734
2645
1501
30
-1398
-2301
-2571
-2721
-2154
-1004
335
1154
1240
1273
1060
325
-797
-1701
-1673
-1740
-1911
-1285
3
1338
2123
2879
3189
3148
2504
1565
734
-332
-1141
-1875
-1931
-1517
-929
-23
834
1449
1634
1595
1115
96
-1014
-2254
-3359
-4336
-4684
-4238
-3625
-2814
-1814
-571
319
733
736
453
-341
-1472
-2890
-4191
-5154
-6298
-5192
-2266
748
3544
5848
8363
9671
9593
8827
7723
6073
2575
-878
-3512
-4728
-5485
-5874
-4571
-3117
-1793
-575
1045
2643
2877
2229
900
-475
-1993
-3106
-3439
-3528
-2925
-2126
-713
1008
2625
4200
5120
5195
4360
3244
2180
843
-604
-1808
-2432
-2856
-2806
-1869
-701
345
744
1014
1080
879
199
-487
-457
-873
-1315
-1229
-400
620
1261
1958
2371
2404
1971
1425
966
290
-403
-1140
-1270
-1118
-825
-122
451
894
1000
1044
745
39
-661
-1543
-2430
-3348
-3794
-3600
-3113
-2415
-1529
-684
21
390
558
396
-149
-1175
-2316
-3564
-4618
-5524
-5666
-3497
-943
1709
4200
6486
8598
8981
8757
7806
6476
4182
798
-1928
-3746
-4488
-5246
-4948
-3404
-2168
-828
412
1815
2602
2328
1591
286
-887
-2058
-2739
-3008
-2905
-2209
-1218
263
1738
3246
4336
4472
4108
3387
2556
1463
13
-1168
-1901
-2505
-2860
-2304
-1228
-326
201
616
1011
933
392
43
39
-296
-849
-944
-372
255
729
1200
1666
1926
1680
1326
953
541
-173
-940
-1164
-1062
-833
-400
171
559
679
814
606
159
-435
-1155
-2118
-3086
-3480
-3469
-3140
-2564
-1734
-897
-253
272
574
591
239
-759
-1831
-2977
-3957
-4974
-5457
-3753
-1431
579
2682
4944
7085
7902
7717
7292
6392
4497
1432
-1149
-2813
-3930
-4999
-5075
-3784
-2641
-1553
-120
1449
2483
2431
1933
1072
-100
-1188
-2025
-2426
-2479
-2143
-1463
-301
1165
2490
3532
3898
3682
3187
2503
1506
177
-968
-1817
-2526
-2888
-2421
-1416
-720
-216
345
874
970
680
783
805
226
-375
-473
-211
225
425
611
865
1040
926
648
485
332
-173
-661
-764
-666
-494
-4
351
492
577
523
202
-275
-697
-1335
-2229
-2982
-3242
-3055
-2572
-1998
-1312
-658
-25
308
470
390
92
-892
-1959
-2827
-3656
-4606
-4898
-3272
-1324
469
2283
4436
6281
7000
6823
6440
5741
3982
1305
-813
-2167
-3259
-4305
-4335
-3244
-2439
-1570
-248
1196
2040
2138
1924
1135
172
-645
-1279
-1870
-2067
-1726
-1206
-386
675
1769
2733
3031
2874
2636
2269
1381
215
-686
-1295
-1940
-2430
-2031
-1251
-707
-247
253
777
901
834
1129
1096
552
88
37
196
398
422
430
636
646
328
172
239
48
-437
-645
-492
-362
-220
175
376
414
492
257
-110
-378
-780
-1436
-2148
-2526
-2562
-2426
-2162
-1682
-1127
-557
-157
193
423
321
-158
-904
-1706
-2341
-3122
-3767
-4315
-3527
-1900
-273
1286
2932
4739
5820
5788
5393
5133
4231
2112
-111
-1501
-2391
-3269
-3648
-3046
-2099
-1446
-630
498
1591
2001
1723
1217
690
-88
-805
-1304
-1470
-1379
-1179
-690
119
1175
2030
2421
2361
2170
1870
1198
331
-431
-1009
-1641
-2108
-1984
-1369
-834
-412
-24
506
672
893
1409
1365
984
610
506
302
143
167
81
13
-80
-209
-218
-7
36
-206
-164
-85
-62
36
348
505
256
126
-37
-265
-468
-805
-1304
-1805
-2066
-2189
-2121
-1740
-1245
-917
-617
-204
140
363
226
-225
-885
-1508
-2169
-2783
-3146
-3256
-3704
-2929
-1184
338
1565
2963
4474
5241
4904
4399
4114
3250
1450
-306
-1431
-1943
-2561
-2883
-2333
-1355
-912
-384
548
1415
1602
1249
907
451
-101
-560
-813
-872
-777
-438
-64
454
1215
1843
1942
1692
1512
1318
812
-14
-631
-1013
-1392
-1763
-1695
-1122
-648
-507
-137
371
760
1249
1406
1304
1069
857
591
330
186
48
-114
-362
-451
-541
-432
-245
-299
-134
18
102
132
403
660
503
160
-164
-398
-763
-1062
-1288
-1553
-1718
-1838
-1782
-1465
-1028
-699
-472
-239
1
97
49
-326
-743
-1224
-1734
-2234
-2564
-2835
-2948
-3197
-2604
-1089
260
1246
2249
3417
4032
3936
3499
3299
2801
1481
15
-948
-1273
-1670
-2045
-1769
-1184
-843
-538
206
928
1288
1109
732
425
63
-111
-328
-586
-518
-382
-179
157
871
1336
1414
1235
1067
1035
651
158
-347
-648
-992
-1490
-1530
-1116
-758
-684
-441
-105
535
997
1157
1179
1127
1041
727
500
405
250
-171
-595
-719
-762
-606
-608
-460
-140
96
244
427
777
840
532
136
-197
-434
-777
-1137
-1411
-1594
-1702
-1817
-1613
-1182
-787
-585
-492
-61
203
158
-36
-459
-803
-1250
-1669
-2003
-2056
-2159
-2321
-2426
-2342
-1143
2
862
1447
2314
2985
2945
2643
2339
2308
1475
418
-521
-902
-963
-1367
-1231
-915
-603
-427
-30
653
951
960
683
281
141
71
50
-122
-267
-129
-93
133
562
1020
1186
939
719
688
674
329
-148
-491
-738
-1000
-1172
-979
-706
-674
-594
-78
460
852
949
981
974
842
623
289
131
-35
-379
-815
-966
-784
-646
-461
-289
-33
272
441
623
758
794
481
-45
-413
-647
-864
-1317
-1522
-1528
-1556
-1555
-1265
-815
-562
-394
-280
-115
97
65
-187
-541
-935
-1237
-1545
-1737
-1657
-1638
-1738
-1682
-1693
-1283
-417
234
768
1170
1706
1816
1708
1578
1495
1445
748
130
-279
-330
-396
-653
-603
-503
-411
-499
-196
269
433
395
220
156
263
315
332
244
232
254
247
412
661
727
599
388
311
358
253
76
-127
-323
-489
-607
-637
-502
-477
-514
-420
130
526
617
671
763
820
660
465
206
41
-283
-664
-936
-955
-645
-539
-345
-67
274
557
763
957
957
738
281
-236
-522
-826
-1221
-1643
-1736
-1551
-1356
-1132
-789
-419
-138
4
-39
23
2
-295
-708
-1050
-1285
-1468
-1620
-1625
-1446
-1244
-1038
-892
-716
-644
-166
298
592
746
944
1038
897
880
638
677
559
267
73
-47
-10
-55
46
69
61
99
17
137
121
187
169
30
106
209
355
399
440
580
596
549
640
728
668
420
220
139
164
127
51
-12
-86
-194
-272
-126
72
227
299
294
304
381
308
312
212
114
-40
-290
-382
-454
-345
-364
-301
-81
-43
81
145
307
439
339
267
112
-26
-172
-382
-593
-726
-812
-965
-946
-814
-661
-663
-567
-393
-329
-300
-278
-336
-425
-606
-775
-948
-909
-964
-1126
-1094
-971
-812
-617
-514
-413
-370
-383
-98
169
423
462
584
565
580
501
441
562
376
213
99
-7
-24
-46
-26
-70
-24
-85
-38
167
250
338
310
225
268
400
392
252
295
318
235
203
251
358
303
235
199
211
252
202
221
102
53
-1
107
177
258
223
236
208
140
192
48
-199
-324
-398
-510
-468
-390
-272
-149
-89
18
165
273
294
290
172
3
-155
-309
-442
-563
-685
-818
-834
-787
-621
-460
-394
-358
-364
-373
-323
-348
-424
-538
-695
-744
-766
-866
-919
-998
-1000
-892
-751
-523
-421
-348
-316
-398
-418
-367
-519
-429
-268
-38
198
357
509
538
424
248
166
187
8
-219
-337
-382
-417
-360
-133
-62
130
188
403
683
794
735
431
187
76
-25
-148
-300
-190
-175
-47
137
383
603
571
499
485
460
453
192
136
20
-103
-176
-215
-109
-192
-56
-13
21
-7
-106
-52
-169
-257
-357
-368
-350
-343
-248
-191
-85
-52
-23
50
-57
-46
-69
-193
-363
-475
-465
-514
-554
-526
-451
-433
-403
-386
-365
-306
-318
-411
-554
-609
-712
-785
-786
-718
-619
-698
-692
-567
-438
-370
-298
-254
-180
-229
-267
-419
-479
-563
-669
-698
-481
-204
14
238
430
562
456
344
225
127
44
-251
-424
-624
-633
-526
-444
-202
-89
47
274
458
569
555
451
189
-9
-114
-204
-227
-318
-214
-105
5
145
308
484
470
487
573
467
249
139
62
-67
-212
-312
-243
-114
-87
-145
-182
-215
-288
-355
-277
-248
-233
-244
-285
-194
-38
40
-34
-120
-89
-181
-273
-365
-419
-475
-628
-609
-540
-467
-386
-401
-351
-255
-130
-186
-242
-352
-472
-575
-616
-732
-854
-819
-820
-717
-620
-510
-387
-258
-140
-68
-55
-130
-226
-329
-454
-578
-641
-624
-639
-646
-620
-543
-338
-143
51
183
233
392
294
54
-95
-258
-256
-363
-438
-462
-392
-269
-216
-31
15
104
190
251
264
210
187
27
-47
-87
-138
-160
-142
-79
-88
-95
7
89
44
38
31
17
-13
-73
-82
-60
-28
33
26
-96
-182
-199
-268
-299
-323
-458
-501
-435
-326
-203
-146
-86
-126
-146
-106
-91
-133
-269
-447
-510
-604
-613
-574
-558
-530
-462
-393
-255
-249
-248
-225
-256
-253
-295
-424
-525
-546
-591
-608
-627
-690
-641
-551
-475
-321
-233
-268
-272
-239
-220
-288
-230
-215
-314
-382
-424
-470
-558
-614
-584
-475
-403
-324
-304
-229
-76
89
69
29
-10
-73
-89
-92
-147
-289
-329
-321
-240
-168
-195
-166
-62
59
122
137
152
130
67
7
-38
-112
-178
-234
-180
-151
-124
-97
-22
47
75
143
81
23
-43
-154
-155
-122
-198
-253
-278
-278
-217
-171
-120
-146
-178
-188
-118
-119
-145
-181
-320
-337
-308
-367
-424
-400
-387
-339
-353
-299
-276
-340
-356
-307
-262
-303
-306
-354
-360
-328
-380
-365
-432
-440
-458
-418
-401
-428
-347
-290
-205
-195
-204
-191
-173
-230
-360
-400
-407
-455
-471
-461
-492
-517
-481
-414
-364
-303
-255
-202
-141
-149
-126
-137
-104
-107
-159
-186
-185
-213
-182
-202
-208
-171
-184
-237
-186
-85
-103
-31
5
15
-48
-60
-111
-131
-132
-167
-164
-113
-18
-58
-24
-50
-43
-22
60
17
13
-6
-9
-53
-176
-169
-192
-196
-254
-250
-226
-234
-216
-199
-177
-126
-166
-227
-230
-234
-205
-262
-301
-282
-300
-402
-410
-379
-445
-441
-477
-416
-412
-415
-363
-384
-358
-391
-407
-363
-317
-349
-347
-334
-400
-322
-367
-415
-347
-368
-336
-331
-366
-423
-458
-401
-396
-369
-397
-419
-383
-387
-378
-313
-261
-245
-235
-240
-219
-238
-229
-183
-231
-206
-239
-255
-204
-223
-237
-235
-166
-202
-193
-250
-231
-151
-172
-163
-139
-221
-161
-74
-78
-88
-99
-162
-173
-118
-106
-50
-54
-62
-125
-98
-69
-105
-84
-82
-93
-54
-77
-81
-114
-166
-161
-200
-209
-217
-183
-116
-153
-183
-174
-163
-177
-146
-203
-238
-295
-304
-295
-332
-294
-314
-274
-237
-300
-306
-324
-383
-346
-309
-342
-351
-338
-249
-198
-271
-242
-283
-297
-264
-339
-344
-362
-402
-413
-331
-327
-338
-357
-334
-333
-354
-275
-297
-321
-356
-325
-278
-339
-397
-351
-391
-383
-309
-296
-266
-188
-208
-201
-229
-222
-233
-343
-372
-372
-384
-404
-368
-380
-352
-364
-395
-342
-278
-249
-300
-254
-201
-244
-171
-169
-180
-146
-186
-171
-231
-252
-242
-251
-316
-270
-284
-295
-260
-244
-253
-237
-158
-182
-186
-138
-145
-191
-163
-159
-139
-202
-204
-242
-243
-210
-224
-180
-201
-168
-223
-255
-220
-207
-239
-299
-259
-244
-202
-212
-271
-237
-251
-216
-234
-225
-198
-244
-210
-254
-283
-268
-256
-209
-263
-293
-231
-251
-303
-316
-256
-244
-190
-201
-161
-111
-163
-131
-104
-80
-143
-164
-185
-248
-280
-256
-263
-331
-280
-249
-328
-305
-250
-257
-289
-232
-241
-281
-223
-242
-231
-207
-215
-213
-223
-202
-213
-260
-270
-196
-231
-162
-160
-198
-208
-303
-282
-245
-221
-211
-266
-231
-257
-243
-168
-142
-208
-243
-229
-212
-203
-243
-253
-298
-244
-187
-227
-185
-163
-150
-129
-198
-205
-223
-227
-135
-162
-236
-214
-243
-209
-216
-215
-222
-255
-267
-212
-225
-215
-219
-240
-233
-219
-249
-265
-248
-259
-237
-194
-176
-242
-218
-238
-208
-243
-231
-172
-179
-144
-155
-154
-154
-125
-206
-160
-177
-267
-261
-190
-185
-245
-247
-284
-257
-229
-215
-242
-216
-226
-281
-282
-255
-240
-313
-284
-218
-192
-206
-217
-185
-147
-146
-162
-248
-169
-189
-243
-123
-120
-158
-162
-157
-188
-142
-137
-141
-136
-226
-225
-245
-246
-246
-225
-211
-211
-183
-190
-153
-184
-184
-198
-221
-206
-161
-163
-191
-165
-125
-116
-127
-161
-201
-187
-154
-119
-165
-186
-144
-109
-128
-93
-109
-135
-177
-260
-287
-243
-264
-226
-206
-246
-209
-178
-153
-138
-126
-155
-147
-131
-134
-173
-171
-128
-162
-183
-157
-91
-92
-168
-146
-77
-74
-94
-128
-159
-156
-173
-168
-132
-158
-184
-153
-168
-206
-182
-202
-204
-213
-194
-170
-165
-130
-83
-107
-115
-97
-93
-92
-96
-154
-187
-200
-164
-126
-116
-127
-165
-163
-170
-205
-182
-149
-162
-131
-84
-71
-132
-169
-144
-158
-156
-143
-151
-118
-190
-223
-214
-248
-193
-180
-193
-173
-135
-156
-115
-87
-103
-105
-136
-76
-61
-172
-155
-139
-138
-167
-187
-108
-124
-182
-161
-109
-137
-145
-152
-136
-127
-158
-167
-147
-164
-127
-183
-122
-141
-171
-101
-116
-87
-68
-93
-111
-152
-110
-111
-211
-199
-214
-212
-225
-242
-213
-193
-232
-200
-194
-164
-159
-190
-193
-195
-216
-258
-212
-151
-153
-172
-137
-169
-124
-179
-136
-103
-128
-176
-164
-161
-229
-192
-222
-222
-195
-188
-183
-132
-123
-133
-138
-159
-152
-155
-96
-178
-198
-199
-196
-146
-157
-149
-140
-154
-124
-132
-97
-102
-209
-168
-120
-111
-137
-121
-103
-164
-131
-169
-169
-90
-67
-53
-53
-70
-95
-93
-84
-73
-56
-36
-98
-114
-75
-104
-93
-82
-121
-154
-123
-116
-124
-121
-99
-112
-88
-66
-89
-110
-120
-39
-39
-13
-116
-134
-155
-165
-154
-157
-173
-191
-104
-52
-173
-208
-27
1
-89
-7
7
-93
-120
-132
-77
-138
-178
-146
-130
-132
-124
-72
-103
-138
-134
-89
-86
-111
-112
-151
-39
-57
-144
-70
-106
-76
-39
-68
-1
-22
-30
-28
-83
-129
-175
-155
-161
-134
-121
-177
-130
-108
-116
-120
-82
-73
-106
-81
-76
-85
-54
-15
-48
-95
-143
-87
-22
-41
-77
-107
-49
-90
-116
-97
-107
-46
-70
-84
-154
-112
-84
-121
-83
-63
-27
-56
-87
-17
-38
-13
-62
-89
-39
-149
-95
-102
-60
-60
-85
-93
-63
-17
-35
-3
-8
-37
-52
-16
5
-47
-78
-108
-55
4
-25
-38
-29
4
-45
-61
-94
-65
-42
-53
-23
-69
-69
-78
-86
-92
-78
-86
-91
-66
-122
-80
-76
-109
-117
-37
-87
-89
-43
-51
-43
-25
-52
-90
-89
-119
-163
-110
-121
-109
-93
-56
-16
-76
-86
-96
-128
-137
-119
-119
-78
-117
-86
-68
-90
-131
-169
-155
-158
-174
-82
-52
-51
-68
-74
-52
-59
-35
-88
-92
-84
-83
-57
-65
-55
0
29
-61
-81
-54
-72
-60
-75
-70
-42
4
-33
-73
-80
-98
-77
-104
-134
-94
-112
-95
-71
-118
-82
-59
-24
-20
-35
2
-37
53
20
-7
-48
-23
-8
23
46
42
38
4
104
123
160
144
101
115
101
27
13
-16
-21
43
71
31
4
16
-1
8
51
24
-6
-30
-48
-59
-65
-42
-59
-81
-49
-13
-17
-56
-17
-26
48
32
-33
-20
-17
1
-56
-80
-91
-68
-83
-93
-79
-81
-79
-68
-40
-84
-31
-41
-96
-59
-107
-61
-99
-115
-137
-121
-21
-59
-43
-27
19
34
53
123
45
31
30
17
5
27
26
-34
-10
9
-25
22
76
118
90
57
98
110
117
100
53
73
98
42
30
35
94
74
44
73
67
93
69
114
170
144
160
173
168
146
89
77
87
48
27
30
30
70
81
88
104
75
35
4
-18
55
143
131
158
104
153
55
8
6
12
42
-32
-5
-47
-103
-97
-125
-201
-194
-206
-260
-286
-272
-277
-343
-256
-291
-324
-343
-287
-215
-247
-221
-237
-180
-215
-230
-199
-165
-151
-153
-125
-49
-26
-17
9
98
133
96
105
91
127
135
98
57
87
