79
100
117
100
138
141
109
148
130
102
96
111
119
93
58
35
70
44
68
67
28
43
39
7
0
29
97
62
83
123
139
138
141
89
56
115
103
52
29
36
52
93
87
65
4
0
60
133
70
73
123
102
130
153
159
83
55
73
151
119
123
158
150
115
110
108
136
91
77
82
1
66
36
59
59
24
24
25
92
92
70
99
101
88
79
47
79
132
112
54
104
87
97
88
94
74
79
66
47
115
90
88
30
22
51
88
48
23
26
101
94
89
101
37
97
86
93
99
65
123
42
3
46
16
45
62
62
80
128
88
97
24
-1
45
18
138
88
99
84
19
29
13
53
29
83
134
78
88
148
158
155
77
50
41
85
116
30
10
16
76
72
8
-16
51
19
80
92
104
87
29
26
48
79
54
53
67
79
81
77
30
43
75
86
51
72
15
63
110
105
94
84
123
79
106
124
107
90
92
103
65
125
77
62
77
84
101
94
91
67
121
158
127
73
86
23
47
52
32
14
34
77
44
-6
38
82
22
17
96
42
18
92
107
137
132
88
1
63
138
148
102
111
90
101
90
89
105
82
103
126
93
80
118
124
86
82
71
36
36
82
109
88
130
126
137
84
77
85
87
95
69
89
83
98
93
100
74
62
63
112
173
148
116
124
104
121
116
108
99
23
-4
66
95
39
3
-14
3
62
129
115
139
112
66
53
82
88
48
32
24
49
47
34
12
69
64
120
71
92
67
65
117
119
137
49
61
72
77
70
65
77
37
77
98
56
64
-1
41
60
23
20
77
26
15
73
107
138
70
119
87
63
70
51
52
99
42
33
69
60
77
40
46
-13
36
85
96
43
-1
0
10
6
16
57
30
1
-7
23
18
22
52
77
48
84
115
74
27
34
20
-26
14
52
83
36
10
-7
21
77
22
40
13
17
84
68
39
49
15
46
89
52
85
85
69
47
84
78
96
95
94
54
22
64
59
58
42
91
34
19
20
-22
36
85
127
104
46
49
30
34
41
115
111
101
80
88
137
137
150
99
131
158
159
69
36
55
38
-19
21
21
-30
26
57
73
79
69
54
0
54
36
89
106
115
94
36
40
17
25
-19
30
81
77
-2
1
14
43
106
103
66
40
15
33
13
47
34
11
31
24
22
-19
1
31
61
52
61
69
60
20
2
72
74
94
74
40
73
98
84
68
96
60
83
75
91
97
54
41
70
21
61
68
45
72
47
40
55
45
49
50
36
59
96
57
82
86
91
116
101
120
68
125
100
77
42
15
29
99
73
48
111
36
40
4
47
14
19
114
52
16
33
55
127
82
34
-17
-2
30
7
68
79
43
6
30
-20
-55
-34
11
22
29
102
70
72
64
59
108
142
147
139
63
51
121
136
146
120
145
69
93
45
79
129
93
27
-1
71
100
130
105
112
104
98
24
63
63
61
72
45
-4
28
84
59
74
76
53
5
60
50
91
122
77
112
67
53
47
101
87
128
103
133
121
112
168
85
108
68
78
116
88
92
133
144
106
81
77
73
71
-27
14
60
80
31
83
77
66
54
12
46
59
95
159
127
104
66
42
58
64
103
125
127
84
63
85
108
51
48
64
116
121
90
79
89
77
55
32
-12
24
48
5
28
31
64
83
39
55
18
18
59
67
11
65
41
24
55
71
111
91
106
114
117
106
118
120
72
68
99
94
59
65
36
19
-12
63
31
14
71
61
107
96
102
106
104
78
47
16
43
38
17
21
4
44
117
48
89
111
100
107
49
1
57
31
13
33
-20
-48
-45
28
29
29
60
72
51
45
42
76
59
53
-1
-27
-20
10
39
-6
-22
48
79
45
105
32
-5
-19
29
11
-10
-2
35
48
49
94
80
43
-7
24
12
55
44
15
31
51
33
28
38
13
18
63
76
94
112
7
14
71
106
87
32
48
48
47
-4
-3
11
15
13
19
135
151
100
104
84
40
101
58
86
66
3
55
80
140
75
54
75
77
48
71
73
44
35
38
99
70
110
88
77
106
79
53
45
60
22
41
68
50
72
77
92
69
47
37
10
42
24
-2
4
59
43
56
84
76
96
77
96
25
39
78
59
91
40
70
78
74
71
42
63
72
117
155
104
62
47
86
103
156
100
29
100
115
117
102
109
126
166
136
167
167
85
43
54
62
41
70
154
128
108
155
158
177
194
194
138
120
145
154
116
71
88
97
112
64
39
119
93
130
158
123
103
137
134
142
143
185
172
40
33
91
128
152
149
166
124
140
160
201
211
179
163
174
175
132
124
139
129
140
217
172
185
223
225
233
198
179
209
208
149
177
129
135
148
131
169
176
185
111
121
150
155
146
135
134
132
138
139
130
134
174
193
172
173
164
89
138
187
132
114
85
120
169
158
156
143
130
177
172
143
200
143
182
144
139
147
168
136
85
142
143
116
113
110
87
139
162
189
155
182
173
154
206
177
212
277
237
230
179
221
271
259
235
198
140
138
150
149
173
130
166
138
160
148
145
237
216
189
198
133
221
253
213
241
223
297
298
305
279
244
193
219
227
243
271
228
216
192
210
172
176
154
211
233
195
185
226
249
231
221
223
209
83
147
137
184
208
217
192
182
179
160
234
215
269
249
255
218
182
203
210
223
185
201
191
209
185
187
187
193
217
218
210
151
217
269
337
244
186
251
291
314
279
197
236
270
199
197
163
242
208
232
212
214
268
288
234
240
287
234
224
192
215
190
249
288
242
197
217
280
249
275
263
208
227
226
211
239
256
249
246
264
210
190
138
156
238
217
186
191
200
232
239
222
260
266
266
261
263
249
179
160
144
217
268
181
223
215
271
313
236
194
201
260
281
293
242
277
295
274
205
246
284
251
240
207
216
216
279
290
257
259
278
254
260
247
180
216
203
176
206
198
163
193
207
215
234
239
207
237
259
182
228
250
232
325
325
235
242
256
265
231
210
208
206
247
257
256
236
215
210
180
229
191
252
261
210
204
190
236
254
221
194
257
266
214
269
261
252
298
254
292
324
286
220
216
254
247
231
270
256
316
259
218
235
222
209
245
263
250
290
281
306
271
192
205
292
264
291
272
277
298
290
325
278
266
284
385
359
313
296
236
272
324
314
222
196
235
272
216
166
193
211
277
337
293
265
237
205
269
295
259
250
298
253
234
223
190
249
199
185
227
235
268
256
256
230
259
241
275
289
196
180
205
244
255
305
302
298
231
257
249
217
226
197
200
238
195
161
242
278
254
233
263
265
244
247
268
273
267
195
210
239
229
273
228
226
166
164
177
205
256
200
217
199
232
271
258
232
258
233
166
204
187
190
243
261
245
232
262
199
186
188
132
90
191
217
189
249
243
208
172
226
259
267
234
257
220
195
177
207
192
195
261
249
226
175
253
262
212
200
235
196
203
199
202
185
219
243
246
281
271
288
212
252
246
238
249
173
168
193
243
242
293
290
242
240
271
252
261
285
249
249
273
284
224
208
223
243
248
259
236
273
271
240
224
193
294
281
198
221
247
205
227
214
186
245
212
239
253
258
211
204
250
228
278
269
232
245
251
226
255
280
257
255
198
185
176
219
247
281
262
286
270
190
251
203
229
185
171
188
203
236
190
197
185
215
221
204
215
261
250
268
273
232
206
204
191
229
251
230
196
198
174
190
260
257
218
213
210
255
231
209
237
255
262
274
269
279
253
200
251
279
245
248
236
217
218
244
231
201
233
202
220
165
205
210
173
179
191
224
192
191
229
208
223
213
180
157
242
238
217
246
289
291
262
284
283
290
268
271
325
309
237
270
245
265
247
216
191
228
228
286
269
287
266
219
248
185
187
227
291
276
330
312
256
267
226
249
240
246
260
274
254
281
260
287
329
262
261
228
233
193
156
178
192
185
207
221
191
204
207
262
216
217
261
259
283
289
241
200
277
279
248
271
269
270
260
268
254
276
365
390
348
272
236
291
220
210
255
280
334
292
281
276
225
206
277
297
321
327
329
285
290
274
261
236
245
223
228
308
292
296
269
315
313
278
251
175
172
211
252
276
260
225
171
217
255
257
234
216
169
144
162
134
167
189
176
268
305
285
315
312
284
297
270
298
244
233
201
223
242
244
242
199
238
222
220
254
262
293
218
217
248
195
223
249
249
239
228
203
200
210
240
199
222
212
168
222
207
201
183
207
222
231
266
208
232
182
205
257
273
275
227
231
275
273
256
220
232
282
233
262
278
264
282
261
258
301
268
242
290
274
196
249
284
267
261
270
293
293
237
225
286
254
264
258
270
247
284
293
244
216
242
272
282
273
247
283
268
280
241
230
232
258
273
274
249
237
244
212
197
237
224
263
277
229
250
248
241
229
221
185
245
244
272
317
316
285
248
269
251
270
253
191
278
327
304
316
315
267
237
265
285
316
288
259
228
260
276
228
192
208
220
239
258
267
232
246
269
284
329
230
307
365
311
295
297
324
270
284
288
247
327
290
263
258
288
303
250
285
323
337
278
292
255
248
312
300
289
291
315
287
284
290
327
335
340
259
243
297
205
293
313
272
275
295
339
347
334
287
330
360
390
330
364
337
356
270
328
336
458
333
539
358
1223
3254
2520
-518
-2401
-768
308
-787
-1302
-113
502
8
679
1833
951
-22
334
1023
527
193
811
1361
779
945
2006
1752
298
-516
-217
-82
-568
-723
-475
-928
-820
-149
-828
-714
119
823
724
94
621
657
167
-536
541
546
-194
1881
3862
2990
982
573
758
-958
-2736
-2578
329
1724
1582
656
795
612
-666
-1083
-547
333
-24
-283
251
592
-147
-832
-421
394
256
-410
302
1143
270
-515
514
826
-339
-1018
-284
185
-134
105
1287
583
-292
89
727
-331
-739
200
885
-139
7
895
750
-247
-247
419
122
-240
440
624
-365
88
757
599
-401
147
475
-761
-1105
882
1172
105
-143
1756
1492
-49
-457
785
284
-702
640
1799
627
-180
803
1010
-596
-919
451
831
-185
-44
735
551
-63
-220
744
593
-571
310
600
584
178
1730
4222
3558
181
-1436
-141
-105
-1101
-309
650
-813
-1387
555
570
-1518
-1396
602
1271
1083
1344
1233
99
-148
493
822
949
1336
1493
1283
1535
1160
724
494
494
222
228
543
366
-600
122
498
-22
-549
643
1537
939
312
244
-220
-1221
-750
361
454
27
162
189
74
44
44
-65
-313
-58
638
1018
656
-138
78
945
1199
1291
1877
2458
2251
2045
2296
1999
1143
311
298
42
-944
-2060
-2979
-3240
-3919
-4895
-4874
-4454
-5219
-7582
-8946
-7443
-3111
2199
5818
5833
2325
-1022
-1716
-471
663
1589
1935
1189
603
1621
3193
4566
4924
2952
-521
-4103
-6288
-5300
-2215
2516
6400
8186
7875
5298
194
-7549
-18169
-17742
-3241
15522
26360
21869
5776
-9987
-10253
374
12647
16580
12921
7180
1879
-2054
-4275
-5564
-6746
-6312
-4024
-1474
-445
-580
1351
3450
4209
4149
2760
-327
-3870
-4870
-2725
379
2205
2818
3203
2721
1762
2164
4348
6753
7184
5418
2164
-1959
-5043
-6177
-5377
-3938
-2126
792
3297
3799
3822
4294
3732
1086
-2732
-5669
-6945
-5335
-2458
3307
12774
23458
30955
29853
15081
2714
4003
6262
-679
-20633
-32158
-29981
-20502
-10544
-6291
1021
9886
10224
6242
9
-5276
43
5047
6343
7783
968
-7136
-8678
-5961
-2418
1014
5059
8872
9114
3209
-5055
-7055
-4425
-4400
-7961
-8348
-4818
-1415
1811
4694
6917
6659
4577
1825
-686
-3347
-5161
-5713
-5408
-4576
-2492
-685
-202
1021
8
-2367
-4143
-3274
-2712
-1100
-40
-503
345
1512
4444
8795
12204
12796
9804
2296
-2646
-956
1088
2793
2953
745
-748
-1020
-883
-946
-1732
-2863
-3293
-2882
-2461
-2284
-1199
1064
3335
4679
4872
4135
2438
1158
843
632
255
-813
-1809
-2692
-3177
-3857
-5618
-6886
-6478
-5729
-4391
-741
4529
6970
7081
6853
6670
7234
7270
5576
1950
-2195
-5315
-6484
-6117
-4839
-4050
-2509
1013
3938
4579
4287
5760
8012
6391
-334
-3532
-3463
-3652
662
12256
22169
23442
23014
16867
10952
8519
4324
-138
-7930
-13829
-12390
-6217
209
2155
-140
-3611
-3765
-139
3267
4570
3607
1088
-2048
-5200
-7444
-8124
-7881
-7903
-7556
-6383
-5111
-4453
-3786
-2897
-2564
-3370
-3861
-3174
-2210
-1562
-780
-126
-142
-683
-660
-271
53
560
1514
3216
3704
3077
1503
215
-957
-2083
-1966
-1188
-726
-1044
-1258
-1422
-2171
-2875
-2957
-2287
-1506
-535
222
366
3
-672
-1313
-1586
-1168
-731
-390
275
748
521
101
-60
-389
-886
-872
-190
378
691
926
818
252
-271
-462
-371
72
703
1299
1714
1813
1311
161
-1000
-1996
-3076
-4109
-4627
-4801
-5262
-5819
-6376
-6861
-7296
-7761
-7661
-4103
3215
8304
7456
3919
2967
2968
1196
797
4320
7294
6216
4537
5485
5463
1334
-3002
-2885
-496
604
1317
2727
2804
-178
-3705
-4213
-2806
-2858
-3652
-2800
-942
-330
-955
-927
-923
-2588
-4393
-3862
-1792
-307
454
1354
1945
1812
1599
2027
2496
2639
2941
3523
3968
3943
3190
1799
485
-219
22
395
1849
4058
4720
3032
546
-1083
-2457
-3838
-3891
-2742
-1722
-1383
-1072
-1152
-2164
-3399
-3682
-2763
-1097
716
1970
1772
783
-56
-733
-1108
-686
-79
152
524
1203
1349
647
-116
-534
-620
-123
896
1664
1540
835
-48
-1039
-1837
-2306
-2591
-2856
-2873
-2914
-3021
-3113
-3456
-3981
-4114
-3479
-2573
-2121
-2128
-2270
-2752
-3429
-4100
-4610
-3916
762
7343
10476
7713
3219
1477
1490
854
1343
4529
7693
7655
6316
5521
4176
1036
-1705
-1595
697
2942
4066
3715
1941
-679
-2726
-3867
-4066
-3840
-3293
-2377
-1209
-600
-1063
-2407
-4219
-5634
-5516
-3510
-696
1225
1947
1790
1017
-241
-851
-169
829
1619
2450
3505
3992
3485
2455
1484
673
354
699
1463
1935
2065
2660
3098
2527
990
-393
-1045
-1477
-1618
-1267
-614
-255
-565
-1029
-1660
-2172
-2034
-1366
-629
-19
353
384
-339
-660
-325
-430
-1496
-1476
-636
-453
-822
-1033
-46
79
-832
-1747
-822
311
267
331
135
-85
-94
-92
-260
-1126
-1020
529
585
-623
-583
-60
-79
89
391
208
-193
627
1396
1108
247
82
450
-23
-573
-728
-354
332
1450
2272
2044
984
103
-206
-189
-152
108
736
1205
1248
1095
891
614
323
95
71
235
636
1228
1478
1304
833
319
-47
-309
-205
22
290
565
626
350
-128
-581
-799
-718
-387
113
491
717
583
318
0
-166
-115
-72
92
240
430
473
402
186
72
-20
-35
43
246
386
335
268
130
-26
-172
-162
-41
108
210
268
248
289
297
296
250
137
105
27
34
46
142
207
210
235
242
186
149
167
171
268
318
405
289
158
57
50
115
80
107
240
374
214
15
67
127
59
-26
-22
134
163
148
79
-9
-73
-198
-263
-289
-187
-75
-22
-4
-95
-143
-143
-177
-168
-148
-86
-52
-95
-177
-341
-423
-456
-593
-686
-502
75
579
781
483
4
-344
-509
-434
-172
216
502
729
886
786
538
241
88
181
396
772
1104
1385
1350
1070
752
286
43
-30
-114
-79
37
149
211
109
-108
-385
-459
-274
72
380
627
608
442
164
-255
-465
-251
-33
259
431
390
82
194
375
-163
-589
-487
-14
161
182
83
40
86
330
156
11
145
588
773
307
-292
-330
111
289
370
403
296
178
96
45
-98
6
358
395
432
556
244
263
152
-505
-561
10
395
383
38
-405
-280
232
167
-364
-110
668
172
219
511
-461
-1573
-1887
-885
-367
-92
-210
-541
-737
-706
44
376
-324
-1087
-419
244
-197
-946
-1012
-737
-600
-670
-896
-1204
-1066
-457
715
1556
1401
542
-246
-501
-438
-1
588
1171
1413
1214
913
765
534
191
83
371
873
1390
1718
1555
904
84
-445
-531
-356
-162
161
370
425
322
-96
-703
-1210
-1318
-1204
-679
345
1039
769
-115
-704
-783
-707
-572
-262
277
611
488
250
-110
-190
-195
-313
-345
-264
31
477
581
184
-147
-179
-349
-463
36
849
1716
1939
1361
331
-215
-306
-172
59
399
739
777
329
-391
-763
-361
325
359
366
764
1247
2189
2815
2173
282
-1265
-1456
-94
1094
788
-871
-2113
-1393
-1223
-2781
-3365
-1457
1253
1578
-451
-2070
-1247
158
-47
-869
-1725
-816
660
481
-666
-1184
211
422
-1605
-3096
-1812
57
-890
-2815
-3751
-3291
-3241
-1597
2324
6375
5916
523
-4248
-3545
-173
1747
2259
3581
4399
3664
1827
868
447
-246
-96
1278
3151
4456
4134
2403
-217
-2079
-2302
-1351
-288
384
854
816
230
-957
-2710
-3929
-3976
-2807
-1154
356
1242
691
-938
-2430
-2662
-2013
-973
189
1300
1769
1534
1050
739
40
-528
-459
433
1613
2638
2881
1990
591
-257
-373
-77
190
1583
3785
4951
3772
1246
-808
-1596
-1589
-806
493
1689
1810
940
-610
-2205
-2704
-2027
-966
-202
488
1318
954
-190
-1562
-2356
-2255
-1130
-393
-96
301
34
-471
-1128
-1590
-1724
-1553
-1364
57
1388
345
-1017
-989
-977
-2092
-3349
-2429
-680
-109
-1514
-2581
-2378
-2354
-3269
-3838
-3593
-3347
-3816
-5030
-2509
4964
11371
8477
-1517
-7105
-2805
3241
5408
5452
7141
7465
4670
1105
1001
1754
1546
1254
2866
4935
6203
4717
1241
-2408
-3938
-3129
-1225
305
939
345
-1044
-2356
-3613
-5002
-5721
-4806
-2987
-979
325
883
-459
-2621
-3859
-2674
-791
1010
2284
2949
2369
1605
1390
1719
1237
815
1359
2554
3506
3930
3518
2108
448
-385
-24
768
1334
2267
2606
2170
1747
1708
1170
-409
-1808
-1759
-577
504
960
554
-899
-2235
-2480
-1823
-994
-267
436
903
794
336
-181
-1049
-1791
-1534
-533
350
740
351
-748
-1924
-2465
-1965
-1306
-768
-285
39
41
-908
-1779
-2188
-1984
-2073
-2254
-2327
-2345
-2564
-3592
-4567
-4808
-4399
-4785
-5273
-7069
-4525
4545
13990
12852
757
-9093
-5790
3281
7585
8137
9625
10061
5464
719
832
3803
3001
1245
2570
6325
7705
5586
1001
-2925
-5317
-4729
-1869
1400
2174
268
-3009
-4800
-5131
-5597
-5873
-4768
-3060
-1738
-948
-463
-1038
-3154
-4380
-3149
-544
1470
3008
3495
2784
1417
1189
2067
2758
2646
3233
3936
4412
4251
3813
2675
1264
588
1078
1673
2255
3208
3160
1267
-52
132
379
-872
-2117
-1621
-698
-664
-738
-799
-1974
-3270
-2976
-1553
-566
-71
422
275
-634
-895
-405
-351
-612
25
756
791
539
348
-547
-1856
-2145
-1027
-120
38
-139
-933
-2495
-3553
-3306
-2663
-2688
-3146
-3314
-3656
-4114
-4603
-5049
-5358
-6048
-6778
-8629
-3439
9271
18675
11779
-5187
-12538
-2902
7630
10457
11080
13026
9883
1311
-1606
3840
8225
4091
630
3565
8896
8272
2499
-3064
-4899
-5454
-4180
-289
3817
2356
-4014
-9103
-8117
-5331
-4634
-4582
-3338
-2894
-3638
-3745
-2379
-1942
-3065
-3166
-1303
1061
2513
3422
2737
1380
909
2403
4386
5139
4772
4329
3371
3174
3638
4215
3708
2881
1886
1305
2197
3091
2621
856
-297
-311
-695
-1457
-1517
-1753
-2310
-2286
-1454
-1115
-1755
-2577
-2721
-2367
-1440
75
867
278
-446
-801
-945
-848
-49
676
675
327
360
211
-603
-1247
-1327
-943
-369
20
-542
-1656
-2679
-2989
-3580
-3756
-3818
-3592
-4412
-4983
-5257
-5166
-5903
-7022
-8792
-9297
1397
15732
19271
3291
-12782
-10968
4120
11491
12446
13788
13274
3406
-4677
32
10885
10794
2687
1410
7300
8853
2787
-2465
-2569
-2239
-4555
-2354
3689
4422
-4382
-12110
-10715
-4388
-3050
-3604
-2535
-2432
-6691
-8957
-5750
-568
182
-1526
-1324
382
615
109
830
2093
2835
3083
4705
6730
6222
3338
1304
1886
4074
5644
6173
5394
3275
183
-240
1693
3593
3050
1363
-335
-1371
-2290
-2321
-2075
-2079
-2187
-1902
-1723
-1764
-2400
-2933
-2813
-1577
155
1167
654
-464
-1327
-1703
-934
622
1744
1488
425
-573
-1013
-1162
-900
-211
399
346
-443
-1877
-2860
-3340
-3322
-3535
-3484
-3503
-4034
-4928
-5859
-6544
-6636
-7325
-7463
-9411
-1457
13109
19298
5566
-13180
-13404
2898
13745
12971
13010
13026
4890
-6482
-3343
10096
15848
6464
1351
5418
8593
1341
-4859
-2522
2531
119
-2147
1334
3275
-4834
-13451
-11436
-2730
424
-2349
-3410
-4165
-7810
-11117
-7584
-557
2910
492
-1651
-1704
-1250
-2036
-473
2734
5296
4897
4417
4883
4321
2082
1180
3113
5892
7161
6388
4437
1534
-530
242
3177
5688
4802
1060
-2505
-3418
-2764
-1566
-812
-402
-1109
-2572
-3769
-3581
-2988
-2359
-1452
-12
853
234
-1290
-2293
-2025
-804
756
1808
1738
770
-849
-1824
-1436
-506
303
871
945
-85
-2220
-3665
-3337
-2314
-1549
-2057
-3222
-4642
-5696
-6409
-6481
-5897
-5948
-6478
-9200
-5065
9534
18064
8494
-11734
-15530
453
15369
14503
10408
9633
5530
-4309
-4449
8157
17420
10176
959
3034
7528
2826
-5017
-2641
4869
4841
-1088
-1614
337
-3935
-11524
-9859
-1248
2507
-2558
-6008
-5909
-6856
-9609
-7786
-1001
3391
918
-2911
-3597
-2732
-2603
-838
3635
6534
5252
2232
1927
2562
2680
2899
4931
6942
6775
4371
2414
1475
1040
2646
5007
7300
5078
-97
-4534
-3937
-1183
1228
1430
257
-2011
-4522
-5526
-4165
-1926
-560
-136
-84
-355
-1876
-3290
-2927
-712
1325
2012
1057
-468
-1727
-2110
-1268
602
1577
1152
-183
-911
-1418
-2061
-2302
-1281
-573
-1315
-3116
-4535
-5533
-5822
-5706
-5147
-4343
-5889
-8315
-10797
81
15777
17223
-1813
-18621
-10416
10351
18134
10378
6742
6979
2057
-5830
728
14134
16456
3879
-562
5751
8002
-1217
-6653
1240
8890
4457
-2953
-2453
-1370
-6663
-10429
-3959
3600
1047
-7175
-8337
-5512
-5481
-7833
-5052
1037
2556
-1851
-4791
-3877
-2305
-1684
1242
5456
6169
2495
-434
482
2577
4136
5208
6285
6158
4110
2055
1596
2318
2865
4608
7698
7377
1566
-4827
-5001
-375
3184
3288
969
-2285
-5550
-6408
-3886
-603
597
-492
-1506
-1913
-2557
-3460
-3140
-906
1608
1937
215
-1884
-2921
-2511
-690
1657
2536
1001
-1562
-2492
-1487
-515
-289
-658
-592
-1281
-2745
-4342
-4927
-5024
-4253
-4346
-4076
-5871
-8308
-11216
-4413
13949
19944
4568
-19397
-17090
5583
21015
13360
4389
4819
4222
-3610
-3324
9865
17625
7851
-1474
3857
9526
2087
-9064
-3329
9656
10828
-192
-5146
-3595
-4758
-8721
-4370
4215
4003
-6419
-11147
-7119
-3057
-4855
-5879
-1238
2329
-593
-5193
-5435
-3046
-1392
682
4705
6248
2679
-2141
-1967
1639
5109
6450
6418
5320
2842
903
1322
3299
4419
4850
6928
7357
3501
-3459
-5337
-1078
4515
5360
2201
-2412
-5606
-6432
-3831
98
2110
383
-2347
-3653
-3250
-2952
-2571
-888
1384
1807
-376
-3188
-4164
-2670
46
2410
2741
478
-2829
-4046
-2188
416
1421
579
-866
-2311
-3520
-4452
-4424
-3982
-3066
-3362
-3976
-6343
-9333
-11562
-2900
16317
20360
2009
-22052
-16688
8169
22441
12452
2181
3332
3521
-3126
-2494
10509
16882
6558
-2041
4038
9403
867
-9821
-2330
11743
12210
-997
-7339
-5215
-4333
-6398
-1787
5677
3440
-8029
-12471
-6604
-1038
-2978
-5098
-1411
1824
-1258
-5913
-5728
-2659
-141
1742
4769
4979
598
-3944
-2337
2988
7067
7144
5326
3016
942
258
2154
4726
5696
5544
6659
6081
864
-4764
-3559
3256
7250
5028
-446
-4583
-6195
-4616
-654
2481
1875
-1556
-4091
-3960
-2770
-1845
-971
521
1286
17
-2893
-4675
-3607
-668
2089
2869
1001
-2490
-4870
-3847
-38
2816
2305
-702
-3244
-3956
-3532
-3151
-2923
-2436
-2575
-4558
-6074
-8141
-8715
-8924
3367
19638
16749
-7014
-26332
-11179
16229
24718
8572
-1092
1996
2657
-3637
-552
12923
16698
4395
-2051
4524
7714
-2919
-9922
2409
16018
11185
-5449
-10860
-6022
-2743
-2833
1934
6248
-220
-12434
-13388
-4517
1473
-1775
-4294
-1345
455
-3628
-7586
-5539
-709
2159
3221
4030
2059
-2731
-5000
-582
5860
8757
6511
2662
352
-384
1102
4102
6652
6141
4818
5575
4108
-694
-4436
158
6654
8008
2364
-3706
-6339
-5036
-1281
2632
3325
187
-4188
-5241
-3545
-1238
-281
104
575
125
-1947
-4481
-4460
-1583
1685
2967
1652
-1592
-4695
-4975
-1575
2454
3770
1115
-2655
-4707
-3940
-2548
-1829
-1743
-2107
-3235
-5740
-7260
-8333
-7959
-5593
8993
20212
9963
-15827
-25797
-2216
23172
22818
2806
-4050
1125
1882
-2701
3404
15632
14609
794
-2540
4903
5890
-4919
-6741
8082
17483
6341
-10587
-12146
-4101
452
919
4219
4248
-5204
-15095
-11437
-697
3668
-1415
-4354
-2213
-1574
-5565
-7346
-3403
1804
3674
2913
1569
-1528
-4816
-3465
2991
8434
8454
3626
-550
-1826
-69
3392
6748
7295
5098
4671
4069
1357
-2825
-1307
5275
8792
5189
-1957
-5981
-5633
-1798
2543
4000
1077
-3906
-6012
-3986
-1083
561
141
-203
-683
-1982
-3970
-4502
-2254
1075
2612
1465
-1515
-4383
-5182
-2465
1732
4107
2301
-2251
-5233
-4600
-1744
-293
-685
-2531
-3517
-5123
-6127
-7067
-7288
-7069
911
16993
16647
-4146
-26958
-15766
15115
29132
12200
-6338
-4756
2225
881
368
10795
16936
6600
-4504
63
6938
2067
-7381
748
15199
13901
-4653
-15009
-8304
1383
3419
3432
4059
-1561
-12917
-14866
-4119
5384
3141
-4505
-5513
-3071
-3486
-6269
-4297
827
3692
2316
383
-1596
-3733
-3799
1262
7186
8777
4392
-936
-2648
-540
3201
6647
7694
5787
4671
3345
552
-2085
423
6133
8312
4255
-1648
-5039
-4634
-1261
2893
4097
909
-3883
-5667
-3703
-781
823
587
-486
-1579
-2988
-4244
-4009
-1557
1389
2161
319
-2707
-4826
-4389
-1292
2086
3215
1213
-2532
-4967
-4169
-1196
636
-261
-2673
-4473
-5364
-5608
-5648
-6451
-7021
-1117
15103
17280
-1867
-25816
-18257
13408
29979
14373
-7699
-7292
1876
3227
1135
9598
16101
7426
-5088
-1539
7089
4653
-5531
-922
13330
13926
-3317
-15127
-8607
2533
5195
3310
2787
-2221
-11968
-14372
-3755
6183
4394
-4649
-7273
-4435
-3229
-5050
-3485
942
3271
1399
-941
-2349
-3520
-2724
1897
7199
7759
3074
-2110
-2668
332
4328
6871
7245
5516
4154
2851
407
-900
1975
6672
7284
2889
-2390
-4884
-3590
176
3585
3359
-718
-4646
-5182
-2655
-77
950
203
-1371
-2567
-3382
-3868
-3335
-1437
748
1144
-688
-3489
-4976
-3642
-346
2354
2437
-67
-3306
-4743
-3289
-261
820
-876
-3756
-5006
-5603
-4872
-5677
-6006
-7065
4360
18536
12883
-12112
-29110
-7486
23858
29349
3647
-12302
-5340
4741
3197
3456
12364
14028
1210
-6519
1323
8337
1664
-5814
3883
15539
9192
-10034
-15212
-4304
6149
5869
3094
424
-6316
-13962
-10642
1104
7539
1538
-6851
-7705
-4243
-3186
-3769
-1296
1953
2507
-157
-2057
-3066
-2820
-313
4698
7534
5601
214
-2941
-1376
2987
6657
7663
6535
5703
3756
59
-1691
2290
7953
8353
2969
-2127
-3571
-2614
-85
2911
3698
265
-4179
-5231
-2705
-262
466
87
-790
-2283
-3886
-4799
-3587
-1114
664
465
-1213
-3405
-4730
-3943
-686
2138
2229
-319
-3125
-4104
-2809
-559
530
-335
-2709
-4529
-5935
-5176
-5359
-5597
-7089
3903
18469
13628
-11408
-29630
-8835
23667
30263
4655
-13163
-6376
4748
3795
3246
11951
14408
1789
-7162
429
9237
3268
-5703
2233
14652
10343
-8507
-15121
-4586
6730
6607
2518
-516
-5990
-12473
-9706
1203
7609
1763
-7239
-8543
-4437
-2170
-2796
-1391
1142
1882
-390
-2405
-3445
-2740
170
4514
6516
4344
-346
-2939
-1295
2993
6951
7509
5352
3670
3041
1634
-58
2128
6602
7648
2792
-2496
-3757
-1610
1277
2909
2619
-405
-4083
-5040
-2486
666
1584
89
-2050
-3182
-3497
-3583
-2698
-1034
445
-86
-2053
-3809
-4183
-2999
-549
1612
2055
-368
-3476
-4605
-2505
405
1074
-923
-3848
-5271
-5190
-4445
-5029
-6644
-6160
9656
20248
8008
-20855
-27486
2309
29983
24239
-4899
-14114
-2164
7088
3117
4578
13225
11453
-2967
-7129
3443
10095
962
-5123
4993
14233
4692
-12262
-12761
130
8533
5074
201
-3281
-8329
-11800
-5758
4290
6787
-1862
-9414
-8513
-3185
-974
-1159
-568
555
71
-1782
-2693
-2679
-928
2275
5293
4946
1749
-1970
-2046
985
5016
7285
6415
3275
2157
2929
3086
2306
3021
5210
4944
1599
-1804
-2472
-713
1658
2728
1389
-1951
-4461
-3993
-1010
1277
1279
-846
-3291
-4069
-3260
-2161
-1474
-1177
-1027
-1459
-2299
-3070
-3054
-2054
-413
748
544
-1063
-3013
-3368
-1583
406
309
-2329
-4578
-5384
-4128
-4512
-5401
-7235
2924
17784
13777
-10358
-28897
-9239
23242
30514
4125
-15156
-7598
6344
6480
2976
9746
13065
1982
-7733
-823
9936
6298
-4373
-274
11613
10037
-7018
-14466
-4373
8144
7693
899
-3561
-6986
-10364
-7351
1777
7338
1650
-8303
-10751
-5551
-181
481
-377
-737
-578
-1849
-2812
-3002
-1224
1879
4700
4590
1976
-1182
-1780
719
4740
7669
7467
4153
1548
3402
5448
4824
2666
3689
5060
3211
-703
-2378
-915
1368
2076
849
-1755
-4056
-4262
-1677
980
1311
-960
-3818
-4636
-3273
-1592
-1222
-1806
-2172
-2262
-2657
-2731
-2513
-1842
-1196
-549
-299
-931
-2095
-2781
-1857
-329
182
-1893
-4188
-5637
-4444
-4066
-4530
-7399
-1082
15365
16228
-4311
-28360
-15835
18185
32767
10139
-15101
-11540
4686
8821
3471
8003
13628
4758
-8248
-4427
9215
10949
-1709
-3512
7712
11761
-2636
-13832
-6774
7265
9424
1642
-3952
-6439
-9044
-8044
-15
7212
3880
-7323
-12298
-7623
-435
1374
99
-1343
-1662
-2974
-3551
-2810
-849
1712
3767
3615
1300
-1465
-2380
88
3739
6683
6401
3097
-237
1576
5349
5499
2587
1606
3399
3261
587
-1285
-481
1195
1581
888
-951
-3209
-4075
-1939
1251
1787
-823
-4162
-4921
-3062
-935
-532
-1650
-2697
-2950
-2804
-2401
-1941
-1700
-1525
-916
-411
-881
-2002
-2710
-1882
-445
169
-1505
-3988
-5487
-4656
-3796
-4168
-7059
-54
15524
15359
-6290
-28243
-13610
20238
32290
7656
-16306
-10942
5452
8575
3156
8132
13258
3459
-9299
-4661
9483
10677
-1849
-3314
7652
10453
-4338
-14166
-5491
8525
9238
319
-5047
-6833
-8892
-7493
746
7692
3419
-8193
-12785
-7279
348
1958
221
-1315
-1960
-3497
-3941
-2615
-111
2163
3521
2826
463
-1982
-2201
834
4420
6746
5774
2597
114
2434
4699
4706
2984
3122
3945
2171
-386
-1275
399
1945
1962
512
-1594
-3465
-3512
-1130
1416
1293
-1110
-4193
-4650
-2882
-942
-1016
-2117
-2754
-2786
-2866
-2765
-2344
-1775
-1357
-717
-612
-1450
-2628
-2807
-1585
-119
-53
-2314
-4688
-5377
-4289
-3914
-5059
-6234
6388
17710
9221
-16808
-27246
-821
28746
26460
-3904
-17418
-4985
8701
6445
4068
11254
11245
-2791
-10035
765
12861
6948
-4373
-244
10267
6237
-9432
-12205
623
10889
5950
-2761
-6115
-7208
-8518
-4370
4297
7661
-994
-11493
-11797
-3615
2681
2153
-782
-2324
-2726
-3581
-3178
-1507
1107
2971
3145
1168
-821
-1922
-483
2358
5258
6489
4736
1158
683
3856
5111
4371
2711
3558
3131
1063
-761
107
2012
2173
644
-1179
-2217
-2465
-1511
482
1188
-245
-2933
-4697
-3300
-947
-142
-1714
-3302
-3511
-2810
-2371
-1927
-1652
-1563
-1535
-1272
-1336
-1508
-1900
-1605
-1129
-604
-1625
-3295
-4761
-4428
-3656
-3595
-6065
-5295
9812
17675
4397
-22474
-23705
7554
32233
19757
-11037
-16723
-385
10147
4994
4907
12141
8244
-6784
-9238
4895
14005
3711
-5637
1584
10756
2578
-11695
-9779
4661
11077
3061
-4893
-6680
-7073
-7336
-1889
5902
6252
-4384
-12936
-10244
-822
3950
2007
-1648
-3057
-3367
-3425
-2094
26
2232
2997
2119
-65
-1333
-1408
874
3204
5503
5370
3439
375
1992
4455
4615
4030
3477
4358
1912
-302
-733
1990
3471
2481
-85
-1900
-2520
-1828
102
1989
950
-1461
-4053
-4148
-2152
-510
-793
-2350
-3521
-3726
-3404
-2931
-2233
-1926
-1712
-1458
-1529
-2438
-3003
-2742
-1247
-228
-624
-3042
-5055
-5882
-4200
-3760
-4225
-7505
1386
15976
13373
-10113
-28897
-9460
23245
30650
2840
-18238
-10197
6904
8528
3803
8912
11991
2
-11286
-3294
12055
11238
-2805
-4104
6773
8637
-5456
-12607
-2582
10083
7901
-1792
-6345
-6551
-7422
-5138
2708
7928
1643
-10201
-13243
-5665
2969
4104
491
-2887
-3906
-4126
-2745
-770
1435
2612
2522
594
-1317
-2000
-448
2216
4407
5515
4522
1957
1199
2429
3366
4059
3902
4230
2660
192
-1357
107
2418
3176
1312
-1265
-2673
-2421
-537
1516
1718
-57
-2775
-4003
-2838
-1013
-310
-1123
-2376
-3044
-2981
-2620
-1940
-1611
-1493
-1177
-796
-1382
-2369
-2889
-1847
-677
-270
-2041
-3950
-5366
-4641
-4015
-3989
-6695
-2294
13140
16123
-2063
-26507
-17852
15545
32767
12504
-14985
-14347
2914
9525
4241
7444
13059
4387
-10525
-7769
8719
14151
889
-5907
3233
9766
-1187
-12651
-6703
7352
9494
224
-5790
-6513
-7467
-7145
-230
7421
4941
-7069
-13739
-8837
891
4556
1976
-2019
-3868
-4457
-3312
-845
1343
2576
2271
874
-719
-1263
-393
1526
3302
4864
5057
3048
1265
2257
3166
3747
3493
4068
3576
1073
-1255
-908
1672
3373
2165
-784
-2756
-2902
-1277
1061
1871
361
-2298
-4224
-3569
-1442
-212
-1010
-2552
-3411
-3171
-2873
-2428
-2047
-1743
-1472
-1128
-1397
-2128
-2706
-2302
-1130
-149
-1010
-3067
-5169
-5047
-3872
-3027
-5274
-4930
9394
16985
4364
-21996
-23339
7346
31954
20015
-10638
-17103
-1206
9689
4887
5538
12860
8574
-7862
-11023
4314
15341
5342
-5740
-40
9515
2928
-10888
-9493
4438
10812
2694
-5032
-6463
-6616
-7320
-2313
5967
7028
-3756
-13243
-11185
-1054
5014
3347
-1225
-3918
-4473
-3786
-1393
1210
3028
2836
976
-1058
-1438
-280
1688
3165
4418
4843
3277
1140
2179
3506
4475
3325
2824
2832
1819
36
-704
765
2231
1956
-244
-1957
-2608
-1763
225
1554
870
-1377
-3808
-3874
-1991
-133
-442
-2170
-3592
-3410
-2674
-1976
-1757
-1856
-1968
-1514
-1120
-1186
-1880
-2259
-1859
-995
-836
-2152
-3891
-4788
-4486
-4266
-4678
-5646
6916
16875
8224
-17363
-26243
356
29160
25574
-5418
-18315
-5492
9037
6604
4640
11198
10221
-4660
-11424
954
14150
7980
-4691
-1780
8377
5398
-8757
-10819
1370
10438
4722
-3484
-6164
-6786
-7953
-3668
4887
7813
-1423
-12122
-12263
-3144
4427
4231
-24
-3689
-4646
-4278
-1697
712
2493
2819
1464
-663
-1645
-854
1137
2873
3973
4689
3426
1653
2150
1675
2241
4250
6087
4205
-536
-3015
-1052
2597
3915
2357
-942
-3097
-3471
-1860
1085
2340
570
-2051
-3926
-3472
-1803
-705
-983
-1727
-2571
-3179
-3541
-2925
-1852
-1359
-1292
-1109
-1546
-2208
-2619
-2173
-1086
-399
-1116
-2903
-4232
-4516
-3756
-4095
-4989
-6240
5971
17085
9607
-15779
-26829
-1914
28013
27118
-3155
-18398
-6943
8197
7257
5215
10973
10214
-4415
-11606
300
14075
8519
-4470
-2371
7899
5906
-8116
-10844
761
10157
4846
-3337
-5937
-6471
-7897
-4078
4490
8079
-747
-11852
-12616
-3677
4396
4628
494
-3512
-4820
-4405
-1607
1270
3061
2949
1457
-660
-1386
-572
1421
2967
4037
4800
3842
2047
2355
2312
2506
3476
4662
4307
1037
-1727
-1769
953
2801
2574
43
-2303
-3402
-2559
-58
1766
916
-1415
-3756
-3920
-2466
-1015
-900
-1823
-2786
-3317
-3218
-2553
-1865
-1859
-2033
-1636
-1174
-1302
-2092
-2366
-1705
-948
-1096
-2456
-3689
-4196
-3957
-4528
-5312
-6349
6084
16777
9400
-15749
-26613
-1982
27319
26521
-3095
-17733
-6842
7655
6648
5080
11215
10180
-4643
-11638
354
14035
8264
-4743
-2338
8104
6039
-8052
-10818
781
10009
4578
-3449
-5799
-6207
-7745
-4253
4078
7756
-811
-11642
-12438
-3756
4056
4200
288
-3430
-4722
-4605
-2082
867
2847
2795
1123
-991
-1613
-555
1543
3006
3732
4280
3745
3108
2814
1287
1768
3600
5581
4640
1171
-1724
-1731
899
3034
3136
600
-2051
-3402
-2066
842
2280
1055
-1425
-3241
-2907
-1725
-954
-1030
-1468
-2269
-2832
-3049
-2556
-1900
-1871
-1767
-1240
-1102
-1666
-2906
-3033
-1898
-561
-1129
-2649
-4498
-4728
-4968
-4551
-6509
-775
13876
15277
-3344
-26489
-16551
15780
32374
11876
-14462
-14159
2040
8518
4505
8339
12810
3297
-10822
-6879
9181
13714
359
-5509
3452
9318
-1430
-11703
-5447
7444
8607
-527
-5689
-5991
-6808
-6514
41
6943
4129
-7441
-13337
-8340
1113
4546
1895
-2259
-4304
-4710
-3317
-553
1796
2903
2128
191
-1645
-1397
261
2647
3586
4328
3951
3829
2862
886
858
2802
5571
5431
2665
-1191
-2665
-893
2250
3765
2009
-1536
-3909
-3362
-327
1841
1526
-997
-3252
-3600
-2459
-1459
-1250
-1484
-2189
-2937
-3273
-3034
-2495
-1988
-1487
-873
-938
-1520
-2714
-2860
-1972
-380
-520
-1972
-4426
-4809
-4809
-3750
-6094
-747
13728
15229
-3212
-26247
-15846
16342
32293
10875
-14851
-13574
3036
8604
4049
8127
13088
3331
-11246
-7152
9427
14169
478
-5593
3137
8924
-1931
-11581
-4766
8143
8438
-1274
-6103
-5776
-6366
-6091
327
6930
3513
-8144
-13078
-7359
1819
4381
1466
-2441
-4251
-4732
-3108
46
2207
2657
1485
-171
-1307
-1158
427
2766
3800
4028
3704
4127
3134
1131
355
2740
5819
5749
2461
-1489
-2463
-358
2476
3752
1959
-1655
-4023
-3221
160
2471
1728
-1294
-3666
-3814
-2228
-924
-814
-1494
-2349
-2967
-3178
-3145
-2646
-1871
-952
-669
-1389
-2375
-2996
-2566
-1449
-343
-841
-2676
-5079
-5311
-4668
-3358
-5561
2907
14972
11637
-10471
-26825
-7664
23417
29455
2032
-17558
-9647
6845
7947
4002
9464
11812
-1149
-12333
-3504
12743
12254
-2236
-4727
4882
7232
-5038
-10796
-1116
10022
6476
-3462
-6942
-5913
-5925
-4044
2504
6924
579
-10574
-12765
-4799
3989
4554
44
-4047
-4836
-4211
-1922
859
2707
2578
793
-1277
-1670
-357
1699
3330
3561
3722
3759
3281
2418
1722
2362
3521
4324
3802
1752
-750
-1360
299
2233
2635
664
-1901
-3211
-2229
257
1873
925
-1612
-3559
-3434
-1910
-743
-791
-1717
-2899
-3264
-2878
-2383
-2194
-1988
-1464
-1028
-1315
-2348
-2821
-2343
-1050
-855
-1648
-3473
-4433
-5381
-4758
-5679
-1821
12214
15802
20
-24248
-19763
11655
32254
15959
-12550
-15993
305
9538
5159
6912
12508
5647
-9744
-9454
6645
15362
3724
-5761
626
8411
790
-10440
-6489
6474
9746
507
-5919
-6173
-6016
-6060
-673
6409
5036
-6323
-13603
-9359
726
5371
2681
-2229
-5044
-5368
-3373
143
2557
2992
1492
-509
-1988
-1385
662
3329
3783
3512
2841
3445
3343
2435
1654
2006
4000
4859
3647
79
-2003
-993
1870
3294
2004
-1114
-3286
-3158
-741
1584
1995
-451
-3308
-4114
-2519
-671
-496
-1529
-2634
-3088
-2896
-2477
-2202
-2101
-1937
-1446
-1012
-1285
-2376
-2993
-2133
-746
-608
-2331
-4263
-5254
-5239
-5271
-4691
8209
17171
7307
-18284
-25966
657
29111
25094
-4715
-17749
-5864
7887
6452
5714
11951
9827
-5896
-12290
761
14793
8925
-4291
-2612
6625
4429
-8036
-9244
2295
10015
3510
-4576
-6030
-5556
-6569
-3334
4363
7110
-1952
-12357
-12058
-2669
5000
4381
-432
-4489
-5603
-4569
-1078
2030
3385
2421
251
-1856
-1907
-113
2795
4182
3592
3087
2292
3531
3053
2266
2329
3557
4524
3216
851
-1151
-399
1353
2750
1924
-403
-2478
-2925
-1318
1285
1969
487
-2533
-4053
-2988
-753
-3
-925
-2363
-3213
-3034
-2475
-1716
-1423
-1739
-1998
-1680
-1482
-1644
-2421
-2324
-1410
-930
-1960
-4067
-4905
-5027
-4381
-6004
3227
15697
12181
-10545
-27281
-8689
23207
29861
3171
-17312
-10526
5740
7850
4921
10199
12074
-1537
-12875
-3896
12970
13034
-1770
-5200
3995
6871
-4361
-10015
-1001
9147
5630
-3425
-6113
-5078
-6088
-4868
2037
7378
1457
-10158
-13240
-5739
3507
5261
1244
-3502
-5710
-5465
-2189
1652
3559
2809
621
-1589
-2089
-661
2109
4143
3756
3034
2136
1536
2402
4188
5071
3483
1293
1305
2554
2049
525
262
1237
1525
-90
-1589
-1687
-1059
-244
482
649
-475
-2576
-3687
-2292
58
484
-1403
-3838
-4114
-2460
-1076
-880
-1548
-2335
-2710
-2253
-1188
-684
-1574
-2395
-2636
-1964
-2284
-3233
-4895
-5150
-6094
-3154
10931
16653
2891
-22246
-22089
7852
31446
19022
-9977
-17077
-2219
8804
6070
7339
12603
6102
-9969
-10579
5930
16870
5671
-6313
-1730
7357
2624
-8410
-6599
4783
8436
380
-5179
-4705
-4944
-6674
-2521
5563
6659
-4036
-13124
-10846
-704
5483
3939
-1084
-4898
-5959
-4166
-69
3129
3698
1624
-868
-2193
-1187
1002
3505
3685
2986
2561
2053
1379
2495
5670
6217
2430
-1106
220
3255
3403
1184
-99
240
284
-691
-979
-516
-311
-498
-329
-41
-715
-2354
-3221
-1895
45
77
-2181
-4222
-3681
-1753
-578
-734
-1683
-2653
-2955
-2042
-664
-141
-1215
-2563
-3382
-2649
-2340
-2574
-4597
-5478
-7312
1117
15224
14425
-6319
-26615
-13011
18775
30960
8184
-14997
-12850
2810
7599
5770
10560
12759
-309
-13465
-5907
12274
15561
342
-6442
1374
7138
-1428
-8425
-2425
7151
5447
-2454
-4928
-3931
-5654
-6228
-183
6796
3918
-7365
-12929
-8019
1592
5360
2720
-2323
-5437
-5783
-2802
1126
3546
3340
1113
-1623
-2366
-591
2615
4288
3180
2189
2406
2174
2078
3774
5155
4451
1139
244
1758
3029
1856
573
285
734
126
-760
-888
-762
-504
-30
277
-273
-1739
-2955
-2238
-624
98
-1106
-2825
-3467
-2503
-1469
-738
-832
-1742
-2728
-2466
-1191
-278
-688
-1925
-2599
-2693
-2415
-2734
-3188
-4582
-5407
-7257
3157
16220
12639
-10591
-27123
-8410
22870
29053
3068
-16255
-10110
4961
6580
5275
11596
12544
-2698
-14103
-3776
14338
14229
-1710
-6136
2853
6889
-2737
-8073
-773
7770
4131
-3186
-4378
-3374
-5707
-5940
707
7241
2852
-8305
-12609
-6751
2388
5143
2146
-2687
-5507
-5566
-2271
1595
3687
3150
753
-1956
-2308
-126
3250
4215
2693
1910
2392
1937
749
2783
5798
6732
2647
-984
-1002
1446
3211
3183
1899
204
-1781
-2465
-1067
686
1152
192
-1002
-1734
-1950
-2128
-1377
-401
57
-1032
-2901
-3776
-2794
-1311
-150
-218
-1532
-3041
-3323
-1877
-10
748
-586
-2428
-3819
-3244
-2418
-1908
-3052
-4345
-6977
-5513
9174
17369
5486
-20278
-23185
4947
29783
20128
-7756
-16283
-2983
7558
5098
7321
13600
7566
-10097
-12331
4974
18295
7757
-6896
-4277
6415
4898
-5720
-6471
3021
7136
378
-4179
-3125
-3360
-6787
-4644
3342
6997
-1291
-10951
-11329
-2928
4130
4258
70
-4058
-5860
-4858
-871
2943
4253
2134
-1129
-2916
-1275
1974
4187
3128
1627
1948
2788
1680
615
2425
7183
7968
2543
-3069
-2915
1935
5322
4747
1796
-1202
-3521
-3197
-519
2596
2883
-50
-3035
-3116
-1590
-191
-152
-361
-530
-1468
-3241
-3841
-2350
-116
733
-270
-2007
-3456
-3786
-2092
678
1891
103
-3355
-5034
-3785
-1541
-836
-2085
-4588
-6833
-7953
4779
16905
11060
-13463
-25770
-4060
24505
25078
-1246
-15521
-6604
6168
5298
5498
12196
10620
-5600
-12908
515
16264
10787
-5153
-5464
5418
7369
-3821
-7882
116
7143
2349
-3156
-2692
-2320
-6369
-6622
955
7539
2273
-8503
-11857
-5517
2740
4594
1639
-2735
-5321
-5464
-1895
2225
4064
2478
-508
-2391
-1343
1343
3620
3185
1534
1635
2776
2458
266
180
4556
8874
6544
-429
-4608
-1786
3742
6492
4863
935
-3507
-5143
-2487
2495
4853
1878
-2929
-4621
-2533
178
965
125
-715
-1615
-2754
-3314
-2416
-730
355
34
-1091
-2696
-3700
-3166
-846
1438
1557
-942
-4009
-4805
-3117
-699
-330
-1882
-5066
-6984
-8777
2177
16397
14147
-8602
-26520
-10233
19978
27567
4152
-14030
-8984
4194
5024
4015
10934
12773
-1733
-13244
-3693
13446
13358
-2164
-6222
3078
7666
-1838
-7903
-1725
6410
3899
-2046
-2870
-2693
-6168
-7012
-182
7118
3813
-6997
-11920
-7069
1508
4621
2461
-1833
-4758
-5571
-2881
1023
3648
3247
559
-2122
-2106
269
2952
3442
2145
1956
2635
2051
256
-539
2408
8204
8464
2611
-4302
-4086
1621
6579
6362
2526
-2423
-4985
-3448
740
4114
3219
-1055
-4096
-3551
-1109
885
444
-384
-1147
-2016
-3025
-2895
-1456
52
175
-602
-1680
-2899
-3537
-2230
412
2160
880
-2672
-4828
-3883
-1163
359
-777
-3243
-5617
-7014
-7495
4659
16886
11923
-11775
-25758
-6410
22137
25278
1327
-13679
-6869
4710
4138
4500
11903
11775
-3618
-12621
-1315
14294
11021
-3649
-5013
4777
7019
-3221
-7625
-296
6827
2952
-2565
-2776
-2587
-6036
-6184
789
7087
2531
-7763
-11432
-5695
2523
4804
1918
-2564
-5113
-5050
-1837
1818
3818
2714
-113
-2484
-1797
964
3598
3411
1862
1697
2365
1673
81
-103
3160
8526
7987
1606
-5201
-4008
2620
7587
6428
1751
-3497
-5506
-3080
1920
5343
3235
-2384
-5534
-3706
192
2186
730
-1140
-2001
-2136
-2430
-2328
-1445
-24
363
-252
-1664
-3165
-3710
-1954
697
2247
706
-2493
-4548
-3696
-1311
714
-153
-2393
-5667
-6882
-7897
-1011
13734
16270
-913
-23811
-17758
10767
27982
13189
-8996
-11755
-593
4130
3207
9477
14250
3848
-11593
-8505
8013
14812
2582
-5311
653
7207
716
-7475
-3741
5221
5757
-704
-2883
-1973
-4259
-7305
-3162
4896
6203
-2709
-10246
-9214
-1461
3895
3705
176
-3356
-5182
-4225
-734
2879
4150
1949
-1570
-2999
-667
2606
3746
1961
1192
2182
2505
758
-704
817
5324
7926
4800
-1125
-4007
-1140
3623
5876
4596
623
-3533
-4578
-1552
2711
3934
910
-2850
-3762
-2097
12
683
169
-623
-1682
-2719
-2779
-1788
-473
108
-109
-953
-2385
-3410
-2923
-497
1823
1745
-1060
-3757
-4202
-2040
-82
406
-1455
-3669
-5921
-6057
-6804
-867
12623
14675
-1277
-22676
-17063
10020
26641
13091
-7987
-11149
-1455
2985
2745
9522
14260
3966
-11178
-8627
6849
13707
3087
-3922
1140
6120
-343
-7480
-3217
5449
5910
-441
-3186
-3010
-4951
-6693
-1892
5458
5636
-3492
-10564
-8941
-980
4472
4088
18
-3856
-5534
-4176
-474
3144
4417
2047
-1948
-3623
-1116
2464
3842
2290
1589
2058
1482
-392
-755
1756
6591
7989
3710
-2769
-4888
-649
5111
7087
4272
-986
-5215
-4741
-391
4125
4318
282
-3791
-4158
-1976
397
1002
373
-552
-1793
-3047
-2983
-1628
-24
507
-108
-1191
-2427
-3262
-2507
-64
2035
1782
-1186
-3840
-3909
-1511
549
456
-1745
-4017
-5146
-5023
-4833
-4619
5757
14009
7249
-13827
-22196
-2239
21773
21326
-634
-12435
-6307
2676
2874
5978
12728
9720
-5836
-12324
-598
12837
9525
-1611
-2177
3614
2793
-4815
-4784
2721
6726
1716
-2821
-3004
-3377
-5564
-3633
2636
5841
326
-7756
-9540
-4241
2731
4900
2199
-2634
-5543
-5048
-1519
2083
3962
2983
-411
-3388
-2556
1021
3902
3329
1475
1168
1466
448
-446
723
4677
7693
5596
-743
-5117
-2693
3659
7489
5239
65
-4505
-4950
-1590
2922
4703
2114
-2546
-4795
-3270
113
2005
1275
-665
-2101
-2756
-2553
-1511
-258
641
392
-712
-2164
-3155
-2715
-562
1712
2123
44
-2829
-3897
-2611
-189
928
46
-2666
-4609
-5214
-4254
-4209
-3670
6549
13161
5291
-15360
-20502
431
22274
18799
-2521
-11859
-5131
2470
2572
6961
13324
8230
-7634
-11866
931
13348
8573
-1647
-1596
3466
1594
-5113
-3577
3858
6689
1182
-3048
-3105
-3396
-5032
-2667
3238
5694
-482
-8134
-9342
-3266
3568
4999
1489
-3382
-5566
-4653
-1087
2435
4211
2646
-1256
-4030
-2436
1460
4118
3109
1329
958
967
99
-199
1372
4553
5821
3805
242
-2482
-1747
1624
5436
5418
1655
-3356
-4995
-2296
2327
4562
2454
-1857
-4432
-3635
-546
1968
2076
83
-2332
-3294
-2266
-486
439
375
-181
-775
-1787
-2581
-2109
-316
1109
1196
-322
-2097
-2993
-2441
-916
364
-254
-2079
-4195
-4470
-4275
-3634
-5227
-641
9800
10658
-3695
-20014
-11905
11579
22583
8363
-8533
-9174
-758
2469
3832
10520
12241
326
-11912
-6421
8554
13072
2907
-3076
385
3308
-1320
-4091
779
5861
3461
-1897
-2948
-2274
-3478
-3997
-60
4236
2634
-4439
-8520
-6237
169
4281
3512
-978
-4806
-5368
-2779
931
3399
3364
471
-3204
-3829
-460
3313
3919
1646
467
637
407
-276
459
2925
4937
3867
1609
-455
-1408
-685
2072
4789
4212
-27
-4175
-4206
-512
3313
3715
878
-2784
-4182
-2500
748
2550
1659
-890
-2870
-2890
-1273
272
903
575
-339
-1439
-2073
-1668
-598
375
639
195
-880
-1789
-2145
-1536
-602
154
-645
-2424
-3870
-3893
-3104
-3001
-4053
-4956
3105
10174
5491
-10844
-17331
-1567
16969
16469
-411
-9386
-5061
1423
2802
6734
11703
7002
-6435
-10160
1108
12305
8728
-1024
-2296
1734
1754
-2382
-1121
3649
4577
-360
-3215
-1943
-1513
-3275
-2617
1368
3307
-729
-6394
-7337
-2861
2530
3691
848
-3097
-4690
-3673
-739
2107
3432
2015
-1405
-3723
-2056
1765
3786
2612
627
231
425
202
160
1417
2654
2910
2620
2229
175
-2351
-1683
2534
5625
3573
-1652
-4747
-3282
735
3500
2947
-139
-3309
-3967
-1643
1674
2886
937
-2156
-3355
-1963
80
800
335
-363
-748
-1134
-1397
-1226
-659
-85
242
-7
-913
-2038
-2305
-1284
200
266
-1471
-3689
-3915
-2782
-1464
-1945
-3502
-5918
-5600
3846
10463
4583
-11708
-15555
355
16384
13265
-1891
-7941
-3134
1591
2414
6734
10977
5158
-7000
-8003
3220
11766
6249
-2050
-1922
2218
1697
-1923
-741
2877
2928
-870
-2198
-1139
-1747
-3760
-2638
1240
2932
-1022
-5787
-6532
-2494
1990
2878
297
-3069
-4280
-3257
-484
2254
3350
1385
-2072
-3544
-926
2665
3674
1696
39
79
453
331
722
1811
2138
1845
1066
1159
934
527
368
817
1776
1803
506
-1183
-1588
-476
996
1351
516
-842
-1799
-1566
196
1558
1267
-487
-1863
-1631
-318
576
659
128
-616
-1197
-1239
-447
367
331
-545
-1175
-1180
-761
-702
-640
-586
-843
-1457
-2153
-2201
-2178
-1833
-1868
-2165
-3674
-4869
-6356
-1122
8117
9260
-2223
-15237
-9626
7467
16270
7221
-4108
-5486
-1397
572
3274
9282
9906
348
-7947
-3710
6382
8746
2110
-958
1037
2067
-1349
-2531
607
3232
1713
-910
-1310
-1839
-3493
-3778
-589
2736
1990
-2687
-6208
-5589
-1062
2738
2849
-299
-3179
-3870
-2500
-1
2526
3343
1115
-2184
-3010
-226
2428
2817
1351
784
704
227
-275
351
1574
1967
1873
1916
1648
87
-1547
-766
1996
3742
2313
-1005
-2748
-1978
291
2028
2083
392
-1794
-2684
-1391
981
2126
1063
-996
-2042
-1370
-185
366
314
15
-314
-781
-1025
-870
-505
-91
110
63
-548
-1445
-1909
-1273
-52
476
-447
-2079
-3022
-2579
-1587
-851
-1259
-2374
-3881
-4693
-4607
-3696
3190
8045
4056
-8078
-12943
-1904
11246
11932
1337
-4867
-3463
-459
1238
5505
9559
5689
-3806
-6233
732
7682
5738
485
-107
1389
664
-1716
-653
1974
2617
608
-863
-1342
-2350
-3153
-1611
1271
2532
-30
-3892
-5487
-3134
1158
3035
1512
-1812
-3352
-2822
-782
1496
3007
2257
-411
-2433
-1360
1426
2830
1997
729
461
252
-101
-4
863
1439
1102
856
645
412
327
89
821
1250
1227
149
-844
-793
-4
802
765
84
-800
-1241
-848
151
1028
817
-332
-1132
-1066
-175
458
592
105
-544
-875
-823
-290
271
293
-173
-720
-962
-801
-426
-73
-76
-510
-1041
-1200
-1094
-979
-973
-1317
-1716
-2012
-1914
-2050
-2484
-3060
-3271
-3480
-3039
1810
5546
2378
-6620
-9353
-213
9312
8397
302
-3483
-1927
21
1596
5442
8086
3773
-3569
-4079
2286
6959
4726
751
140
786
252
-496
611
1927
1516
76
-830
-1283
-1936
-1935
-756
579
919
-756
-3152
-4203
-2222
1268
2427
375
-2401
-2997
-1799
-106
1403
2273
1246
-1254
-2509
-743
1865
2500
1319
153
-134
-209
21
665
1327
1099
169
-231
323
846
533
193
534
774
301
-496
-547
47
463
265
-86
-399
-614
-634
-128
678
901
286
-538
-600
39
551
554
383
322
51
-553
-455
299
760
345
-304
-342
-76
-22
-225
-301
-174
-258
-596
-876
-688
-510
-889
-1348
-1363
-1145
-1104
-1451
-1786
-1943
-1980
-2135
-2476
-2841
-2798
-179
3453
3139
-2273
-6259
-2602
4592
6862
3090
-646
-1294
-732
610
3661
6391
4564
-462
-2591
268
3757
4003
2171
1119
659
-262
-622
378
1545
1324
322
-495
-1031
-1547
-1628
-888
133
446
-277
-1881
-2951
-2131
48
1434
820
-659
-1556
-1529
-921
566
1925
1751
43
-1312
-819
584
1540
1588
1154
410
-248
-434
87
680
856
605
179
81
272
888
774
28
-259
420
964
509
-191
-297
-15
282
476
586
373
-86
-209
249
958
969
452
-30
7
489
646
424
52
-67
15
70
123
38
-181
-361
-322
-163
-81
-203
-501
-662
-385
-207
-540
-910
-908
-728
-785
-1014
-1047
-1075
-1197
-1455
-1460
-1282
-1239
-1593
-2138
-2323
-2428
-874
1901
3204
47
-4064
-3672
1469
5126
3945
804
-907
-1055
-264
2048
4364
4022
736
-1487
-513
1979
3071
2392
1153
285
-141
10
494
778
727
508
133
-698
-1164
-1004
-581
-368
-49
80
-500
-1779
-1979
-426
1023
904
-119
-811
-989
-714
130
1315
1544
330
-1032
-953
100
984
981
495
-90
-479
-670
-328
203
464
141
-185
52
166
68
-284
167
826
775
107
-376
-303
119
475
702
573
147
-234
-172
396
1025
1070
393
-106
-93
437
800
766
510
-14
-268
-121
162
299
77
-95
-233
-255
-188
-126
-56
-87
-64
-121
-248
-426
-610
-512
-175
13
-354
-970
-1129
-990
-827
-814
-902
-1126
-1518
-1796
-1652
-1515
-1415
-1919
-1895
-199
1561
1117
-1778
-2871
-700
2398
2841
1322
98
-521
-567
443
2442
3302
1787
-413
-735
652
2076
2165
1544
580
35
44
424
795
925
916
445
-258
-608
-366
-111
-46
108
388
35
-697
-1008
-304
577
768
487
-25
-506
-665
-113
837
1261
666
-209
-606
-354
287
717
614
78
-303
-439
-298
-70
143
200
68
66
434
628
89
-471
-152
821
1317
761
-148
-598
-265
515
1053
906
199
-335
-378
245
1030
1165
392
-433
-431
261
665
457
8
-208
-130
-53
-46
-115
-76
-64
-86
52
253
75
-354
-441
39
404
139
-425
-661
-472
-194
-106
-343
-527
-723
-801
-610
-341
-364
-751
-1136
-1129
-757
-563
-795
-1189
-1509
-1419
-281
850
663
-683
-1425
-469
833
1404
1314
803
153
-402
186
1455
1897
1154
237
263
681
1065
1268
1048
744
427
416
378
303
419
470
302
104
202
88
-394
-629
-129
612
550
-129
-526
-303
86
362
553
488
119
-269
-211
300
671
572
134
-206
-162
125
368
289
59
-33
-123
-318
-363
-205
-28
-65
-84
250
420
-71
-830
-444
856
1430
542
-664
-852
-100
688
890
721
201
-286
-354
165
874
1130
578
-161
-180
338
681
608
361
168
-3
-130
-57
30
21
-18
-17
38
-6
-284
-430
-131
335
396
-144
-617
-607
-384
-186
-42
-139
-554
-933
-989
-662
-291
-302
-657
-958
-992
-781
-699
-683
-811
-869
-977
-959
-1014
-928
-180
532
360
-707
-984
47
976
1079
816
652
306
-45
284
977
1445
1138
569
230
366
643
791
842
855
745
297
6
153
643
853
706
280
-46
-100
-16
165
431
558
397
-28
-205
124
554
690
558
307
64
-61
53
335
395
273
23
-230
-264
-72
58
71
-78
-268
-449
-492
-490
-331
-307
270
421
-157
-942
-825
305
1166
1097
408
-183
-424
52
878
1353
935
175
-330
-42
545
918
651
150
-30
92
219
223
254
150
72
21
144
78
-125
-170
-10
237
311
94
-234
-251
125
360
308
76
-138
-308
-237
-21
64
-26
-246
-467
-521
-303
-175
-357
-644
-704
-547
-444
-468
-567
-686
-703
-639
-550
-563
-677
-633
-579
-409
73
381
105
-507
-424
311
882
822
470
275
178
187
581
1027
1041
580
197
193
615
975
870
498
228
359
420
449
525
554
405
216
282
431
417
312
300
377
524
452
156
115
328
538
390
145
159
120
56
127
380
354
-72
-384
-335
-77
84
30
-147
-367
-437
-302
-110
301
456
247
-132
-180
95
443
516
392
176
58
75
221
326
422
528
460
289
105
107
251
419
509
426
193
1
12
173
330
397
279
-4
-173
-107
62
228
307
218
69
-25
28
128
174
235
155
-7
-90
-109
-119
-105
-28
42
-49
-265
-327
-351
-214
-87
-86
-244
-464
-507
-416
-252
-148
-361
-637
-696
-485
-239
-286
-495
-540
-534
-536
-357
-44
155
162
-194
-387
4
466
639
595
416
363
181
301
627
874
809
537
349
293
470
633
787
684
452
309
308
283
317
402
413
288
1
-114
-94
75
171
155
6
-185
-271
-263
19
215
146
-178
-370
-336
-107
56
-80
-235
-268
-167
-193
-171
-99
-149
57
179
230
168
-110
-168
12
358
581
336
97
30
39
38
207
565
493
182
19
111
273
396
385
276
121
63
107
137
240
332
288
39
-67
-13
61
172
258
251
136
48
-28
10
52
186
185
-33
-189
-233
-212
-101
-20
-141
-346
-492
-404
-282
-252
-236
-291
-347
-440
-522
-457
-322
-248
-276
-399
-479
-413
-353
-329
-232
-162
-164
-273
-317
-224
-127
-91
-138
-230
-96
171
239
25
-97
140
457
435
335
326
227
175
227
475
502
234
102
211
327
326
303
300
190
98
80
40
100
170
259
159
55
71
157
149
175
286
221
51
-73
-56
78
245
268
65
-125
-122
71
273
248
187
-11
-141
-113
-5
116
95
18
184
453
354
-149
-351
218
839
735
162
-237
-158
161
504
738
624
162
-225
-158
402
821
652
135
-147
15
188
162
152
134
50
-110
-265
-202
-122
-116
-64
-39
-170
-335
-499
-417
-65
90
37
-283
-443
-279
31
235
222
76
-41
43
134
268
327
225
46
-38
-10
60
7
-122
-226
-266
-275
-320
-381
-365
-375
-378
-369
-423
-411
-421
-415
-296
-250
-248
-342
-478
-521
-365
-198
-171
-234
-264
-118
-133
-204
-190
39
190
109
-36
-123
-83
-50
142
293
203
-30
-68
-50
170
464
474
198
-2
37
252
305
264
246
138
56
24
135
122
134
196
139
2
-59
71
138
210
296
227
37
-85
-116
82
276
280
105
-60
-49
78
195
224
313
277
140
-24
-1
82
182
294
205
-100
-222
-214
-31
86
145
125
-95
-202
-216
-140
35
183
81
-185
-254
-192
-61
-43
45
72
-74
-244
-331
-203
-73
-49
-53
-127
-234
-350
-341
-257
-114
-64
-263
-426
-438
-407
-382
-256
-155
-188
-309
-404
-396
-224
-91
-109
-214
-317
-313
-220
-208
-175
-210
-230
-239
-236
-200
-260
-310
-259
-192
-191
-278
-339
-298
-168
-85
-158
-238
-381
-394
-204
-84
-63
-249
-388
-425
-273
59
152
-89
-356
-324
-70
119
100
13
-52
-106
-44
29
24
45
110
142
70
-52
-39
86
244
234
181
24
-59
-65
26
113
116
109
-55
-174
-158
63
224
247
154
-6
-63
-21
86
201
227
133
-2
-11
71
149
134
140
227
202
98
61
89
216
275
354
363
143
-93
-100
187
437
369
120
-90
-205
-141
67
232
167
19
-15
-75
-28
41
-14
-68
-76
-66
-215
-277
-205
-108
-5
-43
-154
-247
-326
-269
-156
-46
-53
-218
-350
-368
-235
-85
-32
-124
-191
-205
-232
-184
-106
-113
-142
-265
-242
-175
-112
-110
-142
-166
-168
-217
-279
-245
-240
-191
-184
-142
-148
-227
-255
-261
-196
-236
-335
-316
-228
-209
-205
-306
-372
-379
-307
-218
-222
-203
-242
-338
-358
-213
-94
-64
-51
-143
-226
-148
-30
-27
-19
-109
-240
-247
-191
-64
60
143
137
-12
-134
-78
28
75
190
144
129
62
18
33
76
215
273
166
48
41
154
270
187
171
144
25
41
105
158
232
201
54
31
76
48
-28
1
84
115
109
68
-3
-35
-21
48
129
165
144
28
-42
-47
4
70
16
16
18
-59
-7
64
96
43
-1
16
-16
20
-26
-72
-44
-58
-105
-129
-133
-133
-186
-147
-46
-79
-140
-149
-72
17
-61
-156
-122
-163
-125
-15
9
-76
-111
-32
-6
31
-45
-111
-78
-53
12
53
19
-121
-144
-63
-24
-37
-128
-199
-237
-240
-235
-246
-235
-222
-295
-278
-222
-201
-178
-176
-96
-77
-56
-98
-120
-89
-39
-31
0
-24
-45
-27
-48
-84
-38
-31
-36
-46
-87
-155
-148
-78
-30
-177
-255
-188
-99
-55
-125
-134
-144
-164
-186
-163
-62
-53
-97
-170
-189
-226
-240
-173
-104
-174
-260
-203
-129
-69
-97
-87
-29
-18
-17
-87
-71
-31
-26
9
5
10
33
-36
-101
-47
-24
-13
3
61
55
58
-6
10
55
88
116
100
136
113
80
29
76
92
85
24
-33
-32
69
63
-54
-10
-31
-28
-68
-48
-32
1
14
-72
-62
-97
-77
-88
-114
-130
-130
-70
-46
-52
-65
-45
7
-23
-52
-102
-71
-121
-184
-172
-89
-68
-128
-186
-112
8
-5
-51
-110
-78
-76
-72
-118
-156
-161
-123
-75
-44
-129
-161
-205
-202
-101
-72
-23
-54
-143
-126
-94
-88
-61
-79
-95
-100
-70
-123
-104
-76
-90
-89
-77
2
34
-44
-60
-40
41
9
-47
-63
-81
-5
0
1
-33
-48
-95
-83
-35
29
87
12
-36
-5
95
145
89
1
21
45
60
59
59
85
-12
-40
25
74
96
34
38
52
69
19
-60
-45
-6
69
30
11
-70
-84
-42
39
125
154
4
-119
-29
87
135
28
-21
-109
-60
-12
18
30
-35
-41
-95
-36
-15
-38
-31
-66
-74
-69
-55
-60
-46
-56
-21
-26
-56
-43
-66
-25
32
-19
-57
-64
-61
59
81
-14
-63
-65
-16
11
-15
-31
-29
-67
-54
-53
-63
-39
-50
9
17
12
-44
-50
-14
-20
-21
-37
-42
-64
-86
-31
24
15
-51
-104
-121
-88
-83
-123
-89
-113
-106
-104
-153
-90
-57
-84
-137
-124
-79
-112
-157
-139
-22
12
-11
-28
-67
-57
-90
-73
-9
8
-64
-91
-52
32
31
-69
-70
-27
40
-3
-63
-20
7
16
-24
-7
-21
-10
15
-19
17
5
-92
-112
-102
-34
-11
-20
-129
-102
-36
0
17
-4
-25
-57
-53
-14
0
58
59
20
45
16
35
-5
-4
55
-7
-84
-86
-26
-7
56
-20
-107
-46
-20
-38
-64
-41
14
-54
-87
-123
-99
-69
-96
-34
42
21
-101
-119
-61
-16
-3
-15
-59
-19
-27
-46
-47
5
-25
-140
-148
-81
-23
12
-77
16
82
18
-68
-67
-39
5
40
-3
1
-35
-43
-42
-68
21
48
-173
-214
-139
-49
-32
-79
-114
-118
-109
-35
-39
-47
-81
-138
-122
-113
-92
-77
-110
-178
-192
-182
-161
-181
-148
-98
-90
-89
-54
-90
-106
-52
22
-4
-34
-79
-25
81
95
86
56
52
-14
-39
-30
-52
-4
-10
-88
-74
-140
-120
-79
-55
-83
-79
-138
-95
-36
-31
59
62
-6
-35
17
38
63
-16
-6
-32
-74
-1
86
117
144
67
-32
30
43
79
128
158
113
107
4
-42
-35
40
24
-22
-77
-118
-115
-142
-53
-35
-52
-137
-157
-161
-136
-145
-162
-188
-207
-232
-230
-139
-166
-139
-194
-180
-148
-111
-88
-146
-98
-53
-31
-9
-48
27
-18
-86
-30
-16
-39
-60
-23
-39
-14
-58
-98
-21
-1
-83
-107
-100
-84
-48
-71
-76
-100
-163
-136
-124
-88
-96
-136
-135
-70
-64
-127
-162
-159
-105
-107
-85
-102
-119
-135
-132
-56
-59
-122
-156
-104
-63
-104
-173
-149
-72
-50
0
-49
-76
-107
-122
-46
-1
-44
-80
-90
-60
-77
-86
-80
-111
-124
-61
-26
3
1
-33
-35
-83
-69
-74
-35
-23
9
-1
-62
-59
-104
-67
-70
-118
-101
-61
-123
-161
-148
-129
-118
-129
-106
-101
-127
-173
-160
-142
-119
-143
-218
-202
-198
-216
-235
-239
-270
-177
-181
-189
-134
-109
-121
-150
-206
-208
-75
-64
-102
-27
-42
-119
-141
-141
-77
-27
-17
-105
-157
-166
-177
-107
-48
-36
-39
-71
-115
-137
-65
-7
15
32
-12
-56
-73
-59
-24
-11
-23
-118
-129
-140
-113
-63
-46
17
-7
-63
-52
-58
12
17
-10
-26
-57
-50
-75
-50
-13
-39
-82
-119
-104
-106
-94
-80
-108
-145
-115
-46
-78
-33
-106
-139
-112
-79
-97
-130
-89
-123
-133
-59
-45
-126
-117
-50
4
12
34
14
33
47
19
14
43
84
22
-34
33
124
90
17
21
124
105
14
-19
42
78
54
63
51
37
-41
-46
-54
-31
-45
-56
-42
-87
-126
-153
-149
-100
-96
-104
-96
-53
