141
130
132
119
129
121
67
89
100
76
74
56
53
93
63
121
111
111
89
81
125
67
81
108
90
84
109
42
63
85
86
151
156
169
130
134
123
108
129
96
141
87
100
75
65
115
97
86
98
90
121
135
90
76
31
73
127
116
100
121
120
121
87
142
150
148
182
155
144
131
125
93
67
61
80
111
54
69
36
40
82
62
81
69
80
62
77
96
86
118
114
115
110
113
117
156
136
132
110
73
31
82
133
105
108
94
102
107
77
146
116
111
162
153
127
148
110
109
206
145
77
99
70
61
67
62
61
81
117
80
94
56
124
147
117
97
83
72
85
117
70
85
87
80
94
88
78
51
87
108
105
116
115
120
101
104
67
77
97
60
-13
21
100
58
91
131
104
100
119
66
101
108
58
38
18
56
71
125
157
117
155
162
94
137
136
83
26
51
75
115
159
141
125
121
123
43
-6
81
100
85
123
114
121
109
92
120
74
91
20
57
56
69
116
139
204
160
178
193
161
137
151
108
97
81
102
153
178
232
162
130
155
118
77
69
67
77
156
129
93
109
115
66
3
121
137
69
89
112
95
111
57
62
2
3
-15
-45
36
58
94
112
103
113
64
56
118
95
144
91
91
93
108
90
95
63
94
129
96
68
105
118
77
126
125
124
76
95
88
126
110
103
120
69
93
64
68
127
95
78
70
27
97
80
60
83
69
64
78
86
73
92
106
103
114
68
73
35
4
22
18
46
32
46
91
116
31
27
69
53
89
116
102
131
92
136
158
125
133
110
151
116
115
124
156
205
160
136
106
86
90
61
53
104
133
88
50
80
110
100
85
57
113
152
144
171
99
42
59
132
169
131
99
148
121
125
141
149
157
129
127
102
112
116
156
102
64
100
113
214
176
164
174
176
168
138
124
123
175
97
123
170
123
133
102
120
155
140
166
136
96
85
134
131
125
150
170
150
162
148
127
98
68
100
124
105
68
153
164
110
69
107
119
120
119
60
66
83
139
186
198
196
203
166
179
183
129
166
86
106
133
74
124
161
181
132
158
101
83
125
131
171
109
171
186
184
214
150
167
152
202
201
214
218
167
173
129
106
139
90
72
125
116
106
174
126
117
151
104
169
185
198
196
196
192
183
194
176
130
128
177
149
145
151
136
113
113
132
97
106
129
161
181
158
135
158
159
159
162
66
90
121
88
113
128
160
141
107
71
103
135
105
148
121
115
165
164
188
195
162
134
153
159
162
185
161
65
86
120
129
129
97
162
95
93
120
150
119
159
174
183
200
163
135
132
131
174
175
159
167
161
206
221
187
153
146
134
202
151
104
151
135
35
38
89
43
114
100
17
54
74
114
90
117
114
76
109
69
71
61
39
116
83
106
76
45
53
62
130
128
166
110
141
121
93
125
113
120
103
121
108
91
97
141
115
58
76
119
138
57
8
57
80
109
125
88
98
113
188
120
96
126
127
140
136
91
92
100
99
144
145
140
113
132
80
78
93
129
135
164
134
1
29
67
79
85
63
101
85
112
109
63
100
130
106
131
133
89
101
69
99
134
80
66
102
64
79
112
134
75
87
77
90
114
91
99
104
135
102
79
112
85
62
63
151
116
56
48
30
55
75
90
105
135
102
134
132
119
143
122
111
77
122
117
84
162
103
121
115
85
121
146
165
145
127
68
89
138
112
118
132
75
118
176
175
125
115
157
130
92
51
44
91
126
83
30
60
81
110
105
137
122
133
132
68
75
72
105
157
113
79
120
135
154
128
99
134
191
142
127
119
84
122
105
127
108
91
63
82
81
101
131
98
106
84
112
111
84
79
79
66
87
76
96
141
89
40
76
134
137
114
113
103
69
71
61
135
152
143
69
76
126
37
112
153
138
109
107
136
124
104
25
42
71
101
55
114
125
116
140
125
149
127
148
140
142
122
108
78
46
28
20
41
61
83
82
33
-2
19
91
85
46
98
78
88
71
78
78
69
131
75
60
85
103
121
71
80
77
75
83
64
107
78
69
35
49
66
61
131
115
107
83
48
123
109
33
19
4
50
77
100
104
160
153
179
194
167
141
143
110
145
210
133
158
158
85
132
72
97
145
97
86
113
124
58
87
103
114
66
87
88
87
162
176
173
149
185
149
103
88
109
107
126
113
61
84
93
102
93
110
91
135
160
192
216
176
164
108
97
103
151
170
162
138
181
155
117
215
172
173
146
155
137
162
221
124
152
157
118
138
123
111
133
119
124
170
167
193
127
80
107
127
74
124
139
78
96
81
149
127
98
89
49
85
105
94
124
74
96
125
96
76
117
162
104
85
112
148
124
97
148
145
157
109
123
109
91
116
129
123
43
111
119
108
117
134
139
129
141
160
155
160
126
114
152
99
100
119
106
134
148
125
83
120
117
127
118
112
194
123
124
192
118
54
138
111
76
135
129
155
111
137
118
50
88
109
131
175
148
141
174
181
180
140
156
143
123
147
158
100
116
131
139
146
76
130
156
150
177
147
157
173
78
74
86
170
225
245
222
169
164
108
178
196
144
76
79
76
88
99
82
141
145
132
150
133
139
174
104
132
151
138
169
226
207
228
240
223
202
169
213
222
185
173
223
162
140
161
106
151
147
105
134
142
104
170
159
128
153
126
131
171
159
155
200
162
159
169
176
149
128
94
73
153
146
205
173
160
161
163
199
204
188
161
183
179
212
165
152
165
138
135
172
157
131
113
44
72
104
125
94
84
85
77
87
71
92
98
114
114
133
143
127
121
149
115
107
162
158
180
171
225
148
125
162
174
173
125
126
141
153
144
138
130
143
186
183
181
200
195
204
167
166
185
149
159
196
213
179
147
160
130
142
110
78
56
90
141
129
135
136
104
175
163
168
152
186
197
158
152
186
207
151
164
119
131
131
131
165
171
215
191
208
246
136
120
168
198
235
206
162
147
129
151
186
163
203
221
232
223
209
174
189
225
193
195
184
231
201
231
202
192
240
190
172
164
169
187
235
221
196
203
197
233
198
212
191
173
153
164
133
116
148
60
137
181
170
180
148
83
124
118
105
131
142
165
103
123
49
120
150
127
153
149
89
75
42
130
160
120
100
102
132
34
34
-9
-48
-5
168
254
299
306
216
115
94
163
291
393
489
342
256
172
100
165
178
238
261
232
150
89
40
32
61
145
157
190
207
170
168
132
129
177
230
271
320
309
296
250
211
226
246
274
250
239
173
115
117
56
29
76
131
101
150
43
-21
22
-30
-16
17
29
92
139
54
107
89
128
145
147
166
197
206
215
176
171
171
166
183
208
208
156
135
97
172
212
202
178
149
86
66
83
72
58
130
98
111
174
151
178
158
168
131
143
199
273
246
190
194
191
186
191
199
211
170
104
123
110
82
79
68
62
106
123
157
150
182
150
205
189
162
188
78
66
78
154
170
148
150
160
167
186
161
119
115
110
194
159
117
127
116
138
146
127
153
139
129
122
114
115
102
135
93
126
114
118
159
165
182
149
131
154
179
150
194
195
173
145
175
131
105
127
111
108
162
183
165
145
151
176
120
96
137
177
178
122
122
150
129
133
118
126
129
136
186
200
136
101
167
190
134
88
86
138
94
91
146
92
92
100
117
130
114
153
162
124
142
140
129
165
208
165
187
193
134
134
128
163
119
113
177
171
189
170
143
195
215
194
204
195
165
95
79
84
63
89
106
61
28
45
41
-32
-20
-2
7
-20
3
20
-14
-44
-138
-85
-151
-204
-192
-188
-165
-176
-192
-180
-149
-156
-125
-117
-51
28
-12
10
-56
-58
-113
-56
349
715
892
705
506
490
682
917
1105
997
691
521
436
438
336
284
228
102
-106
-213
-213
-324
-388
-439
-395
-362
-317
-222
-217
-239
-143
-36
70
185
297
395
375
408
446
532
627
654
650
631
621
491
453
396
310
213
140
94
-6
-72
-161
-221
-232
-260
-228
-217
-172
-192
-154
-139
-87
60
145
254
281
329
366
348
433
477
524
562
543
489
513
444
356
278
186
188
123
82
-37
-71
-112
-150
-143
-170
-138
-97
-131
-103
-56
-26
11
107
179
127
261
313
332
409
378
459
527
508
526
531
491
396
370
338
262
244
182
104
28
-56
-59
-64
-54
-65
-51
-85
-107
-94
-78
-1
20
74
120
180
207
164
247
282
258
331
387
421
435
406
330
333
290
282
245
130
136
129
61
-18
-32
-50
-28
-26
-82
-62
-95
-62
-10
1
26
53
112
168
166
214
208
222
269
236
308
304
254
245
239
163
151
176
187
96
104
111
71
83
32
38
-25
-7
-31
-29
0
-29
4
26
11
37
58
114
164
192
216
189
251
216
194
244
195
209
199
203
241
197
178
117
63
105
112
73
35
60
65
56
84
32
-7
-9
41
16
41
111
101
128
132
146
141
154
164
127
129
237
243
299
309
147
111
64
168
244
268
198
63
84
134
217
172
93
-42
-31
140
246
264
104
-13
71
165
169
175
122
21
57
152
244
219
176
75
8
67
295
294
137
112
81
98
28
204
267
154
34
54
67
75
105
13
48
225
302
189
-10
-37
-30
-17
130
271
270
43
-118
-214
-107
67
51
-134
-340
-210
-118
-229
-312
-379
-409
-475
-507
-432
-314
-377
-550
-716
-796
-720
-530
-580
-800
-925
-853
-548
-118
163
1579
3386
3288
935
-1037
-138
2108
3048
2878
2624
1872
109
-854
-227
733
542
71
162
-278
-1386
-1922
-1613
-1544
-1865
-1359
-172
-135
-1257
-1789
-1285
-751
-550
245
1399
1474
437
88
596
1023
1159
1631
2295
2005
1095
662
725
431
160
555
895
430
-354
-673
-814
-1240
-1465
-1013
-505
-594
-1058
-1169
-1164
-1372
-1194
-364
264
266
163
254
261
137
410
1058
1453
1381
1244
1228
964
604
590
878
957
757
601
277
-192
-556
-535
-295
-396
-503
-477
-618
-961
-1161
-934
-668
-420
-180
33
-3
-93
-34
102
358
643
917
1083
984
917
1031
1265
1619
1626
1199
625
98
-187
-146
25
75
-138
-596
-1015
-1209
-1241
-1155
-898
-720
-639
-630
-688
-769
-794
-548
-277
-3
301
273
227
121
127
265
404
633
748
711
532
306
163
115
219
151
130
126
40
-179
-422
-577
-588
-429
-286
-252
-418
-557
-563
-362
-96
-38
107
124
14
105
298
404
379
410
478
447
365
295
298
267
273
141
58
83
-114
-248
-329
-247
-202
-162
-189
-300
-463
-481
-283
-143
-153
-109
-98
-136
-162
-179
3
176
296
371
303
228
211
218
239
310
342
268
194
101
32
54
90
75
78
56
45
15
-75
-212
-136
50
128
237
115
19
4
79
246
363
447
387
253
200
185
214
297
254
318
295
198
160
19
-34
-68
48
-4
-86
-138
-263
-281
-306
-131
-71
-119
-197
-253
-229
-208
-178
-166
-174
-127
-128
-225
-221
-301
-343
-286
-254
-223
-309
-511
-726
-820
-701
-695
-658
-730
-895
-1091
-1282
-1262
-1279
-1349
-1447
-1379
-982
-1031
-1104
-1241
-611
-240
1699
5666
6771
2985
-2172
-1996
2861
5930
5334
3992
3171
644
-1916
-1121
1898
2467
-34
-1010
-598
-1385
-3036
-3362
-2357
-2486
-2871
-1258
269
-1249
-3922
-3747
-1596
-255
227
1559
2382
483
-1435
-368
2325
3194
2393
2655
3223
2022
346
652
1855
1618
646
918
1519
243
-1734
-1934
-1349
-1469
-1796
-1023
-503
-1878
-3463
-3161
-1900
-1425
-1209
-340
254
-583
-1438
-595
697
918
1040
1887
2513
1819
1047
1232
1804
1523
1740
2093
3661
5305
3678
3
-2629
-1876
480
2096
2149
216
-2476
-4181
-3870
-2533
-1080
-205
-411
-1095
-1863
-1717
-1025
-774
-428
403
1311
1497
715
-312
-621
-308
631
1692
1923
1232
-59
-1066
-1057
-350
381
674
201
-737
-1641
-2130
-2120
-2192
-2042
-1798
-1701
-2150
-2544
-3110
-3309
-3132
-2582
-2060
-1817
-1300
-1031
-1086
-1949
3589
11097
10427
907
-6032
-560
8460
10003
6634
5283
4613
-254
-3457
35
5454
3779
-1584
-2340
-994
-2283
-4875
-4707
-3071
-4157
-4470
-1590
56
-3515
-7137
-5347
-1282
253
338
2215
2574
-927
-2760
556
5262
5395
3171
3563
4560
2718
661
2025
4182
3202
1045
1461
2523
174
-2753
-2504
-978
-1239
-2315
-1610
-1212
-3674
-5963
-4630
-1926
-1335
-1945
-1323
-534
-1782
-2815
-805
1660
1848
1276
2098
3189
2120
852
1897
3465
3377
2863
3928
6745
5964
1236
-1790
-890
1219
2045
1678
111
-2597
-4495
-4369
-3263
-2513
-1623
-1373
-1830
-2412
-2559
-1754
-1090
-912
-91
1171
1667
926
-278
-398
499
1383
2168
2380
1690
564
-519
-566
412
958
821
115
-723
-1580
-2217
-2482
-2452
-2455
-2308
-2236
-2819
-3645
-4473
-4686
-3797
-3042
-2115
-1449
-1497
-3031
-3474
-3401
1871
12264
14821
5613
-6809
-6404
5623
13389
11235
6957
5528
2192
-2965
-2537
4017
7146
1452
-2703
-1909
-980
-3659
-6724
-5744
-4221
-4240
-2506
-383
-2461
-7872
-9087
-4681
419
1469
1599
2058
-450
-3406
-1910
3576
7257
5325
3500
4412
4433
2119
1387
3657
5240
3595
2025
2852
2053
-1685
-3531
-2097
-198
-767
-1808
-1749
-3262
-6321
-6850
-3836
-1103
-1398
-2418
-2067
-2015
-3428
-3037
72
2228
1968
1503
2844
3039
3458
5310
6399
5391
3452
4094
5524
4784
2072
217
295
235
-26
-633
-1427
-2752
-4007
-3618
-2861
-2243
-2261
-2700
-2797
-2756
-2160
-1464
-1039
-969
-701
-107
399
465
92
224
665
1234
1745
1780
1413
773
215
321
601
417
-321
-1168
-1989
-2546
-2755
-3032
-3196
-3909
-4278
-4335
-3513
-2526
-2284
-3747
-4600
-4565
1041
11530
13862
4020
-8442
-7474
5732
14585
12180
6861
4829
1967
-2403
-1274
5987
9447
3257
-2133
-1761
-148
-2330
-5369
-4800
-3094
-3113
-2288
-1192
-3336
-8555
-9817
-5019
743
1509
258
-231
-2234
-4528
-2716
3196
7367
5360
2330
2638
3587
2540
1931
3942
6113
4956
2813
2831
2535
-259
-2129
-772
1629
1187
-1096
-2165
-3343
-5628
-6249
-3507
-638
-1186
-3375
-3870
-3142
-3757
-3388
-931
1830
1418
1926
5428
5755
2594
650
3226
6085
6163
5297
4105
2232
-97
-458
842
1546
921
-598
-1237
-2411
-3173
-2721
-2091
-1950
-2275
-1986
-1877
-2656
-3422
-3229
-1947
-706
63
-222
-891
-1359
-1607
-677
797
1805
1913
1273
677
147
-186
26
282
259
-341
-1561
-3024
-3073
-2332
-1609
-2335
-2256
-1457
-2372
-5213
-5897
-3837
3492
12379
11334
928
-9651
-7626
4733
13520
11745
6042
2522
5
-2643
-925
5193
8288
3631
-560
-1353
-585
-1894
-4165
-3948
-1862
-730
55
-875
-4096
-7967
-8124
-3777
1382
2331
748
-1385
-3911
-4697
-1942
2868
5993
4621
2185
1362
1472
1459
2100
3601
5082
4641
3126
2151
1036
-547
-876
321
1949
1960
95
-1851
-3780
-4966
-4159
-1837
-128
-404
-2427
-3634
-3907
-3406
-2135
633
5496
6455
2438
-1322
-1317
1412
4383
6073
5587
3703
1435
-114
-387
200
1614
2193
2079
906
-1128
-2198
-2480
-2602
-1525
130
567
-1189
-3364
-4194
-3537
-2224
-655
-39
-807
-1827
-2762
-2604
-1271
43
1056
1160
450
-692
-1428
-1277
-207
481
233
-935
-1812
-2810
-2974
-2555
-1667
-1560
-1688
-2537
-2835
-3477
-88
10405
13983
4743
-9087
-9303
4282
14495
11757
4702
2035
666
-2531
-1859
4409
8816
3749
-2010
-2816
-1012
-1417
-3558
-3744
-2205
-1559
-869
-807
-3116
-7160
-7755
-3805
1266
2492
677
-1134
-3264
-4271
-1891
2806
6197
4906
1808
795
1376
1736
2249
3526
4670
4326
2617
1713
1022
-234
-664
160
1474
1527
-179
-2043
-3543
-4423
-3821
-1835
-133
-470
-2377
-3715
-3477
-3178
-596
4364
5867
2871
-863
-669
1526
3092
3941
4236
3826
2614
1057
0
258
679
1037
2074
1832
331
-1218
-2264
-2589
-1940
-344
561
-657
-2506
-3564
-3592
-2662
-1279
-832
-1041
-1777
-2499
-2449
-1504
-378
252
283
43
-467
-960
-890
-858
-1116
-1036
-994
-1170
-1695
-2492
-2739
-2231
-1966
-1499
-2100
-2091
-3125
3061
13284
12746
-17
-11744
-6155
8945
15945
10248
3166
1085
-1191
-3393
-442
7064
9007
1702
-3492
-3313
-1242
-2033
-3648
-2955
-1499
-1409
-1315
-1997
-4694
-7675
-6572
-1849
2519
2079
-355
-2615
-4261
-3638
32
4725
6639
3843
602
78
1301
2242
3261
4433
5138
3722
1529
804
496
-87
28
975
1829
1003
-1224
-3065
-4127
-4067
-2769
-917
-190
-1265
-3538
-4083
-3680
-634
4070
5157
1768
-1824
-1037
2125
3963
3619
2803
2658
2316
1822
1022
848
867
689
1561
1957
1021
-665
-2147
-2532
-1562
130
534
-1030
-2919
-3523
-3251
-2349
-1226
-1266
-1983
-2605
-2774
-2219
-1273
-646
-688
-882
-719
-646
-1065
-1446
-1801
-1581
-947
-763
-1535
-2555
-2858
-2474
-1601
-1160
-1763
-2061
-2868
4157
14038
12987
76
-11670
-6321
9227
16930
11111
3299
387
-1670
-3452
-354
7202
8914
1649
-3814
-4149
-1719
-2012
-3800
-3467
-1716
-1135
-1434
-2706
-5353
-7646
-6470
-1699
2847
2423
-224
-3031
-4656
-3333
720
5260
6919
4054
633
-93
1292
2739
3854
4671
5173
3763
1378
307
-30
-75
166
1007
1716
699
-1633
-3795
-4661
-4195
-2337
-590
-88
-1480
-3727
-4622
-2945
1672
4713
4061
808
-1036
-38
2352
3751
3483
3072
2810
2143
1492
925
961
827
1013
1496
1673
846
-894
-2496
-2630
-1186
141
-94
-1445
-2900
-3453
-3233
-2237
-1513
-1401
-1873
-2575
-2477
-1600
-791
-636
-989
-867
-583
-795
-1556
-2125
-1365
-477
-923
-2406
-3530
-3121
-1910
-1508
-1996
-2913
-2449
-2173
6399
14790
11442
-2705
-12531
-4148
11948
17732
10230
2071
-305
-1750
-2679
1295
8690
8618
550
-4441
-3860
-1029
-1900
-3944
-3416
-1487
-1041
-1908
-3775
-6192
-7890
-6032
-910
2978
1527
-1558
-4162
-4716
-2528
1602
5774
6691
3318
160
-125
1818
3554
4515
4979
5411
3673
1359
558
453
747
981
1485
1825
185
-2280
-4144
-4474
-3695
-2099
-997
-871
-2473
-4403
-4891
-2608
2335
4552
2878
-278
-1429
-19
2317
3756
3773
3357
2697
1544
826
1013
1635
1634
1937
1900
1208
216
-1241
-2200
-1673
-253
328
-701
-2257
-3280
-3299
-2646
-1617
-1410
-2018
-2721
-2969
-2333
-1448
-837
-848
-1131
-931
-910
-1080
-1669
-1636
-1627
-975
-892
-1675
-2577
-3013
-3356
-2658
-2350
-1813
-2212
859
11949
15486
5301
-10471
-11585
4201
18469
16285
5514
51
-790
-2689
-2086
4897
11463
6300
-2565
-5775
-3255
-1148
-2962
-3931
-1776
-201
-1304
-3526
-5755
-7702
-7458
-3632
2148
3662
22
-3779
-5904
-4529
-342
4634
7481
5793
1250
-919
396
2895
4538
5375
6035
5462
2493
439
63
499
1146
1765
2476
1820
-1138
-4076
-5180
-4435
-2657
-1064
-563
-1672
-3982
-5795
-4072
1286
4048
2331
-1130
-1017
1349
3128
3073
1938
1762
2850
3332
2677
1854
1316
632
1114
1938
2374
1638
-78
-1954
-2419
-737
544
-484
-2095
-3055
-3099
-2823
-2271
-2229
-2617
-2855
-2997
-2585
-1796
-1183
-1303
-1583
-1005
-854
-1291
-1804
-1472
-1182
-1071
-1610
-2318
-2658
-2179
-2483
-2780
-3400
-2310
-2122
4622
15623
14702
535
-14000
-9221
9366
20953
14567
3090
-1306
-1828
-3285
-902
7470
11653
3732
-4392
-5923
-2133
-1407
-3919
-4231
-1207
76
-1531
-4257
-6715
-8493
-7404
-2464
3562
3431
-1022
-5074
-6408
-3948
702
5716
7785
4893
318
-1201
855
3574
4928
5518
6206
5217
2145
344
29
852
1528
2124
2675
1344
-1939
-4613
-5387
-3957
-2057
-554
-723
-2141
-5240
-4886
-730
1300
889
-550
28
1690
2095
1531
463
891
2401
3715
3765
2776
1171
-177
763
1914
2856
2809
898
-1197
-2154
-1171
-146
-390
-1178
-1959
-2681
-2931
-2652
-3016
-3137
-2983
-2884
-2225
-1842
-1738
-2130
-2484
-2066
-1599
-1027
-715
-966
-1632
-2267
-2678
-2691
-2268
-1476
-1465
-2636
-4855
-4145
-2220
8424
18723
13836
-3004
-15360
-6950
12237
21437
13834
2979
-1309
-2641
-3633
95
8887
10936
1985
-5183
-5612
-1659
-1745
-4960
-4990
-1392
431
-1293
-4926
-7817
-8879
-7011
-1792
3692
3172
-985
-5538
-6863
-3509
1937
6606
7592
4305
430
-699
978
3496
5226
6032
6611
4979
1929
287
-11
704
1550
2415
2956
1234
-2201
-5011
-5601
-4012
-1740
-278
-563
-2347
-5071
-3054
223
897
-99
-795
346
1521
1849
1380
904
1391
2224
2729
2860
2906
1508
735
1199
1750
2504
2172
604
-1186
-1516
-555
-306
-964
-1739
-2307
-2661
-2343
-2395
-2898
-3096
-3342
-3075
-2362
-1497
-1199
-1939
-2430
-2216
-1765
-1085
-633
-1284
-2083
-2274
-2425
-2020
-1384
-2464
-3515
-5071
-3315
-1401
6625
17810
15196
-434
-15450
-9628
10265
23062
16523
3572
-1949
-2490
-3107
-666
7697
12443
4629
-4169
-6655
-2808
-1510
-4101
-4747
-1367
975
-1099
-5147
-8472
-9332
-7255
-2134
3694
3541
-1037
-5849
-7595
-4350
1407
6583
8047
4819
116
-1232
736
3662
5517
6266
6882
5536
2098
124
123
1177
2116
2736
3185
1680
-1957
-4949
-5640
-4008
-1525
755
1436
-426
-4537
-6683
-5128
-989
2598
3142
1265
-916
-1905
-995
763
2591
3730
4044
3307
2062
849
677
1255
1957
2820
3075
1826
-440
-2369
-2519
-895
596
614
-976
-2893
-3876
-4033
-3515
-2415
-1828
-1779
-2353
-2813
-3057
-3175
-3005
-2292
-1415
-513
-717
-1982
-2969
-2965
-2422
-1794
-1521
-1841
-2885
-4228
-3614
97
13818
20122
9675
-9775
-15374
370
19168
20943
8941
110
-1229
-2481
-3257
2360
11052
8943
-1143
-6732
-4669
-897
-3047
-6020
-4415
-213
304
-2717
-6546
-8699
-8691
-5517
424
4312
2031
-2462
-6558
-6443
-2064
4034
7897
7137
2519
-719
-370
2294
4393
5516
6257
6452
3856
1072
11
436
1188
1755
2432
2528
140
-3203
-5386
-5171
-2790
208
1731
972
-2503
-5517
-5450
-2703
772
2654
2245
615
-883
-1098
-175
1294
2677
3757
3851
2999
1445
360
466
1198
2153
2730
2072
311
-1677
-2545
-1734
-402
149
-491
-2091
-3346
-3942
-3902
-2903
-1842
-1566
-1786
-2608
-3464
-3814
-3422
-2226
-938
-689
-1269
-2698
-3722
-3570
-2722
-1678
-1334
-2372
-4383
-3962
-1144
12533
20678
11792
-7763
-16062
-1375
18635
22436
10659
568
-1579
-2336
-2773
2319
11253
9707
-983
-7227
-5404
-555
-2091
-5859
-5277
-1380
-250
-2722
-6488
-8740
-9066
-6257
-500
3839
1929
-2378
-6496
-6454
-2235
3593
7684
7404
2899
-430
-295
2535
4917
5807
6006
6239
4091
1698
662
699
1229
1641
2238
2438
247
-3006
-5268
-5237
-3056
22
1234
395
-1941
-4369
-4996
-3901
-883
2088
3007
1853
-429
-1576
-776
947
2636
4152
4619
3491
1775
486
458
1265
2387
3107
2359
605
-1541
-2774
-2203
-830
-2
-399
-1780
-3441
-4654
-4631
-3464
-2255
-1627
-1951
-3107
-4043
-4111
-3590
-2556
-1149
-398
-1708
-3296
-4019
-3707
-1955
-1416
-2328
-4531
-3926
-692
12826
21541
12665
-7498
-16931
-2186
19108
24257
12374
726
-2318
-3087
-3397
2201
11689
10925
-452
-8122
-6753
-1232
-2069
-5673
-5151
-1280
-189
-2987
-6977
-8902
-8943
-6195
-526
4127
2341
-2422
-6882
-6665
-2034
4020
8197
7791
3152
-672
-730
2273
5101
6322
6528
6528
3801
737
-232
502
1645
1821
1963
2008
-58
-3244
-5617
-5608
-2948
799
1858
-59
-3473
-5647
-4788
-2149
679
2270
1959
666
-798
-954
384
1852
2789
3709
4152
3296
1825
533
491
1482
2629
3058
1921
-23
-1950
-2757
-2111
-743
-138
-801
-2210
-3645
-4572
-4529
-3332
-2125
-1881
-2269
-3205
-4013
-4093
-3537
-2421
-1568
-1194
-1597
-2695
-3376
-3791
-3163
-2325
-2476
-4202
-3874
-524
13114
21380
12118
-7853
-16801
-1918
19180
24313
12245
1138
-1804
-2877
-3594
1529
11438
11347
376
-7638
-6820
-1533
-2363
-6015
-5143
-761
326
-3033
-7278
-9066
-8709
-6185
-854
4127
2797
-1712
-6566
-6866
-2407
3602
8042
8155
3992
-43
-855
1545
4516
6300
6742
6759
4220
1049
-489
-245
994
1567
1975
1994
-99
-3333
-5838
-5634
-2744
957
1380
-917
-3872
-5609
-4638
-2356
228
1789
1837
759
-761
-903
304
1717
2726
3931
4569
3644
2029
375
222
1430
2799
3178
1978
189
-1654
-2820
-2314
-859
-85
-717
-2250
-3734
-4440
-4093
-3257
-2516
-2185
-2148
-2892
-3880
-4065
-3620
-2373
-1355
-1188
-2076
-2914
-3517
-3281
-3379
-2849
-3405
-3694
-3378
6447
20729
19599
1143
-17833
-12027
11699
26656
19236
4622
-1142
-2051
-4656
-2910
7662
14895
6575
-5546
-9489
-3821
-977
-4647
-6425
-2558
577
-1579
-6259
-8595
-8893
-7764
-4012
2232
4214
867
-4578
-7436
-4912
702
6340
9145
6797
1866
-1129
70
3535
5955
6576
7004
5837
2557
6
-470
672
1271
1234
1642
1106
-1460
-4714
-6208
-3909
-187
1052
-729
-3257
-4878
-4484
-3048
-1283
539
1454
1188
-44
-956
-183
1212
2452
3507
4212
3993
2641
907
254
1171
2525
3104
2091
338
-1093
-2154
-1996
-1078
-652
-1051
-2131
-3323
-3955
-4070
-3746
-3222
-2781
-2536
-2911
-3776
-4405
-4046
-3290
-2256
-1816
-1990
-2420
-3184
-3920
-4304
-4276
-3919
-4023
-995
13962
23873
14548
-9378
-20767
-4136
21234
27568
13873
1398
-1587
-3227
-6162
-838
12584
14923
3003
-9079
-9654
-3231
-2400
-5701
-4949
-368
657
-3550
-8696
-10137
-8949
-6343
-980
3616
3168
-1084
-6037
-7448
-4066
2374
8432
10129
5825
708
-1426
564
3864
6125
7866
8566
5536
834
-1630
-618
1457
2020
1780
1892
354
-3024
-5664
-5780
-3029
69
815
-713
-3787
-5874
-5625
-3374
-297
2029
2106
547
-1227
-1588
-61
1928
3205
4102
4313
3594
1852
409
548
1572
2516
2908
2131
404
-1619
-2799
-2404
-1051
-451
-1206
-2822
-4167
-4631
-4451
-3757
-2926
-2562
-2798
-3783
-4628
-4687
-4039
-2893
-2001
-1967
-2701
-3651
-4614
-4499
-4903
-4969
-4724
7395
23740
23101
1247
-21203
-15392
12280
29972
22557
6094
-912
-2122
-5591
-5499
5765
15892
10160
-3110
-10287
-6638
-3215
-5603
-6594
-2606
1465
208
-5884
-10668
-11604
-9083
-3820
2630
4745
2020
-3289
-7583
-7236
-1914
6041
11580
9520
3584
-930
-1001
1752
4745
7352
9607
8439
3173
-1532
-2226
198
2091
2116
2330
1568
-1178
-4694
-6718
-4311
-171
1109
-823
-3680
-4799
-4228
-3364
-2161
-73
1614
1787
368
-1063
-405
1067
2265
3535
4451
4632
3240
1038
80
807
2103
2774
2260
1003
-456
-1975
-2564
-1848
-935
-768
-1956
-3546
-4225
-4279
-3825
-3414
-3142
-2857
-3221
-4144
-4646
-4085
-3195
-2328
-2645
-3112
-3829
-4270
-5188
-5415
-6435
-953
16487
26802
15684
-10861
-22525
-3714
23413
29555
14424
346
-2023
-2557
-4377
563
12434
14137
2787
-8977
-9224
-2148
-1136
-5236
-6221
-2791
190
-2499
-7315
-9946
-9727
-7109
-1783
2904
3219
-164
-5169
-7517
-4889
1717
9160
10907
6318
858
-1246
986
4372
6587
8234
8700
5986
1564
-889
-174
1658
1996
1756
1754
323
-2206
-4959
-5092
-2593
-818
-734
-1942
-3324
-3971
-4075
-3644
-2054
317
1718
1471
-100
-680
292
1572
3003
3992
4500
4183
2588
1099
1106
2149
2759
2387
1312
351
-663
-1579
-1776
-1739
-1577
-1879
-2864
-3707
-4236
-4446
-4124
-3578
-3113
-3475
-4396
-4862
-4441
-3376
-2602
-2658
-3404
-4466
-4815
-5367
-5088
-6067
1113
18919
26529
12126
-14055
-21173
853
25661
27121
11417
1449
686
-2084
-6692
-644
13549
15101
2541
-9563
-8816
-2028
-2641
-6986
-6056
-600
1537
-3194
-9087
-11208
-9589
-6231
-833
2990
2596
-558
-5202
-7399
-4820
1954
9635
11019
6107
731
-797
1484
4247
6085
8292
9399
6189
925
-1495
54
2414
2219
1434
1554
444
-2145
-5287
-5633
-2347
182
-219
-2671
-4265
-4157
-3676
-3212
-1797
536
1844
1177
-577
-966
530
1879
2863
3741
4551
4390
2480
768
733
1979
3101
2788
1577
369
-817
-1794
-1963
-1415
-1053
-1689
-3050
-3975
-4107
-3897
-3718
-3667
-3507
-3428
-3846
-4130
-4116
-3314
-2293
-2699
-4416
-5218
-5159
-4326
-4849
-5382
8337
24938
23359
-230
-21989
-13577
14770
29935
19995
4705
857
923
-4258
-6198
6075
16856
10853
-4029
-11434
-5613
-709
-4091
-7033
-4231
752
240
-5925
-10830
-10744
-7811
-3536
1177
2521
1319
-2314
-6570
-6997
-2580
5990
11745
9327
3157
-908
-209
2602
4981
7357
9821
8802
3428
-1284
-1663
1285
3013
2173
1934
1421
-555
-3648
-6000
-4441
-800
1226
-95
-3221
-5093
-4756
-3698
-2376
-218
1632
1996
401
-1461
-882
1040
2596
3421
3933
4412
3642
1734
408
752
2019
2947
2531
1148
-180
-1618
-2297
-1966
-1233
-870
-1943
-3591
-4607
-4830
-4261
-3532
-3198
-3235
-3733
-4084
-4723
-4846
-4404
-3100
-2142
-2970
-5773
-7430
-8016
-4533
12079
26870
21801
-3642
-23420
-12340
16614
30821
20160
4789
63
-640
-5162
-4692
8340
17258
9765
-5310
-11214
-4785
-701
-4344
-7232
-3946
1182
101
-6317
-11252
-11098
-8232
-3602
1249
2755
1383
-2862
-7370
-7701
-2581
6534
11691
8781
2684
-917
-110
2613
5055
7691
10035
8456
2874
-1248
-1153
1939
2994
1874
1703
1270
-663
-3542
-5653
-4514
-1063
692
-460
-3086
-4872
-4757
-4204
-2707
-256
1591
1789
122
-1598
-907
1157
2566
3373
3907
4097
3212
1362
467
997
2011
2697
2107
783
-99
-1234
-2289
-2518
-1837
-1280
-1803
-3132
-4348
-5015
-4652
-3854
-3568
-3773
-3949
-4661
-4442
-3840
-3204
-3799
-5242
-6496
-6022
-5537
-4864
7978
23122
22342
517
-21066
-14507
12861
29852
22116
6554
543
-595
-4682
-5276
7270
18007
12108
-3459
-12115
-6875
-875
-2388
-5119
-3777
-100
-932
-6153
-10601
-10501
-7831
-3910
368
1639
698
-2214
-6497
-7809
-4126
4893
11571
9653
3091
-1308
-752
2290
4975
7445
9873
9070
3865
-838
-1468
1598
3573
2674
2060
1293
-553
-2975
-4458
-3031
-943
-788
-2495
-3719
-3326
-2629
-3366
-4179
-2550
254
1627
667
-1055
-783
502
1748
2752
3758
4468
3431
1221
303
1405
2737
2589
1482
522
196
-509
-1407
-1873
-1933
-2059
-2939
-3732
-3877
-3721
-3933
-4460
-5056
-5150
-4710
-3923
-3699
-3766
-5253
-6508
-7459
-6289
-6959
-3534
12911
25735
18206
-8033
-23792
-8272
20255
30813
18476
4988
676
-2246
-7404
-3149
13677
20883
9247
-7823
-12862
-5192
-809
-2908
-4228
-1842
188
-3078
-8689
-11588
-9927
-6640
-2479
803
671
-881
-4194
-7541
-7328
-2086
7388
11873
7596
738
-2041
178
3407
6080
8922
10942
8054
1405
-2348
-735
3735
4972
3097
1728
424
-1466
-3966
-4025
-1478
-104
-1458
-3944
-4274
-3116
-2445
-3883
-4588
-2175
555
1450
-102
-1266
-517
490
1630
2794
4314
4758
2935
449
-138
1733
3223
2992
1678
480
-227
-1333
-1869
-1789
-1540
-1780
-3050
-4065
-4350
-4104
-4305
-4834
-4912
-4741
-4228
-4428
-4770
-5660
-6076
-6911
-6654
-8713
-3263
14567
26276
16030
-10372
-22489
-5654
20046
27762
17200
7309
2799
-2951
-9281
-2787
14784
20336
8802
-6717
-10554
-4720
-2067
-3317
-3594
-971
240
-3131
-8581
-11506
-9983
-6987
-2805
59
377
-533
-4155
-8076
-8430
-2384
7549
11458
7288
1202
-1273
-322
2092
5614
9720
11708
7809
1212
-1980
-305
3578
4461
3496
2584
846
-1684
-3856
-3329
-1445
-1167
-2606
-3541
-2846
-2248
-3176
-5381
-5322
-2125
989
1909
245
-1352
-1648
-853
1121
3432
5140
4839
2533
-5
-249
1614
3046
3073
2082
961
-4
-1200
-1959
-2210
-2034
-1883
-2339
-3141
-4059
-4549
-5056
-5239
-5206
-4407
-3928
-3824
-5105
-6693
-8038
-7299
-7633
-5920
8096
22890
20734
-2594
-22499
-13628
13904
29606
21812
7830
1924
-941
-6257
-5154
9824
20770
14034
-2934
-11865
-6860
-1009
-1389
-3361
-2367
145
-1316
-6608
-11445
-11096
-7551
-3218
-337
-207
-732
-3108
-7152
-8981
-5219
4482
10795
8291
1631
-1662
-381
2111
4544
7672
10689
9285
3617
-662
-766
2775
4727
3747
2593
1480
-50
-2599
-3792
-1945
-14
-870
-3634
-4637
-3440
-2331
-3515
-4933
-3564
-565
1019
-180
-1570
-923
106
640
1492
3161
4390
3511
1183
24
1258
2837
2609
1172
502
671
-48
-1244
-2065
-2168
-2179
-2724
-3024
-3124
-3461
-4607
-5765
-5902
-4617
-3609
-3689
-5314
-6753
-8190
-8010
-8922
-5808
9394
23081
18798
-5184
-23251
-12248
14719
28497
20239
7468
2082
-1091
-6606
-4524
10810
20651
13306
-3588
-11372
-5619
-237
-1277
-3614
-2443
278
-1391
-6843
-11109
-10169
-6996
-3672
-1648
-926
-417
-2636
-6961
-9097
-5373
3971
9873
7773
1981
-1137
-627
1303
4088
8132
11228
9301
3296
-1110
-929
3009
5244
4572
3016
1272
-582
-2851
-3606
-1397
858
-44
-3221
-5028
-4154
-2563
-3093
-3945
-2853
-626
387
-1070
-2342
-1375
286
1406
2048
2994
3582
2750
850
61
1336
2983
3288
1853
550
53
-648
-1417
-1829
-1532
-1358
-1853
-2955
-3858
-4442
-4660
-4602
-4355
-3838
-3845
-4954
-6713
-7639
-7616
-6410
-7867
-2662
12354
22327
12999
-10936
-21397
-4637
19771
26675
15860
5418
1452
-2575
-7448
-911
14800
20379
9026
-7123
-11008
-4042
281
-1020
-3030
-1613
-124
-2690
-8112
-10796
-8785
-5471
-2928
-2123
-1272
-379
-2984
-7489
-9077
-3496
5728
9571
6051
993
-849
-356
1139
4145
8826
11358
7788
1756
-1571
81
3905
5084
4029
2558
1010
-1069
-2882
-2658
-207
1134
-951
-3697
-4631
-3316
-2291
-3258
-3681
-2296
-384
-98
-1386
-1929
-949
124
799
1944
3154
3518
2061
66
11
1538
3051
2853
1134
59
-352
-792
-1233
-1309
-1125
-1467
-2427
-3231
-3330
-3453
-3808
-4668
-5086
-4666
-4124
-4575
-5636
-7279
-7967
-9429
-7857
5304
20254
20390
158
-19843
-15785
7394
24479
22117
11404
3846
-1223
-7066
-6133
7593
19456
15936
732
-9918
-7685
-1796
-31
-1525
-1902
-589
-1136
-4931
-9311
-9679
-7077
-4222
-2816
-2078
-444
-957
-4974
-8931
-7612
364
7712
8148
3757
228
-825
-530
1540
6091
10722
10240
4925
-231
-1383
1774
4492
4601
3284
1954
590
-989
-2086
-1531
-231
-814
-2452
-3289
-2571
-1773
-3035
-4573
-4165
-1764
332
94
-1246
-1712
-1063
-205
1000
2592
3517
2862
861
-335
289
1848
2669
1826
576
-215
-752
-1155
-1446
-1461
-1705
-2078
-2148
-2144
-2878
-3985
-4974
-5084
-4580
-3937
-3817
-4521
-6106
-7946
-9522
-9396
882
16115
21144
6641
-14445
-17614
39
18985
22131
14159
6633
1001
-5373
-7662
2475
16012
17682
5770
-6816
-8225
-3190
-259
-1015
-2052
-944
-446
-3182
-7749
-9500
-7565
-4794
-3421
-3002
-1189
-259
-3113
-7759
-8872
-2879
5000
7855
4879
991
-804
-1174
67
3807
8915
10583
6775
1170
-1615
152
3379
4806
4118
2497
1287
347
-951
-1681
-1510
-1301
-1283
-1315
-1389
-1977
-3435
-4787
-4492
-2261
245
1027
-443
-2074
-2531
-1533
372
2341
3525
2949
1056
-621
-846
377
1788
2168
1387
189
-864
-1590
-1883
-1909
-1516
-965
-847
-1662
-3360
-4774
-5110
-4505
-3894
-3440
-3609
-4693
-6971
-8521
-9793
-6566
5114
17230
16843
-24
-15786
-12797
5089
18978
18789
11718
5193
-618
-6113
-4869
6043
15665
13954
2728
-5933
-5894
-2299
-311
-924
-1359
-729
-728
-3196
-7137
-8734
-6884
-3886
-2750
-2606
-1347
-972
-3589
-7463
-7395
-1422
5035
6528
3503
373
-753
-615
658
3964
8004
8852
5521
1028
-840
874
3391
4300
3422
2124
1513
1066
156
-1022
-1807
-1896
-1362
-611
-423
-1510
-3638
-5115
-4553
-2025
732
1567
120
-2001
-2969
-2022
313
2641
3677
2759
601
-1032
-1246
-207
1147
1744
1351
247
-943
-1924
-2616
-2643
-1622
-342
-333
-1895
-4167
-5396
-4991
-3875
-3240
-3842
-4925
-6246
-7421
-9252
-6688
4174
15674
14905
-952
-14890
-11146
5605
17652
16666
9986
4522
-319
-5127
-3887
5694
14295
13059
3172
-4924
-5455
-2062
239
-301
-1165
-768
-270
-2404
-6518
-8644
-7049
-3609
-2093
-1882
-1283
-1513
-3954
-7301
-6843
-1322
4517
5871
2943
-266
-1546
-901
1008
3990
6779
7329
5102
1655
-221
530
2854
4252
3465
1878
1096
1283
649
-773
-2231
-2096
-319
1108
658
-1871
-4405
-5199
-3865
-1223
1130
1695
204
-2117
-3319
-2310
290
2663
3358
2257
584
-667
-1057
-508
479
1325
1313
397
-816
-1728
-2228
-2401
-1764
-666
-328
-1580
-3544
-4638
-4573
-3869
-3504
-3786
-4493
-5600
-7220
-8621
-4492
6166
14810
10816
-4035
-13457
-7124
7774
16328
13952
7704
2841
-1074
-3813
-1168
6642
12384
10101
1916
-4135
-4361
-1249
558
-253
-1387
-836
139
-1668
-5706
-8195
-6542
-3100
-1387
-1219
-1319
-1974
-4334
-6875
-5888
-837
4299
5333
2393
-1031
-2200
-740
1850
4651
6248
5846
3757
1078
7
1089
3371
4378
3167
1346
696
1180
1166
237
-1241
-1448
-321
539
-3
-1857
-3232
-3573
-2777
-1218
133
577
-260
-1554
-2299
-1465
508
2208
2528
1370
146
-338
-25
308
403
513
382
-194
-1189
-1788
-1869
-1537
-1158
-1092
-1499
-2561
-3477
-3870
-3834
-3526
-3462
-3903
-4958
-6173
-7600
-6870
-284
9441
13350
5026
-8179
-11826
-1850
11316
15749
11488
4878
227
-2514
-2518
2070
8338
10983
6994
-145
-4371
-3408
65
1370
-104
-1653
-1183
-171
-1964
-5729
-7450
-5354
-2063
-712
-1235
-2038
-2975
-4656
-5762
-3942
372
4107
4293
1233
-1890
-2408
-3
3165
5016
5059
4091
2619
1062
437
1198
3008
3847
3003
1438
550
628
763
409
-232
-286
-127
-257
-1341
-2616
-3037
-2588
-1501
-606
-310
-796
-1578
-2048
-1585
-212
1261
2183
1780
379
-845
-1080
-228
739
1064
696
-14
-831
-1703
-2230
-1910
-717
142
-298
-1917
-3536
-4038
-3763
-3143
-2777
-2919
-3912
-5402
-6949
-7519
-3714
4626
11780
9299
-2292
-11087
-7434
5044
14055
13570
7328
1448
-1607
-2073
591
5328
9206
8758
3852
-1781
-4050
-1973
1085
1688
-99
-1346
-715
-582
-2935
-6208
-6670
-3769
-509
397
-1051
-3018
-4579
-5201
-4304
-1608
1898
3973
2987
-378
-3089
-2403
1224
4739
5615
4173
2226
1077
790
1057
1931
2887
3269
2479
1219
459
530
838
737
19
-682
-738
-515
-920
-2003
-2862
-2777
-1755
-779
-573
-1025
-1780
-1873
-1367
-378
756
1476
1375
373
-639
-1018
-523
391
852
519
-331
-962
-1263
-1413
-1376
-977
-585
-762
-1564
-2644
-3372
-3390
-3156
-3126
-3568
-4333
-5002
-6051
-5094
-345
6586
9109
3120
-6114
-8899
-1631
8351
12786
9592
3264
-1169
-2182
-15
3348
6358
7490
5673
1560
-2375
-3152
-976
1695
1749
-182
-1260
-1089
-1381
-3555
-5556
-5107
-2402
180
508
-1383
-3828
-4926
-4281
-2314
7
1919
2764
1539
-1081
-2890
-1842
1519
4337
4797
3048
1019
-37
385
1569
2373
2612
2313
1986
1428
1038
1123
1257
669
-801
-1607
-988
117
32
-1719
-3535
-3752
-2063
-180
199
-932
-2035
-1964
-1131
-220
486
963
886
202
-620
-822
-218
432
498
66
-412
-479
-384
-476
-764
-1070
-1202
-1210
-1282
-1597
-2141
-2846
-3318
-3480
-3715
-3918
-4480
-4652
-2686
1636
5689
4865
-434
-5470
-4990
854
6911
9001
6367
1940
-1229
-1481
592
3046
5098
5583
4186
1170
-1634
-2192
-806
884
1279
494
-543
-1239
-2122
-3192
-3899
-3673
-2043
-340
41
-1418
-3630
-4580
-3559
-1566
4
874
974
385
-863
-1904
-1320
598
2747
3431
2537
1064
167
454
1340
2093
2222
2209
2257
2232
2317
2012
1294
4
-744
-209
995
1582
321
-1852
-3506
-3201
-1404
287
425
-956
-2118
-2381
-1511
-487
22
7
-316
-554
-850
-899
-733
-353
-207
-280
-342
-382
-276
-382
-602
-868
-1226
-1253
-1223
-1316
-1763
-2337
-2887
-3331
-3610
-3630
-3669
-2972
-933
1811
3164
1392
-1865
-3705
-2110
1648
4734
5124
2986
453
-933
-475
994
2429
3240
3260
2586
1289
-97
-724
-129
1075
1821
1457
360
-591
-1232
-1695
-2063
-1964
-1359
-731
-816
-2050
-3500
-4078
-3176
-1479
-149
71
-420
-912
-1054
-770
-124
715
1631
2195
1908
1206
883
1223
1822
2063
2076
2413
2919
3275
2814
1671
91
-894
-722
516
1600
1327
-415
-2538
-3463
-2681
-852
331
114
-983
-2067
-2529
-2182
-1351
-599
-376
-692
-1190
-1622
-1739
-1520
-1085
-651
-385
-301
-473
-688
-835
-843
-825
-729
-647
-707
-1061
-1543
-1984
-2153
-2134
-2071
-2143
-2214
-1495
146
1882
1975
495
-1270
-1741
-190
2149
3580
3135
1568
10
-264
656
1614
2142
2054
1829
1415
916
335
-141
-72
456
971
800
-33
-928
-1397
-1347
-1312
-1249
-1116
-855
-875
-1514
-2281
-2557
-2098
-1143
-319
-261
-646
-1099
-1114
-707
-192
287
575
616
448
293
348
624
724
799
872
1288
1877
2188
2070
1282
108
-783
-722
311
1539
1623
105
-2038
-3122
-2374
-634
474
264
-629
-1385
-1539
-1242
-826
-435
-75
188
185
-73
-621
-991
-815
-154
529
816
522
-57
-478
-441
-351
-355
-334
-233
-254
-710
-1396
-2019
-2054
-1287
-594
-704
-1124
-1114
-358
400
456
-95
-630
-470
288
1196
1472
1020
150
-236
120
830
1300
1160
883
670
590
421
149
124
544
963
862
154
-583
-787
-443
-89
-18
-258
-649
-851
-915
-957
-1001
-891
-741
-547
-467
-482
-627
-756
-672
-428
-58
269
330
131
-133
-71
351
665
569
274
258
573
912
1214
1322
1088
439
-371
-712
-207
752
1278
802
-511
-1670
-1768
-887
260
774
501
-207
-682
-685
-452
-234
-153
-332
-503
-559
-658
-838
-1208
-1353
-1147
-620
-41
251
22
-478
-828
-876
-476
183
615
388
-281
-925
-1161
-854
-292
188
291
-71
-656
-850
-608
21
502
399
-60
-429
-324
346
1012
1004
512
26
89
500
856
878
412
-231
-387
-65
446
551
63
-637
-952
-751
-249
157
76
-124
-442
-676
-728
-595
-341
-109
-68
-74
-156
-350
-428
-359
-172
69
135
78
-33
-55
39
136
213
140
46
76
223
337
367
361
405
426
309
88
-165
-154
-94
68
248
283
35
-396
-540
-385
-26
197
254
133
-85
-257
-348
-365
-313
-169
80
185
100
-239
-517
-450
-159
61
94
57
-148
-275
-405
-274
-67
-7
-37
-158
-124
-52
-19
-163
-163
-56
82
180
127
101
1
-16
54
166
306
430
345
154
22
-86
-42
0
147
130
-90
-294
-448
-317
-178
-77
-56
-78
-205
-259
-222
-19
218
204
-8
-272
-300
-30
171
181
108
31
-38
-170
-215
-172
-86
-55
-7
12
-17
-72
-91
-79
-53
23
102
153
199
146
-61
-263
-242
-95
19
17
-65
-257
-481
-592
-512
-246
95
261
-16
-303
-339
-100
214
244
265
237
175
83
-89
-77
106
202
158
-16
-45
96
142
29
-183
-165
-94
13
-4
-78
-94
-150
-217
-341
-276
-2
164
116
-75
-129
-62
86
170
209
211
115
-33
-81
-30
145
227
159
65
-53
-32
68
155
134
23
-110
-53
56
115
22
-110
-166
-206
-150
-46
35
70
14
-96
-167
-139
17
180
229
192
79
51
93
82
130
110
83
180
200
260
313
239
126
-69
-62
201
381
392
256
75
-55
-34
1
86
227
185
101
-83
-156
-102
50
157
160
164
85
-44
-73
-30
68
147
235
305
253
86
-46
-44
106
246
170
55
83
169
94
-101
-197
-134
4
94
58
14
-37
-66
-184
-195
85
257
226
134
14
67
69
100
148
278
382
299
102
27
141
303
336
186
48
36
131
77
-58
-82
39
93
102
-33
-75
-111
-162
-252
-209
-59
73
90
-93
-245
-189
-55
12
21
-8
95
155
133
10
-35
20
62
137
182
210
265
191
95
40
61
60
127
267
323
154
-81
-194
-155
94
210
180
109
42
-43
-95
-61
-26
140
163
67
-115
-124
19
157
194
243
254
134
51
17
37
79
175
186
152
120
103
86
50
-55
-79
-73
-7
16
-3
-86
-115
6
-78
-125
-83
-33
64
100
70
10
6
23
29
41
194
323
292
122
104
151
258
306
232
265
226
218
6
-49
130
265
348
156
-74
-147
-103
-71
-33
82
198
150
-40
-209
-238
-83
79
136
184
139
52
12
-32
34
133
195
181
167
185
169
159
94
77
131
229
298
212
177
95
63
20
99
212
260
236
115
13
15
73
8
-14
70
105
39
-12
-7
70
118
114
118
141
179
79
89
148
214
243
217
242
203
210
182
210
167
120
79
128
180
152
106
73
59
27
-44
-4
71
203
318
242
245
114
5
53
157
314
419
410
305
210
227
277
318
367
345
246
151
78
106
232
317
322
192
120
2
43
68
57
179
232
199
28
-87
-111
40
192
261
211
163
204
162
145
146
183
193
193
218
258
216
153
112
147
222
340
434
328
252
162
160
232
284
320
308
222
156
39
-12
100
204
189
164
96
20
40
79
108
164
230
201
198
151
106
71
92
125
316
351
281
227
184
292
310
320
286
229
109
93
65
97
208
199
95
-17
-22
-4
94
181
158
86
35
48
78
101
227
311
231
150
106
149
259
314
298
256
240
98
22
117
237
336
286
162
59
11
-46
-31
81
189
224
83
-6
-55
-16
3
82
104
61
62
100
90
58
71
-29
47
50
60
164
200
92
19
29
106
291
314
220
120
116
147
243
286
252
246
168
137
117
85
163
163
94
76
-38
-37
71
87
124
106
62
52
-3
32
65
118
140
135
163
123
96
72
103
166
200
108
175
137
83
45
-17
97
161
178
109
-20
-41
-26
-47
28
66
71
69
3
34
57
77
90
105
150
227
219
187
158
161
181
174
157
137
171
219
223
172
123
43
54
101
69
134
200
149
32
-47
-34
-52
46
73
29
29
-36
14
89
65
50
65
106
115
33
71
77
160
180
116
145
161
238
211
112
149
188
206
117
-21
40
158
136
126
71
88
124
44
-33
-56
35
77
53
27
69
29
-62
-111
-113
34
168
156
114
100
142
188
137
93
170
213
174
108
115
103
145
144
99
141
135
76
47
75
57
51
32
-62
-89
-36
48
95
97
77
40
5
47
77
177
261
213
139
51
68
98
119
168
243
185
78
7
-3
51
136
173
99
50
-20
-31
-74
-66
64
180
91
-36
-89
-85
65
53
51
142
159
95
12
-52
-54
39
80
105
146
225
207
149
80
92
178
240
339
264
183
125
53
141
178
126
134
175
98
3
-32
-15
56
168
161
132
13
-19
2
11
18
107
151
151
122
48
53
122
148
132
129
142
203
136
191
187
199
201
114
67
89
84
89
152
122
28
25
45
47
139
196
174
77
-23
-36
87
189
141
94
62
77
51
31
85
125
219
209
137
86
105
150
145
204
239
227
106
28
-47
-6
56
122
151
56
52
-2
-10
5
78
111
88
49
58
65
20
83
132
194
111
57
49
87
143
101
174
170
192
198
130
140
133
111
107
141
120
164
187
73
0
-2
10
91
83
91
65
87
119
46
51
30
49
42
-15
100
142
96
4
-78
-2
53
76
104
116
106
100
63
45
74
80
85
106
114
114
49
-14
48
74
98
94
120
76
48
24
1
91
142
205
167
69
9
-64
-67
39
69
152
115
108
46
-37
18
-13
118
156
78
-6
-39
-52
-59
43
104
144
103
70
12
86
158
109
105
75
63
-1
12
14
22
142
143
40
34
31
82
167
158
151
106
64
24
63
103
106
124
102
47
62
81
103
124
133
121
80
114
79
8
-19
100
134
158
110
61
88
54
41
110
171
207
236
106
-8
-17
-18
17
86
32
120
148
84
-46
2
84
151
195
38
-4
-23
-26
-8
54
166
220
152
-55
-78
60
170
229
163
165
93
37
-27
-53
131
196
130
37
18
-51
-22
-21
7
86
68
-17
-105
-120
-61
19
59
57
28
56
35
33
88
165
173
62
-29
-7
-41
18
97
72
107
69
9
-63
26
81
196
165
56
55
115
127
110
93
59
90
32
-19
3
77
55
-19
-67
-56
-31
15
56
89
85
89
79
90
156
120
110
75
-33
-51
-56
79
166
102
37
-25
-2
61
34
4
103
47
18
39
4
-2
19
-10
-49
-113
-48
34
39
93
59
32
47
0
-38
-8
107
137
162
109
88
66
31
12
53
80
83
39
-59
-44
-10
18
-13
36
-21
-13
-51
-135
-84
23
50
14
39
29
0
-87
-111
-46
0
62
-13
-122
-73
-41
28
119
62
24
-14
-44
-73
-41
112
146
13
-62
-30
57
-7
-11
-73
-52
-18
-70
-122
-80
21
-31
-25
-63
-23
-15
-11
36
69
64
82
115
77
118
75
5
48
13
32
90
75
54
12
7
78
62
71
50
17
37
-2
-14
-33
-14
15
-14
-10
-48
-44
-50
-27
15
20
-34
-64
-90
-43
28
119
128
100
-1
-124
-27
23
15
38
34
-42
-80
-113
-48
-7
-20
1
-51
-89
-106
-124
-100
-111
-10
-27
-103
-120
-113
-112
-110
-140
-66
-3
40
17
7
-7
-7
9
-32
-20
20
35
3
-51
21
165
105
58
-13
-41
-2
2
-15
-72
-52
-53
-52
-54
-63
-31
31
-11
-91
-99
-24
-5
-41
-84
-23
8
-48
-64
-114
-103
-65
-50
-30
-23
-48
-63
-81
-16
20
-32
-31
-70
-86
-5
-18
-85
-75
-61
-139
-216
-189
-148
-137
-72
-44
-143
-145
-84
-19
-14
-7
6
61
102
45
-30
-71
-74
-78
-51
0
51
50
3
-49
-106
-90
-44
7
-14
-69
-126
-90
-58
-84
-38
-21
-42
-199
-213
-157
-68
-15
-28
-73
-91
-64
-45
-70
14
41
-54
-85
-93
-82
20
41
5
-37
-135
-91
-94
-82
-84
-51
-59
-162
-148
-147
-111
-143
-206
-190
-154
-155
-179
-229
-163
-108
-89
-71
-64
-102
-80
-61
-128
-139
-163
-123
-88
-54
-57
-74
-38
-54
-78
-87
-45
-38
-128
-143
-143
-132
-85
-102
-153
-191
-196
-226
-233
-131
-103
-70
-7
-122
-190
-167
-56
-75
-160
-160
-115
-84
-117
-128
-139
-141
-38
-33
-119
-121
-145
-184
-221
-185
-75
-16
4
-101
-184
-142
-103
-60
-62
-52
-117
-164
-235
-222
-150
-109
-101
-130
-197
-199
-133
-127
-51
-67
-82
-163
-233
-145
-125
-75
-29
-34
-67
-108
-95
-110
-65
-34
-33
-107
-151
-176
-137
-120
-185
-199
-223
-211
-212
-205
-241
-224
-215
-157
-128
-145
-160
-184
-187
-197
-130
-109
-67
-100
-87
-120
-120
-116
-183
-106
-157
-137
-156
-196
-129
-134
-139
-99
-51
-148
-245
-181
-237
-180
-191
-215
-121
-170
-213
-242
-253
-202
-139
-119
-80
-18
-39
-134
-142
-98
-126
443
2152
3383
2451
-451
-2811
-2587
-279
1779
1734
992
907
640
-348
-1805
-2304
-1015
1038
1863
817
-928
-2287
-2568
-1909
-1144
-515
297
1064
1414
887
-180
-1148
-1152
-203
987
1657
1469
878
223
-253
-602
-713
-302
427
962
755
-142
-944
-1260
-994
-266
89
-52
-486
-613
-481
-568
-965
-1529
-1200
-115
582
316
-355
-468
-191
-249
-389
-80
299
687
930
603
-250
-761
-355
6
-11
-188
126
446
312
-181
-823
-951
-639
-158
-81
-227
-376
-495
-697
-842
-748
-547
-378
-175
-40
0
-73
-176
-214
-242
-36
275
361
205
112
-116
-299
-328
-116
84
93
-27
-236
-423
-559
-548
-513
-379
-79
11
-110
-346
-544
-657
-659
-521
-336
-191
-176
-271
-431
-616
-726
-664
-477
-254
-111
-36
-145
-328
-389
-388
-284
-139
-10
94
104
-104
-190
-277
-359
-171
-55
20
60
72
27
-6
-25
-35
-66
-56
27
42
36
-36
-123
-209
-290
-334
-242
-231
-292
-337
-514
-683
-723
-813
-891
-976
-1026
-655
-30
529
570
198
-452
-1117
-1634
-1991
-1934
-1559
-1187
-1038
-902
-725
-539
-456
-567
-763
-926
-1059
-1256
-1232
-1063
-953
-974
-1100
-1248
-1096
-641
34
602
1189
1617
1722
1706
1383
983
492
90
-353
-645
-883
-1116
-1275
-1334
-1340
-1259
-1262
-1236
-1050
-815
-574
-465
-395
-280
-155
-311
-358
-372
-289
-146
-8
128
124
96
83
49
10
-53
78
228
274
356
324
300
302
226
228
251
191
201
210
207
205
118
127
138
107
82
107
120
130
116
29
-104
-167
-139
-53
-55
-68
-81
-57
89
79
61
42
-4
-22
27
28
-5
-9
-14
11
37
52
75
86
53
68
59
83
162
266
240
142
123
114
124
116
49
-15
-13
131
200
221
187
7
24
49
108
135
28
133
119
56
16
17
-10
11
104
154
255
196
92
-18
-52
-11
89
238
270
178
14
-100
-93
-37
60
92
145
159
87
-8
-185
-104
-77
1
61
25
88
39
6
22
42
28
6
61
123
188
228
158
88
58
103
84
42
43
73
73
67
16
18
-1
-27
-44
-70
-33
17
68
-4
5
-56
-37
-4
31
92
-30
-60
-16
48
64
61
50
22
33
4
-74
-26
-33
19
49
64
25
-40
-93
-62
-56
-43
-48
-58
32
25
-12
-55
-152
-157
-81
-53
27
88
154
114
99
17
-86
-94
-90
-47
-82
-62
15
17
2
-25
-90
-136
-111
-76
-20
21
51
-60
-234
-310
-293
-170
-113
-26
2
-64
-90
-164
-202
-176
-107
66
-28
-47
-109
-157
-89
-33
-66
-87
-21
-94
-63
-40
-39
-60
-28
2
-28
-5
-54
-101
-157
-127
-75
-129
-137
-176
-124
17
25
17
-31
-135
-142
-144
-93
-3
40
15
-30
-52
-154
-185
-175
-119
0
20
52
-6
-111
-190
-164
-150
-86
-81
-49
2
-75
-117
-215
-231
-220
-184
-88
-67
-81
-109
-152
-270
-351
-309
-314
-280
-202
-150
-137
-189
-265
-223
-186
-106
-23
-38
-20
-20
-98
-171
-158
-71
-43
-90
-145
-153
-110
-65
-82
-44
-49
-84
-121
-148
-147
-245
-238
-278
-290
-272
-244
-173
-157
-170
-185
-184
-154
-120
-37
28
-38
-71
-128
-236
-299
-348
-269
-144
-145
-150
-154
-200
-272
-313
-275
-283
-207
-146
-138
-56
-83
-231
-377
-363
-280
-198
-175
-153
-107
-147
-172
-236
-271
-241
-125
-100
-87
-131
-269
-282
-237
-182
-161
-202
-260
-216
-245
-177
-147
-95
-107
-85
-59
-99
-61
-113
-137
-216
-190
-201
-222
-186
-179
-184
-202
-214
-175
-297
-338
-264
-246
-169
-128
-100
-154
-198
-217
-186
-151
-138
-122
-188
-163
-142
-135
-99
-121
-183
-241
-222
-189
-173
-165
-190
-232
-206
-127
-144
-149
-140
-166
-239
-285
-210
-143
-68
-92
-130
-191
-245
-216
-174
-121
-219
-179
-175
-117
-119
-162
-133
-159
-120
-107
-83
-105
-146
-168
-236
-240
-208
-233
-214
-245
-267
-255
-252
-187
-167
-206
-180
-253
-292
-287
-239
-199
-236
-204
-162
-141
-128
-154
-210
-231
-186
-125
-222
-230
-210
-148
-88
-152
-199
-228
-202
-282
-247
-160
-135
-75
-116
-97
-189
-186
-204
-238
-219
-199
-179
-162
-147
-165
-190
-263
-236
-197
-136
-122
-127
-146
-145
-169
-165
-113
-66
-123
-217
-195
-195
-151
-118
-87
-152
-131
-180
-196
-154
-166
-110
-129
-146
-245
-257
-209
-161
-174
-223
-238
-202
-166
-140
-154
-215
-168
-126
-111
-89
-114
-133
-217
-238
-207
-155
-212
-282
-253
-224
-151
-91
-93
-180
-165
-69
-112
-124
-149
-186
-190
-197
-186
-179
-224
-249
-164
-156
-94
-89
-118
-184
-178
-95
-144
-115
-81
-53
-89
-141
-215
-201
-156
-208
-206
-203
-260
-310
-233
-252
-219
-197
-243
-257
-272
-204
-204
-223
-254
-252
-219
-175
-166
-193
-246
-214
-192
-205
-194
-140
-157
-149
-149
-120
-156
-217
-245
-230
-226
-198
-162
-202
-196
-205
-276
-295
-326
-267
-193
-171
-187
-259
-305
-279
-262
-199
-173
-186
-154
-196
-170
-206
-124
-91
-124
-101
-130
-105
-108
-139
-148
-87
-63
-66
-59
-89
-151
-163
-174
-236
-191
-177
-179
-162
-188
-231
-173
-197
-151
-141
-128
-98
-138
-136
-158
-203
-219
-173
-179
-225
-220
-229
-214
-182
-181
-218
-238
-235
-255
-274
-268
-248
-183
-152
-144
-161
-176
-163
-258
-294
-308
-237
-293
-243
-203
-236
-194
-205
-181
-226
-204
-198
-189
-179
-171
-157
-139
-121
-151
-208
-213
-183
-203
-117
-85
-114
-140
-198
-140
-132
-155
-170
-170
-160
-189
-133
-94
-97
-119
-159
-137
-169
-186
-179
-166
-144
-121
-160
-156
-137
-216
-180
-204
-186
-159
-176
-174
-189
-185
-183
-194
-215
-196
-231
-147
-81
-129
-100
-178
-222
-173
-128
-142
-179
-195
-183
-177
-162
-132
-78
-78
-77
-66
-72
-63
-130
-149
-190
-190
-195
-176
-149
-114
-62
-42
-75
-155
-151
-204
-220
-146
-152
-132
-72
-138
-133
-163
-174
-132
-172
-133
-87
-87
-116
-182
-176
-198
-231
-227
-206
-214
-211
-199
-178
-175
-222
-216
-171
-151
-209
-131
-179
-184
-177
-205
-153
-164
-162
-114
-115
-203
-242
-225
-222
-196
-152
-208
-244
-241
-201
-257
-304
-363
-381
-295
-210
-170
-138
-104
-137
-175
-116
-101
-115
-158
-113
-78
-91
-159
-207
-149
-196
-161
-129
-142
-147
-163
-196
-201
-208
-209
-192
-136
-107
-97
-131
-165
-116
-85
-105
-193
-204
-259
-194
-158
-200
-204
-232
-220
-121
-177
-243
-183
-180
-160
-147
-121
-174
-173
-133
-119
-152
-181
-184
-93
-174
-180
-147
-161
-122
-124
-147
-128
-129
-131
-134
-183
-199
-239
-247
-198
-176
-183
-102
-118
-140
-115
-91
-107
-160
-137
-103
-112
-136
-156
-155
-153
-153
-181
-247
-187
-155
-141
-209
-161
-163
-178
-136
-189
-180
-156
-157
-193
-221
-215
-169
-130
-117
-162
-170
-118
-133
-157
-146
-156
-108
-98
-93
-87
-93
-114
-176
-209
-212
-150
-157
-234
-125
-121
-195
-216
-201
-137
-144
-132
-139
-118
-121
-162
-148
-138
-153
-134
-118
-170
-199
-215
-167
-133
-105
-151
-201
-120
-62
-109
-155
-178
-178
-115
-136
-81
-97
-148
-127
-191
-166
-138
-190
-161
-163
-163
-173
-146
-104
-101
-70
-75
-127
-104
-101
-153
-164
-103
-102
-97
-84
-114
-58
-86
-103
-49
-73
-78
-84
-55
-79
-71
-97
-142
-110
-139
-132
-161
-164
-173
-171
-93
-70
-125
-176
-176
-176
-147
-211
-148
-94
-150
-191
-153
-109
-128
-116
-101
-72
-83
-58
-94
-134
-90
-68
-111
-142
-111
-120
-104
-106
-128
-98
-88
-97
-138
-135
-131
-154
-139
-156
-182
-176
-163
-89
-59
-61
-49
-108
-86
-104
-120
-73
-66
-29
-44
-52
-99
-101
-79
-63
-67
-93
-123
-41
-89
-181
-170
-169
-138
-111
-101
-90
-79
-90
-143
-147
-123
-140
-132
-96
-136
-157
-70
-70
-101
-142
-124
-146
-159
-152
-170
-121
-131
-98
-77
-51
-76
-113
-98
-148
-153
-124
-92
-119
-62
-75
-77
-146
-216
-174
-141
-116
-110
-135
-102
-121
-161
-171
-162
-126
-53
-31
-55
-63
-115
-70
-100
-75
-117
-84
-72
-118
-83
-38
-70
-90
-58
-90
-145
-126
-129
-150
-151
-200
-162
-107
-102
-65
-74
-87
-159
-162
-65
-30
-25
-71
-36
-60
-92
-75
-135
-85
-102
-18
13
-39
-28
-37
3
-65
-80
-106
-94
-103
-142
-94
-102
-67
-95
-132
-86
-77
-98
-30
-41
-86
-81
-119
-82
-64
-94
-18
-47
-49
-71
-78
-84
-58
-59
-70
-50
-40
-26
22
82
46
1
-48
-56
-37
-68
-91
-42
-64
-89
-92
-107
-134
-115
-55
-75
-142
-82
-106
-65
-35
-76
-62
-63
-33
-26
-71
-98
-60
-87
-120
-52
-74
-110
-44
42
13
-50
-27
-34
-3
-18
30
11
25
64
-16
-108
-100
-71
-61
-84
-72
-81
-94
-131
-135
-71
-112
-123
-74
-61
-54
-8
-6
-50
-36
-69
-89
-46
-41
-44
-51
-120
-62
-71
-56
-53
-45
-26
-55
-19
-65
-33
10
-15
10
19
-76
-68
-96
-108
-50
-55
-46
-15
-10
-6
17
-2
-15
-19
-3
8
17
52
54
14
8
-10
73
85
54
61
27
18
36
58
42
1
-5
4
-54
-28
-44
11
16
-73
-152
-72
43
25
34
91
53
5
31
34
38
52
42
15
23
23
12
63
59
58
22
50
125
69
49
-12
-40
14
33
31
61
41
49
25
19
13
6
63
32
7
15
-10
-21
-37
1
-17
15
-36
5
20
25
-10
4
40
22
59
24
60
74
15
-23
-9
29
-19
-67
-91
-96
-55
-66
-45
-50
-24
-24
-35
-17
-8
30
32
18
-3
39
26
63
72
42
3
-9
27
31
60
54
55
88
7
26
75
60
86
41
-17
44
69
46
-18
-5
9
0
48
37
-10
-27
45
10
28
-27
-48
43
35
10
39
-18
-12
37
-28
-21
-19
5
44
-1
24
8
-27
-59
-31
8
6
-9
-2
76
-4
0
-50
-81
-64
-6
10
-33
-54
-51
-58
-21
2
-28
-39
-56
-42
-20
23
61
79
73
31
14
55
19
-22
11
1
-21
-45
-75
-36
2
-40
-49
-78
-92
-60
-57
-28
-18
-58
-36
-24
-3
10
-29
7
4
-26
-36
-10
35
49
39
42
-4
-29
20
-7
-10
-33
-52
-70
-22
-5
61
12
-13
72
59
18
-42
-39
4
-35
-43
56
-7
-56
9
-55
-29
-17
-34
-24
-7
17
-21
-4
-6
21
52
21
26
35
78
76
-5
6
5
25
-34
8
9
39
84
-2
-8
28
-45
-66
-62
-46
-7
-55
-77
-36
28
-73
-4
6
-58
-31
-2
21
-37
-19
-4
6
-69
-41
-19
-43
-14
-43
-65
-26
32
12
13
-43
-26
-54
-86
-40
-47
-80
-49
-6
-87
-69
-80
-83
-11
-17
0
-23
-26
-49
7
6
37
-1
-22
-30
-19
17
-21
28
70
27
-19
30
33
8
-20
-64
-12
-10
-64
-22
-58
-43
-57
-44
-4
-67
-5
11
-54
-82
