108
122
127
180
150
137
146
158
175
165
140
81
58
97
90
124
97
127
171
101
166
200
116
183
146
171
156
127
122
105
96
89
141
115
151
105
131
191
115
128
126
176
175
204
161
146
169
122
100
86
68
134
120
103
69
95
139
131
131
93
171
149
191
181
197
180
126
173
152
177
145
137
103
89
146
56
47
99
74
101
106
152
167
185
198
142
116
105
137
130
98
78
88
104
134
115
122
157
152
133
150
207
204
145
156
124
46
79
76
78
108
121
62
62
139
198
172
155
174
118
148
151
83
101
120
150
203
238
199
193
173
142
170
125
81
85
142
130
149
154
201
202
173
173
115
120
111
54
122
142
153
178
212
252
150
136
181
202
133
115
138
73
83
108
169
182
185
198
162
183
148
149
168
207
232
158
169
115
75
100
92
77
58
95
141
123
96
125
118
101
136
139
119
120
173
142
112
92
27
48
30
45
94
70
95
116
102
206
153
149
151
86
127
96
135
104
179
158
144
166
121
126
142
162
158
145
154
141
108
134
141
155
90
105
81
59
126
79
92
141
147
128
141
125
171
169
139
115
143
131
117
129
78
77
22
66
102
77
46
60
126
125
120
163
136
188
173
89
44
57
84
94
79
79
103
111
109
97
59
101
135
141
180
150
140
118
187
162
127
135
88
111
137
87
116
162
133
135
157
121
115
97
113
77
55
105
111
107
99
133
125
108
141
102
96
116
142
145
141
149
139
176
176
167
138
162
110
78
93
113
108
97
109
91
160
150
159
133
111
127
103
111
147
146
130
167
115
69
64
92
83
68
134
183
136
141
144
123
101
113
100
110
165
146
179
185
146
144
146
174
132
69
99
145
146
93
89
82
100
173
146
134
137
109
124
106
139
97
80
86
110
90
66
19
20
72
66
69
57
108
130
113
120
107
74
73
57
67
95
105
110
99
115
105
68
68
94
67
42
76
72
79
125
136
127
173
187
152
110
89
124
139
164
175
115
81
111
122
137
168
121
88
132
156
105
110
142
133
118
113
158
139
129
173
152
108
163
170
82
69
111
123
150
138
169
87
98
116
100
64
68
117
65
102
64
89
68
28
6
16
83
64
92
136
133
147
195
153
104
107
115
70
100
95
87
55
31
31
79
104
131
138
114
51
75
117
106
120
100
116
71
84
92
92
86
104
86
115
108
104
97
141
71
56
66
9
37
16
19
30
68
67
54
121
99
87
77
51
8
15
15
75
83
59
79
20
84
99
59
114
133
87
64
82
62
78
104
62
37
114
87
75
143
93
123
128
120
95
27
60
62
76
73
74
36
3
31
23
6
16
-2
6
0
-73
-7
-18
25
-26
-17
27
64
84
0
66
17
14
66
88
75
100
21
30
76
85
96
69
70
119
172
101
69
47
45
145
116
63
58
80
93
100
127
104
89
60
89
82
38
38
73
93
68
49
62
115
50
42
105
90
80
51
71
92
65
59
70
63
94
134
174
141
110
71
90
123
195
129
94
90
43
17
25
24
18
54
41
71
17
4
36
59
39
-4
24
16
19
50
99
92
36
13
31
16
43
44
-7
67
109
56
19
12
31
7
-35
17
78
25
33
18
75
31
24
41
-11
6
20
25
5
-2
8
41
32
46
36
64
90
78
25
17
29
2
-23
-40
20
-45
-52
-18
-38
-30
-26
-13
-45
-2
23
36
90
27
50
98
77
80
6
33
66
69
93
62
46
39
74
79
83
78
-8
53
75
78
34
49
69
51
51
58
41
88
127
119
96
54
67
68
81
54
24
75
85
-14
29
75
78
55
43
53
7
2
1
-7
-33
-43
-5
51
12
4
19
15
51
30
23
-25
-36
22
4
-10
-40
-8
-19
-66
-30
-18
1
-14
4
40
9
61
57
8
6
43
39
18
5
0
55
64
91
44
-7
10
-34
-9
28
29
58
49
40
-39
-37
-10
-9
59
41
38
17
-3
18
60
7
-1
6
-54
-3
23
-13
-87
-59
-14
-47
-4
-13
-52
-69
-86
-63
-67
-23
-13
39
88
15
72
69
18
5
73
41
-28
12
9
-38
-47
53
-25
-25
-27
-15
-37
9
-17
-26
1
-38
-7
-26
10
1
-1
-15
-43
-33
-30
-24
-22
10
40
2
0
-3
-39
-113
-132
-75
-40
7
10
45
-10
-19
-55
-69
-91
-118
-53
-20
-8
-4
-54
-24
-28
-25
-12
-95
-40
7
36
10
-3
3
0
-39
-36
-32
-45
-6
54
35
22
-29
-37
24
-52
-19
57
19
17
41
24
-44
-84
-51
-34
22
39
47
60
48
39
87
43
36
88
45
12
-42
-2
0
35
18
-3
11
16
19
33
16
30
8
42
-17
-19
8
-46
11
-16
25
91
87
8
8
8
-24
-41
-17
7
25
29
45
50
20
74
39
2
31
12
77
55
83
103
37
-35
31
38
22
45
49
55
-9
28
75
91
62
72
19
29
25
2
12
-9
16
48
65
10
-28
-21
-13
6
-9
15
25
-35
15
33
48
44
4
-4
10
5
-18
23
12
13
41
47
43
93
35
-85
-39
2
1
52
13
9
24
79
133
79
73
79
64
23
49
7
23
70
72
87
73
95
78
63
65
58
47
81
39
-53
-50
22
67
50
31
14
38
43
41
22
69
92
40
40
41
75
141
73
9
53
53
25
25
41
42
50
33
19
10
-5
28
31
35
103
143
151
93
117
103
57
63
51
93
64
76
28
13
52
54
14
-15
-14
12
48
76
135
89
50
100
92
64
74
101
97
50
34
7
15
9
35
84
101
88
93
86
77
42
59
115
97
112
149
58
-19
63
55
46
11
-21
26
30
32
39
69
62
52
85
65
17
8
102
110
5
12
25
55
46
30
89
84
98
94
48
119
158
76
71
57
79
101
57
77
138
128
60
56
66
49
61
54
102
96
158
152
112
104
47
104
63
91
97
91
124
34
84
102
74
52
79
104
108
151
128
71
102
151
155
152
133
117
170
150
141
166
172
215
166
223
224
127
126
173
201
163
165
166
175
145
130
110
123
138
169
152
195
119
71
176
168
114
113
134
122
147
96
113
92
52
87
127
87
58
106
87
91
72
71
79
57
83
68
53
70
83
96
94
63
80
119
42
45
15
2
-12
-1
3
-75
-71
-16
-15
-19
-2
-17
-5
15
74
83
16
70
113
102
97
101
97
74
44
75
109
55
89
87
71
123
156
120
131
99
151
156
165
256
220
181
202
236
216
208
173
177
217
270
269
283
275
275
300
259
254
271
307
267
237
261
323
225
269
305
226
313
215
289
251
235
261
215
186
164
171
135
162
127
89
79
154
113
105
47
10
38
33
51
40
24
10
-18
-33
-39
-45
-31
-64
-27
-34
-80
-95
-56
-39
-34
-23
-4
-58
-88
-70
-139
-91
-20
-40
-98
-66
-26
-93
-120
-85
-106
-163
-158
-136
-143
-104
-102
-115
-159
-146
-71
-69
-2
-5
-32
-90
-89
-106
-82
-62
-86
-106
-91
-32
-48
-59
-16
21
108
297
479
600
492
378
345
387
552
664
633
565
588
684
764
644
506
444
357
430
628
710
597
494
457
478
318
194
99
90
116
229
295
211
162
97
61
1
-84
-114
-125
-45
99
198
266
212
247
269
233
84
-71
17
110
251
343
274
209
157
135
131
93
6
47
110
225
266
194
138
34
-51
-35
-73
-128
-172
-174
-118
-74
-60
-121
-167
-224
-207
-172
-197
-228
-181
-153
-156
-137
-205
-244
-317
-317
-326
-366
-444
-488
-377
-332
-263
-347
-520
-568
-701
-820
-898
-902
-855
-669
-377
-120
384
904
986
330
-181
-382
-228
414
1140
1330
814
529
1064
1447
1103
610
200
47
391
1337
1812
1444
765
642
829
619
341
216
-1
-68
274
713
793
402
143
132
17
-235
-271
-257
-260
-7
379
416
113
-188
-245
-297
-415
-445
-421
-382
-163
221
320
141
-122
-334
-449
-376
-321
-258
-333
-293
38
280
227
53
-58
-262
-309
-201
-41
-30
-68
174
416
561
779
927
739
246
-5
21
134
575
1032
985
624
539
805
743
404
269
175
125
483
1074
1155
681
412
330
70
-142
-184
-181
-319
-184
209
181
-74
-242
-288
-351
-457
-420
-399
-450
-360
-128
13
-157
-433
-451
-393
-439
-511
-527
-571
-573
-468
-254
-190
-445
-591
-643
-666
-734
-791
-821
-982
-1025
-903
-761
-547
202
1115
1328
580
-300
-753
-567
247
1159
1279
530
341
1123
1749
1406
618
59
-247
168
1262
1917
1530
801
797
975
844
517
235
-89
-343
83
772
941
534
325
328
208
-121
-356
-469
-509
-290
173
435
146
-195
-264
-185
-337
-545
-700
-724
-483
-19
325
202
-118
-358
-347
-311
-311
-448
-543
-542
-210
267
524
655
721
676
334
18
-231
-340
-156
406
807
752
582
379
341
270
126
-22
-170
-59
433
920
926
607
356
205
97
-2
-65
-159
-210
-60
216
320
128
-121
-316
-304
-390
-424
-465
-576
-489
-362
-264
-400
-669
-846
-906
-867
-889
-962
-948
-912
-801
-679
-743
-930
-1162
-1162
-1178
-1247
-1341
-1418
-1332
-939
82
1250
1639
835
-345
-983
-883
-6
1051
1503
791
252
1055
1982
1781
786
-46
-409
-263
754
1767
1782
971
640
1065
1016
594
213
-75
-348
-224
523
988
719
330
305
399
16
-429
-625
-582
-390
-3
397
242
-185
-373
-266
-262
-616
-908
-939
-722
-308
53
199
-47
-354
-470
-401
-355
-510
-689
-712
-512
-66
260
286
124
111
264
463
463
141
-284
-322
58
591
892
646
248
186
366
474
342
37
-104
111
670
1058
984
647
335
270
256
111
-24
-210
-206
29
261
296
-17
-266
-447
-469
-483
-569
-653
-618
-531
-459
-424
-647
-914
-1078
-1071
-967
-912
-991
-1040
-1021
-883
-818
-901
-1096
-1337
-1373
-1397
-1351
-1488
-1410
-1093
-69
1266
1961
1231
-168
-915
-1011
-285
821
1476
920
294
857
2025
2036
978
47
-302
-321
473
1654
1961
1179
540
1066
1371
930
182
-130
-331
-412
213
943
953
433
299
594
416
-335
-708
-677
-458
-324
47
253
-94
-481
-358
-93
-398
-844
-972
-805
-461
-227
30
-70
-403
-561
-351
-159
-417
-811
-852
-649
-332
26
234
254
-15
24
443
918
874
455
144
-177
-168
113
519
633
423
366
644
735
569
235
121
158
327
730
1033
973
596
476
336
243
-53
-183
-205
-296
-304
-383
-442
-629
-792
-691
-642
-707
-850
-982
-1033
-1205
-1271
-1337
-1403
-1435
-1346
-1074
-976
-1041
-1198
-1310
-1343
-1480
-1623
-1652
-1899
-1984
-2118
-1676
-517
1392
3285
3804
3042
1587
452
-1354
-2557
-1391
920
1560
536
1090
3048
2958
868
-381
-494
-1465
-2537
-846
1605
2050
1039
1879
3548
3050
1425
768
556
-894
-1871
-454
1241
1133
440
1026
1397
-69
-1439
-1506
-1564
-2619
-2966
-1736
-881
-1095
-877
226
558
-585
-1387
-1029
-668
-1288
-1566
-666
584
971
1200
1794
1922
833
-102
-762
-1519
-1908
-739
1551
3320
4069
4203
3593
1835
-346
-1860
-2518
-2922
-2205
-274
1237
1250
710
719
569
65
-271
255
864
1470
2541
3561
3241
1963
799
-80
-1128
-2096
-2523
-2612
-2465
-1873
-1028
-916
-1557
-2346
-2744
-3060
-3220
-3199
-2818
-2502
-2216
-2054
-2032
-2537
-3130
-3442
-3613
-3572
-3806
-4011
-4795
-5428
-5598
-4561
-3764
-1660
6637
17803
22744
15157
6564
4467
2195
-6588
-11405
-3377
5279
4235
502
975
-114
-7874
-11477
-6301
-1075
-560
526
6142
9939
9040
6399
4083
2342
515
633
1664
2359
2434
2104
1889
264
-3297
-7395
-10572
-10601
-8345
-3840
201
1977
1910
1505
1425
129
-1266
-760
1235
3367
4808
5964
5442
3016
487
-1285
-2545
-4090
-4823
-4279
-2863
-1183
-93
50
-819
-2198
-2813
-2505
-1193
563
3079
6550
9365
10164
8717
6490
3451
46
-2050
-2559
-2712
-3022
-2532
-1482
-1337
-1929
-2445
-2664
-2231
-558
1809
3717
5086
5590
4823
3066
1118
-888
-2651
-3237
-2799
-2118
-1838
-1777
-2036
-2637
-3025
-3303
-3634
-3709
-3290
-2695
-2353
-2124
-1889
-2165
-2858
-3282
-3528
-3726
-3864
-3578
-3309
-3232
-2953
-2613
-3519
-4752
-5038
-3157
-2641
5087
19289
29248
22221
9008
5171
2522
-8340
-17199
-10241
1138
2291
-443
765
724
-6087
-11841
-7297
55
2221
1111
5121
12549
13382
9209
5146
4098
936
-2426
-1572
482
369
-1564
-1495
-1274
-3908
-8277
-11485
-11556
-8311
-3605
1282
4056
5256
4616
3955
2893
1326
501
868
2509
3853
4508
3531
690
-2123
-3744
-4845
-5958
-6520
-5470
-3667
-1313
963
2208
1923
382
-475
-247
918
2153
3831
7073
10518
11151
8786
5341
2096
-2051
-5718
-7174
-6804
-5571
-3748
-1438
262
772
-54
-1017
-779
917
2879
4526
6078
6526
5160
2546
-389
-3098
-5094
-5700
-5064
-3757
-2360
-1652
-1551
-1795
-2308
-3097
-3965
-4119
-3608
-2809
-1889
-1229
-1026
-1710
-2962
-3716
-3899
-4266
-4611
-4176
-3092
-2729
-3050
-4080
-4584
-4971
-3561
-3362
6307
22525
31102
21926
8683
6571
1718
-11185
-19119
-10837
-248
-72
-2098
71
1348
-4512
-9659
-5178
2153
2719
294
4901
13036
14181
9716
6273
4783
692
-3180
-3263
-2023
-2090
-3746
-3632
-2892
-3818
-7117
-10281
-9830
-6621
-2231
1740
4405
5926
6134
5742
4376
2679
1753
952
909
1375
1740
489
-1843
-3247
-3741
-4454
-5658
-6301
-5425
-3292
-654
1845
3445
3592
2269
1234
1479
2452
2846
4166
6522
7970
7523
6818
5416
1188
-4051
-7066
-8062
-8054
-6371
-3296
-354
2084
3257
2351
1228
1388
1807
2521
4201
5474
4645
2970
1264
-974
-3471
-5229
-6175
-5945
-4292
-2509
-1491
-910
-711
-1633
-2779
-3425
-3805
-3884
-3331
-2342
-1560
-949
-1194
-2291
-3635
-4538
-5009
-5332
-4648
-4081
-3573
-3950
-3836
-3949
-2645
-3218
3994
20349
31308
25115
10770
7437
3483
-9666
-19803
-14159
-2876
-1834
-4206
-1087
2542
-1281
-7605
-4542
3143
3738
46
2924
11270
14013
10556
7876
6779
2988
-2199
-4449
-3971
-3832
-5438
-5656
-4193
-3225
-5203
-8117
-8243
-5823
-1971
1452
4137
5831
6344
6313
5355
4123
2990
1382
-344
-1004
-686
-1088
-2597
-3454
-3593
-3968
-5070
-5580
-4643
-2784
-557
1678
3572
4108
3375
2565
2703
3079
2726
2446
4226
7454
8859
7145
3863
-82
-4694
-8544
-9263
-7081
-3881
-772
1509
2839
3194
2570
1566
1571
2710
3304
3309
3306
3197
2172
524
-1393
-3401
-4881
-5436
-4926
-3666
-2090
-1129
-946
-978
-1347
-2235
-3218
-3725
-3554
-3072
-2435
-1961
-1624
-1983
-2811
-3273
-3520
-3846
-4485
-4829
-4844
-4463
-4543
-5212
-5423
-3286
-2074
6613
22319
32023
24978
11701
7797
1133
-12771
-21165
-14328
-3787
-3028
-4090
-846
2561
-473
-5173
-1792
3928
3352
-266
2771
10548
12929
10531
8684
7418
3399
-2269
-5335
-5920
-5942
-6624
-6312
-4405
-3263
-4600
-6686
-6236
-3602
-514
1832
3613
5234
6279
6538
5809
4781
3349
986
-1328
-2442
-2341
-2600
-3479
-3824
-3585
-3584
-4028
-4083
-3069
-1493
6
1617
3124
4002
3837
3399
3323
3150
2339
1243
2123
4765
7190
6820
4402
868
-3320
-6862
-8526
-7400
-4737
-1712
982
3064
4212
3888
2885
2210
2252
2362
2249
2115
1897
1410
346
-1067
-2627
-3900
-4642
-4588
-3627
-2369
-1462
-1129
-1133
-1302
-1780
-2447
-3088
-3472
-3533
-3231
-2800
-2478
-2339
-2435
-2639
-2417
-2250
-2582
-3933
-5161
-5619
-6389
-7197
-6192
-2845
359
11261
26281
32518
22753
11161
6508
-3211
-17182
-21641
-12526
-4436
-4794
-3723
1145
3888
120
-2889
784
4096
2053
-494
3859
10142
11026
9549
9159
8222
3328
-2400
-5526
-6605
-7361
-8058
-7148
-5179
-3934
-4251
-4658
-3240
-1086
811
2028
3206
4632
5709
6074
5318
4285
2785
721
-1487
-2707
-2964
-3799
-4579
-4590
-3794
-3179
-3014
-2386
-1495
-409
699
2017
3337
3906
3938
3472
3062
2529
1859
2159
4100
6299
6244
4067
992
-2181
-5505
-7496
-6921
-4814
-2260
56
2108
3479
4049
3753
3099
2787
2621
2282
1749
1453
801
-393
-1679
-2683
-3358
-3628
-3484
-2944
-2155
-1440
-1225
-1415
-1555
-1866
-2431
-3023
-3313
-3349
-3080
-1948
-1083
-1154
-2032
-2778
-3032
-3999
-4947
-5283
-4986
-4851
-5264
-5877
-5888
-4077
-1451
9223
24600
32509
25435
14247
8633
-1797
-16033
-21806
-14654
-7020
-7054
-5769
-566
3852
2438
-41
2519
4766
2466
-824
1829
7694
9575
9232
9746
9788
5706
-659
-5161
-7491
-8577
-9354
-8671
-6689
-4779
-3868
-3350
-1581
599
1821
2061
2592
3943
5228
5506
4654
3854
3062
1638
-362
-2112
-3454
-5056
-6144
-5666
-4017
-2750
-2187
-1408
-524
328
983
1918
3002
3380
3389
3218
3121
2759
1934
1449
2894
6113
7200
4655
908
-2371
-5717
-8232
-7500
-4702
-1637
1138
3068
3967
4072
3698
2580
2125
2700
2597
1694
1149
724
-642
-1983
-2795
-3412
-3590
-3067
-2344
-1539
-622
-454
-1161
-1771
-2074
-2616
-3134
-3135
-2740
-2349
-1602
-622
-420
-1296
-2990
-4372
-4947
-5359
-5291
-4700
-3769
-3848
-4670
-5634
-4820
-2852
3849
17707
29671
29755
19511
11703
3775
-9626
-19995
-18624
-10906
-8885
-8881
-4023
2429
4663
2569
3399
6120
5041
1066
230
4515
7418
7690
8781
10313
8669
2757
-2789
-6074
-8056
-9499
-10126
-8936
-6853
-4727
-2837
-720
1612
2645
2890
3109
4059
4883
4665
3732
2869
2668
2217
973
-953
-2917
-4681
-5989
-5949
-4676
-3303
-2502
-1579
-248
1039
1744
2238
2858
3278
3282
2993
2688
2397
1803
1181
1791
3883
6173
5989
3776
731
-2669
-6023
-7948
-6988
-4250
-956
1989
3979
4799
4483
3566
2593
2292
2341
1920
1244
704
-50
-1293
-2329
-2918
-3201
-3177
-2735
-2109
-1344
-806
-997
-1547
-2156
-2724
-3049
-2886
-2215
-1363
-1032
-1529
-2213
-2608
-3132
-3857
-4121
-3935
-4028
-4728
-5035
-5126
-5561
-6427
-5039
-2605
5133
19142
30120
29287
19901
12808
3055
-11240
-20483
-18339
-11940
-10864
-9319
-3374
3021
4982
3378
4977
7011
5367
1193
371
3847
5781
6788
8839
10792
8811
2859
-2350
-5588
-7552
-9786
-11212
-10309
-7781
-4713
-2132
513
2623
3536
3796
4033
4712
4581
3487
2132
1723
2284
2230
1011
-1001
-2820
-4377
-5660
-5877
-5109
-4088
-3133
-1509
546
2013
2471
2713
3193
3510
3402
2589
1737
1200
1101
1275
3416
6890
7681
4634
965
-1946
-5871
-8566
-7552
-4604
-1543
1521
3768
4428
4729
4239
2491
1724
2287
1872
818
913
699
-639
-1732
-2375
-3081
-3510
-3273
-2675
-1606
-393
-245
-1143
-1909
-2303
-2827
-2979
-2705
-2365
-2099
-1686
-1398
-1593
-2262
-3498
-4212
-4372
-4201
-4459
-4679
-4926
-5160
-5754
-5741
-4498
-1548
9377
24112
31717
26233
17181
10323
-2237
-16159
-20897
-15520
-11620
-12385
-8217
-506
5227
4754
4049
6908
7493
4281
284
1338
3890
4622
6413
9551
11008
6840
1122
-2697
-5323
-8116
-11345
-12220
-10616
-7279
-3948
-1285
1554
3480
4602
4972
5291
4999
3262
1531
860
1644
2202
1524
41
-1479
-2679
-4324
-5663
-6159
-5487
-4292
-2586
-350
1328
2078
2402
3299
4128
4075
3026
1784
1070
1005
962
2568
5888
7913
5949
2066
-1284
-5515
-8984
-8995
-5907
-2275
1028
3536
4451
5163
5058
3382
1912
1907
1860
780
367
363
-313
-1336
-2091
-2856
-3538
-3652
-3431
-2394
-794
-50
-605
-1267
-1503
-1922
-2567
-3059
-3059
-2588
-1912
-1248
-1362
-2372
-3828
-4778
-5082
-5089
-4924
-4749
-4638
-4477
-5149
-5696
-4919
-2616
7809
22968
31979
27241
17542
10694
-1033
-14737
-20600
-16120
-12490
-13794
-10062
-1984
4868
4900
4161
7509
8974
5871
501
372
2992
4303
6180
8988
10651
7054
1877
-1661
-4324
-7558
-11753
-13035
-11325
-7837
-4484
-2018
882
3461
5464
6070
5914
4974
3181
1650
1024
1604
1823
1098
31
-819
-1895
-3892
-6007
-6880
-5986
-4389
-2736
-1039
608
1718
2726
3973
4612
4158
2834
1885
1388
1325
2091
3703
5767
5975
3507
-126
-3278
-5822
-7265
-5996
-3254
-898
1021
2801
4032
4394
4226
3212
2249
2071
1625
511
-181
-227
-425
-903
-1588
-2579
-3370
-3340
-2608
-1613
-859
-666
-921
-971
-878
-1473
-2474
-3106
-3111
-2636
-2398
-2390
-2451
-2501
-3004
-3397
-3328
-3922
-4907
-5165
-4704
-4797
-5518
-6183
-5570
-3982
5159
20586
31089
28727
19462
13079
2386
-12337
-20638
-17885
-13161
-13941
-10972
-2965
4245
5052
3934
7516
9638
6711
852
-295
2335
3514
5242
8222
10716
8317
3345
-336
-3253
-6850
-11556
-13384
-11712
-8390
-5364
-2745
705
3704
5754
6315
6070
5063
3180
1602
826
1166
1402
1151
818
200
-1144
-3723
-6062
-6955
-6141
-4643
-3270
-1577
319
1824
2930
4045
4610
4005
2775
1794
1483
1986
3194
4917
6125
5749
2886
-1337
-5028
-7182
-7543
-6147
-3353
-527
1757
3638
4789
5100
4557
3567
2644
1788
901
36
-580
-645
-554
-957
-1697
-2602
-3192
-3110
-2597
-1966
-1470
-1133
-834
-544
-564
-1056
-1764
-2293
-2569
-2748
-2975
-3052
-3094
-3263
-3215
-3145
-3529
-4229
-4604
-4338
-4482
-5026
-6297
-6946
-5868
-2812
8443
23634
32213
27750
18716
11418
-1212
-14693
-20720
-17187
-13960
-14107
-9196
-1152
5327
5176
4940
8323
9308
5556
-268
-348
1989
3658
6056
9070
10798
7592
3109
-615
-3913
-8066
-12580
-13574
-11282
-7683
-4883
-2159
1586
4622
6419
6305
5513
4380
2563
1095
490
1055
1424
1476
1449
820
-1238
-4400
-6707
-7101
-6022
-4720
-3322
-1373
888
2619
3845
4562
4437
3455
2377
1615
1252
2144
4283
6400
6516
4344
553
-3578
-6503
-7426
-5929
-3715
-1633
431
2338
3870
4392
4237
3586
3227
2841
1650
386
-331
-321
-358
-415
-896
-1935
-2723
-2867
-2495
-2202
-1878
-1674
-1278
-635
-503
-1012
-1685
-1956
-2111
-2365
-2840
-3214
-3129
-3152
-3354
-3365
-3181
-3629
-4341
-4495
-4319
-4818
-5774
-7105
-6523
-4968
2111
16729
29494
31410
22805
15070
4834
-9382
-19070
-19334
-14884
-14787
-11875
-4166
3412
5864
4334
6901
9336
7791
1835
-1331
611
2332
4849
7941
10897
9514
4979
1239
-2336
-6287
-11387
-13733
-12288
-8976
-5691
-3210
276
3548
5819
6325
5706
4840
3345
1804
522
434
980
1573
2070
1764
126
-3086
-5957
-6950
-6440
-5459
-4463
-2581
-85
2322
3652
4217
4289
3646
2805
1954
1349
1133
2585
5815
8151
7328
3592
-1193
-5747
-8487
-8385
-6520
-3973
-1089
1892
4020
5189
5361
4494
3680
3205
2232
658
-321
-464
-373
-363
-680
-1569
-2561
-2962
-2976
-2906
-2497
-2018
-1585
-1009
-583
-909
-1364
-1460
-1428
-1698
-2443
-3028
-3314
-3459
-3664
-3479
-3206
-3833
-4342
-4437
-4565
-5495
-6169
-6958
-6596
-5195
1317
15488
28525
31593
23704
15869
6379
-7230
-17676
-19461
-15754
-15399
-12708
-5208
2675
5729
4231
6328
9064
8099
2289
-1496
284
2644
5193
7542
10168
9492
5549
1750
-2001
-5827
-10858
-13616
-12690
-9486
-6210
-3728
-113
3315
5591
5880
5040
4594
3666
2380
794
289
982
1859
2372
1839
70
-2947
-5509
-6648
-6453
-5823
-5033
-3199
-541
2211
3493
3868
3980
3746
3066
1967
1089
494
3064
7093
8594
6674
3463
-519
-5983
-8575
-8072
-6835
-4837
-1433
1760
3454
5046
5061
4054
3985
3917
2119
317
306
215
-72
-49
-681
-2065
-2775
-2928
-3256
-3044
-2507
-2188
-1618
-831
-684
-1184
-1322
-1288
-1440
-1975
-2683
-3101
-3083
-2952
-3170
-3409
-3701
-4204
-4379
-4486
-4593
-4953
-5226
-6319
-6464
-5552
-1126
11880
26292
32143
25079
16608
8166
-4956
-16071
-19499
-15897
-14971
-12949
-5923
1723
5719
3953
5157
8164
8096
2924
-1711
20
2725
5212
7393
9882
10049
6396
2506
-1667
-5617
-10302
-13403
-12666
-9784
-6420
-4126
-720
2862
4801
5007
4156
4080
3703
2750
1218
504
1386
2488
3142
2169
121
-2777
-5387
-6540
-6474
-5818
-5233
-3437
-530
2133
3127
3228
3495
3436
2914
1976
1482
3150
6372
8091
6918
4370
1296
-3148
-6631
-7537
-7035
-6076
-3838
-632
1840
3568
4182
4080
4409
4613
3251
1003
229
459
334
80
-436
-1441
-2427
-2839
-3089
-3197
-3126
-2936
-2287
-1324
-658
-863
-1118
-1055
-1108
-1665
-2520
-3091
-3313
-3591
-3653
-3275
-3154
-3753
-4379
-4687
-4884
-5556
-5754
-6172
-6662
-6325
-3667
8527
23874
32024
26604
17449
10201
-2218
-14041
-19067
-15684
-13664
-13063
-6948
394
5244
3173
2970
6633
7722
3639
-1881
-290
3230
5742
7627
9705
10556
6978
2687
-1514
-5098
-9030
-12477
-12320
-9922
-6661
-4247
-1410
1882
3666
3975
3155
3422
3962
3461
2066
1171
2187
3284
3555
2368
63
-2855
-5433
-6564
-6510
-5750
-4903
-3288
-833
1360
2314
2322
2737
2868
2683
1880
1999
4827
7385
7764
5540
3684
445
-3691
-5582
-5831
-5321
-4951
-2752
-726
902
2181
2227
2831
3769
4142
2346
1079
1197
1259
1113
588
-170
-1630
-2285
-2681
-2890
-2754
-2731
-2530
-2023
-1089
-735
-820
-899
-1000
-1351
-2108
-2608
-2870
-2831
-3409
-3885
-3651
-3142
-3042
-3632
-4232
-4805
-4962
-5014
-5322
-6437
-6548
-5103
5386
21446
31638
28513
18587
11113
-334
-12274
-18707
-16686
-13049
-12207
-6700
90
4893
3120
1153
4408
6236
3733
-1586
-664
3626
6610
8752
10081
10821
7455
2542
-1823
-5348
-8528
-11679
-11674
-9383
-6525
-4174
-1958
788
1925
2096
1742
2355
3802
4040
3226
2313
3099
4249
4157
2563
-122
-2869
-5389
-6654
-6553
-5579
-4421
-3004
-812
988
1567
1146
1319
1764
2128
1834
3193
7021
9530
8633
5244
2985
-730
-4578
-6373
-6427
-5758
-4857
-2093
-101
1563
2139
1841
2353
3492
3762
1748
1028
1724
2194
1690
575
-948
-2588
-3277
-3705
-3664
-3231
-2662
-2201
-1451
-581
-480
-768
-934
-990
-1667
-2504
-2948
-3052
-3614
-4102
-3858
-3869
-3973
-4146
-4335
-5080
-5086
-4499
-4121
-5378
-5891
-5604
2251
18057
30000
29620
19391
11687
1613
-10061
-16922
-16233
-12022
-11264
-6890
-611
4056
3052
-398
2074
4793
3936
-634
-766
4042
7385
9429
9930
10160
7312
2454
-1677
-5063
-7217
-9638
-10204
-8625
-6376
-4468
-3242
-1268
-5
311
290
1425
3743
4947
4580
3403
3430
4315
4328
2670
-58
-2529
-4587
-5690
-5716
-5003
-4113
-3218
-1677
-150
460
238
452
1043
1702
3002
5682
7959
7790
6299
4372
1905
-993
-2803
-3941
-5128
-4821
-3396
-1988
-780
217
459
1054
2765
3401
2555
1752
1711
1819
1836
1557
287
-1172
-2068
-2672
-3177
-3183
-3140
-3013
-2227
-1254
-865
-917
-934
-1217
-1624
-1819
-1751
-1860
-2723
-4000
-4852
-5093
-5009
-5114
-4877
-4318
-3691
-3199
-3093
-3821
-6234
-7522
-6265
5846
22627
31870
26970
16190
8929
-2054
-12311
-16870
-13172
-9582
-9179
-4445
1033
4296
585
-2058
1207
3816
2167
-1668
1136
6663
9763
10604
10085
9070
4657
-412
-3916
-5645
-6459
-7915
-7618
-6146
-4607
-4124
-3962
-2960
-2394
-1876
-936
1568
4663
6010
5290
4050
4256
4591
3636
1380
-1250
-3039
-4141
-4211
-3895
-3368
-3222
-3161
-2236
-1448
-1031
-893
-44
1326
3262
4481
6078
8094
7993
6354
3807
2149
-1181
-3862
-4862
-5481
-4498
-3016
-997
-507
268
765
656
1973
3031
3112
2321
2662
2844
2070
987
-933
-2633
-3521
-3484
-3400
-2972
-2215
-1929
-1634
-1253
-1238
-1755
-2027
-1878
-1560
-910
-415
-798
-2303
-4235
-5802
-6368
-6212
-5574
-5005
-4212
-3361
-3122
-4012
-5866
-6467
-3314
10403
25710
31462
23062
12016
4563
-4950
-12111
-13912
-9331
-6922
-6245
-1893
1724
2044
-3266
-4730
-680
2314
1481
-62
4483
9832
11756
10697
8433
5966
1359
-2295
-4057
-4371
-4452
-5249
-4903
-4570
-4670
-5566
-6027
-5053
-4132
-2719
-579
2862
6066
6867
5458
3599
3287
3546
2781
918
-776
-1519
-1918
-2022
-2362
-2978
-4004
-4537
-4045
-3055
-2025
-681
768
2944
4818
6716
8073
7395
5375
2402
1121
-113
-360
-529
-1313
-1984
-2722
-2342
-2785
-2857
-2465
-1340
1082
3334
4646
4157
3488
2658
1750
616
-1039
-2444
-3027
-2466
-2030
-1852
-2120
-2648
-2969
-3073
-2794
-2384
-1823
-1388
-1108
-812
-573
-870
-2147
-3835
-5127
-5594
-6006
-5839
-5587
-4717
-4432
-4132
-4445
-5621
-5680
-1888
12532
26622
30546
20296
8629
1897
-6071
-10904
-11265
-5656
-2910
-2905
-66
1478
95
-6323
-7929
-3113
1025
1966
1788
7126
12324
13015
9942
5504
2454
-916
-2411
-2326
-1486
-1040
-2192
-3108
-4510
-6262
-8266
-8975
-7524
-5197
-2047
969
4411
6749
6645
4220
1241
700
1584
2431
2118
1578
1371
852
-106
-1761
-3526
-5301
-6232
-5524
-3713
-1630
94
1165
2825
4403
6882
7027
5768
4393
3160
2398
689
827
-104
-1269
-2175
-2787
-2677
-3132
-2708
-2494
-749
1936
3300
3652
3374
3072
1922
790
-239
-1356
-1786
-1549
-1310
-1484
-1796
-2855
-3959
-4279
-3938
-3395
-2722
-1597
-827
-351
-170
-643
-1971
-3654
-4995
-5565
-5747
-5351
-5021
-4220
-3937
-4143
-4912
-6710
-6845
-4861
8998
24971
30975
20851
6616
1263
-4330
-8393
-9510
-3971
1002
117
1043
1025
-450
-7236
-11630
-6799
-356
3245
3115
6969
12369
12768
8593
2428
-623
-1352
-588
857
1962
2460
844
-1928
-4959
-7826
-10185
-11034
-9093
-4957
-436
2486
4024
4670
4031
1703
-1106
-1145
1386
4345
5437
4794
3749
1986
-207
-2918
-4919
-5824
-5724
-4086
-1913
394
1151
670
626
1681
3196
2988
3309
4581
5594
5149
3706
2582
544
-1212
-2502
-3205
-3019
-2460
-1724
-1004
733
2003
1821
1177
939
836
573
695
656
697
687
180
-921
-1920
-2666
-3635
-4036
-3658
-3011
-2583
-2056
-1299
-1144
-1301
-1955
-2523
-3181
-3648
-3760
-3951
-4105
-4035
-3842
-3830
-4915
-5193
-6472
-7205
-6775
-1409
15547
28328
28319
12109
-215
-2394
-5338
-6381
-5061
2575
5425
2295
1214
-1101
-4526
-11963
-12980
-4363
3656
6779
5969
8631
11072
8005
2047
-2740
-2604
761
4624
6991
6662
3627
-1087
-5632
-8348
-9762
-10334
-8737
-5212
-651
2565
2567
868
-1323
-2333
-2814
-1927
1732
6043
8669
7986
5100
1780
-1446
-3682
-4684
-4115
-2441
-448
911
1058
-299
-2624
-4004
-3355
-186
2578
4256
5445
6361
6087
3734
1528
-117
-917
-698
-313
183
176
-53
-666
-1070
-731
-554
-474
94
1106
1620
1546
925
202
-362
-556
-665
-1056
-1373
-1979
-2686
-2989
-2820
-2649
-2668
-2424
-1944
-1508
-1637
-2336
-2801
-3417
-3984
-4473
-3761
-3159
-2782
-3677
-4676
-5285
-5317
-6594
-6940
-5317
3036
18328
26668
21969
5472
-3553
-3486
-3019
-2177
165
6145
6516
1836
-1610
-5011
-7864
-11798
-9167
451
7662
8688
5725
5237
4901
1575
-1996
-2443
1184
6224
9492
9353
5883
-121
-5731
-9126
-9007
-6722
-4563
-2115
-485
461
-69
-2915
-5427
-6350
-4162
-813
2435
6053
8050
7453
3939
-98
-2277
-2380
-1083
529
1907
2377
1436
-570
-2631
-4684
-5211
-3270
474
3769
4571
4398
3173
1466
46
-413
557
1737
3070
3325
2472
1072
-671
-1992
-2223
-943
649
1780
2333
2114
845
-687
-1779
-2007
-1152
-36
767
722
41
-1299
-3147
-4242
-4253
-3376
-2056
-1124
-680
-981
-1572
-2667
-3563
-3932
-3674
-3098
-2276
-2580
-3648
-4550
-4695
-5490
-5970
-7075
-5275
-3559
4111
17803
23798
17150
35
-6316
-2488
993
2536
3721
8659
7676
190
-5881
-8621
-8167
-8370
-4364
4279
9765
8173
2458
-650
-722
-752
-1208
1024
5439
10112
11004
7078
1423
-4917
-7893
-7349
-3984
515
1748
504
-2510
-4862
-5404
-6397
-6518
-4791
-786
3619
5348
4820
2840
211
-1916
-2349
-445
2765
4671
4974
3508
1060
-1595
-3933
-4604
-3594
-628
2990
4871
3316
605
-1570
-2175
-1775
-376
2157
3918
4673
3787
1460
-880
-2363
-2094
-274
2341
4421
4235
2487
242
-1784
-2803
-2749
-1436
388
1771
2088
831
-1389
-3288
-4481
-4321
-2875
-1271
-180
-230
-1191
-2640
-3729
-4069
-3834
-3156
-1775
-1353
-1504
-2358
-3222
-4671
-5659
-5632
-4706
-5246
-5847
-4757
232
13602
20905
16004
676
-7665
-1905
3635
5227
5142
7506
7855
352
-6782
-8654
-5988
-3124
-558
4422
7879
5221
-692
-3970
-3121
78
2113
4330
7117
8479
8216
3847
-1290
-4683
-5458
-2630
671
3269
3243
-372
-4819
-8052
-7532
-4717
-2681
-1030
411
1380
1223
-85
-1196
-1223
-611
1221
3150
4467
4500
2167
-309
-1839
-1702
-348
427
758
1261
2319
2623
359
-2588
-3126
-1292
1248
2443
2540
2281
1487
488
-608
-1035
-23
1412
2686
3472
3332
2178
170
-977
-816
-46
676
773
496
207
-496
-1466
-2129
-2150
-1871
-1815
-1748
-1643
-1720
-1995
-2308
-2601
-2617
-2206
-1789
-2271
-3037
-3553
-3360
-2917
-2739
-2611
-2961
-3809
-4966
-6154
-7272
-5469
-2145
10427
20336
17167
1508
-11132
-5314
5104
8424
6829
6510
7798
1668
-7301
-10417
-5950
156
3480
5295
6323
3415
-3013
-6518
-4899
265
5238
7059
8125
6455
4142
610
-3266
-3573
-1401
2253
4439
3380
1079
-2613
-6156
-7997
-6505
-2185
1444
1468
-558
-2796
-3938
-3239
-1752
649
2366
2707
2718
1706
1043
138
-717
-73
1367
2987
3216
1043
-507
-184
530
173
-1051
-494
1220
1582
760
-579
-1053
-339
205
832
1375
1914
2080
1219
931
1355
1669
1853
1636
1393
1052
234
-520
-980
-788
-166
-290
-794
-1318
-1924
-2545
-3005
-2745
-1884
-1299
-1222
-1996
-2867
-3126
-2893
-2662
-2529
-2554
-2565
-2625
-2149
-3007
-3872
-5201
-5008
-5479
-5179
-4153
2515
15263
17753
6891
-9126
-9917
3167
11079
9417
5098
4807
3167
-4429
-9723
-6875
1260
6304
6307
3899
992
-3170
-5937
-3863
708
5835
7673
6430
4159
1008
-456
-1465
-1054
1717
4192
4635
1689
-2289
-4073
-4027
-3573
-2818
-1107
606
229
-2738
-5038
-5268
-3296
138
2584
3375
1566
-1081
-2191
-1406
840
2501
2840
2580
1938
1008
-314
-1642
-120
2750
3653
1857
-632
-1030
-827
-1004
-645
146
1089
1320
239
-893
-895
367
1704
2215
2768
2965
1998
701
-148
-104
644
1121
1171
798
210
-665
-1908
-2409
-1991
-1470
-1328
-1458
-1893
-2190
-2410
-2695
-2860
-2877
-2427
-2010
-2174
-2534
-3141
-3586
-2780
-2318
-2239
-3151
-4156
-4625
-5298
-4806
-2716
8749
16671
11498
-4412
-12660
-1607
11013
11609
4867
1649
2836
-495
-6271
-6807
33
6169
6978
3311
-651
-3355
-4932
-2599
1694
5229
6573
4373
2079
265
36
808
944
1899
3607
3860
1282
-2723
-4325
-2232
148
163
-1047
-2204
-2450
-3087
-3779
-3109
-1796
14
1429
1374
78
-2080
-2893
-1285
1479
3475
3344
1554
11
-380
-144
287
1575
3472
3165
456
-1950
-1657
-19
766
651
499
534
172
-858
-1659
-935
1065
2561
2365
1579
1282
1078
956
1010
1272
1415
1276
688
-64
-404
-505
-798
-948
-748
-839
-1551
-2256
-2367
-2174
-2060
-2223
-2673
-2555
-2219
-2357
-2972
-3432
-2706
-2332
-2235
-2830
-3319
-3535
-3970
-4536
-4901
-4288
-1566
9379
15312
8327
-7509
-12901
897
13843
12097
2704
-1638
615
-235
-4218
-4108
1968
6646
5927
929
-3132
-4131
-2990
1147
4687
5099
3509
762
115
1038
2429
3060
1738
793
1847
2525
890
-1990
-3065
-522
1975
1120
-1508
-3793
-3952
-2792
-1947
-1168
-1198
-1033
-140
-34
-819
-1818
-2009
-482
1592
2819
2348
431
-742
-186
1048
2032
3096
3128
1225
-1319
-1808
309
1604
1102
40
-502
-465
-839
-1369
-1067
558
2409
2461
1036
189
609
1292
1861
1871
1475
1031
650
493
243
174
102
-325
-650
-733
-1088
-1706
-2000
-1830
-1347
-1281
-1945
-2737
-2968
-2464
-2177
-2557
-3023
-2900
-2677
-2192
-2507
-2964
-3776
-3569
-4122
-4152
-4290
2183
12328
11801
-255
-12115
-5914
10161
14560
5632
-2623
-1588
1418
-864
-3435
-171
5469
6183
2030
-3348
-4392
-2305
1265
4752
4748
2378
-83
-974
951
3431
4623
3052
225
-435
1501
2381
747
-1173
-1036
995
1307
-966
-2868
-3325
-2177
-1217
-1198
-1468
-1889
-1378
-329
-182
-914
-1554
-1373
-53
1226
1598
1148
163
-42
868
1277
1767
2602
2598
893
-1318
-1110
1100
2148
1081
-374
-1136
-1068
-971
-933
-218
916
1855
1407
127
40
891
1712
2009
1739
1164
647
545
714
894
721
144
-915
-1413
-1084
-784
-1000
-1381
-1452
-1487
-1761
-2347
-2814
-2677
-2481
-2298
-2638
-2692
-2714
-2496
-2474
-2538
-2893
-2999
-3878
-4505
-4628
-1025
9260
12362
3549
-9522
-8969
6175
14757
7879
-2273
-3479
1042
1371
-1344
-716
3867
5074
2290
-2028
-3842
-2104
569
4023
5080
2496
-555
-1553
821
4073
5131
3106
-355
-1760
353
3193
2874
650
-914
-498
415
-446
-1439
-1623
-1483
-1235
-1544
-1780
-1973
-1955
-1024
91
-190
-1286
-2054
-1548
171
1413
1333
584
-184
169
918
1801
2994
2390
-80
-1655
-526
1966
2449
610
-970
-1047
-603
-443
-821
-711
546
1453
1195
68
-287
779
1763
2221
1736
612
-52
188
1066
1571
1246
276
-553
-779
-334
-59
-596
-1289
-1676
-1713
-1784
-2087
-2244
-2125
-2061
-2024
-2369
-2974
-3338
-2945
-2469
-1882
-2507
-3294
-4125
-4237
-4232
20
9129
10302
753
-10179
-6058
9149
14396
5079
-4706
-3816
1814
2415
-302
-199
3338
4199
2124
-1638
-3555
-1935
1583
5047
4298
165
-2073
-680
2720
4760
4392
2178
-719
-1931
181
3652
4012
1507
-1307
-1634
-262
-69
-665
-1098
-1043
-712
-1237
-2123
-2505
-1613
22
658
-755
-2435
-2256
-644
1076
1557
854
113
-407
176
985
2609
3932
2138
-1239
-2108
721
3200
2311
-285
-1542
-1039
-304
-245
-829
-357
1210
1714
621
-806
-613
837
1930
2104
1337
309
64
672
1340
1583
1158
15
-917
-924
-91
270
-193
-837
-1304
-1513
-1540
-1789
-2118
-2198
-2199
-2301
-2804
-3273
-2937
-2544
-2071
-2237
-2895
-3669
-3930
-3854
-2157
5892
10248
4083
-7634
-9100
4668
14918
9036
-3017
-6152
235
4323
1953
-912
1200
4030
3561
-249
-3790
-2638
1307
4886
4733
768
-1855
-1061
1653
4309
5016
3385
-217
-2800
-1328
3078
4874
2721
-385
-1456
-249
349
-340
-633
-499
-216
-852
-2063
-2639
-1695
166
1154
-73
-2329
-2920
-1601
319
1407
1088
199
-559
-410
1075
3510
4038
1208
-1975
-1706
1552
3314
1819
-432
-1138
-368
259
-509
-1475
-769
1058
1684
387
-830
-434
828
1699
1674
845
27
78
927
1839
1826
838
-577
-1132
-367
495
413
-267
-657
-719
-906
-1385
-1839
-1921
-1718
-1626
-2056
-2616
-3044
-2737
-2216
-1932
-2715
-3533
-4154
-3556
-3610
-243
7282
8391
-102
-9597
-4868
9674
14243
3869
-6327
-4345
3289
4681
326
-1528
2206
4479
2473
-2379
-4281
-1119
3120
4917
2824
-683
-1764
-10
2641
4533
4534
2090
-1294
-2411
291
4109
4178
1382
-859
-749
231
-153
-893
-402
389
164
-1418
-2804
-2459
-577
963
906
-931
-2611
-2320
-685
934
1594
878
-339
-1012
-102
2453
4087
2256
-790
-1396
1094
3142
1714
-747
-1238
52
940
19
-1408
-1110
789
1759
741
-698
-614
650
1553
1743
1174
179
-324
15
931
1489
1032
59
-579
-211
605
622
-317
-979
-977
-750
-1003
-1612
-1827
-1658
-1411
-1788
-2683
-3192
-2444
-1750
-1813
-3020
-3738
-3814
-3206
-3566
-44
6990
7307
-1469
-9527
-3353
10717
13092
1897
-6651
-3109
4268
4560
-169
-1346
2606
4498
2250
-2274
-3632
-226
3706
4756
2130
-1504
-2081
210
3000
4527
4092
1492
-1478
-2052
742
4239
4062
1476
-382
-402
80
-307
-713
45
753
199
-1575
-2787
-2231
-49
1500
1014
-1257
-2989
-2436
-531
1044
1632
900
-140
-798
-217
2826
4100
1304
-1853
-1102
2602
3808
920
-1622
-1106
776
1435
-220
-2101
-1071
1431
2087
262
-1459
-590
1159
1764
1338
409
-313
-47
877
1388
1338
702
-239
-676
-130
766
672
-266
-839
-854
-830
-983
-1210
-1361
-1183
-1217
-1997
-3111
-3012
-1918
-1319
-2156
-3221
-3776
-3409
-3363
-2300
3810
7735
2841
-6966
-7583
4775
13553
6807
-4469
-5458
2193
5421
1505
-1947
925
4685
4074
-293
-3952
-2284
2392
5131
3591
-517
-2676
-841
2240
4005
3795
2155
-359
-1681
-684
2399
3987
2643
822
104
-29
-568
-1053
70
1415
1279
-579
-2524
-2956
-1316
902
1306
-258
-2218
-2483
-1083
317
895
811
323
-165
274
1931
2703
1015
-763
176
2320
2374
245
-1189
-290
1278
1337
-118
-1498
-1028
867
1585
359
-709
-349
698
1206
1030
530
47
73
641
942
715
335
6
-30
169
394
191
-241
-316
-134
-378
-1031
-1354
-1169
-767
-925
-1765
-2690
-2573
-2004
-1607
-2221
-2975
-3496
-3195
-3401
-2149
3299
6748
2247
-6677
-6623
4926
12487
5213
-5085
-4714
3101
5255
874
-1719
1623
4673
3411
-528
-3544
-2152
2257
5322
3876
-429
-2594
-764
2126
3501
3368
2074
-70
-1400
-701
1759
3008
2239
1100
733
115
-963
-1200
286
1789
1430
-519
-2202
-2446
-991
832
1172
-281
-2075
-2404
-1091
26
594
663
425
-132
488
2202
2337
288
-844
1197
3384
2091
-1012
-1690
270
2002
1545
-372
-1671
-764
1088
1508
-62
-1077
-91
1151
1105
459
-51
-64
268
851
971
434
-141
-170
136
220
236
26
-234
-335
-371
-743
-1125
-1165
-825
-831
-1307
-2090
-2251
-1903
-1368
-1712
-2601
-3401
-3263
-3313
-2497
2112
6161
3255
-5087
-6869
2663
11048
5997
-3783
-4797
2247
4768
783
-1633
1498
4220
3269
352
-2360
-2551
699
4799
5106
830
-2683
-1439
1625
3234
3211
2385
507
-1256
-1185
1061
2624
2223
1477
1271
371
-1054
-1573
-116
1742
1777
235
-1560
-2411
-1626
274
1596
905
-1122
-2205
-1564
-333
350
667
670
392
585
1509
1579
-111
-1048
961
3421
2499
-770
-1937
-17
1879
1560
26
-906
-564
539
1111
285
-798
-371
1000
1337
238
-649
-364
464
1031
1043
391
-459
-699
-102
479
381
13
-200
-366
-594
-815
-853
-694
-581
-715
-1240
-1853
-2019
-1604
-1243
-1655
-2289
-2881
-2747
-2967
-1125
2901
5246
1200
-5104
-4450
4161
8688
3032
-3483
-2042
3126
2546
-1076
-624
3339
4115
1909
-268
-1529
-2106
209
4332
5473
1201
-2519
-1390
1611
2829
2707
2358
843
-1211
-1217
1155
2366
1471
979
1622
964
-1202
-2181
-512
1415
1560
481
-629
-1686
-1857
-491
1273
1176
-630
-1797
-1249
-293
115
335
800
1427
1642
892
-508
-1282
111
2505
2784
567
-1279
-908
294
785
429
290
274
171
100
-93
-292
-11
805
1449
912
-322
-1017
-588
285
798
664
-9
-694
-749
-253
218
264
10
-116
-303
-600
-870
-780
-408
-203
-526
-1062
-1435
-1556
-1445
-1328
-1342
-1656
-1986
-2413
-1554
801
3092
1906
-1424
-2584
942
3815
2144
-800
-442
2103
1431
-1008
-804
2223
3319
2078
675
80
-961
-938
1511
4119
2958
87
-588
633
1213
849
1119
1624
766
-400
36
997
882
378
868
1436
581
-973
-1011
25
611
503
510
296
-478
-1012
-525
293
248
-399
-416
54
160
15
238
760
944
590
244
173
188
128
192
448
561
271
-164
-220
81
376
344
269
139
29
109
408
657
538
241
223
217
143
213
257
212
77
16
103
100
-105
-300
-242
-137
-162
-393
-479
-478
-342
-325
-614
-951
-1225
-1026
-803
-784
-1100
-1284
-1405
-1249
-1048
-234
493
912
484
-28
-154
-475
-166
538
1597
1142
-334
-726
898
2164
1884
758
381
414
531
932
1810
1751
917
708
1375
1683
898
166
305
607
345
486
956
868
249
142
542
646
12
-347
61
428
285
117
165
126
-147
-166
66
-9
-344
-451
-125
164
157
-2
182
505
622
540
319
187
-155
-200
219
739
708
95
-262
-54
284
409
374
197
51
76
462
802
631
249
250
410
296
5
-128
6
154
151
52
-30
-137
-277
-295
-137
-130
-253
-259
-220
-271
-493
-657
-800
-914
-989
-1009
-970
-1102
-1341
-1445
-1350
-1046
-137
693
976
307
-155
-401
-281
65
728
1405
921
-36
48
1081
1610
1263
694
546
483
720
1415
1949
1179
575
886
1559
1357
545
193
459
584
666
1083
1179
632
153
314
689
537
-52
-52
294
358
285
326
258
-41
-264
-100
132
21
-269
-142
225
310
224
184
378
484
442
320
210
-78
-179
146
647
733
200
-127
49
277
316
256
199
165
211
348
584
500
219
119
222
289
200
104
15
17
36
116
136
-93
-313
-324
-134
-48
-140
-92
-29
-68
-309
-617
-728
-765
-739
-738
-873
-1063
-1202
-1182
-1000
-912
-469
249
874
673
26
-316
-331
64
522
1159
1104
298
-46
725
1474
1354
748
592
595
710
1087
1762
1661
822
663
1191
1473
922
396
474
687
611
806
1134
921
295
155
489
479
64
-121
253
441
330
207
209
48
-124
-28
164
77
-302
-356
58
353
345
183
262
545
522
392
189
20
-96
171
574
678
365
31
177
351
323
200
275
385
381
414
502
425
263
154
324
443
265
-20
-67
-74
-88
18
132
109
-167
-293
-133
97
96
-33
-141
-198
-305
-418
-456
-594
-743
-824
-733
-801
-989
-1046
-916
-827
-674
-194
521
762
324
-95
-273
-161
151
731
988
579
164
563
1314
1301
883
791
861
848
898
1304
1538
1124
894
1193
1354
956
489
502
614
532
589
962
1050
634
364
510
539
233
55
236
321
305
341
366
232
49
17
104
161
-31
-68
44
286
245
272
460
674
593
344
182
108
103
136
443
537
371
153
170
223
260
296
352
428
393
353
428
387
274
181
182
228
179
57
-19
-30
-51
-44
9
-21
-149
-271
-117
88
105
-16
-177
-226
-266
-483
-573
-610
-620
-652
-703
-796
-831
-896
-802
-815
-747
-398
215
648
355
70
-189
-155
-37
398
737
681
279
399
841
1053
860
626
612
647
750
1011
1178
953
829
999
1208
1048
631
499
660
583
558
764
890
645
392
402
449
347
131
26
179
181
268
398
273
91
-14
100
167
10
-78
19
347
413
386
433
537
510
397
307
186
145
145
353
483
399
253
163
157
224
246
263
311
322
335
320
289
231
161
190
164
13
-157
-242
-164
-56
15
11
-119
-199
-270
-162
-68
-31
-67
-117
-191
-231
-267
-313
-391
-453
-544
-691
-706
-750
-756
-746
-751
-745
-505
-148
382
491
240
22
-125
-61
194
556
548
346
364
766
987
862
690
693
729
796
900
1072
945
744
878
1085
1037
821
573
489
419
529
769
786
566
410
516
553
365
77
48
226
292
250
257
174
42
38
56
89
1
-83
-68
149
274
375
533
616
615
543
413
267
234
116
271
285
232
195
293
337
274
224
193
317
317
257
278
286
318
274
179
159
84
-67
-92
-60
-111
-84
-36
-54
-71
-113
-105
-72
-48
-112
-163
-218
-298
-390
-394
-416
-439
-542
-661
-611
-635
-665
-705
-619
-685
-552
-182
241
430
285
146
-4
-8
176
549
687
443
240
497
752
891
836
770
710
643
800
1110
1025
738
721
973
1107
903
743
685
543
452
575
670
571
329
414
573
476
205
141
240
198
187
332
302
65
-13
124
263
193
93
60
141
264
391
489
566
371
347
437
367
277
240
280
277
209
197
372
416
417
317
268
220
310
417
345
220
169
168
210
181
-23
-229
-259
-184
-122
-93
-126
-161
-151
-115
-121
-129
-129
-94
-84
-95
-200
-308
-372
-401
-389
-400
-483
-618
-678
-661
-561
-556
-609
-510
-176
254
362
212
142
61
85
214
506
509
351
362
550
767
727
700
798
758
660
694
970
975
825
866
1076
1019
790
658
627
535
390
538
654
530
363
403
481
367
136
92
207
179
193
240
210
70
-3
47
111
42
6
61
206
294
327
387
457
440
385
366
277
213
179
301
324
238
212
395
459
359
245
199
256
216
243
356
387
268
262
244
155
9
-156
-174
-42
-29
-94
-45
-130
-235
-270
-220
-164
-141
-176
-208
-258
-304
-305
-383
-454
-553
-549
-541
-559
-617
-648
-634
-626
-642
-602
-296
88
282
220
67
10
-13
61
371
459
315
181
422
633
651
593
612
620
520
630
894
963
744
728
897
856
648
609
688
529
402
467
568
503
360
369
448
416
195
140
127
130
131
172
149
44
-23
75
73
12
32
-65
-7
-29
107
289
484
577
334
187
133
261
197
170
152
171
207
239
352
332
214
225
295
265
251
331
350
248
177
212
140
-21
-141
-269
-206
-113
-72
-91
-131
-158
-131
-62
-34
-140
-230
-221
-216
-252
-346
-458
-484
-465
-495
-490
-531
-530
-564
-585
-505
-540
-602
-318
83
247
198
44
-41
-22
65
241
349
226
157
276
568
611
573
629
551
523
604
796
869
667
575
759
830
802
743
693
533
402
524
601
523
395
301
392
310
181
125
68
35
34
44
73
32
-78
-83
52
46
-115
-172
-117
35
160
356
503
494
399
346
307
173
62
112
220
243
235
321
298
183
105
148
195
186
243
377
306
142
136
208
170
-17
-130
-201
-182
-156
-188
-179
-154
-166
-130
-155
-157
-163
-188
-206
-275
-359
-375
-348
-320
-374
-508
-488
-525
-577
-553
-480
-354
-363
-452
-341
-59
145
122
73
39
9
74
239
431
296
115
262
460
531
455
495
521
517
516
721
818
561
489
621
717
563
408
487
543
396
376
487
436
276
201
290
306
192
84
122
113
13
-19
42
32
-77
-76
-10
-82
-194
-177
-95
45
59
113
319
553
402
238
175
40
38
35
203
201
123
81
173
200
94
39
91
130
107
227
271
179
18
21
70
30
-138
-175
-219
-257
-236
-285
-223
-231
-257
-176
-57
-74
-215
-262
-295
-375
-437
-429
-440
-392
-370
-444
-543
-623
-614
-563
-449
-388
-469
-399
-186
53
129
48
-18
-45
-36
37
259
332
202
168
352
409
300
338
403
416
412
521
625
557
486
505
660
648
541
480
496
450
421
408
410
363
292
358
346
227
60
49
126
108
39
-30
12
73
38
-10
-16
-89
-154
-188
-154
-44
32
204
387
476
306
187
109
-72
-76
123
271
144
11
33
185
170
41
57
29
78
194
287
213
-6
-64
1
28
-152
-217
-224
-199
-265
-254
-211
-249
-274
-203
-93
-106
-177
-217
-167
-205
-322
-348
-385
-443
-404
-417
-445
-496
-611
-594
-457
-362
-318
-394
-305
-131
47
47
-41
-64
-128
5
207
365
313
161
204
300
374
305
288
444
426
459
616
627
452
404
508
642
611
448
484
465
378
394
505
501
254
137
312
395
260
125
109
120
36
79
150
95
-6
-63
52
91
-113
-168
-100
-28
-12
125
336
423
356
265
257
61
-113
-77
207
294
220
213
200
129
97
163
174
151
190
306
364
212
41
29
26
7
-57
-106
-85
-146
-251
-226
-241
-238
-232
-185
-128
-88
-128
-215
-209
-247
-270
-317
-267
-292
-328
-268
-307
-351
-439
-525
-385
-287
-314
-280
-281
-194
-35
55
-8
-69
-70
-24
115
214
225
77
80
252
403
386
256
276
365
392
371
484
471
365
367
478
522
444
372
389
382
316
263
238
199
150
231
302
249
98
39
150
156
135
91
53
57
49
37
34
-61
-153
-150
-27
10
64
239
462
480
257
192
171
108
39
147
221
171
184
230
171
30
47
146
164
239
254
244
145
46
74
19
-46
-124
-92
-82
-149
-181
-182
-160
-132
-150
-121
-91
-94
-130
-98
-77
-187
-271
-282
-259
-251
-212
-177
-277
-338
-393
-391
-278
-235
-207
-248
-272
-309
-273
-133
50
27
-83
-41
-30
66
230
276
133
30
76
130
250
272
284
329
321
337
404
440
359
298
322
406
398
401
404
310
294
278
295
235
166
226
250
187
124
42
-8
18
43
27
-44
-73
-57
-31
2
-14
-43
-51
-61
136
336
395
340
235
118
-118
-217
-40
117
147
150
178
85
-104
-7
191
188
136
187
259
164
62
87
2
-200
-224
-134
-96
-135
-187
-211
-231
-274
-234
-127
-76
-112
-115
-146
-130
-162
-232
-289
-314
-336
-336
-303
-293
-292
-318
-356
-407
-342
-365
-330
-225
-234
-256
-261
-292
-276
-198
-93
-6
-14
-26
-15
55
94
113
81
-20
80
237
231
250
236
245
149
157
297
262
248
249
325
327
244
237
331
306
226
166
185
164
124
147
163
125
48
98
101
71
23
29
15
-80
-115
-24
20
56
36
179
361
327
275
139
38
-87
-44
149
204
88
16
32
57
57
59
82
98
166
226
172
25
-47
-101
-50
-61
-116
-103
-90
-58
-103
-115
-224
-254
-151
-88
-59
-76
-121
-182
-176
-245
-263
-279
-276
-266
-247
-189
-194
-257
-312
-281
-273
-247
-267
-265
-211
-189
-224
-240
-229
-317
-360
-268
-114
-52
-5
-17
-57
-77
-70
-37
-16
84
135
83
113
171
169
125
72
152
193
206
304
283
239
154
208
253
202
169
182
230
224
255
247
208
150
195
260
186
72
45
118
142
68
17
-26
-74
-46
85
275
340
204
109
66
-29
-75
-30
-32
1
-47
-11
85
29
-57
-123
-43
-27
24
184
206
52
-61
-108
-133
-126
-148
-147
-154
-132
-164
-150
-144
-235
-269
-244
-130
-135
-181
-116
-168
-202
-241
-279
-280
-220
-206
-237
-240
-236
-210
-252
-247
-250
-250
-211
-147
-150
-200
-290
-345
-310
-288
-282
-250
-225
-269
-236
-103
-49
-92
-101
-67
-51
-97
-32
71
81
24
68
141
84
54
83
117
64
99
189
254
150
109
134
162
148
141
191
167
97
169
247
112
36
64
105
11
14
-1
-24
-23
-19
44
70
100
181
257
209
58
-18
-12
7
49
41
-38
-57
-33
33
98
12
1
9
54
81
61
7
-40
-99
-123
-135
-215
-206
-204
-197
-128
-182
-204
-199
-255
-238
-211
-210
-213
-122
-106
-125
-124
-253
-273
-249
-180
-205
-260
-226
-247
-199
-195
-157
-192
-197
-127
-142
-78
-145
-237
-218
-244
