-98
-19
-90
-95
-107
-115
-87
-45
-20
-19
-41
-28
-27
0
5
-13
-26
-50
-52
-16
-18
-46
-1
-25
-35
-43
-52
-45
-72
-84
-74
-83
-82
-109
-32
-17
-8
-42
-83
-77
-53
-35
-78
-81
1
20
-20
-22
-70
-77
-117
-90
0
-22
-36
-33
-26
-76
-46
-54
-58
-143
-157
-84
-113
-106
-114
-108
-89
-65
-13
-77
-125
-83
-47
-39
21
38
-5
-42
-83
18
-54
-63
-54
-66
-46
-29
-5
-34
-71
-53
-64
-2
-58
-120
-73
-98
-79
-104
-126
-89
-55
-61
-59
-86
-59
-9
-54
-56
-107
-108
-103
-118
-97
-105
-76
-50
-65
-73
-83
-56
-81
-117
-80
-78
-19
-23
-94
-73
-44
-62
-106
-86
-81
-101
-81
-108
-139
-86
-95
-140
-141
-150
-101
-47
-17
-41
-63
-79
-54
-17
-43
-32
-54
-49
-89
-58
-13
20
36
9
-50
-70
-65
-86
-75
-37
-48
-85
-35
-26
-47
-35
-25
-18
-26
-10
7
62
66
-14
-42
-78
-85
-47
-32
21
-31
-35
-21
-11
-29
-17
-37
-76
-57
5
-20
-125
-104
-95
-53
11
2
-25
-42
-12
-76
-39
-48
-80
-6
-57
-18
12
-51
-19
-4
-30
-18
6
15
-26
4
-31
-72
24
-13
1
25
17
-44
-67
-60
-65
-46
-61
-31
-41
-29
-15
-63
-106
-105
-116
-78
-29
1
15
15
9
-33
-4
-24
-37
30
-69
-60
-31
22
-25
-57
-55
-33
48
12
54
-1
-20
-20
-22
-22
-9
14
12
27
10
46
13
-4
34
0
44
-20
-13
-18
-68
-52
-11
31
1
-58
-119
-97
-64
-23
34
59
-35
-54
11
-11
25
-2
-32
-75
-29
-24
4
71
44
62
49
29
-5
-18
-38
21
10
-10
26
14
2
2
-21
-5
-1
9
21
9
-12
-8
27
-58
-64
-50
-40
-71
-44
14
-34
-50
-29
-81
-69
-4
12
12
3
11
16
-39
-38
-44
-12
11
-29
-11
-64
-51
11
-3
-19
-47
-58
-29
-15
-9
-6
-5
-24
-80
-45
-32
-19
-28
1
39
-34
-50
-22
23
19
-45
19
24
-46
-66
-44
-2
-37
-23
-38
-53
-3
-36
-26
22
19
-21
8
-32
-71
-25
-26
-23
12
3
79
47
6
6
-22
19
-9
32
30
39
11
12
17
-50
-51
-69
-50
-71
-25
-27
-29
19
-22
-2
-5
26
45
23
-16
15
-16
38
5
-59
0
-16
-11
-1
39
3
50
-1
-18
-12
-18
0
-30
-17
-15
-75
-66
-48
-32
-54
-68
-2
-6
-48
-27
-19
-90
-59
-14
-32
-38
-20
-23
-19
-56
-51
22
-47
-22
44
50
57
11
-5
26
44
13
-50
-52
-57
22
13
-23
0
29
8
2
11
3
55
38
80
45
-39
-69
-33
-31
-68
-27
-12
-49
-13
9
26
58
68
17
-6
-18
1
-41
-23
-53
-52
-11
12
45
20
-24
-67
-52
-42
-3
-45
-15
2
-17
-17
-2
-19
-11
8
-4
24
0
-30
2
-6
-31
-1
10
-61
-79
-32
-41
-25
-3
-63
-93
-47
-78
-8
17
31
49
-24
-48
-46
32
14
6
13
-47
-11
-3
23
38
3
57
55
-27
-50
-8
-1
15
24
10
5
-32
-10
5
-32
88
58
-21
14
-80
-65
-48
-6
-12
-26
11
-52
-6
-27
-92
-25
21
11
-6
21
86
46
40
6
-9
6
45
93
20
5
6
7
-8
-32
10
94
110
11
-32
-13
22
-4
8
-1
17
20
-32
-102
-59
-9
10
7
-2
19
5
21
35
50
-3
-78
-95
-34
-4
-46
-44
-35
-38
-7
-70
-77
-68
-59
-54
-17
-4
-39
-91
-117
-93
-86
-63
-72
-60
-82
-37
-31
-11
29
-9
1
4
23
-3
27
-15
9
-10
33
30
-2
46
19
-2
3
27
0
38
24
-8
-49
-12
28
60
29
20
55
89
66
33
-14
33
60
45
86
41
15
4
-3
38
5
-39
-38
3
51
60
55
70
82
66
34
0
0
12
-1
-67
-29
10
48
20
58
91
11
27
41
59
-5
7
-2
2
71
24
37
38
51
48
59
58
35
-57
-23
-32
-26
-13
-42
3
2
22
-8
51
70
6
58
60
100
72
76
80
29
39
81
96
29
53
-24
36
23
9
13
30
3
-7
36
19
27
65
78
26
13
47
89
0
3
-5
71
79
60
78
59
107
140
100
55
88
34
69
45
14
51
95
105
47
59
44
24
29
34
47
5
17
73
50
14
24
71
55
107
77
31
97
64
83
46
56
34
-21
24
47
46
34
8
-19
25
31
1
71
95
72
92
84
55
89
65
-17
35
58
45
53
81
42
46
44
43
38
42
8
42
91
101
60
113
53
11
69
79
82
60
90
65
107
93
94
119
94
53
83
86
20
3
24
-5
35
58
61
0
17
26
23
26
37
63
89
60
20
10
33
53
24
49
36
81
14
34
47
69
58
8
65
-2
57
89
61
70
86
48
62
33
45
66
25
65
61
37
77
72
91
69
45
63
62
118
66
29
40
76
70
63
-5
-27
7
12
23
54
50
10
18
24
53
30
40
47
86
16
0
20
20
-18
15
52
38
50
15
57
-12
10
3
18
86
51
-1
-1
57
43
41
79
88
141
107
66
1
-46
-25
-38
-4
59
47
-21
34
114
87
109
67
74
73
37
67
71
49
-3
38
63
59
41
29
59
-21
-2
55
8
58
62
36
54
84
73
33
24
5
32
29
26
48
77
90
62
60
63
61
61
10
11
4
-3
100
58
27
26
36
87
92
82
87
159
93
48
61
54
46
30
58
-1
10
60
45
104
109
95
106
105
113
144
107
19
64
89
63
42
7
47
84
74
79
76
122
60
94
86
66
94
55
57
51
63
39
9
7
24
84
118
76
55
88
78
90
76
110
75
19
14
3
73
65
80
94
65
102
123
75
51
63
102
132
178
63
73
42
46
101
87
128
97
121
75
107
131
96
49
20
103
144
113
69
60
71
93
103
84
117
145
128
117
121
160
103
111
99
131
152
62
42
72
94
86
71
126
110
90
112
107
94
134
104
144
136
79
88
82
13
57
110
53
67
94
99
121
146
128
144
121
86
62
137
136
92
85
109
159
146
133
154
156
127
109
100
37
84
118
157
122
129
184
116
132
126
131
162
179
162
136
118
152
189
165
111
93
153
103
98
137
154
167
158
192
169
119
115
130
120
93
116
159
145
110
109
101
157
153
167
181
101
122
155
160
134
165
148
144
127
137
213
173
147
107
113
149
128
120
155
182
179
169
216
192
243
229
182
179
132
112
167
206
178
191
137
155
185
199
145
141
183
155
127
171
166
220
205
181
217
175
179
181
228
228
160
109
125
130
202
116
103
122
116
168
141
155
89
119
104
155
168
119
215
188
228
207
170
198
215
219
184
191
186
170
180
115
139
196
266
184
138
149
172
215
213
286
227
221
233
173
143
161
181
228
251
222
235
239
224
220
211
214
180
224
227
194
176
141
162
217
213
209
175
206
224
231
203
178
234
180
192
133
114
144
159
158
177
200
191
187
170
201
208
234
246
186
177
163
143
174
241
249
213
227
223
217
220
238
255
195
172
173
168
113
133
127
184
183
190
254
234
227
186
219
201
161
147
152
181
266
267
253
278
255
152
192
252
246
204
165
175
209
189
170
174
202
154
139
247
245
194
195
214
193
234
246
178
202
235
233
216
207
188
199
184
242
252
216
206
201
184
90
157
174
166
139
164
149
202
175
192
222
168
176
176
198
145
171
152
148
131
171
206
197
210
185
260
223
225
231
224
173
174
165
186
262
250
233
217
205
201
192
176
144
167
209
168
200
242
214
228
238
211
205
235
253
230
214
211
207
191
199
225
247
246
217
234
228
216
160
134
157
172
215
211
222
263
215
200
182
183
234
215
187
195
206
163
152
151
206
246
176
154
117
203
166
177
156
153
249
218
253
174
149
194
205
225
216
208
173
135
164
159
159
168
216
223
211
197
197
193
149
224
227
195
219
252
217
253
215
206
193
188
222
198
157
110
201
174
155
187
211
230
216
220
172
170
205
207
197
196
234
197
201
187
228
175
177
189
182
207
200
238
210
224
170
154
153
237
197
156
144
138
195
95
187
177
195
202
158
169
178
204
215
238
235
211
209
154
159
180
191
199
155
195
167
148
193
184
192
164
133
99
116
194
185
158
172
176
210
179
146
180
99
123
179
229
254
197
178
197
193
228
149
107
171
241
238
222
246
256
237
222
207
160
201
169
184
235
206
158
122
166
159
189
215
151
186
155
101
143
159
121
119
180
184
121
146
178
144
151
119
146
138
113
145
151
119
123
146
207
164
161
208
207
190
159
181
126
102
137
145
128
125
151
166
174
168
164
168
108
87
100
136
103
67
135
166
200
220
211
235
211
165
166
166
133
173
144
224
137
682
1427
1353
290
-656
-552
-82
647
1105
1116
914
456
-40
-629
-839
-425
269
826
796
204
-551
-833
-651
-551
-207
393
782
497
-122
-419
-535
-239
72
365
414
309
174
-68
-188
-175
-66
136
390
184
-62
76
-149
-398
-299
402
530
-355
-658
41
321
75
-178
-63
-100
-195
380
439
-50
-385
213
969
916
537
299
364
233
273
568
913
896
355
-38
-84
82
262
349
331
48
-143
-148
-97
-221
-357
-298
-61
150
98
-67
53
30
-81
39
272
536
469
372
216
191
240
399
602
574
420
269
309
222
110
139
151
114
70
-59
-43
-80
-156
-228
-190
-44
-33
5
9
-70
-91
20
114
263
341
313
319
310
316
333
365
466
470
330
373
330
246
193
158
72
39
74
59
63
15
-16
-47
-5
12
8
62
58
-61
4
65
110
165
241
292
280
272
250
262
238
280
332
350
317
260
235
197
102
138
117
49
46
-28
-92
-50
-21
-19
-19
-51
-33
18
20
-52
4
79
117
130
262
200
227
218
326
231
556
1839
2069
917
-412
183
1289
1490
1083
219
-637
-880
-111
440
-121
-799
-914
-691
-544
-431
-130
-73
-214
-482
-393
141
462
193
-400
-294
20
243
317
125
-120
-347
1
283
359
102
-358
-667
-771
-309
254
414
204
-365
-1130
-1135
-553
-88
-102
-149
-157
-403
-677
-374
314
1316
2435
2635
1035
-594
-192
1307
2002
1970
2061
1379
-41
-436
261
361
-26
268
583
-251
-1174
-991
-579
-1260
-1609
-667
266
15
-769
-739
-755
-979
-297
960
1282
584
292
521
417
173
922
1800
1467
747
716
751
389
113
444
585
208
176
176
-240
-860
-879
-500
-372
-428
-325
-295
-837
-1171
-793
-286
3
154
380
241
-87
106
503
632
623
919
1096
831
519
581
625
473
535
713
604
302
75
-61
-204
-341
-135
86
-134
-374
-464
-454
-570
-524
-112
-27
-211
-141
-2
-116
-104
147
408
497
578
664
619
504
505
615
676
624
623
540
348
86
53
49
55
49
38
8
-266
899
2009
1275
-544
-917
-55
316
436
587
100
-628
-554
-266
-437
-444
-97
179
88
-128
-2
43
-147
-318
-261
319
639
320
-220
-484
-264
-19
196
313
101
-388
-420
-284
-397
-239
13
-80
-457
-542
-542
-535
-589
-543
-517
-539
-551
-558
-571
-561
-409
-388
-296
-417
-485
-368
-400
-5
232
2020
3816
3320
90
-2034
-80
2731
3395
2728
2191
664
-1434
-1042
856
1294
293
77
294
-1086
-2169
-1175
-264
-1240
-2070
-536
769
-443
-1942
-1515
-581
-669
77
1651
1607
-295
-983
421
1026
768
1537
2525
1642
-84
90
1284
1039
245
697
1247
383
-582
-412
-261
-930
-1057
-129
105
-773
-1274
-1042
-1199
-1606
-856
285
337
-486
-659
-190
-234
-113
625
1172
879
539
766
808
471
538
1042
1207
863
680
708
248
-259
-96
311
260
-96
-178
-382
-798
-933
-475
-295
-358
-533
1269
3149
1978
-1105
-2143
-662
841
1924
2149
874
-973
-1450
-625
-148
299
855
849
22
-846
-746
-238
-312
-503
-271
337
411
-316
-1239
-1490
-871
-125
420
302
-318
-1132
-1305
-749
-245
238
622
334
-471
-983
-870
-478
-130
-34
-223
-505
-816
-1066
-1038
-815
-585
-669
-625
-593
-817
-863
-1120
-627
-500
1722
4805
4983
579
-3663
-1862
3096
5301
4066
2778
1281
-1373
-1903
693
2643
1428
29
289
-659
-2541
-2142
-496
-918
-2557
-1431
895
55
-3025
-3622
-1455
-399
-256
983
1694
-204
-2438
-1013
1390
1759
1521
2302
2166
59
-662
1257
2286
1082
506
1581
1481
-276
-1023
-191
54
-773
-405
519
-262
-1955
-2357
-1427
-1261
-1377
-271
231
-985
-2117
-1345
-187
-93
25
925
1135
151
-84
609
921
719
1033
1728
1541
781
491
707
359
672
3532
4523
1603
-1869
-2379
-996
148
1422
1345
-478
-2319
-2707
-2129
-1472
-547
70
-62
-676
-1050
-785
-669
-571
-290
561
1399
1082
-38
-1012
-882
-18
791
1178
853
-62
-1107
-1221
-657
-175
358
356
-318
-1102
-1576
-1505
-1418
-1345
-1351
-1247
-880
-540
-1081
-1850
-1801
-1027
-144
-150
-896
-939
-548
-143
3398
6345
4725
-1463
-3803
701
5496
5861
3918
2435
313
-1768
-749
2232
3035
565
-809
-603
-1231
-2372
-1883
-823
-1845
-3122
-1253
576
-1418
-4329
-3572
-966
-7
78
978
902
-1403
-2207
212
2537
2764
2083
2136
1569
178
494
2375
2827
1346
789
1717
1420
-524
-1005
142
109
-798
-506
10
-1179
-2883
-2730
-1499
-1181
-1113
-587
-789
-1921
-2268
-1075
92
170
126
743
871
230
212
1148
1656
1399
1681
2318
2237
3882
5223
3251
-1087
-2767
-373
2469
3355
1809
-1171
-3649
-3712
-1986
-383
188
-330
-1435
-2211
-2166
-1311
-716
-588
-468
-36
555
433
-363
-1131
-756
570
1714
1841
952
-319
-1243
-740
642
1478
1572
547
-833
-1669
-1581
-1078
-821
-892
-1368
-1683
-1554
-1572
-2175
-2504
-2144
-1207
-876
-588
-1297
-1576
-2022
886
6292
7607
2020
-4660
-2742
4595
7914
5527
3170
2512
-35
-1739
882
4537
3580
-196
-1107
-581
-1339
-2325
-1614
-1150
-2671
-2824
-599
-55
-3265
-5436
-3164
-179
191
-162
324
-276
-2460
-1994
1374
3614
2791
1587
1664
1226
660
1672
3239
2974
1492
1336
1924
1087
-528
-356
657
350
-431
-320
-510
-2140
-3350
-2338
-1041
-1122
-1390
-1218
-1801
-2719
-2247
-709
101
-271
-154
310
138
-231
521
1561
1857
1742
2316
5055
5651
4066
821
-1391
-601
1992
4225
3308
336
-2353
-3422
-2686
-1196
269
61
-1102
-2300
-2588
-1870
-1568
-1216
-966
-463
265
66
-725
-1614
-1237
-4
1230
1720
1036
-155
-1339
-1020
131
1424
1992
953
-322
-1307
-1522
-1191
-737
-609
-1014
-1319
-1617
-1960
-2447
-2569
-1904
-1435
-856
-1113
-1484
-2093
99
5447
7106
2068
-4883
-3402
4479
8586
5894
2387
1869
566
-912
1013
4655
4660
572
-1441
-961
-787
-1332
-1216
-1000
-2148
-2350
-655
-562
-3541
-5475
-3041
-17
171
-822
-443
-711
-2814
-2573
1085
3867
2710
535
603
1295
1088
1499
2985
3364
2131
1418
1725
1357
30
-6
1291
1228
41
-280
-262
-1585
-2989
-2168
-413
-410
-1492
-1885
-1870
-2455
-2531
-1133
232
-147
-738
-510
-66
-247
214
1314
2369
3947
4738
4719
2012
-481
-346
1924
4196
4113
2057
-823
-2536
-2249
-859
354
360
-355
-1672
-2300
-2069
-1842
-1364
-1065
-612
-292
-600
-1109
-1766
-1624
-600
725
1376
806
-190
-1095
-1094
-162
1086
1693
1161
187
-407
-376
-265
-578
-824
-716
-421
-632
-1314
-2300
-2650
-2305
-1460
-1073
-1279
-1623
-1797
-2081
-1637
3590
8028
5476
-3502
-6914
782
8781
8269
3226
1515
1467
-524
-764
3173
6191
2877
-1293
-1501
-23
-411
-1752
-1479
-1281
-2006
-1272
-241
-2090
-5587
-5006
-960
973
-394
-1185
-706
-2118
-3556
-946
3379
4084
951
-355
1091
1656
1026
1864
3595
3224
1366
1132
1861
976
-297
588
1765
1133
-273
-448
-855
-2507
-2834
-819
274
-1134
-2399
-2200
-2065
-2536
-2115
-295
197
-846
-1187
-250
255
54
2232
4323
4677
3576
1955
561
68
1820
3902
3978
2143
-364
-1861
-1957
-665
620
693
-210
-1471
-2105
-2246
-1788
-1261
-1061
-703
-693
-974
-1644
-2058
-1611
-739
285
731
414
-729
-1420
-1189
-245
1130
1596
1182
58
-801
-997
-667
-22
242
-212
-916
-1460
-2056
-2164
-2027
-1650
-1330
-1237
-1693
-2034
-2466
-1603
4292
8131
4542
-5151
-7091
2055
9782
7644
2021
1068
1497
-610
-708
3690
6710
2388
-2213
-1763
803
186
-2083
-1760
-569
-1098
-1329
-1022
-2605
-5446
-4494
-398
1522
-537
-1950
-1577
-2551
-3206
-216
3612
3600
-177
-1367
891
2084
1252
1720
3408
3225
1004
490
1727
1352
-124
703
2168
1418
-708
-1256
-1080
-1929
-2016
-253
245
-1545
-3151
-2686
-1944
-2016
-1789
-288
-205
-1251
-1925
235
3825
3357
1362
365
1677
2549
1995
1871
1814
1769
1191
554
199
-50
-21
-545
-333
166
88
-767
-2118
-1971
-1104
-423
-539
-1384
-1884
-1950
-1563
-1132
-654
-443
-807
-1182
-1149
-468
-153
-205
-78
39
387
360
-131
-655
-980
-1017
-875
-392
-97
-434
-1461
-2352
-2287
-1511
-776
-806
-1520
-1964
-1960
-1511
3765
8157
5248
-4496
-7988
1009
10004
8473
1517
-393
888
-287
-950
2746
6564
2894
-2984
-3076
593
1111
-2157
-2805
-775
-416
-1454
-1784
-2488
-4550
-4434
-921
1718
204
-2226
-2303
-2260
-2278
-75
3237
3635
98
-1829
363
2531
1844
1194
2773
3385
1332
-75
1232
1703
152
-25
1714
1896
-456
-2010
-1589
-1415
-1611
-767
8
-1219
-3131
-3243
-1914
-1209
-1467
-570
-58
932
1313
1459
1184
218
1490
2785
2947
1524
471
707
882
1054
856
748
150
-381
-609
-638
-157
-268
-833
-1171
-1326
-1005
-1335
-1751
-1720
-1562
-1104
-1120
-1320
-1538
-1339
-1075
-833
-519
-532
-404
-625
-550
-70
161
64
-660
-1344
-1387
-928
-259
-319
-990
-1076
-1370
-2014
-2613
-1702
-377
50
-1451
-1320
5089
8208
2988
-7274
-6779
4628
11704
6984
-455
-1066
759
-814
-696
4289
7556
1482
-4882
-3884
918
1092
-2423
-2315
-59
-438
-2352
-3311
-3093
-3912
-3169
-319
1602
-414
-3039
-3259
-2592
-1379
1063
3603
2990
-1087
-2253
501
2769
2063
1583
3048
3130
568
-746
1011
1921
709
424
1576
1534
-1216
-2823
-1842
-684
-855
-936
-776
-1809
-3556
-3445
-1628
-675
234
1156
1267
-220
-978
-276
597
1299
1983
2429
1668
328
-523
-406
757
1622
1729
876
-60
-795
-1165
-744
15
525
-51
-1196
-2026
-2095
-1653
-1387
-989
-760
-1058
-1661
-2277
-2057
-1332
-751
-422
-393
-753
-1252
-1458
-1155
-578
-94
-274
-820
-1497
-1611
-1253
-1005
-879
-1089
-1587
-1607
-1848
-1526
-1854
-1218
-1316
3194
8858
7124
-3143
-10519
-1957
10682
12373
3399
-2302
-434
165
-1510
884
6995
6226
-2370
-6173
-2025
2171
-1181
-4362
-1597
1201
-730
-3893
-4250
-3703
-3996
-2057
1273
1921
-1669
-4215
-3866
-1683
680
2965
3874
1372
-2229
-1572
1835
3325
1882
1953
3457
2476
-740
-865
1694
1935
362
576
1985
629
-2807
-3232
-1124
32
-733
-1146
-1260
-2501
-3798
-3061
-726
-217
-785
1821
3228
1128
-3496
-2478
2592
5053
3608
654
-586
-527
103
925
1490
2119
1091
-532
-1314
-448
156
-544
-705
-91
169
-759
-2493
-2966
-2116
-468
51
-656
-1671
-2370
-2645
-2105
-619
289
-172
-1206
-1896
-1290
-803
-473
-812
-1044
-908
-1052
-1502
-1516
-1182
-939
-1691
-1611
-1753
-1417
-1883
-1496
-1598
723
7890
9432
1692
-9531
-6988
6634
14131
8005
-1239
-1763
770
-665
-969
4706
8738
1419
-6532
-4855
1881
1418
-4082
-3688
621
890
-2971
-5047
-3965
-3505
-2978
-471
2247
407
-3704
-4995
-2651
532
2504
3720
2852
-924
-2465
487
3764
3029
1647
2912
3384
662
-1227
711
2307
1105
110
1227
1598
-1498
-4059
-2588
153
177
-1497
-1743
-1981
-3339
-3982
-1614
428
667
1507
1750
13
-2953
-1491
2544
4647
3436
1013
-526
-716
366
1364
1952
2038
1102
-175
-876
-519
-211
-206
-24
255
-129
-1116
-2366
-2767
-1718
-175
149
-817
-1903
-2457
-2339
-1572
-502
35
-486
-1175
-1908
-1729
-962
-240
-464
-1086
-1380
-1071
-1141
-1452
-1630
-1648
-1720
-1478
-1641
-1599
-2034
-1522
-2004
2301
9584
9204
-1198
-11306
-4090
10070
14696
5448
-2522
-1006
1213
-842
-110
6610
8361
-970
-7512
-3365
3404
121
-5126
-3305
1580
549
-4214
-5626
-3958
-3270
-2529
121
2338
-423
-4609
-5343
-1791
1644
3258
3545
1867
-1506
-1909
1542
4202
2858
1861
3057
3222
309
-976
1254
2493
1058
286
1665
1332
-2373
-4478
-2207
802
136
-1832
-2283
-2403
-3900
-4098
-1363
1356
667
500
1166
271
-2258
-1647
2693
5045
3850
716
-1055
-579
1023
1963
1898
1868
1210
-288
-1084
-549
214
156
-59
29
-356
-1146
-2325
-2651
-1589
-141
148
-1041
-2257
-2722
-2419
-1409
-302
107
-805
-1619
-2026
-1656
-729
331
-258
-1559
-2070
-1517
-1233
-1315
-1242
-1642
-1845
-1420
-248
-1838
-3297
-4147
3780
12325
10306
-3794
-13521
-3577
11433
14599
4794
-1415
-244
-799
-2713
787
8552
7774
-2282
-7315
-2488
2897
-731
-4957
-2736
1806
459
-4024
-5357
-4283
-3805
-2502
805
2642
-542
-4345
-5349
-2531
1336
4306
4309
1273
-1921
-1371
1726
3663
2904
2624
3261
2607
21
-414
1620
2244
630
229
1794
1041
-2699
-4161
-1955
321
-401
-1676
-2240
-2650
-3672
-3485
-1133
1975
3682
983
-3305
-4838
-1015
4436
6062
3365
-917
-2122
-485
1803
3036
2861
1690
-219
-696
61
713
123
-612
-185
453
358
-1221
-2846
-2962
-1114
508
339
-1038
-2667
-3284
-2533
-676
719
378
-1176
-2329
-2326
-1383
-382
-294
-671
-1021
-898
-1211
-1899
-2213
-1535
-1110
-976
-1674
-1946
-2709
-2228
-2294
590
8962
11246
2624
-11180
-8743
6070
16169
10112
-866
-2619
149
-100
-640
4761
9560
3016
-5855
-6065
1372
2340
-3018
-4428
-91
1762
-2321
-6043
-5570
-3490
-2208
-654
1477
323
-3450
-5730
-3791
526
3438
4003
2190
-804
-2132
261
3529
4179
2969
2906
3156
1482
-557
508
2707
2737
1135
936
1149
-755
-3391
-2968
-244
757
-1012
-2646
-3212
-3193
-3731
-1370
1315
2703
503
-3098
-4296
-1775
3563
5246
3031
-804
-1915
-264
1637
3086
2519
1779
559
-73
380
786
700
-159
24
651
590
-872
-2524
-2618
-1089
600
411
-1132
-2731
-3296
-2609
-1046
289
209
-1125
-2444
-2438
-1579
-567
-381
-648
-1037
-1340
-1721
-1727
-1593
-1353
-1249
-1081
-1556
-1630
-2401
-1870
-1719
1169
9068
11036
2839
-10683
-8545
5981
16600
10271
-1028
-2980
222
86
-936
4349
9395
2979
-6157
-6687
983
2551
-2650
-4558
-284
1828
-2307
-6175
-5446
-2847
-1797
-758
1371
640
-3313
-5879
-3597
1118
3820
3731
2049
-452
-1804
239
3342
4555
3398
2709
2624
1475
-149
701
2648
2836
1269
677
821
-587
-3114
-2775
-274
964
-866
-2772
-3246
-2309
-1647
-368
810
473
-1565
-3089
-1797
1326
3557
2748
43
-1823
-792
1758
2802
2535
1314
588
214
432
997
1217
808
-126
-130
400
237
-1076
-2001
-1299
-88
326
-677
-1806
-2324
-1953
-1145
-301
12
-626
-1697
-2468
-1813
-583
-110
-788
-1775
-1882
-1440
-1318
-1711
-1874
-1476
-1217
-1574
-2025
-2261
-2215
-1716
-1021
6377
11873
7613
-6715
-11960
78
14878
15316
3183
-3332
-1319
778
-619
2284
9100
7166
-3051
-8259
-2595
3161
-69
-4322
-2677
1433
-668
-5336
-6695
-4030
-2101
-1328
246
1197
-1767
-5347
-5520
-1070
3265
4741
3047
223
-2086
-791
2575
4962
4387
3290
2900
2229
434
349
2354
3560
2279
798
542
156
-2105
-3197
-1360
813
202
-2214
-3271
-2318
-1281
-635
-711
-1433
-2053
-1431
-121
1602
1808
192
-1533
-768
1571
3246
2635
848
-158
516
1641
1810
1369
897
274
-135
27
434
160
-623
-1177
-917
-524
-409
-1285
-2197
-1860
-973
-475
-804
-1362
-1651
-1495
-1348
-1462
-1288
-825
-308
-974
-1742
-2070
-1798
-1439
-1009
-870
-963
-2251
-2740
-3003
-1248
-854
2393
9173
10466
1326
-10879
-7295
7680
17303
10029
-987
-3319
430
351
55
5269
9485
3057
-6182
-6634
544
2315
-1931
-3850
-272
867
-2884
-6536
-5339
-2718
-1567
-678
838
-105
-3674
-5824
-3503
994
3763
3865
2209
-717
-2166
-102
3689
5364
4219
3139
2589
1439
-141
846
3271
3952
2104
466
438
-332
-2313
-2440
-354
1090
-537
-2773
-2274
-353
-411
-2408
-3052
-1161
909
824
-679
-1354
-588
295
642
999
1600
1452
482
-34
876
2187
2142
1072
484
709
884
380
-96
48
363
45
-777
-1042
-905
-824
-1187
-1278
-889
-732
-1309
-1833
-1479
-906
-999
-1553
-1900
-1498
-854
-930
-1506
-1972
-1827
-1527
-973
-1205
-1787
-2537
-2269
-2165
-998
-1112
3395
10000
9959
-1089
-11014
-5013
10306
17129
8123
-1902
-2833
1026
399
873
6437
9684
1535
-7482
-6579
1520
3012
-1777
-4041
-722
122
-3560
-6921
-4885
-1897
-1134
-1404
-234
-800
-3548
-5542
-3193
1336
4064
3452
1408
-1234
-1663
528
3826
5185
4234
2777
2105
1198
472
1643
3637
3851
1847
53
117
-276
-1596
-1782
-250
815
-542
-1528
-878
-996
-3072
-4157
-1637
2161
2457
-974
-3807
-3016
-112
1855
2019
1356
585
-365
-559
532
2227
2784
1490
136
165
992
827
-62
-194
776
1204
203
-1187
-1819
-1440
-731
-296
-45
-394
-1456
-2564
-2425
-1203
-486
-1121
-1950
-1957
-1273
-1005
-1631
-2095
-1871
-1420
-1278
-1472
-1704
-2125
-2675
-2841
-1503
-349
5663
11075
8568
-4027
-11361
-2671
13398
17331
6883
-3090
-2582
786
445
1754
8150
9610
153
-8601
-6077
2211
2930
-2297
-3606
-236
-286
-4652
-7445
-4622
-1525
-1184
-1460
-45
-1097
-4349
-6222
-3005
2093
4458
3300
965
-1717
-1880
597
4366
5743
4456
2633
1804
745
439
2054
4414
4349
1761
-348
-57
-209
-1368
-1525
113
809
-838
-2291
-1114
-449
-2060
-3793
-2466
630
1881
-136
-2294
-2231
-560
838
1333
1580
1573
663
-170
257
1771
2639
1829
444
265
954
1054
235
-227
264
683
106
-735
-1322
-1382
-1211
-1034
-667
-609
-1266
-2212
-2500
-1660
-927
-1387
-2178
-2433
-2218
-1771
-1453
-1451
-1460
-1778
-2309
-2891
-2555
-2052
-2002
-1867
-1352
5201
11649
9311
-4262
-12484
-3150
13858
18151
7259
-3201
-2756
481
251
1716
8859
10496
586
-9484
-6877
2480
4272
-1573
-4053
-994
-367
-4629
-7481
-4649
-1302
-1243
-2232
-968
-931
-3588
-5959
-3820
1182
4288
3611
1056
-1659
-2038
155
3871
5602
4902
3070
1842
624
272
1828
4332
4664
2160
-352
-318
-322
-1121
-1371
47
742
-745
-2425
-2052
-1059
-1533
-2660
-2189
-258
794
-518
-2125
-1982
-371
819
909
775
917
735
275
355
1425
2459
2090
847
294
630
892
532
318
643
693
-124
-990
-1320
-1049
-863
-974
-1087
-1051
-1275
-1945
-2250
-1765
-1116
-1173
-2032
-2516
-2235
-1701
-1561
-1574
-1414
-1292
-2008
-2823
-2876
-2208
-1950
-1811
-1478
4175
11331
10368
-1943
-11921
-5372
11205
18525
9869
-1464
-3278
-268
-16
1041
7789
11340
2957
-8483
-8720
449
4588
23
-3721
-1827
-515
-4002
-7447
-5296
-1532
-943
-2200
-1312
-524
-2653
-5609
-4627
135
4039
4290
2097
-1024
-2283
-771
3105
5912
5633
3382
1746
712
216
1274
3844
5103
3190
-93
-969
-568
-790
-1248
-499
702
475
-1197
-2087
-2511
-2915
-2516
-769
1030
1098
-1042
-3039
-2685
-366
1740
2222
1347
435
-271
-12
956
2116
2670
1937
669
65
379
696
395
279
751
804
-247
-1312
-1692
-1394
-829
-431
-410
-975
-1868
-2586
-2526
-1717
-931
-920
-1538
-2212
-2728
-2667
-1960
-1220
-1102
-1597
-1886
-2478
-3266
-4189
-2809
-944
3000
9299
11291
3420
-9147
-10238
3672
17780
16327
3851
-4130
-2805
-260
424
5020
11302
8213
-3638
-10514
-4772
3185
2943
-1879
-2510
-757
-2134
-6541
-6972
-3110
-638
-1535
-1813
-724
-1442
-4491
-5697
-2466
2367
4457
3618
775
-1711
-2131
504
4366
6404
5255
2797
827
-122
247
2483
4839
4517
1512
-888
-1048
-790
-1110
-1114
-18
139
-736
-506
-570
-2716
-5191
-4052
96
2927
1950
-1243
-3443
-3078
-915
1550
3213
3124
957
-1275
-1243
748
2732
3086
1935
464
-138
217
230
7
301
877
553
-415
-1312
-1914
-1969
-1425
-475
13
-543
-1767
-3043
-3164
-1939
-810
-868
-1570
-2219
-2705
-2801
-2435
-1498
-1078
-1466
-2625
-3481
-3805
-2739
-1579
3648
11447
12400
893
-11920
-9053
7715
19279
13943
1735
-2993
-1104
-1020
-784
6278
13020
7339
-6123
-10758
-3084
3596
1202
-2801
-1761
50
-3025
-7631
-6899
-2427
-547
-1827
-1754
-339
-1337
-4523
-5399
-1712
2939
4928
3996
832
-1676
-1708
1155
4644
6229
5410
3410
837
-975
-378
2751
5301
4206
665
-1105
-1045
-1265
-2082
-1512
602
906
-910
-2189
-2461
-2876
-3252
-2123
322
1788
443
-2136
-3284
-1677
989
2491
2485
1690
441
-426
-135
1272
2743
3051
1855
266
-200
262
324
38
233
725
301
-942
-2045
-2152
-1543
-1004
-771
-916
-1172
-2086
-3112
-2868
-1501
-613
-1166
-2225
-2701
-2671
-2638
-2062
-1172
-820
-2010
-3458
-4613
-3685
-2131
3265
11601
13622
2669
-11892
-11472
5136
19019
16025
3848
-2632
-2138
-2137
-1751
5515
13587
9420
-4561
-11626
-5088
3058
2128
-2169
-1932
-134
-2681
-7318
-7165
-3019
-991
-2152
-1972
-108
-421
-3911
-6074
-3226
1888
4951
4987
2390
-933
-2414
-414
3665
6455
6451
4647
1880
-880
-1392
1447
5099
5480
1964
-1009
-1492
-1371
-1999
-1971
-173
1105
-149
-1970
-2476
-2574
-3169
-3080
-902
1537
1627
-850
-3142
-2661
-240
1897
2499
2346
1495
246
-561
163
2152
3369
2667
980
-15
56
193
-145
-75
543
601
-444
-1763
-2087
-1652
-1290
-1178
-1191
-1334
-1695
-2421
-2733
-2253
-1521
-1309
-1894
-2404
-2588
-2556
-2224
-1551
-1247
-1764
-3176
-4620
-4194
-1014
6863
13630
10646
-3042
-12968
-6330
10687
19159
12459
1554
-2601
-2367
-2754
296
8820
13187
4565
-8017
-9957
-1806
3233
192
-2723
-1341
-556
-4417
-7834
-5688
-1744
-1393
-2886
-1737
419
-900
-4650
-5642
-1823
2975
5123
4254
1642
-837
-1616
425
4106
6536
6385
4202
1129
-1162
-690
2442
5144
4340
1166
-741
-1181
-1623
-2164
-1239
1026
1637
-730
-3650
-4097
-2537
-1297
-891
-442
-100
-533
-1723
-2110
-842
1087
1937
1534
1050
1047
1119
732
840
1872
2763
2431
993
13
-7
288
282
354
411
31
-959
-1951
-1930
-1277
-818
-1088
-1546
-1891
-2115
-2384
-2296
-1826
-1564
-2001
-2575
-2413
-2029
-2025
-2186
-2058
-1921
-2466
-3560
-3957
-1835
6036
13727
11781
-1778
-12610
-6983
9910
18978
12992
2480
-1513
-1711
-3249
-1120
8355
14270
6158
-7750
-10919
-2469
3487
643
-2649
-1210
-165
-4424
-8369
-5932
-1027
-555
-3171
-2751
194
-22
-3734
-5441
-2181
2344
4704
4344
2430
190
-1199
-154
3085
6186
6956
4979
1560
-1140
-978
2031
5029
4542
1441
-765
-1215
-1595
-2123
-1060
1056
1605
-585
-3219
-4082
-3042
-1538
-499
-51
-206
-927
-1848
-1886
-630
1133
1876
1698
1255
1086
1043
867
923
1629
2562
2480
1394
301
-155
-139
-24
422
796
315
-1021
-2121
-2132
-1307
-736
-885
-1397
-1893
-2393
-2670
-2491
-1963
-1841
-2360
-2705
-2526
-2261
-2150
-2298
-2457
-2822
-3344
-3838
-2656
4321
12851
12789
348
-11763
-8323
7619
18034
13880
4014
-457
-1281
-3263
-1893
7126
14397
8143
-5874
-11186
-3990
2790
1166
-2260
-1387
-141
-3918
-8360
-6759
-1722
-609
-3169
-3315
-220
460
-3131
-5807
-3252
1667
4500
4376
2789
960
-742
-685
2050
5623
7336
5774
2232
-801
-1150
1397
4416
4779
2159
-448
-1524
-1795
-2058
-1071
846
1406
-413
-2898
-4043
-3491
-1948
-709
-162
-198
-800
-1678
-1981
-1142
518
1676
1923
1564
1252
1111
782
715
1268
2321
2606
1671
460
-99
-119
-42
385
822
512
-708
-1937
-2111
-1465
-802
-783
-1358
-1840
-2245
-2720
-2772
-2446
-2131
-2215
-2348
-2514
-2598
-2560
-2616
-2922
-3721
-4084
-3737
1285
10674
15037
6144
-9334
-13146
785
16892
18582
8198
-73
-1546
-2919
-3818
2842
13941
14056
-25
-12164
-9009
1224
3529
-833
-2141
22
-1782
-7881
-9112
-3581
548
-1656
-4589
-2321
868
-1030
-5407
-5226
-178
3908
4650
3432
2012
154
-1252
250
4243
7645
7526
4180
221
-1800
-521
3042
5722
4681
1219
-1479
-2478
-2574
-2301
-394
1914
1698
-1345
-4250
-4529
-2866
-1188
-332
243
105
-940
-2216
-2224
-439
1713
2299
1766
1425
1408
1129
683
1086
2156
2899
2281
906
64
-50
-34
-18
406
769
129
-1364
-2462
-2239
-1359
-721
-791
-1447
-2198
-2555
-2680
-2525
-2221
-2032
-2139
-2227
-2181
-2139
-2838
-3589
-3547
-2964
-3277
-2312
4880
14018
12966
-1710
-14332
-8066
10772
20446
13255
2183
-814
-1034
-4136
-2772
8587
17068
8797
-8066
-13144
-3409
4448
1780
-2415
-818
648
-4678
-10090
-6915
179
1063
-3565
-4638
-624
975
-3012
-6221
-3261
2166
4673
3806
2505
1428
-364
-1172
1217
5542
8114
6671
2597
-1057
-1782
720
4449
5727
3392
128
-1926
-2611
-2549
-1505
719
2337
1392
-1999
-5184
-5378
-2894
-91
1022
663
-586
-2089
-3043
-2266
275
2542
2989
1853
797
574
773
981
1611
2658
2991
1929
274
-569
-357
249
684
844
563
-306
-1607
-2575
-2252
-1216
-500
-809
-1743
-2504
-3041
-3135
-2771
-2081
-1798
-1900
-2480
-2759
-2986
-3396
-3984
-3937
-4144
-1072
7700
15498
10949
-5539
-15557
-5609
13698
21176
12270
1374
-1566
-2714
-5175
-1223
11583
17595
6222
-10638
-12965
-2068
4409
1153
-1987
205
223
-6383
-10648
-5896
1104
648
-4080
-4068
214
644
-4132
-6450
-2409
2948
4757
3542
2461
1231
-735
-1300
1557
6271
8352
6018
1571
-1587
-1428
1497
4742
5502
3227
-125
-2265
-2972
-2411
-886
1213
2281
974
-2392
-5033
-4983
-2676
-198
927
565
-675
-2100
-2980
-2237
72
2366
2943
1864
826
563
584
781
1502
2520
2962
1983
323
-716
-692
-11
579
905
506
-686
-2102
-2720
-2117
-1170
-737
-1227
-2032
-2571
-2851
-2734
-2484
-2488
-2631
-2675
-2170
-2102
-2912
-4331
-4792
-4923
-2487
5891
15093
13817
-1757
-15506
-10195
9334
21405
15912
4109
-1012
-2567
-5476
-3708
8513
18367
11062
-6951
-14255
-5465
3409
2325
-1416
-62
1139
-4758
-10964
-8232
-252
1796
-2849
-4840
-1121
950
-2963
-6476
-3689
2104
4946
3925
2661
1491
-461
-1659
500
5450
8584
6969
2448
-1422
-2068
377
3974
5681
4146
827
-2037
-3148
-3045
-1040
2333
3551
524
-4387
-6123
-4061
-1282
151
314
-251
-1313
-2517
-2711
-1241
943
1880
1554
1136
1363
1377
559
216
1016
2458
2950
1995
449
-606
-569
-141
476
1057
857
-596
-2535
-3084
-1973
-707
-508
-1222
-2182
-3043
-3606
-3473
-2806
-1642
-1370
-2238
-3242
-3779
-3925
-4331
-4481
-4078
1083
10455
15577
6774
-9626
-14700
-895
16312
19589
9717
1308
-1256
-3842
-6003
791
13986
16944
3150
-11732
-11049
-736
3393
121
-1088
1566
-375
-7850
-10847
-5196
1207
218
-3764
-3087
180
-740
-5463
-6257
-1359
3789
4838
3544
2272
498
-1439
-1354
2390
7194
8552
5524
708
-2252
-1604
1666
4950
5491
3133
-395
-2660
-3450
-2628
547
3570
2916
-1783
-5764
-5449
-2749
-423
398
69
-804
-1930
-2574
-2127
-283
1448
1882
1168
819
1214
1173
616
393
1277
2554
2633
1501
48
-617
-597
-125
659
1325
681
-1325
-2832
-2620
-1448
-709
-904
-1395
-2243
-3191
-3762
-3952
-2984
-1813
-1204
-2146
-3354
-4601
-5219
-5856
-4315
3725
14150
15833
2273
-13810
-13241
4276
19135
17791
7004
804
-1359
-4841
-5726
4162
16338
14611
-1405
-12835
-8191
1345
2520
-1337
-979
1999
-1404
-8643
-9785
-3390
991
-1414
-4113
-1596
1430
-1270
-6321
-6123
-738
4257
4882
3581
2123
124
-1817
-1291
2944
7762
8623
4988
-118
-2638
-1242
2504
5260
4959
2448
-425
-2297
-3234
-2296
950
3209
1822
-2404
-4932
-4231
-2346
-1064
-508
-259
-629
-1495
-2127
-1591
-55
1073
1237
1139
1526
1873
1209
293
266
1443
2535
2360
1318
206
-280
-411
-332
162
795
507
-1005
-2320
-2499
-1776
-1102
-1265
-1911
-2727
-3152
-3090
-2853
-2481
-2378
-2441
-3067
-3689
-4375
-4638
-5087
-1481
7884
15865
10901
-5575
-15591
-5964
12845
20489
12498
2620
-389
-2050
-5435
-2502
10017
17648
8325
-8529
-12990
-3633
3617
1381
-2032
-16
1030
-4666
-10306
-7649
-562
1015
-2919
-4102
-504
1085
-2903
-6452
-4149
1463
4828
4493
3204
1457
-654
-1696
260
4744
8077
7379
3306
-1011
-2447
-246
3557
5595
4296
1085
-1460
-2719
-3063
-1398
1641
3261
1176
-2998
-5174
-4380
-2211
-478
317
258
-534
-1796
-2549
-1722
265
1931
2134
1624
1320
1058
626
392
967
2103
2531
1863
706
-239
-607
-485
27
616
594
-381
-1808
-2538
-2231
-1526
-1104
-1170
-1868
-3037
-3713
-3407
-2356
-1629
-1832
-2885
-3526
-3928
-4442
-5671
-4497
3589
14092
15492
1642
-13867
-12703
4829
18938
17128
6585
545
-1250
-4364
-5238
4088
15885
14567
-980
-12629
-8692
1027
3170
-562
-1175
1082
-1496
-7891
-9626
-4053
785
-532
-3568
-2493
325
-887
-4892
-5561
-1448
3483
5063
3999
1945
-130
-1364
-513
2726
6460
7780
5522
1068
-2079
-1702
1914
5056
5225
2470
-503
-2050
-2643
-2241
-486
1872
2394
-48
-3200
-4745
-3964
-2169
-592
356
393
-355
-1636
-2565
-1993
152
2290
2790
2121
1267
623
191
247
1321
2650
2952
1736
-29
-934
-702
40
593
819
436
-761
-2211
-3034
-2392
-1255
-782
-1371
-2542
-3425
-3744
-3279
-2425
-1657
-1958
-3518
-5012
-5006
-4144
-4279
-364
9074
16152
8487
-9147
-16440
-2456
16924
20781
9222
-463
-1161
-1003
-4170
-962
10928
17270
6524
-9897
-12503
-2108
4841
1663
-2429
-528
612
-4214
-9553
-7397
-1022
1028
-1932
-3650
-1397
-327
-3066
-5580
-3834
1226
4609
4947
2847
94
-1685
-1140
1907
5363
7226
6400
3091
-762
-2554
11
4206
6218
4051
151
-1930
-2302
-1938
-1095
814
2399
1344
-1732
-4581
-4656
-2731
-613
331
1
-595
-1417
-2139
-2277
-807
1492
2628
2077
895
606
684
617
904
1744
2741
2561
1008
-698
-1098
-317
527
773
488
-84
-1204
-2514
-2985
-2206
-966
-880
-2013
-3127
-3413
-3136
-3248
-3207
-2945
-2489
-3471
-5174
-7247
-4748
4758
15238
14160
-1600
-15776
-11476
7767
20686
16121
4405
-1247
-1528
-3429
-3190
5816
16102
13537
-2187
-12682
-7930
2472
4755
150
-1788
-355
-1638
-6705
-8386
-4252
-90
-352
-2998
-2879
-1393
-1818
-4089
-4864
-2010
1970
4692
4416
1573
-1536
-2196
510
4029
6156
6080
4526
1707
-1277
-1463
1825
5774
5940
2133
-1428
-2089
-1197
-812
-577
545
1490
666
-1875
-4082
-4389
-2743
-756
63
9
-522
-1316
-2446
-2704
-972
1739
3272
2272
570
-290
35
935
1740
2418
2637
1950
395
-925
-791
396
1221
659
-465
-1053
-1350
-1796
-2173
-1864
-1315
-1528
-2495
-3328
-3178
-2677
-2512
-3181
-3488
-3691
-3795
-5374
-6185
-256
10736
16150
5244
-12216
-16132
184
18289
19486
7366
-1682
-1580
-1071
-2964
904
11396
16290
5541
-9203
-11766
-1684
6032
3715
-1424
-2395
-1179
-3139
-6637
-6348
-2851
-182
-1032
-2384
-2621
-2477
-3096
-4037
-3443
-971
2829
5300
3805
-793
-4110
-1964
3078
6503
6303
4350
2438
225
-1397
-317
3814
6887
5195
470
-2650
-2165
-691
15
771
1831
1779
-791
-3983
-5187
-3522
-674
783
345
-1164
-1980
-2369
-2428
-1772
56
2388
2994
1752
-221
-1050
-337
1263
2572
2812
2482
1411
-132
-1395
-1150
739
2184
1650
-155
-1830
-2386
-2152
-1938
-1380
-817
-787
-1999
-3519
-4362
-3788
-2649
-2110
-2666
-3843
-5570
-6710
-2223
7569
14937
8180
-7885
-16075
-5091
13363
19643
10708
-592
-3266
-1527
-1242
899
7831
13752
8532
-3837
-10595
-5384
3636
5913
1806
-2404
-3144
-2634
-3508
-4587
-4421
-2266
-555
-219
-1809
-3643
-3959
-3340
-2496
-1957
267
3697
4729
1302
-3792
-4165
574
5978
6980
4484
1886
419
-175
-95
2042
5043
5681
2957
-1056
-2490
-1640
234
1603
2156
1765
-258
-2643
-4392
-3972
-1762
546
1073
-408
-2013
-2882
-2682
-1812
-460
1125
1993
1897
653
-634
-1076
-48
1733
2737
2648
1499
347
-508
-721
-72
1108
1835
1132
-372
-1840
-2272
-1815
-1072
-710
-1071
-1953
-2929
-3573
-3241
-2702
-2309
-2941
-4015
-5433
-5723
-1346
7163
12839
6031
-7876
-14606
-4213
12389
18186
10043
-1037
-4248
-2069
237
2517
7111
10776
7106
-1820
-7922
-5229
1674
5279
3395
-1089
-3600
-3645
-2457
-2444
-3679
-3836
-2011
689
285
-2752
-5229
-4589
-2079
-686
301
1769
3210
1780
-2121
-4036
-1475
3986
6886
5543
1994
-535
-676
691
2695
4022
4162
2998
1010
-677
-1569
-1000
772
2748
3253
1251
-2049
-4499
-4150
-1935
376
1130
261
-1297
-2853
-3411
-2667
-678
1248
1997
1482
217
-845
-1149
-360
1016
2212
2314
1432
327
-549
-739
-184
883
1583
1285
25
-1314
-1784
-1521
-1011
-813
-771
-1180
-1953
-2939
-3380
-3148
-2573
-2672
-3391
-4931
-5097
-924
6676
10801
4195
-7852
-13205
-3748
10834
16593
9514
-1304
-5725
-3537
1004
4452
7125
7791
4737
-597
-4726
-4107
-185
3769
4207
1145
-2573
-4268
-2867
-1552
-2014
-3350
-2765
161
1291
-907
-4780
-5933
-3682
-408
1772
2075
1466
-227
-1970
-2698
-1288
1848
4509
5097
2846
-241
-1943
-794
2312
4356
4021
1911
367
-53
-84
-402
-362
1078
2689
2874
593
-2541
-4198
-3289
-739
1105
1255
-82
-1897
-3284
-3382
-2140
-266
1363
1773
1037
-624
-1944
-1807
-174
1670
2205
1548
289
-636
-912
-628
42
901
1357
845
-384
-1541
-1712
-1193
-593
-273
-507
-972
-1856
-2596
-3072
-2793
-2240
-2146
-2889
-4218
-3037
1795
7563
6869
-1205
-9705
-8663
1967
11960
12582
4243
-4155
-6360
-2237
3412
6597
6329
3370
567
-1251
-1677
-1289
-83
1822
2717
1556
-1439
-3245
-2831
-1435
-1105
-2043
-1835
-517
591
-431
-3021
-4815
-4183
-990
2194
3214
1239
-1827
-3328
-2326
301
2298
3033
2377
1271
52
-736
-292
1036
2510
2849
2106
737
-217
-585
-475
288
1171
1908
1712
719
-901
-2281
-2539
-1456
431
1436
836
-1106
-2776
-3047
-1992
-353
746
1104
541
-467
-1380
-1584
-817
356
1311
1337
646
-401
-1070
-1126
-545
484
1026
767
-69
-675
-985
-1056
-980
-647
-36
-36
-691
-1772
-2341
-2175
-1470
-1156
-1518
-2339
-2228
146
3604
4621
1424
-3755
-6009
-2486
3922
7882
5998
558
-4128
-4244
-210
4102
5186
2605
-251
-1156
-18
859
280
-544
-373
895
1503
721
-930
-2143
-2249
-1533
-284
394
271
-529
-1372
-1850
-1890
-1402
-496
813
1426
885
-504
-1749
-1565
-202
1466
2013
1302
30
-653
-309
496
1006
694
305
151
397
622
313
-284
-877
-826
106
1295
1540
425
-967
-1594
-1033
-42
571
604
93
-639
-1223
-1227
-940
-339
295
424
215
-186
-343
-370
-235
115
549
654
271
-86
-397
-526
-569
-364
-35
166
108
-209
-462
-649
-593
-521
-415
-248
-52
73
-262
-814
-1180
-936
-353
-28
16
-399
-763
-666
-92
574
1021
739
-199
-1022
-1108
-204
1063
1752
1151
-245
-1169
-850
350
1142
828
-118
-469
-80
500
615
23
-558
-744
-309
449
1020
896
-16
-1064
-1400
-727
331
823
460
-317
-773
-718
-442
-78
178
208
193
301
282
157
-78
-161
-140
33
279
197
-108
-390
-432
-298
-285
-341
-435
-446
-374
-277
-255
-292
-321
-351
-406
-254
18
224
241
104
35
71
78
-41
-54
117
360
363
178
-67
-92
-81
-12
175
318
116
-291
-467
-346
-125
-153
-366
-438
-251
-175
-404
-698
-622
-134
159
53
-304
-524
-321
-85
60
125
174
237
94
-208
-403
-243
152
344
134
-342
-618
-351
-42
42
-103
-284
-298
-409
-519
-607
-494
-252
-143
-245
-452
-474
-438
-320
-265
-222
-86
-25
-7
-131
-189
-84
171
299
209
91
144
218
252
187
233
345
352
247
104
155
143
51
-64
-117
-73
-55
-150
-320
-302
-229
-232
-401
-539
-420
-298
-250
-227
-321
-384
-383
-340
-236
-135
-90
-75
-6
196
250
8
-214
-147
103
350
369
252
94
-71
-114
-14
103
79
-124
-315
-345
-134
-125
-287
-366
-277
-176
-331
-492
-463
-177
99
35
-275
-444
-349
-84
-89
-195
-91
86
254
107
-237
-269
-37
248
297
109
-94
-189
-173
-141
-117
-48
20
67
-135
-450
-572
-504
-244
-131
-236
-405
-480
-310
-203
-318
-436
-283
-64
-93
-249
-340
-154
89
159
76
-4
124
271
287
177
83
187
205
177
164
270
299
127
-92
-188
-66
-56
-130
-236
-210
-158
-267
-459
-586
-449
-174
-114
-197
-207
-267
-424
-364
-185
-11
88
3
42
98
75
70
140
209
286
284
141
82
87
24
-49
-40
14
-64
-245
-441
-346
-193
-203
-314
-404
-252
-235
-431
-578
-461
-159
-44
-182
-390
-404
-112
-20
-97
-134
-60
81
107
-80
-212
1
256
242
112
-67
-153
-151
-109
3
127
138
-80
-269
-353
-347
-282
-171
-65
-169
-357
-515
-405
-169
-47
-132
-243
-288
-228
-185
-220
-24
243
290
100
-122
-44
193
403
457
212
58
56
70
101
194
276
272
29
-242
-211
-75
-18
-47
-72
-96
-153
-306
-529
-479
-274
-48
-36
-165
-338
-459
-331
-271
-172
-69
3
62
0
-133
-159
-62
193
282
271
202
30
-146
-188
7
143
205
22
-216
-295
-267
-166
-115
-36
-93
-172
-278
-381
-391
-277
-87
-22
-190
-352
-311
-176
-20
7
-2
-66
-56
13
-57
-117
-55
122
267
279
128
-29
-125
-155
-125
-19
95
53
-57
-238
-363
-323
-170
-109
-117
-194
-293
-363
-388
-271
-82
-23
-197
-337
-393
-291
-146
30
199
184
-35
-199
-135
115
355
416
270
106
71
26
63
166
197
166
74
-47
-104
-142
-100
-93
-188
-181
-188
-310
-403
-462
-403
-223
-166
-271
-287
-274
-159
-180
-252
-171
-26
139
138
0
-65
2
97
161
128
85
18
14
28
16
-7
1
-23
-178
-194
-106
-48
-43
-179
-225
-186
-164
-327
-399
-215
16
9
-175
-252
-172
-94
-109
-85
50
131
38
-130
-83
134
172
145
117
108
58
-5
-50
13
78
37
-73
-111
-55
-170
-160
5
57
-53
-320
-435
-430
-214
-96
-130
-65
-114
-322
-478
-399
-97
114
118
15
-100
-147
-116
-20
126
279
249
124
-55
-39
18
83
161
157
120
0
-107
-134
-62
17
-29
-96
-129
-189
-268
-298
-295
-179
-61
-96
-186
-246
-184
-158
-110
-135
-59
108
112
72
-124
-71
146
257
149
-25
-55
-9
19
-21
39
60
92
-107
-236
-152
-32
-17
-126
-146
-127
-130
-251
-233
-79
85
72
-76
-218
-189
-88
-22
-7
34
139
106
-10
-117
-30
196
299
278
142
65
-64
-107
-51
122
273
172
51
-106
-168
-151
-70
83
144
-19
-184
-355
-266
-92
29
43
-42
-106
-295
-378
-271
-7
156
81
-10
-39
-5
0
26
130
194
170
87
63
5
35
97
95
155
138
-26
-118
13
65
-22
-68
-116
-62
-43
-90
-131
-122
0
8
-52
-63
-95
-88
-58
7
91
94
98
-6
-71
-27
149
291
238
20
-63
-2
117
116
16
-6
-18
-24
-54
-99
7
46
16
-26
-105
-44
-76
-54
-73
-97
60
74
-55
-47
-63
-3
23
-15
82
107
139
42
-26
31
168
304
256
66
1
9
101
161
242
250
140
-19
-81
-34
43
144
98
-10
-89
-124
-106
-58
103
166
70
-108
-201
-182
-55
59
79
59
-28
-40
42
124
151
161
124
37
54
116
111
155
174
91
107
143
76
-4
29
119
137
-29
-133
-96
6
120
20
-134
-99
-57
-31
-36
-23
22
-4
-31
-70
-4
99
69
-21
-45
53
142
167
56
-96
-36
80
226
136
-23
-72
-15
50
-11
-14
57
115
57
-100
-137
-26
60
81
39
44
-5
-56
-78
-29
96
184
173
93
50
89
114
153
231
206
195
180
102
4
14
29
91
195
131
67
-26
-85
-48
49
84
143
100
-35
-92
-83
-41
15
82
79
19
-119
-163
-13
131
105
0
67
62
6
1
85
206
180
127
-17
-17
74
169
193
160
177
114
10
33
81
132
213
190
64
14
-57
-7
111
123
98
101
44
-54
-27
-61
67
126
55
56
125
117
75
58
57
223
262
102
-65
-105
58
218
313
221
53
-42
-49
36
67
172
226
228
103
-103
-193
-93
141
230
196
122
48
-12
-127
-24
90
239
342
202
63
-8
85
111
141
229
202
190
108
4
79
178
233
213
221
146
28
44
12
-46
30
114
174
172
14
-41
30
122
179
156
43
-60
-63
-15
27
89
44
49
113
79
140
158
198
209
144
132
118
136
132
223
299
204
36
-33
51
71
40
49
103
130
33
25
13
76
104
118
173
160
20
-64
80
222
212
66
27
140
269
139
12
104
302
288
113
69
108
261
255
96
63
147
157
58
38
-6
127
244
245
160
-24
-26
-19
66
118
139
184
138
77
15
41
161
252
197
115
76
149
189
207
172
187
237
204
107
150
145
176
189
103
102
100
148
171
197
98
-4
-8
105
257
228
139
-27
-31
18
50
62
101
130
164
100
55
97
127
202
175
152
126
90
47
99
93
102
122
139
130
115
95
47
59
101
142
98
109
174
132
39
-26
-7
75
86
126
91
70
32
36
84
121
141
182
175
183
138
49
-6
-15
142
202
157
122
202
250
191
63
13
74
126
138
73
81
117
140
143
79
79
86
131
119
100
148
164
198
133
-3
36
122
216
167
82
127
168
171
144
175
229
251
194
159
115
107
158
208
228
172
152
91
88
97
46
75
153
128
92
47
53
133
134
54
71
86
67
71
47
135
150
107
53
91
164
205
189
158
87
113
131
64
144
252
288
136
36
57
100
150
185
119
178
142
66
35
45
84
70
161
59
116
130
56
56
125
209
179
178
166
214
166
162
226
305
180
68
45
107
217
232
201
129
113
70
89
93
179
217
194
174
94
6
24
140
175
145
168
157
160
97
59
94
153
181
185
197
121
63
129
137
158
189
156
163
228
185
171
178
182
155
61
70
127
152
148
82
11
128
189
141
56
115
235
154
30
-29
107
155
118
83
89
125
98
78
12
93
174
146
100
23
41
45
34
78
173
268
172
73
30
87
141
185
210
155
143
55
20
1
41
145
73
-3
50
38
91
152
93
71
50
27
42
76
50
69
67
100
133
147
108
59
93
14
-7
115
138
58
-4
-4
54
146
129
99
-1
-33
35
38
42
76
63
-3
-47
-34
20
109
142
90
43
85
34
29
120
162
90
3
43
58
110
74
85
95
103
121
122
34
39
77
74
47
-1
67
123
179
35
-28
29
121
210
115
41
79
137
87
71
61
76
-21
-85
-13
32
186
144
62
1
13
31
63
238
165
131
85
-52
-55
106
160
151
107
-9
-35
-13
40
81
207
154
145
102
58
97
155
144
84
63
80
118
132
98
72
129
136
158
145
128
112
114
78
104
170
159
150
78
28
53
99
120
148
104
19
48
55
122
195
216
175
110
64
11
19
131
162
194
78
19
74
84
142
116
163
172
36
35
75
57
106
128
172
158
135
32
57
78
140
128
150
211
213
151
12
28
110
168
215
122
86
59
18
100
111
106
128
95
43
33
69
123
174
110
37
35
43
90
90
111
133
61
5
36
33
144
200
147
49
23
32
120
146
128
206
185
101
50
144
148
137
60
48
111
140
146
117
103
91
141
74
110
204
215
148
134
78
95
181
215
127
84
109
113
113
124
125
64
31
2
48
112
175
129
16
32
65
171
271
240
139
59
67
82
95
134
185
133
80
64
58
147
221
162
146
103
61
91
46
53
48
64
108
192
188
185
118
34
25
144
204
199
146
180
133
174
121
136
1722
3949
4156
123
-4202
-3935
374
3800
2839
-589
-2620
-1480
493
103
-1985
-2290
248
3020
2936
547
-1700
-1880
-551
553
441
-33
715
1922
1867
170
-1228
-972
220
1023
1174
1018
794
490
-33
-790
-1375
-828
299
861
480
-21
-223
-637
-1070
-886
-322
207
837
1169
698
-237
-661
-359
-69
13
365
963
1066
588
67
-355
-473
-180
394
705
764
729
335
-272
-404
-301
-211
-119
168
480
236
-204
-487
-591
-486
-141
336
585
448
372
195
-149
-275
-115
211
404
512
578
271
-141
-258
-163
-10
251
548
575
395
160
-87
-278
-259
30
251
292
236
220
20
-245
-207
-99
113
352
547
523
338
147
-6
-35
32
245
395
377
370
321
72
-174
-90
62
151
237
295
246
138
28
-22
-52
-5
186
276
286
288
287
125
97
172
320
501
517
465
368
238
244
255
190
287
398
414
305
220
162
114
137
196
244
281
259
155
92
-30
-35
20
95
177
210
191
110
30
-65
-152
-136
58
224
293
239
253
247
211
153
28
128
237
361
424
401
344
286
178
178
264
465
588
634
719
815
873
956
1103
1259
1530
1605
1718
1752
1590
1272
823
479
288
182
68
-34
-232
-386
-473
-472
-363
-284
-293
-377
-443
-643
-840
-1202
-1535
-1700
-1667
-1447
-1263
-1102
-894
-802
-930
-1290
-1720
-1909
-1778
-1384
-1058
-903
-762
-754
-715
-655
-626
-518
-375
-256
-223
-235
-310
-280
-301
-243
-229
-310
-439
-552
-604
-701
-692
-665
-554
-432
-346
-287
-242
-222
-127
-122
-183
-209
-177
-160
-137
-157
-212
-270
-278
-224
-281
-312
-240
-138
-144
-257
-439
-495
-504
-442
-352
-288
-273
-206
-194
-132
-73
-52
6
22
32
-1
57
143
86
-12
-92
-72
95
193
162
140
29
65
121
117
44
116
171
200
250
204
202
137
155
238
321
314
316
286
314
215
62
23
17
109
207
165
147
108
22
-56
-84
-9
9
158
109
118
39
-2
67
26
70
98
52
104
182
246
296
237
133
44
61
115
191
265
344
394
277
211
137
150
217
291
336
324
364
306
222
180
124
80
139
161
108
136
126
82
136
119
106
88
46
44
104
173
232
182
116
3
-16
37
-6
-1
44
107
127
83
85
84
61
30
-23
-7
62
170
167
143
98
103
89
126
183
181
130
142
205
145
175
203
170
137
116
96
153
224
155
175
196
136
112
128
190
233
161
70
61
142
202
233
242
153
147
190
168
177
185
168
119
124
145
101
143
162
146
237
208
167
145
114
145
134
129
110
153
124
57
47
120
176
136
110
123
146
100
92
27
70
100
75
41
-6
54
160
105
49
-5
19
109
143
161
157
185
123
148
86
42
93
159
134
141
178
217
175
128
138
163
153
95
74
97
160
224
166
78
82
57
126
150
170
180
56
53
102
145
106
107
40
35
138
157
189
88
64
96
117
144
124
91
102
122
70
58
138
155
158
178
119
47
89
172
175
96
31
36
76
125
70
92
62
106
117
57
28
30
108
136
212
153
106
106
157
209
144
149
196
157
115
88
135
149
184
181
94
96
58
49
113
64
113
117
127
99
51
-47
22
104
71
125
41
52
39
67
112
158
195
176
102
71
78
138
194
144
121
71
118
94
86
120
98
85
54
99
176
164
148
116
26
67
79
65
43
83
114
121
136
122
105
7
-27
10
119
159
127
7
21
79
97
102
85
33
79
104
59
68
51
89
125
86
81
96
20
50
108
52
23
15
1
15
43
83
156
159
150
125
128
62
74
67
76
18
68
75
84
74
13
125
109
167
70
76
49
41
112
163
134
96
69
58
72
90
94
65
112
173
134
140
139
151
168
142
137
22
-14
5
71
71
97
101
119
136
129
140
120
164
73
99
159
156
125
19
44
93
105
101
146
127
127
122
114
150
200
139
177
203
175
148
108
110
85
96
81
94
188
210
189
134
103
83
21
79
106
70
80
138
180
162
54
47
84
148
123
86
94
76
118
166
193
208
138
56
5
17
113
163
215
176
137
103
90
113
164
196
223
190
131
145
156
136
128
151
196
133
95
98
119
146
142
85
66
74
59
90
92
76
87
88
100
117
112
62
64
150
161
144
123
126
106
163
189
121
138
125
107
122
116
145
101
147
207
175
99
77
121
181
214
152
157
84
129
83
50
125
160
119
63
87
84
60
-6
43
121
121
83
97
100
60
67
88
117
99
95
149
105
30
84
138
166
155
129
181
168
154
160
90
51
58
50
83
97
74
95
96
49
3
-7
28
115
154
125
110
156
148
120
135
120
124
122
88
89
94
82
81
160
99
102
63
98
109
131
136
50
30
21
41
58
112
82
27
3
36
19
102
150
121
116
98
-3
40
81
16
18
34
60
80
53
85
55
50
62
86
95
57
21
12
37
35
76
67
51
42
102
58
40
67
47
38
5
1
29
43
70
99
79
113
74
46
-8
-28
47
23
21
71
75
84
109
96
113
145
159
198
128
89
70
99
26
16
41
77
58
38
68
76
74
76
33
2
-27
-39
19
52
4
-31
-43
19
-16
-32
-23
-38
-10
-44
-46
-40
-18
-30
-18
-57
-64
-32
-46
-1
-4
11
-18
-45
-40
-41
-54
-66
-88
-96
-48
-21
-38
2
13
3
-17
-45
-21
-32
50
-6
-56
-69
-22
-31
-21
10
-20
-16
-35
31
10
-23
-50
-53
-46
-65
-84
-97
-8
45
-19
-31
-44
-77
-58
52
-17
29
34
-20
-49
-101
-71
-113
-48
-82
-80
-86
-67
-66
-87
-85
-85
-34
-39
-79
-36
-69
-85
-61
-94
-27
-36
-44
-22
-19
-6
-49
-91
-32
-6
14
43
-16
-69
-73
-68
-82
-38
-16
-63
-77
-72
-19
-8
-10
-119
-82
22
34
-22
-55
-25
-40
3
-36
-118
-96
-82
-68
-78
-113
-68
-102
-113
-148
-154
-106
-94
-71
-78
-152
-159
-107
-103
-107
-88
-67
-113
-95
-88
-140
-111
-79
-122
-168
-112
-85
-132
-192
-143
-100
-94
-84
-100
-105
-102
-114
-111
-51
-82
-135
-122
-128
-129
-59
-95
-58
-83
-124
-122
-99
-97
-81
-53
-142
-154
-213
-208
-133
-122
-115
-139
-120
-148
-153
-160
-117
-83
-119
-107
-119
-155
-156
-141
-81
-90
-87
-73
-69
-96
-122
-86
-106
-65
-60
-54
-66
-80
-107
-117
-43
-34
-31
-89
-87
-134
-99
-58
-36
-107
-85
-57
-78
-54
-51
-60
-115
-118
-88
-136
-137
-105
-104
-114
-84
-3
-46
-71
-101
-80
-105
-121
-117
-123
-97
-86
-99
-54
-74
-79
-46
-45
-17
-54
-105
-143
-151
-93
-49
-26
-35
-97
-141
-143
-133
-100
-75
-45
-24
-65
-107
-136
-68
-63
-78
-67
-86
-130
-91
-85
-153
-156
-153
-140
-157
-112
-103
-91
-66
-93
-148
-108
-54
-89
-33
-2
-30
-14
-16
-69
-86
-84
-79
-80
-85
-103
-112
-139
-131
-103
-136
-157
-160
-137
-115
-104
-56
-54
-48
-31
-35
-124
-124
-94
-81
-71
-133
-103
-86
-95
-75
-68
-96
-139
-147
-115
-121
-119
-123
-96
-67
-115
-151
-132
-133
-133
-129
-134
-179
-133
-77
-58
-87
-113
-119
-74
-29
-40
-57
-130
-108
-120
-92
-133
-108
-90
-85
-60
-65
-78
-105
-114
-111
-45
-66
-99
-127
-85
-93
-73
-115
-116
-166
-164
-74
-140
-94
-77
-87
-105
-43
-67
-117
-113
-126
-139
-138
-68
-45
-52
-77
-101
-128
-120
-107
-163
-177
-158
-181
-149
-149
-192
-109
-115
-116
-108
-115
-95
-136
-220
-153
-130
-182
-136
-106
-74
-147
-128
-114
-95
-64
-127
-128
-96
-43
-71
-89
-132
-79
-28
-52
-44
-84
-81
-70
-66
-97
-99
-127
-63
-58
-105
-60
-88
-144
-107
-79
-74
-64
-63
-60
-88
-75
-24
-53
-111
-86
-81
-86
-43
-112
-132
-89
-52
-33
-70
-74
-56
-51
-49
-88
-111
-59
-68
-71
-60
-89
-94
-89
-75
-56
-71
-48
-23
-93
-78
-63
-103
-145
-83
-88
-132
-119
-77
-72
-75
-34
-23
16
31
-39
-78
-43
-44
-51
-57
-74
-91
-156
-128
-117
-54
-54
-64
-75
-57
-79
-107
-105
-106
-60
-112
-117
-123
-78
-61
-92
-123
-119
-104
-107
-129
-171
-129
-76
-48
-102
-87
-92
-64
-52
-40
-47
-64
-58
-78
-92
-93
-97
-102
-63
-91
-46
-23
-20
-25
-60
-47
-52
-9
-20
-49
-43
-68
-77
-94
-129
-73
-85
-103
-132
-109
-24
-62
-57
-85
-75
-16
-72
-3
18
29
7
-69
-92
-97
-47
-29
21
16
-53
-68
-41
-71
-48
-49
-113
-60
-95
-48
-24
-52
-8
-6
-58
-49
-23
-55
-23
-52
-41
-72
-58
-58
-52
-72
-93
-91
-76
-54
-69
-54
-20
-48
-146
-124
-86
-38
-61
-44
-11
-44
-50
-84
-153
-134
-102
-111
-55
-39
-151
-254
-250
-148
-174
-185
-102
-52
-99
-112
-16
-83
-77
-45
-23
6
-1
-6
-35
-63
-82
-102
-113
-115
-81
-87
-44
-71
-112
-111
-133
-40
-23
-37
-101
-82
-141
-147
-149
-122
-109
-146
-88
-59
-67
-76
-116
-172
-69
-45
-33
-53
-28
-76
-82
-133
-177
-137
-186
-158
-55
-51
-143
-166
-162
-198
-202
-213
-109
-86
-118
-126
-79
-91
-172
-162
-148
-132
-164
-187
-168
-166
-96
-82
-135
-167
-136
-165
-167
-147
-134
-57
-120
-162
-149
-150
-80
-48
-167
-215
-165
-196
-162
-114
-56
-53
-76
-80
-52
-44
-93
-89
-117
-107
-116
-111
-77
-116
-110
-79
-66
-59
-92
-65
-122
-101
-102
-131
-62
-24
-24
-90
-87
-100
-80
-99
-115
-67
-145
-130
-64
-38
-31
-114
-102
-73
-110
-158
-159
-151
-116
-82
-70
-29
-59
-89
-131
-71
-51
-83
-72
-38
-111
-116
-43
-100
-129
-126
-64
-121
-149
-119
-117
-118
-181
-130
-83
-59
-116
-100
-80
-87
-60
-83
-78
-65
-62
-102
-82
-69
-92
-71
-22
-12
-19
-79
-61
-10
-90
-78
-116
-132
-114
-119
-87
-89
-86
-81
-59
-27
-12
-57
-68
-120
-66
-46
-40
-12
-60
-56
-11
-80
-108
-140
-126
-89
-81
-36
-89
-57
-79
-85
-118
-77
-103
-148
-38
-34
-78
-74
-58
-75
-59
-54
-83
-48
-36
-24
-17
-26
-66
-92
-93
-100
-88
-136
-130
-118
-104
-112
-154
-114
-82
-74
-64
-122
-136
-80
-102
-45
-81
-81
-28
-64
-22
-34
-44
-67
-53
7
-26
-32
-23
-50
-36
-47
-86
-69
-19
-5
-71
-77
-46
-68
-29
-20
-15
21
14
13
17
19
-6
-73
-4
-46
-70
-70
-92
-72
-94
-124
-166
-152
-154
-89
