-78
-22
-53
-69
-46
-13
-33
16
5
-30
-5
6
-25
-6
27
36
4
-26
-1
3
-4
-52
-41
-25
-37
-56
-98
-100
-88
-99
-134
-74
-87
-44
-16
-10
10
-37
-36
0
39
37
45
14
-25
-51
-12
-39
-40
-7
11
25
-64
-80
-70
-6
-38
-77
-98
-106
-70
-104
-113
-71
-46
-45
-63
-54
-33
-45
-16
-12
-53
-43
-1
-36
-73
-52
4
5
-14
-13
-18
-60
-13
-25
-31
-32
-83
-116
-95
-47
-29
-14
-44
-60
-51
-38
-35
-34
-8
-60
-46
-26
-45
-37
-84
-109
-68
-37
-96
-114
-64
-36
-40
-122
-92
-123
-113
-90
-31
-17
-63
-47
-116
-100
1
-36
-38
-48
-62
-48
-77
19
-60
-42
2
-12
-29
-28
-33
-39
-28
-43
-29
-68
13
6
-14
2
-52
-18
10
-14
-8
-20
-63
-46
-58
-79
-86
-103
-53
-41
-71
-87
-120
-108
-118
-106
-105
-122
-124
-130
-135
-111
-119
-86
-41
-23
-18
-31
-75
-104
-70
-92
-99
-125
-158
-151
-84
-65
-98
-81
-67
-160
-139
-134
-170
-126
-102
-31
-48
-45
-120
-150
-91
-107
-81
-81
-85
-75
-102
-18
4
-36
-41
-58
-58
-45
-28
-80
-107
-124
-111
-115
-85
-106
-151
-120
-139
-97
-123
-87
-82
-114
-108
-17
-51
-124
-97
-56
-88
-115
-98
-124
-81
-13
-73
-51
-74
-138
-111
-142
-105
-141
-120
-59
-43
-78
-106
-167
-111
-111
-142
-93
-175
-119
-126
-125
-135
-87
-97
-178
-187
-141
-155
-152
-138
-185
-177
-175
-110
-96
-153
-68
-82
-90
-58
-97
-40
-24
-84
-92
-110
-108
-81
-98
-152
-114
-50
-66
-28
-125
-153
-154
-133
-165
-159
-138
-169
-162
-126
-73
-76
-122
-173
-198
-119
-154
-174
-165
-122
-146
-168
-155
-200
-187
-153
-131
-127
-115
-101
-88
-131
-153
-124
-111
-118
-119
-92
-124
-76
-86
-147
-124
-72
-131
-139
-156
-214
-185
-160
-98
-113
-98
-111
-87
-124
-174
-153
-141
-138
-151
-160
-151
-135
-137
-143
-98
-123
-120
-113
-102
-135
-163
-166
-147
-111
-175
-164
-191
-216
-165
-166
-102
-102
-100
-116
-131
-170
-147
-160
-161
-156
-155
-101
-58
-124
-153
-97
-108
-132
-118
-120
-140
-158
-218
-201
-193
-158
-187
-169
-183
-174
-181
-130
-108
-190
-170
-171
-211
-254
-294
-219
-182
-141
-186
-202
-171
-200
-159
-168
-168
-197
-181
-196
-228
-211
-237
-254
-245
-172
-155
-162
-236
-208
-208
-222
-246
-302
-257
-225
-204
-217
-165
-195
-246
-236
-234
-261
-215
-160
-147
-159
-146
-179
-274
-263
-216
-139
-131
-186
-111
-126
-169
-196
-209
-183
-172
-188
-241
-228
-215
-231
-247
-245
-255
-257
-239
-188
-190
-158
-170
-282
-268
-249
-227
-281
-244
-230
-197
-160
-145
-183
-205
-223
-275
-284
-265
-202
-218
-188
-139
-199
-223
-245
-313
-333
-292
-286
-257
-231
-227
-234
-265
-214
-231
-233
-255
-257
-248
-294
-295
-288
-209
-244
-267
-247
-210
-213
-196
-168
-176
-159
-150
-116
-128
-148
-134
-127
-137
-153
-158
-143
-158
-126
-151
-171
-136
-119
-160
-190
-143
-134
-164
-171
-190
-140
-93
-178
-261
-221
-235
-241
-238
-239
-211
-159
-160
-225
-196
-166
-126
-168
-175
-139
-180
-187
-190
-160
-140
-173
-158
-164
-170
-141
-181
-150
-127
-154
-176
-167
-187
-190
-173
-127
-168
-167
-158
-166
-178
-239
-200
-218
-149
-135
-164
-147
-145
-157
-182
-185
-152
-200
-217
-219
-232
-160
-179
-134
-165
-197
-174
-159
-138
-152
-171
-147
-197
-215
-158
-180
-190
-178
-191
-180
-184
-189
-164
-161
-167
-134
-157
-160
-193
-189
-191
-210
-176
-183
-167
-191
-207
-218
-209
-147
-117
-132
-157
-177
-168
-170
-146
-192
-123
-120
-120
-119
-211
-142
-235
-241
-230
-204
-197
-230
-195
-201
-217
-196
-186
-228
-197
-199
-166
-193
-150
-129
-138
-138
-168
-127
-106
-124
-182
-180
-118
-135
-131
-181
-159
-195
-205
-157
-203
-180
-195
-139
-181
-162
-64
-103
-160
-204
-177
-248
-241
-227
-178
-177
-205
-210
-244
-196
-195
-242
-232
-180
-235
-243
-257
-184
-191
-207
-190
-232
-213
-195
-199
-204
-198
-220
-209
-224
-214
-256
-229
-253
-237
-235
-201
-200
-144
-153
-165
-153
-151
-164
-214
-182
-192
-153
-162
-130
-173
-176
-120
-135
-148
-176
-198
-198
-211
-219
-187
-210
-234
-215
-222
-191
-183
-155
-141
-147
-206
-234
-156
-198
-198
-171
-140
-136
-143
-114
-112
-133
-138
-118
-136
-192
-229
-206
-209
-164
-168
-169
-180
-166
-128
-213
-132
-164
-167
-48
-76
-99
-123
-73
-98
-132
-109
-114
-127
-111
-124
-144
-182
-189
-141
-173
-189
-228
-191
-169
-238
-177
-138
-107
-67
-133
-113
-134
-164
-167
-193
-183
-222
-227
-203
-172
-177
-122
-140
-129
-188
-216
-212
-212
-198
-174
-159
-216
-175
-189
-170
-147
-136
-156
-144
-151
-207
-190
-207
-196
-190
-196
-191
-105
-110
-151
-155
-187
-175
-183
-154
-121
-173
-117
-83
-130
-123
-62
-97
-109
-169
-243
-145
-172
-141
-116
-144
-162
-163
-90
-114
-97
-141
-157
-130
-152
-126
-141
-160
-196
-202
-136
-118
-166
-166
-172
-102
-176
-183
-187
-179
-105
-96
-113
-136
-121
-104
-98
-115
-69
-62
15
-38
-90
-115
-118
-107
-151
-130
-132
-126
-105
-114
-116
-134
-88
-38
-104
-67
-144
-144
-130
-118
-151
-165
-144
-92
-24
-146
-135
-103
-93
-88
-89
-102
-94
-93
-145
-114
-94
-79
-92
-115
-108
-124
-19
-35
-45
-32
-72
-12
-35
3
-39
-93
-81
-96
-100
-83
-73
-85
-78
-67
-48
-22
-31
-77
-108
-89
-60
-92
-65
-46
-100
-80
-103
-87
-63
-32
-22
-41
-21
-67
-91
-43
-58
-47
1
39
0
-32
-36
-59
-48
-96
-59
-87
-55
-21
-25
-27
-31
-67
-89
-115
-75
-37
-106
18
40
-16
-61
-45
-29
-58
-117
-64
-29
-54
-46
-62
-26
-8
2
-22
-15
-61
-43
38
13
0
19
25
74
100
41
3
16
-20
-24
0
-5
-27
-22
3
18
1
20
30
-22
-38
-64
-21
-11
-36
7
-16
-8
-22
-27
20
10
60
8
31
-1
-21
9
-16
29
-7
-33
-57
-27
-26
22
40
9
14
55
77
45
16
44
42
17
62
14
45
55
38
-23
-24
22
62
14
-27
-35
-52
-7
-29
-16
16
-16
-40
-10
-18
-44
12
19
28
57
58
21
63
73
24
53
-23
6
25
13
11
-31
-39
-5
-37
-60
-2
19
94
64
53
14
64
28
9
18
13
46
-2
50
96
45
51
48
-18
57
1
40
10
49
32
2
65
68
35
-2
52
15
21
26
75
17
17
-15
-37
-35
-44
-9
-10
46
-32
8
-57
-113
18
40
1
-10
21
6
0
2
24
19
63
77
108
133
60
-28
-86
12
58
5
-37
13
41
26
18
50
16
-1
-10
6
35
1
0
-32
41
-23
-4
28
-22
9
-3
26
-17
-22
-22
25
102
98
109
78
62
37
59
89
71
24
-12
56
121
-6
-28
22
-11
-5
-3
3
-30
-21
16
17
7
25
7
7
59
25
56
65
63
23
42
32
-45
-19
26
69
79
99
56
-1
15
36
24
29
47
-34
-25
19
14
-76
-29
-42
-24
-13
-18
27
-9
-3
43
5
-74
-42
-64
-18
2
2
29
-26
-30
-44
12
2
53
45
59
95
-27
-48
-49
-24
-3
2
80
100
81
16
60
24
-5
51
37
94
83
123
64
28
42
-7
50
75
104
120
101
125
199
213
217
211
173
189
176
172
187
185
146
174
224
237
222
190
306
276
231
236
176
201
137
136
157
162
175
127
144
109
78
102
94
114
76
72
62
75
66
53
46
24
13
-21
12
34
-2
-25
-14
-34
-56
0
67
0
-25
-8
-24
-44
-70
-69
-66
-77
-99
-68
-38
-74
-80
-112
-188
-128
-43
-109
-118
-122
-152
-171
-155
-132
-130
-152
-145
-149
-102
-92
-158
-193
-211
-146
-207
-170
-197
-247
-204
-197
-244
-135
291
561
609
284
-12
-88
53
418
589
549
294
269
597
757
664
370
157
97
239
643
820
600
400
370
352
259
112
-24
-124
-95
150
430
414
151
-58
18
10
-109
-173
-140
-183
-96
99
114
-15
-114
-75
-51
-121
-172
-184
-176
-64
92
190
150
57
-15
7
41
71
2
4
4
86
196
274
299
184
79
-20
-29
53
139
201
212
220
238
318
296
87
10
-25
-24
-4
95
139
180
146
141
129
62
-43
-80
-99
-142
-139
-11
44
43
-14
-85
-115
-259
-324
-328
-357
-371
-303
-281
-273
-249
-311
-386
-483
-583
-602
-575
-466
-470
-490
-448
-555
-607
-626
-599
-505
-16
596
727
334
-182
-377
-205
189
593
659
354
150
572
1005
857
484
116
-19
126
660
1005
850
465
318
483
444
300
127
-25
-94
90
414
561
284
4
58
68
-32
-106
-80
-105
-66
52
164
90
-146
-111
-89
-105
-244
-379
-350
-230
12
125
93
-142
-359
-317
-221
-280
-378
-468
-461
-246
54
189
86
-1
-59
-36
-17
2
-40
-16
107
246
354
233
210
161
125
171
102
96
114
239
460
505
429
271
206
154
167
176
150
66
62
162
184
144
1
-69
-127
-151
-144
-110
-202
-271
-232
-130
-94
-98
-257
-359
-371
-383
-413
-403
-399
-426
-296
-369
-451
-417
-401
-482
-497
-508
-558
-626
-650
-510
-514
-593
-730
-838
-591
51
802
898
306
-345
-647
-346
245
673
643
200
97
639
1166
995
492
12
-97
158
691
1162
964
561
479
693
605
344
46
-105
-117
98
480
584
393
135
224
286
84
-143
-230
-186
-181
62
197
74
-121
-112
35
-114
-376
-547
-505
-321
-29
165
116
-109
-267
-229
-121
-193
-355
-442
-316
-63
301
457
279
22
-80
131
236
163
-4
-174
-162
74
412
472
252
60
137
278
355
267
105
113
151
354
508
390
225
132
126
107
-39
-53
-94
-63
48
185
174
-47
-195
-303
-207
-174
-211
-259
-301
-273
-230
-243
-418
-597
-719
-557
-427
-437
-483
-523
-568
-595
-578
-708
-850
-929
-964
-932
-750
-481
181
917
1137
467
-284
-714
-588
64
702
931
554
317
714
1309
1160
560
36
-213
-133
516
1148
1265
818
521
708
741
424
-8
-165
-227
-166
331
782
584
207
209
385
170
-210
-358
-357
-346
-170
203
261
3
-164
-21
-62
-342
-619
-639
-467
-324
-90
94
-51
-317
-342
-168
-132
-370
-512
-477
-292
-50
301
378
193
30
-34
131
250
186
26
-76
-43
209
347
346
249
168
287
371
403
357
168
170
238
292
387
396
262
146
133
164
70
-56
-25
-48
-31
-44
-103
-198
-308
-327
-188
-204
-384
-433
-506
-546
-595
-695
-825
-912
-882
-689
-481
-496
-584
-725
-752
-891
-983
-1027
-1085
-1170
-1254
-1019
-403
588
1691
2180
1481
209
-840
-1420
-1282
-371
665
843
332
461
1417
1836
1151
215
-283
-576
-587
211
1081
1118
640
824
1514
1568
965
489
223
-378
-643
-19
615
401
159
593
895
391
-290
-469
-524
-779
-984
-751
-649
-851
-674
-36
224
-161
-489
-409
-412
-550
-542
-225
-165
-296
31
635
801
302
-56
-88
-183
-349
-101
400
857
1075
1157
1057
696
2
-789
-1074
-814
-534
-525
-300
176
672
727
609
495
257
90
363
775
675
499
552
706
576
313
277
27
-488
-736
-707
-792
-1032
-1165
-806
-577
-434
48
149
-730
-2078
-2196
-1768
-1984
-2223
-1423
-416
-374
-718
-1025
-1607
-2428
-2777
-2575
-2657
-2860
-2378
-1228
1514
6061
9817
8944
4737
1538
-347
-3591
-6094
-3188
2105
3285
1329
1400
2271
-311
-4326
-4565
-2737
-2465
-1874
1578
5261
5503
3850
2740
1873
583
-300
-264
-35
267
1066
1882
2140
1286
-828
-3433
-5233
-5284
-4196
-2569
-573
1027
1377
867
93
-726
-1392
-1306
-527
434
1159
1956
2582
2287
1550
521
-773
-2227
-2885
-2561
-1638
-745
-49
235
-4
-339
-889
-1228
-1615
-148
2588
4886
5384
4831
3722
1264
-1807
-3342
-2631
-1585
-1107
-78
1070
943
53
-568
-826
-1109
-853
136
1027
1739
2041
1713
653
-372
-1092
-1767
-2075
-1635
-1080
-754
-592
-449
-605
-1044
-1313
-1451
-1341
-1267
-1304
-1415
-1652
-1772
-2207
-2443
-2291
-1809
-1422
-1466
-1821
-1916
-2044
-2067
-2081
-1870
-1920
-2425
-2810
-1413
4974
12197
14688
10097
4547
1652
-1754
-6823
-8018
-2909
1935
1578
-200
-26
-239
-3149
-5379
-3554
-1036
-512
248
3788
7402
6972
3853
1923
1601
784
-473
-439
262
-288
-1046
-841
-345
-1619
-4305
-6245
-6086
-4419
-2183
123
1916
2478
1880
993
349
167
397
1112
1856
2133
1922
1210
291
-418
-945
-1650
-2726
-3449
-3178
-2133
-918
27
372
200
-158
-257
122
541
1753
3757
5558
5859
5404
4309
1528
-2121
-4315
-4258
-3383
-2588
-1378
-218
199
40
-298
-685
-637
-5
992
2090
2967
3010
2197
1095
21
-1341
-2517
-2898
-2582
-1944
-981
-356
-463
-987
-1430
-1569
-1719
-1691
-1716
-1860
-1739
-1576
-1626
-1788
-1812
-1728
-1832
-1893
-1941
-2012
-2185
-2232
-1952
-1695
-2360
-3308
-3330
-748
6614
13949
15434
10052
4063
1066
-2870
-7845
-8442
-3454
1076
700
-574
37
-126
-2709
-4419
-2397
-186
-385
166
4088
7942
7266
4256
2806
2338
613
-1250
-1430
-969
-1677
-2394
-1551
-580
-1837
-4796
-6364
-5398
-3425
-1372
805
2513
2915
2211
1654
1587
1459
1090
961
1180
1198
603
-62
-449
-785
-1371
-2310
-3226
-3638
-3308
-2108
-549
650
1162
825
572
599
1018
1257
2315
3961
5300
5454
4644
3573
713
-2744
-5013
-5048
-4311
-3398
-1721
-116
872
974
712
413
195
503
1180
2129
2937
2775
1858
795
-319
-1720
-2941
-3318
-2995
-2235
-1398
-796
-594
-635
-933
-1321
-1543
-1611
-1938
-2358
-2282
-1729
-1482
-1614
-1610
-1539
-1611
-1902
-2179
-2182
-2471
-2720
-2583
-2710
-3013
-3045
-840
6380
14153
16438
11559
5177
1608
-2716
-7979
-9613
-5112
71
386
-875
-286
330
-1610
-3839
-2438
147
81
-214
2825
7289
8007
5312
3635
3163
1404
-1393
-2785
-2304
-2205
-2821
-2453
-1221
-1646
-4200
-5901
-4895
-2720
-1075
209
1733
2739
2684
2463
2560
2538
1777
773
160
-46
-317
-723
-1008
-1136
-1439
-2366
-3277
-3514
-3005
-1934
-725
377
937
1220
1367
1695
1940
1979
1450
1575
3856
5844
6216
4038
1128
-2165
-5343
-6610
-6105
-4007
-1894
-32
1277
1555
1551
1001
617
1056
1736
2133
2089
2194
1925
921
-269
-1715
-2937
-3611
-3413
-2653
-1771
-989
-616
-609
-630
-892
-1377
-1818
-2050
-2008
-1892
-1933
-1975
-1767
-1487
-1501
-1663
-1594
-2098
-2928
-3289
-2969
-2516
-3279
-3659
-2813
1132
9347
16285
17089
11305
5072
568
-5240
-10202
-10078
-4567
-323
-599
-976
174
602
-1543
-2975
-1082
392
-376
85
3900
7786
7863
5869
4838
3722
741
-2685
-3836
-3259
-3128
-3339
-2714
-1888
-2669
-4473
-4720
-3106
-1492
-718
36
1534
2767
3307
3536
3502
2878
1437
43
-568
-801
-1125
-1535
-1864
-1928
-2139
-2512
-2840
-2712
-2084
-1486
-840
62
1141
1941
2468
2662
2671
1949
2185
3563
4546
3791
2350
1538
-593
-3270
-4696
-4232
-3487
-3187
-2058
-610
866
1770
2059
2084
2106
2152
1706
1606
1806
1320
272
-544
-1057
-1856
-2492
-2570
-2356
-1814
-1329
-1205
-1215
-1068
-854
-951
-951
-995
-1556
-2199
-2487
-2407
-2313
-1918
-1370
-1203
-1319
-1472
-2157
-2953
-3152
-3106
-3205
-4199
-4039
-2679
2670
12173
18734
17821
10252
4109
-960
-7681
-12038
-10145
-3719
-807
-1702
-1001
1302
1761
-1008
-2176
-232
172
-1173
-131
4531
8073
7539
6360
5940
4156
-86
-3933
-4573
-3871
-4028
-4140
-3300
-2278
-2706
-3566
-2831
-1490
-932
-1076
-174
1780
3105
3692
3797
3635
2870
1437
223
-707
-1485
-2235
-2694
-2585
-2187
-1924
-1947
-2015
-1785
-1475
-1242
-667
375
1511
2297
2707
2839
2703
2055
2566
4236
4970
4044
2173
375
-2404
-4863
-5520
-4942
-3677
-2314
-508
929
1713
2200
2157
2084
2293
2311
2005
1828
1608
634
-485
-1238
-2083
-2765
-2823
-2481
-1986
-1269
-753
-682
-718
-671
-1010
-1463
-1509
-1409
-1549
-1818
-1933
-2011
-2074
-1948
-1888
-1856
-1916
-2046
-2471
-2848
-2866
-3002
-3579
-3927
-3461
-928
7141
16346
19894
15135
7803
2846
-3825
-10927
-12833
-7925
-2820
-2702
-2517
341
2979
1641
-1069
-120
1142
-334
-1588
1061
5867
7449
6884
7101
6586
3108
-2030
-4516
-4324
-4518
-5423
-5395
-3817
-2616
-2479
-1780
-582
-73
-589
-714
705
2299
2997
3168
3303
3569
3033
1749
224
-1241
-2477
-3461
-3570
-3011
-2441
-1994
-1632
-1125
-575
-411
-379
85
1024
1919
2233
2485
2499
2660
4083
5411
5235
3397
1115
-1390
-4087
-5354
-4786
-3578
-2196
-848
401
1048
1475
1720
1613
2000
2332
2231
2097
2155
1820
759
-291
-1329
-2511
-3073
-2978
-2396
-1525
-667
-294
-319
-493
-823
-1342
-1654
-1694
-1699
-1600
-1447
-1412
-1537
-1756
-2038
-2408
-2530
-2134
-1941
-1988
-2255
-2615
-2749
-3170
-3647
-3736
-1940
6008
15698
20021
16302
9584
4764
-2516
-10413
-13210
-9190
-4374
-4297
-3468
257
3556
2820
330
1253
2245
185
-1921
-220
4230
6335
6756
7826
7704
4417
-834
-3697
-3917
-4792
-6459
-6991
-5069
-2934
-1930
-740
486
851
328
190
1197
2068
1979
1949
2681
3807
3868
2611
813
-1079
-2566
-3776
-4169
-3852
-3236
-2394
-1457
-354
394
324
123
513
1294
1797
1992
2097
2327
2467
3662
5552
6123
4294
1296
-978
-3484
-5516
-5849
-4540
-2520
-1043
517
1498
2223
2560
2086
1981
2218
2368
1970
1739
1794
1108
2
-1107
-2183
-3091
-3462
-2980
-2106
-902
-99
16
-194
-303
-553
-1249
-1783
-1991
-1995
-1697
-1322
-1031
-1166
-1686
-2066
-2214
-2188
-2294
-2824
-3016
-3124
-3038
-3430
-3752
-3690
-716
9180
18465
20723
14884
8390
3572
-4799
-12006
-12895
-7607
-4501
-5501
-3412
1343
4242
2228
545
2713
2926
-304
-2419
476
4940
6297
7185
8336
7499
3297
-1500
-3059
-3528
-5618
-7984
-7698
-4793
-2589
-1708
-357
880
1255
1003
1276
2007
1686
1206
1404
2761
4094
3771
2522
878
-774
-2435
-3998
-4743
-4634
-3773
-2471
-1164
79
572
604
792
1236
1738
1718
1523
1639
2161
2588
4390
6594
6553
3820
462
-2015
-5047
-6881
-6251
-4062
-1795
-92
1611
2362
2896
2883
2089
1853
2117
2044
1385
1314
1463
755
-54
-921
-2217
-3355
-3651
-3024
-1972
-698
-60
-295
-328
-122
-400
-1192
-1735
-2032
-2140
-1864
-1435
-1379
-1550
-1866
-1932
-1951
-2371
-3023
-3297
-3093
-2982
-3514
-3968
-3923
-1144
8188
18002
21405
16224
9194
3760
-4326
-11408
-13107
-8646
-5315
-5932
-3838
792
4122
2720
1127
3094
3119
-103
-2729
-488
4023
6017
7375
8647
7838
3924
-753
-2602
-3532
-5935
-8328
-8324
-5387
-2899
-1709
-185
1288
2005
1772
1797
2114
1463
789
1030
2340
3698
3664
2834
1668
258
-1788
-4029
-5192
-5141
-4222
-2880
-1429
-148
645
1106
1590
1912
1963
1593
1252
2052
3419
4403
4840
5027
4416
1893
-1266
-3722
-5266
-5747
-4916
-2885
-846
940
2198
2724
3001
2818
2127
1405
1241
1384
1185
989
902
536
-172
-1122
-1958
-2627
-2672
-2285
-1746
-936
-190
88
74
57
-379
-1175
-1788
-1986
-2158
-2249
-2208
-2036
-1888
-1748
-1453
-1396
-1754
-2371
-2918
-3239
-3448
-4157
-4479
-4135
938
11544
20042
20740
14217
8101
1980
-6810
-13200
-13026
-7984
-6195
-5991
-2179
3022
5047
2494
2119
4065
2702
-1538
-3384
240
4364
6021
7819
9247
7800
3056
-1155
-2644
-4421
-7627
-9660
-8017
-4478
-2380
-1177
671
2436
2882
2280
2038
1827
899
452
1076
2650
3498
3251
2815
1911
313
-2321
-4590
-5524
-5241
-4121
-2724
-1285
62
1066
1881
2421
2516
1959
1183
1049
1285
1609
2046
4155
6855
7426
5176
1479
-2535
-6661
-8726
-7768
-5141
-2209
490
2835
4002
4328
3715
2446
1909
1753
1345
765
776
947
676
331
-446
-1824
-3013
-3385
-2972
-2206
-1181
-561
-262
57
67
-503
-1194
-1528
-1762
-1966
-1948
-1790
-1825
-1957
-1943
-1894
-2134
-2552
-2590
-2607
-2635
-3411
-4426
-4736
-2143
7349
17446
21427
17194
10394
4925
-3354
-10827
-13197
-9861
-6923
-7141
-4395
813
4496
3525
2307
4493
4503
431
-3247
-1778
2540
4835
6524
8471
8430
5135
784
-1266
-3068
-6669
-9676
-9393
-6025
-3355
-2032
-122
2186
3515
3056
2351
2155
1347
476
518
1626
2745
2840
2848
2637
1448
-977
-3766
-5084
-5030
-4350
-3511
-2506
-896
612
1696
2400
2691
2518
1881
1385
1228
1298
1246
2625
5931
7859
6753
3196
-723
-4785
-8054
-8411
-6735
-3825
-919
1902
3800
4556
4515
3216
2192
1797
1347
600
286
672
657
371
-30
-998
-2082
-2753
-2799
-2422
-1761
-1047
-712
-407
-190
-522
-986
-1052
-1123
-1512
-1833
-1979
-1953
-2042
-1875
-1856
-2026
-2434
-2644
-2436
-2568
-2960
-4050
-4735
-3750
3889
14973
21290
19292
12548
7290
-244
-9065
-13399
-11400
-7778
-7792
-5856
-613
3973
4134
2424
4395
5603
2189
-2548
-2903
1185
4026
5623
7799
8765
6549
2258
-326
-2121
-5693
-9522
-10340
-7411
-4416
-2882
-861
2045
3925
3679
2790
2450
1807
712
158
814
2070
2655
2986
3098
2101
-430
-3159
-4643
-4834
-4611
-4250
-3351
-1558
415
1644
2211
2351
2540
2315
1888
1442
956
580
2018
5628
7727
6721
3286
-105
-3872
-7221
-7691
-6487
-4206
-1783
1139
3260
4103
4334
3210
2494
2131
1440
340
-156
515
574
479
329
-453
-1551
-2398
-2534
-2426
-1851
-1233
-989
-500
-85
-331
-750
-876
-1028
-1619
-1997
-2051
-2008
-2136
-2356
-2304
-2056
-1799
-2001
-2207
-2795
-3100
-3835
-4183
-4011
-146
10077
19094
21224
15639
9288
3250
-5441
-11906
-13027
-9490
-7959
-7524
-2991
2524
4906
3009
3139
5744
4414
-451
-3368
-765
3141
4822
6649
8384
7726
4293
767
-927
-3830
-8102
-10478
-9116
-5890
-4168
-2435
726
3635
4434
3487
2794
2470
1301
218
26
1197
2403
3045
3568
2905
800
-2209
-4326
-4840
-4808
-4654
-3939
-2153
147
1615
2146
2263
2449
2456
2045
2021
2346
2812
3557
4312
4605
3296
864
-1568
-3539
-4687
-5385
-4654
-2832
-616
1363
2493
3309
3499
3112
2289
1338
651
173
226
283
65
-142
-478
-665
-910
-1285
-1698
-1984
-1652
-1098
-566
-338
-342
-356
-402
-701
-1326
-1902
-2354
-2438
-2169
-2030
-2168
-1952
-1684
-1578
-1981
-2428
-2768
-2952
-3138
-3506
-4038
-2052
7273
17780
21914
17344
10595
5009
-3304
-11016
-13807
-10727
-8384
-8100
-4051
1793
4967
3120
2553
5636
5652
686
-3787
-1992
2601
4831
6260
8093
8357
5441
1449
-678
-3219
-7268
-10238
-9470
-6423
-4631
-3180
-117
3399
4706
3583
2701
2741
2126
690
-322
464
2046
3184
3717
3149
1242
-1504
-3720
-4592
-4908
-5056
-4487
-2561
59
1682
2051
2142
2478
2716
2199
1391
770
1032
3693
6813
7652
5441
2108
-1261
-5032
-7193
-7397
-5924
-3639
-856
2082
3576
4383
4068
3199
2691
1768
396
-763
-424
269
344
278
-180
-819
-1503
-1946
-2188
-2246
-1931
-1628
-1208
-480
142
570
665
344
-533
-1769
-2853
-3395
-3356
-3147
-2814
-2395
-1686
-1397
-1559
-1810
-2415
-2839
-3752
-4627
-4668
2061
13818
21669
21008
14133
8534
1131
-7783
-13331
-13039
-9913
-9692
-7065
-1079
3868
4265
2808
5473
7064
3159
-2776
-3775
562
3636
4973
6990
8564
7452
3726
765
-1644
-5822
-9845
-10840
-8362
-5862
-4359
-1478
2263
4442
3906
2828
2943
2635
1072
-562
-478
1418
3121
3956
3604
2107
-114
-2441
-3976
-5034
-5698
-5363
-3623
-867
1123
1789
2122
2765
3177
2543
1283
655
434
1804
5723
8426
7802
4071
325
-3889
-7840
-8693
-7656
-4911
-2210
1070
3648
4829
5417
4067
2819
1830
679
-805
-1418
-445
58
296
318
-388
-1388
-2057
-2243
-2396
-2057
-1584
-1414
-791
116
947
1221
897
27
-1230
-2458
-3554
-4096
-3969
-3567
-2934
-2003
-970
-636
-1064
-1859
-2729
-3283
-4131
-5143
-4343
4236
16008
22516
20052
13129
7506
-842
-9318
-13979
-12832
-10207
-9631
-5608
535
4697
3917
3176
6175
6460
1465
-3761
-3002
1550
3876
5171
7288
8589
6898
3005
239
-2715
-6905
-10220
-10353
-7795
-5700
-3768
-303
3134
4225
3316
2710
3186
2523
621
-860
-261
1752
3316
3930
3162
1451
-757
-2877
-4340
-5576
-5892
-4945
-2778
-188
1372
1978
2351
2912
2943
1993
1059
535
1005
4217
7183
7728
5252
1863
-1804
-6158
-7780
-7430
-5368
-3019
-352
2435
3734
4821
4209
3287
2572
1372
-11
-1170
-624
-118
116
410
-39
-919
-1862
-2208
-2342
-2257
-1733
-1462
-941
7
726
1223
1205
616
-591
-1868
-2997
-3959
-4315
-3963
-3240
-2253
-1300
-781
-808
-1135
-1997
-2795
-3401
-4095
-5054
-4054
5239
16823
22779
19068
12100
6764
-1576
-9736
-14222
-12290
-9813
-9071
-4306
1698
5161
3618
3128
6266
5745
467
-4270
-2483
2401
4253
5487
7453
8491
6193
1980
-416
-3233
-7057
-9925
-9695
-6968
-5025
-2789
570
3350
3692
2246
2202
3087
2367
327
-856
403
2679
3843
3875
2906
1282
-961
-3172
-4614
-5499
-5433
-4088
-1769
504
1562
2032
2545
2875
2482
1858
2052
2623
3239
3817
4331
4004
2683
420
-2193
-4303
-5388
-4813
-3431
-1771
-39
1707
3211
4063
3831
2578
1437
650
-1
-354
-404
-278
-187
4
-154
-780
-1413
-2004
-2319
-2371
-1956
-1114
-224
595
1111
1227
774
-71
-1115
-2222
-3328
-4022
-3860
-3266
-2692
-2191
-1632
-1000
-964
-1258
-1885
-2138
-2759
-3850
-5151
-3124
6941
17806
22302
17538
10924
5229
-3014
-10173
-13474
-11339
-9553
-7779
-2616
2424
4414
2445
3361
6381
4694
-899
-4200
-1035
3380
4851
6077
7767
7967
4996
1115
-1213
-4098
-7505
-9564
-8686
-6225
-4324
-1770
1352
3007
2391
1309
2110
3033
2022
50
-450
1588
3642
4179
3502
2110
516
-1591
-3653
-4897
-5424
-4767
-3228
-1079
690
1410
1718
2140
2278
1757
1517
2174
3040
3353
3765
4417
4589
3043
290
-2586
-4864
-5467
-4950
-3427
-1789
-24
1997
3515
4259
3409
2083
1111
567
218
-225
-226
157
335
148
-502
-1225
-1951
-2528
-2691
-2502
-1756
-757
167
795
1076
997
603
-233
-1340
-2599
-3609
-3840
-3387
-2560
-2266
-2065
-1871
-1462
-1370
-1615
-1998
-2373
-3019
-4001
-5309
-2217
8716
19395
22574
16481
9796
3709
-4299
-10901
-13359
-10435
-8627
-6449
-1507
2726
3825
1789
3214
5799
3358
-2160
-4089
368
4570
5454
6446
7874
7617
3997
53
-1998
-4588
-7501
-9196
-8040
-5487
-3608
-1108
1419
2238
1271
560
1850
2736
1628
81
362
2749
4296
4144
3122
1605
-66
-2234
-4087
-5102
-5075
-3932
-2420
-712
604
1108
1332
1573
1481
1027
762
1230
1564
2101
4818
7908
8966
6206
1691
-3078
-6948
-8079
-7608
-5608
-3092
147
3193
4544
4593
2976
1665
1272
1119
584
159
984
1598
1450
546
-975
-2375
-3376
-3802
-3704
-2813
-1363
-215
597
1003
1046
881
351
-596
-1821
-2759
-3080
-2916
-2627
-2733
-2942
-2585
-1978
-1636
-1733
-2091
-2638
-2980
-3553
-4208
-4956
1129
13114
22014
21535
13432
7402
844
-6562
-12238
-12459
-8817
-7533
-4468
178
3610
2819
708
3150
4615
1174
-3362
-2346
3458
6348
6315
7140
8073
6343
1589
-1786
-3113
-5233
-7744
-8499
-6362
-3914
-2355
-369
1062
786
-452
-215
1799
2440
1337
722
2063
4327
4709
3626
2225
698
-1165
-3371
-4550
-4679
-3963
-2782
-1651
-270
562
823
945
652
521
406
1274
2921
4237
5035
5391
5583
4463
1738
-1443
-3778
-4577
-4579
-3870
-2517
-964
703
1862
2508
2292
1599
985
640
874
1268
1576
1632
1329
482
-641
-1486
-2022
-2513
-2877
-2727
-1989
-875
-49
370
382
322
41
-532
-1266
-1931
-2382
-2724
-2574
-2304
-2043
-2260
-2325
-2218
-1899
-1907
-2259
-2163
-2047
-2418
-3464
-5179
-2741
7707
18448
21910
15541
8692
3112
-3742
-9470
-11932
-8990
-7045
-4863
-645
2460
2718
-87
1054
3806
2168
-2169
-3186
1913
6118
6449
6653
7430
6543
2488
-1548
-2650
-3741
-5758
-7315
-6372
-3939
-2413
-1076
-80
-219
-1185
-1201
938
2644
2018
1115
1784
3841
4555
3534
2288
1004
-540
-2651
-4116
-4032
-3311
-2433
-1712
-828
83
348
150
-187
-154
189
1364
2973
3971
4422
5162
5569
4357
1797
-1132
-2899
-3700
-3463
-2951
-2336
-1169
-21
975
1238
1286
1063
821
996
1154
1497
1880
2188
1686
438
-728
-1522
-2014
-2390
-2687
-2457
-1645
-710
-93
-13
1
-65
-205
-698
-1267
-1870
-2149
-2077
-2096
-1960
-2051
-2266
-2380
-2296
-2232
-2558
-2644
-2302
-1878
-2109
-2795
-4076
-4387
3170
14377
21456
17938
9813
4393
-1422
-6731
-10869
-9607
-6567
-4727
-1397
1330
2389
-22
-846
1939
2357
-646
-2848
529
5793
7214
6813
6835
6300
3071
-1204
-2712
-2897
-4041
-5849
-5930
-3884
-2199
-1456
-1041
-1283
-2064
-2130
-220
2209
2689
2066
2205
3559
4332
3450
2250
1087
-385
-2148
-3415
-3202
-2431
-1791
-1589
-1294
-534
-253
-526
-1000
-948
-92
1524
3235
4485
4668
4820
4838
3781
1409
-1255
-2451
-2818
-2305
-1761
-1311
-666
-254
114
154
310
511
585
846
1264
1854
2242
2300
1695
306
-852
-1483
-1726
-1885
-2097
-1884
-1339
-508
-105
-239
-419
-470
-489
-735
-1024
-1333
-1615
-1915
-2102
-2225
-2154
-2170
-2244
-2271
-2448
-2343
-2346
-2094
-2010
-1906
-2478
-3591
-5133
115
11604
20562
19727
10905
4788
-487
-5544
-10009
-9986
-5915
-3919
-1069
1363
2429
278
-2309
-181
1433
-397
-2757
-110
5934
8297
7382
6688
6196
3348
-1220
-3246
-2594
-2544
-4139
-4945
-3456
-1646
-1541
-1980
-2605
-3414
-3262
-1427
1771
3272
3051
2815
3439
4120
3129
1731
895
-125
-1407
-2501
-2286
-1159
-910
-1373
-1861
-1431
-1067
-1405
-1839
-1476
-186
1602
3406
4571
4995
4802
4618
3755
1927
-393
-2088
-2395
-2111
-1649
-1390
-911
-497
-554
-436
-160
492
734
914
1595
2251
2728
2364
1330
-4
-1261
-1818
-1903
-1700
-1619
-1369
-949
-453
-338
-715
-1051
-1197
-961
-714
-498
-582
-977
-1631
-2234
-2558
-2658
-2757
-2951
-2874
-2244
-1554
-1682
-1855
-2083
-1990
-2511
-3409
-5031
191
11529
20385
19314
9848
3360
-1419
-5470
-9258
-8983
-4881
-2563
3
1673
2106
-531
-3482
-1762
100
-741
-1995
1121
6992
8952
7310
6020
4957
1905
-2410
-3731
-1972
-1276
-2645
-3742
-2686
-1297
-1916
-3252
-4190
-4586
-3741
-1255
2349
4086
3562
3078
3032
3145
2140
930
464
-183
-858
-1359
-713
-68
-603
-1829
-2805
-2561
-2037
-2146
-2095
-1242
321
2121
3416
4332
4364
3945
3450
2703
1333
-168
-993
-999
-784
-837
-1153
-1440
-1620
-1678
-1302
-462
450
993
1281
1751
2275
2275
1629
536
-597
-1329
-1453
-1052
-755
-789
-941
-1064
-1033
-1106
-1359
-1595
-1421
-897
-373
-56
-183
-838
-1795
-2668
-3021
-2984
-3102
-2828
-2493
-1764
-1246
-1518
-1948
-2376
-2153
-2511
-3562
-4964
1679
13216
20845
17137
6988
1336
-2561
-5569
-8884
-7566
-3149
-855
1367
2097
1439
-2176
-4824
-2786
-818
-1033
-991
3229
8494
9103
6603
4772
3091
-345
-3741
-3383
-351
474
-1222
-2550
-1896
-1430
-3116
-4812
-5758
-5465
-3358
69
3665
4652
3579
2593
1902
1564
761
385
546
448
297
303
727
381
-1260
-3069
-3762
-3168
-2250
-1794
-1304
-428
1013
2467
3390
3764
3286
2559
2239
2067
1663
685
-8
-144
-423
-804
-1430
-1954
-2266
-1987
-852
389
1279
1306
1202
1465
1708
1373
547
-294
-740
-731
-377
16
-148
-715
-1385
-1738
-1595
-1510
-1435
-1371
-1042
-342
247
355
-398
-1584
-2783
-3311
-3365
-2913
-2509
-2064
-1717
-1517
-1597
-1854
-2478
-2635
-3055
-2990
-4335
-1503
9038
18790
20106
9964
1632
-1998
-4225
-6839
-7936
-3324
70
1524
1932
1140
-1324
-5485
-5374
-2238
-485
-335
2028
7466
10109
7664
4270
2321
66
-2754
-3479
-337
2396
1228
-1250
-2536
-2103
-3147
-5469
-6590
-6260
-3927
-434
3233
5071
3708
1789
558
415
508
440
1168
1728
1906
1763
1504
754
-1123
-3441
-4548
-3954
-2370
-1073
-609
-63
435
1255
1561
2185
2639
2603
2624
2324
2434
1760
945
164
-239
-712
-1539
-1842
-2130
-1866
-981
290
1210
1156
682
465
749
953
584
16
-419
-401
79
342
279
-383
-1331
-1907
-1976
-1555
-1154
-864
-768
-610
-247
-182
-696
-1668
-2644
-3255
-3293
-2598
-1898
-1483
-1821
-2070
-2229
-2477
-2569
-2411
-2576
-2546
-3435
-2538
6076
15968
19794
11711
2007
-2247
-3593
-4708
-6460
-3169
804
2073
1787
236
-1745
-5582
-6622
-3453
-193
942
2028
6034
9254
7663
3553
956
-319
-1624
-2046
249
3460
3068
53
-2648
-3388
-3653
-5415
-6311
-5869
-3686
-252
2818
4588
3212
478
-1091
-971
374
1353
2279
3037
3142
2733
1664
239
-1536
-3438
-4406
-3542
-1791
-42
370
180
-377
-371
384
1040
2183
2344
2629
2832
3086
2519
1111
99
-536
-607
-991
-1185
-1290
-1062
-320
494
1020
662
-18
-186
244
571
578
278
-36
-28
199
313
91
-630
-1421
-1829
-1615
-1035
-507
-270
-414
-551
-618
-576
-819
-1617
-2475
-2984
-2899
-2327
-1920
-1620
-1786
-1816
-2313
-2416
-3016
-2955
-2904
-2747
-3208
-2114
7374
16952
19508
10041
91
-2797
-3138
-3829
-5237
-1481
2637
2841
1400
-760
-2974
-6875
-7762
-3682
798
2369
2934
6106
8743
6683
1774
-887
-959
-687
83
2253
4858
3843
125
-3323
-4997
-5318
-6188
-5830
-4175
-1874
904
2958
3720
1513
-1762
-2984
-1811
946
3076
4126
4375
3805
2626
923
-1051
-2606
-3470
-3216
-1872
-50
1132
861
-479
-1672
-1933
-798
998
2185
2688
2526
2935
3108
2239
748
-782
-870
-427
-50
98
6
162
282
470
311
-309
-827
-602
272
965
934
467
27
-140
-92
-158
-289
-631
-1189
-1362
-1126
-592
-353
-416
-547
-660
-469
-501
-889
-1508
-2256
-2451
-2378
-1952
-1811
-1821
-2000
-2310
-2756
-2825
-3015
-2561
-2403
-2089
-2899
-806
8619
17125
17482
6972
-1460
-2787
-1787
-2423
-3330
544
3400
2287
-164
-2179
-3922
-7251
-7190
-2403
2461
3508
3175
5157
6788
4470
-31
-1668
-321
1481
2885
4210
5006
2686
-1394
-4614
-5766
-5547
-5328
-3861
-1734
144
1447
1614
818
-1576
-3601
-3361
-844
2680
4943
5428
4329
2620
886
-546
-1704
-2162
-1798
-672
609
1338
908
-373
-2476
-3436
-2237
52
2210
2504
2609
2231
2166
1879
948
116
-540
-64
719
1116
989
301
30
-92
-155
-276
-502
-396
190
725
759
368
-219
-514
-617
-355
-101
-202
-452
-962
-1126
-975
-860
-762
-731
-531
-259
5
-70
-902
-1796
-2521
-2590
-2245
-1882
-1518
-1519
-1831
-2438
-3096
-3171
-3078
-2462
-2402
-1970
-2864
-1172
7779
16106
16909
6541
-2114
-3035
-889
-623
-1757
1439
4101
2652
-612
-3488
-4886
-6935
-6258
-1618
3078
4239
3222
3788
4396
2418
-1057
-1844
295
2971
5020
5662
4906
1440
-2634
-5145
-5707
-4770
-3779
-2064
-192
715
793
-135
-1637
-3610
-4361
-2672
540
3704
5402
5125
3209
873
-838
-1430
-1208
-514
533
1459
2026
1306
-86
-2090
-3386
-2783
-673
1622
2401
2013
1431
1049
433
-138
-218
229
1013
1602
1689
1227
512
-51
-306
-108
221
473
534
609
485
10
-558
-988
-940
-504
-16
234
159
-386
-1097
-1556
-1699
-1398
-1010
-592
-119
52
127
-54
-680
-1370
-2190
-2298
-1896
-1269
-1177
-1562
-2056
-2578
-2817
-3060
-3141
-2668
-2187
-2255
-2917
-4325
2291
12406
17656
11257
-130
-3406
-1115
1332
23
574
4043
4033
1123
-2638
-4690
-6463
-6960
-3199
2009
4523
3199
2250
2627
1815
-857
-2366
-285
2656
5386
6724
6125
2749
-2268
-5000
-5144
-3634
-2306
-1497
-61
523
236
-934
-2594
-4219
-4893
-3121
215
3349
4670
4201
2311
124
-1159
-1304
-333
822
1894
2592
2500
1459
-516
-2298
-3441
-3145
-901
2146
4262
3754
1853
-380
-1948
-2322
-1447
375
2105
3130
2752
1261
-518
-1638
-1455
-411
1137
2343
2626
1974
783
-432
-1596
-2223
-1854
-682
680
1296
945
-471
-2083
-3142
-3285
-2260
-996
85
622
698
385
-393
-1303
-1970
-2277
-1875
-1138
-556
-699
-1157
-2044
-2876
-3828
-3771
-3231
-2173
-1787
-1966
-3277
-4028
3708
12644
15609
6813
-2478
-2821
1398
3484
1418
2060
4404
3057
-495
-3747
-4806
-5812
-4890
-593
3834
4193
1189
31
624
220
-1577
-1543
1543
4290
5890
5839
4321
578
-3777
-4925
-3084
-515
250
-288
-524
-1022
-1729
-2616
-3276
-3858
-3507
-1286
1667
3472
2911
1122
-670
-1373
-715
474
1878
2500
2451
1986
992
-125
-1521
-2136
-909
1415
2942
2205
318
-861
-1219
-1140
-953
-281
815
1659
1963
1321
36
-1040
-1078
133
1647
2361
2241
1617
683
-227
-931
-1182
-802
-12
664
783
193
-853
-2090
-2628
-2289
-1457
-529
-184
-187
-526
-1062
-1379
-1507
-1359
-968
-439
96
-121
-896
-1834
-2474
-2818
-2996
-2718
-2040
-1490
-1429
-1950
-3282
-4106
-5928
189
10248
15628
9845
-1370
-4491
-511
3310
2607
2064
4780
4796
1465
-2405
-4316
-5406
-5489
-1842
3335
5303
2204
-951
-863
-364
-1255
-2044
503
3892
5615
5491
3566
570
-3167
-4612
-2499
810
2404
1077
-873
-2252
-2895
-3091
-3079
-2887
-2446
-834
1154
2202
1476
-463
-1827
-1930
-356
1664
2916
2842
1887
892
64
-529
-970
-537
1071
3026
3165
1240
-829
-1996
-2002
-1205
36
1197
1668
1339
422
-558
-1298
-1559
-493
1488
3020
3230
2151
578
-559
-987
-741
-112
732
1346
1288
446
-834
-2193
-2844
-2443
-1353
-175
248
-135
-991
-1763
-1971
-1836
-1312
-660
-172
177
-46
-871
-1664
-2084
-1971
-1961
-1603
-1757
-1658
-1998
-2171
-2739
-3173
-3762
-4715
2421
11363
14217
5698
-4773
-5377
822
4793
3748
3338
5449
3755
-543
-3926
-3910
-3567
-2561
1106
5219
4953
-324
-3933
-2725
-368
419
517
2767
4760
4596
2640
314
-1834
-3362
-2597
529
3679
3808
739
-2602
-4377
-4166
-2949
-1484
-564
-305
143
266
-319
-1395
-2294
-1974
-469
1755
3164
2924
1336
-244
-941
-565
29
1115
3023
3668
2280
-381
-1828
-1542
-948
-347
489
1393
1524
467
-770
-1592
-1363
-320
841
1907
2355
1858
783
-52
-284
-52
256
720
1295
1318
453
-813
-1659
-1734
-1320
-699
-317
-387
-1117
-1901
-2194
-1862
-1168
-673
-490
-775
-1283
-1536
-1332
-1300
-1458
-1318
-648
-633
-1327
-2433
-2824
-2447
-1819
-1971
-2141
-3379
-3910
2934
10600
11802
2211
-6110
-4343
3091
6290
4174
3088
4064
1603
-2431
-4113
-1857
-597
260
2648
5205
3389
-2490
-5728
-3222
648
2435
2410
3439
3846
2320
-4
-1421
-1766
-1524
-224
2059
3459
2072
-1375
-3839
-4009
-2359
-611
177
-109
-1093
-1617
-1623
-1246
-1071
-908
-476
368
1315
1633
755
-476
-840
77
1362
2461
3312
2927
1100
-999
-1644
-535
810
1228
732
425
78
-624
-1365
-1586
-825
527
1731
2003
1371
322
-463
-470
354
1257
1410
1036
723
522
68
-720
-1092
-716
-113
120
-152
-881
-1848
-2364
-2061
-1254
-541
-446
-771
-1236
-1675
-2032
-1954
-1512
-850
-609
-462
-782
-1383
-2303
-2793
-2708
-1759
-902
-1152
-2672
-4873
1079
9145
11356
2997
-5931
-4846
2944
6725
4322
2253
3244
1703
-2052
-3862
-1399
441
725
2092
4297
3586
-1657
-5360
-3000
1439
3572
2455
1995
2224
1376
14
-855
-771
-497
289
1685
2570
1203
-1944
-3862
-3360
-1125
744
793
-442
-2134
-2627
-1985
-949
-151
134
111
129
192
270
-238
-727
-500
705
1937
2939
3513
2422
220
-1601
-1107
461
1497
1419
605
157
-446
-1063
-1210
-729
157
817
1370
1181
695
265
55
359
956
1429
1107
267
-250
-222
-60
-72
-179
-55
-64
-296
-886
-1562
-1864
-1768
-1283
-647
-207
-597
-1540
-2382
-2423
-1793
-1120
-750
-770
-1254
-1828
-2212
-2159
-1963
-1613
-1306
-969
-1771
-2716
-5222
-944
7652
11597
5248
-4802
-5882
1575
6764
4650
1424
2385
2271
-1157
-3632
-1472
1584
1242
1178
2577
3102
-715
-4785
-3132
2011
4591
3198
1171
1319
1010
6
-617
61
489
737
1200
1647
825
-1693
-3538
-2826
-523
1255
786
-1022
-2872
-3280
-2093
-667
197
501
226
-301
-725
-475
-107
26
95
718
1401
1672
2488
2046
567
-778
-450
843
1650
1252
130
-627
-660
-725
-550
-32
505
562
731
564
146
4
300
1003
1613
1494
750
-121
-301
82
335
185
-105
-237
-389
-628
-1034
-1368
-1310
-1140
-802
-483
-482
-1071
-2014
-2358
-2189
-1537
-888
-684
-880
-1333
-2133
-2601
-2700
-1607
-1248
-873
-1873
-2241
-4066
-2665
4905
10509
7582
-2984
-7486
-1158
7100
7295
2727
1304
2111
-741
-3976
-2942
1923
3125
1986
1631
2342
161
-4269
-4448
833
4965
4469
1391
648
864
279
-238
450
1525
1371
844
811
813
-649
-2539
-2296
-430
1201
744
-1388
-3140
-3714
-2310
-217
1087
883
-258
-1368
-1567
-949
-16
721
931
1106
1273
1628
1943
1368
249
-161
236
1217
1762
978
-458
-1145
-686
50
378
344
220
114
127
79
133
495
960
1439
1695
1236
512
-276
-286
488
1004
946
263
-524
-859
-796
-542
-496
-791
-1174
-1389
-1279
-1089
-1036
-1252
-1426
-1471
-1222
-1307
-1663
-1978
-1986
-1745
-1401
-1394
-1276
-1774
-1743
-2360
-2202
-3757
-1779
5877
10507
5984
-4434
-7443
206
8172
7164
1976
747
1609
-979
-3689
-1792
3397
3925
1766
758
1261
-649
-4424
-3578
2380
6176
4411
168
-741
191
312
118
1266
2648
2214
817
-35
-30
-834
-2161
-1421
793
2035
603
-2450
-4071
-3677
-1721
242
1067
469
-768
-2048
-2200
-1033
436
1255
1340
1003
855
1142
1406
1285
495
466
979
1782
1662
301
-1231
-1427
-474
455
630
211
-263
-382
-309
93
523
994
1244
1298
1160
711
161
-37
342
1090
1446
834
-182
-906
-987
-593
-192
-254
-592
-1035
-1229
-1279
-1244
-1203
-1389
-1603
-1561
-1564
-1372
-1387
-1453
-1627
-1754
-1945
-1710
-1564
-1505
-1680
-2203
-2841
-3830
1721
8401
8909
143
-7405
-4355
5294
8716
4054
75
1093
697
-2411
-3473
884
4421
2904
816
875
823
-2432
-4469
-497
5214
5853
1590
-1722
-708
713
957
1228
2390
2159
592
-494
-143
236
-773
-1307
200
1638
1142
-1611
-3808
-3734
-1976
268
1450
825
-660
-2078
-2423
-1656
-198
821
1200
973
574
1238
1465
1297
295
170
1211
1998
1319
-51
-924
-793
-250
483
695
535
-119
-506
-556
-123
326
531
880
1298
1235
699
30
74
694
1183
1181
535
-180
-535
-464
-168
53
-125
-603
-978
-1270
-1301
-1217
-1157
-1101
-1198
-1275
-1599
-1679
-1813
-1403
-1399
-1742
-2302
-1981
-1353
-908
-1758
-2409
-3331
-3042
3486
8805
6925
-2598
-7435
-1890
7160
8033
2487
-512
1135
232
-2487
-2411
2546
4611
2299
428
656
-178
-3450
-3895
1510
6447
5226
165
-2208
-507
1018
1204
1531
2373
1390
-197
-644
379
585
-709
-1039
577
1640
446
-2349
-3754
-2887
-714
1093
1448
119
-1730
-2635
-2153
-758
749
1178
1084
513
576
1040
1377
892
357
854
1715
1548
202
-831
-886
-254
502
702
442
-64
-597
-443
-37
422
513
627
987
1201
850
249
-119
138
698
1074
695
146
-358
-263
42
105
-100
-543
-848
-947
-826
-667
-650
-822
-1418
-1766
-1691
-1483
-1474
-1503
-1779
-1801
-2102
-1909
-2021
-1644
-1868
-1788
-2949
-2645
3473
8273
5672
-3574
-7000
-274
8253
7543
1335
-1284
886
134
-2215
-1704
3157
4517
1688
-350
332
-252
-3052
-2916
2418
6386
4204
-976
-2584
-293
1387
1656
1785
2447
1452
-291
-658
456
554
-478
-682
886
1483
-19
-2652
-3505
-2248
-192
1081
845
-585
-2129
-2573
-1588
-27
1043
859
207
-144
137
777
2069
2518
1400
155
92
782
823
268
-185
-25
427
166
-559
-893
-624
-92
308
725
739
314
118
402
853
883
518
323
322
776
783
178
-295
-264
70
227
-124
-837
-1156
-1042
-609
-350
-604
-1259
-1871
-2090
-1555
-1122
-1013
-1544
-1929
-2209
-1981
-2277
-1918
-2038
-1780
-2821
-2274
3745
8004
4810
-4257
-6936
463
8772
7301
555
-1728
894
440
-1792
-1320
3160
4092
1219
-467
264
-343
-2959
-2496
2847
6270
3348
-1971
-2864
190
2220
2212
2033
2312
903
-770
-821
569
1013
-9
-303
1114
1408
-533
-3116
-3422
-1638
372
1044
403
-996
-2356
-2570
-1483
42
975
662
-74
-438
235
1437
1738
1092
609
999
1576
1183
-10
-454
-62
379
647
365
-257
-725
-761
-67
533
505
107
-16
299
645
521
161
178
556
827
761
283
-18
-146
-44
340
352
61
-556
-906
-873
-598
-413
-598
-1179
-1582
-1569
-1368
-1447
-1473
-1780
-1882
-2198
-2228
-2300
-1778
-2063
-1966
-2999
-2061
4085
7901
4024
-5002
-6825
987
8871
6929
441
-1328
995
101
-1871
-1048
3200
3684
974
-49
738
-500
-3530
-2565
3250
6393
2986
-2132
-2628
360
2015
1995
2036
2345
611
-995
-472
1096
1110
-310
-341
1486
1630
-616
-3184
-3253
-1388
482
972
308
-1145
-2448
-2451
-1134
346
899
459
-253
-116
739
1156
850
518
784
1310
1282
586
-275
-353
82
412
485
241
-322
-701
-464
250
558
391
121
131
340
586
513
300
425
696
624
335
-138
-430
-364
-78
153
-161
-729
-979
-840
-518
-409
-623
-1077
-1395
-1473
-1358
-1274
-1223
-1588
-1709
-2025
-2230
-2606
-2573
-2286
-1781
-2413
-2952
1977
6652
5000
-3261
-6816
-977
7387
7304
1375
-1282
958
604
-1842
-1666
2562
4161
1368
-339
542
-51
-3060
-3029
2102
6040
3436
-1659
-2878
23
1688
1645
1698
2223
886
-1012
-828
1036
1293
-141
-551
1105
1499
-635
-3034
-3057
-1202
317
732
139
-1145
-2528
-2713
-1426
265
846
327
-426
-473
145
896
1350
1011
584
611
1009
940
98
-355
-47
417
529
159
-463
-807
-592
-75
196
228
27
55
220
404
356
192
108
335
580
529
173
-212
-331
-34
232
96
-469
-922
-975
-723
-345
-448
-1010
-1542
-1740
-1458
-1322
-1238
-1519
-1800
-2072
-2103
-2424
-2401
-2270
-1965
-2167
-2716
1830
6137
4672
-3037
-6223
-891
6705
6544
1132
-1025
1104
489
-2086
-1692
2495
4017
1186
-157
780
-27
-3312
-3098
2095
5985
3417
-1443
-2584
-162
1008
1098
1598
2471
1089
-952
-745
920
876
-542
-583
1457
2108
-269
-2870
-3119
-1471
-13
653
464
-682
-2451
-2997
-1853
-149
576
181
-367
-81
264
437
759
1419
1551
1022
381
250
216
136
66
130
287
-32
-693
-844
-318
344
516
306
-47
-132
-171
-28
269
354
388
340
280
168
-24
-311
-375
-143
155
43
-462
-837
-808
-610
-349
-503
-1086
-1582
-1564
-1367
-1333
-1451
-1654
-1797
-2081
-2206
-2466
-2358
-2635
-2273
-3128
-256
4760
6120
207
-5745
-3471
4149
7273
2989
-903
332
1527
-902
-2195
420
3598
2337
442
734
801
-2409
-4288
-567
5065
5023
541
-2482
-1041
671
806
1150
2202
1943
-24
-759
524
982
-488
-1187
506
2350
1157
-1761
-3305
-2443
-796
672
1096
274
-1553
-2670
-2151
-667
153
270
-121
-103
411
1007
1109
385
-186
411
1558
1733
584
-645
-629
-27
368
312
33
-343
-344
27
182
-73
-522
-373
511
944
655
-158
-653
-420
358
891
638
-162
-808
-810
-354
87
92
-318
-722
-744
-416
-386
-920
-1584
-1522
-887
-739
-1217
-2021
-2181
-2299
-1992
-2129
-1799
-2129
-2221
-3380
-2248
3162
6369
2693
-4427
-4733
1685
6595
3894
-80
181
1909
-285
-2312
-716
2719
2356
589
1111
1851
-1246
-4468
-2152
3689
5303
1574
-1649
-1084
461
349
593
1893
2192
330
-644
398
1171
-435
-1510
-56
2144
1652
-757
-2584
-2517
-1728
-500
819
932
-761
-2513
-2498
-1154
-242
-275
-240
120
810
1003
668
157
-201
59
1083
1821
1217
-178
-869
-579
59
208
-11
-99
-52
99
21
-378
-650
-387
409
1010
972
175
-733
-846
-144
552
674
154
-494
-737
-675
-545
-512
-569
-486
-345
-382
-571
-1181
-1631
-1541
-1179
-897
-1124
-1667
-2074
-2327
-2259
-2369
-2102
-2388
-2162
-3239
-599
3995
5431
210
-4930
-2800
3549
5857
2177
-253
1173
1536
-1197
-2062
454
2755
1449
813
1676
1116
-2866
-4263
-291
4396
3672
385
-980
38
114
-323
799
2120
1446
-96
276
1465
623
-1609
-1546
852
2255
839
-1223
-2230
-2128
-1806
-578
829
717
-1148
-2275
-1787
-885
-872
-710
-75
962
1328
1040
357
-459
-474
475
1489
1605
628
-426
-835
-561
-118
104
128
33
72
128
5
-518
-829
-248
707
1163
833
-180
-854
-756
-129
331
367
59
-293
-582
-764
-785
-729
-657
-420
-165
-229
-758
-1442
-1779
-1576
-1063
-852
-1196
-1653
-2203
-2289
-2686
-2439
-2485
-2000
-2783
-1655
2503
4960
1973
-3521
-3535
1378
4835
2812
502
1045
1512
-909
-2064
-163
2466
1764
962
1833
1618
-1947
-4164
-1350
3146
3723
1285
-102
98
-306
-930
189
1709
1553
191
400
1415
750
-1461
-1787
223
1987
1295
-212
-1266
-1948
-2171
-1077
441
691
-639
-1624
-1473
-1230
-1415
-1271
-502
617
1257
1322
849
-2
-669
-502
548
1516
1462
500
-369
-744
-756
-549
-28
381
577
419
-37
-711
-1154
-814
311
1171
1208
361
-616
-1061
-845
-232
352
542
339
-126
-591
-888
-1020
-943
-559
98
192
-446
-1366
-1912
-1847
-1407
-1030
-998
-1276
-1884
-2473
-2882
-2677
-2489
-1972
-2383
-417
3080
4051
355
-3483
-2218
1969
3547
1909
1245
2049
932
-1858
-2010
463
2047
1152
1499
2512
1043
-2899
-3829
-295
3033
2574
1062
817
676
-650
-1189
216
1357
850
317
1474
1961
222
-1828
-1633
292
1455
992
259
-696
-1950
-2513
-1425
116
417
-483
-902
-792
-1039
-1702
-1520
-734
491
1320
1515
988
-102
-839
-647
307
1078
1131
636
4
-488
-778
-895
-535
104
782
1124
515
-560
-1300
-1105
-27
955
1221
593
-274
-943
-1007
-590
-158
122
126
50
-204
-803
-1260
-1411
-799
239
524
-162
-1246
-1772
-1766
-1454
-1337
-1204
-1324
-1587
-2179
-2455
-2822
-2691
-2945
-1629
2072
4232
2133
-2099
-2802
-33
2140
1665
1583
2886
2529
-460
-2132
-1065
799
844
1427
2902
2453
-827
-3186
-2047
708
1700
1452
1734
1737
356
-949
-727
22
161
183
1335
2351
1388
-661
-1576
-971
46
556
780
431
-519
-1686
-1714
-990
-556
-686
-597
-251
-304
-1051
-1405
-1336
-826
299
1450
1917
1091
-237
-783
-512
-121
281
759
1008
563
-186
-824
-957
-804
-133
680
1097
541
-300
-853
-805
-385
124
562
652
256
-306
-756
-1003
-871
-508
81
364
230
-410
-1054
-1322
-908
-214
5
-178
-567
-1000
-1399
-1735
-1668
-1477
-1288
-1372
-1583
-2035
-2345
-2859
-1873
869
2960
2085
-441
-1418
-421
327
1
862
2617
2681
410
-1284
-905
132
184
802
2229
2400
287
-1280
-730
461
378
197
1059
1988
1384
316
-104
-285
-675
-584
745
1945
1587
267
-468
-603
-512
-438
16
458
201
-307
-423
-440
-807
-1266
-1052
-465
-73
-169
-376
-513
-597
-424
210
785
667
202
97
110
-60
-252
-66
326
421
149
-63
-154
-378
-411
-76
150
143
-120
-216
9
46
-122
-294
-238
-147
-40
-43
-110
-303
-539
-441
-228
-93
-64
-223
-451
-453
-317
-214
-345
-526
-601
-621
-642
-758
-866
-1063
-1273
-1323
-1236
-1230
-1499
-1316
-301
855
1052
376
-145
-64
-107
-532
-157
1188
1905
998
-238
-552
-32
213
259
745
1008
616
103
218
750
580
-101
-137
576
1065
876
567
302
-145
-583
-366
385
690
292
0
80
194
-52
-409
-388
-301
-223
18
307
339
-130
-549
-569
-414
-416
-382
-165
147
317
311
159
6
-258
-301
-55
80
30
-34
39
-8
-48
-230
-203
-104
-177
-148
51
70
-21
-73
15
54
-120
-226
-53
30
-27
-56
-192
-249
-258
-324
-233
-189
-280
-272
-236
-246
-278
-349
-425
-422
-413
-417
-488
-666
-867
-948
-913
-887
-829
-922
-1012
-1078
-993
-519
151
568
329
-180
-735
-889
-467
304
945
720
26
-247
302
975
887
431
34
23
340
901
1408
1097
284
-311
-23
661
846
540
177
23
95
281
520
318
-193
-230
111
461
380
78
-64
-205
-205
-79
181
237
-26
-125
-20
-10
-179
-350
-323
-141
15
121
223
148
29
-119
-170
-153
-249
-206
87
325
159
-95
-234
-120
-118
-124
-97
-63
-59
85
275
290
55
-266
-367
-298
-119
11
104
-38
-216
-204
-151
-223
-393
-391
-249
-157
-91
-88
-108
-434
-693
-710
-502
-366
-602
-882
-1079
-1151
-1100
-931
-922
-840
-347
417
732
266
-523
-887
-618
41
703
779
347
-178
-7
682
1006
570
12
-105
93
582
1067
1229
735
109
92
525
731
393
26
18
178
296
527
575
126
-356
-265
228
399
195
48
77
75
-100
-93
-19
-3
15
93
143
-139
-498
-477
-105
129
158
102
103
196
287
199
-54
-404
-470
-56
380
527
167
-257
-397
-251
-35
0
-89
-208
-207
100
388
350
-52
-289
-234
-90
52
46
-60
-78
-119
-99
-40
-269
-527
-589
-368
-122
-79
-83
-185
-467
-663
-682
-621
-689
-706
-714
-736
-890
-1151
-1227
-1101
-711
-54
662
713
154
-635
-996
-642
68
723
840
374
-113
6
592
899
595
221
192
280
580
1044
1118
621
23
72
525
696
350
83
84
35
124
490
610
134
-306
-205
204
264
11
-43
-12
-120
-231
-38
108
-45
-167
-35
136
-15
-306
-250
-146
-68
-69
-125
-18
78
209
345
181
-357
-643
-391
218
591
438
11
-341
-354
-69
143
73
-147
-256
6
287
388
108
-221
-391
-298
-173
-37
-25
-214
-251
-196
-124
-229
-422
-551
-428
-229
-2
-57
-208
-468
-676
-728
-755
-774
-777
-682
-686
-819
-1091
-1177
-1276
-1117
-484
382
763
362
-423
-823
-591
-66
497
753
464
-35
86
738
1115
738
107
-15
173
655
1145
1265
792
131
23
360
475
246
120
126
209
223
292
345
85
-257
-180
239
340
48
-131
-39
22
-98
-116
4
-77
-175
-109
83
42
-180
-293
-176
-25
-6
-115
-185
-78
161
398
317
-74
-428
-453
-126
277
427
248
-142
-312
-124
173
193
-23
-206
-68
217
473
447
92
-284
-412
-229
-19
16
-74
-162
-215
-152
-132
-324
-517
-576
-437
-277
-194
-195
-341
-553
-651
-638
-642
-742
-837
-828
-772
-846
-992
-1065
-1173
-920
-150
619
690
94
-706
-987
-572
137
755
712
118
-235
144
849
1079
651
217
145
383
852
1311
1221
578
49
189
593
550
184
13
117
181
211
392
370
-24
-374
-169
221
274
42
-99
-78
-124
-100
-28
19
-85
-105
50
91
-174
-384
-248
7
51
-15
-97
-155
-43
297
570
262
-342
-660
-383
96
477
413
56
-309
-336
-31
152
92
-164
-214
51
417
477
185
-192
-306
-145
6
71
-26
-133
-263
-295
-225
-215
-365
-533
-474
-323
-219
-154
-171
-315
-613
-736
-750
-792
-750
-761
-774
-787
-892
-1070
-1232
-1120
-594
231
742
421
-326
-860
-835
-280
506
843
528
-18
-88
546
1013
812
318
130
231
455
923
1279
924
175
-49
448
741
423
25
3
163
201
400
539
251
-253
-314
103
323
98
-113
-90
-57
-166
-223
-62
-94
-234
-109
63
64
-248
-389
-234
-98
36
-60
-139
-57
193
471
470
56
-408
-525
-220
176
433
351
-59
-217
-154
71
80
-48
-123
-129
124
410
496
196
-143
-264
-172
79
100
37
-136
-274
-190
-115
-310
-529
-594
-452
-277
-183
-128
-261
-514
-786
-699
-673
-676
-774
-806
-736
-799
-948
-1059
-1118
-796
-52
647
636
-61
-745
-837
-412
210
674
589
83
-187
239
898
825
305
65
177
481
800
1103
1080
535
138
268
586
604
268
211
231
218
328
462
332
-121
-388
-192
151
123
-79
-115
-9
-139
-191
-121
-177
-261
-219
76
140
-105
-302
-188
20
50
-86
-169
-63
95
340
410
122
-365
-576
-208
257
452
249
-39
-227
-181
24
61
-16
-158
-182
96
460
432
104
-173
-290
-169
-32
-38
-46
-91
-125
-115
-76
-168
-415
-550
-431
-245
-82
-92
-204
-467
-658
-689
-741
-742
-792
-756
-724
-771
-817
-963
-974
-643
2
500
439
-124
-624
-677
-324
257
595
509
30
-70
340
718
645
279
124
218
453
821
1128
882
389
141
357
622
507
201
132
235
349
415
526
351
-8
-104
94
259
112
-48
-59
-87
-170
-139
-181
-246
-311
-151
61
-5
-237
-366
-196
-8
73
27
-28
57
195
330
222
-88
-327
-357
-86
222
277
-6
-188
-132
3
128
5
-132
-208
-93
229
414
249
-154
-338
-267
-130
7
7
2
-51
-145
-87
-51
-288
-479
-435
-193
-38
-21
-88
-263
-456
-627
-630
-672
-662
-673
-679
-706
-802
-894
-937
-660
-176
319
478
179
-369
-620
-393
62
391
385
158
81
333
690
760
560
329
179
253
702
1164
1092
661
362
478
663
493
221
203
346
350
435
529
401
39
-113
101
286
302
91
11
7
-67
-147
-102
-151
-210
-124
82
147
-115
-320
-280
-144
-19
38
119
254
262
283
215
-38
-298
-276
48
314
327
165
64
50
88
152
130
17
-68
-75
130
343
208
14
-160
-192
-156
-102
-69
-87
-125
-170
-137
-137
-250
-404
-375
-225
-72
15
-94
-343
-494
-572
-577
-572
-581
-614
-603
-621
-738
-807
-826
-705
-250
242
387
148
-317
-545
-388
11
388
356
115
91
375
642
687
511
262
165
368
780
1038
893
561
354
506
621
513
328
208
193
289
470
581
432
124
37
166
205
97
15
74
109
72
19
-17
-187
-266
-90
41
22
-80
-195
-129
-96
-42
15
62
167
308
349
255
55
-258
-176
129
365
434
270
109
50
82
208
178
70
-24
123
278
338
247
97
12
-60
-26
18
-91
-183
-161
-41
4
-171
-207
-225
-174
-35
48
33
-23
-259
-410
-342
-367
-451
-507
-545
-555
-560
-631
-732
-803
-607
-61
394
407
137
-210
-368
-194
99
379
385
180
167
383
642
606
327
229
201
301
668
928
901
557
484
595
560
399
301
314
309
417
531
557
365
99
58
265
310
133
132
225
123
19
-31
-85
-179
-186
-60
32
18
-203
-199
-16
-19
-14
78
176
242
253
222
161
-114
-284
-94
170
202
151
92
74
64
56
117
82
-50
-14
151
273
275
94
17
-67
-181
-98
-105
-166
-233
-223
-105
-84
-242
-350
-366
-208
-58
-1
-4
-208
-429
-499
-443
-446
-478
-562
-556
-559
-621
-685
-787
-849
-651
-227
141
169
-65
-286
-363
-248
-57
113
93
-34
90
409
590
492
335
161
126
293
591
868
718
504
485
555
445
292
268
233
247
343
497
492
209
13
140
225
112
57
124
200
70
-62
87
-11
-229
-252
-115
16
-108
-208
-107
-27
-79
-89
11
142
147
115
173
114
-146
-245
-38
191
142
53
49
45
24
-10
42
18
-102
2
131
207
62
-144
-218
-270
-194
-153
-100
-199
-340
-281
-180
-165
-263
-296
-227
-191
-108
-59
-77
-223
-345
-322
-361
-462
-501
-486
-491
-533
-589
-659
-710
-776
-565
-126
194
128
-130
-260
-315
-225
-2
137
136
36
177
443
518
323
172
144
158
299
523
744
631
409
374
528
485
260
150
253
307
291
355
358
180
7
75
208
180
85
95
76
26
-63
-12
-23
-222
-237
-141
-13
-131
-155
-138
-96
-68
-73
33
197
162
33
40
1
-100
-114
13
77
55
33
82
119
12
-86
-86
-77
-8
74
133
56
-50
-156
-166
-135
-198
-257
-243
-211
-191
-184
-169
-222
-372
-328
-266
-193
-122
-151
-272
-379
-362
-375
-407
-443
-369
-334
-388
-398
-502
-579
-678
-689
-508
-206
14
-17
-155
-193
-205
-271
-181
-37
4
-20
82
256
389
259
202
273
231
228
311
449
433
356
374
442
370
182
167
229
230
187
296
383
196
5
-6
112
13
-41
79
168
52
-75
-36
-77
-162
-167
-97
-9
-106
-229
-203
-94
-46
-13
122
163
16
-181
-141
-61
-62
-7
78
40
-25
12
99
46
-111
-108
0
118
89
82
125
2
-182
-146
-37
-87
-165
-297
-209
-203
-311
-312
-259
-328
-377
-278
-229
-262
-286
-311
-291
-357
-452
-416
-423
-413
-334
-366
-473
-504
-523
-516
-458
-479
-414
-189
-55
-50
-138
-183
-170
-153
-107
-8
22
9
60
250
361
194
82
137
145
155
286
449
464
289
239
337
329
203
173
303
304
196
269
297
171
31
56
204
138
-114
-92
115
110
-30
-56
50
-73
-192
-113
-7
-87
-154
-31
227
238
136
86
1
-77
-123
30
170
82
-101
-22
107
41
-138
-105
15
29
39
99
115
0
-134
-128
-127
-172
-217
-156
-153
-192
-223
-162
-110
-219
-242
-173
-54
-142
-239
-206
-262
-265
-320
-348
-398
-448
-334
-237
-266
-311
-379
-415
-349
-414
-387
-388
-403
-318
-116
-10
-106
-164
-198
-221
-129
-44
76
66
-4
99
293
358
210
174
200
163
139
278
396
300
135
214
384
319
146
117
234
250
234
319
341
186
49
139
174
129
69
67
100
58
6
-69
-54
-103
-125
-9
16
-14
28
134
173
61
-20
-66
-79
-17
4
115
-10
-69
23
52
10
-33
20
81
106
111
139
51
-112
-198
-122
-125
-266
-255
-163
-174
-199
-249
-302
-325
-292
-225
-158
-175
-218
-198
-218
-249
-349
-413
-378
-306
-355
-378
-334
-405
-458
-373
-379
-391
-380
-382
-421
-459
-441
-243
-58
-61
-186
-252
-216
-136
-65
32
71
-11
-32
107
180
135
79
98
116
78
224
364
319
128
126
288
