74
78
81
19
79
123
88
112
75
85
90
67
112
40
32
24
79
94
120
137
80
40
24
8
48
6
58
135
161
75
78
181
61
128
187
160
131
106
126
159
182
155
99
55
26
29
136
158
68
92
31
-40
-85
75
156
167
177
127
92
36
124
189
227
161
79
71
84
69
81
158
111
38
75
130
121
110
108
26
54
111
116
103
109
72
61
100
98
104
121
144
131
61
-15
-7
-10
14
18
9
151
265
287
148
49
-28
-79
-10
150
222
207
147
59
55
71
117
156
144
151
200
258
175
29
-1
16
160
210
210
159
92
112
108
110
101
92
101
179
208
156
44
-21
-17
42
237
195
123
73
72
115
99
189
162
123
106
151
238
308
170
87
170
184
218
122
78
137
133
213
129
4
30
150
234
130
51
15
36
24
49
84
29
5
44
105
146
104
40
-43
-28
126
167
48
-21
55
121
124
121
168
87
32
166
222
161
134
111
9
136
293
135
-8
-31
17
60
147
88
40
60
122
205
94
34
41
22
223
298
166
25
51
56
54
220
207
60
-38
11
-75
0
162
211
93
-28
-25
-45
145
179
59
0
-39
-99
20
234
240
150
82
114
-30
213
376
65
-51
67
102
-17
137
200
68
1
274
254
88
54
43
-15
-37
245
241
69
1
109
115
194
346
203
-38
-124
-6
98
218
169
115
136
41
-36
43
130
12
-20
44
-11
14
249
178
-109
-165
-36
-7
107
155
56
-14
-19
7
32
65
24
98
224
160
44
98
71
35
170
181
74
137
240
236
112
14
18
57
128
32
61
74
-44
86
274
182
-114
-195
6
29
45
38
-30
-15
122
159
74
9
-71
-105
15
204
173
175
97
-191
-151
197
241
165
28
-31
-188
-99
234
185
-46
-65
101
66
-21
-15
18
254
421
289
63
-24
-154
-383
-79
285
156
-84
145
174
-103
93
366
148
-288
-27
229
77
-10
134
70
-228
-123
153
288
163
70
-41
-17
300
339
126
63
111
-92
-2
385
215
-176
66
162
-59
259
335
13
-171
25
169
163
161
-53
-66
286
24
-265
20
113
47
92
175
55
125
338
166
43
132
298
310
125
79
-1
-75
-201
144
412
154
-181
-26
242
230
138
-84
-181
49
229
77
56
-70
9
-10
76
134
110
115
-25
-25
0
334
300
175
149
93
-248
-158
206
120
-153
-378
-168
122
-44
-213
30
298
70
-247
-143
279
287
-22
-57
-46
58
128
172
133
-76
80
241
160
158
160
228
262
46
144
110
35
160
71
129
193
-65
-124
331
368
-135
-354
209
221
18
-37
-170
253
236
-43
-200
-46
76
148
155
-22
-144
-211
-159
227
181
-94
-39
4
-40
-74
268
93
-217
93
309
91
-203
14
88
-51
82
-47
18
-125
217
215
-176
-168
-22
272
-19
-32
-30
47
219
10
-233
100
334
-109
-354
320
419
-212
-350
104
227
-115
-65
85
185
-143
-340
224
487
37
-412
17
457
-56
-149
133
237
-196
-31
448
20
-34
56
197
-113
-44
330
-116
-16
32
237
-94
5
44
30
201
49
13
-153
382
129
-101
-134
242
415
-4
-53
-165
50
-60
-54
-27
395
180
-532
-54
607
166
-494
-5
307
-236
-136
348
178
-246
-19
188
159
84
74
143
184
-84
-417
117
415
36
-374
49
118
35
-241
131
301
9
-193
188
580
-349
-564
183
560
-104
-329
121
177
-125
-87
358
-126
-464
-188
187
-16
-358
130
336
-165
-265
375
-30
-388
0
306
-71
-324
289
115
-238
46
246
-137
-676
-88
557
207
-657
-370
107
21
-563
-161
339
-30
-738
-209
742
-84
-531
169
586
-410
-251
511
450
-656
-337
795
546
-563
-603
559
197
-574
-268
709
-3
-958
-72
816
-180
-991
437
1093
-373
-1212
448
779
-741
-628
780
419
-851
-49
802
-522
-954
399
752
-795
-871
767
785
-556
-569
477
371
-366
-228
626
66
-124
31
532
209
-235
-160
69
35
67
43
208
-98
-216
284
147
-364
4
136
-309
-83
496
153
-228
315
36
-162
258
347
-353
-228
279
81
-491
47
480
-171
-489
422
396
-635
-73
552
284
-368
85
554
-112
-173
-156
208
256
19
-30
-74
-179
-117
307
216
105
19
310
-142
89
155
322
-89
-163
371
241
-192
-80
390
-371
-518
598
564
-647
-362
805
286
-898
-11
842
-197
-525
293
562
-292
-527
311
293
320
83
-148
117
83
-152
-159
773
61
-975
413
809
-883
-605
1056
603
-977
-179
1031
-412
-412
1023
111
-939
18
775
-142
-661
307
423
-145
2
-61
-19
-175
97
697
13
-317
-142
464
102
-617
105
293
-485
-204
463
70
-520
-192
436
-79
-136
156
249
-131
-143
259
126
-358
-111
378
142
-330
-67
680
-77
-439
213
232
39
-138
215
127
-456
257
241
64
-335
264
-45
-158
588
227
-528
-15
628
-485
133
811
133
-704
152
547
-536
155
254
-224
-79
564
-76
-402
1020
625
-675
-257
521
31
31
227
12
-352
527
171
-466
193
455
-303
-180
1073
-7
-864
175
312
-150
-103
514
88
-316
146
-308
141
280
-254
-475
388
381
-581
390
636
-591
-158
822
-46
-646
1186
534
-915
97
596
-676
-400
1134
172
-787
56
153
-283
353
376
-471
137
286
-308
235
353
-625
-271
1003
-82
-693
233
227
-982
109
543
-352
-128
395
-86
-310
782
-467
-647
262
330
-132
369
23
-507
173
352
-36
-364
737
-276
-588
234
452
-292
-643
701
325
-474
245
758
75
-492
779
284
-553
-179
1064
517
-542
212
405
-255
-294
340
361
-704
56
268
-158
-48
393
215
-290
-250
49
162
235
-176
-113
421
-234
139
1006
2
-727
-82
578
-570
-46
377
-5
-409
247
666
-505
453
88
36
-280
726
236
-553
475
256
-647
179
1260
-650
-865
398
79
-240
575
93
-622
-171
890
83
-210
-294
316
363
-214
400
153
234
-122
-15
-131
657
39
-533
231
365
-187
212
523
-445
-386
521
-219
-119
122
84
-515
-45
230
159
48
-201
-272
112
619
-280
194
234
235
-251
24
809
-217
-230
-61
410
58
-252
301
270
-121
-237
-51
-251
304
268
-230
90
516
-123
-159
601
-459
-398
638
43
-581
211
584
-410
185
-112
15
324
-93
-201
271
-177
-322
585
55
-333
-369
232
214
-169
-80
553
61
-525
253
627
-314
-215
461
252
-141
-283
227
486
-273
-254
432
551
-710
38
492
-536
58
-113
89
-403
-165
197
600
-333
-454
442
51
-470
-72
206
121
75
-114
332
-6
-666
289
250
-459
-434
356
254
146
86
381
-166
-687
113
532
326
-542
375
313
175
-243
314
80
-195
96
892
24
-628
244
17
77
-200
104
-27
34
33
-86
547
134
-636
88
252
-253
-456
384
538
-385
-380
319
54
-140
-128
-4
128
-43
167
-168
17
12
-424
241
-92
-61
301
495
-494
-131
428
161
-278
-336
305
40
168
-281
558
392
-55
-194
56
-91
-495
365
589
-449
-584
872
519
-828
-638
898
-100
-648
836
338
-658
-158
283
95
-420
-42
91
175
-164
-82
192
579
-170
74
-324
29
-179
-270
222
238
5
-370
746
259
-576
-191
329
-160
-379
291
585
-354
-417
205
247
-306
-558
556
163
-81
243
428
-143
125
-333
184
-187
-393
196
443
-33
-570
280
567
-300
-588
38
928
-301
-1017
1160
501
-714
-250
590
-13
-448
348
51
-32
-128
-139
443
-352
-381
35
118
-92
-588
354
193
-605
-146
543
343
-537
-454
177
-523
-450
268
34
-18
-541
509
131
-15
-165
-152
435
-363
-124
-73
328
-136
-565
686
-2
-424
-209
425
59
-979
108
-27
-116
-163
232
-415
-624
170
-132
-262
-198
272
-124
-211
336
-32
-261
633
90
-526
-241
702
-471
-309
725
92
-347
-304
350
58
-675
314
304
-200
-153
630
40
-709
493
64
-255
-55
287
-168
-137
153
-608
754
188
-578
124
89
11
-406
548
8
-621
191
42
126
-351
-191
-66
-217
-110
207
-137
36
263
-502
-206
720
-209
-759
265
696
-713
-495
952
93
-984
-115
935
109
-1060
565
673
-653
-532
67
253
-1200
49
386
-17
-234
-372
454
-512
-412
198
315
-81
-680
490
18
-582
-781
286
284
-720
95
518
-55
-733
-31
79
-326
-219
234
255
-585
-872
645
20
-670
-357
760
-567
-402
511
303
-390
-222
208
-123
129
-209
195
-60
-346
304
366
-146
-764
196
848
-324
-562
151
798
-640
178
1085
136
-1181
-11
885
-679
-542
637
502
-643
-41
912
-270
-614
94
228
18
-402
190
-127
24
333
-216
152
175
-289
59
151
-7
-263
513
106
-416
394
408
-425
-418
422
-253
-761
290
413
-323
-531
216
290
-854
-373
233
279
-179
-549
590
-93
-376
57
282
-372
-345
368
113
28
45
-38
-216
6
-279
72
51
-199
260
189
-217
-260
595
-356
-458
363
367
-31
-157
529
108
-172
348
241
-67
97
576
-234
-359
473
137
-395
190
7
-412
-234
165
-184
-490
223
64
-412
122
248
-85
-217
-153
-61
149
236
-254
38
672
196
-104
-107
6
-187
7
166
-247
14
-31
33
-171
-348
-39
-153
-513
201
557
-150
-327
455
426
-682
-286
35
-308
-256
-109
258
-36
-468
-90
-477
-430
-369
-3
-17
151
348
-79
-416
-423
-337
-84
-459
-321
540
-83
33
-66
-588
-498
-52
535
76
-287
-114
-228
-35
-11
144
-42
-847
-692
-94
-12
12
-33
317
-177
-259
533
231
-732
-554
53
350
210
104
-418
-799
-232
-405
-191
353
310
240
223
-74
44
-66
-104
-462
-911
-20
388
-68
-528
-236
-225
-470
-95
-16
-136
164
339
485
137
-413
146
455
311
323
453
252
8
67
-20
-250
229
695
481
-47
-396
-192
105
-75
-289
-127
-337
-781
-304
-209
-583
-125
463
-145
-311
168
144
13
-25
111
27
-136
-645
-489
319
-30
-826
-549
-326
-182
156
-132
-435
-214
48
141
119
207
279
582
749
380
157
39
370
155
-243
-46
344
160
30
189
-278
-624
20
388
-256
-542
-289
106
156
39
80
-36
-330
-475
-81
-22
-139
-173
-47
76
-61
91
329
233
-34
149
558
507
-93
-116
-36
-120
195
321
39
-476
-354
330
500
202
93
336
185
-323
-256
62
-85
-55
87
71
301
588
377
185
94
-58
244
545
110
-502
-557
-572
-290
131
509
779
844
661
217
-186
-915
-1654
-2621
-3386
-3784
-3849
-3351
-1933
77
1936
3421
4048
3339
1694
261
-706
-1346
-1340
-1191
-1371
-1795
-1971
-1711
-1191
-464
-94
-80
276
653
769
944
1172
953
570
595
1157
1651
1584
1052
492
12
-226
-30
356
735
1272
2192
3458
4363
4236
3332
2096
806
-605
-1860
-3118
-4503
-5653
-6139
-5320
-3206
-497
1916
3451
3580
2693
1605
792
344
5
-103
-145
-176
-555
-1676
-3588
-4065
-2307
992
3889
4980
6087
9650
14975
16397
12131
5051
-1738
-6303
-7335
-5260
-3105
-1859
-1151
-1537
-1399
-240
2711
5183
5728
5501
4218
644
701
3756
2550
528
615
2394
3219
937
-4324
-6262
-2683
1035
1508
-353
-3275
-4084
-3744
-4954
-6943
-7850
-5861
-2582
-1038
-2763
-4794
-5330
-4229
-643
3535
5894
6929
7742
7498
6064
4313
3061
2336
2000
2278
3633
3995
2234
145
-799
-1576
-2062
-886
885
1197
-953
-4503
-6854
-6883
-5261
-3170
-1372
-183
416
427
-381
-1573
-2480
-2793
-3311
-4564
-5424
-4849
-2171
1809
5196
6158
4404
1258
-1805
-3514
-3242
-1280
642
1414
1189
413
-438
-1295
-2046
-2484
-2566
-2375
-2071
-1575
-1029
-573
-232
4
71
67
156
230
286
319
360
472
615
764
763
527
45
-314
-550
-728
-670
-562
-554
-564
-544
-523
-545
-452
-422
-474
-428
-465
-322
-376
-582
-531
-411
-357
-528
-536
-496
-731
-878
-830
-652
-703
-981
-1113
-1357
-2170
-2926
-4106
-5591
-7022
-7250
-7543
-3799
3675
8834
9348
6166
6409
8222
7119
7115
9627
12653
10920
8531
10836
11765
5948
-1501
-3584
-3340
-4379
-3373
1015
2327
-2680
-7552
-7458
-7663
-11382
-13008
-10260
-7223
-6623
-4910
-481
1260
-1453
-3897
-2969
-1399
-1194
511
4034
5538
4289
3981
5695
5771
3181
1188
1226
1194
750
1833
3700
3092
230
-1796
-2423
-3392
-4828
-4485
-3394
-3436
-3617
-2237
-124
110
-236
-63
102
-47
-38
1164
1831
1313
825
1278
1871
1730
1581
1478
1045
269
188
868
1180
628
11
-372
-890
-1599
-2123
-2410
-3018
-3519
-3401
-2855
-2805
-3443
-3933
-4159
-4077
-3506
-2845
-2380
-2359
-2724
-3119
-3309
-3504
-4121
-4917
-5024
-5284
-5594
-5332
-3565
3853
12874
15944
12244
6636
5542
4484
1032
604
3914
6668
5067
5154
9571
9080
286
-8263
-9592
-8445
-8698
-5443
1413
3356
-2057
-6478
-5369
-5202
-8926
-10130
-6147
-2213
-1110
1584
6453
6980
1985
-1833
-584
1725
2217
3831
7183
8084
5706
4551
5714
4845
550
-2818
-3019
-2354
-2057
-588
1423
731
-2675
-5183
-5370
-5369
-6200
-6133
-4692
-3129
-1805
322
2376
2317
391
-952
2866
7358
9381
9604
8417
6958
3239
1413
1784
1244
-654
-2432
-1043
179
-475
-1849
-3095
-4503
-5908
-4688
-1577
178
-343
-1495
-2201
-2662
-2807
-2189
-1330
-1081
-1242
-1125
-176
254
-388
-1143
-1125
-576
-33
598
635
-548
-3000
-4666
-5355
-6165
-6776
-6991
-7064
-7600
-7775
-3406
8050
17363
16875
9835
4882
5075
2943
-194
1796
6882
8144
5617
8195
12718
8125
-4442
-11886
-10402
-8529
-7463
-1869
4840
2822
-5622
-8919
-6243
-6414
-10124
-9517
-3951
-362
459
3965
8463
6925
515
-2311
941
3859
4024
5395
8179
8028
5046
4421
5850
3838
-2011
-5727
-5003
-3306
-2322
-487
1208
-606
-4886
-7144
-6549
-5869
-6401
-5940
-3648
-1017
947
2751
3960
3037
701
-241
5157
11307
12521
10960
8329
5953
1399
-1134
-294
-546
-2369
-4107
-2119
-399
-1657
-4058
-5585
-6237
-6524
-4139
-194
2030
1002
-1063
-1959
-1746
-1350
-1021
-220
361
164
-14
852
1242
66
-1455
-1613
-686
112
610
202
-1723
-4481
-6666
-7573
-7575
-7474
-7735
-8369
-9099
-8354
-5483
1750
13587
20456
17637
9902
6254
7151
4396
1388
3742
8908
9578
7299
9605
10599
1760
-11325
-15503
-11213
-8087
-6298
-1621
2184
-2002
-9354
-10217
-6361
-6312
-9161
-7221
-960
2994
4094
7153
10346
7929
2207
962
4629
6488
5353
5689
7860
7573
5059
3972
3332
-814
-7025
-9507
-7439
-4510
-2955
-1678
-1351
-3582
-6865
-8057
-6701
-5093
-4452
-3038
-103
3015
4673
5372
5473
4663
2923
4021
10289
13873
12496
8663
5589
2669
-1826
-3511
-3753
-4461
-6149
-6159
-3424
-2230
-3600
-5881
-6469
-5951
-4386
-1280
1952
3328
2251
536
13
674
635
-18
-124
437
303
331
1073
1153
-248
-1678
-1844
-1338
-892
-1596
-2835
-4506
-6449
-8207
-8955
-8759
-8685
-8787
-8723
-8444
-7446
-5036
832
13313
23391
23146
15840
9925
9476
6008
1405
2495
8078
10323
7013
7277
8688
1595
-12067
-19020
-15446
-11253
-9585
-5303
334
-1090
-8231
-10726
-6577
-4384
-6819
-6199
-122
5075
6564
9174
13404
12861
6987
3066
4515
6270
4844
3920
5908
6871
4349
1498
-82
-3374
-9232
-12885
-11223
-7088
-4309
-2844
-1947
-2706
-5252
-6688
-5294
-2770
-1128
47
2244
5196
7263
7997
7935
7214
5576
4284
8932
13127
11535
6749
2124
-101
-4399
-6775
-6745
-6613
-7168
-7813
-4852
-2282
-2590
-4886
-5698
-4195
-1951
1201
4228
5832
4539
2025
611
1039
1605
908
460
529
585
2
-240
-305
-1374
-2864
-3528
-2879
-2127
-2449
-3972
-5708
-7165
-8590
-9211
-8731
-8065
-8113
-8306
-7624
-6579
-4275
-740
9120
22983
28462
23534
14458
11130
8877
2160
-955
3324
9360
7837
4566
5739
3018
-9115
-21206
-21271
-14939
-11567
-8846
-2707
937
-3421
-8930
-7067
-2213
-2595
-4540
-1017
5944
9577
10794
14387
16695
12460
5172
2390
3636
3223
1087
1744
4283
3675
-18
-3028
-5342
-9788
-14360
-14407
-9733
-4916
-2628
-1418
-894
-1671
-3163
-2875
-326
2118
3049
3898
6141
8727
9782
9516
8423
6586
3689
2623
7130
9578
6935
1618
-2263
-4638
-8480
-9615
-8886
-7374
-6694
-5314
-1732
154
-767
-3406
-3540
-1264
1767
4922
7058
7147
4575
1405
-82
673
983
-2
-925
-1104
-1251
-1731
-1737
-2136
-3237
-4491
-4925
-4448
-3813
-3980
-5249
-6426
-7154
-7602
-7946
-7690
-7452
-7093
-6511
-6100
-3351
933
11331
25466
31024
25603
14789
10022
7619
828
-3088
787
7696
6738
3105
3678
900
-11389
-24198
-23909
-15658
-10616
-7713
-1997
1916
-1761
-7085
-5016
591
520
-2191
374
7506
12047
13367
15986
17341
12233
3759
-305
495
382
-1565
-1009
1595
1636
-1856
-5344
-7934
-11776
-15328
-14402
-8929
-3472
-666
362
800
607
151
715
2671
4308
4648
4950
6599
9123
10436
9497
6997
3784
540
-1815
-1863
2081
5499
4859
1613
-1908
-5148
-9438
-11533
-10287
-6994
-3419
-129
3067
3592
1088
-2277
-2895
-576
2537
5441
7104
6912
4683
2048
344
-396
-1509
-3142
-4028
-3758
-2851
-2244
-2009
-2610
-3932
-5497
-6087
-5286
-4076
-3788
-4280
-4611
-4978
-5672
-6710
-6914
-6843
-6287
-6017
-4119
-431
5921
20053
30703
29868
19178
9426
6911
1236
-5065
-4603
3608
8238
4334
2224
1448
-6375
-20851
-26524
-18659
-9880
-6395
-3058
2210
2417
-3168
-4987
227
3281
488
-874
4145
10925
13412
14695
16186
13515
5463
-1927
-3490
-2318
-2864
-3313
-794
1354
-340
-4473
-8017
-11071
-13864
-13922
-9492
-3093
1026
2308
2335
2406
2563
2758
3480
4349
4695
4604
5234
7424
9407
9050
6177
2392
-818
-1859
-701
1186
2236
1254
-677
-3260
-5554
-7422
-8362
-7773
-5614
-2182
801
2600
2286
749
-626
-394
1694
3968
5254
5024
3910
2385
1227
590
-254
-1646
-3458
-4405
-4338
-3577
-2848
-2902
-3355
-4277
-4893
-4538
-3755
-3293
-3523
-4294
-4975
-5366
-5557
-5657
-5423
-5112
-4380
-4734
-5024
-3436
1688
16707
29732
30506
20651
10208
6730
-141
-7458
-6659
2448
7959
4180
2198
1750
-5358
-19261
-25049
-17439
-9266
-6337
-3549
1817
3071
-1355
-2978
1907
4436
647
-1968
2164
9125
12375
14197
15909
13306
4995
-3048
-5303
-4147
-3892
-3624
-1029
1171
-248
-4298
-7963
-10481
-12283
-11929
-7996
-2300
1564
2837
2913
3317
3902
3934
3827
3804
3745
3373
4093
6392
8469
8060
4770
870
-2476
-4554
-5352
-1868
4217
6171
3697
-540
-3591
-7233
-10122
-9086
-5362
-950
1725
3681
4047
2003
-1246
-2932
-1056
2029
4474
5460
5398
4251
2066
-152
-1659
-3007
-5054
-6356
-5711
-3392
-1484
-1084
-1993
-3805
-5488
-6422
-5562
-3536
-1967
-2204
-2930
-3751
-4867
-6426
-7331
-6944
-5931
-5618
-4638
-1371
8716
25090
32197
26063
13886
6882
3312
-4846
-8423
-2015
7668
8101
3448
2391
-1177
-13284
-25419
-23017
-12130
-5799
-4029
-178
3759
1292
-3420
-1668
3337
2249
-2064
-976
6450
12534
14191
15257
14284
8059
-1091
-6001
-5121
-3425
-3126
-1760
1063
1332
-2197
-7067
-10442
-12208
-12260
-9317
-3882
938
2934
2831
2776
3566
4066
3677
2992
2818
3270
4068
6062
8219
8556
5716
1198
-2495
-4406
-5099
-3755
2785
7523
6309
1531
-3176
-6434
-10324
-10551
-6875
-1500
2227
3516
4174
2717
-233
-3202
-2648
703
3739
5369
5489
5050
3241
510
-1960
-3608
-5213
-6772
-6411
-3775
-861
-155
-1242
-3402
-5410
-6387
-5791
-3782
-1677
-1187
-1905
-3383
-4450
-5837
-7500
-7613
-6863
-5985
-5759
-3860
4286
20635
31701
28393
16985
7740
3452
-4164
-9242
-3924
6618
9995
5062
2437
-327
-10153
-22894
-23814
-13652
-5983
-3731
-1166
3250
2698
-1904
-2153
2082
2361
-1847
-2409
4202
11550
14242
15068
14290
8870
-186
-6339
-6157
-3612
-2424
-1313
1015
1584
-1554
-6548
-10074
-11649
-11530
-9069
-4562
102
2521
3010
3061
3805
4199
3534
2413
1762
2439
3990
6263
8284
8433
5520
867
-2973
-4650
-3489
-848
1709
3125
2999
1240
-1835
-4882
-7039
-7585
-6209
-3129
243
2408
2958
2167
1029
95
-59
472
1530
2722
3670
4214
3762
2035
-763
-3818
-5922
-6378
-5404
-3439
-1687
-1056
-1751
-3256
-4363
-4744
-4328
-3434
-2484
-2203
-2631
-3473
-4311
-5255
-5999
-6097
-5717
-5779
-6850
-6083
2017
19295
31319
28403
16316
6925
2981
-4441
-9701
-4226
7059
10063
4301
1563
-128
-8792
-21224
-22359
-12478
-5411
-4302
-2086
3082
3571
-730
-1472
2235
2008
-2722
-3320
3733
11603
14394
14619
13258
7706
-1067
-6660
-5965
-2848
-1446
-744
773
902
-1937
-6273
-9301
-10377
-10111
-8071
-4338
-307
2300
3242
3630
4209
4242
3044
1330
859
2168
4523
6876
8362
7738
4366
-386
-3590
-4437
-3862
-2938
-12
5204
6708
3945
-482
-4066
-7217
-9509
-7787
-3473
1228
3437
3877
3466
1395
-1318
-3114
-1938
761
3620
5641
6119
5053
1978
-1773
-4523
-5663
-5921
-5230
-3473
-1287
-255
-890
-2487
-4035
-4938
-5061
-3923
-2326
-953
-1021
-2070
-3529
-4846
-5755
-6260
-5823
-5604
-5998
-5148
-1030
13200
28675
30847
20386
7793
3152
-1546
-8102
-6874
3788
11539
7327
1555
-454
-5416
-17193
-23372
-15590
-5987
-3486
-3555
581
4332
1709
-1547
480
2269
-1372
-4308
687
10339
15410
15094
13143
8887
1283
-5832
-7038
-3487
-804
-412
268
1004
-845
-5209
-9085
-10414
-9862
-8204
-5253
-1450
1720
3398
3939
4419
4544
3226
1224
253
1757
4650
7278
8550
7824
4675
149
-3500
-3989
-1209
1484
2507
1893
638
-1549
-4064
-5667
-5887
-4961
-3663
-1419
858
2165
1964
1092
790
870
1163
1495
2004
2624
3178
3318
2771
1186
-1338
-3666
-4689
-4149
-2990
-2129
-1940
-2336
-3093
-3741
-3762
-3286
-2956
-2652
-2008
-1692
-2140
-2834
-3757
-4411
-5011
-4728
-4030
-3720
-5049
-6219
-5403
1820
19045
30796
28124
15093
4924
1861
-4281
-8694
-3762
7398
10269
3866
-65
-1526
-8359
-19838
-20746
-11245
-4557
-4432
-3449
2273
4628
1117
-693
1559
1070
-3332
-3636
4514
13586
15901
13995
10897
5665
-1773
-6639
-5432
-1790
-618
-920
-133
342
-2018
-6367
-9375
-9897
-9051
-7268
-4168
-385
2633
4087
4672
4914
3983
1856
61
521
3284
6366
8229
8114
5942
2194
-1663
-3614
-3679
-2486
-605
792
2567
3823
2828
-337
-4225
-6789
-7696
-6151
-2763
991
3421
3765
2720
889
-799
-1739
-1236
655
3050
5011
5430
3941
1121
-1983
-4328
-5268
-5003
-4271
-3318
-2188
-1330
-1338
-2205
-3463
-4532
-4775
-4045
-2350
-1240
-1143
-2017
-3632
-5125
-5811
-6099
-5751
-5958
-6373
-4961
2005
18774
31097
28895
15910
4742
1193
-4537
-8972
-4038
8051
12268
5401
-75
-2523
-8915
-20009
-21544
-11725
-4203
-3951
-3542
1984
5129
1585
-1523
146
270
-3588
-3858
4609
14568
17019
13992
10290
5488
-1800
-6960
-5883
-1523
352
-162
270
576
-2035
-6929
-10206
-10393
-9076
-7275
-4345
-472
2780
4415
4854
4718
3436
1037
-634
274
3784
7439
9049
8218
5593
1868
-1745
-3616
-3444
-1777
-263
1641
3854
3763
1049
-3050
-6248
-7903
-7619
-4804
-817
2614
3806
3257
1817
174
-1190
-1595
-158
2102
4163
5133
4785
3138
438
-2434
-4355
-4926
-4621
-3966
-3000
-1706
-1080
-1559
-2741
-3937
-4528
-4396
-3478
-1989
-938
-980
-2369
-3584
-4707
-5347
-5613
-5190
-4506
-5134
-4399
-346
14323
28987
29612
18303
5619
1579
-3014
-8228
-5442
5870
12496
6343
-606
-3164
-7009
-17106
-21297
-13128
-4567
-3551
-4698
84
5136
3201
-979
-403
562
-2386
-3783
3018
13575
17388
14284
9879
5586
-511
-5853
-5892
-1857
559
-177
-457
-132
-1716
-5955
-9540
-10125
-8972
-7360
-4944
-1289
2282
4528
5071
4721
3359
1057
-579
251
3709
7491
9155
8092
5386
1919
-1290
-3143
-3440
-2914
-2134
-175
3161
5395
4109
35
-4274
-7336
-8396
-6662
-2585
1638
3928
3936
2620
614
-1572
-2786
-1857
903
3782
5423
5464
4017
1625
-1021
-3010
-4079
-4594
-4705
-4032
-2526
-1126
-835
-1830
-3366
-4755
-5124
-4268
-2570
-1111
-550
-1352
-3029
-4262
-5348
-5579
-5563
-5036
-5233
-4602
-1955
9373
25804
30945
22421
8348
1775
-1532
-7314
-7246
2640
12746
9675
1063
-3112
-5666
-14060
-21368
-16068
-6456
-3307
-5035
-2062
4430
4937
141
-1668
-410
-1953
-4055
636
11582
17980
15806
10710
6338
1197
-4581
-6314
-2855
716
621
-284
-72
-1088
-4865
-9062
-10457
-9584
-8074
-5927
-2412
1533
4393
5248
4738
3230
918
-748
-127
3246
7293
9436
8718
6042
2747
-346
-2489
-3208
-2800
-516
2777
4479
3586
454
-3402
-6973
-8674
-7517
-4161
-267
2368
3396
2839
1363
-469
-1582
-1084
582
2774
4324
4886
4468
2872
557
-1593
-3006
-3615
-3579
-2920
-1950
-1566
-1850
-2796
-3677
-4215
-4121
-3513
-2514
-1487
-1032
-1606
-2576
-3664
-4541
-4965
-5019
-4594
-3898
-4444
-4834
-3708
1616
16562
28462
27434
15296
3828
825
-2869
-6366
-2768
7700
11673
4336
-2574
-4440
-7634
-16547
-18961
-11372
-4603
-4563
-5184
542
5652
3290
-1377
-1611
-856
-2644
-2319
5616
15483
17313
12487
7470
3873
-674
-4741
-4278
-495
1048
-240
-953
-702
-2236
-6516
-9870
-10149
-8747
-7140
-4614
-724
3018
4874
4546
3296
1585
-28
-319
1865
5718
8687
8859
6827
3941
1302
-967
-2294
-2933
-2032
1250
3757
4148
2013
-1309
-5161
-8308
-8449
-5945
-1952
1085
2695
2867
1825
102
-1515
-1633
-467
1716
3607
4605
4691
3718
1755
-565
-2215
-3068
-3283
-2950
-2074
-1397
-1561
-2551
-3705
-4520
-4575
-3867
-2773
-1908
-1549
-1624
-2415
-3449
-4233
-4630
-4937
-5004
-5178
-4839
-4918
-3767
-1168
10015
25485
29812
20868
6475
848
-833
-4897
-5044
3516
12576
8542
-830
-4996
-5732
-12516
-19858
-15895
-6947
-3509
-5479
-2570
4381
5233
-603
-3748
-1997
-1610
-2413
2288
12935
18630
14900
8310
4454
1306
-3049
-4794
-1698
1747
1074
-777
-1037
-1453
-4912
-9501
-11084
-9732
-7667
-5561
-2159
1879
4476
4262
2707
1205
32
-178
1403
4997
8484
9465
7682
4902
2350
194
-1587
-2642
-1829
555
3073
4066
2761
-256
-4449
-7981
-8908
-6998
-3355
199
2450
2955
1968
252
-1258
-1752
-949
960
3051
4533
4910
4108
2474
320
-1619
-2800
-3086
-2629
-1651
-814
-776
-1980
-3894
-5237
-5403
-4596
-3275
-1981
-1304
-1474
-2496
-3826
-4786
-4807
-4689
-4516
-4534
-4047
-4603
-4159
-2715
5769
22121
29793
23789
9319
1438
309
-3454
-5307
890
11219
10227
714
-5007
-5120
-9554
-18340
-17514
-9029
-3841
-5593
-4688
2584
6063
1181
-3761
-2904
-1517
-2161
579
10380
18239
16299
9348
4774
2416
-1281
-4102
-2372
1453
1730
-435
-1291
-1213
-3568
-8423
-11178
-10431
-8356
-6271
-3280
743
3920
4235
2506
787
-286
-272
1128
4364
7976
9522
8197
5402
2975
1007
-670
-2116
-2126
-788
1275
3337
3823
1915
-2221
-6382
-8545
-7997
-5285
-1689
1464
2902
2507
831
-912
-1928
-1970
-481
1790
4016
5068
4676
3438
1569
-379
-1938
-2734
-2849
-2240
-1335
-660
-1016
-2709
-4697
-5900
-5577
-4375
-2830
-1548
-1098
-1705
-3200
-4224
-4521
-4925
-4994
-5069
-4164
-4243
-4858
-3725
809
15541
28297
27990
15656
3084
271
-1861
-4643
-2089
8042
12847
5223
-3600
-5848
-6846
-14966
-19176
-12961
-5116
-4169
-5812
-829
5365
3615
-3011
-4810
-2623
-1924
-1156
5969
16109
18376
12264
5739
2927
397
-2913
-3195
550
2800
1141
-788
-1084
-2115
-6369
-10708
-11432
-9372
-7038
-4494
-836
2801
4156
2649
446
-837
-809
451
3150
6940
9486
9088
6562
3972
1903
359
-1296
-1256
1344
3534
3975
2157
-358
-3818
-7451
-8897
-7548
-4175
-1248
895
1761
1479
124
-1382
-1495
-657
930
2438
3765
4578
4291
2960
1013
-723
-1890
-2301
-1967
-976
-109
-73
-1025
-3091
-4954
-5730
-5241
-3912
-2576
-1699
-1479
-2159
-3642
-4940
-5348
-4917
-4684
-4356
-4069
-3806
-4817
-4589
-2801
8309
24542
29937
21669
7166
1580
495
-3336
-4481
3174
12481
9079
-691
-5283
-4900
-10802
-18929
-16577
-7962
-3959
-6342
-4013
3582
5567
-689
-5422
-3840
-2045
-2050
2039
12412
18654
14980
7737
4029
2419
-879
-3201
-959
2538
2202
-88
-862
-984
-3988
-9042
-11528
-10407
-8015
-5711
-2661
1211
3714
3069
747
-1014
-1311
-228
1934
5407
8575
9371
7593
5088
3108
1716
100
-1135
494
3436
4805
3665
963
-2350
-6372
-9057
-8843
-5893
-2497
-180
1035
1245
461
-1126
-1872
-1354
191
2053
3591
4644
4751
3776
1959
-15
-1458
-2189
-2174
-1322
-339
-41
-829
-2720
-4758
-5535
-5063
-3998
-2861
-1992
-1730
-2737
-3862
-4879
-5374
-5383
-5412
-5250
-4570
-4478
-5057
-4877
-1208
14001
28853
29723
17168
4127
1677
-147
-4060
-2552
7891
13973
6425
-3031
-5080
-5517
-14127
-19978
-14408
-6025
-4807
-6858
-1765
5263
3960
-3537
-6350
-4013
-2724
-1860
4964
15708
19012
13142
6223
3524
1726
-1446
-2318
947
3614
2395
238
-340
-1264
-5363
-10240
-11982
-10410
-7844
-5079
-1677
1804
3364
1931
-653
-2310
-1872
-38
2820
6436
9077
9200
7018
4661
3114
1956
56
267
3191
5174
4909
2154
-871
-4518
-8004
-9186
-7593
-4149
-1723
-335
244
270
-792
-1810
-1477
-249
1525
2827
3898
4517
4175
2750
953
-440
-1284
-1643
-1353
-438
-22
-644
-2029
-3706
-4743
-4666
-3944
-3110
-2555
-2370
-2820
-3863
-4811
-5571
-5415
-5414
-4823
-4424
-4018
-4796
-5642
-5501
2075
19782
30597
26795
12408
3506
2407
-1409
-4786
-202
11055
12212
2778
-4082
-3897
-7069
-16881
-18916
-11681
-5364
-6606
-6368
1022
6103
1961
-5021
-5805
-3811
-3483
-1176
8127
17385
17315
10712
5458
3561
1096
-1756
-1236
2156
3351
1698
274
-27
-1834
-6481
-10440
-11386
-9832
-7431
-4521
-922
2162
2863
1015
-1432
-2562
-1642
427
3404
6702
8663
8243
6406
4568
3515
2035
709
2528
4800
5506
3437
368
-2637
-6164
-8433
-8553
-5949
-3341
-1774
-1062
-600
-562
-1417
-1451
-673
941
2382
3179
3797
3989
3292
1639
169
-726
-996
-1175
-995
-514
-605
-1557
-3059
-3916
-3864
-3344
-3029
-2746
-2629
-2795
-3729
-4621
-5269
-5506
-5865
-5433
-5187
-5049
-5114
-5436
-5630
-1506
14574
29155
29769
16682
4555
2806
645
-3677
-2373
8752
14502
6326
-3108
-4395
-4677
-13607
-19478
-14441
-6366
-5664
-7647
-2071
5089
3782
-3957
-7023
-4762
-3626
-2676
4428
15051
18353
13070
6794
4295
2475
-642
-1396
1575
3995
3012
1080
404
-717
-4707
-9401
-11449
-10634
-8515
-5793
-2411
966
2413
1198
-1314
-2924
-2391
-550
2112
5296
7956
8489
7224
5380
4527
3299
2491
4207
5861
6009
3275
-118
-3206
-6020
-7671
-8003
-6154
-4052
-2496
-1938
-1573
-1387
-1577
-1060
-226
1327
2727
3460
3522
3358
2752
1357
-139
-1031
-921
-740
-655
-710
-1072
-1707
-2491
-3084
-2910
-2634
-2771
-3120
-3203
-3530
-4558
-5416
-6008
-6257
-6203
-6129
-5731
-5373
-5824
-6880
-5710
7938
25721
31665
22028
7890
3623
2295
-2143
-3609
5474
15156
10783
95
-4208
-3174
-9583
-18362
-17013
-9005
-5720
-8511
-5715
2600
5225
-1380
-7337
-6505
-4516
-4263
-156
10620
18190
15922
9074
5226
4153
1475
-1146
182
3738
4479
2458
1046
821
-1670
-7035
-11230
-11693
-9764
-7398
-4635
-962
2031
1815
-899
-3335
-3508
-1762
416
3264
6547
8347
7883
6290
5331
4798
3709
3850
5966
7186
5032
932
-2485
-4878
-6843
-7952
-7084
-4974
-3280
-2765
-2531
-1995
-1779
-1625
-829
719
2322
3335
3550
3310
2833
1731
139
-1033
-1240
-889
-409
-62
-280
-1071
-1902
-2750
-3293
-3135
-2399
-1990
-2628
-3720
-4586
-5295
-6511
-7483
-7301
-6384
-5651
-5647
-6084
-7120
-6754
5585
23613
31557
23044
8433
3643
2914
-1023
-3296
4917
15288
12363
1376
-4003
-2646
-7984
-17107
-17403
-9706
-5570
-8545
-6889
1240
5054
-796
-7532
-7619
-5437
-5009
-1574
8568
16951
16232
9810
5504
4438
2442
72
670
3473
4539
3163
1849
1595
-410
-5229
-10036
-11841
-10748
-8392
-5460
-1939
1096
1681
-476
-3523
-4572
-3104
-596
2238
5269
7484
7825
6670
5783
5396
5787
6717
6936
5927
3535
633
-2123
-4147
-5497
-6222
-6207
-5713
-4752
-3854
-3232
-2879
-2291
-1234
-168
845
1960
2990
3318
2954
2174
1079
-158
-984
-963
-335
234
50
-725
-1326
-1663
-2093
-2419
-2393
-2172
-2560
-3261
-3909
-4335
-5182
-6467
-7959
-8111
-7685
-6993
-6508
-6444
-6821
-1217
14903
28154
27617
14597
4710
3586
1807
-1924
81
11007
15837
8204
-854
-2471
-3534
-12245
-18220
-14361
-7039
-6381
-8179
-3248
3526
2550
-5280
-9489
-7889
-5828
-4403
1930
12044
16782
13329
7485
4998
3954
1751
380
2165
4943
5268
3624
2548
1769
-1445
-6688
-10781
-11560
-9731
-7170
-4271
-1100
975
475
-2389
-4870
-4848
-2875
-512
2314
5401
7377
7391
6392
5817
5960
7272
8361
8013
5910
2692
-469
-3215
-4571
-5269
-5532
-5434
-5255
-4639
-4175
-3777
-3426
-2529
-1196
106
1246
2150
2761
2766
2417
1455
164
-960
-1371
-853
85
747
580
-258
-952
-1646
-2052
-1998
-1847
-2218
-2710
-3229
-3819
-4906
-6403
-7762
-8417
-8375
-8037
-7573
-7014
-6842
-4390
8379
23627
28544
19413
6986
3496
3009
105
-1050
6803
15384
12346
2847
-1840
-1426
-7101
-15236
-15799
-9558
-6093
-8184
-6295
521
3664
-1641
-8242
-9398
-7606
-6404
-2788
6339
14109
14560
9720
5935
4914
3397
1417
1474
3905
5511
4873
3819
3526
1838
-2713
-7794
-10661
-10548
-8793
-6317
-3168
-195
746
-1093
-4125
-5632
-4779
-2864
-322
2575
5160
6438
6437
6225
6531
9081
11126
9721
5604
1585
-778
-2492
-2984
-2795
-2446
-2985
-4687
-5918
-5944
-5097
-4644
-3540
-1388
436
1252
1490
1847
2002
1652
432
-943
-1416
-1008
-172
833
1793
1425
-150
-1525
-2064
-1566
-794
-588
-1175
-1899
-2897
-4172
-5475
-6396
-7280
-8301
-9049
-8654
-8445
-8213
-8402
-3530
11347
24837
26443
15342
5435
3707
2934
-378
-117
9081
15597
11137
2523
191
379
-6623
-14498
-14637
-8669
-6740
-8604
-5602
1383
3591
-2474
-8499
-9456
-8096
-7491
-3803
4987
12334
13012
8864
6060
5451
4152
1905
1477
3381
5052
5151
4720
4981
3863
-162
-5647
-9559
-10381
-9217
-7143
-4217
-934
782
-502
-3668
-5546
-5230
-3923
-2307
0
2918
5145
6036
6495
7079
9460
11846
10235
6053
1985
-42
-1437
-2113
-1723
-1294
-1516
-3601
-5400
-6013
-5610
-5441
-4867
-2460
-208
1135
1409
1429
1415
960
-146
-1593
-2088
-1592
-533
600
1746
1802
618
-500
-1279
-1205
-785
-639
-1327
-2081
-2305
-2883
-4311
-6489
-7781
-8744
-9237
-9415
-9197
-9106
-7039
4893
20090
26632
19098
7226
3177
2814
292
-2012
4869
14487
14322
6437
1520
2399
-1757
-10201
-14063
-10193
-6347
-7865
-7361
-1321
4047
1231
-5561
-9062
-8921
-8650
-7323
-727
7344
11281
9554
6481
5582
5067
3517
1826
2150
3656
4568
4682
5323
5831
4190
201
-4778
-8119
-8974
-8210
-6435
-3726
-810
224
-1395
-3795
-4852
-4418
-3750
-2886
-1221
1223
3435
4997
6443
9305
12841
12717
8387
3083
-48
-1264
-1686
-1089
197
1100
-97
-2694
-4577
-5042
-5328
-5795
-4644
-2348
-251
966
1447
1727
1489
126
-2188
-3597
-3406
-2196
-656
1152
2455
2136
824
-416
-766
-455
-484
-1054
-1696
-1766
-2222
-3247
-4547
-5952
-7387
-8757
-9706
-9932
-10217
-8798
2140
17719
25605
19603
8080
3360
2733
-123
-3337
1985
12108
14092
7870
3291
4657
2118
-6276
-12122
-10679
-7328
-8179
-8203
-2838
3751
3447
-2314
-6849
-8269
-8895
-8922
-4434
2773
7932
8526
6664
5823
5596
4610
2725
1641
1987
2886
3507
4364
5738
6024
4103
-19
-4290
-6722
-7448
-6945
-5391
-2713
-602
-714
-2332
-3520
-3530
-3382
-3513
-3503
-2253
-182
1876
4796
9125
13486
13709
9249
3555
-428
-2116
-2490
-1330
895
2738
2287
0
-2120
-3363
-4397
-5373
-5048
-3579
-1795
-273
922
1879
1880
475
-2146
-4259
-4868
-3983
-2219
-270
1441
2049
1645
656
73
98
100
-435
-1539
-2081
-2457
-2937
-4053
-5021
-5946
-6760
-7992
-9222
-10868
-8912
3114
17298
23100
16494
7492
4613
3316
-968
-4365
1720
10214
10993
5672
3698
6309
3808
-3345
-8639
-8159
-7452
-9654
-9405
-3639
3140
3787
-3
-3869
-6069
-8148
-9094
-5913
-320
4548
6074
5634
5540
5979
5855
4211
2357
1231
1171
1379
2309
4154
5908
5902
3087
-717
-3584
-5222
-6099
-5826
-3988
-1871
-1243
-1801
-2094
-1945
-1924
-2600
-3469
-3477
-2620
-1152
1032
6306
12236
13974
10696
5328
1250
-1510
-2757
-2670
-793
1887
2599
1551
107
-514
-1845
-3471
-4317
-4195
-3149
-2116
-797
666
2261
2106
-297
-3037
-4694
-4824
-4175
-2495
-654
785
1405
1119
849
896
1034
227
-1218
-2294
-2764
-3021
-3731
-4082
-4274
-4382
-5658
-7881
-10170
-9505
-196
12350
19357
16319
9220
5910
4305
601
-3381
-288
6422
8326
4928
2966
5599
5497
1073
-3851
-5293
-5781
-8606
-10183
-6818
-318
2757
1711
-972
-3084
-5126
-7080
-6533
-3691
110
2234
2731
3417
5039
6514
6220
4601
2728
1509
383
-25
1121
3309
5132
4824
2772
560
-1267
-2966
-4246
-4362
-3492
-2988
-2962
-2666
-1830
-808
-443
-1094
-2156
-2957
-3140
-2328
520
5563
9928
10752
8344
4852
1934
-213
-1700
-2040
-1050
301
936
978
1141
1160
373
-1010
-2436
-3403
-3625
-3012
-1821
-224
1137
1136
-289
-1948
-3067
-3542
-3399
-2916
-2136
-1199
-287
378
1040
1925
2176
1275
-478
-2032
-2902
-3426
-3887
-3687
-3518
-3437
-4584
-6326
-8458
-7989
-72
10345
15969
12967
7624
5687
4748
1206
-2501
185
5368
6383
3173
2091
5063
5716
2566
-1315
-2625
-3816
-7166
-9429
-7202
-1837
1381
1455
-246
-1763
-3451
-5251
-5439
-4061
-1718
-133
425
878
2530
4734
5859
5325
3795
2476
1020
-151
-356
1165
3443
4300
3499
2079
1051
72
-1231
-2276
-2601
-2668
-3148
-3679
-3178
-1649
-142
77
-537
-1399
-2075
-2381
-1732
1606
5485
7320
6506
4537
2869
1471
247
-944
-1009
-449
-206
-227
74
930
1413
1349
216
-1379
-2402
-2705
-2632
-2019
-612
280
105
-953
-1897
-2191
-2147
-2031
-2109
-1786
-1254
-757
-189
953
2073
2014
1197
-100
-1335
-2253
-2909
-3463
-3517
-3404
-3584
-4541
-5552
-7159
-6892
-813
7757
12478
10223
6157
4743
4060
1016
-2422
-858
3231
4486
2298
1803
4558
5682
3687
583
-959
-2559
-5535
-7767
-6635
-2634
488
1349
418
-651
-1934
-3347
-3934
-3640
-2254
-1038
-543
-432
668
2875
4636
4968
4029
3100
1966
646
-223
323
2114
3275
3137
2415
2012
1657
881
33
-673
-1348
-2445
-3365
-3301
-2132
-696
127
147
-222
-913
-1231
-587
682
2127
2886
2848
2277
1741
1282
995
813
460
81
-509
-871
-788
-119
863
1276
984
167
-644
-1297
-1476
-1264
-759
-354
-539
-925
-1120
-795
-483
-359
-647
-884
-847
-831
-518
-121
212
373
89
-609
-1290
-1796
-2346
-2521
-2644
-3278
-4214
-4665
-4668
-4945
-5546
-6592
-4306
1703
7487
9074
7065
5663
5464
4066
591
-1093
982
3379
3232
1856
3054
5110
4897
2941
1212
529
-1184
-3909
-5580
-4295
-1861
-284
-8
-142
-163
-977
-1907
-2508
-2419
-1830
-1576
-1781
-1644
-377
1411
2715
3094
3138
2954
2033
658
-316
17
957
1539
1662
1892
2130
1921
1294
570
71
-579
-1528
-2221
-2249
-1579
-915
-440
-201
122
543
712
803
773
620
327
92
18
352
815
1045
964
635
243
-114
-378
-350
-137
326
572
409
61
11
214
175
-126
-589
-724
-873
-924
-813
-516
-138
-57
-402
-868
-1158
-1080
-944
-827
-699
-809
-816
-844
-1262
-1292
-1126
-1453
-2014
-2436
-2739
-3051
-3232
-3333
-3484
-3721
-5049
-5045
-1420
3884
7013
6544
5382
5097
4338
1465
-940
-72
2050
2562
1373
1548
3354
4225
3560
2477
2009
893
-1628
-4120
-4493
-2964
-1142
-111
134
389
150
-424
-1209
-1657
-1467
-1243
-1570
-2048
-1506
13
1618
2388
2583
2706
2211
1123
-43
-293
357
713
744
811
1137
1414
1438
1328
1192
779
-284
-1345
-2019
-1935
-1412
-850
-214
444
1225
1551
1297
862
472
-72
-632
-849
-726
-40
679
1024
959
790
496
-82
-592
-718
-331
359
732
639
462
419
176
-275
-606
-753
-538
-468
-605
-773
-433
-101
-510
-1002
-1023
-790
-497
-182
46
-87
-493
-672
-724
-1085
-1327
-956
-679
-962
-1305
-1399
-1421
-1675
-1990
-2442
-2967
-3840
-4722
-3223
568
4335
5644
5047
4369
4050
2771
362
-546
532
1597
1214
709
1735
3197
3794
3397
2724
2016
415
-2053
-3723
-3366
-1931
-629
-62
200
290
-55
-479
-989
-1095
-1094
-1430
-2082
-2231
-1384
39
1304
1955
2267
2145
1473
427
-354
-168
393
574
506
600
924
1160
1261
1138
865
292
-477
-1187
-1521
-1227
-709
-325
105
759
1354
1333
918
543
312
0
-500
-792
-541
-14
210
289
418
475
324
28
-132
-98
108
267
51
-143
120
262
-21
-492
-416
-96
-472
-693
-467
-280
-200
-229
-581
-681
-304
-137
-231
10
198
389
490
-185
-1164
-1386
-1043
-852
-732
-564
-360
-565
-1009
-1372
-1735
-2234
-2754
-3210
-4006
-3845
-1345
2325
4587
4631
3939
3741
3209
1384
-252
2
1126
1443
853
1002
2173
3027
3018
2651
2285
1430
-406
-2372
-2976
-2359
-1376
-617
-317
-96
-8
-92
-356
-583
-676
-936
-1561
-2114
-1903
-994
286
1351
1928
2200
1934
1106
248
-100
148
261
243
279
411
555
797
1073
1199
960
166
-659
-1316
-1480
-1101
-642
-120
730
1472
1644
1275
630
121
-151
-419
-793
-782
-412
-14
318
434
590
493
144
-74
-271
-305
-274
-220
-268
16
46
-291
-443
-267
-86
-454
-851
-944
-935
-707
-98
63
-75
-117
68
95
10
-135
-450
-492
-418
-586
-468
-164
-403
-579
-563
-973
-1410
-1541
-1413
-1531
-1499
-1719
-2305
-3269
-4239
-3126
-109
2907
4111
4155
4181
4124
2919
924
91
612
1157
831
486
1415
2610
3030
2910
2678
2084
598
-1555
-3055
-3166
-2392
-1230
-472
-10
256
110
-192
-613
-837
-951
-1303
-1825
-1868
-1125
23
1103
1718
2159
2110
1414
456
-235
-243
-52
48
152
450
696
788
866
893
792
305
-516
-1125
-1273
-1099
-756
-312
550
1519
1874
1529
1079
654
241
-235
-645
-667
-371
-86
34
218
504
444
165
-294
-540
-232
179
134
-184
-172
-121
-135
-348
-286
52
-150
-501
-504
-266
-140
-296
-358
-296
-2
76
-67
-187
159
542
434
-177
-845
-1158
-1057
-905
-1003
-803
-638
-584
-731
-892
-1658
-2354
-2967
-3346
-3870
-3728
-1596
2014
4624
5062
4466
3991
3659
2059
218
-45
917
1452
953
883
2035
3109
3272
2775
2202
1263
-442
-2531
-3521
-2955
-1815
-781
-143
209
312
55
-353
-691
-812
-935
-1391
-1777
-1546
-630
559
1585
2245
2393
1942
969
-2
-451
-328
40
206
323
571
742
871
861
761
451
-187
-858
-1387
-1387
-941
-315
528
1542
2173
2107
1551
775
86
-433
-879
-958
-751
-342
98
444
765
834
407
-255
-694
-707
-451
-157
188
252
254
50
-254
-476
-469
-425
-499
-405
-523
-534
-433
-199
-192
-179
13
146
227
-130
-320
-368
-597
-1021
-1359
-1250
-868
-626
-634
-604
-847
-1303
-1694
-2218
-2631
-2928
-3533
-4255
-2840
996
4625
5742
5071
4497
4361
3070
568
-602
342
1526
1373
943
1916
3325
3485
2658
1885
1074
-527
-2684
-4045
-3563
-2168
-851
-62
467
700
268
-444
-991
-1245
-1295
-1440
-1834
-1587
-547
851
1885
2385
2615
2270
1225
40
-532
-382
22
258
424
697
987
1033
813
577
150
-588
-1311
-1735
-1657
-1134
-402
262
958
2161
2884
2447
1233
160
-547
-1001
-1015
-836
-236
427
731
507
344
107
-348
-647
-666
-338
26
337
469
429
263
-96
-690
-992
-990
-996
-1047
-794
-462
-303
-335
-504
-719
-586
-210
-76
-329
-339
-287
-532
-1018
-1088
-999
-889
-797
-824
-993
-1393
-1804
-2243
-2613
-3179
-4003
-5284
-4124
332
5487
7869
6912
5300
4685
3724
991
-753
269
1999
1926
1034
1890
3566
3826
2568
1181
260
-1306
-3653
-5203
-4331
-2216
-541
210
416
546
-224
-1229
-1801
-1763
-1312
-1197
-1449
-1257
7
1647
2793
3174
3198
2628
1234
-187
-913
-501
302
640
689
897
1083
729
253
-150
-611
-1573
-2482
-2695
-2220
-1114
-185
550
1205
2304
3095
2723
1609
488
-254
-934
-1139
-792
14
933
1223
946
501
76
-656
-1257
-1109
-535
21
365
318
146
31
-271
-986
-1515
-1603
-1638
-1600
-1174
-486
-166
-259
-487
-836
-874
-690
-520
-604
-697
-821
-1149
-1313
-1193
-1020
-1232
-1629
-2067
-2228
-2780
-3319
-4201
-4658
-5990
-5481
-172
7261
11068
9391
6590
5432
4644
1279
-1552
-404
2451
3196
1753
2120
4219
4245
1713
-694
-1715
-2941
-5058
-6400
-4756
-1640
465
1070
617
239
-769
-2135
-2832
-2345
-1183
-345
-98
316
1866
3582
4441
3997
2979
1889
294
-997
-1058
92
1471
1950
1458
975
532
-313
-1213
-1858
-2250
-2645
-3057
-2758
-1640
-270
948
1673
2259
2576
2061
1085
735
1125
1226
899
643
816
1092
984
526
53
-222
-817
-1401
-1346
-630
206
563
583
366
16
-719
-1580
-2009
-1969
-1700
-1607
-1434
-1007
-616
-443
-403
-444
-496
-643
-1010
-1004
-771
-388
-327
-600
-1087
-1615
-2329
-3210
-4076
-4588
-4985
-5343
-6197
-7912
-3885
5682
13844
14356
9602
5857
4950
3061
-1365
-2016
2023
5169
3891
1766
3476
4685
1895
-2279
-4311
-4598
-5694
-7220
-6170
-1803
1667
2267
1001
-211
-1184
-3152
-3977
-2862
-526
1555
2340
2411
3233
4875
5297
4157
2259
902
-383
-1552
-1264
449
2366
2657
1178
-463
-1433
-2327
-3370
-3693
-3172
-2635
-2514
-1989
-570
832
1482
1134
570
777
2707
4292
4435
4162
3641
2596
1263
446
-68
-33
-164
-909
-1490
-1525
-1381
-1451
-954
-41
409
107
-377
-1021
-1337
-1131
-1202
-1302
-1211
-1094
-1239
-1415
-1001
-713
-548
-474
-659
-797
-669
-474
-326
-444
-629
-1314
-2118
-3214
-4120
-5379
-5895
-6602
-6840
-8631
-8560
222
12598
19126
14882
7623
4299
4265
978
-3051
-141
5701
7231
3697
2429
4690
3144
-2595
-7239
-7428
-6331
-6749
-6581
-2586
2608
3810
1750
-1075
-2464
-3690
-4819
-3364
-52
3482
5218
4983
4461
4792
4919
3464
1231
-408
-703
-693
-235
1379
2927
2987
575
-2579
-4288
-4722
-4832
-4636
-3282
-1528
-629
-467
114
1029
1166
307
-776
-1091
1428
6175
9584
9703
7451
3981
116
-2586
-3868
-3618
-2219
-835
-290
-155
47
-622
-1683
-2012
-1854
-1576
-985
-171
390
1221
1623
731
-842
-2191
-2906
-3216
-2451
-775
720
1450
972
-150
-1145
-1241
-1298
-1407
-1752
-2040
-2898
-4289
-4961
-5746
-6540
-7649
-8268
-10464
-5195
8218
19744
20388
12100
5276
3651
2696
-1923
-2424
3979
8881
6745
1971
2652
3001
-2228
-8525
-10291
-7694
-6235
-5890
-3391
2097
4962
2735
-1070
-3334
-3683
-4419
-3042
1314
5811
8316
7698
5844
4402
3706
2467
365
-1062
-1026
-79
519
1490
2383
1654
-998
-4833
-7026
-6655
-5226
-3794
-2080
73
1156
879
307
545
766
397
39
307
2279
6580
11010
12110
9285
4359
-841
-4742
-5868
-5152
-3172
-875
283
34
-809
-1916
-3493
-4169
-3333
-1699
188
2103
3319
3386
2962
1554
-885
-2984
-3860
-3426
-2218
-104
1980
2599
1510
-485
-2205
-2910
-2845
-2621
-2540
-2156
-2739
-4249
-5135
-5615
-6782
-8376
-9899
-11540
-2924
13187
24858
21988
10775
3591
2848
1578
-3288
-1520
6576
10693
5993
534
1811
707
-6601
-13218
-12245
-7242
-5274
-4563
-768
5007
5526
829
-3569
-4680
-3834
-3383
216
6431
10716
11078
8029
4971
2829
1247
-472
-1623
-1348
-53
1368
1794
2016
1015
-2157
-6371
-9596
-9311
-6287
-2924
-415
1580
2886
2185
357
-625
-56
617
1079
1924
3600
5512
8555
11541
11459
7104
539
-4873
-7294
-6174
-4057
-1826
209
687
-604
-2754
-3979
-4629
-4323
-2360
294
2925
4895
5300
3793
2053
227
-2049
-3553
-3525
-1923
-166
1574
2592
2086
0
-2722
-4654
-4774
-3547
-2064
-1361
-1364
-2731
-4574
-6361
-6998
-8396
-9570
-11377
-10524
2916
20835
29583
20987
7209
845
1498
-263
-4177
1170
10273
12124
4769
-764
120
-3941
-12534
-17012
-11909
-4677
-2510
-1453
2519
6618
3629
-2847
-6323
-5172
-2221
263
6089
12297
14140
11054
5341
1362
-694
-1703
-2172
-1399
488
2234
2734
1484
-561
-3717
-7731
-10542
-10520
-6862
-1893
1609
3086
3453
2709
646
-1367
-1393
372
2338
4048
5495
6741
7199
7494
7812
6686
2666
-2552
-5862
-6070
-4063
-2120
-1161
-983
-1594
-3024
-4393
-4225
-2916
-1112
1073
3317
5074
5600
4443
2190
173
-1006
-1803
-2149
-1438
-59
730
752
514
-327
-2053
-3807
-4773
-4198
-3035
-1995
-1698
-1879
-2857
-4680
-6802
-7680
-8323
-8544
-9729
-7378
7209
24491
29914
18003
3534
-1407
704
-136
-2793
3423
11524
10901
2141
-3372
-2932
-7689
-15502
-17029
-9250
-1003
922
1196
3758
5567
1004
-5251
-6405
-2810
1774
5324
10676
14882
13485
7640
979
-2549
-3193
-2661
-1547
315
2305
2880
1424
-1630
-4935
-8087
-10342
-10135
-6963
-1565
3035
4707
3982
2676
873
-1095
-1806
-69
3032
5519
6911
7354
6496
5434
5719
5063
1751
-2839
-5732
-5894
-3903
-1779
-1282
-1537
-2104
-3258
-4077
-3440
-1702
-51
2067
4209
5287
5462
4354
2074
-69
-911
-1179
-1395
-879
110
482
-55
-860
-1679
-2732
-3624
-4335
-4155
-2942
-1831
-1874
-2274
-2891
-4149
-5680
-7129
-7375
-7506
-6232
-7643
-650
15934
28887
25359
8274
-2729
-2318
2121
-71
-506
7553
11790
6185
-4137
-6398
-6313
-12526
-16742
-12407
-1775
3672
2762
2327
3793
2741
-3206
-6270
-3182
2501
6805
10151
14003
13538
7893
657
-3989
-4416
-3045
-1271
354
1876
2163
594
-2688
-6250
-8620
-9790
-8553
-5257
-564
3783
5265
3962
1734
372
-619
-851
814
4011
6657
7396
6565
4942
2338
2761
4067
2569
-1424
-4872
-5597
-4638
-2500
-2170
-2433
-2213
-2611
-2814
-2206
-164
947
1841
3759
4731
4902
4224
2444
266
-653
-675
-1232
-1480
-788
-307
-710
-989
-1366
-2503
-3735
-4480
-4758
-3810
-2514
-1807
-2167
-2100
-3078
-4539
-6429
-6225
-6546
-5881
-7470
-3320
13096
27457
26621
9492
-3258
-3464
1605
920
-1232
5753
11030
6595
-3487
-7728
-6598
-11600
-15928
-11810
-1090
5577
4101
2263
2918
2393
-2469
-5675
-2561
3476
7948
10705
13329
12421
6192
-1269
-5485
-5297
-3124
-817
727
1885
1651
-448
-3624
-7233
-9096
-9040
-6731
-2585
1620
5030
5443
3404
748
-483
-540
-70
1899
4813
7072
7067
5586
3804
2621
2293
984
-1564
-3674
-4155
-3827
-2808
-1714
-1638
-2092
-2722
-2801
-2012
-499
1165
2296
3761
4739
4414
3291
2129
1009
-122
-514
-613
-706
-689
-857
-1272
-1714
-1999
-2247
-2591
-2812
-3009
-3250
-3118
-2775
-2682
-2796
-2893
-3575
-4501
-5329
-4978
-4976
-4524
-6902
450
16787
27379
21023
3232
-5192
-1822
3338
665
-532
6673
9223
2838
-6252
-7729
-7260
-12295
-13582
-6663
3271
6590
3173
1360
2140
1238
-2743
-3425
1061
6276
9009
10743
11713
8318
1638
-4234
-5707
-3889
-1579
144
663
857
-342
-2844
-5630
-8011
-8048
-6219
-2582
1337
3933
5009
3510
1338
-2
119
1032
2072
3953
5858
6215
5158
3584
1575
91
-61
-450
-1503
-2679
-3266
-3555
-2969
-2239
-2238
-1938
-1435
-650
409
1608
2400
2474
3048
3570
3223
2733
2077
846
-560
-1182
-1348
-1487
-1322
-1286
-1583
-1698
-1627
-2077
-2990
-3672
-3834
-3484
-2915
-2246
-2161
-2558
-3214
-4196
-5179
-4967
-5015
-4638
-6766
1427
17153
26431
19307
1737
-5771
-1750
3379
829
-416
6525
8592
2364
-6098
-7956
-7847
-12348
-12306
-4612
4974
7360
2964
838
1707
1018
-2465
-2651
2172
7394
9756
10449
10129
6057
-223
-5226
-5775
-3109
-766
562
422
158
-1176
-3827
-6388
-8136
-7080
-4185
-458
2801
4335
4411
2511
238
-324
621
1966
3159
4780
5850
5562
4428
2643
2019
569
-1555
-3514
-3694
-2649
-2350
-2268
-2406
-1951
-1655
-1820
-1521
-545
1327
2757
3696
4215
3685
2630
1560
860
485
168
-372
-790
-901
-876
-1353
-2293
-2734
-2617
-2087
-1829
-2128
-2803
-3358
-3310
-2767
-2631
-2410
-3125
-3367
-3814
-3347
-4073
-4326
-6360
-4640
9172
21811
22885
8581
-3697
-3529
1762
2270
-1699
1956
7701
5492
-2130
-7449
-6700
-9272
-12051
-7603
1814
7783
5072
921
860
1823
-183
-2589
-180
5223
8940
9543
9252
6761
1255
-4094
-6200
-3928
-1172
270
248
-299
-591
-2689
-5420
-7657
-7291
-4298
-865
2449
4060
4189
2829
625
-211
321
1521
2366
3526
5015
5375
4220
3294
2901
295
-2804
-4163
-3134
-1546
-1353
-2025
-2631
-1748
-1244
-1753
-1554
-510
1023
2188
3443
4219
3647
2411
1087
395
547
528
-524
-1266
-770
-430
-1204
-2446
-2940
-2802
-2171
-1897
-1986
-2342
-2910
-3314
-2979
-2574
-2281
-3031
-3588
-4020
-3307
-3246
-3622
-5044
-6105
5071
18620
22637
10959
-3013
-4277
1333
3278
-980
-130
6179
6029
-399
-6468
-6490
-7891
-11266
-8147
835
7457
5466
766
289
2034
983
-1894
-621
4324
8169
8654
8095
6246
1562
-3519
-5730
-3836
-1140
-207
-319
-667
-600
-1990
-4999
-7335
-7073
-3926
-417
2262
3600
3552
2445
747
-24
584
1693
2071
2856
4411
5375
5206
4466
2240
-1289
-4055
-4360
-2994
-1559
-1139
-1751
-1836
-1569
-1809
-2276
-1971
-381
1652
3687
4607
3802
2301
1107
333
50
303
304
-202
-382
-227
-907
-2158
-3343
-3531
-2653
-1320
-768
-1227
-2401
-3211
-3366
-2922
-2946
-3245
-3498
-2838
-2314
-2453
-3386
-4365
-5529
-6165
4129
16750
20495
10331
-1807
-2739
1894
2357
-1984
-1012
5597
6168
422
-5094
-5506
-7270
-10552
-7609
766
6740
4899
1043
1090
2546
991
-2144
-1011
3913
7814
8651
7578
5327
746
-3610
-5021
-3646
-1770
-1183
-707
-206
51
-1392
-4664
-7182
-6972
-3823
-219
2368
3332
2875
1939
877
341
596
1118
1726
2697
4108
5647
6316
4215
147
-3325
-4124
-2828
-1720
-1162
-1050
-906
-1057
-1996
-2874
-2901
-1794
243
2805
4737
4571
2870
1064
122
-125
64
245
396
625
597
-126
-1595
-3040
-3920
-3448
-1728
-292
-240
-1375
-2701
-3463
-3418
-3093
-3320
-3252
-2917
-2188
-2272
-2670
-4050
-4839
-6938
-2945
9351
18427
16103
4085
-2622
-47
2936
172
-2692
1867
6685
4385
-1735
-5045
-5897
-8880
-9313
-3331
4096
5678
2364
1155
2688
2401
-1076
-2664
957
5809
8133
8114
6674
3256
-1498
-4214
-3909
-2282
-1514
-1363
-514
380
5
-2654
-5879
-7135
-5479
-1905
1177
2774
2836
2071
1079
488
319
342
687
2045
3946
5743
6727
5436
1761
-2160
-4107
-3568
-2049
-885
-536
-381
-384
-1358
-2800
-3492
-2744
-673
2054
4293
4727
3467
1726
415
-351
-631
-408
104
882
1402
746
-916
-2781
-4046
-3837
-2210
-512
-90
-812
-1761
-2464
-3042
-3455
-3959
-3723
-3146
-2407
-2268
-2396
-3283
-3942
-5923
-4836
5019
14885
16065
6966
-901
-44
2971
1110
-2388
335
5720
5029
-185
-3855
-4641
-7310
-9001
-4557
2541
5004
2155
813
2726
2989
-367
-2818
-144
4653
7259
7495
6757
4260
-356
-3496
-3419
-1808
-1541
-2059
-1059
547
766
-1857
-5377
-6854
-5594
-2645
175
2158
2798
2173
1134
418
286
184
230
857
2874
4297
6853
7330
3654
-853
-3835
-3539
-2735
-1974
-1320
-552
748
2
-1907
-3332
-3228
-1918
345
3504
4920
4133
2493
1225
140
-838
-1351
-1269
-206
1343
1578
-67
-2069
-3295
-3652
-2671
-1165
-669
-1108
-1655
-1688
-1868
-2515
-3524
-4388
-4126
-3066
-2380
-2528
-3481
-4194
-5669
-956
8834
14555
10817
2233
-452
2334
3034
-325
-1386
3121
5729
2650
-1755
-3357
-4909
-7821
-6632
-692
3856
2815
455
1829
3618
1882
-1788
-2106
1632
5126
6561
6921
6000
2588
-1577
-2870
-1798
-1430
-2271
-1915
10
1295
28
-3109
-5599
-5854
-4325
-2041
265
1831
2211
1682
1132
821
618
-95
-1
1338
3510
5260
5772
4874
1822
-1190
-2634
-2527
-1901
-1497
-855
-191
65
-810
-2173
-2493
-1563
52
1641
2956
3202
2391
1612
1048
450
-250
-630
-492
98
679
330
-869
-2189
-2798
-2418
-1442
-760
-998
-1619
-1819
-2036
-2356
-2910
-3176
-3368
-2993
-2734
-2625
-2941
-3535
-4535
-5451
-132
9024
13544
9145
1662
15
2442
2068
-1173
-1108
3655
5310
2112
-1531
-2868
-4929
-7510
-5606
194
3458
1979
625
2563
3584
903
-2393
-1617
2249
4943
5950
6376
5472
2036
-1493
-2289
-1431
-1633
-2420
-1593
509
1332
-431
-3342
-5227
-5303
-3938
-1842
181
1603
1845
1658
1156
580
-130
-574
104
1552
3844
4730
4721
4033
1736
-733
-2215
-2326
-2030
-1401
-458
83
6
-952
-2104
-2336
-1299
170
1499
2590
2857
2267
1564
995
221
-649
-733
-128
425
503
22
-1097
-2182
-2699
-2459
-1678
-1027
-816
-1230
-1587
-2118
-2485
-2913
-2988
-2939
-2917
-2786
-2449
-2746
-3321
-4180
-4530
350
7932
11815
8094
2077
538
1878
1338
-1163
-537
3358
4598
2039
-1154
-2755
-4969
-6859
-4586
340
2791
1477
1015
2924
3408
665
-2198
-1382
1828
4245
5531
5975
4892
1622
-1083
-1531
-1266
-1988
-2673
-1307
890
1326
-488
-3054
-4718
-5050
-3952
-1933
-66
1012
1272
1470
1442
760
-445
-1047
-238
1495
3660
4629
4990
4032
1686
-801
-2359
-2514
-2246
-1407
-153
582
357
-1062
-2324
-2541
-1550
-35
1423
2619
2903
2482
1616
726
-247
-1021
-914
-165
609
702
-16
-1147
-2117
-2595
-2392
-1677
-1153
-900
-1035
-1344
-1831
-2552
-3181
-3069
-2880
-2654
-2697
-2415
-2735
-3175
-4375
-4044
1354
7911
10144
6401
2353
1799
2088
325
-1638
198
3640
3825
1518
-551
-1994
-4853
-6415
-3782
541
1819
776
1624
3662
3003
-213
-2089
-584
1789
3402
4743
5648
4354
1376
-563
-875
-1237
-2499
-2547
-540
1366
1143
-378
-2308
-3763
-4714
-3723
-2556
-1182
1404
1148
1843
924
548
-452
-1324
285
636
3083
4280
3883
3348
1829
1135
-532
-2506
-2387
-1955
-514
131
-340
-842
-1703
-1602
-1011
-450
539
1223
1758
2435
2238
1368
60
-600
-257
-154
-45
-199
-721
-1023
-1549
-1701
-1792
-1624
-1302
-1313
-1205
-1455
-1925
-2455
-2782
-2459
-2318
-2302
-2720
-2711
-3105
-3366
-4513
-3940
459
6072
8888
6277
2895
2146
1829
147
-1458
118
3268
3737
2050
156
-1236
-3705
-5407
-3874
-481
1038
617
1512
3445
3125
471
-1547
-824
932
2355
3814
4912
4189
2093
445
-158
-924
-2444
-2709
-1058
796
1195
230
-1169
-2615
-3719
-3705
-2743
-1538
-538
471
1390
1419
659
-308
-609
-462
249
1601
3192
4426
4347
2735
727
-902
-1742
-1994
-1639
-575
318
414
-411
-1373
-1963
-1819
-1086
147
1296
1988
2118
1748
1069
132
-646
-826
-434
132
585
411
-390
-1413
-2082
-2060
-1574
-994
-578
-550
-704
-1136
-1700
-2393
-2784
-2791
-2520
-2288
-2075
-2263
-2525
-3189
-3721
-1599
1919
5547
5749
3563
2180
2116
1520
-92
-778
963
2446
2274
1056
230
-902
-2359
-2795
-1689
-508
-270
186
1761
2596
1787
240
-326
130
723
1487
2249
2360
2053
1832
1552
634
-678
-1498
-1241
-495
31
367
227
-607
-1432
-1876
-1866
-1935
-1866
-1298
-437
280
444
387
282
14
-189
132
762
1570
2529
2708
2304
1050
-202
-854
-964
-892
-636
-98
136
-172
-550
-660
-703
-651
-373
83
504
673
591
495
330
-124
-320
-294
-214
-228
-306
-367
-542
-649
-605
-547
-493
-442
-288
-143
-318
-680
-1021
-1208
-1396
-1465
-1352
-1298
-1320
-1673
-1954
-2165
-1565
-687
590
1711
1930
1638
1152
675
159
-147
152
793
1095
784
556
659
730
422
-117
-291
-306
-170
340
852
964
824
699
715
699
354
65
-32
9
286
647
850
624
244
66
-69
-194
-347
-327
-223
-170
-34
49
-72
-345
-582
-574
-519
-484
-333
-89
114
232
248
341
301
172
226
294
169
-66
-127
51
212
308
277
4
-151
-161
-53
135
172
124
175
261
339
228
-30
-227
-284
-102
-37
-158
-385
-472
-447
-362
-275
-304
-386
-474
-376
-138
-26
-165
-294
-346
-356
-408
-606
-674
-787
-1014
-1116
-1156
-1046
-1055
-1021
-546
6
308
73
-179
-332
-466
-198
161
460
441
127
117
512
766
636
451
393
413
521
664
680
563
480
645
850
793
498
242
110
17
175
423
497
370
312
449
462
139
-176
-126
-87
-203
-148
69
178
51
-121
-80
-206
-436
-568
-440
-174
17
304
421
347
204
107
72
-147
-331
-348
-144
129
328
331
149
-77
-206
-129
-103
-131
-125
162
333
293
228
65
-152
-341
-309
-237
-354
-547
-503
-200
0
-67
-275
-416
-407
-359
-249
-264
-311
-345
-364
-334
-398
-519
-783
-1094
-1189
-1098
-1056
-1058
-802
-258
237
252
-87
-399
-631
-491
-143
226
379
245
265
545
732
550
293
183
187
402
791
873
727
492
478
589
499
259
37
73
106
236
475
558
407
241
259
203
-19
-130
55
140
40
19
0
-45
-133
-141
-41
-1
-184
-296
-232
-149
-103
-4
130
117
125
189
248
70
-192
-233
-138
-114
-67
45
116
100
43
-8
-1
-111
-198
-95
132
257
217
216
149
-87
-192
-178
-329
-429
-524
-441
-339
-292
-251
-158
-155
-334
-463
-397
-241
-286
-332
-372
-443
-466
-550
-782
-1015
-1197
-1185
-1077
-910
-430
115
356
96
-112
-339
-561
-478
-172
202
267
249
347
485
403
189
171
225
304
507
708
839
770
617
609
530
366
197
118
75
72
184
383
401
249
312
345
86
-109
-95
21
27
-27
43
4
-74
-159
-117
-120
-273
-360
-233
-117
-134
-100
32
200
193
211
234
206
-21
-231
-142
26
-7
-68
90
147
50
-130
-148
-37
-91
-20
72
121
82
44
137
96
-72
-224
-279
-280
-307
-264
-242
-376
-488
-423
-264
-196
-231
-220
-220
-325
-440
-485
-525
-539
-550
-565
-633
-883
-1062
-1179
-1131
-890
-427
89
289
41
-150
-295
-352
-281
-142
22
13
179
480
602
370
67
35
125
256
562
752
757
600
527
623
511
252
86
83
77
112
302
395
266
74
210
268
101
-91
-17
158
112
-41
-120
-125
-181
-225
-130
-84
-239
-363
-234
-136
-142
-155
16
204
215
199
207
167
-139
-214
26
109
-6
28
177
167
-22
-111
-114
-159
-138
-9
171
216
107
43
54
-9
-111
-144
-146
-247
-352
-311
-234
-327
-434
-372
-288
-308
-315
-243
-226
-384
-437
-413
-430
-475
-517
-547
-692
-908
-1012
-1028
-867
-472
-51
288
203
-20
-246
-290
-152
-99
-48
-34
79
408
626
465
157
50
56
101
329
609
653
529
582
798
724
323
34
155
276
335
358
423
378
172
85
175
29
-152
-90
172
302
128
73
-23
-175
-318
-194
-140
-203
-291
-154
50
-15
-134
-38
145
189
264
377
236
-42
-84
91
115
14
48
167
176
22
-63
-208
-275
-255
13
306
283
148
11
-95
-214
-229
-146
-149
-200
-153
-10
-57
-347
-574
-466
-255
-225
-219
-195
-201
-323
-418
-479
-554
-669
-598
-563
-527
-611
-762
-877
-783
-442
-140
48
-4
-100
-154
-78
50
123
52
-100
-20
340
555
439
228
201
151
173
351
495
468
401
561
735
613
312
118
209
264
228
336
442
363
244
313
297
50
-142
-42
220
259
204
176
112
-47
-148
-144
-173
-272
-290
-66
100
-3
-56
43
71
10
80
226
148
10
49
240
181
86
111
107
55
-91
-5
62
-107
-189
-50
61
85
77
204
187
-119
-262
-223
-164
-154
-114
-18
56
-105
-221
-264
-339
-356
-257
-115
-112
-200
-215
-256
-392
-461
-494
-623
-699
-661
-561
-481
-328
-114
3
-96
-172
-168
-39
147
251
240
234
179
154
453
529
385
261
158
142
333
490
520
448
376
494
597
537
402
273
221
234
244
347
366
310
301
322
205
68
21
91
109
66
172
289
214
-36
-104
-97
-144
-290
-326
-33
150
249
347
252
78
20
-55
-41
34
124
243
293
413
305
186
37
-53
30
139
178
185
192
167
71
10
24
-33
-69
-93
-72
-92
-82
-91
-104
-162
-134
-143
-177
-159
-148
-113
-122
-137
-159
-182
-287
-404
-411
-396
-393
-479
-595
-600
-536
-507
-309
-38
34
-101
-125
-107
-32
143
218
295
168
184
350
455
406
365
399
395
327
345
403
405
356
430
540
492
355
285
368
367
262
260
404
411
307
268
349
260
132
167
213
200
111
113
213
217
149
73
-35
-212
-182
-88
22
141
194
277
231
64
1
17
52
48
72
171
247
241
205
112
33
54
22
147
190
156
92
95
-11
-129
-181
-125
-43
23
-47
-98
-160
-180
-136
-115
-71
-80
-74
-77
-58
-133
-187
-172
-187
-165
-98
-164
-125
-212
-297
-387
-467
-489
-497
-388
-178
10
85
-73
-223
-267
-145
94
255
323
231
272
339
377
272
134
144
257
311
402
507
458
348
324
351
404
330
258
342
395
419
408
311
250
194
252
305
255
157
128
204
255
218
157
142
81
107
149
66
-16
-2
184
251
116
10
23
17
39
66
62
10
-29
47
86
161
80
76
130
251
318
237
126
86
120
140
52
-56
-143
-146
-165
-141
-41
-89
-152
-125
-77
-124
-161
-225
-137
-43
-52
-141
-146
-171
-228
-155
-91
-47
-84
-85
-81
-38
-79
-254
-310
-351
-368
-281
-131
45
11
-114
-268
-218
-154
-69
63
157
225
307
412
335
211
99
122
207
245
364
362
316
288
266
304
263
180
182
270
306
289
368
366
175
69
148
132
67
49
227
309
208
174
142
113
150
309
453
298
-8
-62
43
92
116
244
242
111
-21
15
95
-12
-164
-70
136
243
255
261
219
42
-46
11
6
-71
-44
74
89
-38
-91
-171
-196
-182
-124
-87
-125
-201
-128
-44
-104
-164
-234
-157
-144
-186
-126
-82
-94
-122
3
57
-14
-134
-134
-77
-88
-128
-227
-230
-258
-200
-33
77
-3
-159
-180
-143
-33
217
338
236
112
111
229
229
176
177
168
166
269
326
297
235
105
130
207
162
115
123
207
259
269
252
167
104
114
180
222
140
135
147
259
294
279
216
205
218
208
279
287
229
68
27
-19
15
7
51
21
20
42
62
121
-4
-29
-35
31
78
63
67
29
-53
-74
-68
-72
-125
-145
-47
-72
-80
-82
-48
-89
-141
-175
-253
-239
-228
-168
-104
-56
-50
-96
-128
-178
-208
-187
-105
0
119
192
131
-15
-152
-185
-195
-180
-195
-181
-101
-69
58
122
112
-57
-223
-167
-114
31
210
293
329
271
226
219
164
110
129
238
356
456
436
355
327
259
271
237
171
263
283
286
286
261
210
155
161
233
243
249
250
296
371
341
252
209
189
299
321
270
253
197
220
169
149
209
177
116
128
124
139
-3
-60
36
74
65
95
92
44
79
79
28
-94
-5
16
69
116
56
29
-61
-39
30
55
-16
-62
-99
-45
-36
-64
-46
-12
50
10
10
42
4
-68
-46
29
21
41
113
151
66
-21
-59
-99
-91
-60
8
-7
17
51
99
97
139
106
59
10
-11
147
241
216
164
171
202
191
192
205
236
264
262
317
316
272
195
156
144
171
208
215
226
158
138
127
142
147
142
197
210
257
295
231
164
193
160
184
203
132
164
97
52
119
99
105
148
196
144
80
101
35
-50
-35
-16
3
35
15
-37
-50
-47
-53
-43
-7
1
30
52
98
20
-38
23
-18
-53
17
30
-31
-62
-66
-64
-82
-51
-22
33
94
93
74
67
62
33
38
70
69
22
33
34
50
62
66
36
-11
-46
-17
49
68
26
38
61
59
122
155
176
162
202
204
148
151
145
208
167
171
234
280
254
198
187
188
103
79
140
195
221
268
267
195
169
125
74
119
192
267
242
225
187
154
128
118
146
141
155
124
75
35
54
-28
-15
36
47
88
33
-6
-6
-39
-79
-61
-60
-65
-42
-33
14
2
-44
7
35
-28
20
85
24
19
-40
-80
-93
-47
-76
-90
-46
-77
-23
-34
-74
-59
-20
-25
-32
-80
-78
-61
-75
-95
-128
-40
17
16
36
26
-36
-19
-30
-73
2
-6
-32
-70
-36
-25
-60
47
33
27
27
26
68
76
131
44
21
46
46
77
70
35
113
181
165
172
143
98
61
119
188
112
116
147
62
71
111
63
12
-13
-15
38
22
68
67
5
14
24
25
31
-21
7
78
75
16
-28
19
33
67
50
33
36
-12
-49
-81
-86
-58
-113
-81
-25
-28
-65
-69
1
-56
-35
-56
-72
-45
-85
-29
-42
14
4
12
-38
-73
-74
-83
-42
-55
-59
-94
-67
-109
-89
-52
-40
-26
-43
-46
-8
-5
-21
-18
-30
-61
-50
-36
-69
-17
-54
-80
-56
-48
-11
-43
-32
45
105
116
23
20
36
68
86
61
46
31
66
34
40
38
18
46
13
8
63
74
111
72
85
43
29
66
12
47
22
-4
-8
1
18
20
57
49
37
50
10
-18
0
-8
-31
77
136
66
35
-1
-10
-84
-54
-52
-39
-42
-22
33
16
-39
-41
-9
12
52
19
5
-32
24
46
26
12
-42
-53
12
45
24
-15
-46
-34
-24
-15
-14
20
34
12
20
-15
-38
-44
-52
29
75
60
72
112
95
62
42
51
48
25
26
69
59
15
-47
-75
-11
-26
28
63
56
64
103
105
63
6
-18
-26
10
6
10
-22
-14
36
-7
-10
3
40
37
76
50
32
9
-32
-29
-53
-18
30
-14
15
-3
-10
-17
27
21
61
101
107
148
98
73
-5
-7
7
71
69
117
120
146
158
112
107
108
93
65
102
176
136
70
56
125
140
129
114
110
64
53
40
36
-10
63
101
52
17
27
24
-10
45
41
61
29
54
75
69
16
-16
-48
-81
-31
26
88
51
-17
43
24
