26
-20
12
18
49
-2
20
99
70
-13
-127
-101
31
112
58
-33
-82
7
-51
-73
-24
65
77
21
20
-23
15
72
48
-28
-64
20
78
67
35
1
45
2
-6
-8
-6
-10
-2
18
-48
-59
-4
-25
-19
-32
-46
-8
1
-12
-58
-9
12
35
35
4
-46
-57
-23
7
28
-11
37
51
44
-14
-7
0
37
27
47
34
13
43
36
-5
-47
-25
-37
-49
-5
1
65
36
-11
10
43
53
24
32
16
5
2
6
-37
10
-28
16
20
19
73
41
59
38
5
4
38
9
-52
0
-25
-18
8
-31
-6
7
62
10
9
13
31
22
-36
11
29
14
-50
-16
19
38
67
-25
-61
-36
-17
-20
-6
-27
-30
-25
-19
-18
-22
-6
39
24
0
38
19
-29
-21
-17
-30
47
61
31
15
22
4
9
1
28
36
7
57
59
23
17
4
3
4
2
-30
10
-4
10
11
15
-7
16
66
37
16
-5
7
-17
-14
12
29
-3
4
28
1
20
-14
-27
-37
-10
15
15
-9
-29
20
14
31
18
-85
-90
-33
-39
-4
25
-51
-13
-15
-10
5
-8
-39
-67
-74
-71
-37
-76
-63
-70
-48
-11
-25
-43
-48
-58
-19
-49
-92
-87
-53
-59
-73
-91
-44
-24
-76
-62
-73
-26
-18
-26
-30
-61
-108
-100
-25
66
22
-109
-207
-158
-40
55
38
-83
-160
-121
-51
-46
-112
-104
-95
-66
-66
-96
-108
-74
-95
-59
13
0
-20
-18
-23
-73
-98
-61
-31
-52
-74
-72
-19
-69
-91
-103
-78
-2
25
-48
-85
-111
-100
-58
-27
-35
-45
-94
-89
-114
-42
-75
-99
-13
-42
-40
-42
-28
-2
-98
-75
-37
-87
-30
-42
-29
-6
-36
-66
-63
-79
-82
-53
-1
-74
-79
-71
-51
-29
-78
-76
-38
-78
-71
-76
-95
-57
-61
-91
-100
-90
-76
-23
-90
-109
-69
-64
-91
-33
-48
-109
-103
-130
-189
-141
-122
-88
-73
-130
-63
-51
-109
-128
-124
-91
-88
-40
-33
-73
-98
-80
-67
-32
-56
-75
-29
-85
-63
-61
-27
-79
-51
-23
-58
-58
-41
-29
-41
-99
-105
-109
-59
27
-6
-27
-98
-86
-74
-97
-143
-100
-105
-110
-104
-89
-144
-187
-134
-151
-100
-91
-23
-3
-36
-62
-20
-38
-81
-83
-80
-45
-51
-86
-75
-98
-41
-35
-21
-37
-54
-26
-116
-95
-117
-43
-44
-66
-110
-54
-73
-135
-49
-82
-139
-108
-75
-69
-50
-65
-81
-95
-74
-38
-66
-48
-34
-119
-145
-126
-58
-85
-84
-66
-41
-80
-86
-93
-108
-51
-53
-48
-128
-40
-61
-82
-61
-70
-44
-62
-3
-57
-93
-103
-92
-9
-59
-101
-74
-80
-122
-125
-69
-47
-57
-98
-112
-111
-45
-72
-43
-44
-70
-54
-38
-26
-6
-30
-54
-12
-69
-112
-94
-116
-102
-82
-71
-20
-67
-102
-89
-78
-82
-79
-43
-50
-60
-72
-78
-61
-107
-121
-85
-35
-22
-74
-107
-39
-61
-109
-72
-57
-100
-100
-68
-95
-54
-69
-55
-24
-52
-59
-30
-76
-132
-97
-80
-91
-75
-100
-64
-45
-69
-32
-18
-30
-62
-85
-106
-87
-47
-41
-64
-96
-85
-140
-146
-205
-182
-144
-168
-159
-153
-117
-82
-142
-182
-144
-151
-142
-134
-126
-98
-81
-120
-73
-66
-133
-70
-77
-93
-89
-110
-59
-102
-124
-116
-75
-33
-39
-115
-140
-121
-117
-117
-172
-162
-120
-135
-144
-131
-114
-102
-113
-139
-159
-153
-132
-126
-82
-86
-48
-66
-83
-52
-103
-99
-43
-15
-88
-136
-79
-92
-151
-121
-69
-93
-125
-208
-198
-160
-149
-135
-132
-117
-98
-95
-124
-123
-112
-159
-140
-117
-79
-32
-108
-101
-105
-114
-71
-88
-107
-94
-144
-129
-137
-140
-105
-138
-152
-136
-53
-73
-92
-108
-100
-88
-116
-129
-137
-111
-113
-119
-105
-120
-81
-19
-49
-65
-62
-16
-23
-26
-48
-169
-159
-107
-103
-136
-89
-76
-98
-146
-113
-113
-73
-77
-112
-140
-118
-87
-92
-25
-8
-15
-70
-48
-48
-28
-56
-88
-103
-59
3
-29
-47
-48
-48
-34
-42
-64
-63
-20
16
-85
-63
-47
-72
-57
-91
-46
-51
-56
-4
4
-17
5
-54
-39
18
-67
-123
-97
-74
-52
-46
-59
-53
-25
-11
-58
-86
-59
-21
-56
-63
-32
-15
-62
-64
-46
-33
-82
-60
-41
-45
-43
-33
-36
-20
-13
-29
-52
-89
-65
-21
-68
-73
-77
-38
-32
-24
-42
-47
-1
-2
-15
-29
-13
-26
-12
7
-32
-68
-65
-50
-12
-16
-15
-2
-18
-37
-36
-54
-57
-64
-51
-99
-54
-29
-29
-15
-100
-60
-45
-24
15
6
-16
-23
-11
-13
-12
-12
-27
-3
-39
-48
-1
-47
-69
-65
-41
-75
-135
-128
-101
-153
-133
-55
-42
3
-42
-47
-83
-50
-12
-66
-43
-55
-17
47
13
-19
-12
-40
3
-13
-8
6
-31
-47
-77
-33
-42
-15
-99
-74
-66
-69
-45
-32
-31
-44
-20
-32
-9
-3
-9
-56
-10
-24
-6
20
18
61
1
-20
36
26
-2
0
-40
-24
-20
-21
12
13
-30
-60
-89
-70
-43
-89
-42
-57
-33
34
51
39
-60
-74
-116
-110
-81
-90
-80
-68
-107
-117
-33
-74
-93
-48
-63
-49
-30
-103
-51
-24
-93
-63
-63
-107
-95
-117
-109
-105
-101
-107
-73
-108
-81
-141
-182
-125
-121
-50
-50
-84
-21
-26
-32
6
-54
-66
-59
-10
-16
-49
-64
-97
-105
-105
-41
-12
-39
2
-9
-76
-49
21
11
23
5
28
24
31
46
14
-5
-24
-55
-76
-54
-79
-39
-61
-98
-28
-25
-3
32
32
17
-18
1
-101
-80
-56
-55
-56
-55
-34
-27
-20
5
74
-7
-24
6
7
-24
-19
-33
3
39
47
55
45
29
78
58
41
64
28
21
2
-49
-90
-11
23
64
60
69
19
-81
-45
-22
12
2
-34
61
4
30
50
69
41
18
-1
-51
21
31
54
31
39
37
50
38
29
-41
-69
-40
-51
-2
17
29
-52
-47
-38
-69
-28
-43
22
70
61
68
71
-6
30
17
45
62
40
41
41
23
-22
-11
82
67
28
25
13
-40
-37
-7
-22
18
2
-42
-55
-12
-21
-38
-23
-63
-68
-58
-6
40
26
54
3
3
-54
-11
20
19
50
57
44
31
57
40
39
23
23
11
-13
-39
-51
-51
-17
-6
-2
38
13
-14
-74
-45
-16
-11
-13
15
29
-76
-42
9
19
27
41
22
40
19
14
43
57
32
34
37
-12
20
74
77
54
65
80
40
28
27
43
-6
25
7
38
22
30
-6
-35
-3
-28
-26
-30
10
-16
-4
9
52
69
29
48
42
8
-18
62
63
89
93
41
68
49
-4
-33
9
55
94
83
67
8
17
27
40
-16
18
92
58
59
38
4
49
69
42
15
31
16
30
69
22
-31
-32
6
32
-22
-14
-18
-30
-28
-48
-6
-37
-40
-32
11
-2
-29
5
20
26
38
11
15
48
78
24
11
61
45
50
-15
-12
-33
-33
9
13
39
44
45
-46
-15
65
61
98
74
64
-27
1
7
30
33
-1
25
-6
47
5
23
27
-43
-7
19
-21
-54
-11
-10
-11
-90
-77
20
-16
25
24
-5
26
-26
-3
-19
-48
-21
3
-41
-34
11
-6
40
28
79
56
15
75
73
37
-29
10
10
35
27
12
61
74
32
-1
24
44
57
15
2
1
42
48
43
34
35
15
66
20
8
34
7
13
0
14
17
37
35
83
76
35
-27
10
40
31
4
-36
26
35
-9
-40
-82
-33
39
7
-3
-44
35
30
29
-1
-9
-57
-73
-74
-120
-67
-22
21
-12
-40
-17
-16
-24
-17
3
-28
30
32
39
8
-57
-80
-132
-74
4
27
-11
-10
5
-8
-24
25
13
12
-4
-8
-43
0
0
70
73
5
5
51
32
-41
-18
-47
-3
-12
-58
-56
-59
-18
-47
-69
-77
-89
-71
-95
-55
-41
3
23
32
-31
-54
-53
-87
-32
-30
-41
-35
-28
-19
-4
-78
-14
13
18
-27
-43
-91
-79
-35
-70
-101
-94
-78
-85
-65
-76
-24
-123
-93
-76
2
-18
-19
-24
-155
-84
-106
-56
-81
-80
-108
-92
-24
-72
-9
-48
-86
-64
-71
16
-19
-60
-53
-66
-53
-49
-4
41
0
-14
-39
-85
-65
-44
-37
10
-4
20
8
-15
-11
-45
3
8
1
-17
-15
-3
7
35
6
-26
-54
-26
-41
-22
-44
-29
-10
6
59
55
34
25
1
-29
-57
-80
-51
-67
-104
-67
-34
-12
1
-31
-8
-11
-15
7
2
-24
-33
-53
-20
15
18
64
52
49
1
-60
-76
-79
-18
-27
-13
4
12
18
-21
3
37
-11
-70
-52
-3
-55
-85
-66
-82
-58
-62
-105
-123
-51
-64
-88
-17
-24
-42
-69
-104
-116
-75
-80
-102
-62
-53
-22
-26
-49
-63
-110
-57
-93
-80
-106
-116
-44
-64
-82
-127
-119
-120
-64
-58
-19
-39
-117
-82
-78
-113
-110
-138
-158
-116
-150
-86
-38
-51
0
-10
-23
-43
-26
20
6
-40
-46
-51
-40
-33
-19
-29
-37
-1
17
6
3
-66
-50
-57
-87
-79
-81
-71
-35
1
-83
-24
-31
-41
-40
-23
40
-21
-11
-9
10
4
-11
14
35
-2
15
35
31
24
-82
1
4
-5
4
-60
-70
-75
-3
-9
16
2
-40
31
63
-46
-66
-110
-92
-59
-38
-2
34
53
50
4
-29
14
-10
-24
-28
-9
-3
-34
-22
-27
-36
-86
-88
-25
-47
-23
15
28
-15
-15
1
14
37
0
21
-1
-44
27
-9
7
34
28
-31
-65
-41
-30
-48
-55
-16
22
-29
-69
-58
-112
-58
-3
-41
-54
-18
20
49
66
-34
-24
-41
-49
-34
-24
-35
-49
-56
-51
-18
-70
-52
2
4
7
-15
-17
-34
-74
0
-6
-32
-49
5
5
-18
42
16
-12
-18
-7
-17
-25
-56
8
-6
11
64
52
-25
-80
-69
-2
29
-9
9
-24
-15
22
51
47
15
31
10
-7
30
11
26
17
37
27
46
21
48
-35
-45
-4
-54
-19
-3
13
-28
-40
-20
-9
3
-15
-24
-28
11
-14
-25
93
-43
-63
57
-19
-37
50
-63
-72
-38
-90
-64
-38
-45
-5
50
23
25
-6
-29
15
-72
-85
-27
50
20
-31
14
-5
-33
-94
-50
-22
-35
17
11
-25
-77
-41
21
34
-20
-37
-3
-13
11
71
-8
-2
70
-17
-39
-7
-123
-140
-3
-62
-65
6
-45
-62
29
106
-6
-4
-13
-38
-16
33
61
13
12
-41
-17
25
-5
-13
45
207
-135
137
223
-440
-309
372
113
-383
-6
261
-149
-166
48
-42
-217
-177
-111
-12
14
-209
-16
149
-132
-273
-89
101
-39
-59
19
34
-32
-51
23
43
-18
30
0
4
-140
102
383
-65
-336
-40
-390
14
788
-2213
250
3373
1415
-4446
-2930
2004
5216
825
-11738
-1677
13611
3685
-8740
-3500
1930
-208
147
3185
-390
-2507
1011
988
-1889
-1201
1588
1895
-465
-1354
-267
324
147
139
-94
269
339
-352
-533
61
417
173
86
86
-173
-361
44
43
-62
233
-25
-95
3
-137
-396
-97
404
249
-298
-322
121
76
-65
-125
-133
-3
371
273
-296
-360
61
244
38
-104
-131
-125
-148
-21
93
82
-75
-202
-137
-97
-33
42
26
-23
-150
-138
88
97
-32
-19
14
-30
-55
14
-30
1
9
-134
-66
-114
101
-19
-44
22
43
-13
-106
-51
-151
-80
-18
21
-69
-160
-124
-64
-118
-122
-115
-60
-19
13
-90
-124
-143
-119
-61
-98
-77
-68
-41
-55
-65
-127
-147
-52
-41
-5
-85
-171
-135
-101
-30
-58
-108
-34
-62
-86
-98
-146
-97
13
-33
-166
-122
15
-48
-73
-184
-169
54
-75
-117
-75
57
38
-30
-16
-97
-51
-29
-73
-141
-60
-27
-78
-124
-138
-51
-142
-115
58
-4
-193
-112
57
17
-49
-30
-36
-59
-74
-78
-146
-164
-95
-178
-186
-124
-129
-81
-129
-47
-77
-127
-63
-104
-61
-104
-130
-152
-113
-29
-87
-142
-81
-96
-81
-96
-76
-51
-78
-51
-71
-115
-104
-61
-78
-63
14
-25
-64
-207
-185
11
-7
-136
-84
101
41
-164
-119
16
-30
-42
-101
-37
-85
-99
-22
-26
-61
-100
-9
3
-96
-4
68
-91
-213
-164
-10
48
-42
-134
-74
-15
-93
-85
-32
3
-94
-91
-92
-114
-54
-13
-5
-37
68
-64
-72
14
-20
6
-8
4
18
32
-89
-71
49
24
-45
-176
-6
0
-40
-119
-22
97
3
-85
-126
-104
-103
7
-65
-131
-142
18
79
-57
-220
-123
60
72
6
-117
-23
16
45
40
-90
-16
-5
-35
37
-88
-212
75
174
-27
-191
14
71
22
-1
102
-61
-37
146
8
-182
-146
17
39
-127
-307
202
249
2
-241
-99
-69
-47
95
-25
-21
-1
-237
-63
89
0
-15
38
23
-58
-30
-150
-57
49
42
-83
-73
42
98
29
-101
39
118
-26
-63
-42
-26
59
25
-50
-107
-65
0
8
-57
-47
-50
-9
61
-129
-107
109
-139
-91
-33
39
92
42
-62
-64
5
31
23
-113
-71
1
25
84
23
-91
-61
-73
14
28
11
-4
-3
6
-94
-13
20
-19
-33
8
-12
-19
45
35
-15
49
139
60
-25
-20
13
114
89
11
-54
-70
-95
-50
25
64
87
56
23
49
-29
2
89
103
46
-46
110
83
47
-4
-40
15
9
32
14
-42
-30
-21
-2
-26
-93
-64
-14
0
-68
-55
14
-7
-62
-40
26
83
76
-12
-24
38
23
-6
59
-1
-57
-57
17
61
-18
-39
70
135
30
-33
-50
34
61
51
3
21
115
62
74
52
-20
-18
133
-32
-24
-25
7
59
97
-49
-94
42
68
54
-10
-26
-9
32
-14
-38
-1
18
5
88
-1
-70
93
81
-64
13
90
58
59
40
-14
-55
56
99
13
54
37
-51
-36
-51
80
124
60
-10
22
50
-28
0
83
126
61
0
52
-6
-18
35
80
118
-27
67
108
51
13
-18
45
29
-18
-41
-8
99
83
-13
18
59
79
40
32
67
58
8
26
52
63
104
39
34
80
89
30
16
54
79
48
-18
16
111
64
30
47
41
93
115
60
45
127
171
117
68
28
131
97
30
0
47
121
33
53
37
19
17
64
104
71
21
52
82
115
114
96
75
97
93
-16
-24
72
89
157
140
55
27
29
68
43
15
57
57
5
51
62
38
85
54
58
47
74
85
21
-21
148
159
46
0
48
87
46
42
30
29
14
59
-33
-60
22
82
49
38
6
-39
6
65
63
-16
33
76
75
81
46
23
52
15
71
72
28
62
57
98
120
88
98
71
19
34
35
47
24
82
36
16
57
69
28
85
102
83
107
27
20
3
63
56
11
49
96
124
98
110
94
62
36
49
60
69
175
190
94
126
133
131
158
121
75
101
198
163
72
127
197
111
81
135
131
37
117
112
113
180
100
5
58
142
74
18
46
96
135
157
121
79
71
105
182
161
141
163
177
124
143
169
91
60
34
66
24
25
49
97
97
27
70
167
163
125
142
173
63
57
70
142
165
41
74
100
175
138
89
63
-1
-22
97
140
73
35
130
114
119
68
13
59
107
168
42
5
69
102
14
34
74
56
-26
-4
67
76
21
90
119
8
95
157
45
-72
-41
91
112
83
72
29
2
89
180
112
9
69
170
124
122
90
48
-8
10
96
121
72
58
36
46
97
91
74
84
70
16
40
126
78
46
61
46
59
40
109
163
176
116
97
115
161
129
96
105
121
170
157
151
128
81
67
133
127
106
97
62
26
2
35
118
63
47
-19
20
54
66
51
54
167
75
55
58
87
134
62
39
139
135
64
68
122
147
116
101
96
82
86
72
100
100
85
95
129
92
45
5
8
121
137
86
41
90
87
80
116
79
85
91
119
125
110
77
89
150
83
29
51
78
59
80
119
162
77
36
128
139
153
159
149
123
127
96
93
127
131
157
87
-12
24
65
82
25
18
112
162
75
-5
17
25
75
66
15
37
59
52
-17
-11
41
40
25
35
14
24
-36
4
115
59
78
80
66
65
82
105
27
20
-31
-26
82
33
18
65
97
22
-48
56
92
109
49
-15
62
80
51
44
17
33
100
76
24
-1
7
39
19
52
9
-9
56
61
23
52
81
44
29
-18
29
105
65
-22
43
77
6
7
33
18
4
49
54
78
38
19
25
-3
39
27
8
59
45
-16
-9
-31
-49
57
21
-4
-20
-26
58
53
19
-25
25
28
32
60
5
-54
-3
-9
1
-24
21
12
-4
-22
-36
-9
-52
8
28
20
-13
-2
33
-14
11
-5
-30
25
47
30
-11
-13
29
-39
-44
-2
0
0
-48
-13
56
24
11
5
-4
29
50
9
32
5
-29
8
9
85
48
-13
0
27
13
31
-12
50
89
53
36
90
80
-15
-7
33
81
70
57
39
42
78
24
79
62
41
67
91
60
82
39
28
48
33
58
-20
-27
-24
-13
27
20
14
32
47
11
18
41
34
82
62
59
69
89
56
-19
14
51
91
97
51
21
38
65
61
43
5
6
5
24
-10
-44
-67
3
31
-59
-51
-20
-47
-7
-19
14
22
22
12
20
31
60
27
-43
-28
-82
-17
-71
-20
-79
-47
3
-67
-37
-31
-56
-37
-28
-76
-75
-52
-78
-90
-40
-28
-50
-66
-104
-20
30
-19
12
23
1
11
-10
-50
-41
-7
7
-34
11
-6
-60
-15
-31
-50
-20
-47
-81
-93
-72
-46
-84
-36
-1
-32
-32
32
28
-16
-39
-44
-66
-61
30
7
-1
49
42
12
1
-5
63
61
-31
-43
-3
-41
-43
-40
21
-26
-46
-50
29
58
-45
-16
-10
37
35
-4
-18
60
22
-14
-40
-52
-74
-56
-12
-53
-14
-33
-33
27
37
19
22
58
83
71
3
66
49
28
64
83
51
33
-11
5
17
30
23
-9
-54
-56
5
14
65
13
20
7
20
17
37
38
69
95
75
60
-39
-20
-37
-45
20
-49
11
112
85
81
23
10
11
78
37
-14
-24
-12
2
-19
-3
51
62
21
78
77
103
44
56
86
64
44
22
28
1
18
39
-17
42
-17
-50
16
34
45
17
24
61
65
58
52
-26
-34
-11
-5
2
8
2
-25
38
32
2
-24
-35
-49
5
25
9
5
15
-18
-4
33
61
97
52
94
5
-5
1
7
10
-23
54
78
44
41
31
82
77
19
-19
-50
-47
15
-4
-20
15
19
19
-10
6
18
-8
-20
29
44
112
56
57
59
51
90
73
83
51
97
127
106
120
81
76
79
44
57
97
91
47
27
13
30
37
42
47
53
53
36
56
113
146
78
11
57
79
59
41
46
71
74
64
106
123
51
50
12
5
85
118
99
86
12
26
2
3
56
-33
-25
44
63
51
86
95
85
110
68
65
84
58
0
17
-11
-28
-13
39
56
43
150
112
18
38
138
101
63
23
24
-9
-16
58
-17
-32
41
23
0
9
47
34
-4
19
89
116
124
190
164
89
49
98
42
67
75
124
117
38
80
50
76
39
15
34
9
4
-13
41
74
115
90
95
58
38
16
18
13
14
16
73
71
59
73
68
73
47
66
-24
-9
76
41
-31
18
9
51
68
42
75
30
-8
-1
22
84
74
89
78
72
99
99
55
27
70
59
82
60
61
95
77
90
57
15
52
70
96
56
-5
16
25
27
12
35
70
64
35
-4
88
18
-23
-5
4
-23
-26
22
47
15
-2
75
40
77
73
66
73
83
24
22
72
27
9
-32
-7
38
62
102
114
77
79
43
45
13
-36
17
15
12
-28
37
90
-10
-59
-19
20
32
-7
-17
10
36
92
84
12
15
-30
10
6
-1
8
-32
-8
-7
-28
-13
16
-25
26
77
23
-12
18
48
82
25
44
80
24
58
52
82
65
39
48
-40
-28
47
-20
-45
12
30
-16
40
-29
-38
54
84
44
22
-5
54
86
-31
79
110
41
8
2
28
0
-11
-13
-28
27
26
9
-15
-31
-28
5
6
19
-13
-18
-13
-38
-15
13
24
-48
-17
20
13
-76
-20
26
-13
-4
10
71
84
37
12
76
88
59
38
-22
-80
-65
-7
-53
1
58
37
32
-27
9
48
6
-59
-39
-11
69
89
14
57
51
-21
8
9
-4
14
22
65
32
39
2
-36
25
10
11
22
-10
-67
-67
0
-57
-49
96
96
60
35
32
8
12
-14
-30
28
13
-35
-33
37
-20
20
65
45
47
40
46
36
59
-7
-19
-10
-34
-61
-19
35
46
52
34
78
25
-16
33
24
-3
-38
-34
26
-1
-44
-51
9
-20
-2
-37
14
-5
-71
6
-28
16
22
26
-5
50
19
-16
37
-39
-16
-1
9
0
51
70
60
-24
-30
-46
-36
50
47
24
-21
-17
-5
31
-12
10
39
35
54
-52
-47
-10
-33
-67
-57
-31
47
2
-90
-25
-21
-56
-36
2
86
58
30
7
21
3
12
29
-47
-18
-15
37
43
66
9
7
45
19
-26
23
24
-4
20
-27
-5
21
-3
-75
-61
-35
-8
-26
32
17
19
78
9
10
9
-13
3
36
-8
-45
-111
-53
-23
36
-3
-73
-64
-65
7
30
27
-17
-1
-16
-71
-64
-80
-39
16
-74
10
102
152
234
242
172
60
-48
-109
-239
-285
-161
-118
4
119
192
94
-2
-76
-222
-249
-208
-135
-89
34
60
157
182
96
-55
-106
-187
-210
-95
-65
29
45
106
119
77
54
17
-75
-116
-86
-30
23
85
139
126
86
-5
4
-39
-46
-54
-4
39
71
107
127
98
40
11
-7
-34
-71
-99
-42
61
84
62
-1
-67
-123
-184
-225
-154
-139
-99
-70
-26
-51
-118
-169
-215
-233
-178
-137
-145
-110
-163
-104
-90
-105
-136
-246
-259
-283
-262
-188
-155
-154
-166
-210
-278
-375
-382
-319
-353
-356
-284
-259
-319
-309
-279
-354
-298
-314
-315
-342
-377
-359
-360
-241
-282
-292
-261
-227
-237
-276
-294
-323
-257
-256
-242
-198
-212
-272
-277
-312
-240
-264
-309
-195
-252
-176
-152
-177
-155
-260
-202
-152
-106
-32
89
230
391
530
651
695
708
724
668
624
618
696
753
759
739
677
629
593
548
422
367
362
324
277
312
256
272
226
144
1
-141
-156
-138
-135
-88
-103
-133
-166
-197
-194
-184
-226
-174
-118
-136
-94
-160
-176
-219
-305
-351
-391
-367
-362
-367
-415
-425
-418
-448
-428
-505
-471
-408
-420
-364
-348
-392
-374
-397
-486
-534
-537
-509
-539
-494
-529
-566
-577
-599
-622
-657
-635
-586
-540
-555
-524
-504
-488
-534
-558
-563
-676
-780
-783
-904
-920
-935
-947
-976
-937
-472
425
1306
1472
1296
1318
1266
927
462
589
916
960
862
1205
1745
1580
977
627
464
125
-225
4
535
621
251
141
316
178
-444
-772
-727
-736
-903
-583
-63
61
-225
-511
-384
-320
-435
-416
-183
-13
-23
82
264
319
18
-307
-299
-169
-126
-150
-115
-76
-93
-116
-75
-125
-298
-476
-522
-424
-327
240
649
778
496
238
333
329
133
70
210
385
422
535
735
650
276
-7
47
7
-128
-3
123
312
250
80
-60
-185
-433
-613
-610
-520
-498
-441
-351
-222
-330
-499
-430
-348
-363
-388
-400
-386
-399
-416
-414
-361
-426
-707
-774
-772
-863
-983
-1055
-1020
-975
-947
-948
-805
-872
-1050
-1110
-1129
-1079
-1094
-1129
-971
-913
-942
-891
-1051
-1196
-1395
-1463
-406
696
1310
1181
1068
1328
1004
507
402
774
945
676
1083
1835
2052
1452
875
861
433
-119
36
594
983
584
388
715
563
-145
-599
-465
-555
-912
-687
-104
170
-213
-550
-382
-340
-739
-846
-458
-214
-314
-212
260
457
41
-339
-322
-181
-301
-277
-12
156
36
-114
48
159
-210
-482
-557
-201
451
508
510
384
301
350
115
221
187
131
-12
112
556
522
318
240
183
46
-55
239
290
228
195
80
198
196
-9
-209
-303
-353
-486
-383
-253
-352
-495
-551
-448
-414
-499
-623
-603
-698
-863
-786
-673
-622
-585
-657
-683
-731
-843
-874
-861
-779
-746
-724
-641
-641
-741
-882
-898
-891
-945
-1037
-988
-947
-970
-1043
-1049
-1075
-1246
-1349
-1460
-548
389
1010
1114
791
1009
843
419
380
709
945
641
991
1716
1940
1450
964
1017
726
211
310
781
1149
758
559
910
688
41
-353
-299
-421
-835
-674
-47
153
-296
-606
-471
-547
-884
-919
-530
-339
-471
-389
60
171
-240
-554
-470
-395
-509
-416
-27
93
-83
-113
99
16
-284
-506
-351
-361
-34
588
910
760
246
152
181
-37
-126
-42
133
38
172
526
609
235
-170
-263
-154
-162
-35
143
236
100
-102
-38
-51
-396
-621
-573
-388
-415
-435
-294
-361
-573
-641
-551
-640
-768
-856
-862
-707
-625
-656
-476
-379
-647
-839
-732
-696
-684
-559
-635
-843
-811
-785
-742
-577
-695
-923
-916
-802
-928
-907
-727
-764
-911
-889
-1069
-1184
-1254
-1307
-1452
-565
388
907
762
491
696
567
127
98
501
737
413
766
1586
1723
1211
826
840
612
218
408
1028
1193
674
633
967
826
-26
-389
-168
-356
-668
-408
158
188
-430
-661
-483
-700
-1077
-1013
-519
-416
-591
-376
74
32
-526
-674
-476
-457
-613
-386
97
64
-178
-143
90
-56
-384
-463
52
392
349
462
602
505
184
96
296
261
34
-70
262
461
257
121
176
69
-158
-147
111
90
-104
-108
128
62
-99
-93
-115
-287
-483
-496
-426
-439
-494
-616
-536
-334
-610
-749
-357
-576
-985
-534
-344
-682
-668
-350
-498
-660
-511
-452
-719
-725
-827
-650
-422
-571
-441
-460
-742
-922
-703
-546
-709
-740
-810
-628
-167
-395
-868
-868
-918
-1237
-1078
-849
-1088
-1359
-640
151
602
624
311
396
359
-6
33
649
786
494
779
1422
1488
1044
738
891
786
461
663
1188
1237
780
666
869
641
142
-21
77
-54
-271
-127
207
114
-463
-637
-581
-717
-966
-787
-450
-567
-720
-480
-132
-238
-646
-679
-455
-341
-291
-101
181
60
-211
-120
-56
-102
-218
-45
221
329
321
376
444
224
180
360
518
365
198
256
375
245
167
188
131
-121
-189
45
126
-107
-305
-56
-44
-342
-445
-347
-181
-560
-500
-274
-306
-663
-411
-280
-1071
-727
-735
-172
-138
-630
-727
-461
-298
-872
-744
-220
-362
-606
-390
-300
-564
-613
-163
-360
-553
-903
-455
-274
-775
-619
-792
-406
-344
-636
-598
-801
-660
-730
-313
-340
-907
-890
-678
-752
-553
-740
-1151
-1306
-652
-47
390
568
339
172
371
48
-75
487
744
443
560
1018
1191
939
676
669
673
533
533
974
1259
800
602
788
834
414
156
235
195
-49
-74
240
334
-243
-630
-395
-370
-588
-476
-195
-112
-287
-314
22
111
-242
-520
-382
-206
-216
-46
193
3
-319
-319
-116
-106
-305
-22
256
275
156
227
493
408
75
172
312
226
21
241
475
66
-241
20
163
-77
-238
-51
19
-123
-369
-111
-206
-305
-296
-687
-243
-247
-506
-518
-311
-142
-1039
-496
-99
-847
-741
170
-109
-1049
-272
371
-820
-806
-330
-509
-131
166
-317
-422
284
-727
-714
226
-346
-1062
-231
305
-532
-279
-396
-415
-72
-445
-539
79
-316
-777
-191
-12
-603
-784
-256
-574
-707
-547
-717
-715
-748
-689
-165
504
94
-104
388
321
36
189
455
545
364
305
791
1013
813
596
777
826
474
552
869
977
743
589
723
740
437
237
382
321
63
30
165
95
-211
-313
-253
-383
-440
-341
-285
-279
-298
-239
-91
-108
-380
-334
-259
-397
-429
-244
-112
-140
-143
-181
-148
-168
-354
-58
233
325
244
156
120
-139
-48
248
299
246
-42
84
254
88
-214
-51
84
-214
-107
11
10
73
-140
-472
-103
-49
-588
-268
48
-539
-357
29
-518
-437
-628
-220
-178
-801
-687
-457
224
-520
-563
73
-80
-313
-377
-302
-121
-506
-396
28
171
-86
-539
367
-236
-582
335
-313
-56
-842
-402
205
-413
-520
-187
49
-479
-852
-97
224
-968
-709
-194
245
-474
-751
-654
-777
-910
-676
-396
-584
-368
-72
518
319
5
20
126
175
40
486
784
413
591
899
951
648
441
702
672
503
603
941
1042
731
689
774
452
153
149
321
362
217
293
389
196
-152
-199
-170
-309
-338
-109
139
-34
-504
-439
-190
-226
-363
-425
-274
-168
-89
131
132
-197
-442
-437
-69
200
384
411
368
71
47
252
152
37
115
219
307
398
199
-4
20
-4
-344
-269
244
406
56
382
94
-408
-490
-158
-488
-87
-383
-553
-220
-827
-352
-830
-99
-608
-368
680
-219
-826
-576
-430
-502
-379
236
-26
-489
-86
-146
-178
-446
-575
-549
53
-37
-597
200
92
-1303
-84
-20
-632
-426
-102
231
-410
-678
-334
-355
-226
-619
-330
327
-638
-457
352
-356
-1163
-604
-166
-328
-562
-481
-531
-928
-423
331
735
562
12
175
163
-50
157
606
644
299
729
1149
887
640
601
700
524
435
771
1061
757
459
656
800
446
205
461
362
90
95
328
379
-39
-369
-266
-238
-330
-71
96
-300
-681
-540
-384
-420
-437
-248
-307
-357
-213
-183
-187
-229
-488
-409
270
754
298
233
-59
-342
-63
473
661
295
213
69
315
703
452
72
234
199
94
454
468
241
334
-135
-115
225
-97
-555
167
-358
-555
18
-717
-705
-454
-409
-919
-215
75
-837
173
192
-727
-586
-105
-414
-142
-35
-226
7
-59
-176
-413
163
-360
-1014
-174
93
-185
-425
-475
2
246
-418
407
111
-107
-356
-451
-23
-424
-316
-171
-486
71
51
-61
2
-682
110
-145
-686
-891
-555
-88
-367
-625
-379
113
595
264
244
617
341
1
397
681
534
560
871
957
790
617
862
1035
909
796
1163
1211
848
738
768
729
497
518
682
499
387
359
335
198
-154
-150
-67
-163
-298
-275
5
188
-142
-326
-387
-410
-563
-372
-178
-481
-451
-100
205
232
-111
-390
193
567
288
201
213
284
110
203
528
243
28
204
486
482
-65
29
120
238
51
163
265
30
258
151
-262
-914
-743
-107
277
201
-895
-624
-256
-679
-700
-173
331
-140
-213
-81
-266
-545
-30
48
-2
-64
74
563
-25
-572
-479
-349
176
526
-378
-760
-111
-670
-735
-14
157
229
683
527
-891
-1123
-571
-643
-214
634
250
298
-444
-1135
-1150
-842
-1221
-714
134
-598
-719
-245
-496
-1258
-1354
-892
-698
264
665
238
296
16
-416
134
603
388
873
1184
1070
1090
1084
644
421
508
597
851
1175
1160
1155
986
660
501
531
356
238
432
496
362
216
178
-21
-300
-523
-214
32
4
-33
46
-39
-393
-509
-477
-426
-491
-494
-427
-369
-186
-184
-58
281
793
644
470
484
371
305
479
616
570
694
879
710
492
235
32
-33
327
351
311
146
-20
180
-47
-65
-285
-561
-254
240
139
-51
-462
-361
-603
-932
-811
-1255
-968
-528
212
400
-284
-645
-559
-1236
-820
-287
73
572
45
-291
-1503
-1565
-880
-759
-401
-98
-452
-128
100
-457
-768
-102
78
80
-169
-251
-90
353
619
145
-155
-846
-501
-165
-84
-550
-243
-41
-825
-830
-996
-1860
-1829
-690
286
883
481
190
-15
-143
-143
158
959
1129
814
1357
1748
1537
966
966
1034
879
991
1673
1912
1497
844
758
728
465
304
449
575
374
267
461
264
-273
-548
-386
-228
-248
-53
-51
-253
-672
-496
-91
-208
-684
-761
-402
-290
-208
305
521
-166
-743
-544
84
132
356
603
627
377
219
377
537
596
600
626
846
616
408
446
294
-77
12
412
276
48
-279
490
377
-670
-767
-388
-136
-204
-150
8
-660
-1211
-1034
-1354
-953
-227
594
-245
-368
-522
-1005
-434
-506
-372
-18
115
-264
-1266
-875
-984
-1109
-398
-799
-1434
-872
-606
-1312
-1350
-504
-779
-1620
-1117
-1323
-1372
-593
-813
-1244
-1150
-1110
-461
82
-337
-989
-780
-485
-1010
-1187
-343
294
1339
1832
1445
1005
910
630
1177
2168
2381
2218
1888
2130
2257
1958
1200
1185
1322
1405
1542
2230
2018
1114
290
226
223
241
119
20
-54
-409
-826
-804
-1143
-1630
-1791
-1526
-1096
-823
-702
-798
-768
-1022
-1226
-1138
-610
-463
-442
-292
-97
-166
-150
-148
-203
-288
-174
637
1782
2039
1512
876
958
778
807
1778
2371
1812
916
989
977
376
-130
130
473
338
502
965
359
-736
-1434
-722
-335
-152
-96
8
-784
-1423
-732
-1009
-1276
-1466
-724
-99
-249
-874
-432
-43
-1069
-1073
-33
796
-436
-493
-461
-993
-1770
-1411
-12
-95
-1183
-716
-65
-510
-1005
-1047
-493
-1406
-1471
-758
-464
-412
-837
-903
-954
-1539
-971
-495
-899
-2084
-2425
-2031
-2048
-665
1492
2820
1497
38
150
1074
868
898
2239
2989
1790
1272
2650
3035
1249
296
1417
2406
2409
2443
3077
2506
624
-84
1057
1327
273
-50
747
685
-195
-459
-380
-1098
-2260
-1855
-601
-250
-725
-668
-526
-1107
-1441
-842
-287
-648
-891
-419
72
-141
-352
-283
-249
-501
-11
544
1248
1311
1421
1477
838
762
671
1230
1488
1408
1602
1555
1081
743
562
499
150
312
477
497
201
19
6
-115
-10
-192
-636
-528
-567
-853
-1105
-1213
-1299
-1195
-1279
-1483
-1826
-1370
-930
-451
105
-374
-688
-247
-210
-769
-751
-420
-445
-211
969
2063
843
-131
-264
-10
-143
-573
-401
-468
-174
103
-381
-1193
-1765
-2027
-1476
-1245
-1828
-2634
-2805
-2805
-3844
-656
2394
3167
278
-1727
-421
290
232
1224
2965
3360
1719
1271
3577
3496
1254
243
2089
3175
3346
3509
3857
2282
-9
-371
1389
1795
1191
553
805
406
-574
-858
-934
-1818
-2508
-1935
-665
-257
-963
-1570
-1986
-2188
-1981
-860
-115
-150
-480
-261
6
-75
-189
-171
-236
227
808
1470
1227
953
1268
2202
2419
2122
1885
1815
1464
1397
2079
2176
1322
561
751
823
411
149
394
358
107
235
504
20
-606
-731
-615
-622
-410
-500
-598
-884
-1188
-1503
-1318
-1097
-1646
-1622
-731
-967
-1145
-713
-389
-1098
-1299
-1135
-1542
-1632
-1142
-1119
-1361
-1317
-1615
-1688
-1554
-1516
-1876
-1886
-1825
-1776
-1732
-1940
-2026
-2334
-2413
-2616
-2229
-3237
-3500
-5056
-2084
3803
6469
4725
-1013
-1200
739
1991
2362
4555
6002
4546
1823
4159
5732
3422
-180
1191
4205
5341
4543
4314
3289
51
-2273
-93
2688
2239
51
-504
294
-664
-1903
-1833
-1716
-2968
-3129
-1364
338
-764
-2692
-3367
-2788
-2373
-1228
34
255
-906
-1363
-641
527
644
346
390
990
1417
1901
2145
1781
883
1024
1680
4943
5812
4277
1602
679
1875
2017
2473
2813
2260
590
-147
903
1034
-1100
-2186
-666
722
300
542
244
-1428
-2868
-1848
-5
188
-692
-839
-906
-1168
-1378
-1080
-931
-1362
-1819
-656
724
385
-1210
-1542
-434
123
492
864
231
-1682
-2568
-1986
-1920
-2499
-2794
-2751
-2892
-3317
-3115
-3602
-4083
-5181
-4754
-4294
-3447
-5173
-5414
-8052
-3360
3926
7314
3991
-4102
-2975
288
2843
2714
5220
7011
4717
1204
5079
7418
4592
-735
1852
6167
7851
5866
4837
3632
-149
-2329
1052
4723
3871
-190
-1054
268
-293
-2029
-2165
-1549
-2903
-3305
-1116
840
-1031
-4086
-4354
-2481
-1193
-393
151
50
-1384
-2089
-718
1350
1549
443
246
1375
2133
1927
2047
1589
1242
921
4358
6953
5223
1874
155
2210
2659
2892
3357
3075
1175
-650
243
1438
-345
-2263
-1330
956
652
-155
-287
-1225
-3159
-2903
-436
514
-815
-1854
-1787
-1269
-1441
-1432
-941
-605
-981
-967
126
524
-787
-1710
-405
1204
1217
771
442
-642
-2025
-1936
-691
-421
-1352
-2184
-2435
-2368
-3486
-3924
-3928
-3099
-3739
-3721
-4111
-4412
-7754
-6920
2893
7880
5884
-4367
-5271
-1018
2610
2497
4239
6859
5704
428
2261
6275
5440
-978
-984
4995
8222
5762
2705
2308
-360
-3037
-738
4249
5091
346
-2991
-1037
-17
-1323
-3042
-1918
-1853
-2707
-2254
174
-369
-3855
-5404
-2630
90
672
-334
-629
-1176
-1877
-941
1521
2651
1479
-58
1054
2483
2714
1845
1757
1978
2401
2791
6512
6815
3589
223
1384
4196
3762
2581
2491
1700
-22
-544
1145
1294
-1482
-2762
-266
1400
27
-972
-1169
-1771
-2272
-1111
400
-375
-2276
-2666
-1523
-264
-445
-1061
-1015
-809
-1067
-549
641
507
-751
-383
1511
2126
740
-426
-879
-1190
-996
-38
166
-1032
-2658
-3133
-2983
-2642
-3293
-3700
-3908
-3816
-4620
-4985
-6078
-7529
1620
8423
9214
-2726
-7647
-2017
3564
3674
3602
7255
7773
1016
16
5379
7536
1660
-1354
4919
9974
7674
1596
1183
851
-1685
-1574
3703
6488
1359
-4981
-3256
-278
-888
-3992
-3018
-1827
-3008
-4227
-2180
-988
-3657
-6309
-3662
276
931
-1730
-2577
-1683
-1751
-1356
1147
3366
1626
-897
-355
2290
2938
1730
1652
2484
2880
3423
5174
5662
3463
563
1336
4251
4760
2835
1234
821
-41
-301
784
1073
-669
-2306
-1439
238
120
-976
-1654
-1571
-1473
-1133
-787
-1088
-2136
-2768
-1782
-276
-35
-1045
-1743
-1568
-1102
-487
188
345
-164
-220
577
958
334
-760
-1284
-1058
-260
-29
-427
-1497
-2211
-2920
-2641
-2691
-2551
-3317
-3750
-4558
-4746
-6296
-6959
3379
9951
9091
-4599
-8779
-1451
5518
5344
3536
6835
7541
1106
13
5342
7757
1480
-1709
5666
11455
8257
80
-655
1029
150
-200
3923
6468
807
-6256
-3904
1014
902
-4040
-4119
-1817
-2054
-3944
-2774
-1111
-3154
-5870
-3417
821
1343
-2509
-4038
-1978
-152
103
1202
2576
1133
-1620
-827
2614
3974
2311
1116
2118
2954
3430
4816
5573
3545
162
780
4992
6296
3176
-478
-593
386
691
1075
1078
-857
-3105
-2237
659
1180
-1026
-3102
-2569
-1046
-418
-889
-1885
-2699
-2969
-1909
-149
224
-1408
-2949
-2186
-323
560
215
-368
-475
-50
656
1084
255
-1010
-1694
-1101
-271
-239
-1627
-2675
-3313
-2833
-2882
-2463
-3317
-3570
-5152
-5004
-7110
-6277
5148
11560
8618
-7686
-10119
-543
8188
6571
3170
6016
6909
216
-552
5159
8804
1568
-2119
5425
12234
8179
-1800
-2620
1484
2330
1095
3423
5641
25
-7175
-4505
2153
2787
-4048
-5731
-2469
-1083
-3354
-3465
-1647
-2469
-5245
-3679
507
1425
-3071
-4976
-1917
1528
1398
488
955
368
-1287
-404
3296
4933
2634
379
1105
3116
4598
5386
4527
2834
1519
2992
4665
3783
1369
-101
738
1807
2111
1039
-901
-2612
-2205
-22
1287
392
-1350
-2734
-2499
-1198
-397
-1142
-2400
-2761
-2209
-1326
-752
-1227
-2185
-2168
-1033
-230
-344
-876
-1166
-687
591
1377
563
-845
-1803
-1686
-951
-465
-794
-1609
-2429
-2715
-3154
-2955
-3355
-3131
-5053
-4737
-7906
-2055
8929
12927
3027
-12661
-8477
4160
11075
5411
2378
5881
4704
-1369
459
7042
8525
-775
-1317
7436
13017
4686
-4849
-2728
3659
3923
1534
2974
3967
-2793
-7407
-2299
4881
2292
-6066
-6837
-1871
128
-2879
-3522
-1916
-2618
-4904
-3083
931
627
-4198
-4915
-695
2976
1376
-856
-1007
-337
-294
1332
4102
4457
1166
-908
674
3998
5537
4850
4274
2923
1371
1691
3539
4370
2029
110
797
2232
1797
-383
-1796
-1782
-635
513
920
-58
-2000
-3109
-2360
-536
115
-1326
-2997
-3383
-2349
-1457
-1218
-1313
-1708
-1857
-1596
-1056
-807
-1006
-673
193
860
541
-691
-1809
-2056
-1353
-344
-214
-958
-2496
-3310
-3628
-2670
-2943
-2776
-4611
-4257
-7809
-1725
9362
13434
2687
-13697
-8972
5050
12967
5961
1137
4528
4806
-666
391
6531
8835
-521
-1670
6863
13204
5156
-5814
-4113
3969
5800
2167
1366
2555
-2237
-6442
-2476
4508
2741
-6141
-7906
-2391
1719
-1344
-4069
-3326
-2467
-3483
-2906
-27
479
-3433
-4721
-1230
3139
1870
-1432
-2188
-566
1195
2338
3435
3159
526
-731
710
4224
5617
4740
2885
2377
2059
2737
3274
3008
1892
965
1575
1998
1151
-550
-1591
-888
461
1273
468
-1224
-2159
-2067
-946
-125
-215
-1574
-3060
-3055
-1879
-981
-1025
-1740
-2032
-1827
-1374
-1225
-1285
-1125
-532
373
665
-147
-1414
-1922
-1598
-552
-205
-767
-2250
-3118
-3400
-2802
-2792
-2793
-3762
-4679
-6202
-7443
4355
12835
11436
-7389
-15291
-3028
11911
11926
1443
533
5514
3244
-835
2141
8722
5485
-2970
1044
10887
12474
-994
-7896
-1028
7488
5710
493
602
1187
-3524
-4885
586
5409
-976
-8360
-6665
988
2672
-2648
-5585
-3922
-2151
-2438
-1864
226
-904
-4073
-3898
396
3082
315
-2651
-2232
832
2860
2766
2028
618
-214
141
2698
5242
5699
3519
1572
1770
2390
2966
2427
2764
2627
1943
939
267
16
-484
-581
443
1176
704
-1238
-2028
-1701
-723
-258
-337
-1094
-2217
-3029
-2593
-1566
-528
-853
-1770
-2344
-2127
-1723
-1418
-767
-126
238
-35
-833
-1492
-1510
-1044
-468
-565
-890
-2099
-2685
-3325
-2860
-3151
-2787
-4404
-4555
-7590
-5043
7662
14127
7197
-12862
-13948
1763
14976
9491
-1073
931
6157
2737
-842
2937
9545
3752
-2706
2858
12473
10084
-4351
-8053
1828
9656
5195
-1286
-437
598
-3009
-3826
1569
4476
-2954
-8826
-5395
2474
2440
-3863
-6578
-3861
-1074
-1364
-1773
-728
-1762
-3570
-2996
849
2395
-390
-2923
-1817
1858
3642
2553
485
-629
-48
1772
3768
5488
5415
2550
-43
1060
3868
4593
2141
1145
2016
2429
1015
-372
-127
-75
-194
357
1008
232
-2057
-2718
-1314
445
433
-1370
-2864
-3046
-2196
-1447
-982
-778
-1522
-2554
-2586
-1656
-1179
-1305
-962
-165
186
-320
-1515
-2029
-1670
-606
-543
-971
-1848
-2477
-3320
-3120
-2866
-2685
-3933
-4982
-6459
-6744
5555
13619
10246
-10002
-16898
-2020
14602
13273
15
-2001
4787
4541
-334
565
7936
6711
-1606
429
9702
12387
-1129
-9286
-1827
9615
8429
-186
-2532
247
-1165
-3419
-939
3969
-292
-7411
-7250
570
3974
-1898
-7276
-5842
-1084
207
-1412
-1733
-1738
-2823
-3176
-773
2020
636
-2067
-2488
899
3532
3009
446
-1078
-310
2119
3670
5041
4802
2792
207
820
4175
4957
2546
326
1426
2779
1829
82
-501
104
47
111
610
75
-1309
-2212
-1229
344
461
-1274
-3259
-3346
-1869
-813
-925
-1380
-1782
-2414
-2475
-1748
-1149
-1289
-1231
-312
354
-58
-1179
-1948
-1640
-456
-405
-1062
-2117
-2306
-2808
-2760
-2880
-2840
-4100
-5048
-6626
-6447
6310
14459
10194
-11105
-17827
-1972
15729
13797
-431
-2636
4758
4962
-494
8
7918
7420
-947
172
9319
12305
-1191
-9737
-1848
10483
9127
-645
-3702
27
-154
-2630
-1079
3572
-66
-6896
-7210
568
4325
-1607
-7632
-6343
-804
1050
-1060
-2171
-2270
-2633
-2734
-958
1521
598
-1508
-2120
695
3237
2904
467
-1281
-128
2508
4619
5785
4702
1760
-686
1243
4785
5644
2748
480
836
1804
1482
588
49
103
51
370
387
-179
-1358
-1793
-964
376
500
-1483
-3569
-3390
-1628
-243
-553
-1685
-2592
-2845
-2239
-1232
-649
-947
-1270
-1061
-388
28
-685
-1591
-1612
-735
-612
-1354
-2241
-2053
-2466
-2182
-2969
-2901
-4922
-5160
-7717
-3386
9930
15093
5215
-16193
-15158
3568
18079
10204
-2812
-1629
5590
3663
-969
1220
8986
5216
-1315
1824
10997
9827
-4569
-9055
1655
12236
7326
-2596
-3723
371
-67
-2069
149
3408
-1756
-7345
-5959
2104
3498
-3006
-8086
-5345
183
1179
-1309
-2506
-2616
-2563
-2413
-286
1490
393
-1539
-1773
1290
3185
2381
-445
-1269
714
3808
6565
6118
2416
-1061
166
4033
5600
4117
2018
1096
776
922
1600
1376
336
-238
430
1014
185
-1195
-1819
-1045
188
244
-1135
-2751
-3146
-2550
-1492
-605
-840
-2179
-3336
-2732
-1338
-695
-987
-1346
-1072
-515
-232
-635
-937
-947
-738
-998
-1170
-1836
-1997
-2490
-2030
-2510
-2881
-4554
-4638
-6612
-5475
7196
14747
9035
-12798
-17596
-505
17212
13399
-1502
-3400
4665
5037
-514
-390
7905
7460
-443
41
8630
11346
-1634
-9304
-1104
11336
9350
-1262
-4945
-443
1039
-1256
-1055
2520
-321
-5862
-6476
418
3841
-1490
-7276
-6383
-742
1553
-666
-2619
-2711
-2303
-1972
-817
899
385
-707
-1445
624
2463
2404
47
-1005
327
3695
6930
6066
1974
-1726
740
4893
6058
3653
1532
1095
815
859
1829
1779
609
-568
180
1056
596
-1048
-2040
-949
791
752
-1329
-3267
-3156
-1969
-978
-624
-1143
-2473
-3526
-2880
-1213
-181
-587
-1670
-1615
-750
-18
-495
-1141
-1116
-732
-882
-1236
-1685
-1667
-2350
-2183
-2387
-2257
-3919
-5019
-6680
-6049
7031
14906
10069
-11830
-18571
-2169
16622
14859
-418
-3916
3820
5313
-137
-952
7091
8201
381
-226
7424
11694
-357
-9071
-2215
10868
10440
-430
-5352
-955
1534
-415
-1149
2249
106
-5299
-6626
-236
4250
-524
-6884
-6918
-1100
1750
-440
-2728
-2705
-2109
-1940
-1324
524
338
-494
-1434
407
2283
2297
46
-1120
202
3968
7029
5989
1637
-1835
649
4904
6373
4132
1701
770
605
1052
2233
2085
729
-567
21
982
700
-831
-1865
-1102
708
899
-1066
-3329
-3335
-1963
-762
-504
-1113
-2478
-3440
-2896
-1238
-246
-704
-1698
-1672
-771
35
-403
-1026
-1121
-777
-1099
-1533
-1642
-1313
-1971
-2374
-3091
-2706
-3964
-4434
-7157
-4873
8364
15158
7623
-14203
-17061
878
17654
12388
-2082
-3148
4677
4507
-1054
-255
8313
7473
-288
-121
8223
10664
-1949
-8828
-450
11603
9063
-1912
-5308
-269
1712
-643
-974
2252
-497
-5607
-6167
621
3972
-1345
-7216
-6244
-352
1889
-873
-3112
-2743
-1829
-1693
-1225
268
178
-552
-1394
471
2264
1850
-508
-1224
681
4922
6941
4928
369
-1817
1680
5617
5972
3029
923
719
868
1619
2408
1904
123
-863
406
1362
741
-1236
-1949
-635
915
608
-1588
-3407
-3033
-1674
-609
-580
-1445
-3070
-3724
-2582
-842
-253
-1285
-2206
-1742
-552
85
-323
-1184
-1439
-1493
-1217
-1431
-1330
-1908
-2052
-2935
-3013
-3598
-4206
-5965
-7268
4953
14641
11939
-9607
-19701
-4259
15938
16105
53
-4944
3451
6232
-71
-2113
6237
9650
1177
-1712
5359
12178
1833
-9022
-4022
10002
11577
249
-6177
-1432
2263
-39
-2068
1463
1270
-4274
-6979
-1841
4088
600
-6403
-7676
-1754
2159
142
-3009
-3174
-2088
-1662
-1654
-95
338
-220
-1454
-374
1896
2330
198
-1598
-370
3618
7080
5999
1636
-1705
-24
4899
6923
4781
1130
-310
489
1794
3120
2689
656
-1169
-664
1038
1261
-143
-1688
-1442
153
637
-661
-2726
-3434
-2499
-1104
-506
-1220
-2685
-3662
-2961
-1281
-315
-1013
-2185
-2205
-1191
-236
66
-625
-1404
-1960
-1685
-1365
-1062
-1772
-2197
-2908
-2770
-3626
-4227
-6522
-6370
7220
15590
10086
-12856
-19359
-943
18532
14809
-2456
-4850
4953
6518
-1052
-2081
7698
9542
17
-2105
6593
12610
56
-10051
-2735
11875
10998
-1986
-7067
-397
3066
-495
-2549
1884
968
-5071
-7430
-774
5016
-55
-7613
-7882
-1039
2293
-580
-3394
-2776
-1701
-1963
-1951
15
426
-422
-1811
-60
2239
2299
-89
-1565
34
3303
6006
6022
2328
-1269
-982
4056
7675
5695
1146
-1413
161
2218
3369
2956
998
-747
-1347
20
1180
641
-881
-1667
-516
431
-428
-2693
-3800
-2564
-723
-229
-1407
-3080
-3790
-3220
-1420
-213
-609
-2045
-2726
-1705
-334
340
-646
-1756
-2211
-1768
-1499
-1390
-1906
-2104
-3026
-3128
-4332
-4313
-7014
-5058
8865
16070
7893
-15580
-18682
1673
20121
13387
-3827
-4551
5584
5834
-1702
-1273
9114
9027
-827
-2486
7317
12316
-1056
-10213
-1702
12454
10110
-3012
-6974
-105
2870
-992
-2395
2149
542
-5656
-7781
-330
5227
-289
-8062
-7895
-939
2135
-893
-3263
-2637
-1840
-2514
-2243
93
529
-601
-2037
-39
2352
2200
-318
-1648
227
3400
5563
6037
2985
-1008
-1436
3439
7503
5795
1517
-971
-51
1452
2757
3032
1556
-534
-1408
-380
890
545
-586
-1294
-725
-73
-555
-2401
-3520
-2727
-1141
-434
-1120
-2735
-3894
-3734
-1887
-364
-524
-1797
-2579
-2137
-1068
-4
-248
-1313
-2265
-2076
-1819
-1602
-2054
-2132
-3213
-3195
-4653
-4593
-7672
-3379
10776
16018
4572
-18506
-16867
5299
21059
10576
-5229
-2941
6663
4473
-2865
210
11097
7923
-2287
-2170
9167
11700
-3103
-10148
419
13308
8136
-4750
-6141
1183
2489
-2222
-2186
2966
157
-6821
-8225
627
5403
-1028
-8608
-7402
-421
1638
-1679
-3043
-1801
-1506
-3205
-2531
536
1278
-578
-2342
124
2796
2200
-576
-1673
675
3569
5277
5605
3363
-275
-1471
2681
7119
6330
1532
-1353
-10
2074
2809
2429
1397
-232
-1605
-891
696
1019
-308
-1639
-1227
-270
-547
-2427
-3601
-2706
-1054
-550
-1426
-2513
-3395
-3569
-2310
-587
-166
-1414
-2589
-2375
-1100
-92
-332
-1387
-2201
-2166
-2085
-1827
-2022
-2007
-3178
-3672
-5113
-5076
-8284
-188
13392
15805
-925
-21410
-12933
10697
21425
6375
-6063
-333
7408
2097
-3566
3502
13038
5332
-4450
-880
12061
10004
-5822
-9349
3869
13565
4697
-6269
-3964
2535
945
-3763
-694
3933
-1459
-8867
-7582
2816
5114
-2782
-9196
-6052
-68
302
-2309
-1944
-999
-2266
-4264
-1986
1374
1462
-1138
-2170
848
3023
2019
-535
-1079
1176
3417
4995
5624
4116
251
-2196
2005
7797
7916
1696
-2616
-866
2412
3287
2411
1381
-310
-2365
-1809
589
1912
162
-2147
-2317
-721
44
-1761
-3808
-3202
-1107
-243
-1433
-2679
-3304
-3418
-2463
-750
188
-913
-2486
-2798
-1421
207
467
-920
-2394
-2763
-2387
-1942
-1668
-1683
-3377
-4561
-5977
-4979
-7656
1217
13817
15382
-2399
-21720
-11808
11784
21088
5597
-5487
694
7175
978
-3673
4792
13766
4613
-4926
-500
12650
9305
-6229
-8748
4673
12838
3473
-6025
-2846
2734
-175
-4572
-64
4469
-1724
-9518
-7746
3012
4924
-2736
-8797
-5822
-646
-595
-2334
-1031
-249
-2408
-4885
-2216
1590
2061
-814
-2022
771
2900
2143
-98
-612
1226
3035
4733
5843
4975
1031
-1550
1050
6119
7616
3114
-966
-1248
981
2423
2517
1926
184
-2159
-2514
-372
1810
939
-1216
-2504
-1539
-634
-1511
-2870
-2898
-1558
-809
-1286
-1976
-2818
-3274
-2953
-1383
14
-135
-1448
-2418
-1960
-631
185
-137
-1470
-2422
-2948
-2366
-1804
-1565
-3139
-4184
-5959
-5383
-8373
-1670
12568
16811
2131
-20521
-15785
7340
21197
9238
-3924
-366
6464
1611
-3684
3531
13989
6556
-4648
-2241
11581
11963
-3691
-9578
1687
12140
5504
-4402
-2886
2141
-376
-5227
-1139
5122
139
-8810
-9678
588
5057
-895
-7526
-6509
-2043
-1358
-2415
-593
594
-1584
-5021
-3371
1009
2652
326
-1838
12
2384
2768
1176
2
873
2209
4310
6591
6191
2021
-1750
457
5499
7105
3540
-64
-569
386
1365
2177
2146
446
-2194
-2400
-400
1390
655
-1360
-2323
-1542
-748
-1640
-2816
-2787
-1923
-1290
-1262
-1217
-2044
-3307
-3364
-1734
-31
289
-614
-1592
-1696
-1024
-418
-367
-1172
-1811
-2606
-2265
-2164
-1875
-3335
-4058
-5667
-5362
-8733
-3541
11610
17953
5380
-19128
-18148
4116
20447
11335
-1747
137
5963
630
-4579
3370
15304
8010
-5119
-3889
10832
13649
-1790
-9548
-6
10513
5297
-3286
-1424
2945
-1309
-7144
-2301
5990
1786
-8226
-10733
-930
4451
-283
-6218
-5727
-2614
-2710
-3239
-52
2003
-642
-5259
-4153
489
2864
1396
-856
117
1722
2300
1777
1370
1626
1728
4088
6686
6356
2007
-922
1341
4676
5697
3652
1631
-30
-1046
-164
1733
2492
756
-1984
-2616
-1289
524
364
-806
-1654
-1570
-1569
-2181
-2394
-2141
-1989
-1765
-1467
-1099
-1822
-2640
-2772
-1907
-684
166
251
-624
-1478
-1578
-922
-333
-370
-1485
-2722
-3170
-2633
-2520
-3018
-4061
-5628
-6855
-9746
2266
15564
16663
-4159
-21900
-11351
11142
18619
6081
-763
3767
3937
-3494
-2880
10126
15201
1723
-6798
1104
14691
8772
-5493
-6722
4312
8057
780
-2032
2971
2075
-5875
-8205
1574
6200
-1416
-10127
-7840
1037
1985
-2769
-5214
-3445
-3136
-4743
-2714
2110
2450
-2395
-5905
-2598
1637
2946
885
-46
1010
1600
1809
1961
2601
2259
2532
4785
6410
4781
1043
695
2991
4779
4107
2407
1115
-288
-1021
-45
1407
1729
-232
-2229
-2493
-975
51
-343
-1059
-1440
-1500
-2128
-2587
-2135
-1776
-1653
-1737
-1497
-1416
-1936
-2248
-2060
-1302
-634
73
308
-280
-981
-1590
-1287
-761
-823
-1953
-2881
-3168
-2597
-3502
-3826
-5755
-5860
-9963
-3134
11892
18335
5011
-18009
-16775
3278
17617
10619
1795
3881
5407
-2425
-5244
5680
16563
6952
-5021
-2662
11237
11988
-1330
-6631
1083
6642
1386
-2073
3155
4321
-3995
-9983
-2867
5596
1434
-7088
-8850
-1764
755
-2294
-4080
-2541
-2603
-5221
-4786
796
3493
234
-4678
-3819
16
2424
2020
1149
1645
1414
1182
1764
3042
3603
2495
3474
5558
5918
3060
1181
2420
3771
3426
2193
1913
1245
-516
-1220
-515
956
722
-1050
-2318
-2001
-798
-451
-783
-893
-1100
-1905
-2898
-2403
-1456
-1234
-1560
-1573
-1206
-1547
-1804
-1615
-1125
-741
-478
175
466
163
-921
-1745
-1629
-948
-1449
-2137
-3233
-2931
-3914
-4279
-5756
-5568
-9427
-6446
8581
18284
10626
-13034
-18572
-2418
14341
12206
4446
5506
7314
-1296
-6897
2133
16198
10611
-2700
-3970
8621
13168
1471
-5924
-436
5490
1364
-2500
3034
6416
-1725
-10812
-6574
3754
2818
-4905
-8568
-3147
-464
-3219
-4389
-1804
-1244
-4980
-6643
-1118
3640
2299
-3286
-4020
-753
1767
2068
1764
2666
2545
1138
1227
2640
4487
3572
3341
5078
5891
4076
1299
1489
2826
3478
2828
1826
1034
-599
-1434
-1260
-260
509
-555
-1712
-2323
-1621
-1025
-1143
-1124
-1167
-1506
-2296
-2451
-1700
-1420
-1199
-1262
-1097
-1363
-1590
-1447
-1081
-612
-303
-33
86
-195
-752
-1763
-1950
-1737
-1936
-2426
-3188
-3409
-4641
-5202
-6637
-6590
-10622
-3275
11944
19237
5964
-16188
-16005
1731
14406
9459
4896
8678
7589
-3191
-6956
5182
16482
7215
-3914
-860
12398
11467
-1625
-6031
1035
4223
-1398
-2187
5956
6497
-4677
-13002
-5568
3575
927
-6391
-7064
-1494
-1579
-5251
-4575
-629
-1027
-6196
-6628
288
4600
1839
-3435
-2993
92
1923
1879
2875
4198
3183
952
1319
3325
5021
3294
2981
5039
6286
4121
1375
1844
2825
1947
509
1007
1901
217
-1806
-2115
-1065
-801
-1811
-1923
-1441
-949
-1298
-1657
-1283
-938
-1599
-2633
-2289
-1093
-663
-1007
-1123
-623
-1034
-1639
-1385
-531
-62
-112
-266
-46
-34
-486
-1828
-2516
-2789
-2361
-3026
-3346
-3902
-4672
-6545
-7673
-8911
-10296
2709
16153
17901
-2259
-17911
-10302
6988
12189
6534
7464
12163
5353
-5550
-4285
10347
13428
1245
-3761
5775
15593
6805
-5088
-4218
2117
388
-4231
1226
9410
3603
-9509
-12813
-2387
1866
-3165
-7468
-3778
-253
-3700
-6377
-2867
-124
-3275
-7977
-4126
3192
5198
570
-2618
-1240
222
942
2219
4952
5660
2993
1293
2388
4287
4206
2136
2569
5355
6812
4268
1000
930
1761
1014
-376
573
1609
-257
-2689
-2584
-782
-1236
-3099
-3014
-1275
-354
-1035
-1302
-920
-1087
-2066
-2546
-1420
-103
21
-822
-900
-215
-672
-1616
-1490
-504
25
-262
-92
176
-338
-1312
-2461
-2933
-3417
-3280
-3458
-3320
-4523
-5538
-7887
-7956
-11632
-6906
8734
19740
12665
-9874
-15760
-2925
9647
7658
5489
12279
13567
1773
-6138
1588
13079
5758
-3669
211
14087
14651
487
-6156
-1286
337
-5107
-4576
6817
9373
-2180
-12920
-8387
-317
-2875
-8014
-6297
-90
-864
-5702
-4568
-381
-1447
-7289
-7522
460
5530
3792
-110
338
892
-325
-127
3495
6785
5515
2627
3146
4596
4594
1919
945
3377
6091
5804
3036
1604
1273
-480
-2090
-1267
1294
799
-1812
-2860
-1721
-1163
-2909
-3596
-2283
-1109
-819
-693
264
93
-1566
-2939
-2409
-515
572
348
129
357
-35
-1314
-1639
-984
-597
-664
-218
755
338
-1365
-3123
-3719
-4047
-4071
-4316
-3769
-4523
-4987
-7950
-8573
-12244
-8895
6584
18815
15348
-5428
-13525
-3944
7003
5900
4576
12854
16331
5509
-3512
1010
11178
4603
-4306
-27
13896
15965
2541
-5084
-1701
-1214
-6899
-6818
4834
8764
-1301
-11264
-7510
-677
-4602
-10635
-8508
-1262
-416
-4438
-2859
898
-1219
-8004
-8747
-475
5465
4533
1714
2850
3547
1051
-370
2172
5576
5494
3871
5266
6539
5510
1849
95
1885
4381
4909
3740
2837
1599
-1027
-3348
-3120
-1096
-1075
-2273
-2170
-967
-1033
-2929
-3716
-2815
-2308
-1939
-446
1709
1882
-96
-1982
-2078
-1235
-653
148
1172
1987
1325
-381
-1342
-1441
-1476
-1544
-653
431
499
-1061
-2618
-4286
-5475
-6199
-5455
-5086
-4838
-6000
-7460
-10161
-13008
-1101
13641
19210
3688
-10224
-6933
4244
6251
2740
8950
17335
12247
948
-964
8794
7848
-2258
-3509
7919
16347
7829
-2499
-2424
-170
-4691
-9391
-2452
5242
1571
-7347
-8067
-1252
-2442
-9503
-11974
-6740
-2209
-2831
-1941
1581
1335
-4093
-8186
-4460
1676
4427
3514
3850
5148
4514
2755
2335
3272
3774
3230
4604
6651
7379
5070
1836
586
1815
2834
2287
1581
1209
135
-1737
-2821
-2160
-2263
-3627
-4076
-2608
-900
-1036
-2084
-2445
-2202
-1571
-1000
-261
631
1270
814
-211
-510
-128
184
-211
-49
983
1307
459
-825
-1745
-1778
-1274
-860
-903
-1571
-2258
-3791
-4863
-5972
-5849
-6579
-6429
-7339
-7249
-10248
-11276
517
13165
18391
4658
-8026
-5746
3266
5279
3445
8400
16879
14977
5225
-411
5263
5908
154
-2669
4828
14023
9966
-352
-4201
-1885
-1702
-7465
-7499
-1759
1497
-2783
-6244
-3516
-1731
-6065
-12499
-11878
-4835
-979
-37
-355
949
691
-2803
-4681
-2427
1737
3939
4001
5047
6947
7500
4490
1599
1031
2560
4567
5109
5630
5697
4560
3069
1739
1046
476
-568
-1484
-1154
-340
-102
-893
-2670
-3839
-4186
-4162
-3457
-2400
-920
-105
-263
-514
-356
-435
-751
-900
-24
1248
1533
990
697
405
243
-216
-637
-603
-721
-1022
-1014
-693
-338
-1173
-2723
-4153
-4621
-5110
-5472
-5678
-5706
-5856
-7380
-8785
-12216
-5887
4751
15599
14825
1651
-5459
-3031
1832
3513
3360
9854
16204
14443
5902
1480
2766
3251
1109
-820
3923
9313
7858
2285
-2372
-1921
-2028
-5048
-7340
-6168
-2805
-2046
-2128
-2218
-2863
-4789
-8432
-9705
-8431
-5060
-1089
1289
2187
1671
732
-723
-2108
-1951
-168
3156
5846
7393
7154
5695
4246
2523
1907
2202
3306
4288
3688
3245
3894
4856
4057
1275
-1486
-2954
-3183
-2873
-1515
-214
464
-216
-2037
-3644
-4525
-4316
-3425
-1938
-451
1093
1662
1098
140
-882
-1201
-1089
-852
-341
503
1605
2197
1923
707
-715
-1973
-2674
-2465
-1458
-11
465
-261
-1867
-3375
-4852
-5909
-6776
-6603
-6202
-5963
-6713
-8998
-5559
2027
11914
13368
5842
-2177
-3624
-2336
-45
2395
8949
15551
14714
7951
2023
435
1502
1316
621
2564
6369
6859
4527
512
-1136
-1274
-3140
-5208
-5908
-5385
-3788
-2721
-1612
-582
-1115
-3592
-7017
-9728
-9281
-5423
-853
2466
3845
2961
1189
-1433
-2822
-1780
740
3323
5016
5460
5472
5238
4795
3998
3014
2154
1665
1212
1311
2377
4006
5196
4850
2796
-200
-2906
-4133
-3822
-2422
-660
633
872
-103
-1762
-3345
-4101
-3873
-2840
-1609
-265
981
1630
1413
648
-45
-621
-1337
-1743
-1221
97
1456
2141
2155
1293
-358
-2349
-3354
-3010
-1553
-309
155
-410
-1698
-3727
-5476
-6805
-6856
-6587
-6316
-7141
-8732
-5864
1501
10573
13517
7810
1511
-2194
-3619
-3172
-689
7681
14677
14911
9682
4584
2852
2148
144
-904
960
3927
4559
3514
1683
1563
1009
-1589
-4027
-6235
-7241
-7344
-6604
-3448
57
1861
425
-3657
-7951
-9699
-8077
-4337
-201
2331
3383
3269
1813
752
653
1159
1934
1932
2210
3292
4617
5876
6343
6066
5048
3317
919
-943
-1224
165
2765
4648
4922
3073
-136
-2757
-4240
-4377
-3281
-1696
-179
-77
-760
-1211
-1334
-1344
-1574
-1701
-1675
-1391
-690
282
1345
2134
2314
1490
133
-945
-1348
-1086
-396
603
1296
784
-630
-1720
-1889
-1626
-1586
-1754
-2290
-3471
-4793
-5495
-5417
-5074
-4886
-5831
-7113
-9958
-9362
-3107
6903
14600
12679
7012
2686
-365
-1737
-2772
2763
10978
13465
10472
6457
6445
7300
4678
980
-180
782
-133
-1801
-2054
1013
3976
2525
-534
-3985
-6979
-9465
-11358
-8908
-4120
-375
571
-1482
-3861
-5209
-4754
-3378
-1841
-948
-624
95
961
3064
5841
7391
7002
4620
2414
1501
1547
2666
4385
6126
6793
5875
3936
1641
264
-363
-118
293
211
-339
-1590
-2073
-1795
-1281
-1015
-1712
-2726
-3874
-3995
-3015
-1437
295
1293
1658
1142
507
335
449
894
1127
1115
817
417
569
1083
1534
1517
771
-648
-2400
-3647
-3677
-2725
-1605
-1255
-1519
-2648
-4073
-5742
-6838
-7194
-6901
-7485
-8120
-9937
-10073
-4514
4918
14648
15565
9848
5189
1473
-142
-1689
1303
9490
12966
10767
7035
7480
10150
8323
3337
-503
-1063
-2443
-4839
-5313
-1565
3463
3222
98
-3098
-5946
-8858
-12240
-11365
-7048
-3463
-2440
-3351
-3076
-2017
-632
315
328
-300
-1722
-2082
-863
2394
6772
9350
9536
7647
5483
3823
2604
2556
2893
3451
3603
3065
2510
2056
2394
2292
1185
-585
-2557
-3907
-4920
-4923
-3597
-1895
-610
-610
-1322
-1972
-2193
-1972
-1606
-1179
-661
179
931
1891
3260
4050
3828
2626
1093
59
-769
-881
-323
571
1105
797
-145
-1484
-2627
-3429
-3757
-4044
-4461
-5007
-5296
-5201
-5011
-5081
-5700
-6571
-8064
-9491
-12143
-10354
-2338
8915
16621
14078
10197
7874
5687
3247
495
4836
9577
8348
5176
5134
10831
13174
9330
3908
1216
-926
-6108
-9564
-8263
-2746
60
-1711
-2328
-2331
-3201
-7147
-10332
-8929
-7164
-7150
-8260
-6984
-2964
590
3102
4269
4777
3553
792
-1028
-399
2885
5735
6854
7221
7761
8369
7690
6520
5333
3824
1650
-1172
-2642
-2317
-804
726
1181
1206
457
-1358
-3749
-5344
-5269
-4895
-5021
-4582
-2709
-482
1187
2083
2459
1952
411
-629
-612
157
1343
2508
3360
3809
3899
3573
2564
1152
-48
-1062
-2146
-2853
-3169
-3238
-3177
-3028
-2761
-2715
-3322
-4410
-5730
-6614
-6971
-6892
-7368
-7765
-8135
-7977
-9797
-9348
-2414
8144
16589
14511
9825
8740
7956
6481
2872
5512
10056
7968
3764
3567
10427
13488
8703
2725
864
4
-5580
-9977
-8976
-4142
-3180
-6543
-5588
-2211
-1446
-5966
-9457
-7131
-5454
-7464
-10001
-7571
-2369
132
1267
3538
6959
7113
4114
2304
3137
4903
4451
3654
5100
7151
7716
6515
6357
6885
5640
2488
-1110
-2951
-3945
-4529
-3903
-2577
-1064
-895
-1738
-2300
-2311
-2046
-3085
-4760
-5195
-3993
-2055
-187
1940
3750
4129
3261
2445
2371
2236
1862
1577
1517
1844
2118
2273
2310
2200
1779
460
-1269
-2720
-3636
-4676
-5630
-5840
-5431
-4814
-4519
-4008
-3865
-4227
-5245
-6176
-7090
-7631
-8865
-9666
-11412
-10610
-2799
7908
17175
16802
13006
12428
10711
8344
4156
5321
7801
3848
86
2301
10596
13250
8576
4109
2987
1007
-6783
-11414
-10106
-7018
-8170
-11137
-7094
-1594
-805
-4295
-4944
-2051
-3850
-9167
-10885
-6128
-1868
-2199
-1151
3828
9138
9439
7527
7936
8351
5887
1928
1565
4273
4926
3329
3041
5848
7551
5675
2906
1151
-882
-4824
-7744
-7315
-5596
-4921
-4722
-2814
-310
848
471
-165
-608
-1880
-3378
-3836
-2252
494
2244
3295
4362
5400
5508
4687
4184
3550
1914
-307
-1202
-580
-33
-59
-68
271
37
-1054
-2208
-3422
-4828
-6571
-7752
-7792
-6925
-5648
-4828
-3758
-3023
-2911
-3924
-5012
-6495
-8140
-11123
-12294
-5305
5579
15110
16109
14048
16074
15390
12191
7385
7185
7295
447
-4214
-1176
6786
8174
4929
4899
6441
3676
-5611
-9357
-7761
-7829
-12248
-15298
-9864
-4848
-4522
-4559
-276
3437
-698
-5903
-5496
-1885
-2731
-5752
-2971
3081
6451
6036
7610
11633
12125
8772
5621
5307
4013
-98
-2066
103
2774
2078
850
2091
3112
924
-2548
-3769
-4295
-6514
-8703
-7973
-5177
-3496
-2363
415
3383
4065
2377
1614
2279
1789
47
-876
295
1550
2064
3089
4983
6129
4915
3261
2553
1877
-251
-3017
-3859
-3554
-3592
-3928
-3078
-1692
-1799
-3088
-4079
-4390
-5178
-6508
-6962
-6424
-5703
-5562
-4833
-3621
-2837
-3481
-4954
-6649
-9254
-5425
2974
11718
14392
11551
13929
15326
13479
9494
8675
9762
3296
-3006
-3274
2387
3277
413
2069
4634
3594
-4535
-7515
-4431
-4300
-9237
-14118
-10857
-7736
-8141
-7297
-1608
3526
604
-2795
-1351
1614
140
-2651
21
3451
3313
1417
3992
9730
11342
9252
7361
7329
5368
1373
35
1093
605
-2690
-3871
-1806
-317
-988
-1786
-903
-1556
-4381
-6032
-4818
-3006
-3460
-3818
-1885
729
1811
2167
4143
5665
4560
2172
1540
2439
1719
510
967
2424
2677
1942
2345
3519
3280
1057
-1104
-2354
-3450
-4666
-5323
-4460
-3916
-4469
-4814
-4056
-3079
-3199
-3706
-3718
-3910
-4724
-5324
-4896
-4348
-4565
-5276
-6023
-6455
-8730
-4860
4355
12918
15305
11747
13749
15397
13203
8633
7465
8949
2690
-3318
-3995
1626
2846
192
2213
4269
3015
-4765
-7019
-3535
-3647
-8729
-13849
-10833
-8135
-8305
-6888
-1206
3719
1333
-1098
-20
2437
1308
-720
1014
2208
1451
563
4021
9097
10129
8526
7244
7203
5368
2339
1015
655
-938
-3989
-4848
-3658
-2572
-1865
-1340
-635
-1802
-3532
-3911
-3009
-2134
-2657
-2625
-1585
-214
898
2041
4295
5419
4792
3556
3077
2909
1671
855
676
784
248
291
1644
2635
2587
1109
-121
-1204
-2809
-4280
-5005
-4756
-5057
-5532
-5305
-4413
-3395
-3051
-2588
-2430
-2609
-3305
-3588
-3682
-3985
-5002
-5682
-6471
-6851
-8605
-7835
418
9251
14610
12883
13056
16404
14710
10748
7258
8394
4662
-2504
-5053
-2283
1248
-631
991
3890
3838
-1209
-5398
-2256
-1905
-6313
-12286
-12000
-8888
-9795
-9157
-4522
1813
2031
-278
1275
4074
4179
1147
1036
1904
354
-1129
675
5636
7688
7159
7252
8340
7563
4247
2669
2432
682
-3563
-6238
-5454
-4429
-3903
-3217
-1544
-961
-1913
-1741
-429
393
-948
-2073
-1649
-1091
-1081
-606
2002
3905
3869
3463
3969
4683
3661
2339
1457
664
-465
-1289
-733
278
937
509
156
-8
-748
-1842
-2946
-3469
-4641
-6081
-6471
-5821
-4930
-4404
-3383
-2515
-2112
-2033
-1737
-1779
-2607
-4108
-5451
-7160
-8274
-10611
-9480
-895
8042
13477
12403
14282
18228
16510
12489
9015
9502
4064
-3830
-6784
-4387
-1299
-2668
185
3372
4023
195
-2279
985
-200
-5572
-11797
-11770
-10140
-12075
-11129
-6029
364
599
-236
2689
6009
6410
3601
3313
2486
-152
-2219
-1080
2946
4569
4983
6160
7956
7977
6251
5787
5087
2096
-2817
-5758
-5987
-6360
-6456
-5668
-3662
-2392
-2004
-157
1843
2686
1507
106
-427
-1372
-2117
-1820
35
1323
1541
2387
4109
5571
5235
4437
3541
1997
-15
-1652
-1644
-1574
-1867
-2227
-1890
-938
-638
-544
-776
-1276
-2825
-4829
-5834
-6190
-6069
-5927
-5225
-4325
-3435
-2362
-1468
-902
-1204
-2424
-3828
-6024
-7846
-11014
-9634
-1601
6378
10981
10087
13732
18142
17194
13975
11354
11675
5040
-2929
-6487
-4869
-3433
-5136
-1960
809
2046
-451
-286
3512
1591
-3598
-9114
-9074
-9934
-13133
-12334
-7436
-2405
-3054
-1979
2636
6814
7422
5575
6256
4921
1602
-1019
-650
1573
1556
1883
3305
5412
6164
6352
7563
7052
4130
-245
-2754
-4184
-6289
-7493
-7354
-6152
-5674
-4524
-1080
2223
3806
3276
2811
2344
823
-227
-590
-237
-873
-1206
-31
1701
3424
4174
5154
4931
3486
2099
1094
497
-1200
-2633
-3641
-3946
-3576
-2998
-1711
-1016
-937
-1805
-2651
-3311
-4191
-4843
-5245
-5260
-5506
-5336
-4121
-2790
-2024
-2032
-2223
-3184
-4877
-6968
-9555
-5587
1794
7603
8844
8300
13806
16174
14885
12222
12402
11701
3672
-2293
-4470
-2464
-3988
-5293
-2520
-1155
-839
-2884
512
3037
400
-4061
-7001
-6164
-9444
-11708
-9892
-5633
-4342
-6045
-2493
2498
5714
5397
6043
7764
5629
2647
1073
2545
2610
738
805
2176
3532
3465
4826
6814
6239
3402
626
-232
-2208
-4874
-6169
-6397
-6595
-7425
-5621
-1679
1242
2212
2421
3835
3975
2671
1659
1496
898
-1363
-2105
-1030
428
1156
2076
3686
3731
3205
2996
3020
2002
27
-1396
-2870
-4154
-4831
-4208
-3240
-3067
-3074
-2696
-2131
-2369
-2861
-2733
-2827
-3891
-5136
-5029
-4268
-4249
-4277
-4119
-4030
-5310
-6508
-8345
-5486
1824
7967
10254
8407
12288
15696
14686
11366
9993
11524
5758
-1360
-5062
-2115
-353
-3254
-3843
-2336
1232
-867
-2370
-132
1597
-813
-7830
-9200
-7861
-7451
-9117
-8863
-4547
-2693
-2304
-1598
3001
7281
6740
4773
3697
4888
3802
1488
1414
2680
2930
1015
1230
3586
5618
5585
4125
3439
2105
77
-2399
-3787
-4200
-5529
-6939
-7512
-5930
-3065
-781
712
1702
2933
3442
2892
2780
3029
2489
235
-1015
-533
230
651
1068
2344
2548
2276
2368
2623
2385
1193
-307
-2211
-3180
-3555
-3701
-3724
-3526
-3080
-3400
-3336
-2849
-2287
-2196
-2645
-3151
-3717
-3849
-3702
-3747
-3823
-3994
-4257
-5034
-5820
-6708
-8460
-4609
2520
8230
9138
8426
13545
15721
14196
10725
10751
10793
3872
-2456
-4971
-1618
-1871
-4544
-4277
-1607
1144
-1738
-1468
1190
2262
-1770
-7636
-7331
-6787
-7713
-9929
-8286
-4393
-3582
-3101
-1070
4413
7049
6001
4988
5073
5523
3055
1533
1923
2452
1324
-288
1073
3079
4543
4380
4044
3847
2434
656
-1556
-2700
-3948
-5798
-7207
-7437
-5996
-4063
-1740
450
2125
3200
3878
4284
4253
3813
2764
1139
-316
-710
-524
-215
392
1241
1558
1787
2511
2983
2719
1658
355
-1315
-2906
-3768
-4150
-4145
-4105
-3873
-3634
-3141
-2412
-2028
-1887
-2076
-2292
-2793
-3225
-3416
-3438
-3767
-4156
-4633
-4836
-5475
-5945
-7738
-7338
-1027
5351
9169
8005
10498
15110
14718
11991
9556
11667
8129
552
-4382
-3535
-807
-3945
-5021
-3352
501
-198
-2726
200
2794
1955
-4551
-7033
-5634
-6295
-8743
-9886
-5689
-3824
-4208
-3260
1283
6397
6209
5221
5225
6310
4848
1883
1878
2618
2110
-321
-552
1678
3205
3631
3488
4266
3698
1814
-7
-1163
-1960
-4204
-6180
-7154
-6610
-5596
-4270
-1705
921
2510
2957
3968
5188
5356
4098
2765
1745
543
-585
-928
-353
-30
135
426
1329
2372
2711
2376
1779
980
-609
-2090
-3100
-3476
-3871
-4449
-4369
-3741
-3015
-2622
-2163
-1690
-1515
-1857
-2258
-2136
-2234
-2702
-3559
-3890
-4207
-4733
-5503
-6081
-6963
-8315
-3829
2853
8199
8534
8732
13899
14986
13082
9678
10923
10191
2664
-3312
-4822
-1490
-3332
-5514
-4166
-773
660
-2596
-496
2940
3491
-1876
-6360
-4812
-5487
-8000
-10182
-6883
-4064
-5134
-4596
-741
5411
6207
5242
5851
6884
6044
2395
2059
2951
2202
-651
-1735
732
2104
2427
2594
4073
4456
2374
804
59
-393
-2747
-5400
-6471
-6428
-6075
-5714
-3364
-205
1889
2234
3108
5172
5997
5119
3535
2869
1729
-129
-1282
-956
-136
-326
-490
451
2014
2626
2370
2196
1850
576
-1361
-2590
-3010
-3454
-4338
-4690
-3988
-3074
-2587
-2134
-1351
-963
-1243
-1785
-1752
-1601
-2011
-2867
-3472
-3764
-4080
-4666
-4821
-5175
-5715
-7965
-6404
241
6153
8522
7274
11253
14544
13226
10189
9739
11844
6157
-1214
-4802
-2206
-1505
-5329
-5066
-2238
868
-1901
-2430
2171
4470
1476
-4815
-4557
-3638
-6047
-9242
-8315
-4127
-4786
-5813
-3507
2598
6042
4829
5160
6577
7130
4057
2092
3303
3197
663
-2210
-969
1304
1758
1668
2650
4217
3176
1392
643
661
-477
-3609
-5576
-6056
-5647
-5820
-4748
-1966
273
1512
2021
4261
5871
5985
5034
3746
3122
1192
-393
-1301
-875
-635
-1355
-1123
189
2075
2145
2136
2430
2033
505
-1362
-1744
-2281
-3227
-4333
-4513
-3859
-3441
-2973
-2413
-1245
-782
-1144
-1180
-780
-568
-1456
-2584
-2995
-3375
-3916
-4689
-4701
-5128
-5807
-7750
-7135
-1040
4777
7950
7089
9961
13978
13270
10878
9518
11486
7152
-180
-4112
-2965
-1534
-5063
-5338
-2945
286
-1015
-2277
1969
4497
2702
-3202
-4195
-2930
-5045
-8019
-8309
-4664
-4712
-5960
-3942
1348
5393
4654
4886
6300
7118
4970
2559
3377
3345
1087
-1967
-1660
532
1159
1176
1796
3554
3307
1802
1103
1100
480
-2214
-4701
-5489
-5184
-5221
-4828
-2622
-48
1029
1617
3372
5477
5867
4570
3501
2809
1664
-151
-987
-697
-582
-997
-1108
450
2095
2581
2234
2131
2112
680
-1048
-2010
-2178
-3000
-4352
-4598
-3804
-2800
-2475
-1976
-990
-385
-625
-1018
-687
-516
-1213
-2372
-3076
-3159
-3681
-4126
-4299
-4138
-4672
-5779
-7233
-4980
739
5329
7045
6677
10140
12623
11614
9696
9616
10351
5139
-743
-3130
-1513
-1835
-4964
-4423
-2222
-368
-2115
-1418
2586
3763
968
-3300
-2730
-2441
-4870
-7200
-6244
-3721
-5028
-5577
-2780
2157
4177
3268
4384
6068
6286
4042
3249
4167
3288
498
-1688
-637
595
445
450
1514
2692
1942
1061
1132
1434
251
-2397
-4005
-4377
-4468
-5025
-4344
-2092
-354
272
1125
3448
5276
5095
4078
3554
3051
1514
-73
-446
-234
-574
-1149
-767
721
1897
2045
1985
2299
1956
458
-950
-1478
-1958
-3334
-4434
-4346
-3525
-3026
-2620
-1731
-789
-359
-544
-409
35
-17
-943
-1850
-2140
-2551
-3387
-3806
-3631
-3531
-4199
-4958
-5268
-5704
-3272
1045
5018
6176
6205
9269
10978
10355
8550
8868
8705
3806
-821
-2397
-892
-2241
-4537
-3894
-1905
-711
-2306
-763
2475
3087
154
-2652
-1511
-1983
-4326
-6028
-4713
-3471
-5012
-4806
-2062
1880
2894
2612
4147
5520
5587
3876
3731
4122
2596
117
-1283
-192
159
-83
-11
1011
1707
904
858
1122
1280
-84
-2145
-3237
-3603
-3883
-4506
-3702
-1853
-432
292
1496
3707
4925
4631
4078
3930
3341
1809
395
-116
-302
-1027
-1624
-1235
22
893
1087
1456
1924
1703
575
-461
-878
-1631
-3004
-3921
-3863
-3455
-3245
-2902
-1975
-996
-498
-351
104
611
440
-298
-946
-1363
-1933
-2834
-3411
-3489
-3665
-4333
-4946
-5167
-5736
-3947
-114
3768
5344
5608
8343
10128
9766
8177
8247
8196
4114
-105
-1984
-1100
-2199
-4221
-3691
-1915
-622
-1824
-457
2373
3190
1024
-1491
-797
-1463
-3596
-5357
-4547
-3456
-4662
-4532
-2337
1065
2231
2279
3774
4993
5156
3763
3516
3679
2367
289
-1104
-490
-317
-551
-462
361
1304
1077
1013
1185
1258
242
-1452
-2404
-2975
-3299
-3974
-3324
-1582
-449
435
1351
3558
4671
4480
4187
3860
3441
1678
559
-119
-667
-1447
-2142
-1443
-503
501
764
1305
1976
1678
943
-27
-389
-1389
-2793
-3645
-3682
-3413
-3411
-2859
-1927
-892
-361
-37
686
1169
1105
370
-331
-766
-1616
-2551
-3233
-3410
-3852
-4421
-4698
-4562
-4912
-4467
-1878
1743
4195
4744
6242
8315
8927
7769
6954
7321
5538
1873
-930
-968
-908
-2473
-3263
-2244
-618
-912
-1012
898
2653
1939
-474
-1008
-751
-1955
-3763
-4135
-3136
-3482
-4199
-3216
-517
1454
1708
2389
3703
4361
3725
3084
3227
2719
1121
-485
-692
-230
-305
-464
-111
644
759
630
797
1108
644
-577
-1582
-2168
-2356
-2867
-3195
-2412
-1089
-23
682
2019
3636
4213
3947
3773
3816
2965
1472
421
-43
-716
-1575
-1848
-1390
-526
-105
192
859
1387
1259
464
-28
-295
-1113
-2360
-3036
-2856
-2820
-2775
-2317
-1425
-576
-175
182
777
1295
1186
595
27
-450
-1166
-2047
-2618
-2910
-3321
-3791
-4129
-4015
-4100
-4710
-3771
-1179
1759
3036
3616
5681
7386
7458
6500
6609
6853
4541
1461
-109
83
-825
-2401
-2462
-1445
-697
-1305
-500
1507
2393
1265
-207
18
-215
-1626
-3111
-2969
-2604
-3447
-3697
-2454
-431
523
963
1925
3062
3545
3116
3116
3223
2429
1066
-74
-53
-97
-514
-711
-289
277
241
352
708
1101
656
-312
-975
-1313
-1687
-2399
-2536
-1695
-679
-12
746
2155
3379
3622
3477
3538
3475
2577
1195
281
-299
-1158
-1963
-1964
-1343
-728
-381
117
997
1519
1334
831
477
-36
-1024
-1892
-2264
-2328
-2441
-2549
-2046
-1204
-538
-11
573
1138
1351
1179
859
537
9
-824
-1720
-2232
-2644
-3098
-3532
-3618
-3561
-3686
-4033
-4098
-2813
-822
1123
2366
3591
5186
5989
5987
5870
6063
5498
3657
1913
950
387
-719
-1582
-1479
-976
-791
-870
200
1319
1581
888
427
458
-293
-1332
-2046
-2071
-2422
-3135
-3033
-1945
-730
-88
599
1602
2415
2729
2731
2841
2757
1941
882
311
81
-182
-523
-667
-425
-194
-91
200
510
603
298
-248
-652
-762
-1198
-1672
-1661
-1125
-312
195
944
1859
2777
3033
2765
2843
2764
2062
925
135
-440
-1135
-1607
-1604
-1072
-653
-417
144
880
1328
1247
1021
716
214
-560
-1313
-1577
-1874
-2099
-2189
-1674
-963
-485
49
603
1140
1271
1150
992
706
172
-689
-1535
-2180
-2562
-3030
-3244
-3218
-3233
-3359
-3314
-3324
-3174
-2179
-712
1011
1965
2978
4368
5174
5177
5167
5518
4960
3458
2053
1380
704
-416
-1073
-1074
-943
-1122
-1031
-46
865
1032
633
565
481
-136
-826
-1324
-1397
-1974
-2565
-2296
-1574
-851
-359
387
1197
1789
2164
2415
2696
2551
2010
1303
665
232
-232
-516
-722
-754
-719
-550
-269
-171
8
-103
-339
-552
-724
-756
-998
-1073
-787
-138
483
1009
1663
2253
2656
2667
2601
2450
1947
1164
358
-259
-849
-1352
-1547
-1370
-1022
-616
-82
386
827
997
866
707
372
-131
-773
-1209
-1419
-1604
-1655
-1523
-1060
-532
-64
384
724
1024
1123
1014
738
236
-439
-1168
-1709
-2228
-2660
-2905
-3065
-3135
-3146
-2993
-2843
-2637
-2792
-2274
-1138
169
1265
2201
3462
4280
4572
4658
5006
4951
3873
2640
1746
937
-21
-840
-1066
-1237
-1462
-1548
-1045
-295
118
376
391
491
265
-92
-255
-512
-891
-1423
-1513
-1241
-799
-246
258
897
1356
1860
2321
2570
2553
2165
1596
799
184
-297
-766
-1202
-1555
-1552
-1545
-1310
-898
-506
-303
-396
-361
-232
-209
-284
-415
-383
-441
-97
547
1345
1878
2146
2645
2853
2750
2361
2083
1480
576
-239
-1010
-1421
-1686
-1835
-1743
-1429
-833
-323
254
836
1197
1145
797
637
360
-110
-649
-991
-1195
-1430
-1275
-868
-440
-6
274
570
887
1026
837
502
66
-480
-1184
-1806
-2179
-2546
-2799
-3045
-2983
-2675
-2418
-2155
-1895
-1580
-1642
-1317
-438
693
1487
2083
3094
3887
4004
3924
4209
4134
3264
2166
1381
681
-371
-1144
-1467
-1655
-1855
-1908
-1375
-705
-95
256
503
823
915
833
637
506
202
-320
-470
-477
-334
-110
139
476
817
1227
1526
1729
1727
1457
974
412
-2
-454
-899
-1393
-1672
-1695
-1608
-1410
-1176
-814
-585
-451
-165
84
253
163
97
149
301
278
599
1146
1633
1862
2055
2386
2469
2211
1737
1278
582
-196
-931
-1527
-1740
-1928
-1937
-1692
-1135
-510
-94
526
1085
1395
1288
1066
906
509
6
-539
-849
-1026
-1144
-1069
-779
-308
-44
229
461
695
744
508
280
-118
-584
-1184
-1738
-2081
-2381
-2667
-2748
-2603
-2430
-2183
-2015
-1695
-1394
-1265
-1316
-968
-234
566
949
1531
2544
3106
3072
3004
3530
3482
2623
1732
1330
851
-281
-1052
-1144
-1233
-1765
-1969
-1366
-626
-196
-13
513
1114
1223
1117
1155
1191
734
22
-193
-90
-209
-396
-210
108
309
567
862
1164
1229
1077
842
586
303
-285
-789
-1177
-1419
-1517
-1559
-1469
-1164
-866
-659
-341
1
346
512
467
567
646
399
403
448
692
824
1012
1252
1401
1577
1381
1217
906
667
128
-524
-864
-1208
-1519
-1748
-1549
-1117
-821
-362
184
763
1087
1354
1487
1348
1259
910
459
50
-247
-572
-911
-856
-744
-670
-555
-280
34
35
86
91
12
-269
-685
-967
-1285
-1572
-1998
-2270
-2329
-2238
-2187
-2090
-1708
-1439
-1247
-1058
-780
-694
-613
-184
434
757
1051
1653
2240
2471
2401
2630
2720
2305
1605
1075
757
39
-762
-1138
-1240
-1440
-1724
-1382
-696
-189
124
508
1171
1475
1472
1441
1409
1209
595
235
94
-55
-296
-408
-304
-130
106
345
641
840
865
763
479
330
63
-382
-828
-1050
-1130
-1230
-1321
-1224
-1042
-834
-623
-313
45
342
441
510
619
722
434
334
371
431
529
662
1006
945
1137
1031
965
753
486
266
-243
-458
-735
-886
-937
-943
-708
-538
-152
191
568
837
1025
1220
1093
967
749
412
123
-221
-455
-737
-841
-847
-887
-776
-540
-347
-192
-154
-23
-43
-137
-365
-596
-841
-1138
-1364
-1663
-1714
-1746
-1693
-1608
-1474
-1274
-1101
-958
-825
-737
-713
-764
-600
-311
5
213
532
1185
1558
1638
1698
2051
2163
1704
1290
942
656
-47
-514
-689
-851
-1046
-1255
-807
-310
53
356
709
1218
1343
1410
1489
1417
1096
599
367
133
-158
-478
-615
-581
-482
-304
-163
2
144
247
268
238
267
67
-271
-446
-604
-774
-976
-1034
-967
-876
-747
-548
-267
31
262
359
573
715
586
453
528
531
560
534
650
643
709
641
599
465
170
138
-161
-358
-531
-632
-681
-695
-490
-354
-80
314
568
790
944
1139
1134
964
821
560
299
-140
-435
-729
-828
-749
-761
-625
-560
-413
-351
-277
-94
-118
-237
-339
-500
-684
-922
-1046
-1151
-1250
-1347
-1413
-1322
-1228
-1100
-977
-816
-647
-549
-476
-508
-340
-436
-388
-260
-62
32
193
667
973
1075
1016
1384
1557
1355
932
685
531
76
-219
-362
-519
-763
-961
-584
-208
-3
232
483
896
1105
1259
1319
1257
1107
678
435
302
28
-299
-546
-560
-507
-406
-303
-103
99
170
267
264
272
218
-5
-238
-359
-449
-615
-781
-775
-704
-644
-548
-390
-164
-11
-6
201
351
323
318
320
431
526
629
702
683
667
592
409
215
36
-50
-323
-522
-451
-489
-454
-296
35
179
263
474
627
821
871
868
726
504
400
151
-154
-311
-528
-735
-761
-670
-657
-619
-486
-370
-270
-137
-61
-117
-144
-334
-491
-604
-716
-866
-945
-979
-1037
-1005
-944
-810
-701
-656
-599
-516
-546
-593
-573
-577
-645
-819
-957
-964
-818
-602
-482
-167
210
473
618
846
1215
1277
1077
905
773
576
271
78
-54
-227
-349
-394
-195
107
188
352
561
749
931
1058
1090
995
801
615
444
251
51
-204
-361
-412
-341
-336
-351
-286
-123
-41
7
70
65
79
47
-49
-146
-331
-575
-598
-625
-588
-541
-554
-427
-265
-129
52
177
293
434
543
684
704
767
683
497
348
278
134
-148
-362
-549
-598
-643
-559
-412
-373
-179
16
344
653
815
872
818
861
799
579
250
75
-96
-382
-518
-569
-606
-625
-544
-409
-243
-74
-42
-27
9
41
-92
-279
-423
-682
-817
-937
-984
-990
-1053
-1024
-1003
-854
-718
-698
-618
-594
-529
-473
-412
-363
-426
-603
-660
-698
-827
-924
-873
-749
-653
-518
-333
28
252
383
479
648
912
874
850
774
676
450
204
193
13
-179
-296
-268
-152
-91
4
213
424
568
627
789
791
707
493
353
316
142
-49
-216
-212
-195
-218
-248
-110
-77
-71
-37
-10
98
70
-48
-30
-78
-177
-345
-420
-431
-461
-554
-580
-556
-404
-318
-145
133
261
325
368
613
605
485
405
406
327
75
-119
-205
-287
-376
-459
-446
-303
-213
-51
151
357
387
381
413
522
528
281
79
-2
-129
-337
-455
-515
-530
-569
-562
-375
-292
-272
-221
-170
-80
-40
-162
-189
-207
-312
-451
-541
-584
-694
-778
-857
-834
-765
-747
-657
-595
-453
-383
-353
-267
-186
-254
-345
-387
-451
-508
-639
-627
-659
-672
-698
-688
-640
-569
-494
-282
-50
132
298
361
382
368
530
529
462
356
267
141
98
51
-49
-130
-150
-117
10
76
168
228
225
314
371
390
362
250
155
83
-16
-74
-169
-213
-244
-241
-244
-244
-169
-83
-7
26
80
48
42
13
-36
-33
-93
-167
-232
-214
-227
-246
-293
-277
-130
-58
-4
101
207
159
131
181
205
148
49
-35
-100
-133
-171
-160
-212
-259
-121
-45
10
80
46
66
122
157
124
12
-39
-87
-245
-295
-420
-513
-552
-537
-494
-439
-364
-438
-309
-229
-177
-101
-158
-262
-304
-401
-461
-434
-541
-682
-670
-698
-620
-579
-616
-563
-562
-483
-440
-393
-421
-490
-416
-392
-400
-396
-428
-457
-499
-530
-558
-577
-519
-533
-538
-452
-383
-367
-360
-294
-201
-223
-193
-139
-106
-10
35
124
94
45
93
85
63
44
-14
-113
-105
-125
-185
-226
-284
-231
-180
-106
16
23
16
91
166
185
160
139
86
60
-10
-78
-123
-246
-321
-281
-227
-174
-164
-105
-75
-2
47
32
47
71
116
34
91
105
92
98
93
163
17
-162
-172
-68
-56
-141
-166
-142
-89
-70
-67
-77
0
-44
-30
7
60
-10
-129
-156
-147
-130
-234
-194
-283
-354
-295
-300
-285
-290
-336
-302
-215
-154
-241
-232
-243
-296
-319
-353
-295
-394
-417
-446
-467
-476
-584
-580
-560
-452
-433
-493
-446
-336
-310
-340
-357
-328
-352
-362
-346
-343
-312
-350
-336
-332
-343
-363
-299
-303
-319
-302
-266
-203
-175
-175
-244
-245
-245
-255
-351
-326
-323
-334
-365
-369
-320
-260
-211
-205
-147
-124
-48
-74
-24
0
19
-68
-138
-184
-245
-231
-286
-145
-73
-53
-60
32
46
36
111
61
72
44
-13
34
-3
-40
-13
-13
19
25
-12
24
54
9
7
48
20
-11
23
19
85
115
82
81
104
104
114
59
-38
-28
-49
-48
-74
-125
-128
-121
-92
-83
-128
-70
-65
-68
-63
-101
-189
-189
-232
-300
-286
-361
-429
-366
-355
-284
-234
-272
-302
-275
-272
-291
-312
-315
-311
-310
-287
-278
-259
-253
-259
-331
-370
-404
-467
-406
-362
-381
-301
-297
-268
-253
-263
-202
-251
-275
-246
-248
-301
-275
-236
-282
-303
-289
-245
-235
-272
-227
-160
-176
-179
-129
-129
-97
-86
-142
-198
-236
-241
-278
-300
-231
-214
-249
-297
-275
-300
-305
-283
-240
-214
-217
-193
-176
-132
-129
-85
-108
-119
-137
-169
-138
-169
-121
-104
-112
-92
-41
-74
-54
-62
-5
27
59
43
20
32
33
61
48
89
85
82
60
49
44
61
-42
-36
-29
-110
-110
-76
-82
-102
-99
-153
-112
-81
-96
-80
-55
-18
-44
-118
-117
-142
-92
-149
-177
-113
-174
-187
-186
-135
-198
-171
-196
-222
-221
-270
-299
-322
-307
-343
-378
-364
-380
-397
-384
-406
-334
-280
-234
-232
-163
-148
-173
-244
-224
-162
-126
-135
-172
-180
-194
-171
-241
-223
-191
-217
-206
-185
-190
-181
-171
-210
-211
-234
-267
-232
-253
-300
-249
-236
-247
-257
-260
-263
-223
-183
-297
-340
-306
-235
-240
-306
-259
-215
-205
-197
-184
-213
-218
-170
-235
-230
-242
-212
-166
-162
-191
-198
-166
-166
-155
-215
-220
-258
-174
-193
-226
-214
-267
-204
-173
-224
-167
-136
-116
-96
-183
-128
-67
-119
-109
-92
-117
-118
-125
-94
-86
-19
-25
-67
-107
-146
-99
-76
-137
-115
-128
-102
-164
-177
-184
-196
-127
-164
-187
-202
-231
-268
-286
-308
-240
-253
-282
-293
-262
-214
-198
-226
-203
-232
-193
-187
-207
-219
-204
-195
-225
-218
-244
-245
-285
-238
-221
-164
-161
-214
-196
-199
-202
-163
-150
-144
-212
-188
-182
-232
-182
-202
-184
-233
-203
-117
-72
-135
-230
-233
-157
-170
-123
-122
-162
-128
-170
-122
-116
-73
-113
-156
-177
-241
-226
-291
-289
-244
-252
-238
-261
-206
-235
-250
-266
-278
-254
-293
-239
-245
-284
-233
-181
-216
-210
-242
-276
-217
-178
-196
-160
-162
-169
-168
-219
-147
-110
-135
-156
-162
-206
-239
-234
-236
-195
-195
-220
-223
-170
-188
-217
-182
-198
-211
-251
-298
-298
-250
-215
-229
-246
-166
-155
-231
-244
-245
-209
-182
-261
-207
-228
-247
-216
-261
-184
-191
-193
-169
-255
-243
-246
-241
-244
-281
-216
-220
-254
-226
-190
-181
-212
-233
-238
-250
-269
-225
-230
-194
-191
-187
-166
-119
-141
-203
-147
-149
-117
-120
-129
-122
-125
-199
-203
-189
-209
-231
-277
-298
-220
-243
-251
-186
-215
-167
-169
-138
-165
-180
-243
-272
-260
-251
-267
-253
-223
-200
-210
-237
-204
-200
-210
-136
-132
-193
-161
-145
-172
-162
-145
-168
-251
-208
-181
-215
-180
-203
-230
-298
-312
-262
-261
-259
-210
-156
-160
-95
-116
-144
-138
-185
-180
-150
-163
-154
-169
-229
-238
-221
-245
-198
-201
-248
-150
-110
-114
-129
-125
-202
-184
-181
-216
-200
-155
-198
-270
-235
-188
-218
-252
-208
-197
-201
-208
-214
-142
-146
-180
-118
-93
-137
-220
-234
-231
-276
-270
-168
-154
-195
-242
-222
-223
-245
-177
-214
-192
-167
-159
-122
-157
-183
-271
-243
-210
-199
-143
-176
-140
-128
-184
-196
-211
-187
-109
-130
-116
-109
-122
-73
-132
-142
-136
-171
-151
-81
-78
-79
-88
-105
-114
-123
-98
-87
-117
-125
-143
-107
-146
-193
-177
-201
-188
-225
-278
-269
-242
-212
-178
-154
-124
-150
-137
-87
-127
-80
-46
-64
-52
-87
-131
-168
-119
-91
-46
-139
-169
-98
-118
-112
-89
-100
-84
-106
-95
-88
-80
-80
-116
-82
-70
-90
-112
-111
-105
-82
-121
-88
-108
-136
-146
-156
-157
-105
-107
-86
-88
-144
-165
-202
-204
-216
-133
-176
-183
-193
-186
-223
-224
-161
-189
-211
-237
-232
-220
-148
-147
-180
-161
-151
-195
-252
-228
-217
-174
-128
-185
-161
-116
-68
-96
-156
-94
-102
-47
-50
-143
-188
-196
-180
-166
-118
-159
-218
-134
-144
-189
-158
-118
-139
-134
-114
-138
-88
-143
-156
-106
-54
-73
-107
-112
-136
-123
-146
-156
-124
-99
-89
-92
-116
-112
-111
-120
-162
-103
-162
-182
-157
-200
-135
-126
-148
-116
-103
-166
-179
-116
-128
-178
-170
-159
-151
-194
-198
-164
-105
-127
-124
-97
-92
-59
-101
-79
-50
-7
-85
-172
-139
-157
-110
-111
-84
-91
-89
-105
-133
-111
-142
-102
-128
-79
-83
-125
-95
-121
-138
-153
-163
-123
-120
-115
-166
-139
-75
-153
-127
-188
-163
-88
-123
-169
-189
-198
-225
-168
-211
-183
-138
-158
-168
-180
-153
-129
-112
-99
-53
-97
-85
-108
-128
-156
-170
-180
-169
-168
-182
-106
-109
-98
-68
-72
-84
-101
-51
-49
-85
-86
-94
-101
-67
-67
-115
-43
-66
-41
-78
-46
-52
-113
-90
-159
-105
-64
-87
-74
-86
-98
-99
-81
-63
-98
-123
-82
-61
-56
-79
-64
-142
-113
-134
-149
-92
-58
-28
-55
-39
-90
-98
-79
-30
-35
-68
-67
-76
-62
-44
-103
-104
-104
-84
-96
-153
-163
-69
-59
-84
-63
-77
-95
-96
-82
-81
-15
-81
-40
-14
-74
-2
-18
-50
-118
-37
-8
-96
-65
-112
-114
-66
-89
-86
-69
-44
-76
-93
-116
-85
-83
-44
-47
-61
-35
-65
-95
-55
-46
-51
-57
-104
-85
-86
-98
-100
-89
-88
-160
-158
-120
-150
-146
-161
-148
-124
-119
-114
-66
-101
-73
-81
-65
-72
-97
-122
-114
-57
-82
-100
-104
-115
-84
-50
-122
-164
-115
-127
-143
-110
-137
-117
-86
-67
-59
-41
-47
-31
24
41
40
-20
-31
-22
9
12
-2
28
-13
-98
-101
-38
-22
-11
-4
-9
26
24
53
23
3
6
-22
26
-11
-58
-73
-36
-53
-57
-47
-67
-16
22
-8
6
8
23
23
17
44
-1
26
22
1
-52
-133
-95
-52
6
-42
-18
-90
-90
-45
-51
-85
-98
-116
-120
-79
-84
-53
-41
-10
-11
-20
-23
-61
-109
-70
-34
-53
-92
-112
-102
-117
-91
-82
-88
-64
-24
-25
-52
-33
-66
-81
-72
-72
-125
-107
-35
-22
-24
-13
-97
-124
-133
-148
-15
0
-39
-34
-52
-74
-73
-93
-55
-20
29
19
-25
-3
-31
-22
-3
10
-33
-101
-103
-50
-72
-121
-132
-95
-66
-114
-110
-96
-80
-120
-111
-128
-80
-69
-77
