118
90
65
105
68
103
107
66
89
48
57
54
65
129
82
41
87
91
78
84
46
76
98
60
48
4
6
21
38
58
57
80
100
77
55
35
27
35
93
109
97
44
64
48
48
60
33
71
62
91
100
58
103
178
138
83
64
85
26
40
119
101
32
39
21
15
38
38
60
34
75
58
44
45
117
106
104
107
87
134
104
103
118
100
73
89
85
97
134
153
91
87
78
43
60
111
116
85
151
100
51
50
105
111
127
134
84
91
48
52
31
67
84
72
67
57
92
91
14
61
66
40
69
68
105
54
86
69
67
102
88
112
101
77
62
34
88
158
76
101
106
83
113
50
114
112
98
157
85
87
130
159
255
247
166
96
30
94
142
149
136
103
150
178
164
126
80
87
60
-5
18
47
103
133
116
128
131
119
81
61
124
164
153
139
111
101
95
116
82
61
100
121
62
76
104
66
61
100
93
127
122
105
120
179
163
74
89
90
64
116
126
69
70
116
125
126
104
40
111
97
104
128
105
152
53
69
131
90
34
-6
-27
3
41
51
81
68
75
76
146
147
121
70
59
81
115
132
109
170
151
111
141
160
127
152
157
167
126
124
128
121
133
135
120
65
81
123
150
101
107
102
106
99
116
124
74
143
99
142
176
142
128
90
89
63
71
94
138
121
70
118
91
101
106
71
115
57
37
35
6
38
63
125
104
56
67
90
81
112
145
111
134
150
100
63
83
69
73
73
76
165
164
138
111
94
134
151
119
117
136
114
140
121
139
135
122
149
150
141
96
107
153
142
149
82
109
162
149
164
189
148
180
229
178
160
103
103
143
164
150
76
157
188
164
184
144
111
135
141
150
189
177
163
180
213
186
143
168
174
173
171
163
178
134
144
159
143
167
123
124
113
86
116
115
108
146
143
170
189
168
210
244
249
237
258
237
200
156
127
172
164
210
217
261
271
240
135
176
148
104
145
117
151
145
176
107
74
129
145
176
188
198
137
144
171
183
224
193
145
148
134
169
124
144
178
164
196
128
164
137
118
115
82
133
128
140
131
135
201
129
186
188
145
163
117
111
136
171
146
161
164
155
143
101
155
162
163
188
170
144
88
71
180
197
180
120
136
144
114
65
85
121
134
136
115
135
133
151
121
136
169
177
153
162
147
148
164
138
158
169
158
194
206
231
209
213
186
138
145
126
139
168
205
209
198
221
227
230
213
182
211
225
190
193
227
224
262
227
180
219
146
141
175
182
171
171
231
239
183
198
293
247
207
186
178
196
172
165
156
176
114
88
165
165
170
179
169
147
161
164
199
260
246
246
167
187
211
227
276
225
281
271
191
205
219
224
275
203
195
235
198
240
251
226
224
190
210
199
155
125
110
141
192
163
240
241
261
241
233
250
170
207
245
219
222
200
162
184
186
238
237
264
245
222
242
198
221
212
233
236
241
223
205
192
218
215
195
236
195
159
145
210
196
165
183
248
237
197
223
192
175
201
242
201
215
263
208
233
206
147
160
141
196
223
178
157
150
197
241
258
215
147
161
200
180
142
176
199
185
142
139
147
126
150
203
187
204
203
200
203
212
244
166
164
232
201
146
189
141
125
175
175
203
199
179
139
124
142
156
182
171
192
175
140
160
141
108
149
115
138
145
97
112
110
165
161
182
134
175
183
141
121
156
192
210
198
177
202
152
145
50
21
49
142
160
125
124
100
131
109
151
162
140
150
130
151
142
134
147
196
136
163
156
158
232
146
154
115
114
74
82
127
102
200
190
162
174
144
202
156
74
140
143
83
52
90
171
133
181
139
129
227
194
180
193
149
138
123
103
136
93
93
120
131
127
138
155
158
183
136
66
158
136
134
95
140
209
130
142
118
122
175
130
140
217
203
173
128
174
178
86
61
102
114
85
69
75
111
114
39
37
104
92
63
81
71
91
141
95
44
36
84
110
83
106
151
117
131
113
99
149
80
105
157
158
170
77
129
139
89
123
139
189
180
191
156
175
188
129
67
45
35
44
62
102
108
106
191
180
174
180
199
167
140
125
126
173
153
131
185
193
134
180
132
145
141
136
180
167
155
133
135
149
164
132
126
143
149
182
164
119
119
115
126
119
131
155
128
64
90
119
129
153
125
132
117
82
83
77
128
155
190
163
160
192
166
97
108
171
85
74
82
79
91
121
120
136
150
132
119
56
95
62
41
86
79
108
133
139
201
201
159
92
156
122
91
106
126
158
102
161
128
79
120
103
98
139
85
99
96
97
133
93
82
47
49
59
62
76
96
50
45
108
95
89
53
105
128
79
79
97
112
78
96
61
86
107
61
102
133
103
104
151
154
89
149
176
135
91
107
122
115
104
73
74
109
115
95
91
115
102
129
153
97
65
41
37
56
65
50
95
109
148
148
166
153
65
64
104
95
79
80
75
125
127
123
105
75
111
92
91
96
73
128
159
97
-6
73
109
86
90
86
93
116
156
144
117
128
152
170
132
59
68
58
65
110
26
76
58
13
59
79
105
115
108
76
79
79
78
85
61
36
59
83
86
73
66
74
114
96
5
27
87
89
72
6
45
25
36
48
13
50
67
57
92
130
161
175
92
66
59
63
47
24
35
50
46
62
70
77
122
123
60
78
96
66
46
109
103
71
64
33
105
33
41
63
63
79
103
96
82
111
75
38
48
14
66
77
64
100
66
48
72
48
75
91
54
52
79
110
107
92
43
42
49
69
80
83
119
94
92
164
106
132
116
105
94
107
151
143
169
138
130
157
171
152
135
160
159
124
105
72
65
77
91
51
35
68
80
71
89
84
101
124
164
163
116
49
53
83
133
153
123
122
160
85
-6
-4
54
49
106
140
105
160
122
82
106
141
170
169
190
152
139
171
113
102
135
192
156
136
156
127
187
164
124
150
97
80
101
103
105
117
30
42
111
95
144
95
140
168
155
104
117
150
127
141
141
152
162
160
187
128
98
111
82
118
73
44
90
28
21
50
40
132
166
162
161
164
154
130
123
83
92
84
52
118
92
104
136
117
101
91
86
67
36
118
139
127
142
134
133
96
89
75
87
106
85
106
103
85
99
123
157
111
130
123
119
162
150
106
97
129
152
150
140
130
113
98
115
70
111
110
94
133
99
98
129
134
102
103
116
126
107
154
172
153
162
162
137
106
88
101
63
63
68
96
51
50
60
99
111
43
20
-8
62
87
100
97
118
93
55
101
73
96
124
136
133
136
164
123
65
83
107
138
79
100
167
128
121
167
171
153
123
95
88
111
172
179
128
67
81
66
72
91
70
70
104
133
158
116
117
136
123
108
128
90
98
128
135
181
128
102
101
181
179
199
177
123
116
95
84
129
80
70
142
131
72
58
112
124
107
138
160
132
170
143
118
149
146
105
111
80
135
106
132
124
63
101
129
105
108
140
101
161
124
69
99
184
149
152
153
48
98
80
98
100
89
159
94
80
119
110
114
161
67
64
99
136
98
99
144
96
175
115
124
125
162
157
135
124
113
83
95
114
121
141
124
175
181
158
85
123
149
106
155
165
187
183
124
100
160
137
46
78
106
111
123
117
94
94
132
119
94
100
122
138
196
209
198
161
117
119
90
114
158
161
137
114
133
159
148
136
89
91
159
129
140
139
152
232
238
162
122
128
151
147
159
181
151
134
90
145
142
116
162
126
169
197
153
147
94
90
99
154
153
167
172
129
170
158
168
159
145
182
187
135
135
169
173
122
78
114
138
147
190
220
199
225
195
137
144
190
225
248
183
140
160
181
217
202
170
147
144
172
232
199
146
137
162
165
169
187
143
162
242
242
169
250
256
196
179
180
170
180
196
159
152
163
173
184
208
220
237
315
297
312
263
211
227
200
214
263
281
220
172
161
197
207
181
178
198
171
190
174
169
178
107
115
114
116
178
185
198
148
147
178
205
195
199
191
202
149
131
180
130
110
165
150
134
174
193
214
224
190
186
146
153
259
192
148
125
118
119
171
142
150
150
119
144
152
190
124
118
171
154
194
236
184
186
192
177
182
179
119
107
79
102
119
196
194
130
167
104
88
74
91
111
76
102
106
149
144
117
134
197
222
138
206
194
152
172
184
178
126
171
171
142
110
140
147
137
122
193
196
158
177
175
177
147
131
115
154
156
142
128
132
151
155
152
149
179
182
136
141
186
177
145
151
182
195
188
196
222
145
184
161
150
157
96
136
73
106
135
107
114
176
116
42
81
59
72
74
74
98
118
193
190
148
95
118
134
120
113
143
140
119
128
127
116
143
123
121
158
106
118
133
118
105
129
164
116
102
110
97
144
131
128
114
116
123
108
172
148
143
131
151
118
67
127
128
98
89
100
101
47
62
158
150
183
159
150
174
174
175
133
143
153
161
177
127
139
129
89
146
93
76
142
123
147
163
149
101
131
128
156
156
113
113
175
176
163
174
139
169
188
201
184
158
172
219
242
218
169
173
119
115
202
192
228
272
259
192
200
152
131
136
66
122
178
182
141
170
191
156
226
251
284
200
125
176
152
192
253
265
300
314
307
265
233
360
997
3435
5602
3804
-1509
-5956
-6149
-1568
6083
11346
8500
-630
-7651
-7416
-1745
3120
3403
104
-1844
-159
2343
1807
-2165
-5115
-3827
-160
1964
1233
-357
-591
1293
3092
1834
-2307
-4991
-3281
1047
3775
3242
1342
94
627
1346
308
-1954
-2361
-238
1682
1458
374
499
1515
1120
-819
-2595
-2897
-1284
1029
1988
847
-145
217
394
-614
-1709
-1504
-641
6
378
675
947
1179
1070
-67
-1501
-1444
-193
776
970
1062
1280
1167
928
559
32
-399
-418
-99
80
399
1118
1542
1022
123
-381
-639
-862
-440
111
234
314
404
242
-28
-336
-1112
-2076
-2282
-1727
-988
-482
-100
-108
-750
-1424
-1564
-1426
-1554
-1822
-1416
-911
-1012
-1280
-1056
-1126
-1969
-2083
-1597
-1459
-1200
-511
-20
-195
-391
-398
-486
-626
-668
-723
-843
-679
-308
-89
-7
-42
-429
-1045
-1270
-1797
-1830
961
5461
7508
5558
2266
1203
2425
2954
2244
2437
4270
5580
4733
3438
4553
6065
4434
568
-1384
-60
1922
2272
2236
2825
2656
525
-2061
-2547
-1166
-794
-2300
-3221
-2048
-324
82
-470
-750
-1083
-2419
-3450
-2683
-399
1300
1455
957
1037
1513
1459
1093
1121
1505
1394
1169
2144
4165
6046
6194
4595
2588
1272
837
899
1202
1410
1435
1058
603
653
635
-222
-1799
-3011
-3118
-2289
-1329
-637
-393
-847
-1697
-2456
-2642
-2357
-2179
-2310
-2207
-1709
-717
43
285
73
-522
-1205
-1499
-1310
-845
-412
-310
-543
-804
-900
-1014
-1373
-1946
-2643
-3155
-3475
-3057
-2375
-1494
-1816
-1028
2921
6535
6577
3403
1120
1742
3091
2551
2373
4470
6844
6188
3782
3739
6531
6354
2675
-414
269
1896
1763
1058
2349
3649
2022
-1526
-3097
-1760
-861
-2844
-4650
-3726
-2013
-1765
-2287
-1578
-632
-1632
-4022
-4501
-2708
-647
-284
-492
311
1709
1760
1251
1613
2460
2183
911
607
2181
3724
4197
3824
3436
3214
2431
1428
1274
1918
2142
1912
1975
2477
2757
1817
339
-603
-1199
-1652
-1898
-1721
-1133
-863
-1065
-1193
-1042
-860
-1171
-1793
-2157
-1960
-1688
-1339
-834
-289
51
-140
-433
-482
-492
-628
-746
-748
-464
-279
-155
29
55
-262
-1082
-1923
-2542
-3250
-3915
-4061
-3623
-3242
-3130
-3310
-3273
-3303
-3425
-425
4152
6496
4846
2182
2139
4176
4446
3045
2966
4686
5092
3238
2412
5524
8020
6039
2061
330
1251
1423
143
-102
1172
991
-1332
-3018
-1870
-77
-1232
-4499
-5678
-4670
-3737
-3817
-3188
-1341
-169
-1370
-2639
-2228
-404
113
-1170
-1997
-862
599
1303
1997
3406
4153
3367
1894
1969
3252
3936
3403
2545
2672
3298
3495
3517
4162
4668
3776
1955
1377
2230
2352
1155
-171
-665
-524
-753
-1080
-973
-753
-1364
-2468
-2740
-1820
-1039
-1274
-1782
-1801
-1485
-1298
-1161
-1010
-851
-1020
-1493
-1566
-965
-128
15
-412
-678
-485
-452
-693
-859
-1016
-1606
-2336
-2946
-3316
-3316
-3265
-3612
-3935
-4187
-3997
-4079
-2404
2182
5941
6143
3615
2153
3295
4591
3333
1864
2614
4169
3768
2696
4384
8390
8637
4784
1404
1623
2355
808
-1299
-933
342
-332
-2313
-1863
1038
1835
-1687
-5255
-5570
-4566
-4986
-5865
-4758
-2731
-2512
-3473
-2817
-216
1420
22
-2082
-2048
-549
235
332
1318
3106
3610
2818
2860
4428
5482
4819
3077
2261
2507
2673
2540
2650
3688
4692
4130
3248
3572
4067
2967
713
-832
-946
-830
-1264
-1502
-1128
-660
-963
-1665
-1293
-502
-865
-2102
-2832
-2435
-1846
-1819
-1703
-1119
-705
-648
-708
-526
-29
-33
-838
-1647
-1549
-931
-842
-1098
-1019
-1184
-1773
-2456
-2673
-2751
-3053
-4059
-4931
-5276
-4770
-4338
-3449
780
5363
6906
5063
3540
4617
6127
4624
2039
1767
3271
3603
2475
3565
7758
9491
6672
3371
3319
4452
2521
-838
-1620
-618
-1115
-2984
-2868
222
2121
-144
-3275
-3421
-2352
-3413
-5809
-6221
-4607
-4366
-5345
-4489
-1331
1245
672
-955
-723
644
559
-427
-288
1292
2183
1795
2432
4717
6563
6037
4287
3592
3655
3047
1785
1169
1184
1670
1874
2145
3355
4491
3901
1978
569
191
-428
-1839
-3042
-3257
-3123
-2918
-2439
-1283
62
232
-707
-1284
-1182
-1319
-2303
-3141
-2950
-2562
-2375
-1714
-483
663
853
305
-198
-352
-459
-1110
-2155
-2652
-2671
-2846
-2862
-2373
-1912
-2195
-3038
-3778
-4195
-4668
-5003
-5092
-2078
2394
4887
4577
3847
5387
7250
6357
3906
2875
3235
2817
1132
1235
4877
7560
6455
4451
4708
6255
5068
1616
-121
-139
-1362
-3821
-4636
-2206
-37
-1007
-2905
-2426
-855
-1230
-3555
-4758
-4151
-4602
-6440
-6314
-3813
-1134
-804
-1403
-313
1618
2106
1282
746
1179
1002
-334
-328
1640
3583
3942
3473
3975
5127
5120
4237
3334
3061
2803
2112
1730
2309
3149
2841
1834
1336
1457
948
-283
-1361
-1969
-2533
-3241
-3408
-2596
-1542
-1159
-1191
-868
-268
-186
-951
-1785
-2201
-2643
-3221
-3051
-2181
-1342
-976
-720
-181
359
516
-54
-875
-1460
-1981
-2638
-3138
-3190
-3310
-3544
-3939
-3870
-3880
-4074
-4051
-3761
-552
3175
4833
4149
3400
4834
6457
5661
3880
3260
3597
2931
1515
1988
5259
6897
5371
3889
4481
5848
4565
1927
970
530
-1347
-3539
-3919
-1861
-699
-2023
-3168
-2130
-862
-1596
-3281
-3751
-3732
-5049
-6401
-5591
-3563
-2118
-2393
-2394
-856
760
1343
1378
1641
1857
1073
241
883
2363
3017
2797
2788
3747
4670
4894
4801
4627
4671
4044
3311
3114
3375
3184
2029
991
649
567
109
-497
-953
-1537
-2213
-2660
-2478
-2042
-1873
-2151
-2248
-1863
-1524
-1547
-1778
-1894
-2317
-2766
-2664
-2211
-1837
-1708
-1558
-1252
-691
-265
-103
-290
-558
-833
-1221
-1610
-1976
-2416
-3027
-3638
-4103
-4368
-4930
-4673
-4592
-2167
2241
4870
5193
4408
5218
6882
6697
4802
3406
3056
2520
1291
1025
3594
6272
5889
4873
5129
6383
5816
3419
1980
1242
-789
-3012
-4141
-3363
-2059
-2389
-3201
-2478
-1332
-1141
-1857
-2527
-2836
-3879
-5271
-5175
-4289
-3528
-3279
-2785
-1447
252
1549
2473
2938
2774
2111
1294
1231
1689
1663
1430
1370
1906
2860
3755
4599
4908
5067
5089
4984
4351
3698
2990
1763
425
-511
-821
-922
-1023
-1165
-1343
-1337
-1292
-1114
-1154
-1311
-1717
-2294
-2537
-2573
-2579
-2774
-2808
-2729
-2612
-2244
-1642
-1201
-1172
-1036
-1012
-972
-980
-930
-1043
-1275
-1474
-1502
-1621
-1711
-1788
-2349
-3076
-3628
-4235
-5126
-5234
-5171
-2101
2068
4337
4598
4485
6174
8161
7700
5697
4451
3764
2581
899
815
3263
4938
4115
3672
4589
6081
5844
4093
2732
1154
-256
-1583
-2777
-3020
-3458
-4403
-4885
-3700
-2121
-1127
-1212
-1614
-2056
-3249
-4329
-4526
-4613
-4494
-4623
-4377
-3111
-1117
782
2340
3029
3229
3189
2880
2798
2648
2094
1454
853
957
1725
2727
3518
4367
4966
5522
5895
5729
5381
4220
2440
647
-794
-1685
-2225
-2618
-2719
-2467
-2010
-1111
-417
-82
-95
-601
-1222
-1865
-2526
-3202
-3884
-4364
-4338
-3817
-2860
-1777
-1082
-495
33
294
259
40
-479
-1274
-1925
-2271
-2383
-2529
-2519
-2646
-2778
-2988
-2959
-3627
-3915
-4279
-2944
1066
3525
4029
3651
4720
6990
7712
6358
5144
4251
3814
3335
2726
4083
6004
4796
3129
3596
5939
7006
5418
3708
2878
1387
-906
-2888
-3342
-3217
-4118
-5876
-5817
-3851
-1889
-1388
-2170
-2228
-2315
-3185
-3666
-3713
-3597
-3839
-4379
-4132
-2574
-714
671
1337
1743
2519
3012
3174
3338
3083
2480
1639
1084
1475
2184
2653
3330
4109
4790
5641
6157
6187
5341
3730
1975
298
-948
-1930
-2966
-3781
-3997
-3544
-2529
-1228
-493
-174
-275
-515
-838
-1580
-2434
-3486
-4686
-5403
-5156
-4451
-3496
-2505
-1507
-591
117
779
1040
658
-91
-1053
-2044
-2782
-3105
-3382
-3853
-4009
-4015
-3888
-4120
-3855
-3534
-356
3603
4978
4518
4211
6023
7836
7023
5217
4440
4304
3229
1672
1580
3914
5380
4353
3400
4306
6912
7058
4714
2938
1690
273
-1588
-3289
-3140
-2884
-4423
-5921
-4856
-2757
-1701
-2387
-2896
-2660
-3002
-3682
-3842
-3652
-3605
-4271
-4641
-3517
-1357
333
1058
1271
2055
3032
3128
3144
3184
2932
2203
1280
1277
2195
2753
3221
3974
4606
5500
6245
6335
5804
4592
3057
1343
-313
-1351
-2383
-3610
-4274
-4017
-3258
-2094
-1157
-617
-278
-164
-325
-1031
-1877
-2806
-4143
-5309
-5479
-4916
-4240
-3535
-2579
-1338
-365
468
1120
1108
592
-77
-1092
-1921
-2544
-3216
-4080
-4681
-4940
-4600
-4834
-4473
-4031
-1842
2692
5002
5251
4711
5941
8121
8268
6389
5018
4528
3730
2136
1376
2763
4626
3402
2063
2808
5138
5946
4150
2712
2018
1211
-334
-1855
-1884
-1786
-3283
-5195
-4704
-2674
-1281
-1623
-2598
-2159
-1891
-2816
-3718
-3905
-3774
-4188
-5068
-4574
-2443
-411
461
833
1745
3308
3922
3727
3747
3641
2825
1581
989
1726
2321
2731
3302
4069
5304
6486
6749
6367
5462
3986
2139
334
-979
-2107
-3622
-4594
-4604
-3778
-2526
-1586
-847
-219
209
248
-241
-1163
-2220
-3753
-5240
-5707
-5505
-4986
-4239
-3267
-2043
-761
410
1255
1436
1074
473
-596
-1542
-2399
-3302
-4233
-4910
-5219
-4996
-5170
-4902
-4510
-2657
2095
4973
5406
4845
5777
8001
8318
6398
4660
4137
3614
2005
1040
2413
5045
4102
2292
3216
5732
7031
5399
3757
3278
2472
246
-1585
-1180
-1397
-3312
-5931
-6124
-3913
-2314
-2515
-3334
-2542
-1971
-2938
-3909
-3984
-3887
-4645
-5843
-5340
-2967
-879
-131
326
1548
3436
4201
4030
4283
4302
3363
1857
1146
1911
2439
2592
2815
3768
5107
6381
6844
6608
5987
4571
2628
809
-555
-1825
-3672
-4999
-5011
-4216
-3158
-2129
-1201
-356
221
377
12
-678
-1726
-3358
-5012
-5563
-5430
-5164
-4764
-3854
-2447
-1032
260
1367
1894
1668
1049
71
-891
-1869
-2908
-4134
-4888
-5242
-5125
-5369
-5363
-4848
-2786
2239
5313
6023
5483
6319
8582
8838
6682
4682
3826
2808
819
-211
1337
3942
3118
1595
2468
5586
8210
6870
4886
4646
4109
1166
-2003
-2777
-2846
-4382
-6713
-6384
-3649
-1802
-2051
-2813
-1702
-976
-2141
-3363
-3412
-3234
-4378
-6096
-5700
-3357
-1381
-804
-227
1539
3746
4552
4434
4909
5124
3944
2076
1418
2104
2320
2177
2327
3413
5058
6325
6811
6776
6400
4993
2904
1134
-148
-1723
-3972
-5432
-5439
-4520
-3590
-2479
-1372
-272
498
658
398
-176
-1399
-3343
-5160
-5790
-5827
-5952
-5703
-4621
-2930
-1244
329
1707
2516
2519
1805
740
-464
-1710
-3264
-5014
-6054
-6437
-6416
-6603
-6087
-5194
-1141
4029
6171
6392
6153
7959
9818
8582
5719
3771
2735
966
-1014
-940
1932
3804
2628
2727
5155
8248
8529
6257
5016
4208
1388
-1901
-3464
-3418
-3989
-6201
-7599
-5084
-1729
-827
-1710
-1406
196
-6
-1929
-2875
-2773
-3530
-5788
-7084
-5417
-2792
-1591
-1199
248
2938
4817
5029
5313
6094
5561
3545
1798
1782
2259
1516
1145
1911
3644
5144
6022
6938
7426
6714
4921
3083
1779
139
-2441
-5067
-5885
-5583
-5065
-4440
-3240
-1574
-406
406
958
1158
466
-1256
-3286
-4742
-5364
-5940
-6426
-6150
-4743
-3116
-1607
238
1931
2633
2471
1922
1277
122
-1633
-3755
-5307
-6535
-7049
-7672
-7689
-6740
-4187
1573
5350
6815
6919
7987
10409
10702
8014
5029
3470
2139
-291
-1846
-511
2629
2690
1910
3555
7435
9733
8070
5972
5126
3352
-70
-3095
-3826
-3733
-5636
-8317
-7479
-3702
-1380
-1671
-1932
146
1278
-296
-1849
-2116
-2607
-4643
-7241
-7030
-4585
-2956
-2567
-1501
1148
4116
5137
5516
6668
7096
5414
3174
2231
2570
1775
436
693
2412
4155
5379
6419
7512
7814
6562
4729
3231
1626
-936
-4191
-6011
-6115
-6018
-5706
-4641
-2843
-1051
71
1051
1732
1450
-4
-2076
-3815
-4785
-5742
-6771
-6981
-5965
-4369
-2793
-1056
1051
2436
2714
2476
2118
1152
-557
-2864
-4912
-6521
-7510
-8407
-8715
-8054
-5432
707
4924
6837
7488
9130
12033
12418
9616
6467
4536
2754
-522
-2689
-1374
1572
1183
414
2837
7352
9906
7626
5457
5877
5113
1180
-2841
-3884
-3923
-6069
-8945
-7837
-3829
-1676
-2278
-2346
97
1556
293
-1055
-1105
-1859
-4489
-7479
-7539
-5274
-4072
-4011
-2806
392
3816
5214
6097
7762
8233
6326
3948
3034
3038
1737
208
330
1783
3432
4685
5805
7193
7681
6571
5063
3908
2371
-426
-3810
-5674
-6232
-6567
-6445
-5274
-3441
-1668
-365
950
1950
1907
605
-1448
-3132
-4140
-5481
-6860
-7204
-6375
-5185
-3704
-1637
633
2031
2451
2569
2431
1554
-134
-2509
-4621
-6505
-7843
-9254
-9572
-8756
-4225
1756
4858
6404
7614
10669
13346
12463
9227
6491
4801
1993
-1542
-2766
-496
1078
-439
111
3710
8037
8548
6652
6387
6262
3939
-156
-3096
-3604
-4957
-8615
-10789
-8122
-4598
-3441
-3597
-1626
1613
2154
912
662
649
-1210
-4788
-7067
-6132
-4679
-4713
-4602
-2473
1193
3774
5067
6993
8929
8567
6459
4907
4582
3609
1286
80
495
1616
2822
3808
5305
6666
6739
5862
5035
4220
2265
-1102
-3937
-5192
-6113
-6848
-6630
-5484
-3842
-2505
-977
693
1624
1325
-80
-1665
-2798
-4013
-5794
-6898
-6862
-6230
-5437
-3891
-1604
372
1386
1979
2521
2478
1450
-570
-2653
-4789
-6650
-8793
-9877
-9882
-6326
-400
2933
4898
6574
10096
13923
14162
11490
8769
6995
4193
15
-2398
-1215
118
-1925
-2093
1504
6471
7955
6642
7153
7797
5968
2211
-1114
-2314
-4263
-8550
-11509
-9582
-5822
-4711
-5265
-3133
811
2252
1649
1908
2432
864
-2837
-5685
-5447
-4681
-5470
-6059
-4477
-1010
1712
3292
5794
8493
8915
7468
6407
6229
5299
2655
759
736
983
1405
2213
3590
5133
5430
5212
5230
5095
3688
694
-1923
-3297
-4614
-6133
-6513
-5831
-4876
-3965
-2545
-461
894
1060
507
-376
-1159
-2201
-4083
-5567
-6006
-6092
-5912
-4903
-2906
-1051
-87
830
2002
2335
1622
136
-1607
-3642
-5752
-8055
-9468
-10040
-7219
-1680
1464
3322
5153
8980
13397
14175
11995
9708
8275
5711
1460
-1377
-708
42
-2745
-3551
-499
4028
5872
5785
7286
8374
6558
2980
-10
-770
-2156
-6557
-10299
-9461
-7135
-6919
-7465
-4906
-497
1267
1007
2124
3377
2134
-1162
-3687
-3547
-3462
-5063
-6270
-5114
-2208
130
1743
4607
7713
8555
7698
7507
7899
6952
4051
2255
1900
1443
968
1210
2483
3646
3789
3810
4523
4891
3739
1296
-675
-1577
-3277
-5250
-5799
-5368
-5106
-4884
-3598
-1491
-324
-214
-317
-477
-816
-1789
-3471
-4523
-4946
-5368
-5662
-4885
-3202
-1885
-1327
-292
1163
1555
939
-56
-1117
-2795
-4962
-7400
-8801
-9388
-5783
-1022
1177
2676
4706
9066
13088
13504
11747
10133
8905
5996
1928
-287
646
15
-3301
-3328
524
4754
5074
4484
6271
7634
5963
2850
896
-157
-3316
-8426
-10724
-8827
-7214
-7619
-7367
-4126
-643
110
397
2589
3833
2257
-731
-2029
-1456
-2234
-4509
-5627
-4291
-1893
-436
1135
4262
6991
7291
6993
7758
8482
7216
4605
3231
2917
2096
1356
1291
2032
2523
2238
2468
3446
3868
2731
774
-283
-898
-2446
-4208
-4522
-4424
-4657
-4533
-3421
-1834
-1173
-1156
-1018
-822
-904
-1787
-3015
-3776
-4197
-4808
-4992
-4296
-3161
-2460
-2049
-761
471
718
141
-509
-1533
-2993
-5144
-7036
-8247
-7908
-3483
-110
1250
2438
5188
9962
12808
12154
10535
9690
8592
5178
1648
807
1746
-803
-3797
-2466
1757
4413
3362
3548
6353
7230
5040
2626
1983
1067
-3279
-8458
-9406
-7381
-7135
-8563
-7947
-4236
-1516
-1203
25
2443
2787
706
-1556
-1481
-1002
-2613
-4765
-5145
-3465
-1614
-605
1333
4390
6283
6374
6869
8140
8508
6654
4583
3985
3512
2345
1500
1533
1985
1932
1707
2293
3168
3027
1677
346
-14
-772
-2535
-3803
-3927
-4169
-4598
-4395
-3112
-1990
-1875
-1794
-1300
-910
-1059
-1917
-2612
-2965
-3506
-4157
-4181
-3393
-2701
-2576
-2113
-828
6
-73
-521
-856
-1888
-3332
-5356
-6643
-7756
-6174
-1738
541
1601
2754
6300
10698
12168
10937
9661
9282
7608
4052
1363
1657
1607
-2058
-3833
-1284
2985
4082
3083
4396
6491
5856
3308
1880
1867
-185
-5271
-8835
-7899
-6352
-7259
-8733
-7075
-3509
-1860
-1498
680
2756
2303
216
-1008
-234
-423
-2538
-4257
-3962
-2392
-1298
-250
2092
4807
5817
5988
7128
8599
8299
6251
5199
4845
3968
2844
2248
2194
2000
1439
1309
1940
2394
1735
449
-93
-221
-1255
-2643
-3224
-3373
-3985
-4313
-3719
-2669
-2387
-2499
-2286
-1814
-1571
-1913
-2543
-2824
-2901
-3334
-3720
-3223
-2525
-2256
-2260
-1455
-493
-222
-679
-1215
-1739
-2832
-4411
-6164
-7448
-7588
-3594
-19
1174
1889
4109
8695
11778
11526
10323
9846
9216
6302
2854
1810
2822
322
-3531
-3297
621
3540
2523
2115
4338
5719
3755
1132
701
383
-2543
-6452
-7473
-5142
-4960
-7355
-7677
-4751
-2354
-2206
-1079
1671
2574
955
-827
-281
396
-1149
-3369
-4045
-2940
-1750
-1184
266
3017
4873
5087
5910
7661
8623
7272
5792
5512
4910
3684
2710
2346
2197
1512
994
1318
2038
1929
866
-82
-36
-413
-1784
-2639
-2761
-3254
-3985
-3990
-3128
-2601
-2802
-2775
-2322
-1827
-1810
-2291
-2661
-2639
-2873
-3346
-3294
-2661
-2252
-2366
-2037
-1036
-545
-806
-1225
-1526
-2422
-3583
-5067
-6043
-7278
-5364
-974
1012
1666
2561
6333
10544
11642
10348
9419
9537
7937
4287
1860
2602
2164
-1789
-3392
-672
3052
2927
1394
3085
5374
4504
2376
2128
3175
934
-4229
-7225
-6045
-5069
-6954
-8438
-6825
-3827
-2932
-2713
-183
1983
1536
-346
-665
530
-34
-2261
-3702
-3342
-2280
-1806
-1043
1193
3571
4187
4773
6546
8275
7920
6361
5890
5651
4681
3453
2828
2482
1694
792
672
1294
1407
640
-314
-368
-276
-1162
-2138
-2397
-2674
-3400
-3748
-3195
-2631
-2954
-3234
-2929
-2423
-2277
-2626
-2830
-2746
-2810
-3066
-3128
-2588
-2125
-2196
-2127
-1290
-693
-776
-1111
-1349
-2026
-3246
-4522
-5611
-6807
-7149
-3225
316
1438
1678
3636
8320
11237
10595
9140
9108
8878
6057
2535
1966
3084
55
-3915
-3306
627
2540
917
1553
4883
5607
3461
2345
3800
3789
-777
-5661
-6628
-5302
-6071
-8472
-8334
-5192
-3064
-3247
-1923
951
1903
517
-721
195
778
-956
-2998
-3389
-2464
-1863
-1595
-120
2454
3860
4046
5271
7306
8185
6974
6151
6116
5399
4250
3460
2937
2275
1295
606
938
1416
1074
83
-362
-114
-510
-1521
-1990
-2197
-2921
-3492
-3314
-2706
-2701
-3061
-3006
-2640
-2346
-2321
-2652
-2820
-2787
-3026
-3172
-2797
-2207
-1996
-2107
-1633
-875
-920
-1153
-1489
-1945
-2969
-4028
-5195
-6201
-7588
-5859
-1204
945
1497
2019
5563
9959
10980
9537
8742
9024
7660
3962
1632
2749
2547
-1581
-3338
-623
3094
2948
1174
2686
4919
4167
2393
2212
2998
1054
-3624
-6465
-5516
-4875
-6972
-8601
-6929
-3990
-3341
-3154
-523
1656
1343
-210
-251
1066
484
-1633
-2987
-2850
-2084
-1778
-1053
1023
3106
3589
4384
6214
7898
7703
6602
6399
6014
5143
4054
3399
2814
1732
869
648
1018
1054
252
-477
-383
-242
-908
-1607
-1829
-2277
-2977
-3272
-2815
-2648
-3014
-3273
-3153
-2772
-2616
-2834
-3025
-2828
-2821
-2979
-2840
-2274
-1893
-2046
-2032
-1280
-973
-1190
-1612
-1923
-2604
-3602
-4665
-5623
-6818
-6985
-2758
627
1660
1773
3931
8570
11067
10343
8942
9000
8675
5622
2247
2134
3281
242
-3383
-2085
2282
4041
2285
2416
4770
4672
2716
1450
2548
2446
-1748
-5950
-6216
-4897
-6276
-8646
-8383
-5460
-3801
-3953
-1998
917
1571
289
-506
653
1012
-699
-2464
-2815
-2103
-1742
-1430
157
2494
3543
3928
5466
7441
8107
7050
6472
6400
5665
4549
3848
3372
2339
1143
687
1062
1258
649
-172
-420
-159
-545
-1334
-1581
-1909
-2641
-3247
-2953
-2429
-2758
-3259
-3213
-2779
-2591
-2705
-2761
-2692
-2682
-2832
-2733
-2310
-1923
-1942
-2041
-1492
-995
-1001
-1263
-1645
-2169
-3324
-4431
-5441
-6320
-7301
-4289
-125
1412
1541
2588
6843
10437
10554
9195
8818
8939
6786
3177
1915
3256
1851
-2119
-2772
354
3127
2427
1711
3908
5288
4009
2174
1876
1746
-1440
-5477
-6324
-4991
-5424
-7696
-8405
-6052
-3704
-3609
-2549
338
1685
763
-429
310
1228
25
-1869
-2706
-2351
-1897
-1699
-586
1478
2963
3359
4565
6517
7732
7125
6370
6407
5956
4975
3940
3314
2478
1314
622
705
1040
632
-149
-515
-211
-306
-1018
-1498
-1723
-2261
-3008
-3085
-2649
-2702
-3279
-3363
-3018
-2690
-2667
-2729
-2632
-2535
-2604
-2601
-2294
-1916
-1852
-2095
-1792
-1178
-1215
-1502
-1709
-2041
-2985
-3995
-4998
-5722
-7101
-6082
-1510
995
1421
1521
4603
9052
10492
9264
8534
8920
7901
4655
2248
3178
3551
-204
-2556
-326
3134
3336
1724
3142
5478
4841
2835
2227
2481
200
-4541
-7676
-6872
-5915
-7574
-9121
-7722
-4782
-3815
-3545
-726
1603
1189
-389
-404
1005
804
-957
-2234
-2306
-1830
-1634
-1034
643
2456
3089
3832
5611
7307
7501
6543
6321
6253
5512
4606
3922
3117
1969
1024
779
940
731
35
-584
-601
-498
-797
-1341
-1596
-1974
-2574
-2881
-2609
-2431
-2864
-3328
-3199
-2919
-2819
-2847
-2904
-2706
-2671
-2653
-2420
-2008
-1905
-1975
-1916
-1395
-1081
-1317
-1657
-1864
-2650
-3781
-4826
-5610
-6930
-6887
-2567
581
1373
1208
3709
8374
10616
9716
8573
8966
8537
5522
2567
2922
3945
755
-2515
-1152
2595
3689
1875
2407
4859
4981
3006
1659
2011
695
-3562
-7204
-7147
-5713
-6806
-8591
-7840
-5164
-3847
-3809
-1639
1003
1380
22
-471
801
988
-593
-2161
-2483
-2015
-1731
-1193
254
2136
2889
3518
5158
7033
7545
6794
6398
6200
5651
4687
3987
3161
2035
973
578
846
786
162
-485
-681
-516
-750
-1268
-1528
-1920
-2590
-2978
-2771
-2599
-2949
-3423
-3410
-3110
-2929
-2885
-2874
-2779
-2754
-2704
-2418
-1930
-1746
-1873
-1876
-1432
-1154
-1375
-1813
-2040
-2654
-3816
-4917
-5666
-6817
-6522
-2324
610
1422
1480
3931
8494
10598
9742
8607
8812
8224
5221
2380
2525
3439
427
-2593
-1089
2514
3605
1635
2136
4857
5181
3139
1532
1691
328
-3852
-7373
-7517
-6422
-7207
-8832
-8146
-5231
-3675
-3402
-1198
1354
1650
358
-9
1118
1189
-548
-2074
-2415
-2073
-1685
-1077
478
2304
3087
3700
5306
7042
7420
6642
6365
5884
5198
4693
4047
3037
1801
991
665
634
582
97
-599
-897
-760
-900
-1207
-1536
-2114
-2575
-2724
-2439
-2376
-2685
-2926
-3039
-2965
-2713
-2654
-2856
-2857
-2815
-2796
-2608
-2076
-1680
-1798
-1780
-1342
-1209
-1418
-1871
-2214
-3068
-4111
-5439
-6337
-7547
-5687
-1195
669
1093
1739
5439
9486
10570
9599
8816
9019
7767
4464
2400
3176
2897
-975
-2716
-173
3086
3089
1721
3342
5180
4474
2574
1764
1807
-572
-4958
-7599
-6921
-6353
-8091
-9385
-7857
-5137
-4399
-3627
-865
1102
917
-153
164
1071
395
-1219
-2457
-2622
-2090
-1512
-587
1097
2679
3394
4383
6009
7329
7365
6723
6373
5747
5066
4350
3581
2410
1130
418
249
385
174
-388
-852
-890
-839
-1032
-1289
-1630
-2126
-2608
-2657
-2415
-2483
-2943
-3251
-3136
-2919
-2818
-2829
-2774
-2623
-2658
-2606
-2291
-1848
-1693
-1921
-1883
-1597
-1416
-1935
-2405
-2969
-3774
-5014
-6222
-7340
-6698
-2178
488
1055
1199
3956
8530
10447
9793
8903
8977
8156
5284
2795
2890
3437
261
-2562
-1089
2414
3611
1986
2676
4871
4955
3104
1920
2106
569
-3478
-6867
-6821
-5894
-7198
-9033
-8648
-5998
-4463
-4051
-1847
427
741
-287
-579
578
633
-698
-2052
-2538
-2216
-1684
-918
478
2111
2978
3836
5403
7001
7407
6845
6534
6150
5499
4754
3887
2769
1510
643
210
69
-7
-462
-1016
-1189
-987
-949
-1273
-1495
-1841
-2155
-2330
-2379
-2381
-2742
-3153
-3349
-3236
-2962
-3062
-3256
-3028
-2752
-2595
-2361
-1888
-1542
-1667
-1695
-1559
-1441
-1982
-2523
-3220
-4065
-5415
-6623
-7996
-6626
-1789
534
981
1280
4699
9251
10656
9831
8984
9008
7817
4642
2475
3032
3139
-524
-2769
-615
3033
3663
2166
3294
5150
4841
3067
2154
2250
166
-4091
-7094
-6759
-6011
-7449
-9001
-8134
-5356
-4141
-3508
-1073
914
796
-419
-391
582
86
-1541
-2876
-3184
-2697
-2021
-1004
626
2298
3235
4282
6009
7490
7757
7066
6646
6299
5560
4654
3719
2616
1492
632
213
123
34
-441
-903
-878
-586
-694
-1110
-1557
-1904
-2283
-2629
-2602
-2598
-3021
-3426
-3412
-3177
-3000
-3070
-3001
-2677
-2441
-2340
-2121
-1723
-1670
-1908
-1983
-1726
-1803
-2516
-3184
-3815
-4622
-5963
-7138
-7771
-4202
-107
1026
1110
2547
7021
10167
10198
9209
8835
8625
6404
3396
2617
3542
1813
-1883
-2090
1025
3732
2759
2158
4096
5020
3939
2398
2225
1619
-1636
-5741
-7206
-6203
-6506
-8356
-9064
-7167
-4869
-4173
-2643
-208
897
354
-411
170
721
-287
-1846
-2910
-3013
-2359
-1546
-354
1116
2349
3358
4838
6554
7567
7517
6919
6520
5821
5232
4573
3368
1986
918
438
237
63
-252
-608
-997
-988
-723
-819
-1192
-1760
-2184
-2274
-2237
-2259
-2525
-2932
-3173
-3197
-2980
-2685
-2739
-2857
-2707
-2345
-2078
-1881
-1605
-1583
-1700
-1746
-1618
-1880
-2297
-3171
-4018
-5251
-6385
-7640
-6121
-1456
752
1031
1256
4845
9283
10615
9716
9019
9149
7888
4777
2925
3538
3325
-544
-2608
-472
2949
3353
1824
3120
5010
4738
3174
2562
2611
445
-3715
-6518
-6137
-5735
-7350
-8907
-8199
-5689
-4509
-3526
-1221
513
518
-241
12
922
488
-1021
-2460
-3071
-2828
-2101
-1091
206
1573
2600
3894
5646
7109
7664
7321
7020
6545
5824
5360
4293
2822
1445
624
295
-47
-349
-684
-1117
-1296
-905
-685
-829
-1144
-1706
-1903
-2030
-2186
-2507
-2993
-3227
-3388
-3399
-3121
-2752
-2707
-2720
-2445
-2107
-1695
-1404
-1304
-1401
-1619
-1462
-1734
-2291
-2897
-3564
-4751
-6161
-7553
-7241
-2720
134
715
664
3369
8239
10397
9898
9162
9278
8448
5524
3159
3343
3725
367
-2620
-1381
2091
3481
2061
2754
4765
5069
3742
2950
3092
1498
-2405
-5838
-6104
-5542
-6820
-8656
-8739
-6477
-4960
-4161
-1956
184
738
131
69
1071
971
-377
-1980
-2881
-2830
-2197
-1291
-164
1187
2262
3511
5166
6650
7496
7432
7117
6772
6134
5700
4717
3086
1515
617
233
-138
-542
-799
-906
-1137
-933
-464
-428
-630
-1159
-1474
-1497
-1763
-2146
-2779
-3264
-3609
-3754
-3622
-3391
-3341
-3323
-2912
-2381
-1891
-1584
-1376
-1433
-1536
-1499
-1729
-2244
-2924
-3855
-4990
-6396
-7572
-7959
-3995
-281
690
755
2636
7422
10369
10228
9323
9256
8911
6287
3495
2981
3690
1135
-2378
-1924
1335
3462
2233
2341
4431
5176
4118
3036
3091
2012
-1466
-5269
-6330
-5562
-6498
-8365
-8932
-7105
-5245
-4462
-2566
-361
493
116
-65
778
1022
27
-1522
-2747
-2974
-2496
-1673
-766
308
1362
2535
4272
5850
6890
7064
6826
6453
5866
5724
5099
3602
1861
903
522
19
-397
-715
-933
-1139
-944
-334
-169
-420
-986
-1343
-1303
-1422
-1890
-2568
-3065
-3498
-3826
-3729
-3444
-3396
-3394
-3043
-2451
-1925
-1495
-1314
-1333
-1492
-1464
-1623
-2157
-2978
-3867
-4931
-6345
-7655
-8034
-3870
-282
608
670
2806
7843
10649
10337
9461
9551
9058
6212
3460
3126
3854
959
-2593
-1962
1377
3402
1972
2242
4473
5047
3906
2959
3184
2014
-1709
-5438
-6387
-5642
-6672
-8525
-8997
-7104
-5213
-4457
-2430
-203
683
361
165
1095
1333
318
-1205
-2534
-2865
-2377
-1514
-694
332
1363
2647
4361
5920
7194
7573
7332
6883
6257
5993
5278
3616
1844
826
254
-443
-972
-1207
-1330
-1677
-1537
-752
-368
-537
-1110
-1355
-1288
-1525
-1999
-2625
-3122
-3606
-3981
-3984
-3600
-3539
-3621
-3155
-2531
-1961
-1473
-1155
-959
-1089
-1204
-1522
-1873
-2763
-3776
-5271
-6646
-8185
-6967
-2155
226
666
877
4373
9166
10950
10118
9402
9676
8393
5043
2918
3472
3267
-871
-3278
-1320
2195
2905
1628
2949
4867
4973
3677
3110
3161
1147
-2891
-6094
-6061
-5764
-7225
-8876
-8638
-6399
-5061
-3724
-1299
388
853
494
686
1359
1186
135
-1527
-2792
-2844
-1986
-1057
-324
596
1658
3177
4842
6077
6939
7269
7151
6456
6025
5595
4352
2373
664
-60
-523
-1006
-1330
-1380
-1341
-1306
-746
-11
256
-52
-560
-728
-917
-1299
-1898
-2564
-3152
-3746
-3948
-3765
-3623
-3621
-3500
-2889
-2238
-1673
-1242
-976
-1197
-1356
-1563
-1989
-2842
-3766
-5010
-6352
-7799
-7732
-3169
1
791
737
3332
8281
10852
10543
9662
9775
9034
5863
3189
3283
3820
291
-3014
-1984
1591
3216
1851
2527
4445
5001
3835
3015
3240
1845
-1961
-5785
-6440
-5838
-6883
-8675
-9112
-7177
-5504
-4300
-1940
65
841
555
521
1224
1354
528
-1054
-2621
-3156
-2506
-1496
-716
193
1323
2825
4582
6123
7298
7705
7595
6612
6002
5848
5050
3018
1030
306
-265
-793
-1219
-1174
-1090
-1425
-1159
-431
60
-278
-1031
-1321
-1386
-1688
-2322
-2771
-3196
-3772
-4189
-3801
-3215
-3159
-3176
-2740
-2043
-1558
-1353
-1071
-1197
-1518
-1908
-2245
-2808
-3651
-4939
-6291
-7734
-7340
-2818
167
1011
969
3527
8274
10764
10431
9479
9536
8667
5536
2889
3114
3825
229
-2959
-1875
1760
3363
1997
2736
4587
5024
3746
2782
2998
1536
-2176
-5946
-6527
-5711
-6712
-8468
-8777
-6700
-5102
-3952
-1591
364
1079
837
666
1204
1295
616
-918
-2534
-3010
-2206
-1149
-371
630
1613
3134
4840
6244
7322
7733
7416
6337
5647
5546
4770
2797
975
245
-270
-824
-1190
-1067
-1008
-1470
-1236
-499
-25
-357
-1186
-1433
-1405
-1742
-2374
-2805
-3048
-3616
-4096
-3680
-2950
-2902
-2974
-2453
-1849
-1441
-1370
-1157
-1299
-1631
-2061
-2389
-3115
-3849
-5244
-6464
-7779
-6512
-1845
410
1001
1176
4320
8726
10559
10009
9104
9391
8100
4888
2769
3412
3621
-424
-2790
-1133
2380
3195
1950
2962
4459
4545
3143
2535
2683
896
-2912
-6284
-6286
-5660
-6792
-8281
-8140
-6036
-4778
-3496
-1189
472
943
493
537
1178
1184
457
-1150
-2517
-2603
-1693
-665
211
1222
2150
3562
5031
6227
7051
7362
6895
5768
5340
5158
4198
2340
805
208
-339
-776
-964
-935
-1176
-1546
-1203
-575
-298
-671
-1260
-1395
-1401
-1732
-2174
-2439
-2789
-3293
-3505
-3036
-2614
-2796
-2797
-2359
-1856
-1580
-1409
-1029
-1209
-1654
-2044
-2187
-2859
-3675
-5194
-6328
-7678
-6593
-1972
365
1043
1005
3980
8497
10337
9706
8715
9017
7880
4692
2679
3400
3637
-311
-2728
-1130
2324
3209
1836
2786
4350
4357
2996
2346
2511
816
-2968
-6336
-6329
-5660
-6636
-8028
-8005
-5906
-4592
-3282
-922
544
946
473
481
1005
1033
402
-1089
-2325
-2558
-1545
-358
493
1417
2284
3668
5111
6274
7127
7395
6934
6106
5446
5129
4237
2376
996
195
-447
-974
-1157
-1088
-1328
-1705
-1446
-789
-589
-771
-1222
-1298
-1355
-1772
-2003
-2234
-2642
-3233
-3445
-3088
-2715
-2790
-2822
-2367
-1994
-1665
-1364
-1073
-1224
-1578
-1914
-2143
-2978
-3817
-5411
-6596
-7963
-6840
-2084
268
851
968
4269
8809
10519
9916
9132
9382
7999
4828
2794
3491
3604
-565
-2936
-1220
2285
3028
1783
3035
4542
4505
3104
2591
2687
715
-3108
-6445
-6378
-5892
-7031
-8365
-8218
-6097
-4768
-3347
-878
664
1099
734
802
1265
1110
416
-1063
-2529
-2836
-1829
-701
184
1126
2093
3685
5124
6256
7177
7495
7056
5812
5320
5194
4234
2253
661
113
-562
-1073
-1233
-1136
-1303
-1819
-1423
-712
-403
-842
-1396
-1467
-1471
-1717
-2178
-2319
-2683
-3363
-3579
-3016
-2559
-2849
-2935
-2391
-1936
-1607
-1303
-929
-1157
-1533
-1847
-2065
-2755
-3602
-4997
-6264
-7596
-7477
-2916
112
980
759
3038
8044
10542
10063
9007
9270
8597
5357
2790
3127
3987
321
-2970
-1917
1589
3167
1792
2485
4266
4571
3342
2599
2908
1502
-2181
-5920
-6430
-5688
-6551
-8036
-8388
-6503
-4988
-3797
-1392
447
1096
854
760
1231
1307
776
-639
-2222
-2846
-2089
-886
-63
864
1804
3231
4774
5889
6998
7432
7208
5800
4878
5124
4607
2757
725
177
-156
-692
-910
-719
-718
-1496
-1434
-694
-145
-512
-1626
-1831
-1634
-1770
-2282
-2437
-2428
-3040
-3492
-2965
-2034
-2287
-2740
-2398
-1771
-1524
-1522
-1222
-1194
-1763
-2068
-2237
-2357
-3207
-4255
-5781
-6518
-7902
-6217
-1494
629
835
643
4348
8993
10238
9093
8594
9182
7507
4141
2612
3934
3446
-1016
-2835
-608
2828
2897
1587
3073
4575
4162
2659
2590
2749
457
-3600
-6283
-5789
-5593
-6849
-8228
-7879
-5949
-4808
-3183
-886
458
743
356
576
1116
1038
290
-1248
-2583
-2747
-1638
-538
160
929
2049
3672
4974
6007
7083
7141
6434
5020
4395
4950
4168
2178
590
370
316
-288
-461
-122
-494
-1482
-1259
-437
-285
-1176
-2341
-2314
-2170
-2307
-2552
-2577
-2448
-2929
-3103
-2277
-1500
-1999
-2544
-2131
-1608
-1607
-1771
-1558
-1524
-2205
-2399
-2296
-2223
-3056
-4000
-5312
-5940
-7401
-6049
-1306
780
848
461
4021
8772
9915
8797
8263
9005
7612
4391
2854
4053
3812
-627
-2554
-504
2720
2767
1210
2653
4118
3709
2405
2311
2584
492
-3381
-5932
-5446
-5210
-6510
-7916
-7759
-5968
-4917
-3452
-1227
1
364
73
327
1054
1130
568
-893
-2265
-2394
-1252
-235
150
809
1834
3399
4591
5603
6723
6913
6025
4657
4218
4554
4087
2084
672
521
462
61
-100
381
-49
-1020
-964
-236
-19
-1119
-2244
-2570
-2399
-2515
-2742
-2602
-2551
-2793
-2899
-1956
-1095
-1435
-2020
-1880
-1464
-1598
-1791
-1733
-1821
-2580
-2887
-2599
-2496
-3054
-3851
-4709
-5364
-6326
-7088
-2923
507
1000
209
1766
6696
9178
8662
7738
8217
8145
5597
3438
3603
4918
1981
-1597
-1074
1938
3698
1969
1957
3643
3963
2884
2047
2454
1430
-1650
-5059
-5703
-4889
-5566
-6958
-7947
-6686
-5135
-4203
-2319
-800
-83
-125
-292
386
868
762
-207
-1744
-2364
-1459
-131
206
671
1545
2841
4056
4928
6240
6894
6282
4811
3986
4403
4286
3044
1420
897
912
578
502
687
735
-369
-940
-329
-95
-806
-2231
-2664
-2697
-2745
-2672
-2495
-2275
-2532
-2578
-2034
-1183
-1010
-1586
-1766
-1662
-1578
-1852
-1956
-2069
-2561
-3004
-2839
-2498
-2607
-3310
-3783
-4640
-5136
-6528
-5652
-1048
844
683
202
3299
7674
8821
8144
7619
8288
7390
4773
3299
4213
4545
564
-1701
-218
2801
3118
1363
2250
3521
3404
2235
2012
2278
657
-2627
-5320
-5100
-4578
-5626
-7246
-7656
-5897
-4860
-3770
-1907
-724
-168
-401
-178
535
868
546
-636
-1871
-1884
-661
171
450
1047
1967
3226
4155
5150
6369
6528
5654
4249
3985
4468
4098
2618
1163
1064
875
657
532
824
488
-722
-780
-263
-164
-1144
-2318
-2569
-2561
-2526
-2632
-2377
-2214
-2437
-2371
-1658
-775
-1030
-1601
-1712
-1455
-1484
-1931
-1797
-1947
-2488
-2917
-2555
-2345
-2600
-3280
-3784
-4532
-5154
-6322
-5748
-1280
609
490
244
3245
7598
8636
7908
7411
8098
7304
4889
3407
4111
4398
665
-1499
-77
2778
3129
1282
2194
3581
3510
2429
2122
2363
711
-2288
-4921
-4951
-4528
-5572
-7160
-7611
-5969
-4809
-3912
-2181
-974
-366
-450
-226
490
765
536
-613
-1860
-1915
-771
48
170
755
1744
3018
3935
4917
6091
6308
5614
4258
3828
4350
4033
2587
1190
1037
1016
619
619
1061
664
-548
-724
-112
-41
-1050
-2222
-2529
-2543
-2642
-2743
-2508
-2327
-2617
-2513
-1617
-713
-972
-1504
-1369
-1123
-1324
-1746
-1684
-1836
-2565
-2974
-2620
-2423
-2754
-3334
-3771
-4136
-4956
-5677
-6348
-2795
292
497
282
1775
5952
8059
7874
7322
7626
7738
5691
3780
3451
4594
2498
-706
-587
1761
3435
1820
1495
3083
3648
2831
1815
2058
1258
-981
-4038
-5163
-4475
-4986
-6302
-7544
-6569
-4990
-4409
-3149
-1765
-736
-493
-519
37
487
606
-90
-1412
-1907
-1123
-105
23
407
1439
2495
3501
4226
5378
6052
5719
4677
3749
4071
4042
2978
1582
1032
1074
706
608
852
969
70
-588
-108
126
-511
-1839
-2333
-2453
-2714
-2802
-2744
-2355
-2455
-2579
-1960
-994
-573
-998
-1123
-881
-835
-1257
-1506
-1480
-2139
-2654
-2756
-2555
-2658
-3176
-3589
-3643
-4292
-5007
-5765
-5850
-1981
273
510
497
2420
6311
7826
7579
7046
7468
7254
5267
3402
3486
4499
1846
-856
-212
2278
3348
1617
1730
3235
3453
2336
1619
1793
985
-1365
-4362
-4962
-4400
-4991
-6466
-7363
-5973
-4664
-4288
-2947
-1556
-598
-493
-561
35
517
557
-234
-1385
-1666
-705
38
139
695
1599
2644
3397
4192
5415
5985
5480
4429
3498
3832
3993
2634
1362
950
1041
679
461
985
970
31
-449
-63
76
-591
-1837
-2539
-2664
-2907
-2921
-2849
-2548
-2454
-2706
-2001
-925
-669
-1133
-1125
-819
-1006
-1347
-1413
-1427
-2241
-2864
-2706
-2544
-2701
-3223
-3388
-3659
-4045
-4931
-5256
-6007
-3493
-341
303
653
1406
4715
7295
7531
6973
6913
7468
6132
3890
2929
4274
3312
-218
-695
1313
3287
2079
1230
2877
3614
2895
1685
1695
1509
-270
-3389
-5068
-4414
-4635
-6093
-7310
-6490
-4940
-4784
-3809
-2157
-1030
-696
-883
-436
162
444
61
-1103
-1754
-1217
-346
-119
244
1131
2131
3065
3793
4815
5685
5636
4918
3700
3377
3471
2888
1584
972
1087
640
519
857
1447
880
26
166
227
-90
-1177
-2028
-2543
-2965
-3126
-3205
-2732
-2527
-2455
-2152
-1158
-238
-424
-494
-440
-480
-865
-1137
-1254
-1937
-2719
-2930
-2914
-3002
-3243
-3329
-3488
-3730
-4096
-4679
-5037
-5905
-2997
-183
457
526
1242
4753
7007
6966
6329
6686
7345
5577
3480
3193
4907
3128
-241
-183
2016
3443
1721
1348
2910
3286
2221
1089
1531
1291
-815
-3948
-4959
-4111
-4694
-6160
-7072
-6089
-4857
-4800
-3581
-2051
-1212
-1027
-1058
-474
138
459
-77
-1120
-1479
-942
-146
61
535
1262
2111
2903
3475
4557
5331
5285
4407
3355
3381
3290
2798
1514
877
1112
704
715
974
1491
892
89
155
141
-100
-1336
-2152
-2730
-3051
-3104
-3268
-2790
-2680
-2513
-2124
-1138
-296
-547
-732
-611
-568
-1095
-1466
-1548
-2132
-2813
-3138
-2902
-2894
-3242
-3432
-3524
-3660
-3906
-4625
-4796
-5668
-3581
-420
434
723
1012
4046
6675
6947
6373
6456
7287
5923
3796
3025
4544
3694
208
-367
1367
3133
1952
1116
2585
3093
2276
1024
1336
1381
-405
-3306
-4873
-4206
-4458
-5775
-6831
-6177
-4991
-5008
-3935
-2338
-1326
-959
-1083
-600
-28
284
33
-887
-1468
-1097
-287
-96
335
1149
1944
2802
3379
4350
5221
5285
4560
3441
3293
3382
2680
1537
870
766
500
437
816
1217
793
217
336
532
278
-715
-1634
-2148
-2566
-2945
-3092
-2888
-2816
-2809
-2423
-1398
-648
-569
-648
-460
-339
-681
-988
-1118
-1587
-2373
-2780
-2778
-2858
-3047
-3527
-3637
-3719
-3894
-4365
-4735
-5174
-5261
-1982
146
776
717
2173
5524
6801
6584
6144
6757
6571
4483
2949
3412
4416
1954
-197
439
2366
2949
1486
1969
3189
2924
1588
1012
1506
581
-1798
-4265
-4604
-4310
-5125
-6109
-6496
-5435
-4802
-4489
-2995
-1730
-976
-985
-1017
-500
-139
-28
-561
-1431
-1600
-902
-209
74
729
1545
2444
3027
3672
4798
5329
4945
3847
3161
3156
2835
1933
1052
782
711
516
606
1141
1369
758
478
642
580
-68
-1160
-1822
-2417
-2994
-3237
-3167
-2910
-2843
-2693
-2016
-1064
-526
-499
-453
-353
-445
-794
-1157
-1446
-2072
-2673
-2830
-2734
-2826
-3035
-3314
-3214
-3557
-3727
-4241
-4381
-5177
-4680
-1286
356
721
541
2623
5838
6667
6214
6017
6912
6268
4123
2862
3725
4194
1237
-384
584
2575
2380
1010
1938
2907
2449
1129
899
1275
171
-2275
-4406
-4326
-4214
-5224
-6295
-6404
-5257
-4854
-4253
-2722
-1698
-1084
-1160
-943
-318
129
168
-561
-1305
-1332
-591
-108
186
867
1614
2544
3109
3828
4821
5136
4638
3531
3062
3191
2762
1715
967
748
462
415
657
1165
1078
491
496
585
369
-335
-1156
-1897
-2514
-2973
-3033
-2880
-2897
-2885
-2580
-1838
-1026
-740
-660
-489
-501
-711
-927
-1125
-1512
-2188
-2599
-2701
-2681
-2794
-2928
-3021
-3067
-3512
-3658
-4049
-4278
-5156
-4740
-1361
339
601
478
2692
5763
6471
6131
6089
6942
6081
3864
2764
3588
3915
1015
-629
437
2320
2212
972
1948
2960
2387
1084
967
1370
151
-2293
-4379
-4393
-4359
-5310
-6261
-6246
-5079
-4679
-4162
-2689
-1484
-849
-931
-835
-254
147
45
-634
-1313
-1293
-665
-242
89
908
1743
2404
2900
3781
4875
5113
4486
3537
3039
2985
2457
1554
786
567
496
360
637
1147
1250
672
480
614
395
-335
-1289
-1960
-2566
-2982
-3215
-3139
-2849
-2838
-2556
-1920
-1008
-549
-600
-508
-370
-530
-947
-1115
-1297
-2017
-2545
-2629
-2422
-2511
-2672
-2776
-2781
-3059
-3276
-3713
-4045
-4724
-5043
-2004
107
654
501
1956
5284
6570
6218
6070
6835
6488
4399
2891
3428
4226
1567
-532
93
1939
2313
1012
1579
2771
2528
1370
1001
1472
601
-1622
-3985
-4186
-4020
-4923
-5922
-6267
-5261
-4719
-4369
-2900
-1612
-893
-904
-841
-233
249
334
-296
-1038
-1160
-548
-63
143
773
1569
2353
2887
3663
4791
5259
4735
3758
3232
3138
2724
1851
1104
793
470
406
770
1236
1215
662
533
689
509
-87
-993
-1687
-2354
-2845
-2953
-2854
-2881
-2949
-2596
-1939
-1102
-677
-416
-260
-348
-488
-644
-788
-1152
-1713
-2117
-2152
-2135
-2153
-2286
-2266
-2443
-2569
-2947
-3138
-3792
-4345
-5365
-4845
-1524
25
290
410
2569
5567
6352
6256
6347
6819
5992
3900
2844
3596
3603
662
-845
236
1950
1900
935
2071
2990
2424
1417
1406
1783
473
-2120
-4111
-4095
-4132
-5128
-6195
-6176
-4991
-4644
-4078
-2349
-975
-514
-723
-539
232
596
348
-437
-1169
-1103
-532
-220
177
1051
1687
2301
2970
3992
5109
5159
4606
3811
3329
3144
2640
1758
1030
650
296
354
730
1122
1062
564
547
590
417
-167
-1059
-1774
-2441
-2716
-2834
-2939
-2919
-2856
-2500
-1830
-994
-525
-319
-251
-280
-299
-412
-563
-1052
-1596
-1906
-1912
-2004
-2051
-2114
-2108
-2302
-2446
-2744
-3040
-3727
-4299
-5337
-5371
-2137
-298
166
194
1943
5111
6315
6419
6394
6885
6208
4208
2915
3371
3813
1058
-921
-97
1712
1989
947
1904
3063
2610
1714
1649
2145
961
-1549
-3799
-4046
-4028
-5073
-6147
-6352
-5338
-4938
-4394
-2590
-1071
-562
-692
-472
350
640
421
-197
-972
-1201
-878
-442
18
802
1427
2037
2778
3898
5032
5240
4768
4016
3385
3163
2719
1931
1100
421
50
-23
536
1055
804
329
427
836
625
120
-630
-1467
-2295
-2733
-2598
-2683
-2782
-2946
-2666
-1852
-1091
-542
-353
-78
-38
-115
-92
-120
-558
-1332
-1655
-1687
-1783
-1975
-2088
-2198
-2305
-2393
-2334
-2667
-3160
-4138
-4699
-5752
-4304
-1220
-282
-113
263
2908
5588
6237
6273
6293
6645
5440
3658
2984
3888
3085
-83
-807
606
2071
1537
1069
2488
2870
2196
1598
2088
1984
127
-2399
-3800
-3637
-4146
-5320
-6171
-5777
-4815
-4758
-3630
-1699
-712
-662
-668
59
693
694
302
-483
-1043
-1064
-662
-375
195
917
1415
2119
3074
4273
4957
4801
4288
3595
3161
2809
2266
1409
674
150
-147
153
703
825
510
507
832
658
246
-217
-911
-1739
-2408
-2535
-2517
-2732
-2985
-2701
-2025
-1277
-699
-321
14
173
82
123
118
-296
-985
-1424
-1514
-1753
-1837
-1826
-1845
-2008
-1894
-1863
-1865
-2368
-3001
-3824
-4670
-5678
-5852
-3031
-1194
-860
-795
1186
4669
6157
6104
6256
6944
6460
4393
3191
3574
3649
688
-1180
-299
1348
1536
629
1740
2994
2765
2101
2266
2735
1398
-1123
-3034
-3233
-3579
-5062
-6099
-6119
-5332
-5016
-4387
-2409
-1064
-637
-496
246
1118
1112
759
69
-677
-1072
-1026
-805
-409
187
568
1234
2284
3551
4476
4663
4481
4018
3486
3032
2336
1589
716
67
-285
-413
62
424
378
255
658
982
762
431
-159
-772
-1694
-2171
-2330
-2534
-2701
-2797
-2338
-1617
-966
-507
-4
470
494
509
528
343
-286
-1020
-1294
-1513
-1797
-2018
-2006
-1966
-2016
-1867
-1780
-1896
-2183
-2827
-3455
-4449
-5346
-6526
-4805
-2124
-1665
-1554
-405
2865
5279
5547
5946
6766
7050
5412
3823
3688
4075
2169
-650
-591
832
1420
629
915
2732
2978
2259
2339
3149
2641
430
-1763
-2547
-2748
-4151
-5664
-6044
-5596
-5153
-5041
-3478
-1584
-886
-583
-130
897
1366
902
367
-243
-808
-1116
-1095
-876
-412
28
489
1400
2538
3681
4303
4310
4215
3754
3402
2725
2010
1248
459
-202
-706
-365
-75
-70
-121
194
654
551
455
245
-283
-1102
-1768
-1939
-2212
-2449
-2539
-2310
-1856
-1422
-766
-164
245
314
347
545
443
-34
-595
-892
-1205
-1607
-1729
-1666
-1615
-1848
-1807
-1616
-1554
-1786
-2185
-2706
-3270
-4250
-5161
-6296
-5978
-3354
-2147
-1657
-876
1562
4439
5533
5917
6504
7074
6281
4429
3354
3622
2960
149
-995
134
1190
850
601
2316
3372
2858
2550
3120
3246
1585
-602
-1983
-2389
-3533
-5198
-5944
-5697
-5199
-5180
-4354
-2251
-1008
-725
-221
833
1471
1088
626
169
-425
-967
-1237
-1163
-766
-337
54
865
2061
3109
3784
4163
4411
4161
3546
2964
2133
1261
584
-175
-767
-1009
-844
-545
-312
58
509
766
802
942
667
157
-544
-1082
-1355
-1845
-2112
-2155
-1981
-1639
-1231
-622
32
468
626
884
1000
790
332
-193
-612
-1144
-1605
-1807
-1952
-2145
-2188
-2094
-1954
-1882
-1841
-2005
-2185
-2682
-3211
-4101
-4836
-5931
-6062
-3600
-2043
-1598
-1064
1101
4047
5261
5565
6364
7122
6437
4659
3768
4023
3425
735
-560
229
1053
791
451
1985
3140
2516
2176
2909
3249
1722
-452
-1714
-2108
-3308
-5058
-5702
-5484
-5271
-5403
-4555
-2356
-1157
-879
-263
920
1712
1420
1096
914
349
-418
-949
-848
-485
-348
-237
521
1634
2487
3126
3555
3947
3693
2979
2656
2036
1028
58
-679
-1001
-1246
-1235
-902
-543
-170
298
703
933
1024
814
358
-98
-619
-1043
-1481
-1708
-1781
-1856
-1454
-873
-298
117
570
1007
1139
1122
907
544
7
-518
-1060
-1535
-1804
-2067
-2157
-2022
-1864
-1655
-1541
-1481
-1393
-1507
-1935
-2191
-2796
-3430
-4388
-5086
-6080
-5582
-3226
-1917
-1269
-246
2113
4466
5428
5886
6539
6839
5856
4184
3388
3449
2395
-115
-787
176
618
223
431
2087
2721
2086
2123
2804
2575
885
-887
-1801
-2291
-3727
-5165
-5258
-4933
-4876
-4788
-3428
-1324
-495
-174
905
2047
2238
1687
1491
1320
464
-566
-819
-671
-579
-627
-411
456
1451
1980
2525
3184
3450
3034
2348
2079
1432
39
-984
-1308
-1608
-1924
-1847
-1265
-672
-234
345
1013
1449
1592
1340
1040
767
77
-657
-1096
-1212
-1491
-1697
-1322
-659
-206
146
766
1211
1284
1187
1067
747
133
-574
-1171
-1595
-1934
-2274
-2482
-2268
-1965
-1680
-1447
-1068
-844
-978
-1041
-1183
-1694
-2268
-2933
-3442
-4191
-4618
-5306
-4767
-2620
-1261
-457
644
2833
4767
5287
5500
6110
6149
4944
3242
2393
2277
1241
-717
-1103
-357
-74
-351
81
1709
2252
1556
1591
2121
1862
378
-1043
-1661
-2327
-3678
-4650
-4408
-3973
-3938
-3706
-2401
-545
184
556
1572
2356
2234
1629
1562
1454
466
-546
-742
-572
-547
-657
-367
466
1124
1373
1781
2350
2393
1761
1096
816
267
-935
-1872
-2124
-2361
-2531
-2231
-1454
-653
-52
709
1509
2077
2303
2175
1968
1592
866
121
-374
-653
-1037
-1302
-979
-447
-86
365
942
1399
1543
1506
1332
941
300
-425
-1043
-1525
-1928
-2277
-2457
-2318
-1914
-1478
-982
-571
-233
-129
-135
-244
-610
-1157
-1681
-2360
-2946
-3465
-3757
-4033
-4158
-4250
-4034
-2175
-538
490
1270
2662
4096
4612
4251
4373
4456
3435
1909
945
904
512
-789
-1221
-390
124
-26
329
1666
2454
1725
1239
1703
1689
509
-821
-1406
-1769
-2781
-3571
-3182
-2499
-2453
-2422
-1413
280
1065
1122
1597
2187
1947
1255
1108
1125
326
-821
-1168
-865
-786
-1018
-885
-304
137
267
528
1079
1184
634
-4
-111
-375
-1206
-1901
-1988
-1936
-1947
-1612
-735
237
673
1287
2188
2904
3066
2825
2534
2139
1380
544
30
-452
-936
-1419
-1296
-762
-476
-176
330
923
1128
1119
1213
1058
495
-200
-706
-1130
-1657
-2040
-2106
-2011
-1718
-1311
-763
-160
316
638
768
877
675
123
-499
-1037
-1606
-2354
-2840
-3184
-3323
-3485
-3369
-3141
-2900
-2650
-2467
-995
328
916
1228
2048
2948
3046
2571
2679
3101
2591
1527
1059
1163
1222
449
148
873
1034
488
440
1368
1765
849
106
418
535
-413
-1127
-1357
-1492
-2155
-2657
-1934
-1228
-1379
-1549
-737
448
771
633
1071
1529
1161
690
899
1120
565
-281
-349
113
76
-210
-203
79
66
-186
-79
292
188
-454
-824
-614
-711
-1253
-1566
-1446
-1294
-1267
-944
-117
381
641
938
1594
2110
2049
1802
1600
1395
921
442
155
-123
-515
-784
-655
-352
-156
-147
160
548
681
664
768
696
289
-163
-414
-576
-884
-1161
-1216
-1099
-980
-766
-434
-16
313
435
551
701
602
301
-41
-478
-926
-1412
-1818
-2098
-2216
-2306
-2294
-2229
-2083
-1958
-1796
-1652
-1688
-1654
-1732
-962
-126
310
516
1381
2218
2350
2371
2745
3270
2975
2175
1778
1772
1433
497
61
111
-169
-786
-671
10
187
-297
-405
117
402
-59
-309
-274
-546
-1133
-1346
-832
-623
-1138
-1307
-607
191
453
536
1068
1445
1233
1218
1599
1688
944
314
194
135
-264
-770
-919
-1016
-1221
-1293
-936
-626
-717
-833
-582
-180
-216
-501
-502
-370
-558
-593
-161
274
162
338
929
1428
1663
1726
1937
1827
1498
1203
917
668
92
-407
-585
-712
-946
-1103
-908
-716
-549
-282
138
533
494
453
501
492
293
58
-83
-380
-513
-477
-420
-364
-183
-86
66
348
554
543
368
198
-67
-473
-783
-1153
-1590
-1991
-2289
-2425
-2450
-2420
-2267
-2081
-1839
-1498
-1294
-1153
-1078
-1051
-1126
-1059
-529
26
398
841
1601
2198
2435
2522
2835
3218
2815
2117
1583
1345
902
33
-496
-626
-1078
-1569
-1380
-644
-341
-510
-260
369
761
637
540
603
264
-242
-374
-131
-156
-704
-910
-460
136
323
478
947
1178
1001
1006
1336
1165
464
-61
-248
-433
-980
-1410
-1523
-1587
-1703
-1646
-1160
-834
-777
-590
-125
346
303
185
286
321
93
51
214
257
163
323
797
1035
1110
1109
1245
1282
1133
968
770
493
26
-309
-478
-548
-767
-920
-801
-464
-195
60
377
636
828
1001
1053
929
790
513
247
91
-122
-437
-592
-580
-481
-530
-373
-160
-137
-138
-90
-98
-263
-452
-709
-991
-1237
-1465
-1662
-1748
-1794
-1767
-1608
-1392
-1073
-891
-674
-427
-192
-194
-191
-306
-494
-750
-881
-712
-484
-26
327
835
1295
1606
1739
1954
2302
2162
1731
1259
890
462
-121
-461
-738
-958
-1136
-936
-399
171
439
680
1139
1592
1749
1689
1536
1191
605
159
-41
-253
-725
-1019
-865
-663
-460
-258
58
349
456
507
657
676
323
-99
-383
-524
-886
-1243
-1351
-1381
-1421
-1214
-795
-487
-265
46
450
839
928
946
858
791
609
493
398
263
244
191
286
388
498
526
540
583
616
647
502
279
124
-7
-62
-232
-240
-260
-192
-20
106
307
362
451
516
594
647
484
390
149
-18
-96
-186
-295
-397
-398
-357
-319
-313
-349
-348
-300
-342
-356
-439
-579
-715
-771
-821
-1028
-1188
-1196
-1175
-1141
-1036
-824
-675
-537
-403
-287
-187
-110
-174
-257
-331
-506
-634
-697
-728
-613
-427
-196
177
646
1001
1201
1376
1586
1679
1490
1232
1012
727
344
59
-128
-236
-454
-427
-198
71
339
579
916
1156
1192
1215
1156
999
651
365
156
-129
-435
-643
-638
-565
-543
-350
-84
129
255
369
596
627
454
374
262
81
-196
-462
-666
-802
-865
-824
-673
-524
-333
-76
188
414
544
645
754
821
862
920
878
826
646
439
347
307
344
191
99
62
106
261
246
312
312
298
461
590
586
411
340
311
273
303
217
89
-8
-52
27
38
39
75
24
76
218
243
191
110
29
-33
-55
-163
-282
-476
-527
-559
-644
-743
-781
-753
-701
-729
-716
-671
-593
-541
-436
-299
-315
-274
-308
-306
-264
-269
-247
-255
-279
-258
-224
-225
-211
-262
-184
2
51
275
448
592
766
813
919
984
963
840
740
714
595
446
410
299
182
28
36
170
231
247
274
363
419
512
553
558
425
290
187
147
53
-86
-141
-160
-203
-166
-64
-52
-52
38
125
161
233
174
179
152
104
15
-89
-89
-151
-100
-28
51
104
221
404
484
617
675
705
616
588
589
498
444
320
217
124
6
48
82
121
167
220
358
364
354
402
417
334
176
86
3
-45
-125
-248
-276
-296
-257
-185
-153
-62
11
78
154
237
185
113
30
-73
-121
-194
-305
-429
-437
-440
-388
-306
-216
-177
-109
-70
-58
32
55
34
8
24
-86
-159
-209
-296
-314
-399
-394
-389
-302
-257
-228
-197
-190
-120
-149
-93
-134
-161
-252
-283
-211
-108
-89
-62
-19
47
115
192
285
331
305
269
294
284
220
138
105
0
-18
37
61
65
66
154
197
307
384
360
308
261
271
317
285
260
187
132
126
171
161
134
210
245
323
376
360
355
410
391
318
370
385
312
239
242
230
225
274
211
225
174
152
169
197
219
185
216
234
214
206
180
189
164
139
136
132
130
121
123
86
96
66
67
34
32
5
-40
48
42
27
33
-7
-26
-56
4
42
31
-26
-107
-146
-144
-121
-158
-202
-245
-195
-235
-187
-155
-159
-173
-158
-179
-167
-148
-104
-81
-162
-129
-197
-195
-236
-262
-274
-251
-221
-225
-191
-167
-126
-163
-166
-101
-94
-113
-169
-221
-237
-292
-321
-354
-308
-281
-310
-238
-229
-150
-125
-124
-72
26
128
165
243
234
169
108
122
126
80
51
10
18
50
108
152
170
244
233
282
383
396
434
414
405
398
308
263
215
188
227
238
239
183
193
205
250
333
360
324
368
466
516
525
444
414
345
325
277
158
70
5
25
29
94
117
118
143
259
296
304
367
388
388
367
301
207
74
-32
-84
-201
-200
-207
-215
-168
-121
-59
41
132
217
285
246
275
170
151
121
0
-82
-124
-98
-72
-98
-114
-33
-14
48
97
186
211
170
175
181
159
48
-48
-122
-194
-242
-278
-267
-277
-271
-154
-118
-40
3
-7
17
65
68
17
-13
-103
-201
-186
-230
-328
-338
-324
-286
-199
-167
-197
-160
-56
13
29
55
20
-80
-48
-36
-60
-24
-62
-56
-6
-20
6
63
70
161
227
274
335
332
337
302
319
219
228
241
219
268
330
363
325
421
484
560
567
484
454
459
395
366
340
311
231
193
195
163
209
177
186
220
255
211
220
209
182
182
154
99
87
95
49
23
-28
-81
-47
63
117
40
-21
100
108
75
127
77
87
27
-33
17
-49
-114
-146
-139
-104
-101
-48
-8
-30
24
41
35
-18
-22
1
-37
-55
-91
-74
-45
-24
-40
-13
-10
25
48
50
133
66
69
38
14
-13
-57
-44
-45
-53
-84
-157
-74
-65
-54
-21
-40
-27
-60
-74
-91
-125
-86
-39
-91
-113
-82
-94
-156
-138
-139
-134
-148
-135
-47
-50
-48
-66
-104
3
10
-38
9
33
23
18
34
56
79
72
111
83
98
176
182
123
97
172
150
148
187
211
272
232
270
305
268
309
297
266
275
257
198
196
173
165
129
128
115
158
199
233
215
129
121
186
160
66
33
-22
-20
43
78
50
28
65
99
118
153
108
137
90
147
114
66
128
56
-12
-8
-28
-67
-44
-11
32
-18
18
91
108
90
89
140
62
23
-23
-26
-1
-53
-139
-104
-82
-155
-118
-124
-105
-53
17
46
34
38
-46
-50
-71
-89
-123
-198
-211
-239
-235
-265
-258
-230
-172
-225
-217
-181
-163
-147
-154
-116
-82
-150
-172
-157
-169
-133
-123
-58
-65
-61
31
16
-22
-55
22
59
-17
4
11
63
-13
-91
-49
-40
-29
-69
-94
-71
20
72
71
102
71
79
105
68
97
88
81
73
104
94
68
59
33
42
101
147
110
148
130
68
146
132
107
97
62
46
33
-2
13
49
75
74
84
73
135
142
173
130
66
58
27
23
-62
-68
-16
-48
-86
-122
-95
-39
-8
-35
-45
7
-14
-55
-94
-91
-60
-67
-111
-111
-88
-77
-85
-47
-56
-88
-114
-1
-33
-44
9
28
51
43
56
17
-1
65
95
81
79
68
53
131
78
48
109
28
84
111
93
71
57
65
22
2
-39
-18
-8
-24
-1
32
42
62
62
79
4
0
52
25
6
54
131
94
101
49
-11
45
57
19
19
16
12
-8
-3
-8
-4
0
-56
-7
8
36
25
49
44
-26
-20
-46
-26
22
94
39
-45
-5
43
83
65
16
-3
39
54
25
-14
-76
-38
-3
-24
-71
-78
-117
-51
-71
-115
-65
-46
-89
-56
-50
-52
9
-27
-67
-63
8
0
-44
-77
-96
-58
-91
-98
-60
-70
-25
-111
-108
-134
-53
44
40
4
11
-6
-26
-25
-68
-72
-88
-63
-32
-28
3
14
2
71
63
51
85
100
77
90
-28
10
3
-108
-61
-75
-63
-60
-80
-95
-48
-45
-64
-123
-84
-28
-77
-58
-78
-48
-15
-68
-86
-78
-16
7
-36
-28
-42
-75
-39
-109
-60
-47
-74
-95
-95
-101
-99
-75
-94
-149
-169
-170
-226
-191
-112
-128
-153
-109
-117
-137
-94
-29
-93
-46
-39
-57
36
22
23
27
33
5
-31
-30
26
-6
-49
-37
-41
-10
23
78
47
57
84
27
20
43
-17
-67
-34
-42
-73
-55
-91
-92
-76
-90
-63
-72
-68
-77
-43
-51
-127
-63
-23
-38
-49
-71
-32
-67
-87
-131
-108
-56
-39
44
25
25
32
0
42
-12
17
43
77
74
3
35
42
18
-19
-8
-38
-11
-9
20
29
16
-34
-10
68
34
-3
-19
-12
-3
-27
-75
-99
-99
-40
-47
-77
-58
-47
-60
-44
-24
-6
17
-19
-35
-82
-84
-107
-97
-108
-109
-114
-78
-34
-37
-68
-21
20
25
20
65
56
40
31
28
64
-30
-43
-82
-107
-74
-81
-65
-81
20
61
-43
-2
-19
-14
-35
-28
-62
-61
-54
-97
-48
-89
-119
-149
-102
-83
-87
-49
-67
-25
-45
-17
-55
-144
-119
-138
-151
-133
-143
-160
-175
-168
-203
-183
-154
-111
-133
-112
-93
-100
-174
-241
-217
-245
-261
-293
-283
-207
-256
-185
-97
-94
-19
-13
-11
-6
67
40
20
67
-3
-74
-41
15
-33
-10
-21
-30
18
-17
-26
44
7
1
10
-1
-14
-20
-37
-80
-200
-271
-341
-403
-429
-532
-553
-543
-574
-534
-514
-406
-269
-188
-107
-28
26
59
87
91
23
0
27
-61
-136
-205
-223
-203
-225
-277
-312
-324
-237
-246
-275
-252
-220
-180
-146
-78
-90
-109
-59
-34
-60
-45
-41
-101
-117
-163
-139
-130
-148
-154
-230
-238
-241
-284
-298
-291
-242
-246
-246
-301
-321
-233
-243
-167
-184
-209
-154
-184
-177
-109
-125
-177
-132
-162
-169
-147
-173
-199
-195
-150
-112
-142
-103
-136
-127
-82
-84
-94
-161
-222
-178
-205
-221
-211
-246
-242
-247
-198
-178
-127
-141
-133
-77
-140
-90
-99
-103
-62
-219
-262
-251
-281
-271
-302
-277
-273
-260
-253
-226
-234
-201
-191
-220
-146
-199
-185
-145
-224
-208
-216
-213
-147
-145
-149
-108
-61
-52
-76
-72
-69
-74
-30
-17
10
59
17
15
5
19
-9
-24
26
-10
4
24
41
-29
-18
-98
-110
-107
-145
-141
-130
-119
-153
-112
-106
-121
-60
-46
-24
-59
-50
-76
-64
13
-80
-60
-102
-138
-162
-251
-239
-161
-123
-168
-202
-226
-210
-231
-217
-153
-160
-186
-227
-228
-229
-281
-310
-267
-293
-297
-303
-240
-242
-313
-267
-201
-161
-209
-203
-217
-260
-275
-262
-259
-255
-276
-285
-254
-238
-204
-195
-181
-214
-197
-145
-203
-154
-131
-165
-118
-136
-136
-122
-85
-104
-79
-54
-44
-4
-8
-16
-33
-62
-63
-40
-52
-52
-69
-108
-110
-81
-82
-49
-49
-104
-74
-64
-36
21
39
12
34
15
45
31
-4
6
-76
-56
-37
-96
-75
-28
-40
43
11
-12
-9
-104
-49
-53
-127
-177
-160
-133
-148
-178
-256
-214
-225
-194
-162
-203
-208
-182
-170
-140
-188
-174
-165
-269
-260
-288
-243
-243
-309
-317
-294
-259
-249
-215
-215
-150
-160
-149
-122
-108
-117
-123
-120
-181
-192
-225
-208
-119
-95
-38
11
8
25
14
85
83
73
54
60
68
32
81
101
133
87
64
64
10
5
-15
3
30
15
42
97
133
133
45
115
103
130
125
108
132
115
65
47
37
49
52
63
65
42
71
48
-8
-129
-121
-113
-55
-33
-125
-63
-45
-59
-60
-17
-11
-106
9
44
-19
-58
-51
-31
-66
5
-23
1
-21
-10
30
11
48
26
58
62
8
34
51
72
53
54
35
-9
-71
-105
-51
-83
-60
-27
-37
-69
-45
23
-6
-40
-80
-42
-14
8
52
43
16
50
46
21
85
24
42
92
103
83
62
61
99
70
33
19
-39
32
22
9
29
40
13
16
-17
-50
-110
-97
-39
-34
-11
-50
-69
-59
-88
-113
-86
-79
-132
-171
-134
-141
-161
-158
-240
-215
-155
-197
-156
-161
-155
-88
-110
-104
-166
-151
-106
-126
-181
-142
-155
-178
-173
-165
-115
-135
-79
-65
-98
-164
-174
-122
-92
-139
-167
-157
-129
-70
-58
-40
-22
-10
-18
-19
-19
-31
-62
-67
-27
