143
136
147
157
147
123
110
91
122
180
171
180
151
175
139
161
203
135
108
127
119
137
126
148
191
147
174
218
210
196
180
131
145
194
126
119
91
73
38
60
115
108
63
78
121
81
153
114
87
88
80
69
96
161
147
147
168
156
100
46
72
32
49
95
110
137
72
74
38
41
97
74
60
97
101
87
92
109
71
56
68
31
71
63
102
112
53
83
97
34
65
144
119
118
59
31
-9
18
40
50
154
187
123
101
108
75
134
74
91
118
77
91
72
70
76
102
71
61
87
84
32
38
59
106
161
150
103
99
202
149
153
147
83
101
70
73
96
62
126
145
116
90
105
114
111
109
79
81
85
41
-23
35
83
74
4
30
91
92
105
122
87
76
126
106
101
88
115
118
130
124
131
118
96
114
78
125
164
154
124
122
87
79
143
207
197
212
163
137
146
160
128
151
233
222
173
107
127
56
71
74
33
102
152
147
125
167
186
112
98
139
160
158
163
163
140
134
108
101
110
128
126
106
56
83
115
126
122
154
192
134
88
73
103
158
103
122
94
36
34
53
84
118
79
97
113
67
90
52
35
29
41
79
66
63
64
89
39
6
26
-1
8
36
100
89
70
79
107
113
55
72
16
73
41
78
100
72
129
68
83
49
70
68
29
44
63
46
22
22
24
54
61
30
17
45
72
36
50
70
100
109
73
75
64
66
89
45
16
10
66
37
62
79
51
77
35
49
25
86
53
20
10
19
28
60
102
81
87
50
21
16
40
80
-60
9
56
41
18
22
75
58
72
44
79
31
43
27
6
-10
23
21
55
80
79
67
27
48
71
65
74
34
15
34
30
43
30
43
1
35
61
30
17
-11
9
49
50
6
-27
15
26
52
-31
10
87
112
96
58
62
87
91
78
62
59
60
59
40
52
109
40
42
60
10
17
33
23
26
26
29
60
102
92
65
28
35
76
99
31
45
93
94
86
123
161
142
89
82
71
48
40
84
108
67
24
38
-5
3
64
35
60
-5
7
48
78
86
48
89
22
58
65
49
63
43
53
13
56
54
64
76
85
86
48
80
88
53
41
45
-7
-5
6
39
23
28
-16
0
-32
-20
25
33
59
-17
36
16
64
85
45
89
1
1
39
4
-14
93
103
96
45
44
25
36
84
30
69
59
50
1
52
17
-4
38
57
55
-3
21
71
51
56
43
-10
54
57
15
14
37
43
66
43
8
85
64
46
71
28
113
113
130
137
106
90
23
94
102
100
54
62
112
55
32
72
97
80
89
27
62
81
147
118
75
70
42
10
-26
33
60
56
41
70
38
55
77
99
111
92
85
26
1
33
40
86
88
27
41
-6
-1
53
-9
-4
-19
50
99
83
90
71
61
64
53
31
52
-1
27
56
-6
-34
12
25
-39
-21
-57
-12
-15
-46
-36
-40
-36
-6
29
10
-1
-33
-19
-16
79
43
-8
46
52
21
43
75
28
4
41
54
-38
-24
24
17
-34
36
-35
-65
-22
19
27
14
25
26
51
2
54
4
50
14
37
37
6
13
-18
10
-6
23
23
42
6
21
6
-26
33
21
14
70
72
1
66
93
59
67
58
52
18
18
35
27
29
40
85
18
-7
-38
-4
-33
9
32
-19
-36
-43
-15
36
66
52
58
9
19
16
-8
-31
-38
-37
10
47
87
69
45
53
82
41
20
57
50
40
44
18
21
13
5
50
66
67
35
4
-11
-25
18
44
28
87
115
58
57
33
-31
34
58
66
43
37
-7
16
-6
0
25
49
10
-32
-32
42
110
72
75
81
96
93
115
84
67
88
67
63
118
103
138
123
152
122
120
83
76
110
111
112
74
91
102
88
77
81
109
95
102
103
59
50
83
68
60
58
124
111
66
50
69
89
61
95
89
112
110
145
108
136
121
95
77
86
77
63
45
78
47
61
27
20
76
19
45
34
88
59
24
37
70
76
70
71
36
58
60
72
81
99
144
117
92
101
92
48
73
139
141
164
212
152
141
146
98
96
99
89
83
90
136
139
140
118
90
86
30
-3
31
67
43
64
60
-38
11
82
41
68
59
66
130
105
30
64
75
59
93
40
44
108
91
46
118
49
43
66
9
47
30
86
135
200
135
66
118
97
86
53
50
83
59
61
48
65
49
25
77
78
80
54
69
74
105
133
38
30
23
80
110
97
77
56
30
-2
44
90
39
50
38
7
69
2
-12
-11
-31
-18
31
55
37
31
25
-9
-14
18
-18
-14
14
36
87
97
69
29
30
8
26
48
93
90
30
21
2
69
72
48
37
27
41
37
23
2
-9
-26
20
-1
22
13
-11
-18
-5
-23
-24
26
28
16
-66
-21
-7
-14
-65
-64
-45
-29
23
1
40
11
20
-5
33
15
20
11
39
17
-21
-17
-18
-14
-29
-81
-91
-49
-41
1
-46
-35
-16
-40
-37
-35
-53
-41
-54
-49
-60
-75
-102
-78
7
-11
10
-17
-28
-48
-85
19
7
-49
-94
-97
-113
-74
-11
27
68
6
19
6
2
-39
-68
-41
12
-9
-18
29
-14
-33
-52
-44
-56
-68
-38
-33
-14
-13
29
38
5
33
24
26
-29
-25
-11
-41
-20
-30
-72
-60
-63
-25
29
20
-3
-12
-52
1
28
41
19
2
-54
-81
-16
-55
-82
-37
-64
-41
31
63
57
-15
-15
-33
-17
2
2
1
-13
102
61
35
6
9
-22
-25
18
-30
-22
-39
-82
-29
10
-46
-60
-53
-35
-55
-89
-86
-18
-14
-25
14
-7
-1
-58
-48
26
33
17
-35
-39
-1
-49
-47
14
-21
21
-86
-99
-86
-57
-21
-30
-18
-39
-3
-20
-16
-14
-2
24
-56
-77
-21
7
55
62
47
-14
-53
-44
-41
-49
-33
-74
-72
-86
-88
-82
-91
-36
-20
-4
4
-15
-80
-34
48
18
1
-5
-4
-4
-14
-10
-64
34
29
5
-33
-51
8
18
47
-26
-68
-53
-80
-113
-91
-82
-78
-36
-54
8
-20
-39
-38
-80
-35
-42
-6
22
21
27
64
31
-38
-24
-21
12
26
69
58
31
47
46
55
41
-10
-48
19
2
-9
45
38
1
-9
-16
6
16
25
47
13
30
4
46
52
28
12
-4
26
7
-22
-37
-29
-59
-43
-17
0
3
-3
3
-6
25
-15
32
-10
-39
-51
-68
-34
-2
73
37
-44
-20
-25
-44
-38
-5
-10
-21
-40
-20
-22
-19
71
20
-36
-24
30
15
47
61
39
51
24
13
3
72
-3
-28
-18
-7
18
39
-16
-54
-41
-35
-15
-99
-97
-22
-5
-20
-2
25
29
19
22
-7
17
24
14
29
-70
-48
8
-32
3
-28
16
-25
-39
14
-32
-45
-76
-103
-67
-49
-149
-66
-23
-49
-68
-66
-75
-87
-24
-51
-44
-22
-21
-23
-38
-108
-63
-58
-1
-47
-6
6
-48
-33
-40
-46
9
-57
-57
-21
-83
-20
-53
-53
-73
-11
20
-27
8
-20
-37
4
31
15
-18
-44
-51
0
17
-21
-38
-81
-77
9
21
-61
-56
-41
-32
-52
-43
-48
-54
-34
-33
-27
-85
-97
-34
3
6
-49
24
34
-32
-25
-75
-66
-80
-53
14
19
-29
-53
-107
-58
-10
-81
-61
-94
-130
-117
-84
-58
-59
-67
-5
9
-27
-14
-91
-68
-80
-80
-91
-114
-59
-54
-23
-32
-72
-36
-55
-76
-97
-84
-34
-9
12
-71
-96
-69
-106
-95
-75
-130
-107
-62
-23
-111
-114
-98
-163
-181
-115
-105
-140
-143
-140
-107
-72
-37
-46
-68
-125
-120
-160
-93
-103
-110
-59
-94
-65
-7
-39
-116
-24
-61
-82
-55
-132
-113
-132
-127
-102
-124
-128
-113
-146
-220
-195
-188
-193
-197
-114
-114
-142
-109
-112
-98
-82
-138
-121
-91
-99
-108
-109
-89
-87
-51
-73
-53
-65
-44
-106
-146
-116
-51
-57
-86
-66
-124
-72
-96
-87
-80
-75
-102
-58
-80
-176
-210
-140
-81
-119
-115
-100
-125
-96
-92
-129
-106
-159
-152
-149
-115
-57
-79
-76
-131
-104
-149
-203
-136
-146
-156
-173
-167
-149
-152
-162
-183
-189
-190
-164
-206
-201
-218
-263
-199
-180
-181
-143
-158
-187
-209
-198
-152
-166
-144
-118
-127
-136
-145
-215
-186
-196
-146
-64
-125
-130
-108
-134
-145
-144
-148
-60
-40
-117
-86
-55
-108
-123
-94
-68
-75
-47
-69
-118
-81
-99
-73
-32
-71
-37
-79
-59
-26
-81
-85
-107
-72
-78
-75
-151
-120
-91
-141
-93
-105
-85
-104
-118
-69
-83
-95
-144
-146
-94
-89
-111
-98
-69
-59
-94
-106
-98
-142
-115
-47
-139
-140
-121
-153
-159
-173
-139
-174
-136
-148
-156
-94
-93
-92
-154
-192
-178
-143
-166
-153
-156
-149
-108
-159
-185
-121
-104
-97
-165
-217
-163
-166
-193
-166
-187
-225
-172
-187
-225
-229
-237
-249
-225
-193
-198
-232
-233
-236
-226
-194
-181
-152
-138
-136
-105
-87
-177
-201
-129
-120
-123
-95
-68
-119
-83
-126
-120
-70
-79
-107
-133
-62
-57
-73
-97
-28
-78
-127
-59
-53
-21
21
78
56
40
22
-14
-7
-27
-46
-42
17
70
84
92
66
85
85
90
78
46
27
53
89
74
88
63
71
-8
3
78
56
34
-1
-9
-41
-20
13
-5
-57
-41
-36
-44
-72
-83
-96
-78
-111
-132
-137
-123
-139
-169
-150
-184
-167
-175
-181
-272
-281
-234
-284
-266
-247
-215
-227
-243
-217
-215
-214
-220
-292
-361
-344
-298
-284
-339
-340
-316
-352
-349
-348
-397
-383
-304
-295
-312
-216
-228
-267
-274
-223
-174
-145
-139
-113
-141
-220
-206
-157
-134
-132
-146
-150
-83
-80
-47
-85
-98
-89
-105
-64
-77
-20
72
127
67
172
271
353
433
480
545
642
746
822
887
957
1069
1015
1054
1004
879
880
811
729
661
507
386
234
114
59
8
-20
-151
-170
-239
-262
-272
-253
-309
-329
-279
-331
-316
-321
-323
-327
-266
-200
-170
-109
-156
-174
-148
-111
-139
-135
-155
-131
-93
-186
-266
-319
-386
-423
-511
-594
-660
-703
-803
-885
-897
-943
-968
-974
-956
-911
-800
-780
-670
-619
-561
-426
-422
-381
-285
-224
-213
-153
-92
-115
-38
-12
-77
-120
-169
-185
-282
-302
-332
-386
-469
-517
-593
-585
-671
-738
-816
-772
-314
198
534
633
1165
1886
2186
2213
2636
3316
3244
2678
2447
2625
2371
1588
1173
948
390
-523
-915
-791
-902
-1327
-1667
-1406
-1131
-1051
-964
-694
-458
-509
-498
-334
-7
3
-342
-480
-463
-427
-535
-480
-506
-603
-579
-455
-109
66
297
497
648
810
1073
1304
1246
1150
1079
955
653
362
188
-84
-444
-940
-1033
-987
-1121
-1248
-1258
-979
-770
-552
-410
3
257
279
443
775
1049
971
924
973
1122
945
848
903
849
630
467
471
420
270
114
-21
-140
-202
-271
-478
-571
-506
-619
-680
-720
-647
-681
-778
-744
-731
-628
-684
-624
-548
-539
-575
-560
-370
-265
-253
-237
-246
-184
-80
-71
-70
-96
-152
-215
-263
-300
-326
-493
-634
-705
-763
-809
-869
-884
-902
-981
-953
-929
-920
-935
-1007
-1109
-1169
-1226
-1236
-1110
-802
-316
91
577
1163
1821
2335
2709
3188
3573
3735
3605
3391
3149
2854
2418
1796
1263
701
31
-532
-913
-1090
-1373
-1644
-1689
-1441
-1221
-1060
-823
-666
-490
-466
-301
-234
-149
-186
-384
-428
-469
-469
-628
-651
-606
-552
-387
-119
285
566
765
1001
1300
1539
1647
1722
1594
1415
1177
969
607
269
-62
-548
-788
-1100
-1202
-1222
-1304
-1200
-885
-469
-100
203
646
1133
1268
1307
1599
1765
1543
1228
1045
856
468
190
74
-136
-427
-563
-579
-617
-501
-461
-524
-531
-326
-177
-296
-354
-255
-390
-631
-582
-543
-685
-837
-915
-947
-986
-1077
-1107
-1081
-1106
-1095
-1051
-980
-951
-927
-928
-1006
-910
-876
-970
-1115
-1195
-1347
-1595
-1893
-2111
-2302
-2636
-2164
-1277
-464
-170
550
1968
2907
3213
3667
5078
5726
5115
4572
4778
4873
3700
2598
2046
1447
172
-1177
-1343
-1265
-1624
-2394
-2405
-1657
-1154
-1005
-856
-143
44
-102
-122
264
582
-6
-535
-813
-720
-839
-1051
-1079
-1200
-1031
-951
-467
114
746
1264
1407
1680
2172
2714
2623
2305
2026
1733
1210
480
27
-443
-1066
-1841
-2260
-2242
-2202
-2168
-2214
-1819
-1324
-942
-567
73
803
1045
1101
1247
1773
1846
1641
1502
1463
1516
1191
1049
1190
1276
1023
718
835
878
698
341
272
209
-3
-315
-483
-358
-557
-850
-1066
-1046
-1018
-1082
-1176
-1070
-895
-993
-978
-821
-558
-522
-620
-460
-375
-226
-209
-220
-168
-211
-316
-537
-602
-679
-903
-1326
-1669
-1806
-2066
-2348
-2655
-2842
-3059
-3251
-3490
-3582
-3711
-3365
-2125
-776
65
709
2490
4213
4759
4975
6184
7552
7037
5836
5511
5737
4718
2795
1884
1267
89
-1707
-2362
-2061
-2031
-2688
-3151
-2411
-1572
-1071
-1007
-465
183
-60
-442
-325
268
-122
-916
-1394
-1344
-1158
-1324
-1118
-875
-409
7
563
1311
2009
2822
3009
3102
3335
3584
3386
2602
1929
1165
393
-711
-1448
-1841
-2428
-3005
-3545
-3353
-2959
-2545
-2333
-1868
-921
-463
-75
431
1135
1604
1704
1810
2123
2548
2660
2526
2468
2766
2791
2189
1937
2117
1930
980
408
423
19
-796
-1239
-1187
-1484
-1790
-1771
-1658
-1528
-1370
-1225
-1240
-1002
-709
-685
-800
-678
-387
-577
-763
-549
-256
-381
-454
-133
54
-17
-29
-41
-240
-484
-704
-1105
-1568
-1871
-2231
-2946
-3505
-3835
-4274
-4820
-5170
-5184
-4970
-3620
-1796
-318
335
2081
4630
5949
6195
7142
9052
8986
7253
6196
6221
5355
2882
1276
386
-659
-2506
-3661
-3265
-2791
-2849
-3547
-2836
-1358
-458
-394
-194
776
624
-68
-427
43
-93
-1249
-1874
-1992
-1495
-1452
-1119
-533
70
922
1605
2626
3475
4444
4579
4174
3988
3825
3399
2032
868
-301
-1458
-2617
-3642
-3954
-4253
-4420
-4632
-4161
-3128
-2221
-1571
-928
209
1031
1342
1760
2802
3527
3154
2904
3253
3525
3025
2478
2710
2595
1936
1292
1130
911
373
-179
-652
-805
-1016
-1337
-1744
-1783
-1483
-1655
-1866
-1561
-970
-978
-1124
-823
-424
-398
-590
-309
-32
-43
-210
-190
-31
83
198
41
-138
-194
-390
-740
-1113
-1239
-1767
-2392
-2831
-3132
-3498
-3977
-4508
-4891
-5321
-5498
-5501
-4831
-2669
-342
1164
2008
4704
7550
8550
8196
9432
11186
9888
7058
5576
5588
3632
225
-1644
-2325
-3393
-5592
-6201
-5043
-3879
-3993
-4340
-2704
-706
300
68
557
1621
1079
-135
-652
175
-201
-1449
-2029
-1443
-493
-234
530
1357
2427
3353
3935
4685
5354
5788
4953
3725
2779
2028
649
-1473
-2831
-4054
-5006
-5951
-6261
-5731
-5105
-4462
-3999
-2560
-844
502
1170
1888
3064
3533
3646
3959
4548
4626
4020
3673
3607
3489
3020
2538
2003
1444
886
47
-516
-981
-1443
-2305
-2972
-2849
-2737
-2768
-2734
-2088
-1562
-1335
-855
-190
387
510
670
773
798
787
593
391
216
104
-89
-317
-330
-298
-648
-1148
-1323
-1514
-1916
-2433
-2742
-3195
-3804
-4413
-4765
-5244
-5587
-6033
-6202
-6367
-5473
-2597
470
2656
3592
6505
10010
11502
10959
11607
13463
11865
7954
5112
4669
2672
-1842
-4609
-5407
-6085
-8492
-9148
-7200
-5017
-4484
-4708
-2595
222
1653
1271
1498
2639
1985
464
-379
465
349
-1014
-1706
-920
671
1370
2370
3416
4536
5234
5292
5586
5530
5195
3444
1224
-624
-2008
-3512
-5652
-7055
-7831
-7911
-7828
-7143
-5399
-3498
-1877
-723
959
3078
4472
4847
4779
5413
5697
5301
4486
4341
4641
3849
2667
2258
2681
2161
774
-16
-211
-943
-2478
-3212
-3286
-3636
-4356
-4634
-3989
-3161
-2342
-1605
-664
599
1560
2003
2343
3045
3205
2486
1732
1528
1225
303
-484
-935
-1167
-1651
-2018
-2101
-2181
-2332
-2818
-3289
-3606
-3642
-4075
-4798
-5228
-5376
-5806
-6452
-6819
-6757
-6460
-5675
-2359
1999
5557
6627
9173
13508
15723
14652
13767
15333
13728
8158
3005
1544
-219
-5414
-9548
-10643
-10218
-11652
-12319
-9659
-5688
-3352
-3396
-1429
2245
4731
4395
3426
4342
3860
1709
-99
544
1205
-32
-831
-97
2250
3652
4553
5318
6110
6508
5555
4476
3266
2013
-678
-4162
-6661
-7997
-8816
-10166
-10578
-9822
-8144
-6245
-4226
-1216
1834
4202
5303
6266
7667
8229
7419
6001
5286
4788
3823
2841
2255
2277
2073
1384
539
361
433
-809
-2425
-3262
-3488
-4574
-5794
-5495
-4688
-4347
-3916
-2258
-235
1339
2780
3904
4761
5226
5251
4598
3687
2969
1688
-128
-1387
-1828
-2397
-3361
-3694
-3471
-3400
-3593
-3376
-3312
-3553
-3918
-4404
-4970
-5311
-5501
-6146
-6914
-7088
-7085
-6953
-6612
-4753
211
5616
9597
10489
13623
18417
20109
17045
14788
15747
12309
4052
-2945
-4117
-6122
-12366
-16429
-15677
-13092
-13576
-12887
-8104
-1759
1326
1102
3223
7377
9529
7276
4937
5319
4376
987
-1573
-141
1348
425
-278
1382
4705
6200
6585
6498
6358
5134
2417
-387
-2798
-4720
-7914
-11331
-13035
-12582
-11168
-10346
-8456
-5253
-1427
1837
4540
7617
10087
11148
10134
8707
7962
6748
3931
832
-56
-131
-1225
-2224
-986
1216
1235
282
674
1770
888
-1341
-2591
-3205
-4296
-5767
-6106
-5216
-3615
-2299
-1088
1140
4113
6284
6688
6937
7704
7171
4882
2750
1658
-147
-2809
-4619
-5289
-5578
-5867
-5801
-5390
-4454
-3463
-3164
-3263
-2914
-2475
-3169
-4216
-4569
-4614
-5294
-6483
-6825
-6809
-6097
-5636
-2232
4527
11119
13224
13274
17858
22163
20539
14302
12860
12469
5110
-5847
-11015
-10181
-13388
-19093
-20339
-15708
-11528
-10846
-7395
2
7183
8137
6703
8946
12622
11804
6215
3451
3409
1107
-2955
-3678
-150
1483
739
788
3890
7157
7392
5880
3943
2389
-601
-4780
-8173
-9760
-10819
-13156
-14341
-12474
-8401
-4601
-1729
1871
5980
9574
11368
12035
12498
12039
9426
5049
1727
56
-2027
-4996
-6033
-4562
-3226
-2999
-1361
1756
3542
3080
2387
2554
1753
-332
-2533
-3891
-4456
-4719
-4833
-4040
-1694
1091
2780
4046
6404
8251
7863
6424
5498
4273
1456
-1529
-3465
-4742
-6021
-6885
-6848
-6178
-5000
-3965
-3411
-2531
-1460
-1233
-2156
-2691
-2450
-3123
-4491
-5424
-5425
-5953
-6693
-6899
-5635
-4678
-843
6575
13506
15087
14283
18561
21843
18716
10972
8953
8023
-214
-11452
-16121
-13595
-15115
-19427
-19109
-12216
-6183
-5218
-1720
6067
13180
12091
8176
9175
11899
9505
2434
-512
188
-1434
-4752
-4179
975
3667
2914
2510
5112
7643
6146
2611
-785
-3049
-6526
-10822
-13068
-12677
-11349
-11230
-9942
-5804
89
4907
7649
10021
12264
13607
12429
9835
7580
5180
1132
-3939
-6724
-6920
-6909
-7061
-5842
-2562
461
2108
3658
5332
6181
4665
2226
68
-1256
-2866
-5046
-5809
-4833
-3173
-2143
-278
2937
5680
6798
6851
7189
6747
4943
2262
-228
-2271
-4357
-6196
-7213
-6806
-5793
-5105
-4413
-2963
-1365
-789
-779
-734
-887
-1856
-3109
-3966
-4555
-5320
-6024
-6444
-6466
-6363
-5631
-4464
-2849
3661
11808
16722
14539
15041
20033
20141
12206
4837
5830
2428
-8592
-18091
-16799
-12465
-15450
-17845
-13291
-3939
-280
-520
4192
12233
15462
9383
5342
7709
9185
3545
-3020
-2268
-133
-1878
-3872
-121
5726
6333
3814
2860
4928
4757
433
-4661
-7715
-9134
-11852
-14097
-13065
-9226
-5774
-4028
-776
4695
9959
12204
12001
11747
11389
9546
5434
1382
-860
-2849
-6081
-8985
-8157
-5113
-3109
-2108
301
3909
5552
5284
4425
4415
3070
65
-3055
-4446
-4194
-4531
-4656
-3270
-48
2419
3373
4897
6967
7752
6022
3858
2474
943
-1583
-4127
-5309
-5547
-5700
-5794
-4944
-2960
-1246
-981
-1158
-763
-475
-1292
-2658
-3544
-4117
-5021
-5772
-5749
-5284
-4492
-4575
-4529
-4607
-3143
-2778
371
8162
15308
15650
11504
15259
19070
15412
5065
2607
4252
-3088
-14478
-18852
-12513
-10832
-14612
-14110
-6170
1830
1489
2037
8009
14839
12361
4462
3609
7378
6551
-912
-3691
-70
1218
-1210
-1128
4541
7624
4930
954
129
1283
-1431
-6787
-10801
-11234
-11214
-12363
-11274
-6620
-1099
1764
3521
6961
11304
13398
11909
9287
7259
5206
1781
-2351
-4413
-4558
-5292
-7032
-6739
-2590
1126
1953
1729
3967
5956
4142
1204
471
705
-1866
-4764
-4965
-2721
-1185
-567
1079
3634
5935
6171
5257
4841
4733
2754
-1083
-3305
-3298
-3688
-5262
-5451
-3612
-2202
-2020
-1415
-42
677
-105
-1750
-3127
-3606
-4095
-5506
-6641
-5796
-4530
-4354
-4277
-2770
-1866
-2217
-3591
-3196
-3559
-859
6918
13810
14573
10363
14492
18260
15246
5393
2470
4355
-2963
-14171
-19582
-13104
-10432
-14079
-13943
-5884
3397
2913
2750
8762
16022
13622
4476
3013
6915
6381
-1095
-4184
37
1930
-504
-1146
4342
7983
4632
-654
-2204
-869
-3403
-9145
-12795
-12070
-10720
-11009
-9205
-3462
2714
5651
6712
9140
12400
13306
10449
6480
3983
1989
-1338
-5032
-6175
-5059
-4480
-5261
-3976
60
3178
2885
2071
3571
4432
2311
-785
-1220
-479
-1570
-3300
-2752
36
1910
2368
3129
4966
6020
4551
2400
1457
1141
-789
-3652
-4688
-3710
-3010
-3273
-2602
-801
180
-239
-788
-567
-742
-2324
-4442
-5439
-5265
-5305
-5856
-5358
-3683
-2320
-2312
-2206
-1871
-1806
-3606
-5036
-5890
-4202
4079
12000
14995
10847
13964
19655
18024
8108
1865
4547
-1319
-13456
-21708
-16234
-10621
-13883
-14431
-6917
4714
6042
4112
8654
16314
16172
5448
815
4347
5798
-1019
-5996
-1457
2902
1423
-511
4062
9163
6472
-340
-4076
-3332
-4994
-10756
-14900
-13916
-10855
-9709
-7636
-1590
5692
9512
9874
10678
12607
12642
9075
3884
241
-1719
-4119
-6893
-7537
-5300
-2962
-2820
-1730
1849
5088
4349
2340
2539
2732
539
-2878
-3156
-1831
-1434
-2010
-902
2286
4464
4992
4686
5262
5363
3306
242
-1597
-1713
-2934
-4924
-5165
-3123
-1364
-1220
-505
1066
1751
508
-1242
-2157
-2971
-4629
-6631
-7299
-6421
-5502
-4837
-3836
-1919
-813
-880
-1659
-2282
-3621
-5285
-6905
-6131
2658
11789
15715
11328
13945
20600
19420
8732
627
3632
-1241
-14123
-23870
-18601
-10765
-12950
-13987
-6619
6255
8911
5783
8835
16484
17216
5718
-1150
2058
5150
-814
-6704
-2073
4099
3582
895
4290
9799
7348
-801
-6292
-6010
-6838
-12210
-16500
-15007
-10193
-7536
-5076
937
8593
12572
11934
10981
11497
10826
6530
511
-3386
-4625
-5535
-7244
-7184
-4036
-632
101
233
2763
5422
4448
1257
200
459
-1065
-3647
-3694
-1300
409
814
1574
4035
6241
6189
4623
3527
3022
869
-2497
-4266
-3514
-3117
-4113
-3865
-1302
1160
1663
1534
1806
1542
-172
-2520
-4224
-5123
-5884
-7101
-7564
-6163
-4112
-2839
-1969
-804
-168
-765
-2403
-3917
-6022
-7315
-8664
-2043
8506
16126
14288
12554
19703
21800
14352
1683
1130
429
-10506
-23123
-23939
-13295
-11182
-12972
-8712
4008
11871
8615
8146
13688
17988
9408
-1756
-2200
2634
1217
-5600
-4328
3327
6344
3759
3835
8931
9268
1596
-6783
-9271
-8864
-12121
-16708
-16631
-11206
-5894
-2730
1959
9201
14617
14696
11925
10316
9167
5573
-469
-5423
-6886
-6415
-6617
-6464
-3650
683
2780
2671
3388
5155
4430
688
-1960
-2294
-2793
-4443
-4662
-2176
1171
3139
3956
5428
7196
7375
5331
2905
1385
-530
-3653
-5871
-5356
-3832
-3287
-2828
-768
1816
2910
2589
1895
816
-1012
-3332
-5264
-6245
-6388
-6575
-6469
-5335
-3117
-1316
-409
-145
-375
-1248
-3181
-5602
-8226
-9393
-9170
-546
10285
17450
15270
15392
22008
22151
12778
543
317
-2716
-14346
-25917
-24027
-13071
-11090
-11352
-5434
7860
13833
9948
9505
14484
16512
5952
-4423
-3843
1265
-269
-5594
-2293
5845
8558
5804
5875
9790
8095
-1023
-9838
-12184
-11652
-14563
-18009
-16056
-8994
-2709
1081
5931
12646
16720
15188
11039
8330
6282
1933
-4226
-8108
-7923
-6057
-5166
-4185
-759
3440
5086
4457
4282
4183
1992
-2131
-4709
-5007
-4546
-4500
-3574
-347
3595
6142
6812
7334
7818
6666
3522
448
-1432
-3371
-5556
-6489
-5170
-3096
-1650
-318
1406
3062
3401
2214
253
-1637
-3582
-5691
-7353
-7507
-6644
-5561
-4384
-2563
-651
666
831
-118
-1763
-3873
-6266
-9173
-11049
-10316
426
12277
18642
15381
16814
24127
22854
11336
-1177
-445
-4244
-17147
-28594
-24548
-12016
-10094
-10306
-3125
11351
16258
10630
9738
14971
15998
3631
-6973
-5204
838
-736
-5609
-1107
7947
10332
6716
6378
9981
7304
-3169
-12602
-14619
-13417
-15633
-18180
-15068
-6837
222
4195
8735
14872
17965
15064
9432
5774
3700
-287
-6141
-9567
-8197
-4970
-3199
-1959
1417
5605
6843
4866
2914
2141
27
-3975
-7209
-6723
-4323
-2923
-1643
1796
6711
8894
8137
7319
7203
5455
1222
-2435
-4095
-4837
-6024
-6489
-4530
-1477
781
1586
2473
3656
3310
764
-2351
-4272
-5557
-7333
-8522
-7877
-5659
-3589
-2071
-317
1527
2205
1010
-1230
-3664
-5912
-9552
-12009
-13171
-3349
10194
18978
17089
15953
24246
25052
15239
-354
-2039
-3156
-14876
-28247
-28492
-14261
-8981
-9645
-4755
9647
18596
13193
9445
13040
16688
6613
-7016
-8115
-960
825
-4392
-2572
7129
12184
9030
6219
8764
7964
-1734
-13132
-17172
-15147
-15265
-17552
-15551
-7253
1421
6138
9780
14943
18460
16077
9367
4023
1483
-1443
-6396
-10079
-9081
-4887
-1725
-195
2340
6535
8870
6255
2114
-135
-1199
-4853
-8953
-8842
-5110
-2165
-847
2757
8151
11203
10077
7946
6697
4955
1145
-3412
-5811
-6008
-5888
-6097
-4659
-909
2320
3023
2720
3306
3314
606
-3296
-5915
-7081
-8097
-8856
-7955
-5529
-2910
-1002
461
2011
2672
1357
-1808
-4732
-7613
-10512
-13413
-12109
787
14507
20905
16085
18721
26161
24253
9932
-3744
-2619
-6909
-20089
-32255
-25822
-11075
-7869
-7826
-412
15105
19183
12006
9324
13990
14596
1106
-10230
-7692
579
665
-3667
1145
10820
13366
8546
6224
8189
4462
-7132
-17520
-19101
-15988
-15828
-16724
-12304
-2457
6005
9889
12730
16735
18261
13668
5804
466
-1610
-4246
-8640
-10754
-7440
-1852
1173
2091
4444
8429
8456
4024
-515
-1600
-3213
-7397
-9741
-7200
-2194
-74
1833
5739
10549
11635
8696
5810
4078
2042
-2254
-5824
-6497
-5474
-4906
-4525
-1875
2002
3981
3112
2082
2036
814
-2432
-5731
-7324
-7560
-7629
-7284
-5368
-2466
-67
753
1135
1685
1076
-1240
-5244
-7888
-10933
-12866
-14433
-4603
11271
21820
20035
16967
25000
26326
15962
-2146
-5521
-5145
-15528
-29313
-30760
-14775
-6168
-6067
-2668
10651
20490
14642
8261
9859
14011
5465
-8946
-11335
-2590
2751
-582
104
9159
15059
11727
6302
6172
5180
-4267
-16492
-21807
-18495
-15233
-15214
-12814
-4338
5630
11046
12897
15269
17330
14661
6806
-566
-3382
-4339
-6984
-9689
-7933
-1896
2848
4037
4321
7173
9436
5781
-931
-4846
-4763
-7013
-10299
-9467
-3591
1597
3267
5823
9994
12930
10935
6388
3144
1486
-1219
-5546
-7615
-6266
-3974
-3298
-2437
812
4078
4052
1714
453
-65
-2323
-6034
-8354
-8237
-7115
-6417
-5189
-2752
567
2160
1726
786
542
-1307
-4922
-9360
-11860
-14127
-10813
3203
16994
21971
16503
20611
26263
22300
5801
-5978
-4441
-9900
-22844
-32731
-22960
-8581
-5495
-4636
3913
18443
19098
10641
7861
12418
11118
-3041
-12174
-7452
1424
1846
-734
5162
13684
14317
8362
5072
5523
9
-11722
-20986
-21066
-16520
-14603
-13250
-7606
2295
10204
13221
14445
15986
15459
9868
1622
-3768
-5027
-5884
-8067
-8626
-4188
2136
5203
4747
6008
8803
7623
856
-4915
-5692
-6408
-9100
-10210
-5436
619
3909
5313
8212
12059
12002
7691
2914
913
-685
-4144
-6862
-6146
-3414
-2209
-1960
374
3715
4478
1863
-650
-1547
-2953
-5829
-8268
-8360
-6925
-5831
-4681
-2518
616
2487
2286
861
-383
-2279
-5213
-9175
-11927
-14326
-10788
3597
17784
22702
16966
20889
26572
22170
4855
-7296
-5217
-9901
-22539
-32645
-22694
-7672
-4253
-3593
4662
18904
19230
10120
6621
10899
10107
-3418
-12447
-7672
1759
3131
802
6327
14510
14848
8352
4158
3856
-1515
-12683
-21528
-21444
-16400
-13366
-11205
-5524
3738
11440
14292
14413
14552
13496
8264
62
-5551
-6503
-5938
-6817
-7041
-2956
3501
6891
5924
5859
7759
6575
-184
-6209
-7418
-7170
-8560
-8910
-4235
1980
5851
6872
8439
11169
11080
6590
1111
-1143
-1971
-4408
-6698
-5609
-2068
-207
-199
1129
3863
4494
1517
-1933
-3310
-4284
-6580
-8746
-8552
-6359
-4307
-3090
-1356
1348
3107
2093
-257
-1726
-3644
-6534
-10760
-13015
-14694
-6038
9447
21797
21691
17220
23514
25564
16919
-2225
-8452
-6759
-13722
-26757
-31553
-16329
-4247
-2338
-737
10087
21261
16168
7137
5788
10640
5952
-8123
-12898
-4636
4308
3875
2951
10071
16277
13531
5750
2467
1281
-6256
-17621
-23945
-20520
-14361
-10866
-7720
-885
8306
14275
15267
14112
13183
10605
3863
-3925
-7753
-6965
-5624
-5863
-4632
414
6458
7970
6400
5983
6568
3145
-4013
-8616
-8937
-7916
-8091
-6449
-1085
5104
8300
8341
9121
10704
9140
3440
-1826
-3137
-3307
-4753
-5884
-3923
-278
1370
1181
2000
3864
3303
-513
-4240
-5444
-5662
-7054
-8438
-7495
-4699
-2236
-1212
160
1902
2617
666
-2012
-4319
-6146
-8767
-11708
-14055
-12984
1026
16795
25386
19403
19141
25597
23482
8324
-9275
-8617
-8994
-18418
-30982
-26798
-8360
-863
-727
2711
16221
20981
10935
3418
5466
9393
-225
-12056
-10559
654
7301
4931
6434
13850
16418
10134
2096
56
-3222
-12308
-22119
-24056
-17669
-11313
-7404
-3266
4257
12208
15665
14358
11628
9675
6154
-772
-7331
-8794
-6034
-4021
-3518
-1118
4572
8907
8183
5516
4568
3770
-1262
-7741
-10649
-9314
-7202
-6013
-2777
2992
8443
9740
8650
8857
9022
5828
-360
-4328
-4479
-3893
-4433
-4206
-1366
1837
2563
1775
1975
2634
871
-3283
-6260
-6597
-6141
-6819
-7153
-5292
-2148
-205
89
743
1721
1228
-1498
-4311
-6516
-7934
-10848
-12737
-14833
-4876
11832
24636
23196
17170
23121
24411
15394
-5198
-11705
-8836
-13453
-24949
-30244
-14409
-1066
1308
1418
10331
20873
14931
4466
1472
6569
4324
-7818
-12106
-3998
6810
8474
6747
11365
15801
13014
4066
-1573
-3797
-9906
-18787
-24148
-20201
-12471
-6498
-2475
2656
9837
15093
15581
11953
8289
5654
1041
-5281
-9026
-7172
-3134
-1268
-415
2895
7964
9351
6205
2806
1519
-781
-6129
-10488
-10617
-7161
-4275
-2110
1828
7361
10730
9495
7443
6964
5853
1296
-3839
-5385
-3788
-2484
-2452
-1460
1265
3353
2604
871
252
-290
-2954
-6398
-7656
-6436
-5207
-5345
-4726
-2366
457
1159
573
16
46
-1523
-4080
-6982
-7745
-9156
-10398
-13865
-8577
8181
23029
25790
16766
20222
23439
18287
-1085
-13307
-9861
-11321
-19776
-29479
-18619
-2094
3082
2468
6542
18228
16739
5997
-215
3049
5470
-3798
-10679
-5992
5524
10800
8711
10297
13928
13110
5405
-2280
-5328
-9729
-16510
-22333
-20641
-13208
-5830
-714
3135
8197
12990
14702
11859
6958
3485
618
-3533
-7623
-7430
-2956
1133
2340
3135
6489
8735
6886
1882
-1129
-2319
-4880
-8765
-10546
-7086
-2313
819
2421
5754
9639
9760
6589
3849
3176
1281
-2766
-5415
-3978
-604
820
574
1340
3253
3427
873
-1843
-2857
-3581
-5796
-7853
-7046
-4279
-2611
-2540
-1893
374
1626
787
-1186
-2113
-2798
-4302
-6693
-7911
-8355
-8291
-10426
-10185
3301
18798
27283
18742
16598
20594
18872
4823
-12814
-11762
-9835
-13247
-23909
-21797
-5167
3613
4459
3754
12888
16582
7654
-656
-826
4786
574
-7455
-6830
2739
11276
10833
9896
11711
11561
6076
-2024
-5939
-9276
-14153
-19030
-18987
-12782
-5572
167
3837
7099
9994
11560
10396
6263
2032
-792
-2640
-4750
-5630
-2919
1590
4644
4826
5031
6083
5644
2252
-2265
-4077
-4964
-5974
-7682
-6527
-1889
2729
5018
5290
6903
7769
6212
2833
440
-304
-1546
-3115
-3281
-582
2685
3689
2623
1701
1917
958
-1954
-4761
-5535
-5241
-5611
-5903
-4419
-1564
5
-437
-891
-20
447
-1276
-3718
-4407
-4131
-4692
-6780
-7111
-6973
-6138
-9677
-4460
9882
23309
23293
13552
16140
17735
13368
-4456
-13016
-9177
-8682
-14093
-22339
-12694
174
4871
3367
5228
13663
11000
2618
-2202
1526
4732
-1539
-5720
-1691
7678
11951
9765
9658
9752
7293
674
-4989
-7506
-11243
-15061
-17312
-13860
-7544
-1679
2617
5362
7695
8856
9065
7087
3244
-110
-2200
-2701
-3090
-2355
178
3514
5474
5038
4231
3874
3058
-210
-3506
-5180
-4850
-4659
-5068
-3448
277
4429
5664
5196
4731
4755
3894
1371
-591
-1117
-604
-569
-302
1386
3740
4322
2178
-175
-1040
-1511
-3522
-6105
-6540
-4940
-3552
-3451
-2725
-723
722
-69
-1465
-1762
-1235
-2505
-4368
-5416
-4319
-4218
-5173
-6713
-6362
-7275
-7688
3277
16130
24502
16484
14014
16446
15429
4928
-10441
-10080
-8772
-9344
-17617
-17777
-5274
2520
5061
3410
9098
12234
6281
225
-856
4095
2366
-3269
-3325
3421
10833
10563
8930
8821
7434
3056
-3497
-6333
-9297
-12920
-15913
-14607
-8698
-3455
1008
3994
6711
8044
7673
6583
4168
1292
-1596
-2997
-2541
-1386
260
2203
4591
5688
4887
3073
1889
517
-1874
-4411
-5361
-4493
-3833
-2789
-844
2424
5053
5523
4478
2955
2727
2344
780
-948
-1109
225
1234
1866
2696
3687
3189
767
-1892
-3069
-3356
-4576
-6072
-5952
-3942
-2080
-1546
-1417
-367
208
-496
-2167
-2960
-3108
-3656
-4651
-5019
-4114
-3887
-4388
-6081
-6720
-9293
-1294
10732
21560
18769
12913
16061
15333
10079
-5848
-9857
-8523
-8784
-13330
-18594
-9373
-526
4687
4152
6135
11344
8132
2634
-1212
1880
3934
-758
-3276
145
8550
11729
9345
8244
7269
4875
-1445
-6142
-8217
-11212
-14363
-15421
-10492
-4087
375
2842
5146
7515
7679
6147
3790
1649
-406
-2490
-2950
-1625
917
2746
4008
4752
5190
3911
1614
-575
-2350
-3135
-4515
-4635
-4265
-2037
261
1895
3826
4799
5276
3074
1192
639
811
502
-848
-390
1465
3586
3991
3309
2747
1449
-801
-3410
-4751
-4903
-5057
-5115
-4421
-2534
-742
-13
-400
-857
-1239
-1808
-2907
-4038
-4702
-4111
-3818
-3461
-3646
-3285
-3919
-4870
-7591
-9407
889
12874
21321
14724
12854
16057
14874
6486
-7670
-7936
-8105
-8797
-14722
-16414
-6904
-218
4627
4446
7544
9944
6200
2415
-334
2328
2693
-854
-2026
1480
9207
11345
9094
7032
5470
3187
-2956
-7003
-9266
-11222
-13812
-13941
-8191
-1692
2285
3159
4722
7053
6964
4509
1399
61
-811
-2212
-2670
-988
2297
4301
4832
4274
3949
3090
1256
-1692
-3845
-3803
-3354
-3380
-3854
-1533
1589
3393
3459
3100
3503
2335
722
-584
-94
957
920
954
2046
4216
4885
3445
1086
-872
-2276
-3818
-5207
-5651
-4864
-3541
-2503
-1667
-850
-64
-374
-1708
-2975
-3193
-3274
-3810
-4763
-4210
-3117
-2003
-2676
-3379
-4290
-4952
-8297
-10443
-182
12392
20924
14583
13323
16135
14698
6361
-6938
-7645
-8766
-9472
-14134
-15097
-6920
-867
5349
6214
7761
8240
5361
3158
-331
315
1207
147
-730
1020
8355
12487
10624
6417
3838
2966
-2181
-8191
-11387
-11443
-11777
-12723
-8650
-1195
4381
4687
3718
5184
6284
4147
-118
-2237
-1927
-1336
-1031
172
2795
5331
6293
5052
2766
573
-265
-2030
-4224
-5006
-3370
-1002
-968
-362
1043
3781
4401
2360
440
-387
350
-439
-766
583
2703
3898
3762
4203
4524
3481
761
-2495
-4504
-5200
-5249
-4976
-4135
-2365
-680
178
61
-406
-1130
-2295
-3848
-4676
-4804
-4251
-3835
-3014
-2129
-1168
-1390
-2410
-4089
-5666
-8816
-11704
-2169
10414
20279
15918
14033
16787
14513
7444
-5514
-7393
-9623
-11334
-13354
-13653
-6373
-1986
4810
8462
9284
7159
3035
2948
570
-1561
-1564
76
2196
2217
6700
12649
13720
8447
1675
385
-1883
-7513
-13250
-13769
-10599
-9435
-7345
-1880
5024
7060
4587
2942
3277
2458
-1000
-3344
-3082
-1549
276
2562
5164
6229
5825
4768
2980
-604
-4235
-5409
-4583
-3418
-3066
-703
2047
3577
3387
2950
3265
1916
-366
-2789
-2992
-1601
-99
1582
3393
5311
5751
5184
4216
2422
-366
-3363
-5428
-6139
-5691
-4112
-2014
-161
761
915
591
-528
-2446
-4614
-5822
-5797
-4951
-3981
-2479
-1058
282
-111
-589
-2386
-3679
-6947
-9100
-13028
-11705
1073
14067
22085
16594
17545
17559
12646
2202
-8735
-8685
-12822
-13822
-14130
-9019
-1290
1005
7610
11384
11255
3947
-2297
-564
-938
-3364
-4640
358
6491
7152
9146
13079
15191
8810
-1440
-5617
-6671
-9187
-13944
-14029
-9220
-4858
-1375
2558
6826
6764
3144
316
-573
-2055
-4696
-4518
-1103
2171
3688
5510
8436
8825
5342
747
-1881
-3775
-6886
-8338
-5846
-896
2291
3758
4997
5565
4532
2158
-20
-2087
-3929
-4759
-3692
-606
2627
4936
6605
7415
6476
3758
1164
-762
-3013
-5456
-6486
-4983
-2248
17
1405
2104
2204
785
-1768
-4322
-6082
-6923
-6792
-5459
-3031
-721
1115
2003
1888
235
-1994
-4416
-6553
-8845
-10853
-12059
-12753
-1215
12878
24154
21133
16803
17196
11054
2143
-10484
-10814
-10633
-13308
-11532
-6556
3750
4511
4993
9088
10410
4473
-7398
-7777
-2215
-521
-2451
-467
9157
13482
11791
10555
11864
9280
-1560
-9998
-10930
-8722
-9581
-10292
-5918
-810
1253
2006
4600
5289
450
-5305
-6114
-3113
-2306
-2497
543
5992
8929
7617
6298
5777
3492
-1522
-5836
-6688
-6596
-5450
-2724
2826
6307
6196
5054
3314
1742
-2065
-4473
-4920
-4021
-2557
-1302
2456
6259
8203
7232
5094
3528
831
-1888
-3628
-3645
-3100
-2690
-1302
715
2550
2678
1271
-567
-2745
-5002
-6833
-7044
-5812
-4119
-2223
61
2176
2773
1728
-764
-3099
-5510
-6762
-7847
-7285
-7670
-6840
-8797
-4384
8492
20443
23524
14173
12205
9398
3269
-6747
-11496
-5730
-6469
-7195
-5855
1785
6928
1929
1352
3805
4618
-3750
-10682
-4258
3539
5214
2506
5955
12909
12585
7890
4896
5195
1014
-6997
-9751
-6385
-3327
-4791
-4608
-956
846
-1341
-2991
-667
149
-3285
-6622
-4093
1571
4060
4063
4806
6840
6288
3203
1081
325
-988
-3679
-4714
-3110
-932
1105
3300
5210
4536
1875
-477
-2004
-2832
-3524
-3304
-1652
1072
3425
4046
4344
4842
4427
2531
327
-924
-1449
-1212
-125
1048
1341
763
243
88
-247
-1477
-3384
-4544
-4618
-4206
-3767
-2904
-1629
-691
-262
-192
-241
-1005
-2396
-4040
-4505
-4660
-4118
-4414
-3811
-4820
-5124
-8567
-6524
4928
16442
20466
12019
10823
10353
5578
-3734
-9238
-3327
-3605
-6697
-7482
-807
6305
1852
-752
1785
5059
-735
-9309
-5075
3835
6910
2840
3355
10205
11844
7486
3457
4273
2290
-4803
-8825
-5350
-1087
-3261
-5658
-3026
1144
-3
-3917
-3657
-1343
-1316
-4267
-3768
703
3777
4084
3852
5434
5488
2587
-125
-591
-94
-1330
-3013
-2237
-556
1389
2867
3968
3742
1123
-1107
-2754
-2772
-1997
-1400
-481
783
2932
3890
3605
3275
2470
1169
-92
-171
394
599
949
1484
1879
1386
-27
-1515
-2311
-2427
-2761
-3319
-3391
-2776
-2154
-1558
-1207
-1053
-1443
-1921
-1947
-1977
-2273
-2853
-3219
-2989
-2951
-2596
-3119
-3314
-5532
-6775
-10990
-6132
6338
18295
19948
11424
11558
10248
4392
-6558
-9765
-2257
-2707
-6099
-6791
1562
8170
2456
-1231
400
3283
-2871
-10244
-4733
4701
8048
4490
5555
10963
10710
5136
1476
2842
515
-6137
-9405
-4020
1793
494
-2690
-2416
313
-1118
-4571
-4878
-3283
-2787
-4278
-2335
2642
5652
5445
3763
4140
3889
1088
-1752
-2357
-574
-26
-430
19
1068
2684
2998
2819
1668
10
-1700
-3294
-2867
-1089
727
1456
1883
2708
2578
1829
1148
934
608
268
536
1440
2530
2983
2586
1329
-210
-1575
-2673
-3063
-2862
-2387
-1911
-1530
-1116
-1137
-1476
-2087
-2556
-2653
-2587
-2277
-1691
-1388
-1280
-1669
-1694
-2488
-2983
-3990
-4457
-5899
-6847
-8862
-8983
1559
13772
21276
14520
9992
10349
6365
-2928
-11351
-5588
504
-1633
-4699
-2070
6612
5517
-1298
-3050
-208
-548
-7457
-7072
2030
8428
7166
5127
9134
10988
5792
-1138
-1612
697
-1093
-4737
-4253
871
2280
-110
-1669
-1176
-1835
-5872
-7594
-5537
-2528
-1376
-1323
1453
4547
5730
3899
1571
947
134
-835
-1445
-420
1014
1533
1788
1986
2553
2473
1534
-197
-1516
-1559
-1633
-1828
-1723
-95
1620
2305
2337
1707
879
58
-43
488
1201
2094
2577
2896
2991
2490
1075
-824
-1946
-2296
-2418
-2281
-1889
-1171
-422
-317
-944
-2024
-2972
-3434
-3330
-2872
-2011
-1071
-347
-182
-524
-1527
-2641
-3564
-4069
-4210
-4445
-4899
-6129
-6726
-8123
-695
10046
18922
15448
8312
7882
6380
67
-9319
-8044
338
2419
-637
-1889
3279
5185
-191
-4434
-2957
-1221
-4544
-6052
566
8619
8861
4552
4598
7493
6643
742
-2569
-1565
-773
-870
-267
2703
3070
-363
-3414
-3972
-3465
-4892
-6560
-5348
-2511
-317
756
1636
2647
2733
2042
984
-430
-1356
-1326
267
2252
3493
3240
2286
809
4
336
1121
869
-922
-1488
-649
263
172
-595
-318
461
920
626
-426
-561
232
1558
2434
2740
2890
2412
1901
1599
1092
-180
-1641
-2324
-1961
-974
-359
-452
-962
-1343
-1452
-1991
-2899
-3567
-3580
-2637
-1376
-159
51
-323
-1131
-1929
-2893
-3712
-4189
-3995
-3259
-2631
-2864
-4126
-5467
-7257
-2291
6821
15322
14011
7310
5215
5448
2592
-5278
-7763
-1203
4188
3391
-1048
-802
1916
946
-2290
-3735
-2298
-1927
-2469
-407
4427
7946
6446
3610
2695
3867
3273
332
-1775
-1634
581
2131
2055
782
-940
-2120
-3529
-4785
-4963
-4061
-2975
-2500
-1362
588
1552
660
-575
-41
1190
1250
-57
-685
431
2238
3030
2456
1497
532
-673
-888
160
1562
1404
434
342
734
431
-1084
-1996
-1407
-6
797
326
-285
-124
1287
2450
2672
2466
2119
1421
556
211
117
-278
-773
-529
101
-13
-824
-1648
-2061
-2012
-1897
-2186
-2955
-3200
-2385
-1136
-358
-342
-796
-1443
-1984
-2294
-2728
-3064
-3019
-2191
-1722
-1900
-3016
-4487
-6335
-7568
-3328
4661
12813
13087
8628
5802
4973
1976
-5147
-7787
-2479
4127
5101
1752
257
682
395
-1523
-2762
-2721
-2106
-739
955
3202
4745
4869
4238
2947
2259
1451
164
-1165
-1715
98
2724
3958
2305
-766
-2612
-3215
-3873
-4819
-4561
-2722
-746
234
579
442
-373
-976
-913
-332
-126
-231
-59
403
1067
1867
2169
1670
522
-239
288
905
1233
675
725
1592
1779
715
-1323
-2353
-2061
-1072
-19
575
609
388
644
1131
1292
1031
1158
1623
1660
1241
563
-124
-507
-350
154
171
-317
-1083
-1842
-2286
-2483
-2243
-2112
-2092
-1705
-1032
-741
-1069
-1432
-1541
-1639
-1973
-2211
-2386
-2499
-2539
-2310
-2121
-2306
-3021
-3552
-4165
-4393
-2289
2442
8385
10298
8402
5223
3134
281
-4454
-6250
-2804
3056
5662
4390
2724
1561
-1
-2258
-3788
-3991
-2523
559
3569
4578
3350
2046
1835
1663
1104
421
316
462
322
326
766
1315
1300
541
-319
-1077
-1754
-2759
-3600
-3360
-1786
72
1114
1015
-12
-1146
-1742
-1778
-1655
-1304
-190
1358
2175
1736
730
38
-380
-450
-97
599
1219
1668
1810
1536
902
40
-782
-1411
-1508
-1034
-559
-378
-416
-375
23
622
905
653
218
273
540
509
146
-255
-230
48
378
440
136
-237
-334
-166
-236
-505
-605
-357
95
204
8
-360
-561
-662
-875
-849
-847
-990
-1063
-1012
-782
-782
-998
-1243
-1305
-939
-1243
-1465
-1508
-965
-250
989
2117
2672
1853
496
-689
-1382
-1597
-1212
-172
492
794
1270
1841
1736
750
-267
-925
-915
-201
958
1709
1608
1219
984
795
175
-304
-379
-80
360
883
1224
945
180
-283
-212
-247
-390
-426
-49
341
401
211
-47
-279
-403
-304
-208
-270
-457
-493
-523
-453
-359
-280
-271
-214
-40
188
191
-99
-297
-423
-413
-240
-100
8
218
316
328
159
40
-52
-230
-353
-242
-145
-140
24
266
493
409
267
202
309
379
320
59
-231
-324
-166
30
57
-13
-172
-189
-275
-374
-408
-545
-595
-640
-472
-290
-428
-588
-723
-867
-976
-955
-962
-989
-988
-990
-939
-1067
-1311
-1501
-1175
-415
438
788
483
-61
-509
-423
1
485
457
-8
-127
561
1431
1522
854
186
-174
-203
203
826
1049
795
771
1132
1292
738
99
-290
-385
-207
133
484
559
439
426
423
183
-102
-301
-328
-224
-211
-193
-295
-415
-244
74
104
-220
-570
-612
-368
-136
61
23
-157
-311
-332
-251
-179
-288
-455
-397
-111
194
177
53
78
168
138
76
52
45
110
113
334
450
404
228
105
69
-7
1
-47
77
261
327
360
258
87
-107
-190
-182
-238
-263
-280
-240
-142
-104
-185
-303
-305
-282
-247
-306
-545
-772
-891
-973
-947
-882
-764
-769
-867
-830
-811
-982
-1211
-1384
-1286
-687
189
812
653
119
-373
-411
-141
94
196
-65
-160
329
1110
1388
951
376
-10
-61
288
814
942
664
658
959
1082
759
283
-39
-74
27
324
533
398
295
318
293
11
-354
-468
-412
-227
48
218
147
-153
-204
-77
-88
-213
-470
-541
-259
-24
210
232
-75
-396
-488
-394
-414
-564
-619
-369
-24
386
546
534
305
2
-37
32
4
-144
-230
0
253
267
241
337
312
225
144
25
-61
-64
58
99
229
279
363
271
184
18
-166
-363
-560
-416
-239
-201
-149
-6
-71
-204
-356
-466
-508
-601
-625
-539
-524
-589
-647
-646
-736
-884
-892
-981
-1013
-1151
-1152
-1043
-671
1
573
655
197
-405
-734
-545
-152
296
403
151
252
814
1193
1014
634
225
-88
23
562
1093
1126
887
801
883
729
261
-105
-270
-268
-47
289
482
402
298
185
101
-97
-327
-229
-126
10
125
139
64
-107
-80
15
-36
-212
-382
-427
-351
-134
-21
-60
-157
-189
-164
-180
-304
-472
-492
-384
-148
194
367
401
419
305
305
224
73
-195
-257
-115
79
225
257
227
163
42
83
137
69
-50
6
269
259
190
69
40
62
-71
-195
-127
-109
-69
-69
-111
-80
-284
-403
-468
-401
-337
-343
-366
-353
-309
-433
-635
-774
-843
-819
-804
-824
-791
-902
-1023
-1054
-1097
-1160
-967
-356
502
752
299
-131
-478
-369
-51
341
449
266
343
858
1198
891
369
-134
-297
95
523
815
698
583
875
983
744
235
-63
-127
-66
321
684
793
481
251
253
166
-126
-316
-178
39
131
286
372
135
-270
-331
-204
-244
-518
-661
-373
-82
45
95
73
-212
-510
-425
-241
-241
-438
-517
-307
9
183
153
0
-1
-20
-84
51
127
-22
-203
-135
163
236
58
81
176
152
82
113
221
202
170
366
454
360
156
49
5
-123
-301
-346
-253
-111
79
131
80
12
-84
-217
-337
-394
-419
-525
-488
-393
-341
-494
-721
-734
-747
-836
-979
-1011
-939
-969
-968
-905
-853
-887
-826
-419
231
503
183
-275
-500
-306
67
391
307
27
112
580
1061
1000
601
161
-103
8
409
826
758
466
550
917
847
392
46
-46
4
172
419
486
271
54
97
143
-4
-230
-245
-102
71
72
48
-7
-202
-243
-111
-52
-252
-438
-470
-276
-96
-36
-114
-324
-353
-366
-422
-438
-544
-600
-479
-299
-18
220
258
213
154
142
-10
-48
8
68
147
245
304
205
85
22
59
-120
-104
1
61
183
314
466
425
227
76
18
-44
-149
-142
-74
12
79
140
149
-11
-160
-305
-354
-427
-406
-333
-384
-351
-382
-439
-558
-700
-762
-807
-896
-1015
-1086
-1068
-1042
-905
-777
-745
-811
-772
-378
118
432
186
-127
-441
-547
-314
104
417
270
63
278
834
924
556
180
9
5
287
662
723
515
418
494
515
387
254
153
15
105
379
566
372
47
59
240
160
-119
-215
-129
-10
23
152
49
-282
-464
-368
-162
-208
-415
-467
-364
-303
-231
-163
-128
-310
-481
-441
-336
-303
-428
-462
-383
-284
-254
-172
-71
-7
14
80
39
-86
-80
-22
67
109
140
111
37
73
171
83
-85
-121
77
264
352
518
450
230
57
119
19
-98
-18
81
209
305
315
37
-234
-410
-485
-577
-629
-593
-545
-360
-229
-148
-263
-320
-444
-635
-753
-867
-978
-966
-793
-702
-649
-651
-733
-862
-950
-935
-758
-356
101
249
164
-76
-221
-125
164
345
276
99
121
376
654
676
461
224
64
143
371
535
500
427
448
496
452
306
68
-75
-144
24
319
429
312
154
84
-39
-86
-178
-149
-91
29
152
118
-40
-183
-201
-194
-217
-360
-489
-398
-266
-216
-221
-364
-372
-391
-442
-379
-334
-324
-467
-472
-327
-166
-100
-95
35
95
72
50
-141
-251
-147
11
67
-20
2
75
71
46
88
84
16
-7
80
243
223
52
-10
20
43
-46
-50
0
11
-38
-6
99
-31
-218
-305
-372
-363
-438
-386
-287
-268
-238
-307
-305
-469
-676
-785
-870
-890
-828
-793
-675
-517
-458
-566
-723
-679
-600
-675
-786
-809
-732
-355
36
323
214
-67
-343
-306
-171
-9
-13
-196
-80
126
391
477
357
116
-151
-112
155
374
363
272
412
568
572
387
159
-16
-70
106
258
216
140
183
279
174
23
-147
-350
-378
-230
20
-2
-113
-171
-168
-183
-239
-329
-411
-362
-303
-239
-181
-197
-302
-360
-328
-310
-321
-432
-471
-405
-277
-333
-414
-326
-337
-243
-165
-152
-144
-207
-187
-50
118
151
-48
-147
-68
21
12
21
-42
-110
-112
65
275
207
107
200
199
203
170
124
19
-100
-64
-37
-44
-139
-118
-63
-155
-251
-304
-328
-331
-346
-287
-306
-441
-481
-471
-398
-446
-487
-571
-670
-740
-649
-590
-649
-641
-606
-667
-759
-732
-703
-653
-704
-567
-150
36
-47
-226
-264
-271
-297
-197
-98
-123
-144
76
252
305
182
122
137
63
150
354
395
248
217
406
462
288
197
227
188
138
283
441
351
142
77
58
-43
-150
-123
-50
27
43
239
193
-26
-166
-184
-239
-406
-495
-440
-347
-302
-209
-168
-203
-360
-407
-354
-398
-455
-533
-402
-246
-233
-300
-368
-357
-298
-208
-200
-145
-212
-203
-109
16
8
-92
-125
-137
-63
19
74
-54
-144
69
326
265
154
154
145
148
154
244
150
-23
1
238
267
67
-16
-129
-238
-210
-169
-173
-233
-262
-136
-180
-251
-362
-438
-453
-375
-385
-516
-581
-686
-659
-623
-680
-681
-655
-686
-727
-651
-523
-606
-730
-708
-677
-664
-702
-639
-386
-230
-284
-269
-235
-217
-150
-61
-15
-144
-146
0
113
227
155
126
82
-12
107
321
399
317
311
367
349
246
178
188
173
53
114
263
156
23
56
76
-55
-146
-141
-96
-155
-158
-137
-128
-257
-342
-310
-362
-433
-489
-439
-347
-282
-303
-277
-293
-345
-427
-474
-437
-490
-532
-361
-256
-280
-251
-114
-68
-152
-132
-105
-131
-213
-164
-52
-27
-116
-142
9
-3
-132
-148
-59
-81
-144
15
213
208
179
201
184
94
-29
-73
-153
-190
-175
-157
-121
-166
-171
-168
-289
-292
-228
-248
-287
-302
-292
-381
-507
-536
-460
-431
-469
-474
-449
-437
-467
-550
-553
-617
-708
-693
-619
-515
-522
-547
-515
-518
-532
-618
-718
-754
-685
-524
-408
-300
-290
-267
-289
-264
-88
27
30
-142
-111
30
104
-19
-62
19
17
114
171
287
244
169
247
312
180
31
-17
-21
11
29
181
131
-26
18
-18
-49
-176
-205
-188
-251
-239
-141
-98
-151
-213
-240
-173
-273
-351
-324
-297
-243
-240
-204
-141
-256
-320
-324
-329
-328
-273
-231
-156
-162
-195
-161
-102
-37
-18
-52
-119
-237
-253
-133
-76
-91
-145
-166
-76
23
88
-16
-110
-141
-196
-138
-13
-46
-102
-64
-47
-77
-105
-155
-205
-231
-200
-176
-146
-186
-195
-207
-221
-257
-338
-329
-366
-274
-287
-365
-427
-511
-565
-570
-556
-613
-620
-532
-470
-424
-379
-458
-435
-459
-519
-528
-517
-450
-495
-475
-472
-392
-387
-498
-483
-393
-270
-189
-270
-289
-226
-194
-77
34
43
-41
-104
-68
80
101
41
52
130
216
191
247
258
76
-35
47
144
72
-23
45
52
8
7
29
0
-101
-128
-72
-130
-226
-201
-164
-134
-177
-215
-245
-309
-303
-219
-239
-338
-334
-261
-247
-243
-130
-166
-263
-210
-88
-11
-40
-178
-281
-241
-182
-161
-119
-84
-126
-98
-27
21
33
-86
-119
-121
-97
-89
-132
-93
-53
10
-10
-11
-64
-135
-67
-126
-206
-131
-200
-204
-213
-191
-156
-185
-168
-88
-83
-185
-254
-283
-256
-215
-243
-199
-206
-272
-227
-281
-334
-365
-414
-416
-397
-442
-408
-433
-436
-455
-493
-440
-434
-424
-446
-392
-377
-333
-386
-413
-360
-366
-327
-373
-318
-304
-321
-337
-355
-257
-189
-155
-131
-47
-45
-165
-155
-45
-37
-121
-158
-80
-16
4
-16
86
10
-33
62
-12
-41
-31
-8
-33
-13
-39
-45
-26
-65
-38
5
-42
-86
-190
-194
-158
-181
-140
-128
-125
-124
-128
-116
-118
-193
-214
-247
-280
-233
-144
-101
-91
-53
-27
-1
-63
-141
-207
-182
-96
-75
18
9
-42
-38
-47
-9
-1
-46
-74
-57
-70
-87
-106
-137
-155
-149
-108
-114
-107
-50
-6
-110
-104
-112
-110
-127
-126
-150
-131
-92
-101
-95
-156
-198
-288
-329
-305
-270
-305
-242
-231
-216
-239
-297
-324
-381
-454
-418
-310
-233
-257
-304
-261
-297
-359
-392
-331
-356
-380
-339
-299
-288
-353
-313
-289
-310
-320
-299
-267
-264
-287
-293
-292
-260
-267
-277
-215
-250
-306
-255
-186
-169
-143
-179
-234
-227
-229
-157
-143
-90
-87
-64
-43
-85
-122
-138
-180
-220
-210
-93
-89
-117
-86
-117
-34
-108
-134
-115
-217
-199
-199
-127
-118
-148
-143
-140
-72
-28
-76
-103
-92
-151
-124
-159
-83
-44
-116
-114
-99
-52
-10
-43
-40
-92
-73
-56
27
4
-62
-73
-63
1
1
-1
-43
-75
-87
-48
-76
-145
-186
-182
-101
-6
-57
-140
-118
-155
-181
-221
-221
-273
-340
-242
-218
-216
-251
-209
-218
-221
-232
-356
-332
-338
-335
-334
-264
-219
-168
-153
-205
-241
-249
-188
-174
-220
-200
-189
-225
-247
-198
-252
-204
-109
-171
-151
-217
-125
-112
-157
-186
-156
-138
-226
-205
-188
-170
-217
-246
-254
-229
-116
-127
-147
-80
-99
-179
-225
-204
-143
-180
-258
-262
-225
-262
-301
-242
-189
-165
-121
-112
-139
-101
-96
-143
-224
-158
-90
-64
-31
-63
-108
-57
-38
-100
-55
-1
-32
-112
0
9
-44
-27
60
98
94
90
32
41
-1
0
32
-55
-81
