-52
-71
-84
-76
-89
-56
-108
-113
-74
-135
-136
-120
-117
-66
-88
-101
-20
0
13
-37
-49
-66
-53
19
-10
-49
-78
-71
-53
-33
-66
-100
-127
-104
-78
-32
-21
-13
16
-31
-46
-70
-50
2
48
-1
-74
-77
-82
-33
-78
-81
-44
-90
-67
-73
-61
7
-69
-28
0
-35
-62
-48
-55
-81
-78
-137
-65
-94
-85
-64
-30
-26
-53
-29
-49
-46
-60
-66
-77
-60
-28
-55
-44
-60
-70
-5
-76
-57
-67
-41
-59
-109
-57
-60
-55
-40
-32
-54
-73
-67
-63
-39
-73
-68
-70
-97
-104
-62
-50
-100
-53
-46
11
-30
-52
7
-29
-23
-98
-53
-17
-106
-57
-118
-131
-91
-89
-67
-26
-40
-28
-38
3
35
4
15
-76
-102
-102
-95
-12
3
-89
-47
-33
-31
-38
-74
-36
-60
-87
-84
-62
-94
-74
-44
-47
-37
-52
-22
-75
-71
-56
-20
-45
-118
-58
-41
-47
-58
-69
-77
-105
-122
-119
-81
-78
-123
-121
-97
-120
-112
-96
-79
-109
-111
-125
-119
-38
-53
-80
-45
-20
-46
-90
-108
-88
-67
-60
-47
-29
-55
-68
-73
-54
-16
13
3
-11
-68
-65
-6
-66
-66
-29
30
8
12
-8
-16
-6
-59
-59
-70
39
29
4
-113
-84
-26
11
-35
-56
3
-31
-79
-86
-5
40
73
-43
-21
-102
-83
-71
-74
-6
-30
-27
-37
23
-38
-24
-58
-58
-31
47
-15
-121
-67
-62
-34
-10
26
-2
-51
-45
-10
-7
26
15
-39
-15
8
46
-6
-26
16
23
-19
-35
-28
-39
-38
-3
-38
-25
28
-47
-8
14
-18
-85
-11
-31
-42
-8
-31
5
-87
-96
-84
-21
22
33
41
-3
12
-20
-29
-28
-30
-10
-39
-53
11
-48
-95
-35
-18
-62
2
-21
-61
-30
-53
-47
-40
-40
-47
-68
-76
-52
-49
18
52
26
21
11
-71
-77
-102
-77
-20
-14
1
-16
-18
-29
-40
-37
-53
-27
-34
-37
-52
-24
-10
15
21
-2
60
28
9
-15
-84
-30
-27
-10
-31
-22
9
4
10
26
16
54
42
32
53
51
18
9
5
-26
0
32
84
70
-12
3
31
80
45
46
69
15
24
38
-24
-21
36
19
13
-3
35
64
41
21
16
18
71
73
55
56
45
72
5
37
31
22
46
53
80
78
105
103
110
49
-4
50
49
84
72
100
78
89
53
-32
-9
15
6
5
90
72
41
-13
30
40
-4
12
-1
39
104
104
74
56
119
118
71
82
-4
43
102
20
10
21
-2
10
42
40
119
130
147
111
52
136
168
169
100
80
98
88
40
23
40
72
96
94
132
104
108
130
81
0
53
96
109
130
110
61
72
67
4
3
30
79
72
104
122
108
105
153
145
122
76
42
17
70
37
59
116
91
44
-2
98
107
39
17
54
107
102
57
46
86
63
0
95
52
5
32
35
67
13
57
32
3
15
93
28
11
16
33
86
76
62
45
-11
-29
-18
54
142
55
41
105
145
103
74
47
33
-7
38
52
2
-21
65
97
108
148
86
60
84
44
-26
43
94
60
-11
-34
64
73
98
107
98
84
129
51
48
81
73
69
76
82
42
57
73
98
78
101
98
106
99
93
41
106
94
82
28
23
21
55
116
98
77
70
62
29
42
84
92
-6
18
51
72
62
60
62
81
62
73
42
58
89
74
85
85
98
42
21
74
56
3
12
64
3
21
33
9
2
106
86
36
19
46
81
72
60
103
149
128
40
60
21
-15
14
35
108
138
150
59
105
112
65
72
35
-20
4
34
-7
0
51
111
111
46
61
108
87
89
28
84
113
85
149
106
92
118
161
136
127
152
174
195
136
97
148
133
138
96
95
91
89
120
87
92
110
28
-34
0
23
43
86
104
67
49
62
67
121
99
-7
-2
34
24
52
80
40
11
32
16
9
34
58
12
25
-7
-1
41
66
44
46
54
15
52
108
92
55
-23
60
20
4
9
30
78
45
55
44
42
60
109
42
62
15
89
74
74
95
41
114
93
77
118
160
82
83
154
72
43
126
197
103
71
42
1
82
70
57
87
127
24
-18
98
58
18
29
74
96
87
92
86
101
94
65
102
104
93
59
25
41
54
141
138
102
58
40
76
55
110
87
47
-21
19
49
19
55
53
49
91
68
93
102
119
114
44
81
8
79
40
62
77
129
100
96
88
30
-2
-7
50
71
87
36
4
2
-11
-33
42
81
90
92
74
26
-25
21
10
66
93
53
42
49
36
33
8
117
112
64
109
62
100
100
28
2
54
84
104
123
60
55
32
26
51
-29
-4
-32
24
59
31
50
91
133
88
88
66
44
114
67
43
76
46
60
51
0
39
139
87
65
85
82
38
39
-3
18
68
47
81
41
27
40
67
13
3
113
140
158
86
66
-7
5
98
76
103
113
102
48
118
132
184
151
110
129
91
133
116
70
34
80
129
23
-8
-7
28
100
73
30
104
191
178
96
93
74
90
147
107
49
83
72
46
1
-5
-1
26
-14
5
32
11
16
136
127
12
-28
12
128
191
101
16
5
24
13
55
16
-12
47
79
65
3
48
38
111
104
126
16
-8
92
91
33
-36
16
10
-34
-39
-2
-6
5
-11
11
-46
-51
-27
-105
-75
12
24
-31
-45
-35
-90
-74
-22
-7
18
37
-41
29
45
-39
-76
50
96
47
39
3
-10
-1
73
52
15
-22
2
-41
-75
-95
-88
-39
-43
28
53
-27
37
93
90
-46
-42
-7
46
100
29
36
12
38
12
-39
-89
0
34
6
3
16
15
35
62
-8
-100
-107
-38
-17
-62
5
-5
49
41
32
-16
42
26
30
-34
-15
40
48
4
31
74
101
84
12
75
83
36
-69
-32
23
28
-23
53
118
85
8
60
114
106
58
26
156
50
-26
85
65
-44
-8
98
22
-11
-34
130
143
33
6
-23
11
-68
54
13
-16
135
162
62
-121
15
-1
99
30
-34
-11
77
0
-87
-1
103
89
-219
-93
-15
-83
21
198
58
-115
31
-31
-70
-55
-41
-5
38
140
48
92
204
146
2
-118
-67
-8
10
-100
58
-104
65
55
43
-37
-14
8
3
114
35
101
-42
9
-29
64
-30
-27
27
-106
105
78
-43
-149
-202
-14
11
3
-18
43
114
109
123
6
64
27
-91
70
121
126
47
40
16
-123
-12
73
89
57
27
89
23
-107
-48
128
61
46
120
194
31
-100
8
-33
-49
-6
53
-9
112
48
68
77
36
-131
-62
109
37
-50
-143
66
114
30
5
57
28
-95
-175
-16
29
46
0
-46
-10
97
117
-24
28
85
-52
8
12
90
50
38
-45
-165
-63
93
114
84
114
-76
-71
104
212
-85
-307
-201
120
117
128
-40
25
-158
-47
44
87
-2
-72
-52
4
166
215
21
-99
138
68
-175
-228
22
-7
-4
-28
-86
-205
44
164
242
-128
-118
-30
59
16
-94
42
98
38
41
186
-57
209
62
-119
-161
-5
67
194
41
-28
-76
53
-67
-165
-31
186
242
140
128
85
-177
-58
215
61
-101
-266
-52
4
127
70
118
82
193
273
-126
-20
174
186
-149
-160
-212
-36
169
159
99
211
93
-203
79
149
-167
-106
240
145
49
-160
-44
-208
47
138
170
-133
-207
-121
-120
73
70
310
32
-246
-327
-101
143
98
-154
-419
-95
26
-129
-146
-43
5
101
269
-174
-469
-385
191
313
266
31
-92
12
16
-180
-252
-173
-173
-385
-7
267
376
173
-13
-2
-20
-158
-202
-27
9
-273
-288
213
85
-361
-64
-43
201
95
-1
-100
-87
-118
-714
254
133
186
-193
58
-276
-53
517
-13
-201
-680
-367
-169
265
268
41
275
141
-301
-592
-102
6
162
309
-10
-268
-300
177
176
174
-74
-134
-292
-27
14
138
40
175
-71
-294
-412
-117
-287
-185
-12
54
117
95
79
-110
-90
58
-30
57
106
-6
-300
-195
123
-366
-326
-416
62
80
297
50
44
63
-258
89
-218
274
401
-24
-205
-37
114
-191
-312
-203
-81
-144
-44
145
74
49
-127
63
-140
-520
-436
-97
119
-224
-441
-182
286
179
274
273
-95
-356
-298
-134
-76
-279
33
-24
220
100
-27
-17
155
-53
120
217
186
207
-226
-70
152
518
291
396
528
226
613
414
5
-500
-350
-377
-646
-300
-616
-835
-477
156
24
110
116
-434
-604
-405
-417
-560
-157
37
172
62
4
-145
-437
-659
-623
-358
-193
-110
-10
-145
-168
58
529
284
-151
-177
-134
-100
-22
-318
-310
-89
323
13
-382
-686
-173
196
341
384
506
-143
-123
1361
1229
647
189
202
-43
-14
-171
-616
-673
-108
123
51
-15
-340
-519
-276
123
207
198
367
657
587
-89
1073
1857
1098
314
188
-631
-1319
-1527
-1625
-1551
-1580
-1185
-1121
-756
-469
-252
-65
266
224
-152
-188
-57
-330
-548
-466
-765
-1066
-431
502
520
474
1101
639
388
474
676
453
217
486
243
407
379
237
188
172
119
102
-81
-248
-643
-505
-51
238
194
-315
-701
-452
-249
-413
-269
55
242
13
118
522
672
1125
916
455
-577
-1161
-500
167
445
85
-1023
-1135
-129
280
157
583
702
-170
-325
623
1601
1271
-242
-276
332
263
46
373
321
-170
-179
-231
-651
-716
-141
46
-35
-80
86
-61
122
264
-87
17
223
-66
-294
-369
-753
-805
-385
-45
-117
14
28
-183
-599
-937
-612
-66
94
131
673
660
370
388
474
627
899
600
478
397
618
684
431
482
485
24
74
370
632
1634
1313
389
26
-331
-954
-1262
-1706
-1890
-1475
-1424
-1539
-1163
-294
33
410
633
358
-58
1025
1728
688
270
121
-495
-1149
-1097
-665
-349
-262
-618
-409
297
907
867
572
459
680
796
402
194
-157
-103
216
-335
-639
559
1401
804
410
215
-282
-511
-248
250
381
324
272
237
272
106
119
202
199
136
-181
-464
-478
-407
-286
-121
67
240
-73
-415
-395
-255
-243
-536
-469
-636
-580
-342
-166
-200
-243
-354
-340
-179
-371
-420
-512
-564
-445
-464
-426
-391
-435
-630
-523
121
512
514
276
74
87
273
183
-82
-410
-553
-131
-162
-469
-450
-507
-468
-359
-604
-1313
-714
109
-10
-297
-553
-512
-200
27
-93
-281
-636
-506
-231
-263
180
341
186
360
-466
-617
-441
-573
-194
-192
-501
-399
184
622
1037
1377
1515
1659
2086
2344
2644
2701
2437
2047
1624
1240
1021
831
347
70
-248
-635
-746
-554
-383
-378
-508
-565
-559
-634
-674
-859
-1103
-1425
-1683
-1640
-1595
-1496
-1377
-1114
-752
-280
177
635
1089
1547
2032
3607
4964
4772
4408
4234
4163
2951
1792
1189
63
-1655
-3593
-4060
-4199
-4555
-4753
-4170
-3182
-2816
-1677
-967
-429
48
-326
-638
-681
-397
-764
-1469
-1950
-2447
-2755
-2908
-2119
-1387
-729
-1545
-1660
433
1166
986
250
-504
-819
-1521
-2618
-3143
-3750
-4892
-4373
-3343
-3423
-3366
-3644
-4132
-4603
-3927
-1042
1425
2449
3057
5211
7641
7889
8154
9505
10667
8923
5738
4941
5249
3560
116
-1149
-625
-1607
-3075
-2791
-354
630
-636
-928
343
1193
167
-959
-1201
-1774
-3523
-5209
-5232
-4582
-4664
-5240
-4933
-3161
-1479
-242
1163
2955
4472
4738
4796
5400
6131
5710
4363
3125
2404
1800
624
-346
-424
-305
-831
-1553
-1007
232
269
-438
-660
-206
-575
-1631
-2072
-2067
-2514
-3648
-4043
-3389
-1606
-799
-513
1279
3158
4433
4369
5132
6237
5640
3941
2231
1974
864
-1005
-2340
-2550
-2465
-3258
-2831
-1954
-779
-190
-515
-165
289
303
-804
-1845
-2199
-2768
-3775
-4636
-3905
-3150
-3385
-3552
-2877
-1600
-1223
-1014
-510
23
-93
-920
-1243
-1163
-1378
-2313
-3795
-5204
-6731
-8219
-9428
-7330
-2216
717
1312
2376
7277
11372
11294
11752
14649
16724
11794
5799
5227
5097
596
-5149
-5757
-4669
-6170
-7918
-6204
-1667
-779
-2410
-1654
1310
2907
908
-863
-814
-1409
-4462
-7080
-6568
-5635
-6481
-7608
-6351
-3229
-816
872
3059
5922
7937
8071
8124
8940
9448
7910
4882
2824
1985
666
-1642
-2772
-2320
-2245
-3219
-3196
-1232
619
552
-149
338
949
117
-1315
-1839
-1713
-2123
-3279
-3376
-1654
132
752
1167
2727
4570
4967
4598
4712
5076
3826
1415
186
120
-541
-2138
-2842
-2338
-1769
-1904
-1717
-607
249
-93
-1052
-1255
-1043
-1713
-3195
-4156
-4146
-4520
-5417
-5441
-4272
-3414
-3585
-3251
-1887
-737
-721
-1159
-1050
-1179
-2215
-3465
-4426
-5358
-7105
-7949
-3892
1442
3313
3332
6089
12268
14878
13922
14829
17626
16244
8967
4734
5450
3838
-2733
-7774
-7166
-6849
-9538
-10754
-6635
-2166
-2787
-3914
-1464
2233
2412
-271
-1092
-766
-2797
-6760
-8239
-6686
-6156
-7565
-7935
-5134
-1537
738
3006
6351
9647
10686
10282
10678
11504
10666
7507
4083
2027
440
-1980
-4297
-4776
-4382
-4791
-5497
-4366
-1574
-92
-469
-529
444
551
-850
-1995
-2105
-2468
-3286
-3591
-2833
-927
910
2306
3502
5153
6925
7328
6993
6841
6485
4490
1584
46
-664
-2184
-4112
-4522
-3891
-3683
-3445
-2577
-1099
-394
-768
-1088
-1076
-1089
-2125
-3513
-4307
-4508
-4979
-5813
-5475
-4278
-3556
-3350
-2594
-1084
-159
-216
-447
-474
-849
-1954
-3389
-5108
-6663
-7222
-3973
1072
3198
3935
6309
11944
15635
15343
16106
18030
16919
10328
5190
4860
3099
-3159
-9182
-9603
-9086
-11093
-12049
-8523
-3473
-3259
-4363
-1634
2480
3390
912
-235
15
-1925
-5952
-7880
-6591
-6008
-7314
-7644
-4706
-572
2069
4475
7876
11217
12242
11605
11835
12336
10926
7223
3338
834
-1176
-3680
-5830
-6430
-6169
-6315
-6283
-4889
-2117
-299
-438
-464
316
583
-745
-2006
-2408
-2440
-3009
-3661
-2419
24
2010
3067
4641
6924
8401
8520
8064
7879
6890
4236
1180
-490
-1546
-3573
-5365
-5713
-5054
-4496
-4098
-2938
-1260
-405
-810
-1152
-922
-1081
-2289
-3868
-4589
-4810
-5507
-6179
-5565
-4204
-3608
-3397
-2305
-574
272
112
-206
-271
-767
-2288
-4404
-6240
-6924
-4692
530
3098
3829
6065
11099
15795
15893
16324
18262
17866
12109
5787
4779
3615
-2099
-8895
-10564
-9480
-11190
-12661
-10012
-4445
-2914
-4537
-2438
2016
3965
1536
-325
165
-1204
-5128
-7806
-6612
-5393
-6756
-7549
-4938
-246
2712
4763
8091
11593
12900
12026
11925
12449
11139
7301
2978
304
-1737
-4379
-6674
-7263
-6798
-6824
-6803
-5244
-2260
-113
-30
-139
537
875
-311
-1743
-2344
-2507
-2716
-2772
-1188
745
2512
3944
5520
7521
8547
8829
8036
6993
5528
3054
397
-1813
-3158
-4776
-6032
-6318
-5665
-4524
-3862
-2681
-1299
-549
-584
-968
-1029
-1672
-2835
-4283
-5238
-5485
-5885
-6175
-5761
-4661
-3677
-2808
-1663
-420
304
174
-324
-649
-1549
-3214
-5605
-7385
-6664
-1727
2866
3560
4570
8719
15072
16976
16194
17984
19402
15611
7480
4174
4598
721
-7192
-11851
-10458
-10505
-13069
-12382
-6781
-2459
-3871
-4191
167
4292
3399
-71
-409
-170
-3177
-7449
-7900
-5384
-5483
-7351
-6478
-1657
2848
4846
7271
11038
13698
13155
11929
12406
12107
8910
3894
210
-1739
-3976
-6618
-8030
-7493
-6810
-6832
-6051
-3289
-153
667
84
335
1108
525
-1285
-2453
-2590
-2206
-2106
-1674
120
2542
4424
5423
7043
9005
9571
8321
6738
5988
4115
746
-2095
-3236
-4232
-6072
-6864
-6008
-4604
-3857
-3148
-1733
-467
-120
-675
-1064
-1258
-2157
-3890
-5357
-5557
-5433
-5906
-5958
-4789
-3288
-2405
-1612
-431
555
650
-164
-844
-1487
-3013
-5475
-7607
-6715
-1068
3593
3880
4724
9540
16065
17378
16317
18418
19947
15542
6925
3871
4653
281
-8201
-12515
-10639
-10683
-13412
-12505
-6531
-2110
-3955
-4180
583
4615
3289
-535
-592
-173
-3616
-8036
-8109
-5187
-5479
-7552
-6051
-606
3820
5529
8114
12155
14582
13598
12126
12547
11969
8249
2916
-658
-2416
-4806
-7580
-8678
-7735
-7043
-7103
-5880
-2698
251
678
137
674
1256
307
-1579
-2591
-2245
-913
-1501
-1783
481
3493
5158
5190
7279
9401
9126
6973
5713
5839
3415
-606
-3060
-3297
-4459
-6490
-6667
-5504
-4162
-4034
-3672
-1924
-574
-542
-1766
-2197
-1886
-2694
-4595
-5796
-5010
-4813
-5695
-5624
-3808
-1988
-1785
-1165
35
983
414
-1006
-1319
-1966
-4024
-7192
-8671
-5461
1049
4167
3949
6388
12725
17919
17484
17479
20294
19804
12504
4670
4002
3634
-3241
-11350
-12861
-10638
-12140
-14153
-10708
-3831
-1693
-4229
-2495
3123
5500
2225
-1028
-207
-998
-5727
-9273
-7487
-4908
-6427
-7799
-4354
1860
5379
6886
10250
14257
15294
13217
12234
12766
10952
5811
454
-2263
-3768
-6400
-8873
-8894
-7386
-6990
-6829
-4594
-761
1535
901
295
1098
1320
-423
-2402
-2766
-1644
-1526
-2062
-804
2352
5072
5636
6694
8991
10241
8961
6933
6317
5118
1732
-2185
-3653
-4048
-5653
-7028
-6703
-4989
-3900
-3647
-2496
-630
186
-726
-1739
-1720
-1920
-3449
-5423
-5770
-5245
-5566
-6051
-5057
-3001
-1903
-1392
-426
918
1470
298
-758
-1545
-2868
-5539
-8634
-8739
-3571
2485
3600
3834
8133
15475
18638
17239
18788
21343
18298
9159
3746
4809
1759
-7117
-13477
-12399
-10878
-13704
-14172
-8168
-1914
-2645
-4351
77
5510
5254
601
-858
284
-2594
-8010
-9504
-6318
-5450
-7976
-7597
-2025
3744
5956
8039
12295
15594
14985
12772
12781
12774
9158
3132
-1441
-3253
-5199
-8265
-9760
-8667
-7312
-7209
-6212
-2767
884
1742
784
1010
1840
1019
-1354
-2917
-3000
-2241
-1777
-1849
-7
3279
5686
6589
7763
10249
10857
8841
6679
5844
4163
-72
-3573
-4474
-4970
-6821
-7810
-6380
-4553
-3585
-3075
-1594
159
264
-698
-1468
-1603
-2452
-4405
-6022
-6056
-5529
-6014
-6115
-4647
-2549
-1710
-986
823
1840
1008
-238
-568
-1483
-3926
-7264
-8994
-7280
-1818
2641
3480
5342
10456
16874
18622
18019
20195
20991
15671
6948
3916
4022
-1408
-10003
-13944
-12106
-12267
-14621
-12482
-5792
-1760
-3355
-2830
2486
6064
4026
34
-247
-361
-4637
-9105
-8755
-5787
-6380
-8279
-5818
516
5157
6831
9898
14255
16058
14294
12767
13193
11651
6626
875
-2591
-4386
-7002
-9595
-10064
-8581
-7652
-7196
-5082
-1216
1679
1611
904
1585
1927
154
-1788
-1508
-1353
-2196
-2647
-1244
1903
3822
5220
6757
8511
9783
9111
8200
7233
5630
2516
-1081
-2893
-3853
-5225
-7004
-7037
-5670
-4991
-4240
-2938
-999
-252
-1054
-1355
-1297
-1585
-3039
-4540
-5207
-5478
-5796
-6015
-5036
-3641
-2740
-2122
-1185
382
908
-107
-833
-1687
-3084
-5816
-8053
-7276
-1893
3479
3773
4503
9114
16301
18707
17145
18866
20569
16744
7740
3434
4600
588
-8645
-14060
-12091
-11000
-13860
-13409
-7152
-1795
-3412
-4335
854
5509
4212
-501
-1260
-242
-3545
-8337
-8783
-5533
-5358
-7701
-6153
-19
5412
7018
9081
13334
15929
14608
12493
12719
11909
7278
1281
-2397
-3829
-6139
-9071
-9890
-8547
-7525
-7169
-5438
-1835
1232
1352
423
828
1439
247
-2006
-3243
-3270
-2656
-2215
-962
1753
4614
6551
7655
9745
11594
11459
9419
7056
5597
2598
-1513
-4482
-5609
-6902
-8786
-8680
-6836
-4785
-3742
-2449
-438
650
650
-1
-355
-1110
-2878
-4954
-6351
-6407
-6535
-7022
-6450
-4721
-2914
-1852
-477
1438
2317
1600
673
-210
-1816
-4681
-7531
-8365
-5924
31
2832
3295
6312
12486
18394
18299
18321
20501
19799
12977
5077
4178
2864
-4598
-12785
-14335
-11857
-13279
-14812
-10897
-4108
-1892
-3883
-1140
4544
6352
2821
-515
174
-1155
-5941
-9244
-7485
-5343
-7205
-7823
-3489
3060
6482
7963
11754
15598
16095
13850
13012
13087
9752
3875
-1286
-3753
-5807
-8717
-10522
-9973
-8392
-7686
-6528
-3374
368
2094
1473
1297
1999
1465
-741
-2534
-3378
-2617
-1220
-1594
-224
2988
6136
7303
7919
10681
11661
9950
6923
5724
4664
292
-3947
-5447
-5548
-7548
-8751
-7129
-5181
-3743
-3216
-1656
445
841
235
-770
-1110
-2002
-3888
-5878
-6495
-5727
-6196
-6632
-5300
-2870
-1478
-1087
287
1914
1680
148
-1244
-2003
-4409
-7660
-8707
-4729
2164
3612
3492
6857
14304
19548
17836
18487
21143
19763
11403
3806
4535
2973
-5845
-14129
-14002
-11132
-13617
-15136
-10290
-3033
-2284
-4930
-1006
5002
6082
1465
-1376
74
-1652
-6816
-9565
-6840
-4783
-7069
-7538
-2244
4795
7498
8637
12676
16609
16359
13386
12970
13112
9055
2561
-2255
-4066
-6236
-9245
-10661
-9706
-8226
-7609
-6144
-2689
964
2214
1265
1166
1972
1613
-57
-1485
-1452
-1875
-2619
-1906
700
3621
4995
5950
7756
9626
10135
9090
7965
6566
4013
418
-2263
-3266
-4704
-6822
-8034
-7150
-5794
-5086
-3951
-2171
-803
-843
-1179
-810
-694
-1678
-3441
-4650
-4980
-5243
-5682
-5606
-4350
-3369
-3128
-2471
-716
440
-140
-1310
-2123
-2752
-5172
-6459
-5178
1051
5829
4917
6172
10607
17892
19269
16806
18159
18796
14886
5745
2418
3854
-682
-9653
-14739
-11473
-9939
-12871
-12282
-6456
-1290
-3805
-4630
856
4929
3155
-2315
-2629
-1253
-4136
-8260
-8107
-4165
-3913
-5853
-3733
2969
8386
9088
10569
14321
16345
14295
11562
11905
10448
4988
-1099
-3856
-4515
-6863
-9413
-9506
-7750
-6848
-6361
-4095
-524
1555
938
-78
371
907
282
-1201
-1656
-1259
-1323
-1196
498
3699
5632
6021
6739
8563
9704
8856
7344
6106
4332
1245
-1703
-2919
-3603
-5263
-6960
-6980
-5568
-4630
-4117
-3099
-1651
-1210
-1811
-1818
-1281
-1598
-3195
-4558
-4838
-4808
-5095
-5047
-4352
-3351
-2708
-2524
-1663
-556
-482
-1415
-2637
-3730
-5265
-6038
-5798
319
6442
6475
6831
10090
18181
20622
17621
17750
18421
15739
6018
1006
2763
-93
-8940
-15534
-12572
-9646
-11827
-12446
-7185
-716
-2676
-4805
-280
4643
3766
-2596
-4063
-2230
-3988
-8503
-9190
-4657
-3140
-5027
-3855
2921
9361
10324
10846
14245
16847
14789
11169
11054
10207
5094
-1539
-4838
-5029
-6631
-9267
-9653
-7501
-6191
-5920
-3973
-521
1767
1022
-546
-369
253
-48
-1586
-2077
-1378
-1326
-1156
343
3724
6047
6424
6652
8283
9811
8926
7212
5844
4344
1475
-1779
-2887
-3199
-4678
-6651
-6945
-5401
-4538
-4253
-3391
-1976
-1533
-2205
-2437
-1852
-1713
-3021
-4392
-4692
-4402
-4424
-4667
-4295
-3156
-2525
-2682
-2201
-1450
-1055
-2167
-3665
-5124
-5901
-6062
-3738
4022
7524
7220
8247
13592
20838
19631
17495
17915
17834
11773
2067
1148
2177
-3227
-12566
-15284
-10599
-9868
-12101
-10638
-3610
-266
-4350
-3852
1500
4913
791
-4885
-4034
-3065
-6153
-9903
-7575
-2988
-3172
-4659
-1055
6941
11296
11082
12436
15799
16643
12904
10255
10546
8126
1851
-4004
-5360
-5373
-7466
-9324
-8384
-6177
-5608
-5066
-2367
826
1652
-161
-1351
-682
-107
-1265
-2592
-2008
-1298
-1313
-883
1967
5489
6613
6462
7238
9357
9696
7996
6541
5512
3418
-242
-2421
-2555
-3202
-5219
-6782
-5977
-4623
-4263
-3912
-2778
-1740
-2185
-2880
-2676
-2035
-2395
-3859
-4608
-4422
-4240
-4526
-4539
-3732
-3047
-3198
-3171
-2568
-1708
-2516
-4052
-5352
-5407
-5056
-2635
5345
9057
8952
9356
14413
21683
20299
17538
17328
17303
11041
1085
82
1581
-3439
-12964
-15681
-10407
-9250
-11658
-10585
-3332
40
-4587
-4779
572
4352
-153
-6273
-5218
-3422
-6172
-9928
-7147
-1807
-1668
-3424
221
8536
12868
11933
12605
15834
16511
12136
9177
9651
7401
904
-5021
-5816
-5192
-7068
-8933
-7695
-5298
-4939
-4723
-2243
838
1309
-1120
-2496
-2071
-2427
-3748
-4589
-2269
264
126
856
4242
8817
10029
9105
9907
10849
9728
6089
4117
3364
537
-3757
-6047
-4890
-4559
-5566
-5756
-3930
-1958
-2168
-2161
-909
-330
-1840
-4084
-4569
-4355
-5077
-6796
-7318
-6189
-5472
-5239
-4622
-2315
-669
-842
-1382
-760
-713
-2396
-4883
-5751
-5460
-2871
4218
7250
8165
9501
14944
21752
20431
18626
18800
18786
11791
1884
571
1089
-4670
-14433
-16802
-11908
-11294
-13831
-12097
-3898
-361
-4549
-4131
1486
5449
730
-5166
-3976
-2423
-5963
-10285
-7446
-2078
-1966
-3860
-81
8598
13133
12328
13423
17019
17576
12830
9523
9722
7450
631
-5719
-6787
-6309
-8429
-10330
-8694
-5898
-5254
-4957
-2278
1199
1941
-382
-1356
-56
147
-1514
-2684
-1883
-1149
-1633
-1095
2067
5468
6302
6093
7547
9535
9506
7794
6621
5774
3373
-170
-2323
-2403
-3399
-5871
-7242
-6299
-5097
-5086
-4832
-3251
-2022
-2629
-3403
-2705
-1825
-2485
-4064
-4651
-4257
-4362
-4878
-4867
-4045
-3650
-4224
-4539
-3569
-3205
-4586
-6139
-5429
-3071
3473
8952
9749
11076
13348
19600
21087
18546
17810
16896
13467
3897
-930
321
-1710
-9183
-15197
-12525
-9140
-10383
-11069
-6272
-186
-2528
-5579
-2625
2022
1437
-5019
-7059
-5032
-5554
-9104
-8976
-3322
36
-1118
-323
6196
13093
14042
13175
14937
16651
13787
8844
7736
7189
2824
-3917
-6981
-5993
-6169
-7933
-7715
-5169
-3726
-3943
-2906
-105
1478
-240
-2833
-2646
-1150
-1570
-3249
-3030
-1286
-513
-724
1370
5311
7365
6665
6343
8303
9162
7421
5321
4613
3410
256
-2500
-2697
-2329
-3821
-5951
-5852
-4380
-3825
-4257
-3914
-2698
-2738
-3998
-4494
-3461
-3166
-4425
-5628
-5434
-4520
-4628
-5125
-4438
-3418
-3651
-4407
-4604
-3951
-4819
-6128
-5675
-331
8351
9960
9557
11963
18416
23020
19284
17736
18727
17338
8288
-655
297
657
-6232
-15013
-14956
-9558
-10156
-12843
-9852
-1770
-456
-5762
-4899
823
3177
-2807
-7751
-5502
-4246
-8024
-10823
-6304
-698
-930
-2006
2908
11313
14545
13182
14396
17303
16543
11211
8341
8487
5528
-1240
-6532
-6748
-6244
-8034
-8998
-6978
-4598
-4299
-4028
-1478
1218
966
-1117
-1331
-762
-1187
-2625
-3305
-2388
-2008
-1800
-607
2450
5159
6061
6510
7675
9115
8950
7586
6344
5143
2952
-259
-2194
-2663
-3782
-5728
-6794
-5930
-5077
-5022
-4618
-3223
-2414
-3067
-3504
-2876
-2449
-3340
-4490
-4967
-4990
-5267
-5633
-5596
-4688
-4551
-4755
-4816
-4708
-4849
-5644
-5129
-1192
7435
10845
10061
11598
16922
22898
20380
17410
17856
17126
10177
343
-496
1068
-4089
-12914
-15219
-9955
-8817
-11626
-10527
-3418
-126
-5021
-5975
-940
2664
-1689
-7834
-6705
-4334
-6750
-10071
-7098
-1080
-82
-1574
1789
9761
14276
13284
13508
16138
16538
12074
8414
8385
6442
470
-5375
-6406
-5482
-6860
-8434
-7157
-4847
-4306
-4387
-2391
302
610
-1465
-2557
-1341
-825
-2109
-3064
-2318
-1101
-1103
-475
2407
5432
6309
5772
6863
8722
8715
6985
5702
5112
3042
-110
-1982
-2076
-2877
-5166
-6413
-5584
-4701
-4784
-4821
-3667
-2801
-3444
-4220
-3662
-2763
-3325
-4691
-5339
-4934
-4828
-5373
-5328
-4574
-4301
-4562
-5178
-4737
-4997
-5901
-5622
-971
8324
10744
9828
11645
18107
23704
20005
17595
18532
17735
9271
-562
-69
1206
-5201
-14570
-15300
-9383
-9529
-12651
-10344
-2297
-263
-5885
-5698
209
3189
-2576
-8135
-6012
-4130
-7554
-10748
-6576
-651
-646
-2077
2401
10889
14425
12938
13909
17032
16683
11460
8404
8819
6297
-467
-5927
-6155
-5573
-7512
-8822
-7041
-4684
-4556
-4433
-1962
771
1020
-652
-1348
-899
-903
-2194
-3149
-2662
-2050
-2012
-1515
1214
4261
5527
5744
6914
8849
9218
7798
6634
6055
3973
545
-1659
-2237
-3309
-5647
-7042
-6439
-5611
-5556
-5283
-3864
-2854
-3241
-3749
-3181
-2497
-3053
-4458
-5322
-5186
-5170
-5985
-6259
-5972
-5557
-6123
-6810
-6494
-6534
-6056
-1973
7545
11948
11047
12016
18129
24981
22154
18264
18703
18561
10528
-355
-763
1688
-4114
-14220
-16170
-9710
-8662
-12437
-10996
-2810
241
-5741
-6766
-813
2938
-2626
-9264
-7354
-4567
-7885
-11617
-7654
-723
-323
-2450
1838
10995
15336
13481
14065
17603
17610
12075
8613
9297
7046
-37
-6032
-6262
-5258
-7312
-8967
-7141
-4586
-4487
-4766
-2267
941
1576
-796
-2046
-1152
-1042
-2730
-4312
-3594
-2631
-2913
-2635
571
4414
5584
5386
7009
9640
9939
8190
7273
7020
4734
738
-1543
-1737
-3053
-5864
-7433
-6604
-5715
-5964
-5695
-4014
-2840
-3399
-4181
-3482
-2489
-3223
-4918
-5745
-5398
-5570
-6665
-6875
-5874
-5347
-6260
-6946
-6193
-5783
-6143
-2017
8029
12478
11208
11396
18277
25462
21978
17835
18417
19171
10733
-696
-819
2075
-3603
-14610
-16428
-9512
-8468
-12850
-11749
-2768
113
-6300
-7532
-1100
3148
-3069
-9845
-7537
-4392
-7776
-11977
-7693
-446
-148
-2640
1664
11374
15543
13383
13900
17754
17899
12055
8576
9524
7400
-14
-6179
-6057
-4993
-7363
-9302
-7377
-4751
-4968
-5346
-2671
822
848
-2259
-3629
-2744
-2798
-3828
-2709
-1263
-1010
-1431
105
4218
6877
7625
7027
7668
8182
7428
6398
5266
3835
1068
-1651
-2560
-2027
-2143
-3808
-4694
-4301
-3893
-3847
-3992
-3293
-3638
-5224
-6438
-6101
-5412
-6106
-7054
-7104
-6442
-6160
-5708
-4525
-3537
-3641
-4708
-5402
-5875
-6514
-4568
3943
10310
9523
9026
13659
23002
24199
19904
19447
21008
16943
5009
564
3710
927
-10805
-18443
-13585
-9359
-13108
-15503
-8557
-1240
-5159
-8961
-3608
3771
1808
-6784
-7840
-3465
-4351
-10115
-10055
-3204
-499
-3687
-2801
6202
14073
13654
12578
16242
19538
16177
11082
11123
10951
4895
-3457
-6151
-4877
-6444
-10010
-10198
-7521
-6472
-7007
-5137
-796
1845
122
-1704
-588
786
-273
-2986
-3405
-2537
-2940
-4019
-2117
2212
4285
3762
4756
8329
10505
9424
8342
8560
7317
3515
230
-376
-1342
-4631
-7727
-7892
-6827
-6845
-7131
-5861
-4020
-3905
-4595
-4012
-2529
-2398
-4128
-5661
-5503
-5408
-6469
-7288
-6585
-6009
-7322
-8334
-8040
-7199
-6021
1437
10442
12261
11630
13838
23003
26653
21684
19004
19925
17892
5989
-1906
567
847
-8371
-17957
-14826
-8321
-9927
-13458
-8733
169
-1679
-7710
-5453
1799
2173
-6896
-10773
-6585
-5429
-10671
-12371
-5315
83
-1969
-2605
5309
14837
15761
13430
15897
19597
16968
10660
9424
10118
5427
-3199
-7024
-5364
-5474
-8624
-9276
-6299
-4433
-5300
-4417
-455
2699
1347
-1987
-1928
-566
-1401
-4348
-5227
-3756
-3782
-4901
-3337
1459
4659
4361
4906
8212
10843
9948
8409
8590
7559
3747
-191
-956
-1197
-3970
-7208
-7607
-6292
-6161
-6632
-5612
-3644
-3391
-4683
-4751
-3344
-3028
-4956
-6743
-6422
-6234
-7416
-8491
-7470
-6682
-7763
-9446
-9338
-7646
-613
8942
11851
12343
13508
21108
26862
24010
21218
20881
19914
9723
-274
235
1843
-4979
-15914
-16509
-9992
-9328
-12802
-10548
-1504
-623
-6889
-7185
-513
2896
-4433
-10891
-8715
-6135
-9908
-13272
-8099
-1211
-1292
-3429
1959
12639
16605
14659
15501
19507
19119
12934
10099
11096
8297
-20
-6158
-5718
-4730
-7409
-9237
-7163
-4697
-5273
-5131
-1342
2577
1914
-1765
-2527
-1107
-1561
-4498
-6016
-4904
-4766
-6049
-4817
55
4050
4267
4551
7734
10978
10823
9350
9311
8699
5187
832
-491
-527
-2855
-6489
-7726
-6425
-5828
-6466
-5764
-3850
-3254
-4534
-5134
-3843
-3288
-5130
-7104
-7319
-7079
-7840
-8739
-8379
-7821
-8487
-9893
-10189
-7568
3008
11177
12164
12037
15462
25397
27202
23188
21574
22700
18790
5383
-973
1996
1510
-8874
-18132
-14074
-8595
-10510
-13712
-7854
685
-2794
-8536
-6029
1634
1343
-8024
-11717
-7843
-7184
-12515
-13397
-5698
-440
-2513
-3041
5475
15341
16446
14721
17150
20684
17660
11515
10527
11261
6339
-2362
-6355
-4876
-5064
-7879
-8354
-5674
-4232
-5234
-3896
186
2804
468
-2836
-2809
-1765
-3076
-5902
-6420
-5214
-5607
-6383
-3769
1591
4582
4435
5613
9075
11561
10620
9376
9314
7814
3567
-12
-634
-1145
-3913
-6956
-7225
-5999
-5682
-5934
-4799
-3201
-3345
-4824
-4990
-3941
-4139
-6070
-7715
-7991
-7987
-8933
-9062
-8346
-7995
-9159
-10367
-10384
-3761
8279
12130
12101
12352
19959
27390
24727
22129
22128
22630
12820
708
495
3545
-1693
-13948
-16963
-10341
-8774
-12496
-12047
-2492
213
-6683
-8850
-2796
2701
-3290
-11264
-10352
-7071
-9924
-14338
-10320
-2193
-972
-3629
-126
10629
16563
15277
15305
19125
19968
14282
10491
11466
10058
2552
-4735
-5517
-4138
-6107
-8129
-6815
-4374
-4643
-5132
-2200
2201
2360
-1368
-3294
-2290
-2289
-4823
-6587
-5867
-5342
-6679
-6017
-1355
3378
4396
4498
7089
10448
10934
9782
9622
9271
5961
1468
-263
-284
-2111
-5546
-7024
-6281
-5606
-5976
-5453
-3595
-3013
-4553
-5496
-4583
-3920
-5436
-7305
-7874
-7573
-8539
-9278
-8808
-7935
-8614
-10489
-11120
-7518
4880
11215
11809
11782
16860
26438
25906
22935
22261
23604
17286
3606
-124
3409
1317
-10164
-17341
-12064
-8546
-11369
-13403
-5359
1089
-4562
-9145
-5274
2025
-611
-9833
-11573
-7834
-8780
-14057
-13006
-4641
-939
-3424
-2739
6989
15584
15804
14742
17912
20687
16315
11022
11193
11408
5531
-2794
-5686
-4094
-5043
-7484
-7150
-4401
-3970
-5023
-3575
647
3083
136
-3123
-2917
-1995
-3652
-6405
-6212
-4978
-5877
-6712
-3457
2275
4511
4063
5505
9431
10938
9494
9104
9612
7557
2802
-76
115
-653
-3890
-6344
-6082
-5217
-5675
-5761
-4218
-2994
-4189
-5790
-5566
-4312
-4880
-6963
-8146
-7719
-7964
-8995
-9263
-8083
-8064
-9910
-11777
-9316
3585
10750
11350
11076
15817
25934
25746
22749
22354
24530
18984
4691
74
3668
2511
-8863
-16845
-12022
-8252
-10984
-13675
-5813
1484
-3821
-9004
-5713
1834
46
-9114
-11374
-7989
-8895
-14294
-13707
-5584
-1554
-3709
-3535
5690
14470
15295
14664
17709
20563
16633
11385
11478
11881
6373
-1929
-5119
-3743
-4838
-7201
-6742
-3961
-3737
-4939
-3191
812
3070
415
-2734
-2672
-2486
-4055
-6526
-6488
-5435
-6524
-7076
-4085
1541
4064
3851
5330
9022
10805
9527
9157
9719
7837
3227
60
269
-431
-3708
-6185
-5799
-4897
-5487
-5609
-4054
-2787
-3945
-5675
-5522
-4423
-4942
-6909
-8278
-7896
-8227
-9286
-9795
-8849
-8893
-10377
-12764
-6968
6497
10838
11067
10998
19498
27428
24759
22335
23145
24989
15180
2205
1183
4535
137
-12389
-15815
-9659
-8230
-12126
-12276
-1992
1141
-5792
-8673
-3104
2532
-3111
-11113
-10600
-7793
-10877
-15718
-11846
-3853
-2320
-4696
-1575
8891
14836
14564
15234
18998
19858
14431
10877
12053
10673
3836
-3174
-4138
-3391
-5350
-6950
-5208
-2894
-3834
-4443
-1935
1855
2191
-758
-2977
-2796
-3187
-5117
-6622
-6078
-5503
-6477
-6068
-2103
2599
4222
4268
6287
9414
10078
8883
8728
8913
6121
1975
2
327
-957
-4078
-5485
-4742
-4418
-5129
-4789
-3206
-3001
-4645
-5877
-5308
-4829
-5943
-7662
-8359
-7930
-8584
-9331
-9149
-8544
-9121
-11343
-11617
-227
9088
10522
10008
13267
23990
25676
22546
21786
24696
21748
8099
1077
3891
4437
-5343
-14904
-11849
-7656
-9566
-13193
-7268
1304
-2138
-8253
-6719
471
574
-7767
-11542
-8368
-8469
-13763
-14733
-7219
-2188
-3689
-4380
3353
12446
14351
13896
16680
19825
16994
11646
11174
12049
7755
191
-3813
-2966
-3707
-5912
-5869
-3255
-2718
-4168
-3436
-324
1505
-280
-2981
-3240
-3032
-4199
-5647
-5387
-4166
-4466
-4770
-2596
1786
4227
4415
5143
7462
8762
7873
7083
7465
6289
2935
399
487
500
-1708
-3877
-3746
-3341
-4194
-4887
-4181
-3443
-4912
-6662
-6840
-6020
-6241
-7459
-8049
-7527
-7360
-8068
-8402
-7316
-7837
-9396
-12328
-4663
7229
9475
9305
9569
20056
25603
22451
20900
23176
24495
12824
2277
3379
6056
-794
-13205
-13356
-7966
-8495
-13112
-10924
-569
-610
-7425
-8449
-1461
2151
-4722
-10820
-8623
-6775
-11470
-15163
-9446
-2812
-3053
-5449
-196
9870
13537
13013
15009
19200
18231
12639
11050
12623
10023
2674
-2799
-2581
-2872
-5424
-6509
-4131
-2854
-4412
-4323
-1008
1942
1247
-1702
-2599
-2307
-3445
-5527
-6176
-5118
-5401
-6372
-5076
-536
3041
3780
4434
7164
9559
9234
8377
8911
8268
4746
934
222
255
-1840
-4673
-5226
-4424
-4979
-5624
-4780
-3183
-3687
-5745
-6176
-5040
-4856
-6479
-7772
-7480
-7400
-8518
-9502
-8694
-8604
-10485
-12797
-2815
7930
10048
9396
11395
22903
25957
22271
20668
23901
22935
9468
878
3213
4901
-3942
-14525
-11817
-6920
-8527
-12947
-7828
1795
-614
-7235
-6691
461
1234
-7173
-11500
-8352
-8002
-13695
-15612
-8079
-2361
-3593
-4797
2490
11917
13798
13210
16309
19792
17022
11046
10573
11808
7901
359
-3493
-2405
-3167
-5615
-5466
-2390
-1573
-3486
-3043
455
2715
693
-2693
-3115
-3134
-4757
-6980
-6798
-5379
-5787
-6446
-4084
1067
4243
4552
5571
8427
10053
8923
8067
8633
7290
3243
-51
-145
-231
-2589
-4794
-4475
-3669
-4440
-5070
-3902
-2843
-4016
-6005
-6235
-5419
-5821
-7552
-8039
-7747
-7934
-9102
-9078
-8167
-8300
-10837
-10544
1735
8897
10081
9240
14276
24522
23906
20792
20575
24025
19206
5700
1162
4402
3729
-7257
-13966
-9098
-6262
-9491
-12401
-4310
2158
-2961
-8372
-5300
910
-1483
-9584
-10992
-7643
-9078
-14628
-13436
-5362
-1606
-3637
-2851
5813
13090
13314
13362
17042
19005
14730
9635
10325
10542
5673
-1017
-3040
-1978
-3290
-5136
-3961
-1243
-1620
-3319
-2035
604
1637
-846
-3294
-3633
-4224
-5685
-7154
-6257
-5190
-5383
-5275
-2242
2442
4730
5181
6414
8780
9553
8069
7673
7811
6010
2110
-311
-208
-679
-2950
-4395
-3716
-3440
-4438
-4718
-3538
-3128
-4796
-6576
-6380
-5874
-6687
-8118
-7961
-7514
-7748
-8609
-8351
-7787
-8046
-11145
-7441
4837
9502
10077
9186
17037
24841
22829
20092
20899
23884
15647
3611
1683
5083
1777
-9988
-13044
-7942
-6415
-10727
-11416
-2040
1304
-4773
-8479
-3606
1234
-3509
-10742
-10251
-7276
-10156
-14952
-11380
-3610
-1549
-3849
-956
8277
13659
13066
13932
17685
18259
12922
9411
10536
9513
3703
-2086
-2707
-2020
-3570
-4892
-2868
-597
-1925
-3036
-1024
1711
1543
-2016
-3802
-3910
-4672
-6773
-7476
-6029
-5495
-6044
-5121
-774
3490
4953
5573
7510
9715
9386
8073
8239
7810
4867
1034
-334
-165
-1268
-3543
-4278
-3400
-3606
-4495
-4223
-3026
-3303
-5390
-6641
-6316
-6074
-7273
-8278
-8015
-7790
-8548
-9149
-8533
-8193
-9626
-11574
-2094
7363
9762
9306
11534
21874
24351
21392
19844
22887
21673
9498
1597
3148
4915
-3568
-12748
-10267
-6183
-7562
-11905
-6981
1309
-798
-7293
-6948
-817
-442
-7844
-11744
-8834
-8346
-13404
-14623
-7734
-2017
-2716
-3362
3239
11447
13342
12855
15592
18331
15607
10119
9332
10349
6950
502
-2598
-1897
-2266
-4182
-3787
-790
-230
-2445
-2108
501
2060
-358
-3517
-4135
-4610
-6348
-8129
-7278
-5736
-5823
-5930
-3279
1627
4450
5183
6395
8688
9705
8287
7652
7945
6457
2754
55
-159
-314
-2144
-3716
-3412
-3006
-3972
-4420
-3513
-2887
-4407
-6532
-6707
-6317
-6838
-8128
-8205
-7869
-8159
-9051
-8685
-7757
-8053
-10868
-9464
2287
8421
9763
8949
14857
23586
22836
20162
20322
23604
17934
5681
1574
4442
3304
-7315
-12358
-8193
-5913
-9253
-11502
-3724
1481
-3340
-8409
-5406
-228
-2956
-10119
-11235
-8159
-9745
-14687
-12715
-4975
-1291
-3078
-1601
6367
12669
12692
13081
16462
17752
13202
8718
9433
9535
4812
-873
-2246
-1370
-2549
-3937
-2230
294
-736
-2732
-1822
1208
1414
-2226
-4543
-4775
-5238
-7544
-8097
-6284
-5118
-5700
-5392
-1265
3275
4881
5080
6824
9073
8669
7219
7250
7654
5136
1335
-126
309
-382
-2513
-3301
-2630
-2977
-4276
-4252
-3200
-3391
-5442
-7237
-6853
-6388
-7321
-8306
-7680
-7129
-7757
-8437
-7498
-6649
-7499
-10764
-8918
2536
7949
9206
8708
14647
22445
21741
19776
20295
23149
17166
5800
2023
4346
2909
-7165
-11502
-8170
-6427
-9559
-10998
-3577
874
-3717
-8357
-5358
-828
-3479
-9731
-10678
-8085
-9813
-14028
-11795
-4518
-1030
-2488
-857
6552
12271
12573
13138
16003
16816
12345
8152
8717
8792
4494
-738
-2089
-1247
-2196
-3341
-1706
572
-463
-2578
-2183
-197
-149
-2938
-4685
-4991
-5727
-7200
-7295
-5129
-3750
-3825
-3246
42
3759
5162
5426
6399
7764
7110
5780
5858
6116
4427
1497
333
717
350
-1269
-1995
-1740
-2520
-4044
-4665
-4236
-4716
-6736
-8160
-7696
-7214
-7550
-7916
-7006
-6383
-6494
-6816
-6072
-5894
-6982
-10049
-9284
1520
6879
8561
8088
13046
21308
21580
20143
20344
23121
18059
7072
2403
4049
3263
-6551
-11825
-9272
-7206
-9647
-11290
-4508
547
-3098
-7923
-5454
-807
-2708
-8866
-10704
-8218
-9578
-13810
-12281
-5181
-1042
-2240
-1094
6054
12363
13013
13245
15873
16822
12673
7994
7971
8373
4315
-955
-2649
-1651
-2098
-3126
-1752
662
200
-2164
-2187
-561
-295
-2455
-5140
-5938
-6337
-7398
-7649
-5870
-3611
-3142
-2698
96
4155
6322
6308
6668
7638
7328
5641
4817
5194
4000
1023
-586
21
496
-742
-1785
-1466
-1742
-3325
-4410
-4189
-4557
-6657
-8628
-8531
-7913
-7950
-8243
-7446
-6578
-6335
-6581
-5891
-5376
-6130
-9183
-9199
1170
7090
8837
8060
12510
20717
21244
19606
19504
22490
18107
7216
1962
3554
3604
-5780
-11366
-8889
-6513
-8901
-11035
-4672
842
-2502
-7932
-6225
-1511
-3105
-9199
-11393
-8662
-9387
-13535
-12176
-4862
-72
-1018
-324
6384
12613
13115
12794
15188
16072
11888
6965
6635
7491
4181
-833
-2368
-1157
-1175
-2241
-1007
1456
861
-1857
-2684
-1113
-976
-4098
-7079
-6944
-6532
-7819
-7934
-5486
-2455
-2119
-1868
1378
5444
6856
5993
6316
7556
6796
4407
3892
4822
3562
613
-427
870
1302
-265
-1101
-707
-1266
-3339
-4771
-4611
-5138
-7247
-9319
-9002
-8110
-7974
-8251
-7324
-5852
-5737
-6254
-5638
-4930
-5989
-9299
-10063
185
6619
8352
7932
11855
20502
21441
19739
19577
22633
18752
7625
1633
2845
3496
-5581
-11684
-9297
-6591
-8482
-10825
-4807
1248
-1489
-7535
-6649
-1931
-3190
-9329
-12105
-9450
-9614
-13640
-12677
-5242
461
163
460
6720
13060
13707
13013
14834
15593
11442
6034
5071
6228
3706
-1064
-2478
-952
-373
-1138
-61
2407
1989
-1135
-2697
-2089
-2467
-4887
-7301
-8067
-8018
-8265
-7434
-4894
-1989
-617
105
2297
5567
7162
6752
6263
6160
5330
3519
2732
3350
3069
1248
169
964
1881
1141
95
-203
-877
-2993
-5065
-5534
-5963
-7805
-9733
-9700
-8546
-8003
-7732
-6497
-5204
-4846
-5275
-5064
-4733
-5752
-8676
-10660
-1634
5566
7900
7834
10737
19610
21612
20001
19177
22050
19356
8465
1269
1395
2997
-4942
-11919
-10101
-6593
-7540
-10361
-5200
1558
-75
-6480
-7026
-2537
-3023
-9107
-12864
-10454
-9648
-13450
-13140
-5817
1029
1520
1133
6774
13432
14373
12719
13769
14868
10897
4902
3252
4922
3510
-928
-2298
-336
965
184
811
3317
3109
-403
-3204
-3180
-3164
-5157
-8265
-9182
-8459
-8328
-7553
-4880
-1133
722
925
2446
5682
7447
6455
5258
5004
4444
2509
1325
2526
3158
1710
347
1265
2711
2141
579
-21
-617
-3055
-5726
-6589
-6685
-8117
-10196
-10075
-8512
-7527
-7139
-5892
-4391
-3864
-4744
-5210
-5399
-6111
-9816
-10131
-401
5401
7669
7243
12339
20837
21652
19651
19250
21989
16971
6193
211
1678
1763
-7340
-11837
-8689
-5247
-7143
-8786
-2341
2863
-760
-7114
-6346
-2730
-5246
-11677
-13971
-10649
-10724
-14089
-11651
-3388
2465
2217
2874
9229
14305
13432
11664
12755
12797
7843
2547
2259
4267
2496
-970
-595
2004
3070
1941
2670
4621
2860
-1648
-4345
-4061
-4610
-7842
-10405
-9738
-8141
-7843
-6414
-2552
1096
1942
1682
3646
6391
6378
4314
3299
3527
2577
763
992
2978
3547
2084
1759
3291
4011
2348
400
-258
-1749
-4928
-7403
-7868
-7795
-9179
-10303
-9179
-7052
-6162
-5726
-4699
-3532
-3903
-5459
-6208
-6782
-9026
-12065
-4937
3203
6990
7784
9902
18685
22342
20824
18878
20853
19118
9016
711
-328
2004
-4164
-10804
-9172
-4766
-4197
-7103
-3282
3094
2123
-5044
-7834
-4725
-5339
-11348
-15643
-13055
-10722
-13158
-12606
-5065
2767
4375
3675
7917
13511
13505
10474
10143
10824
7329
1757
355
3244
4014
1384
1148
3897
5716
4728
3854
5038
3873
-1157
-5663
-6943
-6395
-8059
-10941
-10539
-7841
-6051
-5005
-1789
2215
3752
2453
2078
4204
4758
2738
773
1010
1627
624
697
3373
5883
5158
3688
4203
4999
3399
70
-1675
-2959
-5768
-8571
-9270
-8164
-7915
-8507
-7882
-5827
-4251
-4217
-4005
-3633
-3933
-6040
-8025
-8783
-9881
-12912
-8382
1273
6900
9456
10467
17657
23284
22558
19336
18755
18368
9729
56
-3388
-342
-2450
-9178
-8636
-3768
-738
-3040
-2123
3648
4154
-2915
-9167
-8181
-7626
-12428
-17380
-15818
-11351
-11373
-11190
-4648
4088
7593
6079
7340
11981
12445
8489
6114
6878
5266
585
-1176
2323
5766
4989
4438
6617
8718
7555
4850
4128
2639
-2387
-8297
-10418
-8596
-8671
-10394
-9661
-5768
-2721
-1928
310
3465
4664
2111
-134
700
1470
-60
-1948
-708
1371
1823
2520
5445
8500
7954
5602
4487
4157
2079
-1757
-4129
-5160
-6828
-8923
-9042
-6883
-5361
-5299
-5169
-3766
-2773
-3738
-5106
-5502
-5933
-8313
-10464
-11162
-10907
-12480
-7475
2722
9240
12468
12849
18533
23179
21963
17378
15207
14462
6643
-2184
-5261
-1027
-771
-5720
-4956
-64
3092
448
-508
2965
2487
-5236
-12635
-12515
-11045
-14032
-17688
-15114
-9030
-7295
-6543
-847
6953
9563
6531
5348
8048
8043
3989
1493
2888
3532
1039
630
5203
10087
9906
8415
9072
9558
6986
2229
-82
-1877
-6253
-11326
-12503
-8625
-6421
-6555
-5178
-1227
1551
1037
1219
2331
2174
-1359
-4592
-3837
-1958
-1518
-1916
636
4334
5803
6259
8046
10090
8529
4484
1461
242
-1533
-4653
-6300
-5978
-5579
-6171
-6001
-3679
-2035
-2599
-4134
-4619
-4735
-6289
-8269
-8915
-8595
-9357
-10588
-10479
-9264
-8683
-2364
6182
11548
13772
13424
16763
19258
17788
13562
11640
10474
4408
-1671
-2583
2074
2447
-1138
-772
2102
3264
-4
-1912
-718
-2579
-9520
-15175
-14217
-11704
-12477
-13988
-10680
-5099
-3602
-3017
1135
6111
6609
2874
1260
3075
3565
1603
1009
3579
5445
4848
5282
9295
12598
11225
8308
6865
5561
2323
-1852
-3796
-4786
-7219
-9625
-8657
-4470
-2101
-1980
-1735
-7
523
-1118
-2121
-2194
-2659
-4840
-5965
-3921
-697
1343
2476
4667
6757
7406
7009
6811
6610
4386
1003
-1485
-2269
-2458
-3140
-3396
-2791
-2315
-2858
-3495
-3317
-3340
-4463
-6664
-7962
-8227
-8565
-8905
-8334
-7531
-7052
-7388
-7437
-7603
-6419
900
6892
9940
10523
11277
14810
16071
14848
12443
12386
10096
4144
-80
882
4361
1971
-1011
-264
1284
525
-2496
-2685
-1850
-4735
-10840
-13811
-11611
-9838
-10869
-11387
-7672
-4102
-4262
-3161
1054
4483
3469
592
715
2750
3139
2306
3309
5760
6637
5826
6602
9944
11212
8690
6038
4795
3216
195
-2442
-3099
-3647
-5800
-6953
-4497
-1784
-1056
-1652
-1814
-1253
-2238
-3663
-4036
-3427
-3792
-4908
-4215
-1147
1702
2869
4322
5905
6372
5814
5069
4711
3825
1877
-307
-1418
-1386
-1182
-1381
-1371
-1172
-1865
-3371
-4250
-4300
-4810
-6366
-7726
-8070
-7989
-7767
-7279
-6463
-6103
-6279
-7147
-7882
-8290
-4053
2983
7436
9619
10028
12575
15409
15551
13704
12513
11496
6861
1492
-137
2661
3547
934
150
1181
1564
-241
-1926
-1741
-3141
-7940
-12558
-13038
-10992
-10160
-10351
-8649
-5183
-3647
-2989
-342
2680
3372
1387
-165
370
1351
2026
2908
4688
6208
6724
7208
8908
10483
9473
7178
4649
2325
99
-1644
-2466
-3102
-4133
-4838
-3009
-1038
-487
-256
-959
-1903
-3677
-4918
-5066
-4942
-4859
-4951
-3481
-1033
1513
3254
4971
6271
5513
4504
3929
3432
2305
818
-34
-489
-530
-109
553
644
144
-1078
-3027
-4217
-5001
-5873
-6705
-7332
-7420
-7378
-6795
-5874
-5124
-5162
-5476
-6404
-7529
-8856
-8580
-2747
3735
7794
9631
11243
14398
15856
14705
12640
11777
8985
3533
-334
56
2748
2439
1453
2312
3057
1836
-327
-1196
-2042
-5548
-10636
-13074
-12330
-11112
-10145
-8250
-5049
-2905
-2638
-1215
1443
2297
865
-892
-1111
-583
-228
1419
4457
6802
7379
7686
8860
10090
9200
6720
4707
2454
-483
-2543
-2685
-1682
-1806
-2721
-1480
710
849
1
-923
-2081
-4108
-6482
-7065
-6053
-4874
-4304
-3075
-511
2277
3505
4204
5435
5008
3113
1749
1448
1243
690
496
943
1387
1563
1714
1510
834
-631
-3210
-5189
-6020
-6490
-6701
-6528
-5578
-5107
-4963
-4441
-4146
-4456
-5629
-6843
-8325
-9278
-10098
-9106
-2637
4584
9232
11339
12795
15237
15275
12796
10150
8618
5825
1213
-1503
41
3565
4363
4105
5092
4919
2441
-981
-2862
-4254
-8051
-12306
-13527
-11721
-9416
-7470
-4772
-1588
-334
-1439
-1606
-483
-612
-2479
-3987
-3041
-1302
241
2996
6863
9660
9805
8732
8316
8144
6039
3104
1167
-91
-1405
-2115
-1027
1049
1738
1244
1540
1508
546
-1667
-3923
-5333
-6618
-7545
-7175
-4908
-2717
-1147
114
1733
3034
2872
2540
2211
1643
672
36
601
1677
2495
2846
3143
3083
2482
1170
-327
-1661
-3423
-5234
-6131
-5733
-4755
-4007
-3211
-2583
-2647
-3571
-4581
-5530
-6604
-7816
-8781
-9196
-8651
-8565
-6827
-526
6231
10519
11634
12048
12732
11600
8847
6605
6111
4792
2142
761
2894
6264
6568
5790
5472
3875
61
-3987
-5585
-6196
-8154
-10568
-10427
-8066
-5879
-4386
-2772
-922
-1238
-3731
-4938
-4211
-3624
-4088
-3749
-1406
1156
3045
5321
8202
9672
8610
6284
4742
4043
2759
1409
1212
1722
1739
1485
2345
3387
3086
1849
402
-933
-2534
-4120
-5144
-5226
-4780
-4638
-3864
-2386
-917
-339
-188
142
87
-130
-44
546
1226
1703
2137
2681
3330
3536
3121
2308
1359
143
-1351
-2249
-2510
-2699
-3121
-3162
-2721
-2342
-2272
-2567
-3078
-4000
-5299
-6345
-7090
-7060
-6921
-6942
-6743
-6078
-6081
-5856
-1870
3346
7198
8569
8795
9522
9343
8367
7021
7123
7024
4985
2895
3199
5411
5559
4425
3706
2674
201
-3122
-4330
-4182
-4899
-6889
-7928
-6847
-5490
-4773
-4186
-2731
-2347
-4082
-5356
-4612
-3017
-2535
-2234
-640
1277
2512
3662
5529
6962
6733
5044
3586
3441
3343
2702
2549
2976
3010
2237
1825
2024
1641
970
93
-661
-1498
-2538
-3227
-3505
-3359
-3501
-3601
-3285
-2572
-1849
-1530
-835
-327
95
551
1191
1942
2227
2421
2307
2280
2128
1767
1250
686
206
-469
-1034
-1242
-1383
-1909
-2507
-2730
-2750
-2822
-3126
-3393
-3694
-4331
-5068
-5563
-5883
-5893
-5914
-5818
-5705
-5394
-5872
-4742
-415
3743
6773
7818
8562
9178
8518
7275
6246
6492
5553
3851
2887
3962
5455
4786
4189
3462
1952
-875
-3463
-4054
-4339
-5207
-6432
-6233
-5201
-4379
-3826
-3204
-2226
-2950
-4687
-5173
-4431
-3338
-2578
-1362
353
1906
2927
4090
5460
5752
4934
3487
2537
2484
2438
2465
2868
3306
3197
2590
2089
1690
1411
594
78
-459
-1573
-2298
-2879
-2915
-2868
-2937
-3048
-3038
-2543
-2043
-1484
-933
-276
201
548
1448
1948
2174
2185
1896
1504
1012
691
377
71
-118
-273
-738
-1020
-1186
-1670
-2098
-2286
-2512
-2893
-3210
-3403
-3656
-4179
-4658
-5061
-5268
-5281
-5253
-5194
-5082
-5049
-5517
-3380
712
4075
6167
7130
8055
8143
7170
6022
5854
5797
4552
3405
3364
4799
5159
4274
3940
3095
1006
-1723
-3207
-3476
-3923
-4825
-5177
-4473
-3961
-3706
-3442
-2877
-2554
-3681
-4899
-4799
-3865
-2911
-1881
-291
1326
2308
2935
3800
4324
4054
3256
2109
1745
2084
2387
2918
3537
3769
3291
2370
1459
1644
1484
734
111
-748
-1509
-2172
-2415
-2434
-2381
-2701
-3157
-3068
-2569
-1721
-1377
-808
157
518
978
1442
1884
2002
1729
1253
751
454
268
287
170
162
-52
-716
-1082
-1344
-1766
-2137
-2392
-2564
-2732
-2934
-3079
-3342
-3844
-4226
-4745
-5114
-5058
-4893
-4888
-4610
-4875
-4162
-1208
1961
4274
5652
6350
6936
6752
5682
5039
5253
5079
5017
5117
5233
4879
3620
2929
2460
888
-1257
-2444
-2891
-3315
-3788
-3642
-2809
-3024
-3730
-3666
-3412
-3454
-4011
-4411
-3899
-3370
-3021
-1962
-187
1143
1680
1906
2450
2899
2446
2208
2412
2488
2510
2637
3028
3455
3198
2596
1888
1440
1155
963
1014
850
323
-702
-1464
-1970
-2365
-2801
-3424
-3537
-3320
-2866
-2225
-1444
-430
180
579
949
1220
1276
1024
927
808
722
486
372
403
455
295
-158
-546
-1007
-1477
-1928
-1991
-1864
-1761
-1725
-1912
-2299
-2826
-3488
-4085
-4626
-4948
-5015
-4861
-4780
-4297
-4235
-3742
-1221
1696
3657
4595
5220
5747
5520
4668
4023
4141
4264
3938
3612
4172
5039
4327
3207
2458
1437
-198
-1840
-2465
-2669
-2890
-3071
-2853
-2543
-2582
-2662
-2972
-3211
-3352
-3619
-3623
-3298
-2645
-1767
-663
397
1242
1865
2192
2292
2047
1960
2128
2052
2034
2229
2626
2850
2685
2544
2274
1962
1795
2109
1745
1068
726
-31
-830
-1686
-2177
-2479
-2754
-2738
-2596
-2239
-1870
-1296
-866
-288
360
628
816
886
865
789
611
513
349
315
484
433
164
-24
-230
-735
-1114
-1298
-1338
-1380
-1385
-1316
-1588
-2198
-2827
-3447
-3955
-4205
-4254
-4322
-4161
-4068
-3720
-3845
-3247
-1070
1199
2820
3379
3976
4464
4409
3941
3575
3795
3916
3696
3423
3758
4308
4051
3235
2304
1485
212
-926
-1566
-1997
-2141
-2167
-2026
-2145
-2180
-2054
-2263
-2719
-3053
-2933
-2820
-2699
-2294
-1511
-637
121
753
1268
1658
1756
1517
1337
1469
1661
1804
1901
2178
2381
2262
2069
2217
2408
2605
2344
1705
1016
273
-327
-1073
-1726
-2192
-2351
-2395
-2348
-2076
-1798
-1523
-1274
-940
-566
-154
233
476
429
332
473
437
294
181
212
195
10
-82
-183
-373
-547
-644
-675
-693
-734
-891
-1077
-1431
-1909
-2525
-3218
-3636
-3765
-3826
-3728
-3410
-3150
-2971
-3021
-2240
-792
967
2003
2530
3084
3510
3662
3399
3209
3334
3454
3374
3204
3204
3246
3013
2681
2102
1353
591
-64
-563
-1148
-1412
-1348
-1396
-1729
-1971
-2045
-2290
-2463
-2508
-2412
-2246
-2184
-1867
-1362
-862
-274
340
800
979
1011
1043
1080
1250
1412
1599
1717
1767
1699
1689
2123
2826
3320
3193
2569
1570
570
-363
-988
-1359
-1678
-1874
-2099
-2083
-1937
-1585
-1342
-1262
-1012
-751
-607
-496
-238
-77
25
148
207
14
-131
-235
-236
-128
-31
-25
-96
-175
-129
126
217
261
61
-318
-849
-1475
-2031
-2396
-2624
-2644
-2591
-2702
-2607
-2603
-2490
-2595
-2436
-1684
-424
792
1431
1897
2239
2630
2678
2547
2530
2521
2600
2576
2787
2868
2909
2767
2431
1978
1385
749
135
-437
-805
-847
-799
-909
-1209
-1438
-1611
-1857
-2092
-2281
-2360
-2429
-2330
-1955
-1561
-1012
-472
-26
403
575
558
477
510
656
841
1131
1423
1586
1659
2097
2922
3496
3419
2721
1769
740
-55
-478
-652
-752
-743
-783
-962
-1301
-1596
-1761
-1644
-1392
-1112
-830
-775
-738
-620
-448
-194
-77
-171
-437
-679
-666
-407
-97
63
133
142
144
206
258
259
198
20
-169
-537
-1117
-1673
-2074
-2218
-2183
-2001
-1920
-1932
-2024
-2133
-2352
-2277
-1568
-516
574
1280
1560
1630
1609
1427
1455
1591
1742
2048
2169
2171
2093
2048
1976
1852
1596
1309
884
415
-79
-383
-391
-344
-481
-634
-788
-1163
-1480
-1712
-1793
-1706
-1708
-1639
-1411
-1173
-956
-729
-375
-109
83
163
228
360
451
659
963
1133
1322
1527
2065
2744
3035
2904
2403
1671
829
87
-360
-497
-352
-96
-97
-383
-693
-1062
-1289
-1250
-1091
-730
-599
-536
-648
-626
-510
-518
-398
-361
-381
-419
-489
-363
-220
-53
165
373
512
475
350
192
152
144
-6
-386
-864
-1382
-1650
-1718
-1634
-1505
-1450
-1463
-1621
-1763
-1878
-1958
-1889
-1431
-574
344
905
1034
859
552
368
420
845
1356
1710
1767
1749
1601
1381
1321
1269
1112
785
504
294
63
13
110
114
27
-130
-539
-1018
-1374
-1487
-1285
-979
-657
-372
-328
-476
-555
-532
-306
29
208
312
477
609
674
841
991
1342
1851
2347
2684
2436
1959
1389
981
665
468
390
268
173
-95
-417
-710
-901
-892
-858
-765
-736
-713
-681
-744
-831
-678
-514
-548
-612
-694
-811
-791
-630
-398
-312
-215
-153
-166
-205
-133
-89
-170
-153
-270
-480
-787
-1074
-1317
-1394
-1479
-1470
-1349
-1307
-1327
-1369
-1370
-1304
-1251
-1378
-1436
-1327
-938
-416
183
707
1020
898
467
73
-82
77
492
1097
1613
1749
1551
1050
563
296
271
501
698
744
509
124
-55
-120
-121
-41
69
5
-224
-462
-556
-346
63
542
818
865
691
461
266
296
568
826
970
988
980
1123
1403
1813
1960
1833
1559
945
382
53
-153
-17
296
510
485
260
-102
-531
-847
-935
-823
-641
-499
-395
-447
-480
-495
-466
-449
-491
-555
-610
-639
-682
-596
-345
-70
32
-10
-112
-325
-579
-626
-671
-656
-567
-460
-516
-660
-841
-1018
-1135
-1173
-1029
-904
-887
-968
-901
-735
-509
-268
-356
-595
-839
-997
-898
-300
564
1185
1451
1278
924
348
-8
-27
68
382
738
970
949
789
535
370
377
338
203
76
-64
-237
-296
-254
34
339
483
337
52
-107
-253
-203
-64
134
400
456
445
415
382
402
510
648
708
748
768
757
744
698
654
724
652
352
39
-311
-473
-446
-260
-15
171
168
-90
-436
-709
-790
-710
-492
-186
-14
-28
-155
-208
-224
-223
-177
-124
-90
-96
-141
-173
-53
145
248
230
166
-22
-248
-526
-699
-656
-536
-474
-502
-661
-890
-965
-992
-893
-750
-811
-889
-882
-799
-561
-410
-398
-425
-560
-671
-659
-703
-688
-448
224
776
942
891
688
289
-181
-354
-349
-226
-6
227
355
363
384
264
129
23
-145
-250
-186
-41
12
39
22
87
106
81
68
-17
-45
-147
-76
180
452
599
734
728
576
478
474
509
388
268
235
220
325
424
576
723
688
442
-19
-312
-483
-514
-256
119
357
328
105
-215
-472
-608
-559
-396
-110
104
125
61
65
19
-1
-38
-84
-108
-125
-88
-67
124
300
222
0
-202
-130
-263
-626
-708
-599
-301
-173
-84
-121
-254
-331
-395
-454
-495
-405
-357
-224
-111
-241
-348
-334
-328
-412
-391
-336
-282
-396
-528
-397
-134
48
171
131
-144
-426
-603
-815
-1010
-1005
-879
-763
-808
-760
-684
-641
-590
-663
-691
-570
-407
-152
44
62
-10
-77
-52
7
70
242
440
595
715
707
665
716
856
892
792
825
893
904
820
936
1089
1092
1066
756
398
17
-174
-192
-34
192
305
417
340
161
119
112
20
-36
32
106
121
114
110
73
12
15
125
107
-96
-317
-334
-257
-69
149
149
134
3
-240
-491
-732
-947
-981
-928
-737
-559
-415
-385
-463
-451
-472
-370
-335
-290
-312
-288
-213
-225
-266
-141
97
65
-102
-264
-404
-429
-286
-78
97
243
212
12
-173
-255
-383
-355
-170
-81
-41
40
69
-39
-106
-38
53
83
132
76
108
152
233
312
552
688
667
564
416
358
347
502
586
639
638
668
574
515
464
351
235
92
46
-28
-42
23
139
203
198
134
82
4
-99
-39
-41
78
182
220
182
25
-18
14
126
135
14
-82
-222
-340
-341
-287
-124
43
79
6
-127
-179
-232
-266
-119
-43
-201
-410
-410
-172
-137
-217
-311
-441
-588
-672
-676
-528
-505
-583
-594
-686
-627
-640
-636
-625
-501
-461
-479
-455
-450
-385
-276
-287
-247
-197
-124
-58
-104
-49
-16
67
163
106
-114
-176
-140
-98
-103
-77
48
236
276
256
273
191
257
296
242
194
153
222
356
529
532
425
272
150
115
164
135
206
340
406
345
278
246
110
-53
-89
-55
29
31
-49
-16
9
-35
-91
-41
-77
-174
-186
-166
-110
-2
44
126
150
23
-111
-187
-153
-143
-107
-63
11
-7
-29
-55
-108
-150
-196
-234
-326
-437
-533
-500
-325
-213
-51
87
53
-131
-243
-360
-379
-249
-82
59
146
153
82
-27
-159
-120
26
39
23
71
49
-115
-232
-148
-116
-69
28
-44
-137
-290
-350
-293
-206
-135
-183
-104
-69
-175
-387
-469
-316
-113
29
96
116
76
110
41
-12
-17
-50
-96
-19
69
226
339
395
403
284
142
-10
-102
-89
14
185
224
277
325
276
103
-132
-226
-223
-71
35
194
204
130
69
10
15
-5
14
1
-78
-191
-149
-39
34
143
195
208
31
-59
-96
-98
-70
40
161
180
165
90
63
0
-73
-41
55
61
-60
-150
-158
-111
-5
43
-73
-176
-254
-260
-311
-296
-192
-111
28
92
51
-111
-196
-232
-198
-64
-36
2
67
-23
-54
-151
-168
-161
-153
-152
-192
-208
-192
-114
-28
18
-52
-95
-155
-213
-163
-168
-87
30
69
70
-83
-181
-143
-57
27
77
147
164
57
-63
-68
44
230
281
298
257
224
168
84
59
98
174
154
119
25
-40
-45
-5
11
-40
-14
9
83
124
198
303
308
233
187
201
163
216
284
321
357
287
229
198
150
52
-65
-90
0
67
128
115
34
-99
-234
-276
-272
-201
-217
-159
-151
-193
-102
-50
4
8
-41
-62
-84
-82
-62
-65
-40
25
-13
-89
-56
-109
-122
-165
-214
-83
-67
-33
-74
-103
-89
-92
-145
-165
-78
-88
-152
-174
-71
-66
-171
-170
-56
11
-37
-61
-37
-41
-75
-115
-33
101
122
82
89
66
79
61
56
88
130
158
120
188
247
287
258
266
242
146
67
23
37
29
102
132
77
59
5
22
37
89
115
156
198
112
18
22
30
55
97
57
-15
-102
-44
-6
97
168
84
99
57
44
-19
38
103
135
77
-56
-138
-266
-274
-146
14
55
25
-89
-152
-143
-92
-29
60
55
40
18
-62
-178
-242
-198
-169
-71
-40
-78
-138
-210
-218
-300
-313
-281
-196
-138
-106
-92
-85
-53
-129
-207
-328
-356
-380
-267
-189
-140
-6
0
66
52
12
-44
-53
-70
-110
-106
-22
137
190
210
173
30
-53
-11
134
190
290
354
284
160
-19
-9
32
92
100
11
-6
32
51
14
20
51
122
63
-46
-124
-127
-110
-147
-80
-5
26
16
-64
-57
-59
-59
-122
-102
-81
-74
-73
-63
88
104
96
40
-32
-51
-67
-76
-95
-54
1
-3
30
44
24
-13
-17
3
-52
-13
11
-20
-10
26
104
107
86
-32
-59
-109
-140
-151
-184
-64
-12
23
14
-44
19
97
114
112
22
-30
-41
-68
17
45
15
44
8
-26
-29
-37
13
38
69
29
62
114
120
224
250
224
206
99
-34
-22
-6
23
102
111
89
49
5
-30
-57
-47
-7
20
26
20
82
114
152
141
77
107
88
158
165
166
187
164
135
131
118
113
144
91
123
176
129
77
35
60
34
7
-5
103
152
198
182
201
209
165
151
103
94
144
161
88
99
117
157
107
80
79
4
4
23
160
196
197
274
241
230
107
54
58
103
120
74
51
69
97
81
62
57
1
-33
-25
-52
-66
-65
-80
-72
-94
-55
-65
-100
-109
-144
-13
0
89
22
-46
-70
-58
3
-57
13
61
97
57
110
127
89
112
126
97
38
128
189
262
260
217
118
21
55
69
130
183
236
227
169
244
250
152
91
111
65
69
-8
46
166
183
218
153
123
50
-67
-17
92
123
184
184
161
127
105
59
6
27
-11
-104
-91
-65
5
61
183
248
233
54
-35
-37
-80
-94
-84
-49
27
144
117
205
146
83
6
-62
-72
-86
-65
-31
-2
21
59
-3
-41
-43
-82
-177
-156
-39
21
74
55
105
166
165
136
104
54
-18
-16
35
43
57
82
141
130
43
62
-6
-26
-40
-47
-20
-59
-47
-14
31
115
114
121
76
-91
-43
-7
50
105
86
155
133
133
112
112
85
71
69
89
100
120
168
171
237
292
238
137
67
2
64
84
95
146
123
148
127
77
52
47
40
77
130
209
206
130
159
190
134
98
116
102
76
62
64
-22
-14
56
63
140
142
169
48
-6
-15
-40
-13
-41
-2
-50
-68
-65
-69
-45
-43
-13
-47
-42
-90
-58
-38
-89
11
-53
-71
4
21
59
-5
2
-56
-64
-66
-52
26
77
130
109
121
111
156
163
182
239
205
183
131
112
134
148
159
219
239
180
167
102
97
72
103
61
9
-14
-8
31
106
124
87
102
85
4
-22
-16
-7
45
15
-23
-65
27
46
61
121
112
138
154
145
108
47
47
7
-68
-62
-20
29
25
14
60
72
32
-15
-34
-21
-9
29
46
47
48
75
87
174
205
132
120
105
23
-29
-29
-43
-34
-3
0
-44
-15
-4
34
70
-9
-33
-56
-29
26
-20
70
125
125
153
219
178
134
146
166
194
149
133
115
92
133
138
152
87
91
133
98
98
68
5
27
101
136
145
141
139
141
173
146
144
146
105
76
114
96
42
57
104
124
137
62
78
51
45
38
46
53
40
59
44
105
86
87
153
159
110
60
73
30
29
102
105
104
99
95
71
65
86
85
108
87
33
8
43
109
117
132
125
116
111
110
42
5
-1
-44
-72
-72
22
4
-3
61
86
91
6
-30
34
-9
-32
-20
-40
-43
-55
-31
-11
7
54
69
45
67
101
81
84
34
54
60
81
137
171
178
77
127
139
81
112
72
38
-19
5
81
115
99
68
103
88
88
63
63
62
57
17
-24
19
58
92
164
230
188
157
81
93
86
27
52
52
-24
44
115
110
106
66
55
69
53
74
66
61
86
51
-6
26
71
125
106
115
142
79
68
56
87
97
109
128
139
127
102
160
145
102
115
98
63
77
72
65
48
59
98
64
110
123
42
46
88
27
-7
19
24
64
84
-7
31
38
9
32
1
-17
82
71
60
108
127
128
72
25
23
82
37
54
76
95
87
66
86
108
143
130
182
160
187
190
174
174
145
172
93
101
120
149
169
155
171
201
210
186
218
198
167
149
126
115
108
69
122
129
108
146
165
154
181
204
172
153
119
108
137
159
79
38
32
102
149
86
98
103
57
-6
25
64
55
0
25
81
124
83
19
105
66
10
36
14
-1
66
49
102
182
207
179
159
147
93
126
58
33
50
64
-3
-43
32
31
-10
57
54
53
66
30
37
61
44
65
97
112
150
123
123
114
97
84
111
97
95
93
152
147
132
120
82
96
92
68
71
109
77
152
133
108
142
124
124
111
112
127
184
113
48
94
136
168
188
213
209
148
128
133
148
152
155
148
152
154
153
158
144
123
125
135
110
124
103
122
126
138
153
