-14
-8
-3
-6
-30
-36
-47
-21
-5
0
-41
-69
-41
-22
-14
22
19
47
51
25
62
78
55
16
-40
-35
-41
-11
6
-32
3
-22
-7
15
7
-21
28
21
-15
19
7
42
67
85
51
2
-12
10
-5
2
43
62
36
24
2
-15
-81
-42
-34
-72
-46
-4
96
45
-4
-9
26
95
14
-13
-23
-1
10
-31
-49
-73
-65
1
-49
-24
31
-36
36
-26
-27
-40
-58
0
-2
24
-24
-44
-41
-47
-37
-67
-54
3
-16
-59
-63
-21
-72
-53
-52
-66
-61
-69
-24
-25
-17
36
-13
-5
29
11
-27
-64
-40
2
27
-18
-25
-8
-5
11
42
3
30
-5
-94
-86
-78
14
-18
-65
-15
59
37
-5
-27
-40
-57
-20
26
-2
-13
-4
16
13
-11
-1
-35
13
-39
-54
-97
-99
-76
-55
-8
-44
0
-82
-55
-35
-76
-107
-44
-20
-49
-8
-21
-44
15
82
32
-13
-15
4
29
21
23
-16
-5
18
27
-23
17
9
9
-10
-28
-13
-76
-43
-93
-46
-47
-19
10
-2
-19
-36
-45
-86
-70
-38
0
11
-16
-28
-53
-52
-54
-76
-13
-50
-61
-67
-23
4
-48
-39
-45
-57
-37
-79
-98
-76
-51
-71
-132
-89
-75
-76
-89
-44
10
-24
-69
-33
-89
-95
-71
-93
-63
-64
-70
-79
-35
-53
16
-14
-79
-107
-73
-39
-76
-76
-41
-37
10
-18
-47
-33
-73
-70
-89
-11
-36
-22
19
28
27
-27
-50
7
-19
-43
-25
10
9
-8
-18
-16
-44
-38
-104
-74
22
-16
-41
-11
45
1
-1
-46
12
37
-13
-39
18
34
-51
-19
-85
-65
-43
-35
-55
-64
-58
-56
-21
-20
-29
-26
-61
-62
-47
-36
-7
-6
-11
-40
-43
-24
-11
48
67
-20
-49
-63
50
14
-38
-54
-96
-74
-38
0
2
-21
-20
-45
14
18
18
59
-7
-29
-55
-12
-35
-37
-54
-48
20
-2
1
-12
-40
-28
-45
-21
-26
17
41
18
8
47
1
-18
-31
-74
-84
-121
-118
-79
-5
17
-16
-21
-26
-73
-72
7
-11
-40
-10
-25
-33
-3
-32
-49
-77
-65
-16
-50
-59
-37
-44
-7
-41
-61
-34
-101
-90
-40
-5
-5
18
31
22
-11
30
38
11
-63
-41
33
6
-48
-59
1
-17
-26
-21
13
24
30
46
-7
20
0
2
-3
18
-1
-85
-44
-27
6
-31
-19
24
30
29
8
-32
-26
49
18
-50
-23
45
75
50
43
60
2
-71
-29
-65
-90
-72
-65
-35
-52
-60
-38
3
-24
-45
-29
1
3
-30
-56
-72
-22
5
-33
8
-24
-51
3
-68
-31
-9
-12
-3
52
23
80
41
22
35
33
43
-44
-29
-55
-29
-81
-51
-47
4
-1
-76
-80
-87
-60
-83
-60
-102
-101
-111
-90
-61
-70
-81
-68
-70
-127
-101
-73
-7
28
30
19
-44
-25
-40
-22
-21
-87
-93
-67
-63
-96
-72
-63
-41
-44
-44
-75
-49
5
-3
-54
-130
-136
-157
-115
-53
-34
-64
-52
-67
-31
-48
-123
-117
-114
-81
-72
-71
-94
-116
-137
-148
-141
-134
-115
-107
-109
-119
-106
-95
-85
-127
-67
-92
-109
-56
-88
-60
-43
-104
-112
-64
-67
-54
-89
-91
-84
-112
-144
-129
-80
-68
-65
-93
-116
-119
-129
-117
-124
-140
-169
-129
-103
-82
-46
-132
-87
-64
-59
-73
-130
-117
-87
-111
-156
-136
-147
-132
-80
-49
-137
-108
-88
-130
-137
-109
-57
-57
-69
-93
-97
-76
-74
-103
-116
-71
-36
-56
-84
-135
-132
-48
-71
-120
-140
-150
-104
-90
-100
-103
-82
-82
-55
-129
-90
-82
-101
-109
-151
-119
-87
-91
-72
-134
-164
-98
-105
-81
-99
-69
-121
-70
-85
-97
-18
-95
-107
-103
-141
-109
-106
-142
-147
-151
-133
-120
-92
-97
-99
-143
-149
-147
-119
-114
-121
-72
-15
-53
-107
-146
-129
-77
-90
-62
-32
-78
-79
-57
-96
-125
-132
-66
-131
-165
-163
-139
-150
-162
-175
-135
-135
-103
-52
-33
-3
-22
-22
-58
-106
-126
-144
-108
-64
-41
-91
-133
-97
-103
-95
-107
-59
-23
-16
-37
-22
-32
-83
-98
-76
-50
-110
-107
-91
-73
-96
-121
-96
-73
-131
-153
-126
-86
-90
-101
-75
-121
-99
-77
-63
-58
-85
-115
-87
-65
-40
-69
-65
-55
-57
-64
-105
-64
-24
-88
-100
-99
-83
-66
-116
-39
-70
-68
-87
-117
-88
-78
-41
-58
-85
-92
-66
-6
-41
-115
-126
-113
-151
-101
-42
-63
-42
-55
-49
-90
-106
-54
-133
-105
-82
-81
-78
-108
-121
-81
-74
-119
-66
-74
-65
-67
-57
-88
-95
-51
-65
-77
-76
-75
-9
-20
-33
-47
-74
-20
-47
-57
25
27
-49
-43
-101
-52
-74
-93
-44
-62
-51
-54
-90
-96
-100
-71
-37
-36
-101
-53
-34
-75
-58
-100
-78
-46
-55
-30
-62
-87
-35
-36
-36
-28
-17
-59
-74
-26
-7
-46
-35
-17
-6
10
-3
-1
-48
-9
-6
-50
-70
-80
-57
14
-4
-51
-16
-37
51
18
-18
-8
-29
18
12
-9
-27
-56
-41
26
-16
-44
7
-5
39
22
-40
-53
6
-31
-22
19
-15
-6
-13
-14
29
4
-28
-71
-60
-26
18
16
-18
42
22
-2
-76
-11
-57
-27
-14
-19
-38
-108
-73
-75
-71
-55
-36
-77
-18
-56
-106
-120
-113
-87
14
-33
-65
20
-38
-76
-47
-55
-47
-29
-26
2
-39
-47
-9
7
13
23
22
8
40
30
11
-3
9
-5
-18
-2
17
-11
-61
-82
-25
-23
-95
-70
-13
3
23
-21
-93
-45
4
-1
-11
24
2
-56
-39
-55
-22
1
21
71
95
70
53
64
91
49
-48
-100
-14
6
34
21
-2
33
-41
-10
30
29
51
68
92
48
10
11
-49
-56
-17
-11
-23
-97
-52
-12
4
2
-25
57
-13
-8
23
-23
-15
8
39
9
7
16
0
-35
-27
5
-47
-52
47
30
59
32
-3
30
10
-5
-53
-9
-24
16
1
78
109
51
2
27
64
3
39
-32
-66
-40
-26
-20
-54
-25
-61
-34
2
37
11
-32
-46
-65
-59
-118
-7
-24
-32
-15
-26
-6
-16
-22
44
85
10
-11
6
42
-11
31
-1
36
25
-36
5
26
63
51
68
31
-43
-16
3
30
31
20
-72
-79
-49
-79
-51
-64
-23
21
23
18
-17
44
52
43
20
-21
77
20
23
42
38
40
6
-23
-25
-29
-47
-10
22
45
6
-10
39
70
89
7
-34
33
-33
-30
-35
-35
10
-47
-13
-9
-27
-15
3
-72
-72
-73
-4
-31
-119
-111
-110
-50
-48
-56
-71
-36
-24
6
46
-16
-54
-25
-23
0
14
57
45
-17
-77
-60
-3
-8
-15
14
22
22
77
25
-8
12
66
47
30
52
45
36
55
33
38
35
18
19
53
39
37
39
70
86
-2
0
7
33
-10
-36
-3
-22
-39
8
89
61
59
64
58
33
24
45
0
-45
-41
-47
-8
49
30
53
48
45
-3
-33
-26
28
-11
-3
46
15
18
6
57
47
12
79
58
59
110
42
14
23
78
60
81
75
63
60
28
66
101
109
92
55
18
29
28
82
79
92
90
44
8
4
20
71
55
60
61
41
40
68
45
16
63
87
68
66
75
67
65
100
75
70
80
47
35
26
60
30
47
117
125
49
91
121
72
83
68
59
108
154
107
63
39
78
43
24
81
72
67
129
86
55
88
62
62
59
85
91
52
41
45
52
25
68
113
59
34
0
23
8
18
32
87
61
43
24
33
71
96
143
100
119
129
93
108
121
138
110
37
46
8
34
58
69
67
87
100
96
118
90
91
95
87
33
61
55
50
37
80
32
37
65
23
43
11
43
68
71
110
121
107
81
43
67
67
91
89
145
137
148
122
16
53
67
4
37
39
13
8
-8
56
111
85
133
135
106
83
101
121
178
177
156
144
126
152
122
116
129
95
88
81
95
111
84
68
68
58
52
66
95
113
48
14
-8
32
71
57
34
73
92
89
87
77
89
93
81
85
80
88
79
122
141
94
60
57
97
88
124
105
111
151
118
93
98
86
109
43
-9
26
95
73
113
158
145
169
128
147
99
139
88
104
150
123
47
32
114
121
95
54
58
-2
14
1
59
47
-9
34
53
73
59
38
80
110
89
109
69
63
63
89
72
12
1
-2
19
39
65
51
90
97
81
111
134
131
143
60
79
84
58
75
47
48
26
34
-21
11
101
66
78
45
77
-9
78
131
56
81
67
124
138
112
112
135
89
85
49
-3
42
80
125
95
70
132
88
52
57
153
96
35
92
92
48
73
131
80
48
63
64
45
57
9
56
103
73
53
40
38
44
27
37
69
6
38
42
115
69
14
28
9
-18
-3
6
33
48
15
82
56
75
70
36
35
68
46
42
88
87
126
93
101
72
61
102
63
82
113
112
154
134
101
103
86
63
29
41
112
123
126
94
45
60
30
49
76
74
38
39
105
50
97
133
96
24
6
30
45
59
30
26
15
35
79
70
50
88
72
86
23
1
29
43
110
69
58
106
73
58
59
50
43
2
43
34
37
65
48
35
42
76
83
85
10
7
15
27
37
80
53
7
3
-22
-43
3
117
87
57
70
86
100
113
132
68
30
65
101
172
192
195
167
100
66
123
112
121
124
99
115
86
85
70
40
20
34
21
2
15
-37
-93
-106
-93
-90
-80
-82
-134
-96
-123
-123
-136
-147
-95
-73
-102
-45
-4
-12
-6
14
100
91
32
38
92
53
82
63
108
66
83
156
119
143
137
110
102
111
102
91
93
144
108
79
86
146
171
157
144
140
128
103
120
123
173
113
123
177
147
113
113
137
139
107
40
60
37
41
-8
-9
-4
-44
-21
-34
-107
-114
-124
-100
-99
-54
-36
-61
-70
-74
-100
-128
-174
-172
-132
-50
-12
-41
-8
36
82
145
153
174
241
260
277
266
321
337
367
343
302
310
316
335
292
294
310
266
241
237
234
232
232
189
174
147
156
210
239
218
170
158
147
167
177
154
131
170
160
102
141
172
210
293
311
376
461
559
583
581
579
585
585
491
371
234
103
-78
-226
-338
-392
-488
-553
-581
-532
-445
-372
-229
-90
34
171
242
323
379
392
516
532
630
748
839
1009
1019
1043
1063
922
694
488
202
-41
-272
-415
-500
-542
-618
-601
-473
-357
-269
-245
-359
-613
-864
-1049
-944
-547
172
1133
2109
2810
3088
2937
2387
1814
1329
1127
1193
1443
1907
2399
2892
3320
3710
3846
3780
3399
2813
1951
916
-158
-1218
-1963
-2536
-2698
-2423
-1853
-1069
-139
848
1818
2549
2979
3146
2940
2489
1888
1113
278
-347
-625
-441
79
897
1607
1857
1658
1303
1101
1486
2169
2876
3520
4009
4334
4040
2809
380
-2884
-5908
-7370
-6969
-5508
-4025
-3166
-2484
-1449
-515
-148
-549
-1435
-2613
-3877
-4805
-5175
-4845
-4055
-3072
-2085
-1326
-745
-362
-381
-639
-1127
-1300
-185
1346
2346
3524
5087
6653
7887
8582
7859
5545
2876
905
-283
-1749
-3428
-4370
-4515
-4365
-4210
-4143
-4338
-4451
-4290
-3287
-1548
368
1872
2704
3554
4726
6571
9191
12446
14835
15338
14188
12183
9217
3673
-3179
-9050
-13092
-15325
-15614
-13839
-10296
-6049
-2369
-465
-167
-13
358
632
-497
-3199
-5808
-7054
-6632
-5045
-3159
-1444
187
1727
3242
4958
6804
8836
10644
11577
10059
4911
-1932
-7205
-9393
-8949
-7278
-5448
-3690
-2148
-828
-37
-41
-471
-1024
-1720
-2117
-1924
-1522
-577
1034
2339
2097
197
-1525
-1940
-1690
-1554
-1749
-1911
-1341
-160
842
1416
1974
2991
4653
6684
8421
9405
9641
8938
7578
5870
3190
-516
-3808
-5253
-5288
-5543
-6849
-8320
-9112
-8887
-7753
-5862
-3820
-2165
-769
321
974
1153
865
251
-364
-870
-1326
-2477
-4219
-5650
-6106
-5493
-4597
-3955
-3293
-2226
-868
426
1478
2246
2886
3402
3749
3864
3511
2855
2022
1179
446
-215
-840
-1464
-1789
-1914
-1832
-1234
-29
1436
3125
5150
6840
5932
1420
-3678
-6733
-7466
-6481
-4558
-2306
-342
1222
2250
2716
2666
2142
1393
763
394
260
308
451
713
1011
1252
1166
322
-1117
-2538
-2822
-2027
-1018
-357
-5
369
815
1285
1649
1806
1509
891
92
-652
-1290
-1675
-1872
-1691
-990
116
1121
1929
2290
2190
1504
208
-1276
-2282
-2166
-1197
126
1142
1462
1071
368
-283
-944
-1673
-2156
-1880
-1243
-417
680
1896
2961
3332
2410
291
-1847
-3174
-3333
-2835
-1887
-497
839
1862
2485
2464
1888
1069
232
-401
-839
-1105
-1290
-1622
-1845
-1906
-1984
-1918
-1541
-768
67
888
1483
2082
2523
2601
2381
1909
1253
391
-573
-1289
-1748
-1910
-1870
-1643
-1299
-1138
-1047
-871
-609
-177
304
623
769
920
1163
1473
1880
1962
1882
1718
1510
1157
668
144
-398
-887
-1681
-2703
-3332
-3342
-2639
-1563
-701
-61
540
946
1132
1383
1752
2082
2118
1909
1479
776
132
-196
-266
-259
-257
-213
-95
102
454
784
1044
1083
823
452
19
-471
-856
-1207
-1560
-1884
-2111
-2302
-2308
-2098
-1829
-1590
-1610
-1748
-1801
-1655
-1090
-202
724
1380
1741
2040
2223
2471
2281
1394
424
-194
-575
-1021
-1383
-1303
-934
-544
-273
-85
-38
-41
-46
-101
-35
-57
-24
-9
3
-25
-144
-183
-287
-411
-420
-375
-288
-131
-95
-2
46
155
300
379
427
360
133
-69
-255
-462
-549
-607
-598
-520
-431
-396
-333
-220
-236
-293
-217
-206
-276
-356
-343
-412
-375
-255
-134
14
115
229
234
133
164
20
-83
-123
-153
-211
-289
-265
-201
-152
-31
-2
-80
-209
-326
-177
58
212
340
551
736
834
749
528
236
-1
-238
-431
-533
-527
-455
-316
-165
69
139
47
133
216
154
-77
-251
-245
-166
-311
-364
-232
-198
-179
-200
-173
-165
-147
-135
-89
68
188
247
348
467
441
440
344
227
251
223
127
114
364
420
331
221
151
112
-48
-132
-83
-40
-68
0
-23
4
8
-127
-215
-376
-656
-801
-831
-887
-945
-861
-680
-476
-391
-211
-154
-184
-44
207
369
274
126
-18
-190
-394
-367
-303
-262
-212
-162
-97
5
-48
-23
101
178
322
495
580
558
471
289
-68
-458
-713
-606
-421
-266
1
215
498
771
885
906
828
717
625
477
425
271
-43
-316
-464
-720
-954
-867
-750
-605
-504
-314
-77
-3
-85
-297
-310
-257
-338
-354
-243
-98
53
175
193
83
-70
-85
-210
-321
-498
-663
-846
-978
-873
-719
-515
-208
129
283
402
398
307
190
-17
-287
-603
-1022
-1387
-1542
-1425
-1131
-619
-54
434
845
1014
1047
965
991
876
649
516
543
480
393
281
159
32
-121
-78
-13
-31
-169
-144
17
-40
-165
-159
-113
-183
-208
-135
-85
-5
-186
-69
107
57
39
183
303
325
129
7
-165
-298
-127
-57
13
-172
-116
17
0
-25
-130
-151
-293
-341
-302
-294
-356
-419
-376
-224
-150
-103
-272
-179
-3
-121
-201
-269
-133
6
15
-36
-9
-181
-139
62
-8
-137
-55
7
33
33
77
129
146
140
29
39
80
11
34
87
154
140
40
42
65
18
-2
-50
-68
15
66
-12
-275
-169
89
90
44
-170
-58
-76
-312
-239
-71
10
7
38
14
-12
-127
-144
-75
-144
-224
-40
189
204
-52
-165
-47
-3
78
43
-15
-85
-31
-68
-224
-165
-27
-289
-214
-105
-315
-85
51
-7
4
-58
-139
-140
-185
-214
50
136
-23
122
39
-78
57
-106
-126
56
-85
-119
-155
-198
-76
-65
-110
-145
-80
-37
-9
-146
-147
153
98
-11
30
114
-18
-56
-152
-48
68
150
25
-156
-148
-97
-16
-145
47
94
1
-80
52
-24
25
-21
-112
101
41
-126
-173
-80
-250
-100
105
-43
-153
-29
-65
-131
-276
-259
-212
16
-58
-260
-93
-96
-163
-119
208
65
-48
-189
-220
-52
-48
-17
65
54
38
183
129
84
13
-41
-111
-82
81
-32
-160
-125
-178
-98
-55
-24
19
45
92
-20
-27
-60
-64
-86
-13
-82
-32
-43
12
-17
-185
-84
-25
-163
-80
-6
-84
-117
-54
-2
-62
-6
-99
-128
-74
-104
-183
-258
-153
-143
-71
-120
-165
-35
-36
9
-39
-69
17
-69
63
139
-47
16
-79
-292
-322
-173
-112
-166
-77
2
35
-66
-167
-108
-45
-242
-164
-68
-115
-138
-144
-121
-132
-198
-154
-8
65
9
-124
-169
-200
-183
6
0
-178
-229
-165
-106
-108
-56
-69
-73
-153
-153
-120
-146
-263
-261
-298
-172
-89
-207
-123
-182
-137
-96
57
-96
-127
-89
-84
-71
-123
-98
-118
-73
-123
-223
-134
-138
-114
-234
-231
-285
-276
-216
-178
-174
-153
-195
-233
-191
-115
16
-44
-115
67
10
-7
66
46
13
-14
-114
-22
-17
-55
-197
-120
2
-84
-229
-275
-211
-276
-146
47
-25
-183
-260
-143
-19
-57
-150
-162
-160
-257
-208
-173
-152
-188
-203
-229
-280
-222
-314
-327
-311
-337
-253
-87
-280
-151
35
-207
-329
-304
-211
-180
-133
-138
-123
-29
-29
-114
-107
-143
-141
-168
-75
-106
-104
-139
-126
-51
-158
-304
-263
-220
-181
-272
-247
-168
-219
-226
-266
-273
-154
-123
-247
-317
-297
-213
-222
-175
-95
-168
-230
-223
-208
-169
-229
-151
-263
-339
-215
-141
-175
-255
-162
-171
-32
-44
-111
-199
-161
-108
-214
-173
-194
-233
-255
-277
-312
-250
-238
-197
-282
-245
-227
-204
-140
-196
-58
10
-50
-144
-250
-297
-275
-275
-231
-97
-167
-308
-309
-242
-95
-133
-119
-137
-193
-290
-220
-281
-212
-243
-248
-158
-105
-172
-147
-113
-261
-251
-29
-95
-172
-125
-375
-419
-360
-308
-252
-256
-23
-61
-137
-65
-116
-213
-198
-263
-306
-202
-157
-166
-381
-428
-276
-196
-126
-483
-434
-487
-427
-336
-286
-260
-233
-99
-165
-129
-123
-97
-95
-104
-61
11
-89
-110
11
24
-120
-163
-167
-194
-290
-234
-203
-264
-186
-115
-95
-123
-173
-222
-193
-180
-201
-166
-132
-136
-91
-78
-105
-163
-235
-250
-267
-189
-203
-169
-252
-433
-245
-119
-237
-195
-92
-244
-318
-272
-327
-349
-229
-238
-267
-162
-162
-207
-155
-241
-237
-242
-273
-295
-331
-332
-232
-269
-170
-237
-158
-144
-165
-207
-139
-100
-119
-129
-200
-146
-258
-194
-339
-237
-158
-280
-252
-67
-225
-251
-214
-253
-252
-168
-74
-41
-40
-96
-264
-101
-26
84
-6
-156
-257
-208
-141
-114
-149
-240
-97
-202
-275
-328
-217
-288
-284
-241
-163
-267
-295
-248
-194
-224
-187
-300
-267
-256
-178
-174
-179
-174
-259
-252
-163
-118
-191
-201
-110
-7
-182
-150
-179
-232
-124
-129
-169
-228
-197
-151
-219
-211
-150
-157
-224
-174
-160
-236
-173
-90
-78
-13
21
17
-67
-193
-190
-116
-113
-212
-283
-334
-345
-268
-144
-283
-243
-297
-280
-321
-254
-131
-226
-183
-154
-191
-287
-294
-337
-132
-264
-301
-229
-47
-276
-291
-184
-180
-205
-273
-206
-186
-172
-240
-193
-107
-183
-286
-201
-129
-122
-293
-221
-218
-253
-322
-74
-43
88
-107
-257
-47
-272
-174
-177
-162
-352
-435
-237
-189
-108
9
-89
-148
-162
-92
-57
-146
-128
-260
-190
-250
-159
-118
-242
-300
-319
-372
-393
-275
-436
-469
-394
-238
-293
-142
-104
-164
-163
-167
-215
-255
-219
-193
-258
-175
-59
-284
-335
-293
-163
-203
-214
-181
-267
-48
-19
-126
-168
-108
-202
-111
-138
-392
-314
-297
33
-185
-240
-233
-328
-461
-345
-453
-570
-379
-290
-303
-196
-173
-327
-423
-244
-161
-202
-223
-74
-57
-272
-213
-276
-220
-129
-37
-80
-142
-101
-251
-163
-45
-104
-150
-216
-252
-327
-314
-314
-141
-140
-260
-271
-300
-270
-195
-133
-14
-152
-158
-73
-122
-285
-164
77
49
-55
-189
-245
-166
-225
-340
-183
-203
-235
-177
-94
-214
-277
-216
-152
-243
-351
-339
-272
-181
-245
-310
-227
-342
-260
-146
-68
-86
-36
-144
-179
-159
-278
-140
-118
-252
-306
-274
-251
-320
-53
-114
-103
3
-138
-22
-130
-49
-28
30
-195
-428
-317
-262
-313
-256
-83
-87
-342
-213
-79
-345
-349
-381
-459
-418
-142
-223
-370
-502
-403
-498
-411
-423
-375
-246
-212
-443
-181
-99
-254
-187
-76
4
-118
47
81
127
150
97
12
28
80
-54
-131
-305
-205
-116
-120
-161
-293
-239
-236
-169
-327
-249
-343
-312
-225
-154
-124
91
44
-274
-279
-67
31
66
162
76
13
-87
-197
-209
-156
-106
-137
-176
-127
-327
-328
-92
-183
-287
-194
-165
-293
-211
-267
-239
-323
-529
-558
-293
41
3
325
292
422
288
88
123
207
-132
-86
-212
-244
-178
-13
-84
-327
-397
-454
-407
-430
-329
-482
-348
-320
-15
-223
-220
-191
-445
-635
-516
-491
-402
-312
-254
-143
-184
-185
-330
-254
-73
21
-52
118
90
168
112
147
215
45
11
-69
-6
-62
-107
-62
-170
-329
-176
-177
-190
-303
-377
-279
-124
-1
-331
-268
-288
-204
-197
-134
31
-182
-284
-339
-151
-368
-387
-166
-4
133
-34
-214
-248
-143
0
31
-51
96
-154
-76
-293
-225
-175
-56
-93
-95
-160
-95
-109
-2
-25
-461
-262
-245
-289
-419
-278
-384
-152
-152
-189
-146
93
88
18
-80
92
-92
-94
-240
-221
10
-310
-380
-250
-154
-272
-213
-208
-382
-133
71
-173
-310
-174
-340
-226
-134
-109
-64
-27
-202
-189
-184
113
-135
-418
-51
-82
-223
-273
-173
-377
-322
-256
72
35
-15
78
18
-20
189
25
-171
-155
4
-60
-55
28
-96
-306
-371
-292
-120
-402
-263
-236
-115
-256
-96
278
-38
-31
-301
94
-346
-282
-273
109
-48
-23
-19
264
71
-227
-136
-276
-156
-614
192
-14
160
-22
87
-168
-519
-528
-159
-53
-135
-150
-451
-405
-531
-148
-86
-175
-117
-557
-242
155
50
21
81
-392
-206
35
-79
-321
6
-84
-170
69
-262
-250
-107
44
-61
-174
-366
-75
250
-146
-18
-61
-300
-86
538
214
-179
-166
-450
-781
-690
-406
-679
-193
-145
-437
-425
55
-78
37
72
147
210
-151
202
125
-222
-517
-263
-49
-42
-381
-313
222
-33
-242
70
-255
-596
-272
-182
-122
-182
-407
-450
-335
75
-503
-299
-232
-401
-228
-108
88
-345
-89
-118
-50
21
174
241
4
-269
-387
6
-154
-287
-56
-442
-147
-401
-414
-325
-422
-356
-471
-220
177
82
-96
520
118
-133
23
-143
-316
-219
-186
-271
-129
-244
-293
-227
-240
-700
-295
31
-425
-301
-193
74
-265
-791
-868
-421
-443
-432
-266
-55
-16
-202
-262
15
82
-114
-111
288
159
426
140
576
2270
2150
1167
415
502
-331
-375
-653
-902
-1396
-1109
-159
-501
-215
-472
-679
253
-8
-474
-270
55
-514
-995
-940
-1121
-555
-636
-400
954
1065
210
482
727
272
-88
-101
-515
-662
-1056
-933
-755
-1117
-1248
-1388
100
-217
-205
182
840
1125
337
-1034
-1844
-275
1005
552
655
1133
861
378
555
240
-582
-1016
-386
525
672
408
-346
-900
-432
188
55
-545
-1150
-361
-50
957
708
68
-198
433
-76
-2100
-1696
-774
-287
-364
-700
166
277
-483
-286
265
380
-75
-514
708
722
-857
-886
-122
-613
-1607
-1020
-708
-1234
-520
960
850
149
100
-339
-208
271
99
-71
819
1528
699
115
-340
12
355
187
133
-412
-567
116
287
191
171
706
469
513
542
-510
-287
-246
-1434
-2221
-1110
-107
-825
-984
-269
157
288
309
21
-600
-562
-211
178
315
403
239
66
469
650
757
596
-133
-98
756
973
638
183
-887
-1285
-1100
-1269
-645
-41
1054
472
614
454
-273
-742
-900
-709
-664
-268
-326
-427
-324
164
98
67
-765
-878
-708
-276
461
114
-438
-610
-215
-25
-446
51
740
553
706
673
-760
-1323
-1038
-1355
-2172
-2723
-3241
-3685
-3287
-2111
-1652
-1226
-569
-619
-698
-641
181
1362
2437
2645
2408
2468
2575
1636
600
1159
2370
2981
2530
1742
1267
1240
1176
528
639
1214
179
-1315
-1472
-2752
-4670
-4425
-5187
-5020
-3165
-370
2737
5014
5965
5835
5453
4625
4276
3952
3166
2395
1667
745
-152
-1874
-1713
-3135
-5520
-6156
-6557
-6227
-5995
-3957
-3696
-3727
-1803
473
2456
3383
4651
5598
3909
2079
1871
923
772
991
978
405
-36
-692
-2936
-4565
-4169
-3805
-2249
171
1343
618
-1156
-1023
1030
3225
3887
3337
1615
1005
1131
597
963
1246
302
-1713
-2406
-2464
-3065
-3837
-3744
-1934
610
2477
3001
1967
106
616
2839
3819
3328
1605
-1149
-3452
-2955
-651
1378
3278
2688
1634
2984
4160
1167
-5825
-6605
1164
6182
3698
-597
-3393
-2656
-1326
-791
-2767
-5246
-1784
2331
3921
2973
315
-2417
-4289
-5040
-3080
396
2247
1927
1824
-797
-3374
-6
5316
857
-7268
-2732
6519
11541
8800
4296
-1277
-4724
-2901
30
885
-1353
-11829
-16172
-2949
10184
15778
12717
6998
3733
18
-3816
-5331
-6250
-7515
-8286
-5322
-250
1470
1889
4199
5403
4618
1983
-3052
-7720
-10839
-11543
-8264
78
3193
860
2716
7400
11218
12234
10158
7452
6625
6282
3513
-986
-7260
-15076
-13057
-6798
-3067
3070
7952
8668
5535
-163
-4731
-6437
-7328
-9376
-6720
-1251
-235
-1355
-1226
244
582
-349
-1420
-3221
-7117
-7454
151
7581
9043
8721
7811
6166
4480
2390
299
-1290
-2274
-2600
-2956
-3888
-3614
-1963
-774
-576
253
1901
2889
3150
3626
4005
4356
4650
4549
4664
4895
4921
4156
3154
1717
265
-849
-1458
-1577
-1332
-340
593
1581
2295
2682
2517
1927
1023
-204
-962
-949
-182
648
1797
4867
10606
16980
17748
7051
-9139
-21248
-22417
-12603
-4044
-6186
-13774
-11943
1306
8273
7120
7871
11908
10842
3934
-3334
-8089
-9627
-9123
-8051
-8844
-11052
-13463
-13555
-10755
-6946
-3827
-1289
753
1237
1865
1496
-1643
-6713
-10226
-5200
4211
10810
12865
18387
23922
22810
18761
16311
15243
8348
68
-8048
-13666
-17274
-15990
-10561
-6807
-4482
-4187
-2721
-3238
-4740
-6795
-6692
-6099
-9466
-13044
-13220
-7773
-2960
1632
7002
12089
14760
14316
13324
11450
10631
8586
4485
-686
-4078
-5330
-6058
-5046
-3128
-1091
-302
-221
-1514
-3485
-4452
-4951
-6127
-8283
-9746
-9916
-8157
-5144
-1732
2334
9091
15993
19255
18923
18517
16982
11629
4710
-1086
-5434
-9561
-11240
-11907
-11023
-8465
-4664
-2062
-705
1210
1812
1257
-199
-1264
-3217
-3922
-3426
-3244
-3138
-1668
1035
1635
1142
160
-641
-2089
-3370
-4531
-5203
-4160
-2828
-2313
-2189
-742
-442
-2449
-5557
-8728
-12026
-15626
-18167
-20885
-21987
-21181
-14817
866
16998
26254
27582
30281
32063
26855
17161
11070
7526
-1420
-10331
-16433
-18346
-18780
-13963
-6464
-1889
245
427
571
-2343
-6109
-9546
-9844
-9569
-12310
-14398
-11322
-3046
3059
8212
14870
20422
20985
17768
14362
10526
7025
3298
-953
-5285
-7646
-7546
-6651
-4562
-1571
702
1475
651
-2046
-5831
-7886
-8454
-9259
-10135
-9504
-6927
-3699
291
4424
8730
12674
14435
12873
9945
7952
6000
3202
1950
3450
5143
5342
5145
5166
3818
1627
-1383
-5277
-9710
-12536
-13814
-14085
-12350
-8757
-4066
-37
3859
6303
7626
8454
8238
5940
2579
487
-1195
-2679
-3335
-1980
-95
1290
1682
969
-209
-1641
-3281
-5443
-6740
-7147
-7285
-7657
-7482
-6739
-6361
-6278
-6755
-7784
-9291
-10602
-11620
-11354
-8895
1615
17204
28734
30796
30087
32252
29384
20203
10562
6380
-374
-10240
-18544
-22529
-22717
-19673
-11711
-5890
-3040
-2713
-1580
-1742
-4745
-7655
-7919
-5183
-5891
-8347
-7054
699
8552
12948
17570
22122
23197
19013
13375
7976
3239
-746
-4860
-9187
-12360
-12606
-10946
-8334
-5367
-2909
-1184
-857
-2577
-5932
-7891
-7095
-5931
-5452
-4465
-1520
2465
6440
9877
12784
15364
16104
13619
8633
4462
1588
-759
-1736
-615
760
974
787
-291
-2262
-4277
-5538
-7749
-10221
-10901
-10003
-7936
-4385
209
3985
7187
9491
9696
7999
6511
5027
2208
-957
-3079
-4134
-4514
-3596
-1983
-543
403
400
-1287
-3734
-5352
-6349
-7266
-7816
-7740
-7814
-7673
-6671
-5767
-5814
-5730
-5783
-7178
-9075
-8905
-6977
-1433
11607
25969
32374
29793
29090
28112
20297
8958
2078
-1927
-10520
-18727
-23723
-23811
-21448
-14540
-6239
-1586
-276
-1170
-646
-1959
-4811
-7120
-4828
-1510
-2532
-3450
1450
10711
16049
18692
21344
22028
17645
9885
2915
-2919
-6956
-10032
-12501
-14108
-13951
-11715
-8292
-4135
-1189
-28
316
-423
-3235
-6423
-6282
-3585
-1094
856
3551
7317
10949
13513
14341
14190
13137
9624
3405
-2795
-6334
-8330
-8921
-6896
-3020
-213
1014
1897
1582
197
-1355
-2568
-4561
-6250
-6141
-4719
-2118
1281
4720
6765
7998
7707
5451
2719
985
-468
-2740
-4128
-4120
-3342
-2440
-878
704
1289
801
-1112
-3976
-6609
-7813
-8274
-8206
-7063
-5389
-4181
-3292
-2134
-1847
-2573
-3372
-4633
-6901
-9131
-8856
-6951
882
15702
29061
31953
28037
27215
23159
12157
51
-5005
-9314
-17051
-22683
-24118
-21509
-16680
-7186
1004
4389
3449
1748
812
-2537
-6661
-7982
-3283
505
-70
908
8189
16639
19187
19412
19508
16515
8058
-1537
-8406
-12810
-14648
-14385
-12914
-11297
-8908
-5273
-1122
2046
2615
1738
910
-1027
-4774
-7024
-4354
648
4504
7239
10433
13254
14005
12738
9971
6806
2940
-2269
-8229
-12169
-12574
-10272
-6729
-2393
2275
5494
6566
5682
3952
1335
-1187
-2829
-3963
-4989
-4279
-1185
1986
4037
5140
5739
4749
2481
-470
-2717
-3400
-3110
-2839
-2678
-1169
669
1679
1584
1116
-150
-2555
-5230
-7519
-8827
-8711
-6806
-4526
-2651
-995
487
903
48
-1699
-4017
-6347
-8444
-10099
-10471
-8624
-396
15021
28830
32113
27618
25414
21053
9161
-4142
-9602
-11892
-17650
-21798
-21413
-17485
-12368
-3315
4819
6908
4287
1385
-329
-4612
-9129
-9332
-3114
2655
3557
4899
11479
18992
19927
17188
14826
10576
1446
-8537
-14300
-16417
-15722
-12661
-8607
-5673
-3508
-623
2154
3109
1622
-330
-1340
-2707
-5254
-6008
-1696
5026
9750
11855
13430
14174
12139
7791
2864
-1254
-4886
-8555
-11787
-12886
-10785
-5920
60
4765
7061
7295
6191
3384
20
-2280
-3039
-2906
-2332
-1779
-925
1506
4333
5321
4131
2620
700
-2169
-4675
-5120
-3611
-1396
605
1440
1716
1936
1708
360
-1766
-3876
-6015
-7804
-8413
-7536
-5416
-2278
327
1364
1223
461
-887
-3025
-5197
-7329
-9030
-9957
-9414
-7370
298
15544
29290
31955
25983
22172
17088
5415
-7061
-11677
-12375
-16097
-18805
-18058
-14199
-9153
-1023
5963
6778
2884
-1163
-2967
-6278
-9620
-8345
-679
6308
7451
8042
13070
18740
18076
13771
9909
4778
-3676
-12121
-15959
-15880
-12996
-8433
-4020
-1738
-1012
197
1533
1409
-776
-2637
-2697
-2696
-3630
-2812
2498
9338
13191
13649
12838
11046
7123
1878
-2984
-6240
-8147
-9594
-10550
-9956
-6467
-933
4003
6400
6532
5508
3418
988
-937
-1783
-1546
-212
847
427
460
2020
3458
2567
516
-1233
-2733
-3998
-4341
-3081
-622
2051
3216
2630
1591
886
-282
-2254
-4138
-5612
-6619
-6798
-5885
-4178
-1792
768
1873
1294
97
-1208
-3050
-4990
-6528
-8084
-9116
-8605
-6488
-2956
7597
23176
32331
28748
21169
17110
9302
-3222
-12063
-12442
-12737
-15346
-15918
-13488
-9378
-4022
3183
6239
3513
-1693
-4544
-5643
-8030
-8462
-3095
6133
10745
10122
11235
15879
17667
13153
7698
3212
-2761
-10314
-15047
-15008
-12181
-7590
-2967
-197
-200
-713
-186
20
-1365
-3439
-3518
-1969
-1027
-469
2869
9123
13687
13977
11629
8751
4986
140
-4353
-7278
-8384
-8450
-8214
-7535
-4551
497
4588
5943
5557
4187
1571
-495
-1391
-1702
-1247
726
2227
1577
953
1807
2611
1612
-112
-1835
-3050
-3410
-3125
-2130
5
2637
3394
2067
417
-623
-1885
-3519
-4728
-5527
-5806
-5251
-4033
-2524
-591
1121
1538
643
-1000
-2937
-4729
-5979
-6945
-7937
-8224
-6552
-3485
4848
19516
31096
30611
22582
17334
10609
-1488
-11955
-13608
-12769
-14882
-15693
-13549
-9609
-4950
1987
6193
4151
-958
-4381
-5488
-7436
-7843
-3015
6055
11971
11916
11833
14958
16765
12522
6380
1674
-3847
-10932
-15613
-15185
-12042
-7456
-2445
721
617
-668
-694
-553
-1657
-3321
-3121
-1183
384
1430
4259
9736
14024
13965
10759
6962
2768
-2190
-6379
-8479
-8763
-8201
-7301
-6192
-3455
1240
5186
6439
5810
4310
1638
-639
-1361
-1319
-762
1066
2466
1464
92
357
1076
333
-960
-1934
-2541
-2585
-1997
-802
1071
3126
3366
1497
-789
-2345
-3680
-4838
-5279
-5275
-4920
-4051
-2635
-1209
148
1272
1349
74
-2021
-4417
-6137
-7081
-7759
-8705
-7977
-4819
1709
14492
27872
32446
25819
18329
12328
1755
-10138
-14822
-12837
-13384
-14797
-13402
-9659
-5525
-169
5123
4786
123
-4474
-6152
-7309
-7797
-3836
4547
12233
13769
12675
13809
15488
12520
5893
714
-3973
-10061
-15149
-15220
-11669
-7191
-2313
1242
1513
-650
-1760
-1713
-2267
-3261
-2738
-243
2096
3496
5626
9780
13557
13473
9785
5150
660
-4039
-7881
-9205
-8488
-7072
-5702
-4277
-1890
1643
4750
5630
4924
3348
995
-757
-891
-241
564
2196
3089
1782
-125
-622
-539
-1122
-1836
-2126
-1992
-1561
-726
390
1874
3035
2537
327
-1898
-3267
-4268
-4878
-4672
-3988
-3279
-2494
-1503
-418
538
891
206
-1394
-3429
-5375
-6381
-6638
-7070
-7914
-6820
-3731
3581
17532
30195
31527
22425
15083
8796
-2359
-13244
-14998
-11203
-11219
-12803
-12257
-8271
-3186
1682
3657
1539
-1531
-4686
-7162
-8008
-4329
2939
9886
13806
14150
13454
12514
10739
6792
1865
-2865
-7982
-12393
-14008
-11815
-7685
-3031
564
1361
-358
-2482
-3444
-3477
-2587
-832
1034
2948
5258
7767
9698
10985
11513
9519
4460
-1702
-6013
-7874
-8205
-7669
-6272
-4263
-2836
-2543
-1638
1662
5021
5734
4589
3696
2644
1679
1685
1901
1634
1342
515
-2215
-4361
-3731
-1912
-1236
-855
1
562
802
1107
1517
1707
1553
71
-2316
-4052
-4239
-3665
-3111
-2560
-2267
-2212
-2114
-1437
-528
-75
-78
-485
-1895
-4009
-5311
-5770
-6304
-7146
-7889
-7069
-3455
8216
24313
32767
28133
18827
13325
4576
-8097
-15855
-13165
-9714
-11584
-13719
-11389
-5027
-313
2325
2432
854
-2766
-7158
-8548
-5933
249
7054
12920
15487
14491
12427
10588
8197
3510
-1806
-6707
-10954
-13500
-12843
-9059
-4355
-248
1662
714
-2162
-4408
-4289
-2784
-1205
386
2904
6073
8259
9318
10376
11669
10475
5469
-1074
-5816
-7873
-8603
-8119
-6530
-4138
-2513
-2328
-2841
-1260
2887
5792
5481
4343
4748
4595
3562
2829
2523
1691
73
-2699
-5901
-6170
-3784
-1899
-1222
308
1811
1883
1575
1906
2168
1642
481
-1684
-3841
-4610
-4086
-3377
-2655
-1823
-1679
-2198
-2276
-1481
-641
-147
-103
-1020
-2822
-4633
-5848
-6842
-7336
-7754
-7044
-4485
4966
21038
32059
29657
19550
13671
6790
-5820
-16131
-15131
-9779
-10310
-12886
-11428
-5065
-200
1779
1945
846
-2161
-6924
-8773
-6137
-132
6490
12600
16427
15826
12827
10044
7703
3151
-2710
-7495
-10972
-13148
-12894
-9210
-4292
-132
2078
1617
-1239
-4228
-4627
-3036
-1349
259
3000
6709
9124
9762
10193
11136
10151
5138
-1587
-6344
-8257
-8930
-8466
-6532
-3791
-1970
-1853
-2463
-1910
1675
5655
6576
5304
5322
5675
4064
2406
1996
1519
-220
-2726
-5593
-6662
-4708
-2192
-952
475
2414
2591
1636
1561
1881
1408
390
-1061
-3086
-4319
-4043
-3295
-2778
-2101
-1651
-2065
-2103
-1134
-376
-499
-685
-1041
-2374
-4156
-5602
-6515
-7110
-7652
-7051
-4239
6100
22387
32491
28717
18412
12824
5770
-6968
-16693
-14927
-9739
-10619
-13224
-11129
-4114
760
2295
1938
648
-2738
-7638
-8885
-5335
1086
7589
13655
17048
15794
12366
9602
7224
2205
-4014
-8869
-11954
-13588
-12741
-8637
-3571
506
2156
1084
-1960
-4336
-4015
-2134
-577
1054
4096
7717
9539
9688
10240
11016
9010
3073
-3427
-7354
-8702
-9059
-8119
-5756
-3128
-1779
-2029
-2638
-1100
3072
6126
6055
5280
5908
5608
3973
2798
2249
963
-1392
-4430
-7050
-6663
-4145
-2093
-707
1426
2824
2336
1817
2049
1911
949
-234
-1978
-3751
-4309
-3683
-2977
-2283
-1611
-1775
-2532
-2432
-1231
-502
-596
-730
-1376
-3296
-5282
-6399
-7039
-7887
-7292
-4798
3325
18933
31352
30216
19554
13009
7470
-4580
-16028
-16328
-10412
-10018
-12750
-11659
-5083
432
2009
1695
633
-2131
-7182
-9220
-5820
558
6879
12959
17550
16954
12888
9575
7443
2693
-4162
-9159
-11904
-13438
-13043
-9279
-3988
292
2120
1080
-1971
-4563
-4491
-2613
-730
1254
4474
8380
10491
10443
10450
10984
9033
2863
-3965
-7878
-9161
-9692
-8734
-5871
-2876
-1508
-1793
-1666
312
3319
4730
4565
4416
4498
4038
3492
3453
3291
2333
-110
-3533
-5954
-5885
-4490
-3003
-1152
852
1827
1801
1778
1891
1612
760
-634
-2391
-3695
-4001
-3508
-2707
-1889
-1502
-1701
-2044
-1988
-1496
-872
-510
-825
-2000
-3673
-5024
-6019
-6702
-7150
-6298
-3650
5897
21760
31816
27845
17280
11947
5321
-7534
-17389
-15147
-9332
-10216
-13026
-10558
-3239
1093
1610
1230
496
-3098
-8393
-8998
-4166
2393
8318
14473
18434
16655
11960
8788
6578
1131
-5900
-10465
-12508
-13513
-12621
-8423
-2971
1033
2149
438
-2714
-4728
-4030
-1984
-205
2067
5735
9431
10794
10490
10681
10831
7694
821
-5524
-8573
-9466
-9742
-8278
-5029
-2171
-1447
-2037
-1407
1337
4207
4886
4382
4416
4581
3932
3284
3434
3449
2080
-975
-4374
-6013
-5452
-4079
-2477
-412
1402
1951
1730
1716
1781
1334
321
-1232
-2857
-3881
-3971
-3321
-2452
-1749
-1735
-2075
-2304
-1939
-1279
-579
-323
-1080
-2656
-4422
-5757
-6552
-7177
-6667
-5063
1510
16787
30597
31172
20420
13151
8589
-2825
-15886
-18003
-11161
-9456
-12645
-12442
-5293
930
1909
1336
883
-1388
-7082
-9655
-5939
544
6461
12521
18080
18122
13550
9494
7599
3256
-4171
-9757
-12134
-13153
-13242
-10045
-4560
42
1981
958
-1942
-4518
-4472
-2393
-477
1495
4911
9021
11038
10717
10492
10838
8781
2530
-4324
-8152
-9240
-9670
-8778
-5724
-2517
-1249
-1563
-1017
1393
4224
5083
4054
3016
2640
2366
2213
2887
3778
3370
850
-2601
-4826
-4949
-3865
-2406
-635
887
1508
1462
1369
1460
1242
313
-1256
-2940
-4089
-4261
-3437
-2258
-1520
-1597
-2076
-2366
-2114
-1435
-920
-763
-1031
-2312
-4184
-5627
-6218
-6846
-6388
-4332
3523
18878
31047
29632
18580
12114
7079
-4652
-16393
-16765
-10359
-9921
-13203
-11952
-4444
1085
1726
1134
605
-2137
-7483
-8821
-4276
2188
7737
13491
18073
16935
12092
8665
6968
2169
-5155
-10097
-11957
-12761
-12362
-8805
-3531
470
1553
-91
-3017
-4847
-3948
-1635
304
2523
6045
9641
10881
10351
10286
10217
7311
793
-5397
-8303
-8926
-9060
-7771
-4778
-2064
-1466
-1770
-404
2013
3730
3896
3600
3168
3018
3459
3930
4161
3990
2461
-1142
-4455
-5662
-5248
-4038
-1909
201
1250
1732
1964
1904
1565
996
-263
-1957
-3178
-3711
-3588
-2809
-1960
-1893
-2494
-3044
-2970
-2164
-1122
-658
-879
-1634
-2969
-4774
-5944
-6568
-6909
-6182
-2537
9767
25769
32767
25403
15164
10624
2503
-10961
-18521
-13716
-8938
-11145
-13451
-8946
-1316
1417
1161
748
-336
-4997
-9278
-7261
-1181
4969
10527
16490
18503
14651
9749
7544
5060
-1338
-7844
-11079
-11947
-12267
-10558
-5963
-1068
1467
765
-2061
-4944
-5391
-3219
-639
1414
4299
8277
10932
10824
10075
10131
9034
4104
-2754
-7370
-8682
-8700
-8095
-5821
-2890
-1384
-1757
-1321
680
2750
3542
3490
3166
2909
3362
3917
4194
4014
3013
59
-3411
-5221
-5237
-4140
-2256
-101
1151
1674
1812
1593
1218
863
-70
-1642
-2839
-3338
-3401
-2989
-2126
-1780
-2246
-2925
-3113
-2484
-1488
-847
-597
-766
-2084
-4122
-5442
-5952
-6995
-6933
-4167
6467
22646
32179
27756
17072
11746
4723
-8206
-17644
-14968
-9373
-10539
-13055
-10031
-2533
1299
1460
846
-334
-4283
-8981
-8036
-2454
3919
9555
15515
18442
15285
10293
7693
5775
88
-6642
-10387
-11482
-11851
-10696
-6661
-1832
1185
963
-1725
-4775
-5627
-3697
-1096
1011
3817
7680
10546
10696
9945
9900
9136
4940
-1638
-6492
-8103
-8068
-7625
-5757
-3136
-1590
-1606
-1218
459
2354
3455
3384
2548
1976
2465
3169
3565
3709
3102
718
-2352
-4238
-4486
-3435
-1644
111
1053
1483
1530
1209
838
476
-529
-2087
-3257
-3765
-3618
-2860
-1843
-1408
-1888
-2790
-3101
-2477
-1438
-1020
-773
-842
-2278
-4590
-5937
-6239
-6797
-6530
-2745
10491
26695
32598
24255
14199
10203
1809
-11529
-18052
-12540
-8217
-10942
-12847
-7946
-727
1254
655
-16
-1701
-6593
-9805
-6293
241
6044
11477
17214
18293
13476
8505
6771
4409
-2044
-8217
-10648
-10765
-10554
-8846
-4739
-705
798
-865
-4140
-6455
-5816
-2785
55
2362
5499
9396
11495
10861
9863
9478
7632
2287
-3925
-7317
-7566
-6920
-6091
-4095
-2088
-1496
-1602
-1051
-2
1001
1731
1677
1413
2427
4184
5129
5180
4578
2335
-1017
-3601
-4697
-4391
-2773
-650
625
1271
1676
1515
898
328
-489
-1880
-2938
-3344
-3297
-2822
-1876
-1317
-1701
-2515
-3106
-3104
-2411
-1162
-385
-655
-2010
-3491
-4934
-5759
-6675
-6805
-5592
2445
19057
31431
29677
18355
12006
6663
-5266
-16554
-16043
-8921
-8629
-12174
-11034
-3565
1017
681
-12
-626
-4240
-9766
-9229
-2941
3654
8895
14929
19099
16328
10254
6881
5814
1420
-5534
-9736
-10412
-10139
-9555
-6465
-1964
760
28
-3165
-6366
-7274
-4976
-1499
1350
4190
7860
11017
11400
10224
9554
8719
5042
-1192
-5993
-7303
-6587
-5877
-4445
-2441
-1409
-1479
-1469
-676
362
1372
1583
851
835
2224
3794
4599
4854
3747
1075
-1748
-3529
-3857
-2780
-705
813
1341
1373
1069
474
-73
-721
-1922
-3009
-3445
-3330
-2978
-2053
-1050
-1104
-2127
-3035
-3018
-2489
-1692
-1089
-1040
-1820
-2831
-3996
-5033
-6385
-6751
-5427
2041
17990
30602
29828
18692
11632
6464
-4537
-15348
-15475
-8549
-8040
-11765
-11384
-4210
796
450
-479
-1022
-4035
-9545
-9382
-2856
4117
9214
14540
18426
15937
9931
6319
5399
1796
-4632
-8899
-9607
-9066
-8499
-5991
-2083
268
-765
-4235
-7258
-7683
-5031
-1269
1813
4719
7994
10727
11046
9926
9146
8136
4749
-934
-5352
-6483
-5482
-4464
-3315
-1999
-1285
-1288
-1441
-1307
-875
-141
80
-259
310
2399
4478
5386
5204
3805
1168
-1634
-3219
-3359
-2150
-294
1036
1510
1494
1017
126
-720
-1519
-2735
-3785
-3883
-3231
-2451
-1638
-985
-1091
-2009
-2963
-3077
-2353
-1594
-1445
-2042
-2980
-3991
-4772
-5458
-6008
-5721
-1638
12399
28033
31729
21689
12145
8577
-179
-12640
-16770
-9628
-5844
-9676
-11950
-6755
-273
-75
-1688
-1994
-3249
-8050
-9914
-4346
3108
8286
12637
17256
16839
11083
6214
5213
3463
-2239
-7366
-8736
-7918
-7426
-6170
-3250
-844
-1186
-4235
-7592
-8623
-6258
-2019
1460
4126
7109
10192
11243
9950
8605
7827
5743
920
-3818
-5435
-4393
-3298
-2770
-2095
-1747
-2156
-2752
-2592
-1919
-830
6
205
532
2031
3996
5053
5083
4018
1828
-753
-2339
-2692
-1938
-372
1008
1371
1015
495
-287
-1181
-1905
-2680
-3478
-3508
-2740
-1883
-1299
-1020
-1264
-2292
-3409
-3812
-3149
-2012
-1209
-1221
-2096
-3057
-3767
-4594
-5967
-6799
-4246
8631
25882
32476
23965
13418
9695
1882
-11109
-17110
-10521
-5297
-8763
-12050
-7889
-799
187
-1631
-2254
-3272
-7938
-10868
-5803
2306
8111
12271
16966
17432
11753
5979
4574
3817
-1063
-6486
-8350
-7405
-6618
-5631
-3160
-966
-1363
-4574
-8233
-9771
-7683
-2962
1448
4372
6901
9726
11163
10067
8321
7346
5859
1840
-2887
-4841
-3664
-2080
-1612
-1493
-1945
-3326
-4102
-3516
-2399
-1260
80
788
818
2013
3803
4803
4797
3901
1400
-1229
-2139
-1917
-1144
295
1766
1645
826
136
-604
-1338
-1748
-2389
-3519
-3729
-3038
-2136
-1449
-1029
-1491
-2864
-3890
-4079
-3342
-2042
-943
-1166
-2168
-3245
-4019
-5250
-6591
-6885
-2436
12524
28281
31498
21095
11928
8139
-1023
-13010
-16071
-8540
-5143
-8885
-10892
-5778
61
-385
-2617
-3707
-5275
-9673
-10411
-3627
4674
9964
13522
17123
15953
9964
4854
3830
2692
-1993
-6303
-7347
-6059
-5010
-3760
-2176
-1784
-3465
-6793
-9810
-10442
-7251
-1609
3044
5529
7346
9686
10694
9280
7206
6025
4698
1289
-2242
-3111
-1353
92
-35
-1344
-3333
-5111
-5785
-5017
-3397
-953
991
1491
1485
2461
3682
4043
3773
2668
669
-1104
-1369
-560
687
1835
2051
1148
-62
-1068
-1964
-2222
-1925
-2049
-2602
-2621
-2001
-1445
-1320
-1643
-2613
-3894
-4664
-4457
-3205
-1734
-654
-686
-1757
-3299
-4324
-5486
-6736
-6977
1086
18793
31378
28452
16108
10053
5667
-5522
-15442
-13176
-5015
-5127
-9756
-9417
-2709
450
-2035
-4256
-5015
-7414
-11391
-8673
255
8165
11930
14487
16201
12940
6929
3306
3210
1812
-2083
-5173
-5659
-4405
-3184
-2101
-2269
-4085
-6718
-9185
-10791
-10090
-5226
1384
5435
6220
6859
8753
9220
7342
5192
4541
3775
1365
-706
-312
1652
2218
607
-2467
-5569
-7171
-6668
-4972
-2922
-419
1311
1563
1632
2697
3554
3481
2931
1637
-60
-765
32
1229
2109
2382
1390
-198
-1223
-1812
-2336
-2291
-1784
-1849
-2280
-2068
-1238
-678
-916
-2103
-3773
-4875
-4995
-4215
-2818
-1201
-409
-982
-2470
-3831
-4918
-6075
-6810
-4310
9056
26287
32239
22862
11778
7921
449
-10973
-15130
-7910
-2717
-5865
-9082
-5960
-538
-1338
-5042
-7210
-7782
-10363
-11196
-4239
5789
12477
14220
14744
13313
8872
4143
1980
2050
1011
-840
-2614
-2903
-1965
-968
-1372
-4589
-8606
-11164
-11491
-10679
-7764
-1629
4692
7309
6420
5970
6936
7013
5332
3722
3613
3580
2898
2562
3421
4077
2590
-1012
-5451
-8381
-8430
-6177
-3542
-1050
933
1341
740
938
2076
2514
2237
1722
864
314
964
2228
3024
3155
1977
-474
-2378
-2532
-1952
-1725
-1430
-1166
-1298
-1604
-1729
-1612
-1549
-2049
-3514
-5010
-5267
-4153
-2412
-849
-333
-1339
-2857
-4328
-5171
-6296
-6677
-5549
3770
21184
31928
27398
14347
7856
2601
-7791
-14718
-10113
-1710
-2039
-6314
-6541
-1758
-898
-5439
-9339
-10199
-10221
-11225
-6732
3044
12178
15494
14041
11331
7781
4710
2099
1418
1894
2538
1819
-56
-661
-257
-556
-4306
-9803
-13346
-13111
-10525
-7336
-2525
3142
6684
6097
3857
3269
4185
4777
4156
3950
4781
5822
6028
5687
5295
3490
-424
-5651
-9126
-8530
-5049
-1974
-417
712
569
-1304
-2535
-1258
448
1049
1373
1707
2093
3097
4301
4182
2947
1525
-482
-2487
-2732
-1366
-206
-158
-955
-2029
-2466
-2362
-2412
-2702
-2765
-3216
-4316
-4698
-3729
-2338
-1353
-1297
-2073
-3456
-4719
-5393
-6141
-6501
-4002
9191
26431
32086
21690
8835
4976
-757
-9885
-12324
-4169
1614
-1964
-6356
-5421
-1627
-3399
-8192
-11757
-12011
-11244
-8863
-1289
7494
13812
14435
11163
6137
2862
2999
3476
3454
3725
5314
4668
1757
-304
-484
-1991
-7735
-13430
-14595
-11110
-7052
-3504
777
4019
3993
1427
-7
669
2402
4190
5301
6065
6845
8095
8379
6737
3805
497
-3095
-6956
-8070
-4501
203
1161
-692
-1941
-2993
-4895
-5092
-2349
513
1793
2344
2932
3752
4624
4377
2655
845
-315
-1256
-1243
59
1135
841
-391
-2173
-3686
-3675
-2676
-2403
-3004
-3254
-3332
-3737
-3705
-2847
-2017
-2077
-3104
-4209
-4898
-4668
-4682
-5247
-4692
5568
23289
31996
24137
9516
3998
368
-7372
-10748
-3800
3902
1372
-4625
-6418
-3796
-4789
-9042
-12538
-13435
-11906
-8328
-429
6989
11648
12703
10241
4501
-310
1322
5571
6936
5673
6670
7918
5185
167
-2353
-2772
-6792
-13177
-15057
-10117
-4286
-1771
-115
1677
993
-2301
-3803
-1743
1377
4014
6339
8163
8545
8669
8947
7713
3877
-665
-3198
-4305
-4963
-3129
1722
4189
907
-4301
-6536
-6910
-6805
-4687
-988
2103
3536
3832
3617
3859
3728
1913
-476
-949
137
1191
2387
3015
1858
-580
-2776
-4374
-4771
-3431
-1861
-1898
-2762
-2970
-2737
-3025
-3923
-4449
-3724
-3129
-3984
-4926
-4226
-3488
-4335
-5755
763
17933
30946
27826
12637
3752
1511
-4035
-8271
-3820
4499
3818
-2723
-6542
-5537
-5876
-9081
-11867
-13916
-13575
-9961
-783
7210
9453
8806
7836
4635
-1315
-1492
5743
11628
9914
6788
7651
8051
3237
-3024
-4779
-5554
-9814
-13635
-10527
-3279
216
-704
-1916
-3009
-5438
-6596
-3758
838
3958
6019
8240
9352
8651
7720
7283
5212
807
-2651
-2239
-165
1387
3336
4008
847
-5401
-9683
-10075
-7724
-3973
-1070
628
2190
3539
2867
1911
2044
1704
214
-63
1834
3632
4665
4064
1418
-2039
-4001
-4427
-3934
-2293
-818
-867
-2157
-3247
-4063
-4234
-3816
-4196
-4884
-4744
-3889
-3746
-3923
-3999
-4440
-5831
-3434
10831
27272
30659
17934
5113
2115
-1537
-5947
-3611
5070
6719
-383
-5569
-5483
-5949
-10476
-12565
-12718
-13322
-13183
-5034
7243
10731
5928
2171
2920
614
-2848
1531
11814
15790
10755
6447
7194
6819
700
-5065
-6221
-6840
-9500
-9384
-3790
761
-516
-4169
-6526
-8357
-9300
-6332
-50
4505
5424
5779
7418
8411
7086
5303
4766
3975
1765
518
2301
4867
6069
4627
198
-5386
-9235
-10028
-8881
-5438
-1223
522
46
138
652
106
-30
660
1150
1650
3562
5361
5531
4288
1457
-2026
-4175
-4036
-3017
-1403
228
188
-1712
-3397
-3911
-4378
-4612
-4996
-5433
-5085
-3919
-3059
-3634
-4862
-6088
-7414
-7189
4119
22789
31946
23053
7022
1471
-175
-3888
-3119
5166
9983
3293
-3932
-4560
-3703
-9243
-14164
-13409
-12028
-13537
-10076
3775
12654
7443
-2717
-4045
-775
-1580
-719
8009
17086
15889
8643
5406
6746
4435
-1841
-5433
-5468
-5794
-5927
-2079
2152
430
-5676
-9815
-10868
-10870
-8561
-2397
4049
5756
3910
3052
4710
5836
4671
3265
3476
4485
5013
5744
6546
7377
6471
1890
-4434
-8184
-7755
-6523
-4937
-2447
-1264
-2103
-2555
-1944
-2195
-2214
-852
1053
2449
4160
5606
5572
4479
1740
-1717
-3354
-2108
-655
-148
357
446
-1021
-3073
-3972
-4012
-3549
-3359
-4222
-5088
-4578
-3699
-4166
-5446
-6598
-7464
-8647
-7213
6111
24893
32028
20111
3453
-843
-1066
-2981
-213
9245
12814
4531
-3254
-3683
-3732
-10619
-15576
-13787
-11096
-11989
-7569
5945
12409
3652
-8553
-9007
-3550
-2027
581
10166
18537
15838
7500
4211
5968
4000
-1678
-4088
-2422
-1377
-1168
1631
3423
-1226
-9342
-13389
-12453
-9986
-6356
-480
4417
4116
565
-1077
880
2871
2718
2497
4251
6826
8279
8597
7762
6008
4177
1550
-1860
-3851
-3160
-2569
-3528
-3909
-3816
-4548
-4854
-3641
-2942
-2846
-1402
918
2405
3323
4115
3722
2628
1432
8
-711
247
1101
350
-483
-566
-1061
-2243
-2699
-2730
-2805
-2795
-2945
-3633
-4073
-4191
-4741
-6127
-7012
-7307
-7041
-7461
-4284
10922
27274
28474
11993
-1907
-1332
28
-424
4233
13433
13177
2854
-4033
-3736
-5182
-12559
-15021
-11037
-7926
-9042
-3745
7546
8209
-4292
-14161
-9813
-2429
4
4046
13094
17687
11661
3458
2022
4757
3164
-353
-125
2679
3242
2305
2876
991
-5979
-12768
-13137
-9469
-5864
-2431
1465
2810
-432
-4448
-4894
-1632
1280
2385
3669
6198
8522
8928
7732
5258
3228
2891
3380
3039
2081
1240
-1129
-4509
-6376
-6157
-5463
-4359
-2883
-2464
-2552
-1745
-342
338
854
1553
1918
2312
2708
2306
1307
729
72
-990
-1325
-537
154
-51
-758
-1831
-2665
-2583
-2519
-3236
-3921
-4104
-4497
-5783
-6533
-7257
-7836
-8855
-7220
6439
23575
27872
13954
-1158
-2187
165
287
4312
13516
15376
5837
-2641
-3190
-3279
-9811
-13819
-10558
-6200
-6921
-4768
4506
6850
-4145
-15816
-13578
-4280
671
3943
10539
14998
10378
2154
-346
3314
4597
2575
2614
5223
6204
4429
3335
1137
-4888
-11276
-11894
-7571
-3254
-714
638
260
-3165
-7110
-7896
-4511
-111
2313
3490
4941
6605
7074
5956
3855
2849
4001
6123
6902
6095
4331
687
-3776
-6386
-6163
-4772
-3216
-1849
-1845
-2958
-3573
-3117
-2301
-1241
-32
1117
2335
3172
2591
971
-158
-714
-1211
-1011
334
1566
1626
402
-1370
-2676
-2658
-1949
-1961
-2405
-2679
-3177
-4262
-6395
-7734
-8598
-8371
-8960
-3141
13950
26598
21651
3377
-5468
-1866
322
1919
9124
17298
13266
1672
-3954
-2115
-4425
-11694
-12040
-5382
-1702
-4347
-1665
4768
1181
-11867
-18309
-10245
-348
3719
6418
10718
10494
3550
-2365
-969
3902
4780
4349
6202
8350
6816
3534
1646
-1699
-7126
-9912
-6576
-1295
1316
866
-1080
-3948
-7508
-9095
-7336
-2770
1345
3333
3880
3852
3699
3362
2725
1587
2648
6178
9521
9667
6954
3024
-1934
-5257
-5238
-3076
-1194
-132
-193
-1962
-4123
-5303
-4989
-3648
-1356
516
1600
2482
2385
712
-1535
-2441
-1975
-742
1037
2435
2480
1260
-637
-2409
-2861
-1808
-675
-589
-1067
-2048
-3352
-4898
-5954
-7041
-8492
-9065
-8589
2404
19078
25376
13555
-3842
-6658
-1727
943
4729
13297
17488
8921
-2197
-4508
-1693
-5336
-10647
-8167
-888
645
-2757
-341
2478
-3973
-15130
-16204
-5919
2949
5901
7043
7929
4417
-1812
-4232
63
5071
5942
6213
7529
7812
4706
1393
-371
-2970
-5723
-5246
-951
2662
2815
-261
-4248
-7564
-8918
-7312
-3845
272
2572
2731
1413
34
-423
474
1556
2662
5639
8690
9829
7593
4119
290
-3282
-3721
-1290
1416
2137
1165
-1226
-4105
-5966
-6013
-4455
-1777
1029
1859
1338
512
-820
-2468
-3253
-2363
-654
1211
2609
2450
898
-909
-2365
-2960
-1727
271
1245
476
-732
-1923
-3511
-5205
-6294
-6735
-7319
-7843
-6999
4946
20441
23195
8064
-8246
-7560
-525
2657
6500
14612
16884
6333
-4924
-5302
-1130
-4605
-9450
-5472
2794
3056
-2608
-2113
-63
-5872
-14995
-13838
-2735
5253
6208
5296
4602
803
-4263
-4619
1160
6304
6701
6366
7042
6446
2751
-387
-1046
-1774
-2550
-1255
1955
3558
1790
-2199
-5999
-7899
-7132
-4070
-831
1256
1366
177
-1286
-2227
-1818
-124
1527
3881
7172
9088
7828
4148
1042
-1224
-1992
-46
2901
4070
2702
-230
-3417
-5448
-5529
-3965
-1738
717
2011
1113
-599
-2065
-3243
-3711
-2688
-666
1118
2094
1972
365
-1679
-2841
-2927
-1884
360
2248
1959
14
-1887
-3089
-3724
-4150
-4464
-4797
-5674
-6027
-6124
2960
16979
21005
8323
-7954
-8292
215
4908
7151
12412
14444
5707
-5244
-6323
-795
-1711
-6473
-4749
2535
3981
-2114
-4131
-2251
-5203
-12159
-11967
-2283
5777
6370
3663
1753
-1078
-4518
-4519
945
6693
7588
6330
5560
4574
1690
-835
-787
-170
-45
844
2698
3150
1050
-2553
-5541
-6600
-5470
-2585
79
1230
413
-1370
-2651
-3004
-2257
-526
1794
5195
7470
6827
4042
1457
420
-116
561
2533
3909
3289
1334
-1163
-3274
-4022
-3443
-1872
8
1555
1240
-679
-2265
-3186
-3585
-2860
-1014
577
1089
597
-620
-2177
-2879
-2328
-1208
111
1187
1102
-202
-1586
-2322
-2683
-2704
-2659
-2763
-3525
-4862
-6114
-6354
3492
16745
19543
6280
-8060
-6375
1927
5389
6332
10837
12183
3807
-5420
-4820
482
-1450
-6096
-3982
3143
3619
-2698
-4675
-3148
-5627
-10947
-9169
75
6132
4891
1453
-418
-2565
-4555
-3190
2572
7309
7235
5300
3970
2766
330
-1030
111
1498
1978
2525
3226
2338
-387
-3525
-5385
-5356
-3476
-573
1256
1179
-686
-2832
-4012
-3778
-2165
139
3504
6190
6371
3850
1019
-217
-102
972
2531
3928
3932
2536
274
-1762
-2725
-2482
-1395
38
1482
1604
46
-1985
-3165
-3336
-2669
-1258
115
558
-256
-1703
-2911
-3158
-2379
-1170
86
656
507
-598
-1675
-2293
-2130
-1834
-1386
-1692
-2112
-3666
-5078
-7215
-4692
8635
19767
16836
-90
-9441
-3510
3657
5119
7041
12148
10313
226
-6465
-2787
857
-3074
-5979
-1230
5185
2431
-3968
-4992
-4274
-7200
-9929
-4889
3172
5656
2422
-632
-2103
-3555
-3872
-929
4510
7120
6041
4135
2680
1087
-745
-291
1838
3351
3720
3729
2625
79
-2550
-4008
-3893
-2810
-735
1193
1279
-312
-2628
-4162
-4413
-3416
-996
2187
4754
5191
3293
495
-1119
-848
882
2749
3926
4095
2966
1113
-688
-1627
-1453
-434
784
1574
1495
373
-1313
-2684
-2858
-2104
-1096
-310
-249
-957
-2141
-3036
-3147
-2491
-1287
-272
-29
-613
-1359
-1943
-1968
-1795
-1267
-1062
-944
-1655
-2624
-4290
-5287
-6899
-965
12891
20564
12305
-4996
-9095
-774
5067
5499
8330
12618
8075
-2677
-7038
-1713
532
-3581
-4720
1412
6067
972
-5313
-6127
-5793
-7824
-7658
-1123
4902
4554
228
-2624
-3770
-4094
-2814
1068
5579
6580
4926
2906
1313
-69
-710
1085
3509
4693
4638
3625
1079
-1816
-3205
-2733
-1434
-190
1008
1205
-351
-2523
-4319
-4447
-3347
-1645
632
2703
3933
2858
314
-1716
-1579
308
2603
4126
4204
3143
1227
-328
-938
-399
760
1570
1874
1603
854
-545
-1888
-2260
-1543
-706
-351
-480
-1244
-2226
-3087
-3210
-2490
-1433
-592
-525
-1046
-1943
-2538
-2392
-1524
-770
-466
-627
-1068
-2209
-3024
-4343
-4684
-6371
-1543
11629
19908
13020
-4714
-10324
-1758
5960
6776
8361
12461
8829
-2140
-8215
-2977
1386
-1250
-3116
1458
6149
1191
-6190
-7880
-6258
-6214
-5719
-382
4617
3764
-1434
-4909
-5488
-4336
-1824
1716
5504
5966
3994
1569
-82
-531
-125
2297
4726
5665
5034
3448
625
-2182
-2713
-1153
788
1508
1561
821
-1322
-3532
-4745
-4035
-2222
-716
658
2091
2388
684
-1785
-2616
-1111
1146
3124
3876
3204
1780
166
-614
-210
1091
2250
2503
2194
1616
511
-831
-1427
-1129
-288
201
-76
-977
-2153
-2990
-3214
-2642
-1545
-790
-869
-1498
-2364
-3118
-3210
-2431
-1100
-215
122
-700
-1804
-3430
-3782
-4097
-3474
-4832
-2271
9561
18505
13881
-3603
-11005
-2512
6755
8254
8408
11888
9374
-1152
-8424
-4092
2399
1315
-1365
929
5350
1430
-6391
-8613
-6166
-4409
-3954
-381
3277
2064
-2856
-6393
-6164
-3938
-557
2317
4706
4556
2386
302
-1026
-542
943
3712
5891
5915
4778
2966
489
-1934
-1784
595
2822
3025
1753
159
-2028
-3728
-4492
-3331
-1155
5
429
823
881
-712
-2788
-2842
-750
1558
2831
2969
1972
767
-303
-547
372
2035
3184
2789
1878
1225
447
-348
-439
106
652
583
-294
-1472
-2402
-2562
-2299
-1808
-1086
-929
-1514
-2457
-3132
-3385
-2940
-2025
-821
-481
-850
-1953
-2954
-3457
-3182
-3378
-3350
-4010
-3771
5266
14993
15200
1167
-9971
-4795
5792
9560
8422
9898
9842
2239
-6166
-5383
1944
3743
953
-50
3371
2631
-4199
-8134
-6618
-3683
-2819
-1487
1047
755
-2587
-6125
-6642
-4704
-933
1963
3347
2843
901
-394
-1053
-473
1415
3932
5959
5464
3982
2718
1364
-511
-774
1453
3899
4069
2150
147
-1677
-3054
-3533
-2729
-705
419
121
-420
-530
-1192
-2612
-3057
-1373
943
2113
1872
708
-123
-269
-56
676
1856
2831
2659
1717
1078
844
601
503
797
1084
958
82
-1063
-1811
-1852
-1507
-1335
-1103
-1033
-1556
-2435
-3114
-3146
-2779
-2157
-1608
-1200
-1504
-2070
-3146
-3503
-3508
-2700
-2936
-2804
-4613
-2945
6726
14465
11633
-2442
-8358
-535
8296
9293
7214
8815
8043
1059
-5119
-2534
3753
4158
1370
657
3259
693
-5358
-7528
-5110
-2086
-1651
-1146
-562
-1781
-3998
-5869
-5597
-3857
-619
1502
2050
870
-683
-1032
-951
263
2362
4642
5575
3935
2463
2060
1779
806
1065
2913
4441
3714
1461
-416
-1744
-2300
-1997
-1123
497
688
-527
-1493
-1560
-1582
-2399
-2373
-882
653
1048
481
-308
-734
-512
-90
739
1668
2315
2023
1243
1065
1045
905
940
1347
1615
1226
211
-870
-1326
-1091
-537
-331
-512
-915
-1862
-2696
-3005
-2666
-2202
-1913
-1923
-1975
-2253
-2508
-3149
-3355
-3409
-2934
-3385
-3520
-4744
-4206
4435
12653
12551
52
-7980
-2438
6814
9461
7083
7845
8509
3779
-2676
-2763
2939
4730
2615
597
2728
2098
-3114
-6598
-5720
-2247
-893
-1031
-1451
-2679
-3794
-5098
-5339
-4735
-2066
228
940
129
-1203
-1256
-1302
-822
997
3608
5426
3997
1891
1365
2084
2085
1989
2925
4040
3800
2048
553
-342
-772
-791
-638
471
889
-7
-1136
-1643
-1487
-1774
-1902
-1252
-406
11
-108
-693
-1220
-1043
-439
321
934
1367
1447
1011
840
994
1238
1501
1609
1497
1218
810
225
-207
-161
228
224
-302
-839
-1400
-1924
-2240
-2247
-1985
-2000
-2138
-2464
-2639
-2938
-3283
-3797
-3585
-3306
-2843
-3451
-3914
-5764
-4215
4868
12532
10860
-1639
-7660
-1233
7361
9018
6740
7735
8141
3401
-2332
-1730
3510
4748
2565
1018
3264
2344
-2587
-6061
-5350
-2052
-558
-616
-1574
-3179
-4076
-4893
-5110
-4797
-2570
-564
-1
-795
-1528
-1261
-1502
-1487
27
2817
4812
3578
1615
1035
1897
2266
2454
3173
3910
3614
2237
1160
659
520
406
44
464
747
307
-510
-1014
-963
-1300
-1715
-1533
-952
-516
-603
-1120
-1473
-1227
-757
-312
44
538
934
836
793
929
1187
1414
1493
1524
1461
1270
876
467
278
373
272
-62
-364
-724
-1152
-1603
-1896
-2039
-2128
-2267
-2486
-2818
-3003
-3169
-3308
-3429
-3146
-3280
-3418
-4545
-4909
-6410
-2975
6155
12386
8699
-3294
-7032
-318
7072
8128
6826
8145
7399
2477
-2120
-399
4104
4798
2902
1900
3791
2332
-1978
-5099
-4636
-1726
-16
195
-1391
-3271
-4053
-4640
-5072
-4858
-2464
-708
-654
-1816
-2133
-1430
-1761
-2144
-1050
1759
3920
3144
1600
957
1366
1418
1949
3153
4243
4075
2748
1748
1192
1234
1089
666
904
1170
1069
-177
-1114
-688
-16
-512
-1572
-1735
-1121
-742
-1052
-1202
-977
-783
-593
-647
-372
203
756
810
688
1170
1736
1698
1220
1085
1213
1169
942
613
638
853
696
-50
-700
-837
-1024
-1460
-1690
-1565
-1521
-1916
-2459
-3012
-3051
-2992
-2840
-3215
-3249
-3571
-3766
-4637
-4895
-6115
-3950
4343
11028
9245
-1938
-7369
-2360
5210
7623
6618
7522
7571
3488
-1369
-1308
3161
5052
3707
1978
3441
3452
258
-3497
-4932
-2939
-456
782
-130
-2112
-2963
-3872
-5063
-5703
-3564
-1009
-421
-1725
-2574
-1806
-1555
-2226
-2222
-297
2398
2837
1819
1023
1155
1261
1472
2253
3435
4179
3733
2622
1623
1373
1587
1129
1004
1255
1716
1278
-231
-998
-590
180
-271
-1086
-1119
-598
-551
-1041
-1045
-776
-285
-135
-243
-101
404
1002
805
632
1099
1633
1533
1089
944
952
1099
944
532
294
425
399
-258
-743
-902
-1139
-1550
-1779
-1898
-2068
-2260
-2465
-2766
-2906
-2848
-2882
-3082
-3148
-3224
-3579
-4069
-4700
-5138
-5989
-1059
6420
10158
4550
-4522
-5473
232
5339
6081
6315
7775
6455
2037
-1443
328
3603
4650
3186
2305
3400
2959
859
-2167
-3422
-2133
-415
417
-643
-1451
-1634
-2696
-4859
-5733
-3627
-1386
-865
-1925
-2083
-1485
-1716
-2510
-2653
-916
1130
1882
1712
1426
1486
1336
1263
1382
2243
3239
3672
3365
2463
2124
1896
1388
967
942
1450
1530
849
266
466
715
-8
-1300
-1759
-1016
-264
-66
-535
-1116
-1219
-1231
-1328
-1300
-627
212
332
103
251
632
610
291
62
297
833
1101
797
327
283
293
-6
-234
-127
54
-151
-593
-1027
-1304
-1396
-1559
-1891
-2177
-2230
-2479
-2789
-3039
-2959
-3185
-3485
-4115
-4571
-5196
-5456
-424
6188
9312
3709
-3775
-4076
519
4283
4784
5780
7448
6247
2600
-251
1030
3340
4229
2834
2022
3117
3511
2379
-689
-2959
-2886
-1589
-644
-1284
-1186
-626
-1505
-4279
-5993
-4818
-2882
-1927
-2079
-1728
-1069
-1109
-1827
-2731
-2205
-737
426
796
899
1426
1795
1672
938
837
1641
2720
3066
2655
2714
2721
2225
1342
693
828
939
931
578
750
1530
1781
596
-1209
-1543
-885
-128
40
-56
-39
-249
-535
-1107
-1164
-533
107
195
115
583
922
654
-16
-440
-348
114
515
336
195
314
221
-421
-976
-833
-477
-308
-373
-569
-736
-926
-1373
-2010
-2152
-1932
-1763
-2105
-2386
-2410
-2515
-2922
-3704
-4310
-4669
-4813
-5613
-2630
3313
7729
5342
-1054
-3130
-598
2544
3643
4650
6651
6852
4655
1561
967
2252
3195
2593
1764
2762
3936
4174
2299
-749
-2623
-2903
-2365
-2503
-1886
2
940
-446
-2712
-3131
-2208
-1317
-1124
-819
307
1274
1197
-225
-1494
-1775
-1689
-1509
-1362
-706
209
869
503
-365
-557
-79
441
470
885
1750
2209
2051
1308
695
339
212
174
-15
661
1846
2349
1399
-146
-876
-911
-673
-675
-532
-276
-99
-279
-990
-1317
-1149
-809
-715
-474
273
892
975
445
-81
-226
-39
144
197
457
852
1028
618
58
-287
-382
-352
-375
-371
-231
-187
-524
-1189
-1604
-1787
-1874
-2170
-2307
-2256
-2293
-2505
-2945
-3343
-3551
-3742
-4053
-4473
-4952
-2292
2476
6105
4784
587
-1024
265
1988
2750
3977
5851
6378
5023
2899
2290
2673
2895
1948
813
1203
2563
3708
3132
1517
288
-499
-1209
-2276
-2250
-873
183
-483
-2043
-2573
-2369
-2162
-2462
-2573
-1981
-1169
-619
-1009
-1697
-1903
-1626
-1288
-1080
-308
1035
2286
2379
1630
1014
878
928
595
500
898
1378
1655
1517
1268
876
400
-201
-714
-762
-101
817
1167
858
154
-194
-387
-623
-799
-849
-561
-258
-93
-87
-112
-94
-318
-657
-699
-253
287
552
567
502
503
414
211
-34
-8
404
722
659
497
529
525
287
49
133
357
405
184
-118
-226
-240
-542
-921
-1046
-813
-805
-578
-542
-704
-778
-213
197
1369
4144
5352
1120
-4411
8
7671
9298
7165
2096
-3166
-2362
-1257
-2293
-2797
-1982
-522
787
1339
1166
787
-151
-1883
-2734
-1713
-196
996
805
-515
-1857
-2545
-3024
-3261
-2478
-1005
-8
-253
-1096
-1575
-1708
-1764
-2031
-2294
-2218
-1663
-981
-751
-682
-392
1
-15
-455
-633
-308
219
434
466
662
984
1191
941
765
802
960
1112
1052
985
907
878
733
392
148
131
581
904
877
638
604
726
512
195
-2
69
24
-188
-290
-321
-195
-210
-341
-534
-484
-171
42
267
438
595
708
742
712
704
974
1242
1131
675
102
-367
-228
863
2604
2605
2636
4426
5534
5064
5643
5068
4358
5098
3437
740
-1374
-3180
-5098
-7167
-7639
-6060
-5244
-5468
-4753
-3222
-2270
-3079
-3569
-3089
-1872
465
3949
8182
11108
9145
1075
-5647
-7699
-5980
-2377
-22
334
-81
-312
-974
-1823
-1653
-1171
-887
-677
-342
119
455
572
578
401
125
-244
-500
-624
-598
-551
-716
-927
-1033
-894
-761
-684
-668
-686
-577
-503
-496
-508
-340
-126
-55
-85
-104
12
94
224
364
369
372
328
306
206
90
161
221
245
145
105
233
257
183
94
353
811
1080
1080
955
854
609
389
265
224
349
535
731
657
328
-4
-101
49
230
441
660
938
958
579
43
51
694
1006
1088
1033
1178
1215
1905
2846
4340
6131
6103
6567
8440
10067
3305
-4439
-3636
-1817
-2613
-3803
-3075
-2278
-1108
293
-1274
-5217
-5732
-4068
-3777
-4192
-4240
-3931
-3964
-4402
-4982
-5171
-4812
-3729
-2363
-1256
-679
-550
-683
-818
-648
-358
-285
-180
75
348
688
944
923
677
350
205
303
554
757
865
834
749
673
584
601
627
561
507
500
501
468
397
322
293
250
222
151
172
155
146
108
65
115
115
101
111
61
86
130
173
118
-93
-229
-213
-178
-196
-298
-284
-249
-445
-655
-565
-279
-110
-69
78
260
217
47
21
216
766
1484
1976
1772
1044
233
-372
-624
-531
-226
200
814
1485
1280
341
244
690
1259
1069
24
-918
-865
-670
-798
-559
-36
360
-162
-980
-1593
-1786
-1215
-620
-784
-1275
-1826
-2192
-1860
-612
527
1280
1731
1780
1253
169
-607
-888
-833
-860
-940
-1102
-1370
-1711
-1882
-1458
-597
331
878
1239
1368
1071
816
680
382
-163
-735
-976
-1053
-1145
-988
-781
-647
-413
27
415
464
557
691
686
644
590
629
678
617
553
517
545
489
522
642
755
810
804
924
1027
1070
1052
966
831
613
388
155
-62
-120
-276
-431
-455
-429
-428
-275
-15
150
229
243
326
460
430
250
16
-156
-189
-95
-54
-434
-993
-1493
-1671
-1592
-1140
-554
-98
322
455
478
595
777
1016
988
650
345
274
756
1587
2356
2630
2420
1481
11
-377
959
1344
-631
-1954
-2906
-3866
-3207
-2106
-949
104
1350
2620
3612
3126
1400
-915
-2886
-3606
-3405
-2524
-1923
-1514
-1030
-659
-285
-2
-162
-199
103
400
729
604
301
-137
-545
-641
-351
-191
174
597
783
817
826
979
906
830
526
274
-65
-554
-922
-728
-454
-508
-395
-13
397
517
468
336
54
-378
-692
-758
-576
-385
-486
-706
-707
-435
-9
488
837
1040
1074
1127
1268
1483
1480
1211
932
776
652
462
241
8
-270
-492
-587
-515
-430
-383
-513
-555
-549
-416
-1
334
433
446
501
645
652
180
-464
-1046
-1282
-956
-309
-285
-206
168
637
922
717
399
300
500
700
747
533
311
199
317
272
-376
-1187
-1441
-1430
-1452
-1398
-954
-796
-734
-431
-75
470
904
903
699
640
418
151
-186
-131
-146
-576
-813
-888
-931
-1179
-1740
-1771
-1409
-847
-365
-86
282
622
914
924
1052
938
1030
987
1304
1779
1960
1771
1226
233
-391
-521
-411
-238
-184
-8
215
259
168
366
647
851
820
647
598
456
-441
-1841
-2964
-3342
-2793
-1415
-340
468
692
827
784
644
388
214
120
-169
185
766
1429
1670
1856
1890
1316
814
478
401
469
274
133
297
46
-348
-368
-288
-116
-35
3
100
125
103
215
297
318
379
530
575
536
470
246
10
-369
-636
-692
-437
-104
170
289
246
199
323
438
352
393
316
194
221
37
-409
-726
-816
-653
-178
231
624
1168
1516
1509
1421
1181
963
861
699
554
401
199
244
660
1081
1581
1640
1149
18
-1365
-2736
-3635
-3344
-2524
-1454
-630
-126
-95
-235
-372
-507
-589
-310
-89
128
-89
-228
-159
23
-66
-280
77
171
8
-13
150
156
298
309
447
530
708
423
29
286
611
1007
1134
1234
1356
1526
1644
1516
1456
1281
635
-273
-701
-950
-1115
-1009
-747
-779
-879
-1266
-1988
-2596
-3043
-2295
-846
538
809
519
314
203
211
265
339
329
335
435
661
670
302
-452
-1136
-1204
-1162
-953
-440
315
801
972
1194
1536
1747
1902
1786
1361
1125
1062
727
367
-157
-808
-1308
-1780
-2022
-1733
-1423
-1021
-648
-226
33
139
373
325
370
526
585
504
452
579
379
197
-225
-561
-432
-638
-756
-855
-628
-181
259
630
1015
1340
1544
1653
1589
1347
832
412
270
-31
-512
-803
-907
-856
-817
-960
-973
-876
-897
-1138
-1227
-1075
-741
-116
516
878
1310
1510
1281
1114
1073
1005
392
-92
-649
-1092
-1048
-755
-923
-567
148
261
701
1472
1911
1728
1394
1429
1296
850
264
-34
-114
-146
-2
532
798
828
1021
710
15
-450
-833
-915
-946
-778
-878
-1259
-1452
-1238
-1137
-1251
-1029
-542
-184
-201
200
540
719
956
1169
1331
1299
1545
1538
1318
1034
597
102
-91
61
37
11
-74
-305
-649
-703
-655
-433
-515
-661
-544
-16
276
504
873
872
882
311
-1
-129
-153
-253
-379
-703
-810
-579
-79
326
240
55
349
214
152
368
446
667
791
852
677
527
395
475
324
147
-90
-329
-325
-331
-462
-648
-435
-373
41
484
113
-158
-146
60
100
653
954
970
590
158
22
-433
-1076
-1532
-1609
-1420
-1280
-955
-250
621
1777
2704
2900
2722
2153
1196
125
-861
-1527
-2064
-2035
-1840
-1328
-669
-151
220
828
1345
1865
2107
1822
1421
1407
1259
906
625
398
270
165
-345
-1033
-937
-500
-338
-630
-795
-845
-998
-1406
-1685
-1776
-1563
-1587
-1847
-1549
-655
267
929
1165
1090
804
560
465
537
901
1224
1524
1608
1439
999
376
-708
-1224
-923
-450
-1036
-2251
-2546
-1995
-1058
-119
1274
2449
2379
2208
2210
1834
1444
1292
678
-349
-697
-338
91
311
352
243
313
467
668
997
1190
838
642
658
292
-22
-195
-533
-782
-1111
-1169
-876
-514
-469
-283
220
629
712
481
477
575
734
558
959
1269
726
492
368
-82
-451
-944
-1482
-1835
-1610
-923
-447
-213
252
708
797
343
-331
-928
-996
-797
-687
-561
-137
502
429
-22
-801
-1374
-1704
-1276
-85
1093
1763
2205
2449
2386
2209
1913
1396
976
469
-17
-213
-535
-555
-287
-129
-297
-110
443
785
1022
1278
1760
1806
1342
986
687
362
117
-23
-551
-729
-700
-997
-1606
-1574
-1153
-727
-225
601
1189
1221
1671
1696
1021
380
-67
349
725
113
-516
-732
-1264
-1195
-323
182
-650
-3339
-3596
-1715
490
2121
2888
3119
3204
2741
1835
767
564
967
781
605
602
1083
867
569
498
626
814
610
249
-60
-254
-924
-1707
-2706
-2887
-2730
-2580
-2417
-2096
-1664
-1336
-463
-16
168
373
452
545
1014
1098
399
-235
-27
640
1738
2794
3099
2678
1583
494
-572
-1300
-1605
-2103
-2966
-3413
-3356
-3354
-2756
-473
2561
5030
5915
5019
3242
1421
636
526
806
1036
1506
1606
839
347
-103
-388
-295
-291
-477
-916
-1406
-2094
-2571
-2847
-3136
-3299
-2407
-897
-124
1022
2201
2457
2117
1619
1500
1529
1622
1750
1508
737
224
-613
-1055
-1151
-909
-522
-131
781
1630
2040
2162
2387
2257
2246
2377
2583
3231
3794
3797
3575
3308
2675
1996
1066
1211
1823
2743
2895
4197
6174
4417
-3889
-11102
-8206
-3380
-943
-156
-136
-571
-1140
-1878
-2509
-2769
-1861
-781
-3
-297
-906
-94
980
1256
2298
4242
5612
7304
7767
4658
4159
6816
5686
3571
2333
2887
2037
-1453
-4529
-9136
-10323
-9745
-8243
-6052
-5520
-5384
-3909
-1895
242
1585
-1101
-3200
-1447
-1190
-661
2667
6064
10111
14946
15726
12945
8770
4387
365
3364
4832
4823
11718
10402
4119
-6564
-16098
-18001
-15461
-12749
-10523
-8138
-5573
-3063
-1525
-351
-94
-1076
-3163
-3424
-2191
-1239
-1191
-664
311
-1265
-3547
-3123
-1965
-1223
-552
443
1724
2411
2433
2352
2125
973
156
951
2321
3440
3590
3689
4704
4223
2261
2975
4685
4260
5494
8299
12524
9134
1019
3052
7914
7888
3043
-2564
-8965
-12479
-12784
-11309
-8318
-4123
-448
3311
6282
7200
5632
3235
7
2671
7060
3308
-2997
349
8725
9593
15575
17453
17573
11799
1234
1083
-6847
-17040
-20306
-21022
-17376
-13260
-10419
-4845
1489
5114
7888
9528
7664
4667
2162
-869
-4225
-7404
-10359
-11644
-11074
-9786
-7676
-5064
-2854
-2926
-3800
-2977
-1292
-684
-583
-95
-422
-509
822
2161
2192
1419
1354
2390
4233
5695
5623
5403
6850
10580
11831
7931
2023
-3537
-6129
-7476
-6135
-1493
2098
2407
-28
-2179
-4150
-4074
-2190
-1357
-670
789
1587
1762
1803
661
-433
47
1089
2718
3328
1143
-1048
-2359
-614
3906
6595
8732
8164
115
-5895
-6671
-6230
-3910
-2263
-1002
513
699
-134
-1185
-1639
-1181
-238
60
-916
-1153
-934
-823
389
1186
1377
1396
927
-201
-1351
-2830
-4691
-6112
-6696
-5564
-3834
-2349
-1678
-1082
-432
103
903
2082
3069
3094
2437
1410
367
-232
-615
-833
-923
-936
-862
-485
-64
21
5
-46
177
618
1341
2074
2376
1959
1622
1257
953
914
1018
1658
2438
2834
3109
3090
2192
1771
2847
4006
5872
10734
13162
8536
994
-4671
-9102
-11712
-12201
-10373
-7150
-4294
-2656
-650
2233
3886
3443
1787
593
1181
1827
2794
4903
4031
-500
-3564
-2986
-89
77
-2177
-2393
-1332
226
1774
2413
2746
3171
2492
756
-806
-1067
-699
-63
367
-628
-2139
-1905
-867
-1844
-3948
-4252
-1416
436
-1255
-3528
-4351
-3986
-3182
-1434
1221
2934
3976
5293
6853
8118
8344
8352
7734
4919
686
-794
2490
2496
-795
-171
1076
170
-2784
-5614
-6051
-5367
-4040
-3253
-2972
-2677
-2330
-2209
-2367
-2737
-3262
-3304
137
5702
8856
9491
8476
5351
765
-1335
177
1848
3106
2287
-1092
-643
816
-514
-2907
-3684
-2264
-1942
-2634
-712
3479
9166
12738
9632
3613
-2534
-4422
-3187
-1093
-140
-1571
-3088
-4179
-4676
-3905
-2611
-1294
-533
-1594
-3522
-4773
-4999
-4455
-3089
-1830
-571
932
2526
2896
1713
427
-72
-104
336
1027
830
378
877
2060
3401
4786
4822
3013
78
-3067
-4878
-4520
-2511
29
2847
4963
6197
6744
5184
1335
-1819
-2424
-1659
-646
799
2917
4286
3963
2621
238
-1100
-161
3277
9025
14880
15814
13908
13972
10043
1515
-3266
-2627
-1920
-4561
-8843
-10249
-6391
-1299
4407
8316
5876
151
-7886
-8675
-2436
2978
5763
3867
-283
-3817
-5989
-6482
-4424
-413
1552
2033
1705
-1028
-2912
-4122
-5910
-7326
-8001
-8210
-7591
-5502
-3776
-921
2657
2208
-157
-1916
-2194
-1837
-1196
-279
675
891
48
-1106
-1471
-972
-785
-635
551
2853
4224
3471
3770
4046
2322
899
-540
-2542
-4371
-4794
-4445
-4206
-4327
-4324
-4319
-3858
-2384
-376
1134
3015
4652
7118
9744
7330
3705
474
717
2689
4399
5705
5124
3513
973
-2218
-4594
-5502
-4879
-2999
-1906
-1272
-2608
-6218
-7768
-6361
-3564
-1176
1210
5081
12441
18299
16507
11434
3251
-5708
-12806
-16061
-14183
-11238
-8284
-4855
-1652
362
1626
3476
4251
531
-1369
554
755
73
-786
-1995
-1989
-756
822
2287
2371
1327
1292
1600
563
-1340
-3369
-4534
-4823
-4306
-3207
-2066
-950
196
2109
4805
8380
10604
9037
5611
1580
-3001
-6355
-6278
-4678
-4135
-3523
-1410
457
-223
-2128
-3534
-3537
-1271
1061
1297
-870
-2696
-1965
695
4146
7080
7782
5646
2186
-246
-219
2266
5092
6398
5676
3591
2376
2458
2408
-1390
-6936
-10732
-10918
-7480
-3997
-1702
-310
1901
4567
4902
3994
4448
7634
10344
9106
473
-11144
-15161
-12019
-7646
-3252
572
2375
1853
3539
6064
6963
8150
5036
1193
-817
1273
3289
1979
1834
1483
1943
3917
3825
488
-4505
-8379
-11077
-12500
-11368
-8204
-4551
-1151
1559
3700
4936
4730
3562
2239
1274
917
292
-664
-1312
-1846
-2144
-2705
-2276
-2116
-1604
-50
7445
18893
27814
24995
5220
-10394
-15667
-15645
-14078
-12420
-10590
-8436
-4397
1326
5766
8409
10530
11065
7061
2145
2464
4534
4049
-1
-6901
-13428
-15222
-12815
-9167
-6348
-4519
-3370
-3221
-2570
-22
4207
7728
6984
4016
828
-2512
-4559
-4954
-4244
-3294
-2380
-1495
-721
108
923
1393
1465
1257
700
-906
-2894
-3651
-2061
132
1156
2178
3248
3981
4216
3955
2785
1285
21
-1044
-1038
-752
-997
-1716
-2447
-2695
-2448
-1797
-416
2985
7513
10683
10414
7312
2965
-821
-3147
-4998
-5668
-5037
-3502
-1748
4
2915
8037
12535
13313
9002
1617
-3070
-7459
-5630
3744
6615
1704
-4825
-8061
-7873
-7245
-4395
-310
3113
3706
2307
2023
108
-2701
-2597
3721
10969
12779
8983
4395
4030
5584
798
-6252
-8643
-8803
-9037
-9689
-8976
-7117
-5120
-3767
-3173
-2627
-1453
-306
495
1074
1812
2837
3355
2467
732
-557
-1228
-879
952
4365
7858
9183
7763
4619
1836
-1218
-4927
-6794
-6498
-4823
-1824
2614
6290
7886
9109
7792
3084
-1154
-3796
-5791
-7357
-8311
-7212
-3638
464
3772
5035
3808
1646
-534
-2808
-4684
-5049
-4072
-2721
-839
1547
3475
4312
3939
2438
-1004
-5241
-7731
-8480
-7328
-5078
-2863
-602
2151
6006
9638
10918
8819
7417
5792
1217
-2255
-4016
-5155
-5405
-4278
-2583
-1051
-113
-439
-1003
-1196
-1298
-486
498
1019
1039
335
-968
-2407
-3528
-4161
-3839
-2518
-672
987
2008
2388
2416
2414
2281
1663
512
-1091
-2686
-3801
-4322
-4206
-3532
-2671
-1937
-1310
-777
-243
257
619
908
1182
1059
217
-1000
-1832
-1663
-885
68
787
1061
813
450
282
297
261
1
-342
-663
-974
-1223
-1386
-1338
-1093
-806
-402
21
371
681
970
1246
1493
1625
1656
1605
1564
1361
1009
497
-284
-1138
-2122
-3021
-3548
-3605
-3102
-2205
-1207
-185
864
1776
2637
3415
3954
4175
4173
3851
2830
1099
-472
-1457
-2173
-2737
-2935
-2715
-2244
-1742
-1418
-1279
-1182
-1090
-972
-882
-874
-829
-804
-750
-685
-618
-553
-542
-557
-602
-663
-695
-757
-721
-604
-412
-70
330
780
1168
1529
1824
2025
2114
2167
2241
2247
1880
649
-1126
-2712
-3556
-3544
-3080
-2469
-1806
-1258
-826
-506
-202
23
237
442
642
832
993
1109
1162
1189
1097
876
494
41
-69
100
-376
-1656
-2737
-2839
-1785
-86
1566
2779
3348
3220
2388
797
-1294
-2796
-3299
-2664
-365
3135
6091
6920
5121
2346
276
-944
-1509
-1850
-2304
-2851
-3224
-3249
-2932
-2553
-2064
-1266
-148
1045
2165
2644
2119
1129
335
-82
-178
58
563
1069
1279
1181
793
231
-499
-1171
-1471
-1464
-1306
-941
-348
14
-67
-424
-276
1036
3300
5914
7892
8248
6559
3145
-500
-2825
-3571
-3515
-3256
-2835
-2227
-1371
-394
538
1193
1531
1726
1755
1434
931
459
179
-18
-461
-1210
-2103
-2501
-2072
-1168
-289
244
194
-616
-1629
-2156
-2146
-1905
-1559
-784
388
1343
1989
2559
2600
2049
1470
947
-33
-1356
-2307
-2580
-2455
-2202
-1995
-1835
-1705
-1599
-1480
-1345
-1179
-1082
-996
-866
-579
-34
485
863
1049
1009
872
749
679
673
722
794
804
728
600
415
258
28
-318
-645
-991
-1320
-1555
-1656
-1584
-1424
-1201
-928
-605
-311
6
355
743
1119
1358
1369
1070
506
-202
-884
-1390
-1717
-1817
-1778
-1485
-1074
-665
-231
142
456
646
796
862
808
720
556
376
192
56
-79
-166
-259
-371
-616
-837
-1056
-1310
-1455
-1608
-1702
-1641
-1349
-975
-475
85
513
742
737
577
368
233
57
-65
-51
-98
-99
-78
1
86
229
368
440
494
499
554
652
751
854
951
1005
1050
1085
1136
1068
982
941
818
632
429
304
47
-312
-630
-739
-817
-952
-875
-790
-788
-688
-385
49
536
1039
1390
1615
1764
1918
1973
1929
1884
1962
2182
2388
2308
1868
1306
767
431
245
-185
-1027
-1887
-2337
-2297
-1934
-1309
-516
339
1020
1367
1339
955
637
622
781
859
660
225
-353
-872
-1267
-1493
-1392
-1011
-537
-87
318
672
983
1168
1229
1123
786
45
-881
-1760
-2499
-2932
-3128
-3067
-2857
-2495
-2187
-1902
-1691
-1516
-1356
-1303
-1212
-1100
-987
-805
-554
-332
-69
173
341
445
466
419
279
115
-77
-247
-355
-470
-516
-532
-528
-489
-489
-383
-284
-218
-114
-3
75
137
223
219
177
140
88
48
-20
-49
-2
-35
-138
-191
-232
-234
-275
-239
-214
-144
-88
5
128
206
315
326
383
369
354
347
269
166
85
-53
-163
-262
-359
-486
-563
-608
-666
-601
-541
-400
-279
-144
26
211
342
382
437
402
286
131
6
-108
-183
-259
-309
-319
-338
-397
-427
-397
-393
-344
-282
-204
-112
-48
-26
4
62
107
192
294
368
467
582
636
655
650
649
651
604
552
466
360
245
112
13
-94
-225
-366
-467
-556
-624
-642
-717
-693
-620
-589
-518
-448
-361
-295
-239
-148
-75
9
108
148
217
268
245
236
228
180
192
145
111
132
104
21
-20
-73
-111
-110
-153
-170
-177
-238
-265
-208
-226
-249
-284
-314
-306
-319
-301
-308
-250
-157
-80
88
220
354
461
563
632
668
669
620
561
539
474
373
360
345
346
292
212
138
50
-3
-41
-51
-64
4
56
113
167
242
310
319
391
407
408
378
391
353
304
330
314
303
360
401
425
433
449
480
452
409
284
181
66
-92
-265
-406
-513
-591
-622
-654
-688
-678
-693
-702
-739
-698
-660
-654
-649
-610
-496
-348
-127
52
316
492
626
721
795
821
748
674
543
405
287
237
137
28
30
57
60
114
202
228
303
393
472
534
613
652
610
483
392
253
53
-107
-200
-215
-222
-180
-210
-238
-233
-235
-215
-131
-63
15
130
257
288
301
377
378
369
351
345
324
268
166
40
-144
-334
-600
-836
-1025
-1128
-1186
-1220
-1184
-1149
-1126
-1068
-1021
-945
-743
-617
-481
-410
-313
-215
-192
-157
-103
-97
-158
-150
-167
-129
-25
34
174
289
400
553
676
658
553
387
250
99
-136
-301
-432
-549
-664
-725
-751
-755
-715
-602
-513
-419
-381
-318
-189
-148
-108
-38
34
91
138
240
381
549
719
902
1069
1250
1404
1496
1553
1575
1564
1522
1425
1335
1167
985
855
677
538
404
189
-77
-303
-590
-864
-1121
-1328
-1438
-1498
-1442
-1352
-1217
-1007
-844
-633
-407
-207
-56
56
170
221
201
190
134
7
-79
-152
-266
-324
-352
-391
-452
-445
-461
-537
-541
-590
-584
-581
-547
-528
-407
-311
-215
-87
2
90
143
202
261
327
374
416
433
456
444
486
529
603
668
728
843
963
1079
1214
1409
1467
1509
1565
1596
1556
1490
1378
1256
1084
843
651
383
154
-100
-345
-498
-630
-698
-705
-689
-650
-630
-601
-591
-557
-546
-574
-639
-710
-744
-821
-889
-906
-918
-963
-996
-1016
-1071
-1097
-1107
-1072
-957
-837
-698
-568
-455
-316
-228
-129
11
119
178
250
278
336
358
365
360
326
270
226
227
176
120
117
141
105
61
55
76
89
86
61
47
49
78
76
35
-36
-158
-275
-378
-480
-599
-680
-743
-783
-769
-704
-625
-510
-403
-286
-150
-65
10
113
166
174
245
233
201
223
149
98
23
-63
-141
-161
-218
-276
-278
-333
-360
-363
-398
-421
-382
-377
-360
-308
-288
-247
-181
-101
-72
-14
49
98
146
169
158
149
183
199
173
203
177
125
89
70
58
69
52
23
32
8
24
11
16
48
56
-4
50
86
14
-28
-36
-77
-132
-159
-174
-190
-207
-233
-267
-276
-319
-340
-361
-333
-312
-335
-311
-314
-276
-292
-311
-278
-243
-180
-195
-203
-139
-118
-109
-82
-82
-58
-47
-5
29
76
74
63
63
95
93
116
163
125
127
134
124
162
192
150
170
121
158
181
134
127
139
134
136
140
107
87
32
4
-28
-66
-119
-133
-169
-201
-207
-227
-248
-234
-254
-260
-238
-227
-159
-114
-87
-82
-81
-50
-31
-26
13
-14
-1
50
131
159
187
219
268
296
316
327
305
312
283
237
148
90
60
31
-40
-86
-144
-149
-203
-240
-250
-232
-282
-268
-222
-217
-211
-237
-211
-168
-142
-125
-97
-82
-65
-37
-3
-33
-99
-195
-208
-241
-267
-288
-341
-366
-413
-442
-471
-445
-441
-446
-379
-361
-351
-330
-295
-278
-254
-173
-144
-57
6
36
109
143
169
171
167
190
166
170
210
193
171
182
174
247
271
275
299
324
352
344
326
351
387
394
368
372
416
410
412
432
441
433
401
391
441
403
380
321
190
48
-84
-234
-314
-391
-448
-450
-423
-401
-390
-347
-349
-380
-415
-446
-433
-422
-361
-379
-328
-259
-260
-226
-219
-131
-99
-78
-28
-1
71
143
150
184
236
231
239
250
246
283
281
261
237
257
247
185
139
130
110
136
97
90
67
37
10
-50
-58
-82
-119
-149
-118
-74
-68
-53
-48
1
73
80
103
116
100
91
86
59
59
35
-12
-93
-142
-168
-261
-348
-419
-510
-616
-616
-677
-679
-684
-658
-604
-591
-538
-509
-465
-472
-462
-407
-423
-401
-380
-372
-329
-323
-269
-213
-186
-136
-42
65
120
136
218
321
414
437
463
454
499
498
541
550
501
437
374
358
308
252
153
62
-7
-35
-108
-168
-185
-229
-270
-210
-217
-257
-211
-197
-215
-155
-167
-164
-130
-84
-111
-92
-51
-27
-13
-17
42
33
2
-14
17
41
75
66
49
67
-5
35
6
-16
31
35
93
121
191
262
309
333
392
485
502
551
593
628
693
794
832
849
874
876
852
845
815
675
546
452
293
119
-82
-238
-403
-584
-703
-802
-849
-882
-908
-910
-879
-908
-912
-890
-893
-920
-897
-874
-842
-783
-737
-668
-627
-518
-434
-337
-244
-194
-108
-39
19
76
174
161
183
246
267
295
318
374
373
406
437
446
459
469
423
422
431
382
351
310
282
231
191
131
103
64
6
-35
-102
-156
-221
-308
-344
-383
-484
-546
-570
-598
-640
-660
-669
-684
-664
-625
-570
-513
-415
-409
-395
-301
-286
-239
-197
-154
-96
-67
-65
-31
-5
16
50
65
54
94
106
85
54
55
68
48
78
67
99
51
41
82
75
119
145
211
243
282
371
369
415
414
459
497
505
483
506
481
400
354
274
189
111
27
-41
-99
-139
-196
-237
-308
-377
-403
-434
-406
-447
-476
-498
-504
-509
-495
-488
-510
-439
-437
-416
-422
-398
-362
-367
-355
-358
-274
-295
-304
-270
-268
-229
-221
-212
-195
-140
-107
-177
-165
-133
-116
-109
-114
-79
-55
-20
-1
4
-14
67
53
28
69
29
56
113
75
64
117
170
170
150
143
168
225
214
240
232
211
225
210
203
213
227
194
179
176
167
137
110
71
-10
-46
-89
-179
-214
-307
-383
-405
-475
-480
-544
-593
-597
-632
-599
-585
-539
-512
-521
-493
-476
-437
-376
-349
-274
-223
-202
-195
-118
-88
-66
-67
-46
-2
-22
-3
-5
48
48
82
66
44
92
99
96
71
97
64
27
-11
-20
-8
-85
-130
-173
-142
-209
-216
-212
-232
-203
-196
-191
-208
-193
-267
-255
-232
-229
-198
-194
-218
-174
-173
-180
-131
-153
-119
-109
-75
-90
-113
-65
-77
-37
25
38
61
62
62
70
35
73
95
124
134
242
328
327
363
394
387
426
456
488
518
511
514
489
458
394
331
254
217
158
106
58
0
-72
-67
-97
-132
-157
-220
-241
-230
-235
-218
-161
-168
-215
-198
-200
-218
-245
-285
-323
-333
-349
-390
-428
-456
-479
-440
-437
-431
-440
-482
-456
-425
-396
-380
-387
-368
-365
-395
-378
-372
-373
-348
-280
-283
-268
-286
-300
-278
-248
-210
-155
-134
-127
-122
-134
-109
-100
-107
-94
-76
-72
-50
-88
-114
-115
-87
-103
-124
-140
-150
-124
-93
-117
-174
-170
-222
-216
-175
-144
-133
-125
-77
-83
-135
-124
-118
-75
-68
-52
-50
-55
4
-34
-32
-44
-37
-39
-25
-54
-69
-85
-90
-88
-107
-120
-132
-167
-240
-279
-308
-367
-340
-367
-368
-361
-400
-364
-390
-391
-330
-300
-315
-259
-247
-269
-287
-284
-243
-249
-217
-206
-246
-260
-284
-273
-262
-270
-253
-250
-254
-245
-235
-198
-223
-193
-194
-191
-173
-186
-176
-192
-147
-164
-150
-115
-164
-171
-117
-117
-168
-145
-148
-166
-159
-170
-152
-185
-185
-196
-154
-187
-215
-187
-162
-120
-170
-142
-140
-128
-130
-149
-95
-111
-171
-145
-124
-133
-107
-79
-90
-109
-109
-97
-120
-102
-94
-104
-89
-83
-82
-81
-70
-127
-161
-169
-162
-137
-115
-121
-133
-151
-151
-197
-193
-209
-243
-242
-227
-240
-265
-281
-271
-240
-266
-282
-266
-264
-288
-299
-313
-300
-266
-266
-236
-263
-277
-268
-238
-218
-194
-146
-144
-163
-192
-161
-175
-192
-186
-192
-186
-197
-177
-148
-133
-154
-141
-145
-71
-73
-87
-114
-101
-97
-132
-114
-156
-123
-138
-130
-122
-119
-129
-127
-113
-132
-141
-132
-104
-136
-106
-113
-92
-78
-89
-115
-155
-112
-142
-145
-138
-152
-133
-125
-115
-172
-176
-127
-129
-145
-122
-90
-86
-102
-136
-108
-92
-127
-121
-79
-96
-87
-92
-124
-133
-105
-83
-117
-75
-75
-93
-107
-117
-109
-92
-111
-138
-130
-84
-118
-124
-127
-152
-154
-158
-187
-195
-149
-101
-124
-156
-144
-177
-200
-180
-186
-148
-152
-163
-158
-185
-213
-256
-206
-179
-184
-182
-148
-189
-211
-206
-210
-170
-214
-193
-163
-204
-164
-176
-189
-180
-161
-206
-206
-175
-154
-158
-169
-148
-115
-138
-144
-138
-170
-172
-194
-197
-179
-193
-205
-180
-140
-142
-131
-190
-215
-235
-226
-168
-190
-198
-219
-190
-184
-204
-164
-133
-145
-140
-117
-129
-175
-151
-159
-123
-103
-79
-108
-121
-96
-82
-79
-67
-41
-49
-64
-97
-84
-88
-102
-79
-39
-32
-48
-34
-29
-58
-83
-90
-109
-126
-101
-79
-104
-90
-87
-82
-77
-118
-115
-101
-75
-117
-123
-125
-168
-187
-152
-168
-165
-175
-163
-216
-135
-125
-157
-162
-159
-128
-157
-127
-153
-171
-219
-181
-177
-202
-233
-207
-126
-121
-161
-164
-194
-201
-180
-164
-173
-148
-117
-140
-89
-81
-110
-113
-112
-109
-98
-148
-135
-84
-103
-114
-118
-99
-113
-119
-90
-87
-104
-112
-122
-123
-151
-121
-115
-95
-95
-113
-79
-106
-102
-89
-67
-27
-5
23
7
-62
-34
-20
-36
-20
-40
-33
-37
-102
-72
-44
-65
-53
-48
-15
-36
-33
-47
-41
-74
-91
-41
-58
-34
-26
-79
-113
-93
-52
-77
-95
-69
-71
-58
-41
-75
-63
-96
-95
-139
-138
-85
-92
-125
-122
-119
-127
-103
-108
-128
-141
-145
-177
-172
-148
-155
-126
-154
-173
-149
-142
-157
-171
-195
-163
-158
-161
-180
-142
-162
-176
-130
-175
-209
-198
-160
-203
-157
-160
-184
-175
-129
-169
-187
-194
-185
-164
-201
-179
-170
