61
-7
37
93
116
96
84
63
101
105
61
35
29
62
102
110
81
68
53
121
102
70
21
42
67
74
56
43
74
21
106
109
74
76
103
94
-4
34
92
40
52
54
57
77
105
132
67
110
101
63
105
138
91
108
66
40
41
17
119
138
120
86
74
111
81
135
115
57
86
98
50
100
84
92
95
52
8
58
76
111
130
108
142
71
71
74
102
100
81
135
101
48
46
38
68
113
87
25
26
22
53
74
95
101
62
38
53
88
111
75
34
79
63
83
98
102
151
107
130
134
79
69
85
100
78
104
118
97
114
70
40
68
87
94
87
101
95
96
110
87
82
29
14
99
126
117
114
62
78
131
65
79
104
111
126
102
116
89
86
162
158
95
38
97
109
73
62
40
8
65
91
70
77
44
27
6
76
82
84
90
142
90
65
88
60
61
29
50
99
77
80
46
59
82
99
136
56
13
50
63
112
165
160
136
129
116
110
129
76
43
9
70
104
46
86
36
84
100
79
57
81
73
77
107
101
128
160
166
139
114
52
104
146
123
148
45
18
88
67
50
48
48
33
79
78
57
84
113
75
96
118
73
106
90
79
99
76
48
62
58
91
110
75
103
150
164
101
151
121
64
62
125
135
153
116
66
79
109
142
58
83
73
58
81
73
106
90
68
39
-16
61
110
99
65
102
114
80
97
122
99
28
82
107
137
25
63
94
98
124
151
132
74
121
96
35
40
57
72
69
22
92
114
119
59
96
106
115
52
24
84
104
153
84
41
45
69
65
71
103
143
70
70
99
131
136
90
187
132
49
30
6
-22
5
37
28
68
22
46
96
88
54
76
68
76
68
42
-18
-19
82
90
53
93
86
86
78
63
58
81
84
95
135
91
68
99
109
118
75
131
158
142
130
142
109
95
102
63
61
-3
0
60
63
22
53
7
36
31
59
107
94
101
97
69
34
20
20
51
38
91
127
100
127
106
88
126
76
74
114
47
63
70
55
107
89
126
117
106
94
105
99
109
118
118
133
194
175
122
79
60
117
140
101
70
43
74
105
126
96
46
95
16
-7
45
34
34
-34
-56
-5
58
107
131
86
75
96
82
22
59
135
108
175
88
9
65
8
14
-25
-32
49
76
76
76
54
21
38
102
72
61
90
22
88
121
54
56
61
21
33
21
-1
24
32
-4
64
67
71
26
-1
85
16
6
-15
26
63
28
28
26
47
24
57
40
122
104
113
39
-46
-1
7
15
49
138
85
77
98
70
1
-31
49
-6
2
70
59
92
94
40
-9
15
39
61
48
75
57
29
6
8
53
73
93
96
48
-13
10
18
23
11
-25
-47
-26
-13
34
97
16
43
84
-3
16
51
36
83
96
56
24
-4
46
24
-15
29
69
73
108
135
73
62
45
58
54
108
127
107
99
67
49
75
76
54
47
-13
11
50
37
65
114
146
74
16
58
104
103
19
79
43
15
76
37
0
74
69
29
20
-32
8
5
10
-10
18
109
43
15
8
95
20
56
100
70
87
17
27
-37
55
8
-1
43
6
10
63
42
9
45
51
66
61
15
-2
12
102
78
77
104
43
52
103
105
75
75
23
53
41
1
6
25
50
17
48
65
47
16
35
63
-5
-14
19
41
49
60
65
162
110
98
74
12
20
14
48
64
55
57
13
42
130
77
73
55
55
19
91
88
3
40
-5
42
81
34
84
95
62
68
53
91
54
44
7
-1
18
42
46
30
71
46
59
25
86
104
92
103
56
96
46
69
94
76
138
114
76
76
136
127
90
68
32
4
-8
44
119
141
98
110
96
65
70
102
56
43
70
108
95
116
83
41
50
84
98
147
118
125
117
75
112
78
122
41
63
105
104
87
50
37
40
-5
-14
48
60
88
0
6
69
66
73
101
95
75
66
33
25
56
115
117
37
52
54
72
40
34
38
35
56
47
86
82
111
116
62
29
26
18
50
41
23
64
37
24
57
49
82
31
69
97
79
57
14
8
24
61
88
44
29
60
79
104
118
126
143
108
56
73
90
58
43
20
35
79
56
81
54
56
87
51
87
68
4
-37
0
49
16
40
20
32
-30
-31
-2
21
54
-29
7
39
16
66
50
63
85
71
52
45
81
71
49
13
37
50
29
22
79
108
67
25
66
76
60
90
44
61
85
63
101
74
1
-56
-24
15
13
26
-20
5
54
90
99
-10
-4
0
26
36
21
-10
-6
-19
-12
37
57
18
11
46
16
30
47
31
9
17
24
0
15
17
33
3
25
67
18
45
88
81
89
30
60
112
49
43
42
88
68
70
96
53
38
61
91
38
41
76
103
112
62
66
111
96
55
74
97
109
100
119
125
99
105
127
98
75
67
97
124
117
98
73
73
48
77
96
92
89
69
71
85
44
76
63
36
120
124
95
78
104
123
152
87
18
30
82
5
-15
-41
-84
33
2
10
70
42
43
32
34
20
-21
-18
-10
-20
29
31
58
48
35
103
27
2
65
46
38
74
53
49
-4
64
20
39
85
11
34
54
86
18
-22
-1
16
13
63
120
43
42
22
-9
17
-2
-5
-21
10
29
20
17
-5
24
41
29
72
35
42
92
70
64
67
143
99
108
109
93
108
147
231
234
232
200
253
281
262
270
253
276
284
282
270
329
311
291
256
183
187
186
184
211
245
288
235
167
174
164
169
163
183
157
137
121
98
93
110
68
-5
-59
-7
7
8
19
0
30
15
-21
-53
-83
-109
-66
-49
-93
-91
-57
30
-18
-29
-25
-41
-49
-67
-50
-69
-59
-98
-149
-122
-96
-108
-120
-115
-128
-128
-110
-91
-77
-132
-114
-121
-187
-177
-209
-201
-153
-128
-43
-15
-26
-94
-162
-236
-223
-210
-187
-179
-245
-206
-233
-228
-253
-285
-286
-257
-145
-52
230
539
668
424
42
-122
-88
191
616
780
509
271
473
686
498
258
225
89
124
536
934
708
212
194
327
246
0
6
81
4
144
418
345
16
-174
-43
-18
-177
-118
-57
-39
-3
195
311
173
9
36
146
64
-74
-53
93
182
205
322
287
75
-40
33
57
-28
-6
71
136
158
240
313
142
-48
-57
-51
-67
-108
-12
61
36
-18
-41
-98
-207
-155
-110
-97
-86
-84
-41
-47
-114
-129
-203
-241
-278
-266
-251
-290
-245
-203
-151
-69
-141
-215
-339
-463
-443
-362
-347
-424
-431
-465
-474
-467
-560
-689
-766
-729
-682
-454
74
676
772
206
-226
-457
-315
100
702
745
206
189
824
1138
768
480
170
-51
146
885
1349
902
375
521
749
512
207
114
-52
-133
184
608
493
17
-66
153
49
-201
-285
-164
-141
-38
218
155
-203
-392
-273
-99
-167
-361
-503
-406
-221
-20
44
-44
-324
-468
-297
-196
-247
-332
-256
-91
147
378
487
386
-3
-289
-185
19
132
251
206
103
108
177
222
139
45
33
103
240
383
467
374
237
116
123
77
24
0
-1
41
73
156
122
41
-46
-44
-93
-198
-220
-184
-209
-243
-256
-296
-388
-410
-415
-398
-464
-553
-523
-542
-524
-453
-437
-558
-601
-623
-684
-725
-754
-817
-839
-816
-826
-808
-751
-700
-346
355
846
648
-33
-497
-594
-215
542
1028
594
-25
244
993
1127
610
227
-9
-55
518
1359
1460
713
315
661
765
487
195
159
-22
-13
582
879
516
-38
49
235
77
-255
-283
-109
-84
114
339
184
-302
-453
-208
-99
-327
-519
-503
-416
-212
40
129
-113
-507
-486
-286
-196
-283
-354
-218
3
244
469
525
273
-95
-166
-62
6
181
260
272
212
188
247
316
224
32
11
179
402
473
482
428
311
157
65
104
93
55
88
56
29
27
25
-10
-48
-118
-141
-118
-249
-321
-328
-346
-406
-439
-517
-529
-537
-525
-535
-637
-630
-637
-586
-602
-632
-644
-729
-722
-711
-774
-894
-999
-1017
-932
-915
-573
231
1016
1068
295
-332
-670
-454
199
1004
953
102
146
954
1313
882
385
64
-167
130
1092
1686
1160
468
647
944
658
175
99
24
-58
278
769
786
263
50
370
325
-189
-455
-340
-150
-47
208
346
-58
-421
-311
-75
-186
-521
-704
-564
-283
-26
97
-41
-335
-506
-403
-211
-294
-532
-564
-351
-22
295
597
647
358
-6
-214
-123
-79
28
183
373
474
352
395
323
155
-36
14
224
337
451
600
626
463
299
198
101
36
-4
26
101
66
52
119
94
-43
-192
-266
-310
-343
-307
-293
-322
-393
-505
-486
-534
-606
-607
-657
-656
-699
-711
-572
-587
-619
-675
-738
-762
-915
-979
-941
-1032
-1130
-1052
-798
43
1051
1472
697
-340
-908
-839
-153
841
1185
344
-6
707
1567
1298
540
74
-354
-258
679
1656
1630
737
534
960
971
394
-13
-25
-243
-105
569
1060
621
74
218
436
118
-381
-481
-266
-135
32
229
152
-226
-441
-80
44
-368
-767
-740
-412
-186
-18
86
-46
-367
-477
-245
-139
-427
-663
-529
-305
-95
101
325
438
315
345
414
197
-180
-452
-138
208
434
495
499
430
361
328
268
184
24
188
521
822
840
626
448
274
102
77
39
-96
-89
47
214
235
87
-186
-294
-316
-358
-398
-457
-468
-498
-510
-462
-585
-752
-787
-768
-754
-816
-838
-878
-871
-893
-834
-862
-1002
-1126
-1179
-1196
-1250
-1303
-1250
-518
785
1741
1318
154
-828
-1136
-551
550
1344
687
-143
278
1501
1913
1012
209
-291
-559
27
1294
1944
1052
381
835
1214
869
156
-52
-270
-482
-4
820
992
286
16
420
512
-111
-613
-482
-297
-237
-64
225
79
-394
-322
29
-1
-655
-1001
-737
-392
-234
-130
-66
-315
-671
-570
-104
-122
-575
-852
-613
-252
-108
29
258
328
375
490
715
412
-294
-512
-237
192
308
522
585
372
194
268
409
201
-27
136
563
765
713
655
520
267
46
42
74
-103
-259
-208
-12
-6
-316
-502
-536
-604
-653
-575
-537
-651
-781
-836
-774
-957
-1213
-1235
-1123
-1064
-1083
-1060
-982
-1087
-1208
-1177
-1248
-1344
-1732
-1906
-1530
-658
968
2378
2745
1831
657
-515
-1587
-1454
-100
909
115
-573
674
2127
1900
828
322
-245
-1285
-1116
629
1666
813
215
1263
2152
1520
742
916
655
-422
-564
544
1094
242
-125
625
933
117
-527
-236
-229
-1012
-1326
-863
-772
-1340
-1289
-393
149
-456
-994
-600
-335
-698
-897
-496
-291
-572
-446
427
878
404
-199
-118
306
402
819
1458
1696
1079
599
533
236
-702
-996
168
1026
115
-924
-397
184
-239
-426
593
1569
1386
986
1258
1179
311
-136
254
345
198
581
1050
226
-1112
-1668
-1548
-1885
-2416
-1997
-1200
-1006
-1116
-726
-780
-1752
-2764
-3038
-2893
-3031
-2914
-2214
-1569
-1653
-1797
-2113
-2688
-3835
-4582
-5335
-5011
97
9431
15876
12711
6988
5300
4141
-3422
-9819
-5705
1786
2452
286
3004
4874
-1017
-6602
-4866
-2190
-4770
-5157
1626
7781
7775
5562
5079
3203
-110
-673
1065
1289
-36
397
2415
3047
2002
-494
-3685
-6580
-7311
-5745
-3432
-1220
328
1516
2020
1422
-133
-1641
-1875
-1003
403
2003
3091
3165
2594
2133
1143
-787
-2643
-3316
-2918
-1946
-724
205
-74
-719
-1113
-766
36
1469
3495
4525
4909
4390
3463
1279
-1065
-2174
-1755
-556
259
459
101
-396
-715
-816
-270
461
1166
1804
2402
2524
1469
-112
-1386
-1646
-1476
-1046
-661
-615
-988
-1417
-1797
-2258
-2633
-2511
-1927
-1015
-479
-586
-1123
-1950
-2773
-3589
-3735
-3668
-3409
-3230
-2355
-1951
-2276
-3388
-4144
-5181
-5754
-6581
-3220
8301
20744
22481
12186
6170
4434
-892
-10462
-10400
-1426
3436
2215
1493
2175
-1551
-8032
-9582
-5634
-1464
-354
2305
8537
12263
9817
3835
520
-981
-1296
89
2565
3780
2483
976
-93
-1419
-4093
-7969
-10196
-8991
-4629
-328
2524
3725
3433
1973
-232
-1656
-1802
-630
1286
3521
5372
5324
2997
91
-1929
-3140
-4522
-4756
-3792
-1561
87
1297
1010
-9
-1713
-2650
-2295
-386
3265
6628
8829
8527
7525
4078
-162
-4124
-5757
-5073
-2925
-208
1062
1260
324
-854
-1781
-1761
-749
429
2168
3923
4686
3716
1570
-659
-2411
-3012
-2946
-2460
-1781
-1145
-736
-803
-1192
-2071
-2894
-3001
-2395
-1581
-1249
-1066
-1225
-1583
-2454
-3416
-4129
-4098
-3735
-3219
-2787
-2596
-2887
-3264
-4388
-5310
-7060
-2987
10416
23034
22788
11767
7235
4894
-2417
-11732
-10688
-2427
715
17
167
1903
-1429
-7250
-8085
-3901
-260
13
3283
9213
12217
9529
4625
1604
-334
-773
-236
813
1312
483
-544
-1346
-2035
-4500
-8125
-9832
-8166
-3888
204
2945
3934
4092
3319
1415
-150
-466
409
1365
2827
3839
3301
1290
-970
-2253
-3299
-4268
-4963
-4103
-2181
-309
980
1374
738
-293
-364
595
2654
4448
6995
8172
7256
4130
727
-2321
-5175
-5692
-4472
-2126
-463
689
665
166
46
-253
6
835
2334
3013
3211
3040
1730
-86
-1815
-2601
-2928
-2557
-2105
-1781
-1235
-917
-1113
-1771
-2167
-2414
-2413
-1799
-990
-799
-1311
-2045
-2635
-3160
-3663
-3837
-3851
-3406
-3061
-2644
-3058
-3565
-4709
-5487
-7261
-3316
10844
24373
24759
13368
8410
5477
-3047
-13399
-12866
-3513
115
-705
-731
2411
375
-6039
-8023
-3943
343
240
2837
8650
12366
10055
5634
3455
1597
-69
-2074
-2032
-780
-262
-614
-1542
-1767
-3989
-7236
-9160
-7842
-3943
-437
2344
4159
5475
5111
2936
1008
311
731
895
1384
1858
1765
752
-553
-1295
-2522
-4079
-5478
-4954
-2664
-303
1254
1741
1861
1290
1551
2921
5886
7822
7275
4975
2416
557
-2145
-3918
-4404
-3387
-2157
-1098
-410
-418
-121
70
720
1711
2918
3174
2951
2925
2245
889
-990
-2183
-2544
-2248
-1760
-1508
-1129
-984
-1322
-1768
-2010
-2120
-2226
-1717
-851
-100
-47
-1101
-2368
-3222
-3669
-4287
-4363
-3914
-3049
-2897
-2791
-3170
-3448
-4866
-5749
-7891
-4104
10553
25376
27084
16067
11088
6928
-3203
-15069
-14948
-5835
-2212
-2224
-1011
3266
1870
-4229
-6699
-3122
419
-246
1806
7344
11720
10656
7727
6162
3907
806
-2987
-3920
-2559
-1363
-1309
-2195
-1897
-3560
-6072
-7784
-6818
-3778
-1332
1219
3381
5750
6003
4211
2558
1965
1692
526
85
149
320
-37
-429
-828
-1922
-3683
-5134
-4606
-2550
-598
744
1385
1928
1818
2587
3844
5438
7184
7376
6305
3250
928
-2014
-4530
-5510
-4705
-3087
-1905
-390
41
533
773
1051
1370
2259
3207
3183
3286
2712
1443
-564
-2021
-2938
-3368
-2847
-2053
-1303
-855
-702
-974
-1550
-1947
-2346
-2216
-1354
-532
-218
-541
-1265
-2474
-3937
-4983
-5443
-5095
-4237
-3416
-2616
-2690
-2862
-4599
-6068
-8776
-2437
13714
27501
26267
15913
12338
5821
-6215
-17000
-14031
-6147
-4581
-4447
-1705
3516
1510
-3555
-4630
-638
1597
-131
1971
6820
10494
9676
8646
7759
4854
478
-4319
-5180
-3936
-2558
-2765
-3343
-2807
-3987
-5356
-6406
-5182
-3038
-956
1530
3651
5946
5849
4526
3229
2910
2379
524
-794
-1559
-1326
-1138
-948
-1216
-2433
-3800
-4546
-3405
-1658
-354
339
959
1865
2569
3027
4500
6900
8215
7063
4960
2874
-302
-3945
-6100
-6132
-4817
-2660
-872
82
792
1207
751
729
1858
2718
2999
3307
3371
2415
601
-1149
-2668
-3495
-3547
-3256
-2441
-1271
-468
-252
-263
-735
-1733
-2521
-2506
-1886
-969
-361
-602
-1604
-2766
-4196
-5186
-5436
-4802
-3942
-3050
-2919
-2875
-3727
-4928
-7765
-7676
4946
21980
29531
21207
14795
10975
690
-13085
-17628
-9983
-6283
-6423
-5033
906
3505
-567
-3123
-971
2712
1275
278
3148
7239
8776
8654
9329
7749
3828
-1671
-4873
-4910
-4023
-3964
-5211
-4888
-4151
-3879
-4233
-4184
-2814
-1544
132
1800
4322
5757
5005
3824
3421
3741
2113
-37
-1603
-1987
-1924
-2042
-2097
-2726
-3386
-3865
-2976
-1317
-284
27
318
1254
2249
3216
3280
4518
6303
7038
6198
5114
3638
-485
-4464
-6534
-6565
-5444
-3170
-1113
226
1768
2142
1586
1649
2561
2497
2268
2903
2895
1687
258
-871
-2328
-3187
-3652
-3792
-3021
-1691
-840
-422
14
-333
-1432
-2190
-2269
-1933
-1457
-926
-964
-1608
-2700
-4118
-4797
-4934
-4882
-4777
-3969
-3421
-3314
-4389
-5512
-8066
-2727
12790
27190
27499
18157
13760
6924
-5352
-16594
-15093
-8568
-7335
-7282
-3978
2524
2813
-932
-1765
1970
3778
761
431
3753
7444
8315
9163
9495
6972
1988
-3307
-4858
-4259
-4141
-5935
-7021
-5677
-4433
-3508
-3337
-2485
-1373
-261
1294
2824
4743
4722
3822
3466
3890
3596
1435
-596
-1928
-2232
-2555
-2866
-3248
-3652
-3595
-2902
-1322
-282
77
0
677
1999
3066
3451
3976
5225
6334
6366
5681
4041
779
-2926
-5538
-6224
-5459
-3474
-1642
-259
899
1567
1602
1594
2202
2529
2507
2538
2498
1886
927
-149
-1455
-2544
-3353
-3599
-3211
-2114
-1136
-709
-355
-310
-856
-1604
-1805
-1767
-1560
-1407
-1446
-1708
-2226
-3433
-4534
-5000
-4891
-4928
-4593
-4002
-3377
-3670
-4679
-6759
-7192
3660
20501
30422
24394
16734
11942
1862
-11944
-18378
-12333
-8333
-8631
-7637
-1488
3419
1332
-1020
917
4895
3454
276
974
4644
7200
8421
10225
9543
5665
-94
-3875
-4536
-4494
-6042
-8444
-8114
-5867
-3818
-2751
-2137
-1053
-223
1187
2572
4078
4681
3795
2956
3248
4166
3170
943
-1004
-1984
-2506
-3360
-3970
-4300
-3975
-3184
-1699
-165
428
282
392
1647
2754
3392
3067
3240
5137
7338
7722
5856
3559
-223
-4506
-7063
-6859
-5310
-3375
-1062
289
1359
2341
2419
1885
2339
2939
2395
2018
2050
1627
712
-16
-1193
-2617
-3521
-3769
-3357
-2116
-754
-234
-127
-311
-1064
-1713
-1538
-1294
-1450
-1620
-1686
-2017
-2401
-3136
-4016
-4591
-4748
-4987
-4654
-3798
-3047
-3862
-5248
-7014
-5665
6342
22447
30091
23591
16580
10905
-177
-13548
-18293
-12410
-9156
-9118
-7024
-484
3722
1533
5
2741
6124
3488
-287
498
4199
6802
8358
10144
9460
5401
-77
-3039
-3712
-4796
-7759
-10100
-8774
-5715
-3192
-1985
-1055
-13
887
2247
3275
3991
3687
2728
2361
3064
3884
2754
882
-625
-1310
-2434
-3928
-4928
-5057
-4185
-2895
-1132
227
689
714
1180
2347
2897
2925
2291
2816
5339
7425
7144
4890
3003
-902
-4954
-6771
-6002
-4662
-2909
-711
395
1827
2864
2682
2111
2668
2697
1552
1240
1606
1372
640
282
-890
-2177
-2863
-3253
-3058
-2024
-960
-710
-444
-386
-963
-1521
-1440
-1438
-1675
-1738
-1916
-2403
-3012
-3430
-3854
-4189
-4221
-4505
-4041
-3618
-3530
-4634
-5704
-7112
-4281
8712
24005
29709
22631
16235
9749
-2028
-14556
-17646
-12282
-10235
-10020
-6833
294
3936
2073
1541
4627
6898
3222
-703
60
3602
6275
8325
10287
9196
4920
120
-2329
-3379
-5514
-9039
-10989
-9047
-5674
-3030
-1736
-560
754
1981
3213
3682
3777
3023
2109
2050
3046
3639
2487
846
-453
-1273
-2652
-4392
-5504
-5437
-4145
-2648
-853
522
1065
1240
1857
2724
2902
2561
2036
3150
4844
6403
6835
6054
3385
-933
-4499
-6793
-7036
-5788
-3390
-1353
620
2691
3589
3628
3449
2953
1815
1271
1175
881
594
452
-17
-908
-1499
-2448
-3209
-3154
-2443
-1605
-724
-60
-260
-640
-725
-782
-1256
-1811
-2380
-2909
-2978
-2916
-3271
-3800
-4212
-4263
-4082
-3523
-3527
-3767
-5095
-6231
-7610
-1926
12889
26791
28714
20819
15447
7437
-5399
-16795
-16874
-11644
-10866
-10259
-5713
1794
3642
1673
2725
6502
7053
1878
-1129
651
4108
6451
8621
10057
8073
3798
-77
-1922
-3416
-6604
-10478
-11336
-8369
-4940
-2809
-1643
-72
1569
3199
4174
4019
3330
2148
1628
2009
3066
3287
2007
699
-187
-1202
-3079
-4946
-5841
-5324
-3850
-2237
-617
380
1069
1685
2597
3044
2865
2191
2082
3284
5334
7143
6903
4999
1497
-2374
-5794
-7432
-6794
-4707
-2435
-404
1685
3144
3816
3656
3098
2459
1833
1194
684
457
264
-46
-430
-929
-1797
-2616
-2982
-2635
-1876
-1072
-622
-625
-687
-731
-457
-621
-1198
-2060
-2561
-2891
-3332
-3803
-3864
-3774
-3942
-3687
-3381
-3327
-3950
-4500
-5886
-7459
-7414
2345
18420
29430
26665
19101
13939
3742
-10024
-18308
-15083
-11640
-12051
-9785
-2773
3797
3379
2186
4477
7723
5685
-149
-1779
1069
4627
6822
9199
9931
7283
3158
-61
-1773
-4460
-8851
-12149
-11223
-7183
-4016
-2609
-1375
825
2911
4204
4290
3534
2435
1368
1292
2189
3301
2980
1761
953
176
-1480
-4108
-5896
-6145
-5133
-3532
-1901
-276
914
1607
2185
2949
2984
2532
1811
2106
4181
6738
7546
6119
3868
236
-4191
-7164
-7394
-5983
-3969
-1655
354
2303
3999
4315
3460
2925
2530
1437
452
322
231
-68
-64
-412
-1285
-2281
-3081
-3183
-2457
-1544
-1221
-1151
-845
-572
-451
-360
-816
-1927
-2864
-3399
-3635
-3728
-3726
-3642
-3442
-3078
-3210
-3476
-4066
-4567
-6001
-6714
-7433
-1734
12505
26255
28559
20966
15494
7538
-4996
-16073
-16711
-12379
-11932
-10695
-5505
2351
4569
2723
3528
6700
6980
1168
-2350
-435
3682
6408
8204
9728
8273
4859
1265
-966
-3422
-7707
-11556
-11826
-8118
-4667
-3063
-2094
-84
2330
3855
4055
3150
2434
1658
1329
1810
2881
3189
2335
1584
796
-666
-3411
-5617
-6235
-5434
-4060
-2726
-1059
542
1677
2234
2706
2997
2573
2212
2243
3581
5063
5851
5938
4800
2447
-1604
-4610
-6197
-6247
-5317
-3685
-1464
807
3135
4163
4043
3470
2651
1566
753
629
298
-63
-129
-200
-724
-1558
-2518
-3160
-2909
-2286
-1842
-1417
-825
-465
-464
-488
-786
-1580
-2504
-3176
-3473
-3440
-3628
-3754
-3633
-3315
-3556
-4069
-4829
-4824
-5507
-6042
-7110
-2323
11515
25584
28864
21078
15587
8320
-3648
-15332
-17060
-12445
-11945
-11069
-6251
2104
4893
2522
2847
6189
7398
1345
-2850
-753
4020
7038
8294
9934
8882
5735
1632
-1045
-3461
-7848
-11932
-12402
-8080
-4430
-3108
-2335
-76
2673
3694
3612
2704
2473
2047
1772
2155
3048
3503
2656
2013
1006
-734
-3605
-5898
-6303
-5451
-4241
-3114
-1153
704
1917
2113
2366
2845
2769
2300
2514
4227
5666
6658
6842
5405
1509
-2716
-5592
-7276
-7022
-5393
-3261
-979
1968
4056
4477
4244
3576
2516
1594
1284
730
146
152
189
-105
-718
-1675
-2961
-3346
-2773
-2253
-1888
-1203
-565
-179
15
-243
-905
-1642
-2483
-3241
-3588
-3618
-3833
-3856
-3631
-3267
-3147
-3390
-4344
-4896
-6094
-6770
-7507
-994
13843
26993
28325
19986
14457
6500
-5293
-15952
-16443
-11957
-11594
-10046
-4840
3152
4900
2787
3723
6580
6214
-680
-3628
-390
5151
7946
8739
9862
8476
5584
1634
-1158
-4467
-8926
-12036
-11383
-7146
-4378
-3147
-2101
506
2823
3309
2739
1923
2258
2345
2313
2449
3326
3703
3071
2214
749
-1379
-4299
-6018
-6173
-5283
-4069
-2796
-854
810
1808
1803
2123
2650
2597
2149
2710
4715
6790
7891
7010
4320
195
-3335
-6036
-7154
-6579
-5081
-3039
-361
2685
4006
4038
3622
3133
2500
1756
1118
336
467
847
682
23
-926
-2234
-3326
-3221
-2724
-2484
-2146
-1346
-451
126
205
-492
-1218
-1766
-2309
-2971
-3298
-3520
-3791
-3661
-3444
-3258
-3337
-3565
-4311
-5184
-6337
-7004
-6236
3010
17780
28663
26238
17943
12013
3131
-7982
-16400
-14472
-11264
-10577
-7998
-2337
4231
3973
2713
3891
6348
3861
-2552
-3164
1297
7056
8953
9753
9845
7974
4882
815
-2234
-6221
-9787
-11532
-9542
-5833
-3850
-2651
-1359
1069
2280
2293
1518
1358
2333
2848
3138
3257
4153
4279
3369
1923
-79
-2473
-5066
-6114
-5909
-4596
-3318
-1974
-136
1051
1566
1494
1980
2383
2076
2040
3322
5840
7302
7872
7027
4323
87
-3623
-5845
-7295
-6957
-5251
-2458
490
3150
4022
3505
3379
3044
2163
1327
1251
1109
1110
1428
1002
-124
-1322
-2502
-3568
-3609
-3091
-2713
-1950
-761
96
325
233
-399
-1207
-2035
-2657
-3257
-3339
-3069
-3080
-3126
-3078
-3236
-3515
-4042
-4822
-5556
-6426
-6696
-5212
5340
19961
28985
24454
16269
10335
1022
-9675
-16303
-13128
-10353
-9279
-6311
-419
4895
3263
2184
3482
5660
2040
-3585
-2506
3034
8609
9727
10345
9536
7232
3813
-244
-3218
-7103
-9912
-10677
-7794
-4625
-3256
-2339
-1023
933
1218
1068
493
1163
2600
3418
3890
4050
4914
4528
3321
1325
-1042
-3231
-5193
-5620
-5250
-3791
-2534
-1252
73
780
1002
929
1545
1777
1622
1988
3815
6650
8219
8386
6854
3871
-448
-3992
-6054
-7298
-6748
-4570
-1462
1146
3119
3564
2883
2661
2485
1765
1133
1437
1770
2050
2110
1353
-236
-1789
-2886
-3847
-3898
-3231
-2408
-1509
-257
605
530
227
-504
-1414
-2247
-2846
-3371
-3420
-3155
-2903
-2764
-2672
-2785
-3306
-3994
-4702
-5218
-6315
-6439
-5420
4004
18296
28152
25085
16328
10300
1484
-8294
-15317
-12977
-9864
-8580
-5299
-372
4585
2782
1268
2216
4391
1983
-3444
-2530
2933
8904
10360
10593
9547
6927
3711
-221
-3112
-6717
-9112
-9517
-7046
-4023
-2988
-2291
-1406
70
32
-175
-136
702
2562
3827
4539
4605
5199
4674
3249
1205
-1274
-3169
-4740
-5066
-4634
-3331
-1981
-1078
-199
69
173
204
951
1367
1560
2450
4293
6542
8214
8935
7281
3515
-526
-3516
-6017
-7078
-6074
-3716
-1097
1324
2744
2629
2305
2050
1626
1418
1823
2099
2188
2720
2667
1528
-245
-1961
-3423
-4085
-3771
-3054
-2065
-1026
-138
280
474
148
-878
-1927
-2547
-2809
-2742
-2321
-2367
-2915
-3188
-3242
-3380
-3525
-3557
-4333
-4956
-6087
-6143
-6211
1679
15832
27223
26272
16705
10377
2310
-6294
-14098
-12913
-8829
-7633
-5029
-1427
4157
2950
418
588
2816
2043
-3364
-2932
2523
9294
11000
10372
9573
7225
4203
-122
-2940
-5951
-8099
-8545
-6435
-3354
-2711
-2556
-2296
-1211
-1304
-1578
-1096
292
2716
4069
4939
5119
5552
5035
3375
1399
-1034
-2787
-4252
-4445
-3922
-2879
-1781
-1301
-878
-951
-1050
-755
106
1010
1218
2153
4339
7176
8449
8119
7212
4625
878
-2843
-4970
-6362
-6052
-3944
-1462
684
1699
1831
1129
1184
1502
1288
1447
2568
3543
3457
3082
1745
-110
-1915
-3226
-4198
-4149
-3051
-1975
-965
-10
530
83
-540
-1212
-2084
-2534
-2618
-2390
-2014
-1947
-2708
-3468
-3452
-3365
-4168
-4500
-4525
-4253
-5427
-5676
-5658
950
14176
25607
25978
16174
9439
1985
-5279
-12222
-12040
-7835
-6303
-3408
-909
3262
1921
-1001
-1017
1190
1745
-2710
-2365
3176
10058
11921
10395
8831
6295
3576
-243
-2729
-4931
-6606
-6964
-5252
-2557
-2389
-3085
-3640
-2772
-2635
-2750
-1747
148
3115
4714
5483
5437
5553
4876
2973
1012
-831
-2084
-3218
-3340
-2765
-1904
-1311
-1460
-1704
-2120
-2276
-1803
-555
776
1486
2617
4570
7395
9423
9440
6748
2757
-520
-3259
-4830
-5118
-3805
-2077
-325
1122
1206
461
-299
-184
488
1718
2697
3110
3615
3931
3386
1501
-710
-2752
-3896
-3801
-2868
-1775
-886
-303
-164
-49
-295
-1146
-1970
-2202
-1969
-1766
-1570
-1539
-1998
-2888
-3565
-3751
-3688
-4096
-4323
-4502
-3837
-4522
-5111
-5963
-528
12731
24726
26129
15861
8685
2330
-4114
-10770
-11206
-6392
-4632
-2391
-507
3065
1845
-2221
-2823
-538
1162
-2493
-2367
3717
10846
12784
10153
8059
5594
3068
-357
-2453
-3400
-4446
-4989
-4080
-1725
-1844
-3582
-5035
-4736
-4064
-3702
-2099
303
3590
5272
5512
5164
4908
4348
2409
851
-287
-876
-1502
-1820
-1433
-1045
-883
-1850
-2810
-3362
-3285
-2651
-1105
512
1733
2826
4543
6623
7910
8129
6393
3708
532
-1526
-3027
-3611
-2960
-1843
-605
-101
111
-427
-854
-574
277
1572
2842
3836
3880
3607
2903
1384
-617
-2304
-3190
-3226
-2335
-1268
-566
-450
-621
-905
-1230
-1503
-1996
-2097
-1685
-1309
-1155
-1508
-1812
-2769
-3561
-3997
-3782
-3890
-4119
-4385
-3969
-4300
-4680
-5180
-1472
10251
22029
25137
15535
7761
2303
-3072
-8797
-10374
-5337
-2785
-816
-10
1997
1475
-2883
-4213
-2434
215
-1669
-1915
3620
10409
12766
9699
6617
4124
2111
-311
-1937
-2078
-2477
-2841
-2681
-1244
-1602
-3882
-6149
-6599
-5321
-4013
-1881
402
3168
5058
5123
4365
3395
2784
1494
640
396
465
334
-165
-275
-627
-1106
-2311
-3672
-4219
-3870
-2655
-1123
642
2232
3996
5795
6450
5936
4293
2206
113
-718
-379
114
256
283
18
-660
-1317
-1890
-2001
-1361
-99
1171
2283
3129
3295
2591
1487
243
-934
-1610
-1648
-1234
-681
-247
-292
-685
-1256
-1764
-1995
-1912
-1631
-1230
-796
-375
-585
-1299
-2278
-2976
-3667
-4329
-4564
-3990
-3436
-2987
-3047
-2925
-3457
-4657
-5643
-4598
5521
17978
24705
17654
8773
3787
-1227
-6545
-10163
-5878
-2156
-225
524
1409
1693
-2633
-5098
-3902
-619
-1013
-2325
2059
9042
12778
10029
6093
3199
1469
181
-933
-664
-742
-1077
-1749
-1021
-1097
-3591
-6388
-7970
-6734
-4532
-1737
595
2627
4365
4424
3470
2114
1523
1031
611
1141
1738
2123
1475
525
-320
-1249
-2400
-3947
-4354
-3709
-2298
-736
538
1738
2484
3747
4885
5346
4325
2292
751
-84
376
1104
1272
795
60
-732
-1614
-2047
-2014
-1388
-172
1296
2425
2682
2502
1887
941
-61
-877
-1496
-1333
-449
195
249
-216
-979
-1944
-2472
-2360
-1831
-1339
-792
-309
-23
-295
-1275
-2519
-3395
-3891
-4322
-4409
-3853
-2945
-2274
-2210
-2834
-3667
-5101
-5979
-6578
1618
14611
24112
19713
9183
3827
-278
-4389
-9182
-6245
-1050
1427
2063
1395
1451
-2776
-6516
-6220
-2554
-421
-1440
1546
7909
12455
10505
5208
1180
-555
-147
276
1322
1739
1346
208
-707
-1321
-3956
-6966
-9011
-7995
-4696
-868
1950
2766
3266
2743
1417
31
-473
225
1023
2415
3680
4122
3109
1022
-847
-2172
-3067
-3862
-3869
-2733
-965
394
1021
1424
1808
2184
2060
1795
1916
2200
2016
1777
2200
2441
1929
771
-643
-1802
-2111
-1478
-541
586
1485
1672
1387
1211
923
4
-727
-876
-426
197
769
879
408
-325
-1302
-2120
-2528
-2299
-1692
-971
-138
187
4
-467
-1430
-2499
-3408
-3600
-3495
-3175
-2889
-2588
-2178
-2454
-3300
-4283
-4923
-5686
-6214
-5403
3541
15759
23134
16492
6199
1248
-1463
-4606
-7511
-3192
2161
4371
3473
1297
-572
-5191
-8283
-6978
-2167
781
823
3349
8204
10912
7704
1984
-1897
-2268
200
2720
4774
4819
3528
848
-1721
-3499
-5902
-7612
-8314
-6230
-2279
1404
3145
2130
740
-768
-2077
-2401
-1182
1253
3237
4737
5302
4502
2392
-579
-2782
-3556
-2863
-1961
-846
155
897
741
-381
-1616
-1765
85
1744
2508
2811
3624
3291
1920
1090
732
403
-73
-195
-513
-292
513
880
909
831
545
-241
-405
229
608
543
338
141
-59
94
77
-600
-1286
-1701
-1948
-1878
-1248
-652
-352
-384
-626
-961
-1199
-1489
-2174
-2682
-2544
-2173
-2461
-2895
-3069
-3130
-3276
-3775
-4191
-4361
-4961
-5018
-5042
2735
13721
20545
14294
3592
-338
-1011
-1858
-4309
-1132
4240
5770
3642
-487
-2851
-6072
-8040
-6069
-1048
2838
2874
3442
5650
7107
4635
26
-2702
-1951
2032
5328
7119
6158
3304
-399
-3941
-5366
-5941
-5442
-4610
-3003
-340
1547
1693
-648
-2975
-3799
-3456
-2033
437
3314
5021
5162
3859
1939
-151
-1870
-2648
-1997
-30
1562
2062
1315
-135
-1637
-2884
-2775
-1298
621
1982
2689
3275
3317
1906
83
-936
-732
231
1139
1647
1522
1338
1018
511
-6
-415
-525
-254
533
1361
1456
908
135
-603
-1008
-1110
-954
-867
-809
-822
-1023
-1152
-1171
-1146
-1162
-1111
-1062
-1020
-900
-1098
-1528
-1979
-2109
-2171
-2290
-2701
-2957
-2930
-3083
-3341
-3750
-3831
-4439
-4832
-5177
1760
11850
17929
11795
1784
-1127
-502
-377
-2167
620
5436
6375
3144
-1772
-4127
-5892
-6712
-4800
74
4056
4108
3014
2883
3025
1351
-1093
-1886
-120
3860
6618
7328
5350
1862
-1785
-4892
-5413
-4336
-2296
-716
-218
140
-137
-1353
-3554
-4996
-4317
-2492
-199
2093
3908
4203
2646
494
-1084
-1433
-983
-26
1099
2400
2930
2082
227
-2131
-3411
-3166
-891
1693
2800
2565
1511
603
-300
-914
-1064
-556
610
1822
2307
1977
1335
426
-261
-337
155
814
1247
1591
1476
939
20
-770
-1082
-878
-446
-160
-37
-309
-863
-1579
-2029
-1942
-1526
-844
-374
-212
-614
-1319
-1842
-2115
-2203
-2059
-1475
-1132
-1390
-2281
-2535
-3121
-3531
-4390
-3938
-4037
-3708
-4972
-1499
7671
15310
12959
1634
-3164
-1305
1476
553
735
5212
7055
3910
-1932
-5208
-5078
-4709
-3203
171
4154
5012
2855
729
-409
-835
-1385
-578
1260
4530
6961
6379
3599
-21
-2160
-3584
-3775
-2442
-400
1576
1378
-292
-2155
-3464
-4448
-4850
-3464
-777
1498
2444
2514
1646
-43
-1741
-2360
-1077
966
2630
2840
2189
1512
368
-824
-2126
-2447
-1245
1118
3211
3337
2082
151
-1527
-2156
-1618
-329
1102
2187
2335
1497
176
-734
-909
-445
750
1881
2472
2138
1343
544
-385
-925
-1023
-311
629
1106
666
-282
-1300
-2225
-2675
-2522
-1648
-563
83
206
-342
-1409
-2575
-3161
-2695
-1738
-797
-241
-335
-1093
-2386
-3338
-3977
-3741
-3544
-2757
-3118
-3070
-4943
-1371
6894
13475
9798
-1061
-3985
-272
3416
1984
1494
5177
6274
2608
-3207
-5320
-3702
-1851
-412
1539
3783
3620
1621
-511
-1386
-1220
-754
985
2882
5346
6220
4128
673
-2177
-2249
-1426
-640
275
999
1546
177
-2009
-3686
-3947
-3351
-2635
-1268
176
1202
1108
443
-458
-1519
-1753
-1234
458
2187
3256
2498
726
-541
-933
-716
-536
55
1445
2878
2609
1035
-525
-1279
-1433
-1107
-40
1230
1838
1635
549
-743
-1272
-735
348
1461
2545
2881
2049
621
-443
-790
-501
173
895
1444
1546
879
-595
-2012
-2593
-2414
-1690
-830
-147
123
-295
-1025
-1975
-2531
-2626
-2444
-1711
-790
-113
-451
-1330
-2443
-2668
-2959
-2802
-3030
-2322
-2464
-2467
-4534
-3750
3536
10569
10824
731
-4564
-1692
3273
3386
1035
2852
5315
3595
-1385
-4680
-3073
-387
905
1041
2049
2281
1376
157
-560
-147
-111
656
1775
3400
4999
3707
832
-1964
-2079
-529
507
801
658
658
-116
-1628
-2997
-3309
-2732
-1866
-782
5
131
-418
-798
-789
-1001
-985
-828
-44
1116
1783
1536
324
-632
-657
-112
515
1142
1961
2256
1380
-301
-1042
-649
-47
357
419
552
521
143
-471
-1095
-697
316
1127
1516
1751
1804
1281
463
-276
-495
-187
417
824
1065
998
380
-611
-1494
-1745
-1588
-1218
-734
-499
-509
-844
-1446
-2049
-2339
-2212
-1933
-1474
-1059
-960
-1398
-1959
-2400
-2120
-2008
-1727
-2367
-2499
-3509
-3406
-5072
-1834
5754
11526
7636
-3119
-5476
-29
4912
3161
856
2999
4619
1845
-3061
-4214
-1319
1726
2461
1389
727
-137
-130
246
838
1522
1102
1104
1069
2137
3472
2597
196
-1650
-745
967
1106
-43
-692
-230
-258
-982
-2032
-2349
-2297
-2096
-1183
-438
-97
-514
-970
-830
-974
-994
-1001
-251
849
1580
1051
-98
-886
-683
160
892
1920
2402
1505
-355
-1377
-734
255
560
545
479
308
-256
-1077
-1560
-881
711
1717
1604
856
364
289
493
716
779
593
462
375
44
-189
-193
-331
-435
-370
-539
-1020
-1379
-1490
-1176
-857
-868
-1269
-1892
-2154
-2111
-1840
-1513
-1256
-1487
-1828
-2262
-2188
-2253
-2062
-2363
-2005
-2573
-2553
-4611
-2248
4585
9652
6418
-3380
-5176
644
5805
3966
478
1206
2603
910
-2583
-2984
93
3044
3328
946
-708
-1829
-1327
240
2071
3429
2464
940
-188
457
2211
2342
912
-537
207
1395
967
-719
-1593
-816
-150
39
-489
-1226
-1995
-2799
-2324
-1299
-277
136
-92
-397
-1026
-1643
-1750
-908
327
1569
1512
360
-790
-980
-258
1213
2661
2653
649
-1394
-1263
100
754
383
136
248
148
-308
-1126
-1338
-292
1145
1703
1248
543
-113
-226
352
974
1097
731
412
156
-10
-129
-423
-840
-738
-220
-103
-614
-1333
-1478
-1114
-759
-828
-1348
-1975
-2291
-1935
-1690
-1497
-1521
-1471
-1665
-1713
-2306
-2613
-2832
-2386
-2242
-2214
-3085
-3478
1915
7310
7603
-1144
-6443
-1757
5527
6438
1910
30
1547
1223
-1569
-3263
-683
2672
4119
2212
-237
-2013
-2478
-799
1557
3710
3899
1722
-315
-1200
722
2622
2413
769
72
804
1022
-178
-1601
-1392
-333
370
282
-734
-1651
-2512
-2575
-1682
-734
-178
-294
-648
-999
-1290
-1354
-1120
-379
590
1305
901
-219
-930
-766
964
2878
3208
1066
-1736
-1649
141
1389
944
-33
-216
-190
-472
-1162
-1324
-442
1195
1785
1237
431
-355
-354
321
1220
1539
960
222
-223
-209
164
230
-191
-527
-512
-605
-1017
-1477
-1570
-1170
-582
-297
-818
-1585
-2257
-2419
-2258
-1737
-1397
-1330
-1715
-1964
-2323
-2229
-2624
-2395
-2827
-2510
-3466
-2886
2510
7108
6063
-2510
-5728
-288
6094
5342
786
-165
1532
1054
-1615
-2483
230
2982
3724
1297
-813
-2263
-2124
-194
2082
3855
3538
1180
-1009
-1423
888
2774
2424
595
153
901
923
-28
-1035
-722
-117
85
-155
-1061
-1740
-2362
-2006
-990
-255
-141
-649
-1155
-1492
-1366
-1082
-709
-166
371
899
335
-490
-1003
-220
1912
3075
2027
-650
-1771
-453
1036
1142
279
-339
-523
-530
-810
-1086
-539
469
1256
1012
398
-18
-321
47
962
1669
1293
340
-226
-227
147
374
94
-315
-268
-139
-361
-989
-1534
-1438
-1156
-929
-937
-1184
-1531
-1768
-1918
-1651
-1296
-1380
-1893
-2124
-2227
-2082
-2371
-2299
-2272
-2315
-2790
-3441
884
5470
6072
-1139
-5914
-1666
5369
6235
1613
-644
710
976
-846
-2191
-132
2408
3468
2077
86
-1372
-2274
-1267
993
3314
4019
2209
-105
-1268
272
2207
2214
648
-195
692
1173
523
-470
-528
-50
-83
-63
-309
-985
-2030
-2424
-1389
-292
13
-534
-1075
-1343
-1335
-1057
-802
-362
-15
538
369
-113
-748
-297
1128
2335
2109
178
-1091
-762
727
1344
768
-138
-670
-681
-652
-554
-323
133
622
693
497
71
-244
-144
639
1413
1397
733
-24
-147
230
436
202
-319
-533
-363
-171
-356
-855
-1240
-1333
-1043
-878
-963
-1366
-1750
-1986
-1917
-1683
-1301
-1494
-1866
-2145
-2119
-2071
-2144
-2320
-2405
-2538
-3221
556
5077
5965
-727
-5795
-2036
4875
6056
1510
-999
424
1092
-244
-1379
98
1891
2703
1869
512
-609
-1745
-1186
775
2959
3823
2162
-163
-1497
-17
2416
2829
1214
-176
405
942
573
-367
-443
3
2
15
-107
-646
-1538
-2120
-1376
-132
411
-340
-1303
-1548
-1232
-790
-670
-484
-94
346
323
-25
-381
67
1056
1894
1384
-92
-721
-70
1014
1039
299
-188
-437
-543
-622
-536
-257
329
679
705
573
217
-8
-102
390
1027
1038
535
-29
9
310
504
237
-369
-671
-437
-174
-353
-750
-1022
-1059
-925
-887
-1105
-1480
-1751
-1764
-1583
-1571
-1537
-1852
-2159
-2358
-2034
-2092
-1941
-2416
-2130
-2899
-1861
2716
5959
3501
-3788
-4941
1244
6474
4555
225
-501
752
276
-1146
-850
1197
2015
1957
1044
473
-665
-1569
-649
1453
3364
3358
1373
-345
-595
1238
2368
1855
132
-123
827
1258
811
72
-181
-535
-652
-101
8
-763
-1966
-2036
-925
41
-12
-710
-1226
-1502
-1166
-681
-326
-309
-219
146
194
-93
-133
800
1887
1929
451
-787
-458
659
1036
456
-198
-277
-242
-388
-521
-476
-47
439
480
252
187
189
146
405
954
1227
713
60
-175
12
332
341
-73
-470
-477
-223
-159
-499
-903
-1118
-1060
-894
-813
-1098
-1659
-1853
-1705
-1529
-1391
-1741
-1981
-2094
-1928
-2146
-2158
-2564
-2374
-3154
-2190
2460
5961
3676
-3690
-5114
1012
6292
4156
-229
-509
1090
501
-1022
-422
1538
1783
1399
833
652
-519
-1642
-849
1439
3299
3245
1255
-567
-678
1086
2409
2101
642
119
747
971
690
225
-25
-407
-599
145
516
-395
-1937
-2209
-1018
2
-94
-825
-1122
-1238
-1161
-791
-382
-191
-128
-21
442
289
356
1084
1805
1225
-433
-679
662
1549
815
-145
-355
-171
-198
-544
-722
-534
56
607
458
194
114
8
101
587
1020
736
115
-81
258
488
563
216
-317
-445
-350
-297
-440
-545
-682
-880
-958
-779
-813
-1208
-1774
-1988
-1721
-1276
-1269
-1734
-2184
-2238
-1970
-1854
-2087
-2350
-2489
-2847
520
4630
5099
-943
-5455
-1699
4906
5510
1143
-770
791
808
-789
-951
1153
1857
1130
829
1111
633
-1137
-1581
228
2581
3180
1767
47
-485
540
1839
2019
943
-50
447
1144
1179
670
159
-181
-538
-267
522
288
-1269
-2240
-1457
-183
210
-409
-860
-1095
-1355
-1178
-729
-313
-291
-348
-49
70
652
1732
2163
776
-951
-569
1168
1850
818
-198
-284
-218
-214
-369
-353
-224
91
428
247
-46
-177
-224
0
759
1313
810
-28
-188
307
617
433
53
-345
-441
-144
104
-99
-495
-639
-668
-648
-673
-1007
-1625
-1840
-1527
-1224
-1125
-1499
-1818
-2156
-2108
-2229
-1997
-2090
-1878
-2556
-2013
1787
5139
3422
-2912
-4532
1082
5994
3919
-167
-275
1272
332
-1175
-241
1859
1542
881
1062
1273
-134
-1570
-679
1614
2993
2585
945
-220
8
1354
2111
1502
226
-12
714
1072
880
458
80
-458
-707
-16
658
87
-1397
-1785
-703
152
-152
-838
-918
-849
-964
-860
-557
-356
-298
-125
25
401
1113
1699
1039
-547
-857
595
1674
973
-50
-146
83
-64
-277
-261
-171
38
412
541
221
-99
-95
169
652
1038
813
38
-535
-225
432
491
201
-170
-332
-166
-9
-119
-540
-851
-775
-530
-373
-512
-929
-1360
-1327
-1074
-1058
-1432
-1807
-2022
-1999
-1982
-1880
-2007
-2107
-2406
-2361
171
3556
4074
-490
-4044
-1238
4096
4544
1067
-199
1318
1011
-736
-666
1310
1666
922
1187
1711
358
-1729
-1397
900
2476
2642
1800
647
-239
344
1649
1897
799
49
617
1214
978
473
290
-57
-487
-245
415
252
-884
-1647
-1002
-23
40
-425
-733
-882
-1091
-878
-249
-198
-478
-425
63
875
1413
1528
621
-548
-528
753
1646
938
-1
-135
-88
-322
-477
-262
-71
129
534
802
246
-517
-459
279
916
990
636
3
-320
-66
416
608
154
-183
-256
-47
19
-154
-527
-870
-719
-250
-132
-552
-1028
-1276
-1225
-1156
-1079
-1202
-1433
-1604
-1503
-1556
-1649
-1834
-1924
-2084
-1872
-72
2645
3568
612
-2755
-1873
2251
3805
1682
223
1081
1216
-296
-887
451
1096
857
1443
2346
1088
-1315
-1527
573
2039
1984
1714
1251
349
79
1025
1610
590
-240
683
1854
1521
387
-159
-228
-372
-145
597
718
-309
-1304
-1041
-249
-123
-547
-670
-543
-641
-630
-390
-370
-500
-438
285
1071
1481
1326
585
-354
-471
338
1094
908
218
138
402
151
-398
-570
-297
129
547
759
325
-536
-801
-43
749
824
319
43
-73
-39
290
421
73
-218
-77
266
215
-179
-480
-361
-156
-91
-39
-280
-758
-1090
-954
-719
-721
-931
-1026
-953
-993
-1141
-1250
-1264
-1322
-1365
-1109
-140
1422
2202
1181
-664
-1117
218
1412
1220
812
1222
1352
302
-605
-194
543
821
1254
1890
1469
-15
-642
310
1186
943
791
1254
1459
913
580
633
305
-286
-19
1061
1519
852
111
38
-12
-270
-232
126
164
-134
-215
27
-84
-696
-779
-321
-11
-176
-274
-164
-190
-360
-121
427
782
648
395
213
24
-210
-206
103
379
355
203
129
-63
-310
-281
157
415
249
105
221
231
149
105
76
39
-56
-19
89
112
-105
-254
-196
-33
33
9
-121
-215
-210
-186
-177
-206
-392
-482
-360
-404
-476
-580
-713
-799
-830
-886
-941
-868
-776
-745
-760
-865
-863
-428
260
680
349
-250
-545
-485
-318
230
796
709
108
-141
389
875
674
356
429
419
350
709
1322
1180
497
203
592
839
545
351
404
364
93
304
580
474
80
52
396
415
15
-136
37
57
-31
28
122
-111
-348
-289
-5
9
-301
-398
-287
-201
-155
39
187
175
134
191
244
-93
-476
-467
-34
310
210
114
200
86
-109
-54
110
43
-74
63
314
353
170
71
83
3
-57
-103
-129
-207
-169
-10
115
-31
-369
-503
-369
-201
-206
-152
-97
-227
-232
-207
-273
-487
-687
-607
-549
-618
-754
-687
-752
-869
-875
-904
-1072
-1022
-278
610
726
203
-434
-763
-661
-147
589
763
277
-17
319
776
811
528
343
262
243
616
1295
1251
529
161
466
768
588
338
387
334
217
450
758
546
-46
-222
107
314
172
145
226
130
30
5
110
-29
-218
-73
169
98
-160
-300
-210
-113
-79
-97
-42
97
223
311
427
303
-29
-377
-185
246
324
296
229
264
78
-42
71
129
-93
-110
199
478
394
132
-1
-76
-88
-75
-21
-27
-77
-54
67
45
-109
-201
-229
-258
-304
-172
-54
-70
-198
-360
-455
-590
-674
-671
-517
-488
-532
-671
-711
-789
-926
-992
-935
-608
-31
450
445
160
-222
-401
-428
-8
477
464
184
200
543
828
687
428
206
138
338
774
1272
1127
666
437
579
727
592
538
580
508
425
496
601
335
-45
40
285
259
88
42
59
-21
-119
-22
2
-182
-294
-137
81
82
-59
-184
-172
-130
-99
-11
95
192
345
432
321
60
-193
-312
-122
136
277
244
109
55
98
80
143
104
-11
89
312
456
379
275
87
-64
-156
-112
-84
-115
-89
-89
-14
-42
-236
-361
-324
-253
-179
-122
-87
-183
-260
-337
-383
-425
-536
-535
-545
-501
-504
-614
-711
-822
-839
-914
-788
-213
413
629
279
-213
-442
-516
-162
423
648
436
115
378
753
735
559
389
296
326
604
1171
1191
615
324
472
696
521
466
605
543
308
353
677
582
260
44
240
386
227
138
237
263
24
-104
27
-18
-254
-184
62
109
-120
-248
-208
-98
-156
-171
6
106
178
376
531
314
-135
-353
-122
230
304
294
327
243
41
-102
40
155
-12
14
289
534
355
153
124
55
-33
-60
28
26
-48
-19
100
-15
-221
-312
-272
-259
-262
-185
-42
-67
-199
-291
-373
-518
-692
-628
-549
-481
-596
-644
-641
-767
-849
-914
-644
-191
325
512
334
-51
-376
-434
-133
341
487
353
276
405
616
542
420
412
265
221
554
1119
1175
791
432
537
626
516
435
540
445
252
383
619
492
118
85
282
351
162
171
294
288
145
134
145
36
-213
-121
172
149
-50
-170
-120
-108
-125
1
168
283
376
457
412
129
-219
-263
-52
122
144
168
278
165
68
60
101
103
50
119
368
430
310
256
160
82
37
37
5
-57
-2
55
84
-85
-178
-232
-212
-161
-136
-27
-51
-162
-211
-204
-337
-500
-558
-577
-559
-562
-586
-628
-668
-637
-677
-667
-477
32
430
459
219
-171
-322
-204
105
467
446
186
242
524
646
538
408
285
231
370
758
1084
873
475
497
645
626
461
461
593
461
399
510
594
361
95
154
369
344
174
190
205
168
41
-60
-15
-57
-92
-11
120
110
-61
-194
-105
-34
-53
-48
45
190
320
373
332
85
-228
-177
121
356
201
85
130
88
66
67
55
-44
-113
92
365
368
170
17
29
54
21
22
56
-24
-72
30
129
97
-201
-360
-278
-144
-117
-127
-89
-175
-251
-409
-580
-656
-605
-573
-530
-540
-673
-799
-876
-872
-702
-446
-137
248
365
229
-89
-344
-367
-100
328
394
224
252
431
508
357
302
364
329
420
695
1022
900
585
530
623
581
430
401
457
388
378
460
453
209
1
128
307
325
185
229
314
139
5
7
43
-126
-224
5
151
22
-81
-124
-202
-244
-246
-71
30
203
424
475
350
-10
-265
-177
31
128
160
170
147
130
126
103
7
-117
-119
86
308
371
281
140
20
-67
-48
-83
-77
-126
-80
8
3
-84
-269
-359
-338
-232
-113
-35
-93
-180
-282
-455
-535
-567
-563
-579
-585
-542
-602
-746
-823
-772
-648
-432
-72
194
134
6
-89
-228
-262
-34
245
266
185
348
659
605
410
323
290
260
334
684
897
698
450
536
624
467
217
393
499
419
380
530
551
240
48
178
333
204
83
192
368
241
102
77
-44
-186
-185
-64
15
-54
-58
18
11
-115
-163
-25
214
376
498
408
160
-12
-126
-61
94
154
64
31
146
230
159
46
-68
-72
8
202
418
311
110
17
47
-39
-94
-130
-157
-111
-96
-10
-38
-179
-362
-339
-175
-18
-37
-88
-214
-310
-373
-408
-423
-488
-481
-441
-490
-551
-642
-624
-625
-661
-477
-163
244
329
109
-54
-125
-139
-79
168
296
127
77
367
484
471
406
332
261
188
436
800
805
560
549
656
518
286
395
472
330
271
381
503
399
187
210
208
65
88
180
242
117
114
154
66
-84
-108
79
111
60
-32
-1
11
35
34
78
246
341
327
163
112
-15
-113
-27
131
116
49
31
92
113
25
71
112
29
-26
114
216
145
35
15
-42
-112
-99
-123
-112
-166
-153
-140
-130
-140
-196
-240
-231
-150
-37
-53
-142
-291
-360
-393
-466
-515
-551
-493
-480
-428
-583
-619
-647
-684
-498
-228
76
133
-6
-89
-146
-204
-99
134
253
150
163
427
522
286
220
243
251
268
369
620
561
373
446
589
442
253
251
391
373
257
394
450
314
82
169
289
110
14
119
234
156
38
55
36
-198
-122
32
90
-36
-106
-58
22
83
105
268
430
443
367
260
40
-132
-147
74
265
206
91
166
136
39
54
56
-6
24
173
381
340
144
78
-14
-87
-143
-82
-50
-74
-124
-119
-62
-144
-264
-207
-126
-70
-71
-128
-115
-206
-337
-436
-430
-434
-434
-395
-289
-269
-390
-533
-602
-478
-479
-346
-93
191
191
118
72
-68
-91
-51
169
293
275
271
429
488
301
199
314
296
111
262
620
606
457
442
541
477
302
371
511
388
255
429
526
330
142
218
280
146
46
246
298
119
74
137
208
104
-30
11
69
60
-16
-10
21
-49
52
302
392
342
250
173
115
54
74
75
77
170
236
202
134
150
146
3
81
208
217
182
156
124
-34
-133
-138
-146
-202
-272
-205
-140
-146
-205
-195
-133
-112
-198
-180
-140
-160
-207
-209
-298
-433
-523
-516
-367
-307
-374
-380
-375
-520
-576
-452
-371
-325
-164
18
89
32
16
-40
-57
-74
135
295
223
249
415
555
331
67
244
355
299
304
468
527
278
257
508
477
255
176
348
413
183
227
382
224
-1
22
229
190
-47
32
211
127
-42
-61
67
-29
-181
-87
46
-20
-109
4
164
129
147
367
410
206
-55
-49
120
108
68
146
208
41
-120
16
163
33
-38
63
206
190
129
126
72
-111
-195
-133
-137
-212
-200
-156
-145
-145
-169
-204
-204
-224
-220
-113
-138
-213
-309
-277
-314
-474
-449
-406
-395
-374
-308
-348
-398
-464
-449
-310
-212
-248
-216
-102
-15
24
-75
-160
-68
-38
-12
186
340
176
124
226
357
285
166
263
283
223
350
510
468
268
157
375
393
246
214
310
294
140
227
371
206
-56
-14
163
152
25
30
109
17
-40
-17
4
-90
-219
-165
19
2
-81
17
156
248
221
334
300
69
-62
-39
69
80
89
121
5
1
57
140
87
-33
33
60
144
107
135
16
-194
-220
-209
-169
-195
-197
-129
-146
-225
-248
-226
-220
-268
-133
-94
-148
-232
-293
-262
-324
-347
-367
-263
-266
-342
-330
-342
-388
-443
-445
-389
-395
-356
-360
-282
-142
-10
49
-39
-131
-178
-14
112
189
265
126
46
61
237
277
138
128
181
246
283
383
392
200
235
349
338
251
263
356
297
210
182
266
162
11
30
194
197
29
13
77
84
23
27
22
12
-58
-78
30
18
8
91
247
295
282
230
13
-159
-87
43
168
177
158
31
-43
135
126
14
3
49
98
105
130
92
-7
-159
-154
-105
-132
-139
-176
-162
-141
-137
-190
-276
-294
-220
-172
-123
-107
-191
-222
-261
-351
-386
-386
-354
-287
-284
-174
-145
-254
-371
-396
-254
-211
-280
-269
-225
-255
-291
-202
-35
-82
-168
-200
-87
-12
90
187
103
-99
-100
117
191
158
72
136
159
152
293
336
221
103
202
413
351
266
262
223
115
89
167
172
19
37
139
258
110
-58
31
29
9
-21
33
-25
-225
-208
-28
144
173
140
189
172
51
-95
-138
-61
29
133
216
174
-20
-4
92
31
-6
40
116
83
71
109
113
-108
-236
-240
-165
-206
-259
-170
-160
-215
-245
-163
-133
-234
-289
-243
-150
-145
-209
-280
-317
-316
-362
-360
-349
-323
-287
-186
-185
-256
-319
-281
-189
-198
-263
-186
-191
-176
-201
-241
-202
-135
-93
-129
-121
-87
-79
-1
166
110
-5
-116
32
175
183
151
206
250
191
192
303
366
200
208
296
314
308
313
207
95
110
188
292
160
40
66
117
123
116
10
-72
-41
8
-5
-62
-56
-23
59
204
288
352
206
39
-58
-75
15
46
28
77
132
-2
-50
-43
-79
-46
10
137
166
135
134
88
33
-55
-67
-125
-183
-186
-115
-66
-105
-186
-232
-154
-175
-106
-72
-88
-90
-134
-112
-171
-249
-239
-184
-166
-139
-221
-226
-200
-206
-164
-172
-151
-112
-34
-61
-98
-178
-212
-204
-241
-163
-72
49
143
93
43
-7
-7
-15
56
153
76
105
266
321
248
137
169
185
182
273
437
383
270
312
354
308
211
211
208
200
253
394
390
269
146
168
197
164
122
138
165
156
164
175
173
223
260
316
387
347
122
8
64
128
151
142
185
127
111
110
95
58
-9
55
141
156
159
131
55
-68
-102
-107
-141
-116
-143
-92
-76
-130
-158
-168
-172
-205
-117
-105
-125
-144
-219
-185
-175
-208
-255
-222
