97
59
46
49
15
-15
-13
-41
-26
-24
-45
11
83
48
63
50
-9
-17
16
42
34
21
17
72
36
15
19
5
31
39
37
13
18
9
43
46
8
-12
4
3
13
37
44
38
38
54
43
12
-16
-12
12
60
51
-12
19
-7
-2
34
30
53
2
6
35
-30
-42
36
-48
13
34
-24
13
27
32
59
11
-34
32
3
-37
-52
-63
-52
-16
-18
15
26
23
17
-12
85
69
46
47
12
21
53
34
6
-19
-22
-21
-9
38
-40
17
16
-37
-9
33
82
14
-25
-49
-6
20
3
28
34
-21
-6
5
-17
-12
-10
-22
-15
-20
-9
-49
-66
-12
14
-11
-22
35
27
91
-18
-57
15
-13
16
-45
14
63
61
46
13
61
34
27
55
13
17
37
41
9
2
20
11
48
54
46
-27
17
48
28
40
4
-21
-41
-51
-42
-16
-23
-12
-6
20
12
-19
-48
-70
47
38
-11
50
7
23
-11
45
35
11
52
95
94
83
25
-40
-7
9
50
48
25
0
42
121
89
29
-16
2
-44
-8
-12
-11
26
25
73
16
58
71
62
61
38
89
34
14
74
63
66
51
12
59
57
40
54
-15
20
42
35
53
70
52
56
74
24
-19
-39
-46
-35
-24
36
9
20
25
38
3
26
32
19
4
-3
-3
-7
17
23
50
28
62
79
37
20
-36
35
37
54
57
-15
63
0
-15
-53
-37
-5
13
59
24
-20
-19
33
-52
-122
-50
4
69
45
-21
19
33
22
-49
-57
-89
-99
-32
-6
29
36
33
-51
-102
-70
-58
-23
-33
-56
-9
0
-24
-21
-42
-88
-30
7
-23
-50
-32
-75
-45
-84
-157
-84
-19
-14
-59
19
-29
-15
-50
-67
-55
-66
-36
15
19
4
58
9
-46
-47
-23
-49
-8
-17
-16
-19
-13
-7
-2
-46
-110
-67
-67
-60
-55
-5
69
25
11
-31
-3
-17
-64
-14
-28
-36
-12
-13
-40
-37
-17
-8
13
-75
26
70
69
83
34
60
63
30
-16
-68
-80
-31
-13
18
31
-2
3
-27
-2
-15
16
-55
-48
-16
-64
27
-24
-41
-6
-53
-64
-26
10
-3
36
-13
-6
-57
-42
-42
-81
-64
-57
-61
-57
45
15
-27
18
16
38
5
20
-29
-49
-69
-39
-19
-68
-151
-81
-45
-44
-66
-106
-54
-85
-98
-55
-22
-16
-4
3
-19
-71
-56
4
-42
-51
-79
-81
-93
-61
-45
-76
-36
3
5
-44
-67
-60
-35
-21
-14
-50
-68
-121
-136
-94
-114
-119
-165
-123
-58
-85
-122
-93
-60
-83
-71
-96
-93
-84
-139
-134
-123
-101
-76
-110
-106
-94
-83
-63
-78
-67
-91
-118
-140
-139
-113
-121
-83
-74
-79
-35
-36
-32
-1
-38
-34
-45
-107
-107
-130
-141
-149
-117
-130
-181
-164
-171
-101
-93
-102
-67
-115
-71
-85
-90
-97
-45
-6
-39
-58
-54
-60
-31
-32
-76
-86
-78
-64
-72
-30
4
-66
-81
10
-11
-78
-88
-59
-116
-107
-91
-99
-112
-57
-35
-63
-43
-36
-73
-85
-130
-131
-75
-101
-113
-75
-34
-17
-66
-39
17
-84
-136
-119
-98
-39
-69
-63
-34
-109
-125
-150
-110
-131
-187
-148
-191
-173
-180
-182
-214
-200
-207
-231
-153
-158
-190
-168
-136
-50
-21
-81
-63
-92
-127
-90
-145
-138
-94
-108
-133
-190
-132
-122
-133
-139
-144
-162
-156
-111
-127
-171
-208
-149
-97
-82
-106
-117
-152
-99
-48
-91
-42
-102
-121
-73
-131
-147
-98
-110
-113
-56
-82
-73
-105
-159
-143
-104
-106
-144
-149
-103
-125
-125
-144
-157
-110
-144
-111
-105
-185
-155
-177
-151
-128
-151
-159
-155
-119
-104
-133
-165
-164
-151
-180
-198
-85
-137
-147
-182
-174
-144
-188
-142
-129
-118
-78
-82
-85
-105
-67
-114
-134
-94
-128
-127
-114
-86
-89
-139
-97
-65
-158
-164
-170
-87
-52
-62
-100
-100
-70
-85
-71
-127
-79
-164
-152
-133
-154
-148
-94
-96
-135
-123
-128
-138
-63
-58
-121
-78
-91
-46
-88
-58
-99
-161
-170
-150
-142
-120
-82
-45
-80
-134
-109
-145
-75
-128
-109
-153
-197
-177
-111
-70
-112
-103
-103
-106
-105
-104
-89
-111
-101
-95
-114
-98
-106
-65
-78
-93
-84
-55
-106
-122
-96
-163
-146
-127
-110
-109
-132
-108
-106
-37
-64
-54
-52
-139
-143
-137
-147
-96
-78
-81
-102
-89
-130
-128
-99
-76
-84
-141
-99
-93
-80
-103
-102
-80
-75
-132
-100
-84
-141
-164
-140
-84
-140
-79
-56
-131
-82
-101
-59
-74
-92
-38
-55
-117
-92
-28
-34
-47
-58
-62
-125
-109
-115
-51
-25
-66
-60
-69
-66
-93
3
1
-43
-25
-43
-51
-26
-79
-57
-49
-91
-79
-67
-90
-82
-22
-32
-42
-36
-26
-22
17
26
-34
-72
-47
-58
-80
-68
-71
-83
-98
-97
-77
-86
-82
-76
-45
-19
-69
-55
-23
0
-15
-44
-25
-84
-81
-101
-98
-63
-98
-98
-112
-103
-82
-79
-21
-65
-75
-36
-86
-32
-25
-18
16
-29
-63
-109
-135
-112
-63
-25
-5
54
43
-2
-35
-52
-52
-52
-5
-37
-53
-60
-56
-61
-47
-38
-12
23
-6
-38
-81
-40
-13
-40
-45
-43
-37
-80
-68
-81
-54
6
-4
13
7
-39
-17
-55
-66
-52
-28
-12
-61
-21
-28
-15
-18
0
-4
-20
8
-56
-13
-34
-57
-34
-25
-66
-45
23
27
16
12
6
-22
-22
24
-36
-57
-92
-38
5
-27
-15
-28
-45
-47
0
-39
-75
-95
-63
-72
-112
-55
-62
-71
8
17
9
-12
-54
-93
-38
-93
-91
-62
-30
-67
-105
-95
-113
-158
-183
-106
-142
-47
-57
-88
-47
-66
-36
-87
-130
-99
-83
-30
-36
-118
-68
-93
-97
-61
-65
-82
-40
-96
-83
-85
-59
-74
-103
-154
-133
-103
-97
-38
-74
-122
-96
-119
-87
-43
-80
-90
-80
-68
-97
-63
-61
-135
-83
-50
-45
-78
-78
-50
-26
-17
-90
-48
-86
-107
-68
-73
-68
-95
-17
-24
-69
-66
-26
-42
20
14
6
-14
1
-62
-96
-5
-58
-60
-39
-77
-98
-140
-146
-134
-129
-103
-79
-69
-104
-76
-94
-102
-97
-110
-130
-136
-143
-160
-152
-218
-226
-186
-135
-142
-153
-134
-143
-144
-172
-180
-223
-195
-178
-195
-164
-204
-243
-188
-178
-178
-219
-214
-220
-227
-220
-197
-196
-193
-205
-239
-302
-322
-300
-295
-275
-242
-203
-244
-290
-219
-211
-284
-241
-215
-268
-234
-220
-250
-221
-197
-156
-191
-219
-140
-104
-42
-46
-14
94
77
77
131
93
135
199
258
272
304
368
368
410
350
381
365
300
304
296
386
283
307
364
267
266
263
199
190
159
139
142
47
22
-40
-55
-48
-56
-44
-62
-53
-96
-140
-167
-162
-110
-66
-131
-172
-178
-211
-215
-252
-325
-319
-356
-372
-429
-462
-473
-494
-444
-439
-467
-464
-465
-488
-468
-507
-452
-468
-498
-452
-445
-382
-397
-397
-368
-419
-397
-391
-371
-402
-417
-462
-528
-453
-484
-498
-586
-565
-575
-633
-628
-648
-659
-608
-707
-312
566
1001
1057
638
820
753
352
287
613
1030
797
581
1040
1103
828
458
470
362
-157
-111
422
599
294
51
118
-108
-344
-385
-264
-368
-595
-367
-142
-81
-154
-261
-363
-466
-367
-190
-124
-102
-86
-41
-80
-105
-67
-197
-356
-363
-142
42
-25
-18
-84
-276
-379
-299
-111
-159
-326
-290
-222
-155
-239
-149
-193
-358
-384
-161
-12
-22
1
175
83
49
162
401
399
274
397
412
459
345
488
554
550
527
452
318
293
196
103
154
117
65
142
112
68
12
-28
-14
-81
-175
-134
-32
-103
-170
-242
-267
-326
-376
-373
-409
-414
-394
-375
-314
-347
-375
-396
-486
-471
-473
-444
-452
-489
-483
-534
-529
-519
-457
-488
-488
-428
-319
-367
-337
-239
-253
-249
-243
-139
-131
-150
-109
-90
-116
-221
-205
-185
-177
-212
-283
-230
-89
-6
123
184
280
236
243
221
214
326
291
360
438
473
469
380
371
390
328
314
346
366
326
308
263
184
147
159
122
38
-16
11
-2
-32
-44
-123
-129
-167
-179
-178
-130
-150
-151
-82
-71
-29
-22
-67
-63
-36
-2
100
254
320
297
271
248
297
291
344
326
283
267
289
311
279
146
113
124
136
60
93
66
-111
-118
-160
-160
-192
-242
-267
-298
-275
-303
-307
-331
-396
-462
-438
-393
-342
-241
-224
-177
-232
-306
-317
-336
-334
-401
-379
-407
-450
-468
-508
-485
-538
-564
-593
-579
-579
-600
-718
-749
-810
-889
-1004
-1049
-1108
-1024
-960
-914
-778
-956
-71
844
1279
931
631
884
667
374
618
1206
1389
847
1047
1616
1488
987
724
979
597
241
661
1043
817
224
235
243
-128
-261
-117
-25
-347
-495
-219
-146
-309
-473
-567
-612
-697
-395
-142
-111
-164
-244
-213
-254
-170
-43
-176
-241
-130
180
170
55
109
85
-152
-254
-99
-11
-91
-201
-71
-141
-241
-270
-166
-368
-328
62
204
275
128
461
458
322
535
700
589
206
372
636
471
335
422
540
188
80
404
308
80
40
232
125
-184
-54
-43
-295
-574
-455
-293
-533
-579
-373
-417
-589
-528
-207
-244
-418
-312
-194
-161
-292
-213
-201
-384
-553
-464
-414
-608
-688
-574
-630
-785
-694
-589
-688
-904
-777
-684
-820
-886
-791
-805
-1068
-1105
-979
-1020
-1205
-1326
-1298
-991
-68
997
1258
879
532
599
521
342
662
1211
1087
798
1150
1823
1604
974
781
827
585
539
1072
1336
838
361
413
376
21
-173
-52
-263
-531
-421
-120
-185
-574
-746
-883
-986
-838
-477
-272
-421
-456
-357
-354
-426
-398
-374
-506
-426
-52
249
219
54
41
-134
-350
-233
-60
87
-231
-53
499
518
328
202
472
409
137
413
658
427
27
210
435
133
-90
87
254
-85
-119
312
228
-192
-266
39
-91
-508
-256
17
-232
-455
-155
-39
-397
-486
-249
-281
-644
-568
-188
-239
-574
-483
-245
-385
-575
-375
-281
-730
-929
-570
-435
-787
-1028
-925
-898
-1069
-805
-627
-867
-1260
-987
-686
-807
-1039
-1029
-1000
-1372
-1429
-1398
-1361
-1717
-1529
-1335
-314
675
1193
805
266
374
431
302
451
970
1299
890
1029
1775
1796
1171
673
1032
931
548
1081
1596
1312
478
342
558
143
-227
-209
-48
-382
-490
-80
-159
-572
-1043
-1048
-1015
-1123
-710
-445
-448
-672
-606
-408
-548
-666
-583
-552
-502
-287
138
122
-64
-148
-213
-172
-178
104
259
80
140
512
604
452
441
648
595
342
476
606
371
67
160
339
2
-249
-38
9
-209
-278
3
-37
-322
-320
-64
-147
-403
-245
-43
-227
-438
-138
-54
-366
-507
-222
-301
-643
-532
-231
-236
-628
-597
-298
-452
-674
-628
-486
-670
-1035
-636
-428
-1021
-1121
-673
-467
-938
-1209
-915
-922
-1100
-1068
-777
-908
-1272
-1121
-978
-1153
-1287
-1117
-1094
-1432
-1686
-1466
-1330
36
969
1505
667
150
411
516
261
487
1152
1266
603
1313
2089
1738
745
675
1040
764
722
1522
1880
1102
346
731
643
94
-95
102
101
-436
-223
106
-200
-1015
-1263
-1108
-1166
-1125
-580
-293
-538
-840
-581
-489
-726
-753
-644
-530
-417
-36
389
223
-57
-205
-153
-205
-95
268
218
48
5
576
784
382
440
530
464
247
388
678
453
126
62
138
10
-303
-245
-157
-293
-245
16
149
-214
-257
-141
-297
-532
-393
-274
-523
-537
-251
-432
-664
-777
-656
-460
-710
-727
-481
-422
-613
-317
-308
-847
-688
-470
-567
-930
-1027
-861
-520
-624
-894
-724
-888
-1099
-1014
-934
-869
-954
-628
-632
-971
-1186
-941
-1088
-1240
-1196
-1139
-1460
-1468
-1289
-1317
-1797
-1680
140
1033
1117
144
325
355
-168
-48
900
1388
982
509
1722
1946
1382
728
904
861
468
956
1903
1834
1026
579
804
449
10
77
149
-78
-361
13
139
-362
-884
-1251
-1361
-1404
-1065
-583
-537
-553
-641
-580
-570
-604
-501
-577
-467
-92
263
391
182
145
-175
-399
-286
191
360
41
55
162
416
446
468
472
596
577
648
802
691
350
185
102
54
-12
-52
-186
-280
-270
-83
-32
31
-150
-316
-293
-191
-384
-724
-710
-375
-500
-920
-949
-537
-685
-887
-724
-363
-536
-726
-628
-955
-530
33
-748
-851
-654
-626
-704
-761
-294
-752
-924
-360
-640
-613
-390
-762
-757
-393
-190
-766
-1417
-584
-581
-675
-564
-767
-1203
-1260
-964
-945
-1723
-1411
-1713
-1202
723
1791
1505
49
392
515
-39
-13
856
1350
725
445
1875
2115
1321
436
957
994
516
947
2215
1981
707
313
962
503
-79
-5
377
-152
-608
6
112
-702
-1400
-1409
-1273
-1397
-837
-262
-319
-674
-699
-277
-504
-628
-542
-538
-591
-318
247
319
-142
-186
-255
-471
-596
63
395
126
105
349
698
473
461
620
320
95
374
981
851
257
199
344
152
-104
-105
-102
-397
-536
-58
284
155
-496
-533
-352
-492
-669
-570
-418
-722
-1160
-730
-528
-1262
-1532
-255
-364
-1103
-816
142
-916
-1339
-117
-441
-833
-993
130
-378
-1103
-261
-269
-489
-383
-292
-352
-1042
-694
-25
-686
-802
-1257
-206
-348
-740
-1164
-736
-500
-1513
-982
-704
-931
-1994
-1627
-1822
-2218
-83
1486
2038
-165
-77
337
-95
-430
516
1466
866
-50
1667
2328
1337
126
557
1186
519
835
2312
2326
857
249
947
715
-223
-106
531
175
-574
56
479
-379
-1514
-1383
-1120
-1143
-827
-14
51
-525
-809
-413
-418
-613
-655
-575
-630
-406
434
836
71
-583
-608
-337
-461
108
634
338
-242
196
879
577
247
556
706
347
473
1035
956
235
-186
-1
100
-167
-129
163
-200
-861
-558
374
0
-1045
-581
-662
-594
-540
-219
-769
-1556
-1250
-827
-674
-1132
-617
-549
-639
-1122
-740
-494
-322
52
-764
-496
-302
-233
-589
-866
-652
-938
-222
-116
-577
-882
-868
-925
-1488
-705
-267
-579
-749
-331
-477
-726
-501
-943
-1215
-1498
-1563
-994
-1277
-1321
-2607
-2199
396
1644
1725
140
194
80
-227
-164
763
1284
608
103
1803
2178
1455
175
473
662
401
1100
2491
2483
1018
199
631
504
-48
-98
176
-142
-564
-43
339
-239
-1281
-1677
-1491
-1226
-679
-88
0
-325
-554
-325
-713
-901
-778
-533
-316
-59
283
419
119
-69
-446
-377
-471
-7
504
343
-108
-29
762
873
602
522
517
323
366
883
992
242
-22
169
241
-196
-209
107
-257
-447
-238
-1
81
-756
-616
-413
-1191
-1011
-212
-885
-1384
-1606
-737
-872
-1728
-1229
-262
-1225
-1333
-395
315
-104
-1356
-832
-771
-277
-986
178
481
-1126
-1027
-382
-517
-1072
-603
-10
-855
-847
-560
-11
-640
-1340
-1168
-563
-937
-1394
-629
-612
-1751
-1673
-1093
-1253
-2769
-1762
1325
2027
2025
899
906
184
-319
47
1388
1699
1136
732
2327
2144
1412
501
594
753
765
1505
2699
2390
1222
396
408
147
-36
154
301
54
-149
91
145
-557
-1376
-1806
-1768
-1170
-360
-32
-336
-446
-744
-735
-1092
-996
-919
-794
-518
-25
306
322
-13
-451
-944
-966
-759
-20
385
399
-158
267
1038
703
379
525
639
37
167
1019
809
-46
-246
14
11
-456
-207
86
-380
-620
-353
-8
-340
-1025
-547
-616
-1237
-1055
-418
-685
-1523
-1794
-871
-634
-1206
-623
-408
-1155
-1550
-659
678
-800
-1218
-357
-94
-818
-1482
416
214
-1377
-1301
-201
-338
-1235
-752
0
-900
-1681
-213
-341
-1523
-1968
-715
-968
-1693
-1474
-414
-955
-2527
-1993
-1104
-2269
-2187
1618
3060
1913
-301
551
803
124
-117
1660
2568
1625
548
2702
3081
1282
76
1064
1725
753
1371
3235
2601
327
-210
557
-35
-909
-265
492
-203
-866
-141
-218
-1473
-2377
-1891
-1530
-1403
-690
234
-189
-1048
-1630
-938
-943
-962
-436
-69
-310
-324
170
383
-558
-984
-659
-212
-166
150
701
603
-130
655
1444
1186
174
451
1113
600
574
1190
1180
-159
-510
326
542
-299
-314
222
-113
-608
46
505
-320
-1073
-550
-396
-671
-1025
-597
-436
-1271
-1153
-527
-693
-1398
-1130
-774
-725
-990
-274
421
-605
-980
-521
417
-541
-1121
-700
-493
-400
-933
-948
-1421
-1606
-1607
-1704
-1157
-1436
-1133
-1215
-1419
-1094
-1630
-1477
-1221
-1010
-1410
-1206
-1666
-2002
-3287
-1603
2373
3365
3115
1048
639
-245
100
325
1400
1769
1393
456
2010
2442
1492
-458
-438
645
1214
1885
3100
2733
576
-858
-643
-139
-517
-827
-506
-322
-596
-610
-776
-1534
-2965
-3180
-2259
-918
-287
-58
-201
-820
-1704
-1152
-713
-349
-511
-273
37
410
201
-28
-516
-1166
-1258
-475
346
495
593
516
1080
1002
1138
929
1065
892
727
977
1237
1197
471
-69
-137
-279
-340
-94
103
-183
-634
-429
-115
-428
-848
-863
-1361
-1371
-1014
-974
-828
-1114
-1089
-1339
-1593
-1474
-1491
-988
-757
-616
501
472
-156
-1007
-664
-439
-1052
-117
226
-384
-938
-647
-722
-866
-1023
-245
-84
-539
-575
-55
-46
-1880
-2283
-2020
-2708
-3146
-2786
-2566
-3821
-4645
-6128
-1066
1591
2511
-433
-1412
-730
-812
-106
1490
2846
2650
1340
2696
4345
3240
1116
-518
881
1678
2554
3332
3769
1545
-421
-778
508
622
60
-442
-73
-564
-607
-664
-1365
-2763
-3400
-2612
-1104
128
520
-35
-494
-1219
-941
-235
45
90
-257
79
515
779
698
48
-825
-688
262
1138
1219
1426
747
1067
1181
1780
1473
1242
913
914
1211
1574
1340
722
-367
-379
-276
-157
-106
-122
-468
-881
-810
-740
-634
-1076
-1191
-1203
-1032
-1170
-1226
-1295
-1377
-2168
-1975
-1185
-1103
-1242
-1910
-985
-115
667
-62
-843
-386
-1354
-1080
-96
472
-538
-1139
-986
-1117
-964
-930
-1328
-2142
-1944
-2379
-2157
-3134
-3870
-4203
-3540
-3270
-3850
-4452
-3803
-5297
-4429
2642
5924
5027
-749
-443
545
1577
1272
3765
5133
3664
1029
4274
5730
3624
-57
590
3046
3342
3494
4986
3945
-70
-1858
-245
1580
808
252
309
327
-1083
-1057
-1226
-2432
-4500
-4079
-1946
-293
-360
-894
-1734
-2584
-3279
-1602
142
149
-448
-385
174
22
-400
-265
-806
-1326
-679
1198
2091
1310
666
-189
1164
1599
2181
1832
1587
1720
1331
1493
1043
323
-532
-767
137
376
-110
-855
-1638
-1709
-1719
-1061
-548
-288
-428
-81
-316
-650
-1476
-1643
-1842
-1630
-1826
-1405
-1261
-2622
-2625
-2335
-2121
-1834
-680
-45
-795
-990
-1206
-1437
-1753
-1494
-468
-104
-731
-927
-1225
-3011
-3514
-2527
-1969
-2703
-2848
-1531
-2710
-2839
-3534
-3180
-6608
-2924
5553
7625
4239
-2027
-1073
-484
926
1464
4910
5830
3320
949
4608
5108
2262
-1616
490
3783
4883
4886
5663
3102
-1334
-2969
-328
2158
1939
806
656
290
-1341
-1807
-2580
-3445
-4921
-3830
-1084
654
-527
-2442
-3990
-4337
-4113
-1697
44
489
-167
-450
182
262
-407
-619
-667
199
1483
2724
3018
1632
305
-685
628
3923
4853
3981
2235
1763
933
411
804
629
13
-520
328
1000
-150
-2269
-3250
-2595
-1722
-464
742
467
-1225
-2451
-1745
-1237
-1669
-1681
-1231
-890
-1434
-1881
-1469
-2425
-3518
-3259
-1471
-359
-195
467
-264
-1597
-2151
-1530
-863
-710
-1093
-1394
-1971
-2916
-2988
-2879
-3402
-4343
-3303
-2430
-3125
-4787
-5472
-6207
-7919
1000
6874
7658
-708
-4240
-1443
1789
2190
3152
6390
6020
1590
1942
6410
5851
667
-1712
3617
7191
6381
4663
4297
341
-3367
-2702
2564
4056
1166
-1626
-676
-1001
-2494
-3571
-3301
-4099
-4862
-2886
513
323
-3251
-5674
-5107
-3823
-2361
-64
623
-252
-1883
-1391
278
425
-418
-315
595
2096
2810
3308
2367
537
-480
466
4010
5988
6928
4176
2006
528
381
1052
1356
1261
522
201
203
-605
-2070
-3893
-3978
-2264
-43
1107
302
-1573
-3631
-4460
-3163
-1176
-546
-601
-684
-923
-1484
-1966
-2572
-2699
-2266
-1171
531
1258
-269
-2384
-3145
-2139
-1198
180
978
216
-1915
-2975
-2227
-2848
-3564
-4109
-3265
-3804
-3810
-5211
-5622
-8604
-5966
4898
8769
5171
-4650
-4442
-868
2428
2155
4911
7084
4067
-347
3022
6260
3852
-1804
-496
5657
7952
5556
3479
1544
-2355
-4291
-1055
4201
3893
-598
-3015
-1946
-2463
-3733
-4640
-3896
-3988
-3663
-1638
385
-1867
-5654
-6896
-4398
-1868
129
896
372
-1150
-2453
-1245
727
882
410
607
2219
3539
3454
2419
1037
231
658
4510
7300
8487
5067
1919
544
739
1768
2510
2877
1716
548
135
-530
-1783
-3496
-3428
-1352
724
1446
253
-2268
-4700
-5241
-3651
-1112
-292
-1236
-2208
-2721
-2913
-2880
-2899
-2160
-1395
-61
1318
1382
-418
-2557
-3238
-2033
-59
960
26
-1696
-3200
-4322
-4594
-3224
-2850
-2343
-3491
-3206
-4945
-5821
-9428
-3158
8014
10079
2621
-7307
-4256
441
3592
2111
5056
6747
3220
-947
3134
6065
2591
-3986
-30
7583
8934
3684
421
-1026
-3106
-4005
382
5561
3684
-2769
-4891
-2347
-1814
-4222
-5558
-3413
-2588
-2874
-1646
-408
-3646
-7784
-7416
-2395
715
991
-410
-1131
-2391
-2847
-866
1733
1982
862
765
3038
4031
2549
553
789
1193
3595
6446
9312
6910
1464
-444
420
2841
3102
3555
2489
782
-769
-1271
-1136
-2083
-3154
-1685
861
2005
-126
-2490
-4394
-4677
-3418
-667
664
-797
-3272
-4095
-3739
-2846
-2426
-1989
-1541
-1085
-370
95
-805
-2524
-3457
-1952
653
1728
515
-1970
-4014
-5194
-4421
-2831
-2033
-3202
-4592
-5619
-6430
-8358
-7163
5418
12164
8103
-4466
-8188
-934
5154
5511
3969
7238
6608
1403
746
5519
6106
-301
-2197
6495
12111
7847
-309
-2804
-2197
-2017
-457
4650
6314
18
-6867
-5870
-1864
-1951
-5420
-5134
-1970
-1452
-2901
-2861
-3690
-6959
-8386
-4121
1828
2795
-582
-3725
-3892
-3124
-1647
1101
2972
2390
451
635
2880
2709
361
-368
1535
4263
6599
8987
6593
587
-2276
-256
4171
5270
4348
1516
-761
-1905
-1965
-1017
-1152
-2156
-1884
206
1480
-741
-3782
-5186
-4270
-1875
600
869
-1567
-4709
-5579
-4110
-1804
-622
-1099
-2027
-1951
-1356
-1081
-1301
-1867
-2250
-1401
338
773
-1108
-3729
-4882
-4637
-3446
-2492
-2551
-4298
-5636
-7721
-8126
-8465
3890
14262
11472
-2607
-11926
-3636
6440
9626
5314
6293
7399
2990
-1073
3732
7910
3602
-2962
4071
13245
11327
-397
-6109
-3572
353
1131
4349
6917
2052
-7672
-9894
-3304
1115
-2786
-6241
-3176
-576
-2820
-5261
-5319
-5813
-7069
-4890
1524
4241
88
-6124
-6944
-3266
469
2235
3586
3221
634
-1377
766
3187
2512
680
1997
4913
6923
7323
5816
1569
-1153
426
4260
6649
4934
897
-2359
-2466
-1181
-131
-166
-995
-1813
-1429
-523
-941
-2888
-4089
-3494
-1326
427
-89
-2927
-5445
-5559
-3308
-697
401
-772
-2900
-3811
-2396
-565
-110
-864
-1598
-1256
-403
-563
-1898
-3713
-4688
-4366
-3286
-2093
-3104
-4746
-7822
-8501
-8742
1991
15443
13666
-1382
-15398
-7580
6515
12960
7155
4708
5580
2916
-1701
1932
8461
6695
-1760
1116
11828
13433
1087
-8578
-5588
2198
4687
4971
6230
1888
-7770
-12140
-4516
3979
1986
-5341
-5915
-2078
-2074
-5648
-6476
-5162
-4290
-3624
503
3501
-33
-7293
-9075
-3283
3479
4951
3403
1267
-879
-2300
-166
3801
5139
2910
1919
3442
7553
7154
4006
209
763
4024
6159
6349
3331
-1073
-4123
-2424
1769
3430
797
-2928
-3816
-2229
-1127
-1170
-1963
-2527
-2893
-1982
-900
-1635
-4715
-6261
-4339
-793
680
-600
-3319
-4969
-4234
-1551
1011
1605
-392
-2725
-3029
-1714
-1173
-1851
-3330
-3598
-3924
-3575
-4025
-4565
-7126
-8898
-8564
831
15264
14090
-990
-16966
-10707
5809
15134
10134
4775
3642
1085
-2748
672
9145
9711
1118
-253
8842
12262
1959
-9033
-6223
3552
7628
5392
4311
279
-7977
-12834
-5155
5782
5750
-3837
-8164
-4951
-2719
-5305
-6095
-3607
-1549
-2277
-1195
883
-1027
-6845
-8701
-2404
5504
6817
2737
-1209
-3062
-2686
207
4988
7072
4774
1183
1367
5611
6514
3894
1944
3293
5094
4805
3404
1532
-998
-2487
-479
3089
3700
-179
-4344
-4353
-1746
9
229
-278
-1748
-3514
-3688
-2487
-1849
-2878
-3729
-2856
-1218
-1161
-3040
-4785
-4206
-2224
-165
947
189
-2440
-4361
-3479
-1086
87
-1145
-3036
-4272
-4485
-4327
-4308
-5111
-6523
-6826
-2962
11469
15768
4398
-14095
-15101
2715
16791
14910
4896
1688
693
-1603
-969
7850
12972
5945
-2165
3208
10670
6282
-6365
-8003
2176
9978
6567
1896
-1503
-5955
-10742
-6648
4745
8977
-770
-10793
-9886
-3572
-2311
-4273
-3637
-1091
-1635
-3514
-2522
-1702
-4145
-6938
-3291
4638
7572
2207
-3763
-4954
-1884
2041
5788
7544
5037
119
-1650
3103
7878
7487
3872
2110
4250
4983
3134
621
-100
13
1137
2954
3235
-306
-5269
-5857
-1351
2929
2964
-633
-3711
-4794
-3950
-2193
-588
-863
-2715
-4058
-3387
-2118
-2709
-4166
-3806
-1483
689
792
-1371
-3622
-4387
-2834
-87
1890
681
-2763
-5905
-5672
-3886
-2637
-2684
-5434
-6379
-2442
12190
14762
2613
-15511
-13760
5741
19523
14731
2391
-1294
-856
-1375
886
10228
14200
5058
-4104
1156
9495
6089
-5896
-6587
3676
10726
5339
-1143
-4231
-5901
-8681
-3991
6331
8747
-2981
-13472
-11248
-2263
253
-2496
-3468
-1802
-2653
-4897
-4178
-1891
-2481
-4850
-2428
4032
5946
-269
-6046
-5319
336
4758
6703
5764
2307
-2234
-2082
4319
9538
8923
4749
1113
1169
1949
2574
2430
2326
1638
809
713
147
-2119
-4360
-2944
863
2869
1422
-2645
-5826
-5777
-2912
-12
910
-988
-4346
-6499
-5234
-2207
-1174
-2045
-2574
-2274
-2026
-1853
-2133
-2454
-2358
-1188
-666
-732
-2621
-4125
-6080
-4971
-3691
-2256
-4683
-6864
-6716
3891
15513
9336
-7270
-17876
-3357
14264
18217
5973
-930
-634
675
-392
5109
12470
10540
-973
-2776
5968
10112
392
-7656
-1436
9545
8979
175
-4461
-4687
-5423
-5734
1259
7919
3067
-10031
-13851
-6122
1622
2
-3816
-3710
-1652
-3636
-5054
-3565
-1107
-2394
-3104
484
5177
2505
-4066
-6320
-1222
4712
6791
5048
2816
-368
-1103
2878
8148
10100
5651
1183
417
3169
4102
2955
1595
1446
1356
984
393
-843
-2829
-2796
-448
2123
1719
-1794
-5330
-5183
-2557
-163
-194
-1953
-4252
-5705
-5156
-2508
-975
-1740
-3293
-3526
-2474
-1111
-1376
-2191
-2435
-1255
-846
-1328
-2696
-3342
-4828
-4279
-3729
-2579
-4591
-7008
-7598
1953
16056
11900
-4845
-19632
-7218
12983
20393
7948
-1779
-1188
1592
-138
2710
11156
12650
1624
-3825
3852
10441
2792
-8035
-3745
9218
11985
1475
-6159
-5943
-3598
-4262
72
6909
5060
-8042
-14836
-8365
1930
2055
-3471
-5366
-2292
-2484
-4712
-4970
-1875
-1018
-2100
-670
3512
2912
-3076
-6584
-2105
5201
7727
4920
1207
-1018
-460
4198
8669
10237
5777
-229
-1311
3073
6665
5205
1475
-71
476
1336
786
-379
-1813
-1638
-165
1385
1073
-1886
-5467
-5429
-1782
1422
445
-3274
-6134
-6223
-4207
-1322
-191
-1433
-3703
-4653
-3452
-996
-64
-1240
-2584
-2070
-1071
-1330
-3026
-3794
-3967
-2853
-3020
-3220
-5844
-7372
-6819
5006
17317
11195
-7794
-20779
-5489
15739
21037
6278
-3331
-1323
2464
512
3062
11219
12166
1272
-3324
4464
10462
2045
-8308
-2762
11033
12732
554
-8303
-6736
-2394
-2107
1182
6411
3493
-9100
-14891
-7292
3196
2650
-4007
-6231
-2599
-1984
-4551
-5588
-2182
-326
-1053
-363
2693
1508
-3984
-6662
-1189
6506
8449
3991
-640
-2210
132
6499
10446
10543
3756
-2277
-1765
4451
8531
5805
892
-1161
-250
1185
1192
50
-1610
-1291
329
1610
392
-3156
-5854
-4612
-480
2096
-242
-5074
-7716
-6383
-2838
163
-23
-2793
-5322
-5455
-2944
-90
530
-1203
-2822
-2780
-1587
-1604
-2503
-3471
-3673
-2939
-2910
-3479
-6761
-8164
-4185
12486
17856
4817
-16714
-18138
3970
21539
16782
305
-3779
823
2287
-201
5894
13636
9498
-2531
-1965
7378
9264
-3071
-8271
2664
14809
9031
-4866
-10134
-4341
-733
-631
2731
6374
-799
-12802
-13831
-2466
5586
1149
-6099
-6030
-2080
-2523
-5503
-5110
-675
563
-1003
-541
1745
-525
-5106
-5096
2360
8430
7291
998
-2577
-2384
4248
9392
11027
7067
546
-2437
562
6576
8250
4454
-58
-1209
170
1250
918
-658
-1211
206
1296
550
-2171
-4665
-4918
-2012
1210
1336
-2905
-7062
-7662
-4614
-1009
595
-1399
-4568
-5848
-4373
-1730
117
-56
-1600
-3009
-2859
-2081
-2367
-2914
-3272
-2800
-2940
-3488
-5794
-7900
-7192
6223
18763
11823
-9255
-22319
-5818
17503
22709
6117
-4875
-1870
3086
492
2318
11522
13577
1759
-4762
2793
10733
3142
-8140
-3313
11534
14136
267
-10728
-8048
-706
374
1557
5442
3178
-8873
-15575
-8113
4153
4967
-2985
-7572
-4396
-2067
-3832
-5735
-2435
784
177
-1139
349
218
-3343
-5464
-742
6717
8546
3427
-2129
-3329
749
8269
11222
9945
3274
-2124
-1960
3800
8932
7704
2431
-1308
-1517
111
1366
1097
-179
0
530
363
-1461
-3796
-4758
-2932
532
1952
-1141
-6205
-8460
-6395
-2257
881
341
-3432
-6538
-6450
-3372
-30
1228
-361
-2641
-3757
-3008
-2463
-2193
-2930
-2791
-3533
-3106
-5385
-7268
-8007
4422
18465
13039
-7349
-22257
-7034
16384
22997
6564
-4912
-1668
4209
862
990
10175
14669
3374
-5109
1086
10467
4863
-7122
-4284
10311
14286
961
-10771
-8239
267
1251
571
3764
3418
-7291
-14810
-9144
3420
5496
-2296
-7959
-5187
-2337
-3442
-5606
-2500
1121
495
-1963
-1036
-133
-2277
-4213
-698
6054
7925
3455
-2149
-3124
678
8894
11729
9870
2703
-2580
-1515
4245
9352
8070
2801
-1482
-2171
-277
1609
1907
391
-140
173
-178
-1740
-3715
-4038
-2276
461
1267
-1774
-6638
-8388
-5951
-1565
1061
10
-3905
-6978
-6642
-3191
477
1458
-431
-3312
-4484
-3283
-2179
-1984
-2638
-3010
-3862
-4408
-6049
-6851
-4297
11486
17546
5901
-15701
-18623
3643
22592
18150
-193
-5598
1009
4586
514
4276
13281
12083
-1359
-4528
4405
10470
427
-7337
960
13835
10002
-5061
-12147
-4500
2360
1702
1050
3705
-558
-11214
-14159
-4162
6443
3745
-5479
-8609
-4482
-2227
-4032
-4753
-412
1662
-502
-2762
-1046
-747
-2585
-3179
1976
7435
6498
367
-3556
-2102
4505
11315
12129
7134
-499
-3614
392
7494
10713
6938
482
-2976
-1951
859
2662
2128
482
-129
-264
-1095
-2584
-3631
-3230
-1082
1146
663
-3726
-8317
-8492
-4286
150
1291
-1683
-6109
-7855
-5647
-1315
1710
1200
-1793
-4912
-5010
-2816
-1180
-1936
-2843
-4307
-4502
-6238
-6237
-5295
8000
17672
8784
-11543
-20634
-753
20542
21193
2661
-6037
-624
5336
1302
2496
11501
14418
1807
-5747
1197
10338
4103
-6340
-1506
11647
11795
-2816
-12224
-6005
2966
2588
218
2152
1372
-8593
-14404
-7344
5255
5620
-3706
-9334
-5812
-2360
-3287
-5055
-1313
1768
89
-3387
-2490
-580
-1331
-2879
252
6048
6797
1525
-3217
-2667
2839
9540
12496
9915
1734
-4239
-2676
5608
11921
10119
2428
-3340
-3692
-159
2932
3766
2074
131
-1362
-1613
-1898
-2343
-2553
-1667
40
703
-2266
-6959
-8995
-5828
-719
1877
-272
-5102
-8640
-7668
-2918
1968
2724
-504
-5174
-6653
-4477
-960
-291
-1472
-4313
-5501
-6930
-6708
-5686
3174
17165
12913
-5130
-22161
-9369
15408
24969
9056
-5534
-3398
4880
2680
117
8188
16230
7952
-5077
-2808
7909
8327
-4042
-4959
8255
15254
2532
-12078
-10510
1405
4319
979
820
2873
-5091
-14192
-11921
1899
8038
306
-8947
-8284
-3415
-2656
-5118
-2839
1849
1610
-2768
-4185
-1428
-752
-2025
-1132
4522
7207
3610
-2669
-3756
273
8351
13257
11734
3438
-4019
-3884
3703
11117
11569
5095
-2214
-4543
-1704
2739
4841
3029
95
-1340
-1340
-1602
-2359
-2587
-1748
-74
713
-1389
-5957
-8761
-7042
-2077
1407
834
-3759
-8543
-8981
-4421
1373
3269
643
-4372
-6945
-5466
-1870
-190
-1148
-3497
-5156
-6751
-7211
-5907
1200
16366
14682
-1893
-21228
-13113
12347
25381
12448
-4440
-4480
3764
3879
70
6925
16045
10256
-4297
-4522
6403
10308
-1787
-6044
5522
15172
5395
-10279
-11783
-170
4693
1463
207
2976
-3227
-13384
-13629
-519
8704
2433
-8187
-9661
-4390
-2401
-4408
-3326
1562
1903
-2319
-4684
-1704
-324
-1422
-1834
3319
7188
4709
-1891
-4153
-943
6499
12414
12847
6652
-2653
-5567
285
9796
13237
7873
-867
-5309
-3595
1527
5019
4566
1330
-1566
-2609
-1865
-1375
-1377
-1657
-998
93
-551
-4395
-8039
-7881
-3304
1069
1664
-2288
-7572
-9602
-6391
-177
3705
2382
-2885
-7239
-7247
-3164
73
145
-2581
-5243
-7140
-7809
-6294
-744
14799
16594
1638
-19508
-17103
8269
25443
16389
-2732
-5947
2565
5057
169
4987
15133
12878
-2287
-5910
4187
11281
817
-6880
2544
14872
8859
-8170
-13514
-2504
5094
2388
-302
2697
-1005
-11828
-15164
-3667
8710
5120
-6504
-10834
-5542
-1921
-3710
-4088
773
2534
-1482
-5116
-2410
279
-533
-2300
1689
6919
6204
-248
-4169
-2070
5611
12659
12913
6567
-2050
-4734
258
8574
12415
8447
122
-5045
-4162
993
5122
4766
1109
-1613
-2418
-1929
-1850
-1516
-1174
-654
-260
-850
-3990
-7289
-7548
-3992
318
1696
-1531
-6921
-9395
-6492
-537
3141
2331
-2206
-6618
-7282
-3900
-357
335
-2099
-5423
-7573
-8368
-6801
-1113
15617
18166
2171
-21122
-19356
8387
27578
18106
-3111
-7075
2030
5013
97
5511
16451
13712
-3304
-7331
4183
12729
1434
-7596
2059
15498
9596
-8289
-13874
-2582
4989
2209
51
3567
-605
-12899
-16785
-4177
9689
6179
-6403
-11714
-6455
-2336
-3521
-3409
1515
2648
-2123
-5957
-2585
849
262
-2035
1404
6655
6351
202
-3971
-2104
4760
12120
13869
8914
-792
-5958
-2067
7674
13850
10722
1203
-5842
-5858
-257
5230
6129
2579
-1499
-3670
-3216
-1789
-646
-594
-896
-771
-1047
-3667
-6999
-7891
-4652
-25
1943
-706
-6313
-9890
-8059
-1860
3450
3858
-1034
-6685
-8613
-5051
-1064
1061
-1354
-4886
-8962
-9409
-6778
4323
19776
14652
-5658
-24428
-11274
16929
28223
11111
-6723
-5542
4224
4286
2064
9795
16931
7176
-7078
-3751
9640
11770
-3232
-7245
6111
15974
4941
-11163
-11262
467
3884
287
982
4327
-4053
-15948
-15174
932
10820
2861
-9621
-11385
-5084
-2247
-3668
-1651
2736
1242
-4630
-5757
-395
2059
-218
-2126
2713
7113
5383
-946
-3278
-388
7211
12704
13118
7410
-1968
-5786
-496
9668
14375
9005
-971
-6874
-5372
898
5768
5714
1810
-2389
-4711
-3642
-1364
60
-632
-1498
-1376
-1656
-4353
-7126
-7269
-3963
-124
1291
-1647
-6435
-9199
-6858
-1232
3490
2954
-1887
-7420
-7984
-4705
-656
-130
-2394
-6529
-9823
-9225
-1392
18109
19391
1242
-23463
-19460
10428
30450
19148
-3573
-8824
386
4365
2583
9917
18926
10871
-8117
-8442
7321
16689
2322
-9186
-68
14196
9384
-7062
-11795
-1716
2853
-936
-629
6026
738
-14218
-19397
-5105
10527
7401
-6181
-12467
-7915
-3637
-3592
-1638
3893
2836
-4417
-8042
-1918
3225
2147
-1994
413
5607
6404
1614
-1873
-1192
4445
10669
13108
11201
2947
-4789
-4365
5099
13933
12941
3167
-5494
-7502
-2484
3920
6662
4306
-476
-5105
-5743
-2677
675
617
-1491
-2423
-1894
-3385
-5951
-7142
-5062
-1815
443
-760
-4194
-7579
-7788
-4280
1039
3564
1095
-4886
-8204
-6659
-2955
-844
-1502
-4770
-8690
-9785
-3328
16990
20361
3377
-22738
-21004
8530
30406
21204
-1686
-8477
-1232
2509
2114
11616
21523
12002
-9907
-11358
6106
18582
5067
-8295
-1904
11574
8100
-6249
-9791
-489
2123
-3260
-2265
6680
2844
-13127
-20627
-7494
9395
8232
-4245
-11462
-8670
-5529
-4981
-1292
5582
4311
-4607
-9511
-2948
3699
3623
-861
432
4643
5578
1934
-383
-30
5518
11150
12326
9159
1986
-3037
-1998
5327
12096
11281
3026
-4924
-7341
-2574
3885
6376
3443
-815
-4611
-5518
-3351
-11
747
-1077
-2738
-2903
-4091
-5548
-6072
-4542
-2417
-466
-1156
-4252
-6899
-6400
-3452
229
1966
524
-4197
-7207
-6777
-3528
-2064
-2213
-5871
-8657
-9119
5726
21617
15033
-8921
-27080
-9445
20695
30869
11687
-5500
-5772
294
-1041
4702
19770
23963
2059
-15770
-7183
13663
15732
-1068
-5985
4975
10816
-393
-10126
-4514
3402
-1420
-6374
1414
8809
-2989
-19005
-18266
189
10055
3416
-6940
-9118
-7657
-7825
-6141
2869
8806
2657
-8425
-8593
-7
4823
2258
314
3588
5707
3501
1048
482
3797
8539
10161
11391
8080
1917
-3608
-1263
7270
12759
8655
551
-5702
-6043
-2081
3238
5381
4104
-1332
-6071
-6667
-2787
908
731
-1446
-2391
-3627
-5329
-6408
-5138
-3338
-1490
-1150
-2414
-4369
-5753
-5166
-2668
129
1698
-649
-4327
-6534
-6037
-4525
-3045
-3805
-6202
-8790
-1616
18438
20050
937
-24743
-19344
10930
31415
20917
451
-5699
-1711
-2870
-849
15521
28727
13779
-12767
-14499
5170
17540
4962
-4565
2394
10498
2022
-9780
-7040
3316
866
-7234
-3009
9232
3556
-14589
-21824
-7410
7437
5855
-2665
-6251
-6729
-9744
-10652
-1567
9715
8181
-3919
-10032
-3771
2687
2977
1117
4154
6741
4047
1117
868
3939
8299
8091
9830
9980
6579
-522
-3440
2086
9409
9692
4230
-1659
-4556
-5039
-2149
2032
5659
3403
-3056
-7247
-6016
-1916
-54
-755
-967
-2101
-4703
-7164
-6440
-3978
-1873
-1375
-2149
-2761
-3818
-4735
-4269
-2214
520
603
-2047
-4489
-5867
-6082
-5589
-4565
-5698
-7169
-5327
14490
22845
8556
-20127
-26262
1396
28546
27206
6864
-3106
-2103
-4259
-6218
9535
29147
23535
-5947
-16813
-1970
15049
7398
-3741
1741
11684
5159
-8932
-9599
1357
1339
-7637
-5800
8839
8796
-10068
-23156
-14165
3176
6160
365
-2391
-3487
-9509
-14307
-7309
7793
11570
1608
-7695
-4704
695
1527
255
4155
8418
6335
1959
1542
2977
6785
6439
9497
12332
9428
1567
-3990
-483
6301
8121
5498
1675
-1632
-5128
-5537
-1667
3580
4764
-338
-4555
-5362
-3826
-2993
-2655
-638
574
-1896
-5752
-7131
-5470
-3741
-2119
-1246
-289
-1515
-4004
-5055
-3645
-1116
204
-942
-1960
-4027
-6056
-7694
-7029
-6400
-6708
-5995
13106
24950
13023
-17347
-30063
-4827
25621
29971
11573
508
-523
-4667
-10223
3998
27442
28229
345
-15114
-4673
11896
6327
-4368
1647
12784
7455
-7593
-10154
-128
29
-9577
-8059
8720
12558
-5640
-22102
-17713
-1848
2883
794
1740
1666
-7269
-16736
-12392
4166
11760
4903
-4030
-2520
534
-434
-2173
3082
8834
7871
3397
3580
4071
4031
3434
6873
13000
12653
5041
-2870
-2707
2140
5108
4810
4455
2025
-3411
-7362
-5184
108
3453
1098
-1811
-3015
-3306
-4605
-5055
-2905
355
-172
-2871
-4683
-4806
-5683
-5188
-2849
580
1179
-1079
-3803
-4575
-3920
-2027
-1431
-607
-1434
-4103
-7936
-8709
-8569
-7868
-8349
9069
26301
19067
-9680
-31422
-13539
17587
29796
16233
5345
3080
-2392
-12733
-3489
21525
31124
7453
-11418
-5092
10317
6115
-7210
-2350
11932
11130
-3332
-8878
-938
-917
-12620
-13137
5776
16900
1536
-18263
-20371
-7529
-2074
-1936
3038
7444
-816
-14683
-17000
-2376
8587
6148
-752
799
3670
419
-4009
-651
6623
7640
5212
6114
8075
4929
-1106
1417
10062
15610
10324
1414
-1899
-925
85
1176
4600
6347
783
-6249
-7292
-2919
-149
-923
-1191
-20
27
-2870
-5920
-5260
-2584
-1277
-1582
-970
-592
-3506
-7012
-6727
-2288
975
1244
-366
-1728
-3641
-4886
-4787
-2036
-429
-1173
-5391
-7975
-9101
-9492
-11597
-4679
19803
27362
10050
-22085
-26569
-591
22843
21837
10933
8138
5995
-7013
-12816
5160
27096
20221
-3326
-6830
7185
12606
-2856
-10016
2169
11662
4376
-4465
-867
3444
-8927
-20041
-9394
12716
12783
-5565
-17931
-13080
-6916
-7676
-3595
6875
7761
-4399
-15636
-10096
2299
4859
-132
146
6167
6194
-58
-2463
2010
4793
2867
5022
10743
11843
4375
-2745
1137
8628
12722
8646
4697
1484
-1567
-4080
-1338
4687
5501
-660
-5278
-4964
-2278
-2988
-3729
-2022
511
521
-1929
-3796
-3679
-4159
-4639
-3192
932
2038
-1481
-5684
-6273
-3887
-1664
162
1484
862
-2312
-5451
-5927
-3503
-2078
-2575
-5548
-6714
-9207
-10773
-13213
-543
22877
25026
4062
-23737
-19761
5491
21733
16398
9678
10684
6924
-7220
-9003
10063
25032
10857
-6545
-1299
14136
12151
-6112
-10110
2133
7048
-200
-2659
5287
4384
-13024
-22307
-7220
11571
7083
-8155
-13714
-7665
-7090
-10253
-4207
6327
4880
-6630
-12424
-3377
4797
2051
-3653
225
6821
6417
1783
2004
4843
2964
-409
4405
12042
13016
4857
-1105
2159
8273
9833
5710
3823
2557
-475
-3598
-1142
3487
1850
-3530
-5149
-2064
-361
-3453
-5313
-3705
-719
-210
-955
-909
-1382
-4169
-6046
-3618
1197
1856
-1091
-3797
-3685
-3018
-2771
-1766
193
599
-1478
-3969
-4531
-3565
-3968
-5459
-6825
-6448
-8539
-10937
-13677
3070
23980
23411
-359
-24382
-15074
8229
19723
12881
10698
13712
6717
-8027
-6386
13636
22264
4226
-7357
3265
18742
10679
-7573
-9012
1742
2695
-3943
-577
9729
4350
-15106
-22102
-5287
8391
1683
-9826
-9687
-3878
-6943
-10800
-3806
4868
1151
-9111
-9187
2106
7251
1198
-4618
-54
5283
4947
2987
5914
7389
2917
-1153
3892
10735
11048
4064
917
4643
7566
8113
5194
3715
474
-3353
-2950
845
3609
28
-4575
-4753
-2873
-2088
-3488
-3434
-2683
-2018
-957
117
331
-1872
-4459
-4939
-2607
666
1260
-125
-2336
-3260
-3152
-2349
-1053
-374
-785
-1896
-2883
-3380
-3779
-4627
-5703
-7300
-8187
-9997
-10679
-12238
5087
22461
22430
778
-22187
-14919
6581
17958
12222
9782
14882
10795
-2180
-6183
7126
16172
4365
-3807
3814
20215
15720
-4913
-13531
-5771
1347
-682
-700
7078
7020
-6583
-19495
-12560
-191
1143
-7019
-9677
-2414
-18
-5282
-7863
-4873
-1672
-4914
-6155
941
8695
6695
-1518
-4498
-329
4698
5416
5277
7377
6979
4142
2868
4737
7250
4868
2990
5057
8548
10329
5968
567
-2962
-3719
-1845
734
2332
1044
-1412
-3832
-4913
-4580
-4287
-2892
-2216
-992
910
995
-512
-3389
-5116
-4201
-2111
28
1025
905
-701
-2888
-4256
-3473
-1662
-728
-269
-283
-1095
-2507
-4582
-5795
-5886
-6636
-7197
-8890
-9251
-11215
1142
16668
21993
9597
-13555
-18211
-3723
12209
16089
12662
12057
9255
3566
-2
2748
6339
1509
417
6480
16543
15453
2393
-7088
-8602
-7809
-4908
1308
10379
9694
-2324
-14342
-12833
-5839
-3612
-5867
-5786
-2050
-614
-2900
-2958
-3614
-6054
-8795
-6204
1292
6513
5809
3334
905
-1442
-1964
809
5353
7871
6011
4428
5589
6521
5470
3096
2519
4200
6189
8188
8574
5149
-217
-3870
-3236
-1003
-146
320
1290
496
-2548
-4906
-4890
-3513
-3033
-2327
96
1438
306
-1711
-3519
-4523
-4687
-3304
-512
1186
664
-783
-2164
-3073
-2881
-1963
-558
514
614
-685
-2655
-4535
-4757
-5528
-6610
-8526
-8478
-9865
-4717
8051
18317
18895
240
-15356
-14194
-1037
13134
15385
9841
8338
8025
7804
3445
-2502
-4511
468
6585
11927
14205
9881
2834
-5663
-11608
-8844
-3277
5048
9767
5319
-2908
-8961
-8784
-5077
-5054
-7189
-6878
-3244
801
2590
20
-3867
-6739
-8049
-5460
-1162
2951
5685
4902
3112
1121
-495
-229
1004
2475
3725
4832
6786
8522
7361
3357
40
75
3823
7546
8020
5784
1705
-1035
-1697
-1821
-1361
-1138
-554
-41
-445
-1568
-2856
-3820
-3960
-3340
-2206
-994
-276
-444
-1413
-2978
-3919
-3336
-1701
-245
160
-95
-541
-1209
-1768
-1993
-1236
-420
88
-686
-1645
-2302
-2477
-4346
-6742
-8364
-7829
-8797
-5773
3411
13872
19026
8400
-6369
-13693
-8429
4525
10406
10605
9405
8615
10158
6394
574
-5218
-6094
203
8397
13814
12547
5858
-496
-5664
-6735
-6060
-2371
2521
4538
2767
-1247
-3948
-4018
-4656
-6113
-8361
-8104
-4854
256
3769
3095
-900
-5117
-6994
-5403
-2763
370
2586
4316
5136
4676
2817
663
-884
-850
540
3260
6096
8160
7542
4688
1536
231
2261
4684
5473
4097
1555
381
313
847
171
-1615
-3021
-3301
-2068
-1173
-1221
-1988
-2632
-2125
-1544
-934
-773
-1219
-1566
-1612
-910
-73
-56
-663
-1570
-2124
-1500
-687
-290
-711
-1463
-1968
-1723
-954
-701
-1586
-2889
-4785
-5622
-6415
-6501
-8188
-6862
751
10943
17129
10837
-352
-8663
-7989
-1553
3416
7584
10332
12366
11909
6902
1805
-3590
-4515
-1972
3342
9259
10868
8940
3923
-1562
-4461
-5799
-3829
-1589
-132
-189
-943
-349
-121
-1358
-4453
-8157
-9476
-8539
-4657
-67
3234
3674
1253
-1842
-3817
-4706
-3863
-1831
1381
4357
6263
6615
5292
2726
53
-1464
-527
1911
4740
6128
6006
5249
4185
3910
3941
3126
1221
-1128
-1809
-671
1193
2205
1671
-12
-2476
-4456
-5270
-4952
-3772
-2303
-402
1141
1418
311
-1824
-3375
-3984
-3389
-1646
306
1520
1358
206
-1040
-2113
-2405
-3158
-3671
-3147
-2178
-1415
-639
-949
-2448
-4976
-6564
-8611
-9762
-11294
-9007
-429
11507
20382
16129
4493
-6648
-9413
-5768
-547
6183
12810
17086
15980
10127
3905
-1652
-4122
-3992
-42
5828
9382
9139
5643
1640
-1216
-3756
-5186
-6015
-6230
-5972
-4676
-1441
2021
2607
-757
-6338
-10822
-12474
-10461
-5608
344
4813
5698
3731
475
-2390
-3674
-3522
-1586
1492
4978
7645
8366
7347
5309
3009
1224
280
614
1383
2597
4557
7110
9238
8488
4820
-869
-5875
-7811
-6338
-2625
1021
3049
2836
511
-2782
-5536
-7008
-6765
-4919
-2069
798
2680
3119
2170
173
-2332
-3853
-4050
-3225
-1777
-10
1568
2316
1723
-70
-3083
-5828
-7190
-6473
-4406
-2588
-1823
-2745
-5105
-8833
-12490
-15785
-10651
1094
16491
21982
14528
2812
-4599
-4606
-2312
880
6850
12820
15654
13615
9841
6387
3333
586
-1127
-228
1358
1875
2202
2247
3494
2966
118
-3720
-8257
-11889
-13297
-10400
-3546
1958
3112
-168
-4599
-8547
-10570
-9414
-5519
-1076
1919
2772
3302
3600
4096
3895
2766
1977
1443
1790
3201
5427
8173
9319
8646
6485
3765
612
-1643
-858
2144
5722
7098
5440
1709
-3096
-6335
-7093
-6116
-4312
-2959
-1986
-1570
-1492
-1249
-1136
-1209
-1748
-2269
-2572
-2116
-413
1521
2861
2788
1540
-320
-2389
-3463
-3290
-2343
-1477
-1280
-1663
-2364
-3531
-4056
-4670
-5243
-6704
-8138
-10242
-12250
-14440
-14833
-5681
8912
23841
24125
12079
-361
-5739
-3975
-978
3877
11911
17083
16996
13038
10469
8643
5246
601
-2712
-2657
-2524
-2178
-411
2268
5507
4088
-1077
-7242
-13305
-16819
-16838
-11513
-3447
1314
1395
-1210
-3847
-5856
-6720
-5556
-3764
-2121
-1095
716
4490
8354
11322
11224
8146
4687
1240
-19
1143
4588
8575
10124
9403
7245
4064
985
-799
-540
-136
-157
-1009
-1942
-2592
-3207
-3099
-3436
-4478
-5353
-5937
-5563
-4445
-2118
895
2540
2623
1900
997
231
46
734
1357
1188
429
-197
-366
-514
-468
-1059
-2646
-4860
-6769
-7658
-7547
-6313
-5405
-5521
-7291
-9518
-12902
-15917
-19877
-13352
1435
19166
26404
17668
7794
2699
2838
2791
2033
7141
12102
13359
11505
12825
16184
14385
8238
174
-3651
-6255
-9514
-8117
-4252
1803
3782
441
-3169
-8097
-13248
-16766
-15988
-11105
-7585
-6694
-5664
-2576
560
1767
2481
1997
170
-2442
-3966
-416
5362
10866
14027
13394
12208
9274
6020
4010
3436
3690
2262
1080
1217
2546
3386
4066
4081
2232
-1482
-5713
-8446
-9318
-8155
-5810
-3648
-2586
-2013
-1196
-768
-407
-516
-663
-891
-980
384
2295
4435
6066
6623
5719
3168
437
-1835
-3323
-4025
-3876
-3415
-3656
-4721
-5416
-6220
-6414
-7483
-8437
-10717
-12864
-15584
-16949
-19306
-16284
-2300
14318
26036
21200
11716
7657
6350
5733
2303
4677
10394
12237
11782
12353
18170
18889
12879
4132
-2565
-5624
-11293
-13045
-9290
-3760
63
-1790
-3304
-4452
-8418
-12936
-15725
-14383
-12565
-12557
-10485
-5508
813
4734
6512
7600
6072
3185
-648
-906
2741
6604
10304
11866
13372
13557
11493
9508
7589
5473
1424
-2809
-4983
-4545
-2702
81
3092
3777
1728
-2201
-5792
-8278
-9502
-9505
-8759
-7386
-4857
-925
2745
5245
5678
4381
2460
280
-577
32
1573
3540
5166
6146
6316
5530
3707
992
-2350
-5244
-7474
-8525
-8945
-8236
-7640
-6888
-6959
-7117
-8529
-10716
-14846
-17630
-22173
-20243
-5928
10594
23520
20776
15719
15932
14302
11753
5617
6425
8497
5693
4368
8105
18425
20648
15980
9010
3339
-1749
-11670
-16082
-14341
-11085
-9803
-10755
-7005
-2650
-3514
-6805
-9286
-9841
-12250
-16292
-15549
-10534
-3949
743
5394
10426
12677
11773
7879
6397
6158
5330
4782
4303
6844
8838
10276
12101
12837
11031
5326
-860
-5977
-8580
-9875
-9031
-6050
-3649
-1763
-1437
-539
-319
-2112
-4799
-8041
-9207
-8845
-6159
-1733
2755
6128
7567
8334
7819
6645
4857
2813
974
-840
-843
424
2027
3222
3405
1972
-578
-3611
-6796
-9737
-12175
-13686
-14025
-13502
-11219
-9499
-8747
-10056
-11894
-15631
-18768
-8423
5091
16801
17611
12888
17342
18057
16993
13110
11699
14069
8284
3726
3521
11109
14481
10988
8164
5117
2387
-6616
-12408
-12070
-11298
-12335
-16214
-14645
-10124
-8633
-7964
-6505
-3983
-4848
-9794
-11588
-8836
-4630
-1452
1846
6423
9624
11067
10837
12783
14660
13295
9929
5192
4426
4526
5021
6678
7326
7054
3636
596
-1157
-2626
-4929
-8365
-10195
-10818
-9418
-7108
-4208
-1066
-175
-684
-1846
-2346
-2028
-1772
-777
359
1367
3002
5268
7652
9046
9174
8048
5956
3536
1697
708
-505
-1578
-2245
-2818
-3085
-3400
-3872
-5133
-7475
-10008
-12469
-13926
-14543
-13840
-13724
-12682
-13127
-13048
-16705
-13771
1989
13832
21792
17109
15147
19651
16311
14581
11306
14413
13174
4961
2733
6829
14308
12032
9158
6273
2361
-5035
-14019
-12714
-11393
-12326
-16823
-19428
-14100
-10561
-8752
-5815
-2949
-2891
-8127
-11742
-8899
-3878
-431
1230
4379
7275
9577
11620
14459
18286
16682
12170
6427
3650
4517
3665
4592
4717
4170
2122
-623
-547
-1137
-3094
-7475
-11019
-12485
-11574
-8910
-6785
-3512
-2300
-1605
-566
406
2408
2304
1935
1493
921
1509
2929
5684
7798
8538
8107
7434
6294
4690
3423
1254
-1375
-4315
-6089
-5898
-5546
-4685
-4811
-6006
-7823
-9457
-10793
-11732
-12787
-13128
-13818
-13944
-14036
-13525
-14778
-14047
631
12918
21250
20533
17460
24065
21020
17347
12563
12404
12913
3559
613
3727
11462
10743
7819
7120
3694
-2141
-12278
-12882
-12133
-14499
-18517
-22199
-16816
-11998
-9588
-5569
-1822
-3
-3544
-6927
-5005
-1898
-333
-48
2025
4976
8209
11877
15241
19317
18494
14964
10305
6203
5533
2578
1152
-252
-1778
-2195
-2912
-1188
-296
-1277
-4631
-8570
-11031
-11652
-9861
-8094
-5859
-4684
-3426
-636
1824
5019
6265
5827
4704
2872
2562
2992
4367
5368
5382
5325
5570
6189
6208
5889
3975
846
-2703
-5589
-6830
-7830
-8063
-8046
-8330
-8251
-8404
-8034
-8247
-8874
-10389
-11656
-12725
-12995
-13535
-13520
-15506
-12931
2047
13722
22698
21934
21818
27460
22752
18669
12969
13627
10867
250
-3057
-57
7300
6490
6466
6831
4586
-1671
-10679
-10345
-11421
-15236
-21474
-24461
-18430
-14257
-10924
-5655
108
2882
-212
-2048
373
2364
1800
313
1117
2894
5529
8823
13639
18893
18965
16523
12048
8966
7093
2702
-176
-3399
-5789
-7473
-7977
-5303
-2689
-1769
-3464
-5588
-6646
-6731
-7162
-6888
-6015
-5798
-4871
-3172
550
4258
6422
7446
7321
6595
5461
4937
4971
4376
2704
2081
2554
3079
3843
4328
3862
1614
-1146
-3424
-5382
-7163
-8539
-9760
-11023
-11227
-10601
-9224
-8148
-7628
-7729
-8234
-8724
-8948
-10185
-11886
-14011
-16752
-5078
8376
18038
22177
20323
28168
26682
21893
17457
15242
14736
2099
-5285
-5342
1187
2294
1071
4137
3790
1823
-6224
-6769
-5481
-10254
-16904
-23970
-21367
-17852
-16381
-10879
-3595
2078
1627
757
4174
7474
7218
4302
2745
1940
1907
3823
7333
13119
15244
14591
13284
11601
11472
8023
4227
288
-4867
-8716
-11388
-10185
-7826
-6142
-5605
-5184
-3888
-2572
-912
-855
-1257
-2676
-4598
-4790
-3753
-869
1503
3114
4976
6266
7440
8464
9056
8464
5943
3000
1350
605
155
243
205
-572
-1536
-2345
-2646
-3240
-4498
-6217
-8691
-10447
-11271
-11361
-10898
-10591
-9818
-9110
-7930
-7139
-6795
-8103
-9639
-14086
-8286
4785
12952
18729
16143
22624
26164
22145
20113
17174
19049
8440
-2362
-4794
-1075
930
-2831
-201
482
259
-4997
-6118
-1986
-5322
-11127
-18836
-19278
-16904
-17778
-14506
-8120
-2423
-1643
-1680
3086
8325
9415
7621
6642
5473
3326
3157
4987
8923
10710
9824
10105
9875
10916
10044
7857
5575
124
-4806
-8720
-9838
-9393
-9543
-9082
-8681
-7133
-4726
-1312
1569
2033
1049
-775
-1228
-1415
-1094
-48
205
1008
1910
4005
6753
8749
9630
8327
6469
4723
3168
1697
376
-846
-2851
-4335
-4724
-3934
-3183
-3112
-3804
-5527
-7101
-8287
-9185
-9926
-10456
-10589
-10530
-9923
-8363
-7106
-6529
-7549
-9003
-12713
-4491
7801
14845
18502
15338
22549
23750
20496
19196
17427
18201
5551
-3274
-3861
622
464
-3849
-788
-393
-1287
-6833
-4963
-124
-4661
-11263
-17994
-16323
-14994
-16874
-13057
-6629
-2450
-3800
-2812
4088
9488
9418
7632
7748
6398
3537
3291
5767
9186
8733
7058
7796
8441
9952
9413
8316
6012
324
-3905
-6717
-7552
-8435
-9526
-9834
-9933
-9026
-6035
-905
1663
3008
2595
2236
1837
478
1003
820
166
-1053
-340
2450
5259
6898
7507
7879
6612
5595
4612
3815
2203
-973
-3625
-5378
-5666
-5368
-4922
-4383
-4353
-5486
-6397
-6485
-6456
-7164
-8441
-9367
-9663
-9628
-8569
-7615
-6616
-7619
-8750
-12285
-9685
3968
12590
18835
16244
18539
24684
21530
20470
16529
17869
10633
-2403
-6025
-2837
2047
-3008
-3551
-1388
362
-2716
-6561
-534
-291
-6143
-15957
-18493
-12991
-13709
-14735
-11392
-4417
-2101
-4223
-420
8332
12730
9046
5830
6652
6559
3744
2099
6053
9178
5986
3651
6156
10977
11135
7212
6488
4875
-155
-5789
-7350
-5663
-7684
-11665
-12654
-9382
-6032
-3692
-487
3360
4722
2236
1334
3098
3829
1603
-1237
-1061
138
435
1801
5062
7762
7200
5163
5530
6727
5100
1837
-260
-1732
-4254
-6468
-5997
-4147
-4102
-5302
-5723
-4893
-4299
-5657
-6738
-6704
-7188
-8766
-9287
-7915
-6140
-6863
-7344
-7873
-7959
-11658
-9782
4078
12626
17804
13956
17211
25182
22038
19858
15583
18050
10517
-3377
-6478
-2147
2177
-5301
-5987
-1994
830
-2874
-6333
1686
1815
-5633
-15381
-15532
-9904
-13210
-15745
-11560
-4332
-3975
-6226
-30
9935
12454
7562
6458
8908
7563
3234
2468
6690
7199
1964
1197
5938
9765
8666
6366
7751
6000
202
-3898
-4119
-3883
-8462
-12466
-12097
-9096
-7893
-6088
-122
4029
4746
2775
4468
7233
5372
2398
7
219
-1073
-2526
-361
3436
5150
3856
4540
6813
7883
5889
3607
2822
-66
-3936
-6456
-5847
-5051
-6414
-7090
-5703
-4086
-4140
-4573
-3944
-3756
-5468
-7323
-7297
-6481
-7092
-8008
-8061
-7511
-8900
-10499
-12721
-3851
8046
13672
16584
14396
21877
23647
20027
17656
15135
15197
2723
-5638
-5400
-535
-1616
-7454
-3714
-547
528
-4419
-2083
4010
-748
-8943
-15444
-11581
-10312
-15298
-14752
-8701
-3906
-5877
-4402
4572
11550
9946
6316
8035
9078
5598
2013
3384
6212
3327
-488
2088
6948
8644
6738
6643
7996
4291
-813
-2786
-2612
-4982
-10329
-12170
-10509
-8506
-8185
-5418
917
3271
3529
3702
6695
8458
4950
2794
1402
1119
-1113
-2191
761
2858
2873
1692
4278
6516
6251
4387
3149
2962
-746
-3773
-4868
-4255
-4771
-6960
-6578
-4854
-3805
-4423
-4167
-3280
-3720
-5420
-6220
-5168
-5003
-6171
-6885
-6465
-6057
-6975
-8370
-8874
-10824
-3088
6468
12902
15565
13428
20998
22223
19518
16084
14328
14519
2306
-5345
-5733
-1051
-3486
-8590
-4222
-904
102
-4752
-798
5042
279
-7535
-12748
-8479
-9169
-14588
-13776
-7788
-4404
-7267
-4402
4981
11149
8919
6297
9175
9759
5621
2256
4146
5890
1533
-2164
1037
5535
6013
4385
5817
7656
3982
-419
-1198
-587
-4036
-9677
-11217
-9684
-8877
-9031
-5403
294
2823
3218
4728
8308
8763
5533
3304
2329
1059
-1661
-2617
-475
895
492
714
3767
6394
6036
4761
4440
3792
253
-3050
-4050
-4398
-6329
-8476
-7553
-5539
-4642
-4402
-3212
-1694
-2314
-3915
-4313
-3443
-4204
-6109
-6999
-6258
-6287
-7176
-7949
-7384
-9264
-8868
1525
9658
15248
13444
15041
22193
19855
16995
13279
14909
9684
-3035
-6793
-3906
-509
-6796
-7206
-2166
296
-1948
-4633
3150
4218
-2548
-9926
-10238
-6466
-10985
-14131
-10518
-4844
-5589
-7255
-591
8070
10268
6470
7299
10292
8347
3980
2972
5792
4165
-1364
-2004
2589
5080
3799
3453
6008
5880
1452
-612
328
-707
-5854
-10175
-9749
-8624
-8912
-8545
-3107
2026
2601
3572
6196
10111
8361
4790
3987
2876
923
-2822
-2194
201
312
-696
742
5094
6013
5392
4657
5349
3487
-1031
-2848
-3796
-4743
-7688
-8970
-7192
-5465
-4890
-4325
-2026
-882
-1896
-3038
-2434
-1715
-3689
-5235
-5663
-5417
-6328
-7021
-6442
-6331
-8180
-10117
-683
8265
13203
13004
13057
21085
19331
15879
13222
14060
11381
-1718
-6326
-4699
-1299
-6300
-8640
-3044
-961
-1852
-4874
2265
5635
-606
-7033
-8784
-4852
-8708
-12801
-10232
-5299
-5059
-7695
-2429
6142
9561
6713
6840
10489
9249
4853
3020
5123
4256
-1336
-3411
188
2900
2142
1715
4205
5442
2051
-135
837
683
-3506
-8251
-8725
-7839
-8288
-8569
-4862
486
2139
3111
5811
9835
10173
6823
5446
4541
2536
-1049
-2398
-794
-759
-1930
-1532
2190
4591
4326
4116
4961
4590
1065
-1445
-2576
-3852
-6568
-8687
-7611
-5968
-5101
-4496
-2390
-494
-634
-1429
-897
62
-1155
-3318
-4075
-4301
-4887
-6549
-6608
-6416
-7073
-9613
-10056
-214
7204
11504
11251
12664
19555
17418
15136
12933
13613
9515
-2275
-5643
-4228
-1869
-7142
-8051
-2886
-1099
-1751
-3364
3944
5887
238
-5089
-5979
-3022
-7536
-11053
-8950
-4984
-5576
-7615
-1760
5701
8370
5703
6729
10284
8767
5078
3486
5138
3011
-2477
-3832
-458
1695
475
633
3413
4600
1762
506
1996
1365
-3106
-7227
-7259
-6558
-7689
-7882
-4634
-671
1198
2408
5993
9466
9262
6891
5488
5077
2655
-588
-2110
-1699
-2214
-3577
-2436
738
3207
3000
3225
4591
4298
1862
-370
-1086
-2902
-5948
-7772
-6857
-5431
-4999
-4160
-2273
-333
-159
-306
613
1287
39
-2184
-3114
-3354
-4730
-6330
-6834
-6265
-7551
-8450
-10441
-5951
2868
6967
10230
9549
14213
17487
14635
13560
11754
11645
3629
-4075
-4859
-2892
-3527
-8530
-5826
-2907
-1590
-2682
-765
5516
3077
-1593
-5285
-3869
-3778
-8784
-9784
-7535
-5508
-7663
-6298
533
5527
5723
4329
7544
9156
6799
4579
4933
5293
1162
-2716
-1694
1203
1076
-166
1257
3809
3408
1470
2259
3512
1167
-3307
-5566
-5134
-5778
-7281
-6649
-3199
-573
364
2923
6696
9154
7894
6239
6133
5019
2444
-539
-1255
-1635
-3105
-3790
-2011
1107
2011
2371
3470
4686
3962
1718
758
-516
-2789
-5465
-6438
-5676
-5192
-4863
-3924
-1949
-683
-312
28
581
792
-559
-1734
-2454
-3315
-4625
-5797
-5893
-6178
-6694
-7697
-7591
-9124
-5254
2007
6294
9133
8237
13137
16187
13916
12613
11332
11767
4186
-2549
-3019
-1169
-2843
-7802
-5204
-2333
-1116
-2984
-808
4936
2805
-1391
-4469
-2567
-2996
-7953
-9127
-7026
-5439
-7759
-6340
-442
4035
4235
3330
6681
8295
6801
4875
5028
5151
1478
-1653
-1192
883
507
-375
700
2470
2537
1566
2393
2784
918
-2378
-4136
-4388
-5336
-6268
-6196
-3364
-1310
-76
2412
5148
7503
6786
6105
5939
4845
2675
54
-545
-1411
-2675
-3329
-1802
303
807
1880
3197
4501
3803
2418
1603
-108
-2145
-4552
-5468
-5512
-5552
-5478
-4630
-2700
-1472
-751
-89
963
1133
203
-607
-1240
-2179
-3724
-4940
-5387
-5783
-6520
-6857
-6854
-6955
-8391
-4339
2323
6418
7962
7907
12582
14481
12306
11091
11015
10520
3310
-2229
-2244
-775
-3315
-6934
-4154
-1911
-1697
-2908
293
4861
2531
-1067
-2766
-927
-2216
-6261
-6882
-5178
-4922
-7197
-5362
-261
2963
2762
2861
6128
7292
5949
4944
5442
4901
1321
-1129
-455
867
117
-639
312
1733
1813
1315
2512
2987
1250
-1359
-2712
-2904
-3889
-5176
-5404
-4381
-2251
-606
1261
3846
5662
6093
5224
5031
4730
3221
848
-994
-1487
-2590
-3422
-2895
-1150
69
276
1692
3142
3560
2564
1467
391
-1579
-3510
-4974
-5330
-5460
-5431
-5055
-3903
-2059
-1044
-247
466
1002
683
-48
-308
-934
-1980
-3463
-4318
-4990
-5472
-5849
-5941
-6094
-6301
-7452
-5881
-169
4019
6156
6352
9033
12179
11060
9968
9771
9999
5521
-267
-1418
-455
-1441
-5125
-4498
-2140
-1594
-2230
-998
3400
3308
325
-1649
-767
-466
-3864
-5474
-4739
-4069
-5897
-5864
-1851
1337
1992
1778
4321
6399
5889
5125
5306
5338
2690
-41
-485
276
-125
-1545
-1107
-77
298
-15
615
1577
650
-1175
-2493
-2630
-3238
-4336
-4949
-4797
-3811
-2171
-10
2330
4293
5483
6014
6306
6353
5732
3946
1773
-35
-1584
-2782
-3284
-2768
-2027
-1411
-289
1158
2365
2887
2693
2069
805
-683
-1981
-3090
-4012
-4581
-4788
-4423
-3302
-2049
-805
140
823
1253
1317
1289
1034
272
-869
-2083
-3238
-4039
-4486
-4757
-5022
-5321
-5625
-5786
-6489
-4135
214
3317
4822
5325
8397
10661
9934
9183
9262
8947
4737
730
242
789
-1195
-3902
-2850
-1088
-926
-1300
724
3950
3200
999
411
1459
642
-2212
-3166
-2710
-3218
-4897
-4098
-1010
696
559
1016
3244
4457
3954
3757
4308
3709
1236
-576
-734
-835
-1918
-2690
-2114
-1394
-1208
-879
182
881
284
-658
-886
-841
-1140
-1846
-1887
-1530
-792
1257
3627
6171
8051
9376
10290
10182
9555
7844
5135
1787
-1637
-4207
-5993
-6841
-7065
-6393
-5462
-4140
-2333
-811
491
983
919
359
-411
-1259
-2322
-3170
-3733
-3735
-3591
-2836
-1533
-242
876
1561
2234
2605
2717
2386
1488
334
-1023
-2478
-3774
-4673
-5231
-5823
-6082
-6169
-5917
-5980
-6064
-3907
-649
1978
3190
4474
7002
8192
7756
7077
7296
6514
3327
667
-43
-115
-2013
-3280
-2427
-1618
-1532
-1697
164
1979
1596
623
456
931
-156
-1749
-2355
-2243
-2799
-3774
-2936
-1131
297
608
1536
3167
3987
4042
3916
4132
3308
1555
169
-470
-802
-1754
-2246
-2190
-1830
-1561
-1223
-350
153
101
-398
-621
-664
-942
-1463
-1813
-1839
-1666
-469
1234
2707
3823
4810
5743
6057
5821
5235
4266
2509
463
-1051
-2111
-2992
-3669
-3640
-3098
-2289
-1194
77
1325
1950
1993
1625
1192
666
-220
-1024
-1669
-1932
-2089
-1954
-1094
-59
664
1067
1483
1813
1842
1686
1213
522
-516
-1728
-2751
-3535
-4040
-4692
-5045
-5062
-4799
-4720
-4565
-4702
-4228
-2373
-153
1941
3247
4692
6519
7250
7198
7200
7316
6247
3809
1933
1178
253
-1406
-2387
-2169
-2002
-2105
-1755
-241
980
872
431
553
790
155
-887
-1310
-1496
-2314
-2942
-2222
-830
24
434
1450
2688
3484
3872
4250
4346
3490
2294
1226
659
-95
-1159
-1739
-1962
-1964
-1913
-1696
-1053
-759
-721
-620
-414
-330
-648
-812
-1014
-887
-486
64
1185
2116
3010
3570
4022
4362
4232
3722
2755
1798
627
-467
-1344
-1876
-2098
-2275
-1846
-1109
-304
457
1016
1455
1423
1160
677
136
-408
-1016
-1366
-1496
-1277
-869
-300
419
1117
1721
2017
2234
2273
1880
1096
264
-814
-1893
-2824
-3628
-4170
-4674
-4986
-4878
-4585
-4077
-3854
-3441
-3290
-2929
-1458
291
2101
3049
4227
5491
6108
6079
6082
6252
5290
3435
1817
959
44
-1595
-2390
-2544
-2675
-2849
-2375
-1011
-80
113
178
662
947
488
113
-14
-292
-1119
-1559
-1046
-335
15
316
1215
2137
2715
3198
3796
3921
3323
2582
1995
1556
747
-183
-729
-1166
-1648
-1987
-1870
-1726
-1849
-2075
-2138
-1925
-1881
-1673
-1545
-1381
-1456
-1057
-227
1066
2242
2781
3497
3819
3978
3501
2778
1904
643
-836
-2252
-2918
-3420
-3553
-3429
-2730
-1797
-908
200
1238
2077
2328
2163
1869
1270
536
-401
-1103
-1665
-2064
-2129
-1918
-1182
-525
73
665
1219
1646
1554
1270
733
78
-783
-1599
-2239
-2803
-3205
-3509
-3391
-3006
-2557
-2136
-1645
-1184
-751
-754
12
1142
2145
2991
3695
4996
5667
5741
5830
6040
5906
4705
3619
2626
1569
14
-1295
-1615
-2116
-2541
-2685
-1925
-964
-526
17
687
1340
1264
1080
1057
933
425
-409
-636
-605
-785
-916
-782
-239
-11
190
532
829
865
447
128
-182
-596
-1190
-1757
-1968
-2244
-2248
-2137
-1885
-1477
-1067
-637
-360
111
483
654
803
981
1659
1843
2335
2679
3069
3262
2999
3061
2720
2305
1559
895
212
-627
-1230
-1799
-1818
-1840
-1581
-1003
-302
465
989
1554
1880
1977
1826
1360
1038
579
59
-585
-750
-730
-762
-611
-296
108
323
590
836
833
743
324
-113
-574
-1102
-1640
-2192
-2524
-2794
-2855
-2856
-2559
-2099
-1767
-1368
-873
-380
-65
30
-38
545
1049
1542
1954
2814
3811
3995
4063
4275
4694
4285
3361
2721
2162
1209
-230
-745
-894
-1464
-2103
-1924
-942
-530
-346
274
1072
1385
1102
1101
1207
856
-58
-734
-779
-1153
-1718
-1885
-1557
-1208
-1160
-847
-250
156
261
149
203
49
-393
-916
-1279
-1530
-1933
-2140
-2213
-1972
-1602
-1333
-897
-427
46
398
621
875
1462
1508
1800
2021
2379
2275
1907
1801
1502
1142
262
-94
-477
-1016
-1401
-1560
-1116
-1092
-799
-258
332
1012
1446
1890
2092
2078
1797
1373
1159
681
237
-306
-523
-577
-644
-453
-178
264
363
469
715
902
965
613
268
-270
-732
-1172
-1669
-1900
-2038
-2184
-2199
-1971
-1622
-1377
-1091
-700
-379
-186
-107
-188
-174
-520
-685
-476
-213
73
232
954
1612
2041
2216
2676
3113
2597
2221
1883
1503
830
-67
-233
-631
-905
-1122
-691
-53
364
915
1343
1960
2094
2109
2253
2040
1657
926
411
88
-326
-657
-928
-872
-753
-560
-206
80
384
373
537
623
496
261
-145
-346
-557
-685
-940
-1088
-986
-907
-664
-508
-168
180
273
698
961
1325
1500
1608
1797
1428
1268
844
590
-11
-531
-756
-1131
-1222
-1496
-1324
-1086
-844
-347
38
616
904
1122
1204
1176
1153
751
452
11
-319
-566
-772
-712
-743
-637
-378
-65
259
403
571
624
582
405
96
-191
-586
-896
-1220
-1400
-1470
-1566
-1577
-1343
-1029
-792
-411
-86
155
418
540
592
500
320
155
-138
-357
-616
-598
-503
-266
115
431
1037
1364
1685
2027
2316
2482
2093
1915
1564
1201
613
144
93
-285
-438
-470
-49
428
546
982
1321
1669
1681
1687
1843
1631
1196
651
483
224
-198
-405
-569
-463
-469
-387
-88
96
158
146
182
178
-26
-374
-677
-887
-1060
-1228
-1290
-1097
-872
-617
-323
41
179
363
580
858
1122
1118
1181
959
669
132
-317
-645
-1099
-1435
-1796
-1784
-1602
-1388
-953
-557
29
479
1011
1550
1789
1837
1553
1320
960
592
212
-239
-449
-720
-771
-580
-328
-89
137
503
778
1035
1177
1142
1049
789
451
92
-288
-671
-993
-1168
-1302
-1268
-1240
-1120
-918
-650
-469
-234
-45
50
123
65
96
-16
-171
-377
-573
-591
-654
-680
-764
-735
-416
-156
285
507
952
1323
1428
1591
1717
1905
1739
1451
1225
944
605
210
111
41
-207
-186
-44
278
422
526
849
938
985
885
806
723
352
52
-177
-403
-588
-763
-692
-632
-505
-328
-7
295
487
626
791
834
825
735
603
554
380
204
53
-101
-140
-135
-154
-209
-154
99
194
314
469
602
586
295
80
-125
-289
-367
-388
-213
-75
101
371
633
898
984
1026
1059
1099
1056
850
617
387
157
-57
-144
-178
-262
-357
-359
-197
-36
90
194
226
386
400
363
375
310
199
-19
-114
-164
-390
-555
-539
-459
-423
-393
-224
-110
55
196
282
358
473
428
415
411
317
167
14
-129
-311
-443
-559
-689
-770
-820
-814
-737
-814
-627
-440
-225
-80
111
353
415
381
368
420
312
42
-184
-407
-587
-763
-809
-782
-901
-775
-648
-403
-163
57
328
536
687
762
755
699
630
522
411
266
109
-12
5
32
191
364
549
749
939
1077
1138
1204
1171
1021
894
785
796
650
553
407
439
469
419
481
464
706
630
586
732
690
651
598
690
663
510
475
405
517
491
427
425
442
526
452
433
379
302
193
165
175
87
92
104
148
215
240
277
294
342
288
258
193
154
115
32
20
-24
-167
-238
-164
-124
-121
-51
-38
-94
-60
-41
-80
-87
-132
-239
-205
-249
-216
-147
-248
-231
-244
-209
-241
-228
-202
-242
-300
-355
-257
-319
-363
-395
-519
-588
-748
-764
-810
-895
-851
-775
-597
-451
-357
-144
-54
19
-33
117
113
79
41
-38
-58
-69
-83
-161
-148
-229
-157
-87
105
326
378
540
682
816
929
996
1029
1038
981
834
804
762
620
564
485
508
459
534
674
724
875
902
937
894
797
837
759
771
578
560
437
245
39
-115
-68
-121
-132
-110
7
237
389
533
685
783
757
718
763
693
489
289
107
-29
-274
-372
-391
-377
-260
-179
23
175
359
445
473
540
545
467
300
218
97
-45
-219
-326
-376
-366
-282
-206
-178
-95
-50
57
94
84
105
100
87
19
-52
-130
-128
-160
-187
-163
-196
-292
-304
-293
-234
-94
-49
-61
-57
-9
6
5
-38
-146
-276
-342
-461
-604
-700
-807
-840
-852
-706
-672
-678
-521
-425
-388
-375
-387
-416
-489
-560
-641
-695
-709
-723
-675
-596
-489
-478
-398
-269
-135
74
97
132
223
250
320
403
472
480
483
554
611
592
601
625
658
675
761
784
820
806
864
866
823
858
792
792
721
667
568
429
409
382
341
319
305
250
253
244
222
301
371
424
449
454
437
406
320
263
153
77
-75
-160
-170
-198
-118
-81
27
115
190
234
255
287
225
180
86
-50
-98
-160
-229
-283
-266
-291
-291
-257
-178
-112
-55
-16
36
24
-7
27
0
-98
-167
-131
-211
-254
-285
-280
-325
-382
-402
-344
-284
-277
-204
-231
-204
-199
-166
-229
-263
-284
-353
-323
-420
-481
-562
-581
-512
-489
-425
-434
-371
-282
-188
-172
-208
-185
-156
-171
-140
-202
-250
-247
-231
-241
-177
-52
42
155
208
285
304
335
322
307
346
376
345
307
247
180
122
53
86
175
202
199
269
409
517
465
458
486
466
457
427
374
336
230
150
193
188
224
215
279
328
368
392
391
388
462
437
404
397
308
278
167
69
-74
-109
-220
-302
-330
-304
-335
-382
-345
-260
-173
-153
-99
-90
-79
-136
-146
-206
-315
-387
-461
-511
-496
-551
-544
-450
-461
-364
-329
-308
-302
-282
-214
-167
-142
-166
-169
-121
-202
-178
-180
-179
-182
-188
-131
-130
-55
-39
-70
-83
-84
-57
-88
-98
-71
-97
-151
-211
-175
-265
-340
-302
-309
-364
-386
-323
-301
-291
-322
-351
-361
-375
-392
-350
-302
-275
-234
-235
-216
-140
-114
-87
-3
25
38
15
96
158
112
139
221
272
325
378
384
405
380
277
171
186
97
28
-56
-41
-45
-140
-126
-49
-93
-134
-93
-139
-118
-162
-238
-283
-318
-401
-414
-400
-431
-432
-398
-424
-337
-347
-334
-243
-211
-237
-262
-303
-318
-218
-156
-120
-116
-107
-91
-35
-10
101
198
231
308
334
395
420
420
344
302
305
196
173
197
161
103
76
94
65
123
136
130
172
163
229
142
62
-2
2
-56
-107
-75
-144
-194
-200
-259
-245
-307
-308
-289
-344
-248
-246
-208
-141
-131
-139
-63
23
11
-11
-36
5
6
-32
-23
-8
96
151
104
196
237
244
297
294
274
263
273
227
248
275
282
280
252
249
233
253
292
290
277
169
146
185
197
131
139
63
-21
-109
-267
-226
-312
-376
-402
-496
-495
-540
-591
-593
-654
-618
-658
-641
-638
-683
-708
-696
-690
-698
-665
-603
-518
-450
-380
-301
-231
-110
12
92
166
231
257
353
374
405
490
509
513
433
422
373
333
322
258
225
149
92
2
-50
-125
-109
-67
-111
-181
-271
-374
-379
-423
-554
-627
-642
-681
-704
-635
-636
-574
-573
-590
-540
-522
-430
-368
-289
-187
-138
-58
-28
-8
-25
46
32
29
44
43
52
-44
-83
-136
-183
-273
-348
-454
-545
-557
-575
-577
-556
-548
-432
-365
-349
-188
-169
-151
-87
-145
-177
-228
-250
-305
-311
-356
-401
-331
-351
-323
-281
-320
-273
-214
-212
-147
-135
-156
-123
-45
-34
-38
13
49
26
53
100
106
70
75
84
57
-39
-57
-54
-108
-129
-241
-295
-307
-373
-388
-495
-543
-597
-573
-566
-527
-436
-462
-327
-279
-274
-223
-143
-22
28
53
97
153
191
256
287
296
297
229
272
294
267
238
174
146
26
-45
-86
-122
-162
-231
-266
-328
-288
-325
-361
-381
-353
-330
-289
-212
-136
-78
-48
34
75
125
149
112
131
130
152
107
9
15
-39
-106
-91
-107
-97
-58
-144
-102
-91
-107
-135
-141
-98
-108
-164
-153
-138
-117
-80
-156
-167
-151
-180
-224
-226
-226
-175
-152
-157
-140
-175
-152
-107
-101
-45
-15
-51
-79
-86
-106
-117
-86
-60
-95
-126
-146
-138
-149
-248
-248
-287
-296
-305
-332
-385
-422
-402
-405
-375
-363
-323
-320
-315
-267
-273
-239
-197
-78
-60
-28
42
77
60
72
68
43
154
183
184
139
123
131
100
31
74
16
-18
-61
-149
-152
-185
-191
-268
-204
-199
-219
-224
-270
-233
-264
-294
-340
-319
-227
-249
-262
-252
-209
-160
-193
-196
-164
-96
-36
-10
-6
-20
-19
-61
-88
-48
-79
-57
-72
-9
-21
-109
-103
-105
-98
-119
-140
-119
-79
-53
-29
-82
-42
-8
-111
-94
-13
-48
-24
-58
-56
-92
-100
-98
-83
-129
-153
-131
-185
-215
-241
-229
-253
-246
-239
-251
-172
-157
-148
-153
-197
-149
-170
-143
-142
-94
-44
-68
-86
-95
-115
-121
-71
-62
24
-15
-106
-120
-86
-65
-143
-192
-160
-198
-225
-153
-202
-176
-191
-201
-163
-159
-172
-181
-128
-82
-50
-69
-83
-27
-15
-76
-102
-137
-138
-224
-256
-222
-184
-87
-84
-80
-58
-74
-30
35
37
-23
26
80
65
124
101
45
50
63
67
91
59
59
72
51
64
59
6
3
-11
-88
-98
-98
-164
-127
-88
-107
-122
-106
-125
-81
-41
-54
-3
-48
14
17
-26
-3
-33
-38
-58
-65
-95
-131
-143
-118
-117
-80
-103
-104
-101
-103
-70
-122
-144
-127
-107
-90
-123
-178
-139
-99
-73
27
76
61
104
79
93
164
158
132
153
120
143
133
135
94
26
61
38
43
14
27
120
190
172
120
117
140
97
69
123
136
107
6
-60
-55
-73
-59
-88
-113
-102
-126
-74
-119
-91
-164
-187
-180
-267
-292
-306
-317
-349
-435
-433
-475
-507
-548
-515
-468
-531
-502
-518
-546
-515
-441
-404
-322
-296
-262
-247
-238
-208
-111
-66
-53
7
33
57
58
117
117
69
104
173
226
234
203
161
195
165
190
140
142
136
118
86
22
56
4
-3
9
80
59
25
57
51
33
25
-75
-62
-48
-91
-104
-100
-60
-46
-23
22
56
109
179
185
134
137
171
168
162
159
182
209
146
141
120
35
8
-59
-98
-53
-119
-128
-121
-123
-78
-63
-74
-72
-57
-109
-110
-142
-139
-52
-40
-68
-58
-43
-51
-66
-26
-59
-59
-98
-10
54
12
15
-54
-21
-44
-49
-36
-105
-76
-55
-125
-84
-48
-49
-73
-55
20
18
38
56
78
8
24
70
43
53
54
54
-5
42
63
-22
-10
7
15
29
9
-17
-2
11
-49
-113
-136
-124
-89
-59
-19
-38
-43
-18
-79
-34
-97
-69
12
-5
-47
-67
-33
-37
47
9
8
51
40
7
41
63
32
29
-5
-41
-24
-54
-101
-72
-33
-52
-43
-11
-10
35
14
17
21
-4
21
17
27
-13
-24
35
55
33
16
59
45
35
53
58
98
92
42
56
70
41
45
86
153
164
149
127
126
122
104
118
129
126
122
137
148
168
216
222
228
213
208
229
230
202
170
173
161
146
134
133
84
38
19
90
104
23
12
-12
91
128
158
162
168
150
124
86
41
39
-20
-61
-153
-123
-140
-221
-292
-330
-310
-348
-389
-433
-440
-459
-460
-498
-542
-527
-535
-486
-529
-533
-563
-566
-486
-477
-437
-452
-408
-390
-393
-307
-263
-149
-86
-41
18
50
110
131
164
239
300
310
349
385
390
392
372
345
402
390
378
362
319
345
330
247
244
248
194
204
168
140
90
34
50
46
58
68
94
80
73
53
-22
-66
-84
-59
-12
17
-23
-50
-30
17
6
-27
43
32
102
107
115
127
55
85
79
107
33
58
55
44
7
-11
-20
-44
13
-15
10
-11
29
70
99
88
81
80
57
105
62
39
45
56
28
20
35
28
45
33
2
55
47
-57
-44
-44
-24
-15
-77
-125
-129
-103
-126
-128
-143
-159
-93
-98
-100
-117
-104
-72
-98
-49
17
11
9
51
73
56
62
74
91
129
108
85
51
52
67
35
107
78
93
76
29
72
63
35
27
39
11
-3
-20
-8
-17
4
23
-57
-54
-49
-42
-47
-27
-18
-55
-9
-38
-47
-18
-71
-80
-91
-109
-140
-83
-97
-76
-9
9
34
33
75
41
70
72
90
154
131
176
189
199
245
176
