-202
-214
-220
-245
-220
-244
-180
-160
-179
-176
-175
-154
-140
-85
-104
-135
-124
-196
-216
-250
-242
-206
-183
-222
-250
-236
-256
-198
-183
-183
-206
-192
-168
-136
-184
-201
-165
-166
-180
-181
-179
-214
-204
-177
-150
-179
-210
-168
-139
-133
-173
-198
-214
-198
-213
-235
-217
-229
-210
-190
-245
-261
-224
-243
-225
-190
-213
-213
-185
-189
-206
-166
-211
-243
-211
-177
-190
-189
-167
-164
-179
-156
-138
-137
-162
-169
-148
-226
-158
-108
-174
-215
-194
-184
-205
-215
-218
-210
-154
-147
-156
-153
-187
-220
-226
-255
-264
-221
-205
-182
-171
-146
-217
-219
-149
-89
-112
-171
-235
-212
-187
-192
-145
-137
-184
-175
-95
-73
-147
-215
-145
-137
-181
-176
-165
-134
-187
-221
-192
-155
-193
-198
-185
-202
-167
-201
-216
-173
-182
-234
-203
-163
-143
-169
-163
-168
-192
-242
-266
-186
-166
-187
-194
-191
-196
-199
-241
-216
-161
-221
-234
-203
-223
-193
-185
-201
-192
-168
-183
-187
-187
-201
-221
-208
-172
-187
-170
-137
-123
-169
-191
-209
-204
-219
-204
-219
-159
-164
-196
-158
-177
-173
-188
-194
-196
-187
-167
-244
-269
-240
-261
-271
-244
-169
-228
-218
-148
-173
-121
-221
-231
-184
-172
-186
-224
-248
-268
-242
-258
-260
-271
-155
-149
-175
-225
-214
-225
-205
-129
-163
-203
-196
-183
-181
-148
-214
-208
-137
-107
-131
-178
-214
-233
-247
-232
-285
-302
-237
-238
-211
-214
-216
-170
-152
-168
-190
-207
-195
-160
-193
-189
-227
-237
-177
-165
-191
-243
-233
-267
-212
-216
-224
-267
-289
-214
-188
-168
-179
-201
-152
-161
-250
-241
-217
-153
-181
-204
-123
-137
-141
-156
-205
-215
-225
-294
-281
-244
-215
-242
-246
-263
-301
-261
-276
-257
-251
-226
-206
-279
-274
-251
-235
-217
-257
-205
-199
-254
-214
-250
-241
-257
-289
-274
-220
-222
-260
-200
-214
-231
-270
-236
-207
-210
-259
-251
-203
-200
-164
-148
-200
-198
-181
-195
-230
-226
-247
-189
-210
-231
-192
-203
-196
-210
-216
-227
-197
-221
-204
-172
-190
-190
-189
-199
-238
-228
-202
-223
-160
-190
-219
-205
-258
-254
-211
-147
-189
-249
-285
-296
-299
-285
-308
-316
-255
-230
-271
-287
-237
-208
-218
-247
-283
-269
-225
-228
-222
-177
-198
-244
-287
-257
-280
-267
-217
-222
-228
-247
-223
-241
-229
-195
-232
-282
-224
-201
-234
-212
-210
-220
-196
-150
-207
-197
-207
-237
-243
-267
-228
-185
-194
-196
-242
-284
-245
-205
-213
-221
-222
-195
-183
-205
-191
-224
-193
-171
-200
-278
-281
-251
-274
-207
-201
-221
-204
-206
-199
-192
-170
-214
-165
-203
-203
-218
-225
-243
-258
-227
-306
-262
-241
-250
-273
-233
-220
-254
-234
-262
-222
-187
-198
-183
-186
-184
-198
-249
-232
-230
-248
-253
-245
-258
-264
-260
-245
-188
-164
-162
-175
-195
-171
-134
-161
-196
-190
-222
-202
-200
-201
-174
-144
-127
-215
-207
-234
-215
-195
-227
-220
-211
-114
-197
-227
-182
-158
-206
-223
-209
-213
-218
-214
-210
-207
-233
-241
-215
-222
-244
-277
-259
-235
-262
-224
-227
-232
-241
-257
-230
-220
-187
-197
-172
-201
-237
-182
-137
-189
-249
-266
-247
-206
-192
-200
-153
-163
-198
-206
-188
-208
-218
-131
-155
-154
-195
-170
-130
-163
-129
-178
-197
-206
-236
-171
-174
-180
-240
-236
-216
-206
-183
-229
-211
-211
-235
-215
-210
-219
-175
-156
-161
-189
-181
-130
-194
-177
-130
-136
-150
-134
-200
-156
-135
-144
-148
-170
-157
-158
-198
-180
-154
-122
-164
-137
-157
-175
-144
-112
-115
-191
-187
-230
-233
-203
-226
-220
-222
-201
-205
-238
-252
-242
-239
-218
-238
-261
-213
-172
-192
-180
-218
-227
-224
-267
-226
-243
-311
-269
-226
-165
-176
-152
-110
-174
-160
-148
-218
-208
-209
-193
-174
-219
-236
-214
-212
-217
-187
-271
-290
-204
-242
-237
-188
-135
-148
-194
-209
-187
-190
-154
-156
-219
-141
-131
-201
-252
-229
-207
-197
-196
-225
-245
-193
-145
-212
-211
-230
-224
-182
-182
-248
-250
-210
-233
-233
-228
-196
-214
-139
-153
-119
-161
-235
-176
-205
-218
-201
-202
-240
-225
-232
-233
-203
-237
-235
-247
-236
-250
-246
-246
-241
-243
-190
-182
-212
-174
-184
-201
-182
-199
-213
-166
-191
-228
-209
-176
-188
-235
-214
-195
-224
-212
-242
-225
-192
-259
-265
-226
-148
-171
-214
-231
-226
-194
-215
-214
-184
-164
-183
-199
-147
-136
-117
-178
-192
-221
-221
-203
-209
-189
-215
-235
-199
-209
-215
-161
-201
-237
-297
-227
-229
-275
-160
-154
-180
-252
-223
-189
-183
-190
-179
-161
-197
-198
-263
-255
-251
-230
-234
-264
-255
-229
-228
-192
-143
-142
-171
-114
-124
-143
-204
-228
-186
-197
-138
-179
-148
-147
-206
-200
-178
-153
-145
-155
-181
-172
-148
-129
-118
-146
-214
-216
-192
-225
-150
-205
-169
-183
-190
-176
-186
-104
-114
-130
-173
-148
-143
-178
-227
-160
-176
-143
-94
-126
-67
-99
-142
-187
-169
-126
-112
-133
-119
-133
-129
-122
-191
-132
-138
-137
-154
-139
-128
-93
-131
-115
-94
-131
-92
-160
-145
-109
-90
-83
-146
-146
-148
-174
-179
-121
-140
-149
-154
-163
-172
-198
-208
-166
-123
-167
-126
-140
-145
-161
-151
-197
-186
-175
-173
-134
-142
-126
-116
-135
-94
-84
-147
-116
-131
-108
-90
-86
-83
-129
-134
-157
-92
-158
-137
-83
-87
-107
-172
-133
-157
-146
-176
-158
-80
-73
-46
-6
-56
-33
-60
-57
0
-19
-38
-67
-75
-91
-102
-96
-46
-102
-112
-141
-134
-119
-139
-150
-163
-135
-176
-146
-96
-80
-95
-60
-63
-100
-46
-103
-66
-87
-135
-137
-156
-118
-103
-111
-119
-92
-60
-110
-97
-138
-84
-99
-161
-142
-127
-127
-110
-126
-133
-72
-28
2
5
12
-11
-7
-38
-40
-63
-40
-83
-48
-50
-65
-34
-33
-28
-48
-34
-64
-27
-13
-2
-28
20
-9
-17
3
-55
-75
-121
-91
-98
-122
-71
-61
-32
-46
-18
42
-44
-40
-78
-55
2
-24
-32
-32
2
0
-44
-44
-19
-27
-13
-1
-82
-110
-81
-61
-73
-122
-37
7
-33
-52
-50
-45
-134
-145
-101
-92
-27
-10
-61
-69
-74
-65
-79
-98
-104
-128
-38
-36
-62
-48
-45
-65
-78
-85
-51
-33
-58
-29
-49
-77
-94
-12
-71
-80
-64
-51
-72
-87
-65
-100
-135
-154
-149
-114
-95
-71
-41
-62
-78
-68
-29
-94
-113
-58
-21
-52
-65
-58
-97
-148
-129
-105
-120
-87
-66
-55
-57
-45
-103
-110
-65
-51
-61
-71
-130
-115
-89
-119
-137
-137
-22
-13
-2
-1
-44
-82
-49
-105
-45
-4
-64
-52
-17
-6
-29
-23
-47
-82
-114
-120
-49
-65
-38
-59
-54
-32
-44
-38
-58
-69
-58
-3
-46
-9
-22
-10
-39
-59
-106
-93
-72
-96
-33
-66
-45
-45
-25
-30
-27
-70
-56
33
-14
-13
-19
-28
-81
-91
-75
-64
-42
-39
-59
-85
-71
-80
-49
-38
-23
-67
-35
11
3
-36
1
35
-4
-6
36
-19
4
71
11
-77
-39
-59
-71
-19
-89
-42
-41
-59
-58
-77
-29
-52
-49
-16
-18
-2
-7
-21
-39
-34
-32
-55
-42
-56
-44
-6
-13
-49
-13
-55
-21
39
-62
-117
-92
-95
-113
-59
0
-18
-37
-6
-39
-33
-53
-86
-103
-106
-97
-114
-77
-88
-99
-104
-111
-70
-47
-78
-65
-64
-51
10
50
61
46
29
7
42
-22
-5
-54
-70
-55
-59
-49
-54
-72
-62
-55
-33
-4
-24
-31
-30
-5
-60
-4
-1
-27
-17
-43
-43
-55
-13
-9
-11
2
-12
12
-31
-22
-55
-53
-69
-126
-56
-43
-10
-21
-54
-53
-66
-61
-22
-67
-46
14
3
13
-19
-22
-32
-23
26
14
-39
-96
-32
-13
-63
10
-9
-46
29
33
16
24
-23
16
46
-11
-12
-47
8
9
14
15
-23
47
-13
-15
9
-7
5
3
39
3
6
6
5
50
56
49
13
-30
26
13
1
46
40
50
45
18
5
17
-1
15
3
-5
33
36
47
44
54
52
32
-4
30
-15
23
49
5
10
-42
-18
47
41
24
39
28
43
-18
-33
-24
-48
27
62
63
15
14
17
16
14
-17
-79
-10
26
-28
34
36
-37
0
-23
-77
-16
-38
-49
5
-54
-64
-53
-68
-19
-31
-52
-11
40
22
-18
21
-23
-18
-3
2
5
-23
5
-49
-16
-14
-5
-34
-52
-32
11
4
-17
-66
-34
7
-3
-42
-57
17
57
6
3
32
70
41
28
20
-49
-5
16
10
12
29
-2
16
-19
-28
8
3
-15
21
-59
-62
-16
-27
13
98
40
5
33
39
15
-31
-20
1
28
-11
-18
1
-24
-14
33
-28
-15
2
-31
4
18
-1
-38
-6
-18
5
11
7
20
-4
17
4
2
10
10
35
16
8
-33
-59
-51
-36
-59
-58
-59
-20
22
1
-23
-37
-11
10
36
-6
2
-57
-54
-18
-25
-80
-15
-30
-47
-41
-41
-15
-62
-50
-87
8
0
6
-4
-47
-18
22
12
42
36
70
92
-35
-15
16
-1
12
-27
-39
-31
-14
14
7
-39
5
-7
-16
-2
18
25
24
-1
17
26
21
66
-8
38
27
36
18
35
63
16
50
21
11
29
32
68
67
67
20
-10
-4
-34
-43
26
9
11
-12
-18
-4
-70
-109
-140
-88
-7
-51
-36
-5
44
21
10
-15
-32
13
-3
9
-3
-31
-83
-49
-13
15
62
11
0
-43
-24
77
50
44
23
10
52
12
-8
-1
37
11
5
17
-11
-23
-28
24
-15
30
6
-35
-20
-10
-24
30
1
-2
36
25
43
16
38
9
-16
-41
-50
-36
-63
-17
21
16
36
-41
-46
-12
17
-12
-17
24
-12
-11
-14
45
10
13
49
46
46
12
20
56
98
62
77
-14
-49
-54
-28
46
94
100
36
35
13
37
61
89
46
17
58
7
-9
6
20
36
1
13
57
31
29
65
36
21
-7
-30
35
34
39
47
55
14
-11
-8
-61
-1
53
48
8
2
0
-25
44
5
59
49
54
96
76
-1
31
49
21
18
-53
-41
-30
-9
5
50
97
94
56
29
-37
1
4
65
20
-39
35
-13
-21
-26
1
9
-17
-1
26
-15
8
-4
18
33
36
78
71
38
-79
-43
-77
-47
23
37
25
-25
7
2
17
28
-24
-11
15
48
7
-26
-60
11
46
33
27
-6
-15
-82
-13
69
20
-69
-64
-47
-14
23
14
-33
-15
-35
13
60
33
3
-44
18
82
60
21
29
45
54
61
50
49
34
55
37
50
45
60
22
1
6
30
-37
31
83
10
32
-1
6
26
19
10
29
22
76
33
13
19
-9
57
64
42
9
48
70
38
35
24
59
30
49
24
38
23
-50
-12
-2
8
-22
-30
-46
-38
13
37
-18
-34
18
20
-27
-95
-45
-9
13
55
49
63
47
12
53
36
23
10
61
36
-9
21
30
98
122
236
223
297
365
497
1696
3135
2890
624
-1214
-1487
-1041
-322
462
378
-717
-1950
-2755
-2985
-2047
-997
-717
-568
-271
-504
-1316
-1236
-663
-261
86
665
723
660
952
812
355
544
1168
1459
1713
1981
1456
302
-223
-132
-166
200
535
192
-642
-1220
-1520
-1784
-1491
-805
-548
-532
-469
-560
-764
-598
-100
264
679
1150
1289
1085
859
656
529
657
1007
1151
1027
714
283
-348
-661
-699
-569
-428
-432
-573
-909
-1205
-1366
-1236
-849
-484
-224
-75
-92
-107
-9
124
335
594
884
1049
1006
829
689
464
328
398
425
380
266
12
-341
-626
-796
-779
-724
-624
-547
-656
-734
-732
-693
-594
-384
-84
164
316
364
403
412
482
602
658
804
848
729
595
365
176
45
26
-8
-67
-133
-340
-543
-634
-703
-667
-570
-466
-481
-450
-405
-394
-330
-179
35
190
327
431
424
462
466
452
474
488
473
383
309
171
31
-84
-160
-171
-235
-273
-317
-396
-480
-537
-574
-514
-411
-327
-252
-172
-114
-76
32
115
266
346
445
415
390
416
394
374
312
276
246
173
109
8
-136
-230
-317
-326
-408
-457
-496
-469
-417
-442
-366
-296
-232
-119
-57
-62
31
131
133
176
313
341
344
350
262
276
236
205
109
75
54
-32
-112
-201
-211
-291
-294
-276
-304
-351
-330
-346
-294
-218
-115
10
58
139
155
192
222
235
219
247
265
237
216
169
140
118
52
-15
-36
-76
-108
-124
-202
-262
-236
-271
-339
-302
-290
-274
-180
-184
-160
-110
-33
17
76
117
127
173
158
114
169
218
181
195
114
95
50
-18
-47
-107
-135
-151
-178
-190
-194
-229
-257
-246
-203
-187
-128
-117
-76
-72
-64
-21
63
74
95
169
111
155
150
121
92
94
77
39
79
-17
-45
-37
-28
-72
-90
-113
-175
-142
-130
-108
-139
-100
-86
-66
-62
-47
-13
77
132
147
128
127
171
112
129
111
107
97
34
12
12
-53
-46
-43
-92
-78
-158
-99
-123
-83
-109
-97
-72
-70
-24
-49
119
-145
2503
4159
2479
-998
-1796
-321
163
1072
2476
1993
-339
-1675
-1907
-1788
-371
370
-120
-334
-206
-1107
-2386
-1470
-534
-876
-380
270
44
-541
-578
-934
-1094
-218
383
210
394
317
-594
-1123
-416
33
-148
13
-132
-336
-643
-749
-582
-197
-59
-628
-97
1773
2276
1220
225
323
364
790
1672
2312
1961
845
-50
-453
-147
283
306
369
136
-481
-1137
-1405
-1058
-729
-568
-475
-438
-363
-352
-504
-508
-181
157
417
786
1036
824
393
308
502
650
921
1111
950
572
264
-62
-255
-120
79
34
-144
-385
-640
-903
-932
-791
-603
-418
-307
-270
-352
-397
-393
-206
73
278
450
529
511
341
327
383
471
634
741
703
453
231
-13
-159
-135
-6
24
-103
-275
-447
-557
-637
-601
-470
-334
-233
-173
-188
-250
-154
-42
140
235
341
423
397
433
425
382
414
448
492
451
343
201
74
-11
-98
-113
-113
-159
-247
-327
-480
-513
-486
-440
-313
-219
-220
-239
-209
-195
-97
-6
115
290
348
320
316
306
311
344
403
376
358
308
202
78
-17
-67
-59
-68
-95
-159
-191
-195
-256
-294
-274
-198
-199
-161
-79
-27
33
112
172
215
241
319
378
354
354
348
346
311
297
294
232
206
136
130
47
49
8
-29
-72
-25
-106
-92
-202
-123
-109
57
42
459
466
1452
5069
6294
3015
-2059
-3251
-1677
183
2574
4082
2004
-1720
-3750
-3991
-2752
-51
1359
931
204
-500
-2085
-3139
-1599
-210
-103
518
909
-178
-1371
-2043
-2483
-2136
-157
917
330
-580
-1627
-3081
-2886
-979
-45
204
982
373
-1614
-2217
-272
2749
5091
6222
3940
534
-82
1262
2243
3546
4966
3770
593
-1067
-832
-859
-1251
-474
-10
-808
-1720
-2348
-2620
-3036
-3008
-2141
-1065
-201
8
-144
-636
-1192
-756
668
1944
2449
2797
2441
1256
699
1294
2141
2306
2392
2431
1373
-19
-489
-445
-533
-492
-168
-374
-1220
-1979
-2198
-2162
-2084
-1577
-853
-501
-640
-828
-762
-682
-390
465
1311
1665
1593
1557
1306
975
1157
1705
1950
1751
1553
1189
504
-41
-70
15
-119
-169
-312
-724
-1216
-1526
-1417
-1247
-1088
-796
-551
-654
-790
-682
-355
-77
313
825
1144
1090
1063
1113
997
1074
1261
1448
1483
1201
904
569
234
65
117
48
-212
-457
-651
-961
-1137
-1171
-982
-875
-792
-680
-567
-85
1849
3137
885
-2237
-1978
1139
2688
2686
3054
2127
-549
-1679
-82
1480
1978
2035
1280
-1
-838
-917
-1050
-567
610
357
-487
-462
-470
-1155
-1412
-626
-110
72
567
547
-208
-581
-475
-312
327
1290
1161
350
-180
-463
-716
-676
2
193
-139
-751
-1831
-2828
-3060
-2690
-1916
-1395
-1180
-1623
-2782
-3476
-2706
-1231
-475
-550
-693
21
335
1929
4925
6496
4538
1745
1886
3810
4482
4838
5551
4604
1473
-723
-151
793
267
-500
-532
-1493
-3213
-4025
-3454
-2937
-3393
-3233
-2221
-1936
-2200
-1919
-1295
-1087
-702
724
2187
2499
2171
2382
2413
2146
2600
3682
4151
3306
2455
2063
1286
468
420
841
399
-744
-1404
-1728
-2339
-2884
-2601
-2069
-2157
-2349
-2102
-1835
-2000
-1934
-1077
-250
182
660
1319
1520
1292
1365
2005
2454
2539
2702
2809
2363
1617
1301
1298
1078
657
459
251
-585
-1264
-1676
-344
2259
2436
-1037
-4287
-3250
-301
675
1156
1816
416
-2124
-2178
5
1379
1732
1793
1442
711
506
344
71
1028
1805
1301
631
793
507
-797
-1065
-386
-167
-80
-54
-618
-1548
-1766
-1547
-1130
-196
305
-159
-801
-924
-1330
-1541
-967
210
441
-570
-1967
-2976
-2823
-2112
-1887
-2344
-1694
-1254
-1648
-2620
-2567
-1718
-1242
-1276
-519
145
3447
7886
9122
4711
-634
-220
3888
6499
7515
8366
6295
355
-3703
-1735
2201
2146
216
188
-673
-4043
-6824
-5186
-2275
-2613
-3643
-2436
-1172
-2609
-4274
-3151
-1053
-385
531
2905
3906
2099
484
1124
2757
3520
4324
5559
4957
2459
698
791
1264
1068
1265
1713
543
-1824
-3069
-2879
-2882
-3042
-2331
-1390
-1913
-3169
-3286
-2725
-2514
-2053
-552
1000
1065
392
638
1073
1253
1618
3037
4018
3660
2504
3897
8304
8610
3032
-2270
-1306
2382
3326
3393
2903
-993
-5904
-6481
-3340
-994
-477
-955
-2115
-3318
-3378
-2873
-2298
-171
1531
883
231
708
770
-199
-10
1494
2182
2111
1854
713
-821
-1259
-890
-631
-55
-126
-1456
-3209
-4241
-4508
-4356
-3938
-3766
-4050
-3888
-4307
-5188
-5114
-3612
-2158
-2089
-1507
-959
5962
14224
14531
3397
-4992
681
10062
11501
10985
12668
9396
-2162
-7827
-430
7379
4311
-1571
-701
-433
-7073
-12761
-7868
-838
-3355
-7912
-5178
-952
-4361
-9404
-6323
-134
761
-2
3408
6187
2598
-1646
701
6257
7532
6393
7593
7987
3910
-232
1091
4386
3802
1855
2066
1401
-2548
-5713
-4587
-2584
-3279
-4114
-2875
-2892
-5486
-6954
-5121
-2941
-2670
-1814
594
1314
-595
-1168
846
2705
2887
4006
5934
7359
10450
11104
5883
-1194
-1348
4543
7683
6867
4713
-450
-7011
-8544
-4319
-749
-223
-1248
-3287
-5879
-6332
-4809
-3571
-1479
873
676
-776
-859
-273
-786
-472
1778
3172
2759
2293
1255
-547
-1180
-192
744
1188
1053
-730
-3355
-4857
-4951
-4946
-3487
-2537
-3649
-6788
-7270
-6377
-5257
-4922
-2785
-2075
-761
9005
17271
12536
-3574
-8582
4048
15256
14653
12922
13814
7893
-6041
-8415
4630
13323
5796
-2120
-225
-252
-9499
-14702
-5412
2392
-3597
-10187
-5996
-956
-6997
-13438
-7496
1606
1668
-1593
1719
5101
333
-4912
176
9353
10352
6550
6703
7900
3905
-866
2168
8060
7495
2934
1618
1757
-1929
-5938
-4216
-288
-1017
-4126
-4314
-3892
-6481
-8856
-6527
-2567
-2049
-2794
-1503
-373
-2085
-3103
-349
3566
4018
4060
4816
9131
13825
11204
3301
-1718
2520
8450
9087
7394
4169
-2680
-8487
-7091
-1738
188
-1228
-3144
-4908
-6695
-6381
-5109
-3647
-953
105
-1306
-2246
-1319
-1001
-1901
-546
2052
2697
1910
1253
129
-1194
-917
326
1050
1160
264
-1956
-4698
-4875
-4651
-3126
-2549
-4167
-6573
-8123
-5601
-4298
-3182
-4302
3714
15726
17255
2724
-11408
-5152
11223
15781
13461
13771
12685
-172
-10850
-2664
12126
12230
1090
-1300
2172
-2991
-13695
-11900
1149
2739
-6931
-9501
-2293
-1805
-11743
-13544
-2929
3832
247
-2282
2367
2950
-3773
-5709
3736
11712
9009
4573
5774
6558
1534
-967
5246
10386
7010
1511
1187
1478
-2630
-5486
-1923
1896
-332
-4347
-4760
-4366
-6909
-8597
-5104
-1008
-1469
-3147
-2640
-1623
-3243
-3166
200
4630
3964
7054
13982
12651
2725
-3774
2309
9665
10269
9761
7533
278
-6771
-6338
-1437
1066
987
-839
-3850
-6413
-6254
-5974
-5202
-1505
162
-1669
-3130
-2610
-2646
-3671
-1607
1473
2088
1291
586
-1021
-2321
-1198
565
1385
1349
334
-1730
-4180
-4311
-3384
-2893
-2732
-4292
-5857
-6641
-5414
-4861
-3641
-4172
5598
17999
18172
814
-14438
-6054
12875
17853
14296
13403
11307
-2081
-12527
-2990
13789
13575
927
-2656
1053
-3467
-14335
-12090
2186
4139
-6808
-10490
-2543
-1302
-11892
-14711
-2709
5928
1663
-2944
1055
2784
-3831
-6733
3514
13328
10543
3839
3821
5881
1740
-1644
4675
11571
8598
1064
-630
994
-1858
-5666
-2581
2786
1332
-4400
-6323
-5033
-6281
-8615
-5700
-616
-175
-3214
-3980
-2492
-2747
-2268
3020
11647
12613
5617
-280
687
4822
7271
8999
10020
6400
197
-3233
-1992
-108
478
330
-210
-1704
-4148
-6034
-6285
-4302
-2223
-1879
-1944
-2097
-3184
-4934
-4739
-2081
189
929
550
-519
-1846
-2213
-1515
-276
981
748
-1296
-3666
-3987
-3043
-3266
-3926
-4560
-4435
-4732
-3923
-3957
-3831
-6012
4015
20006
22321
3073
-16053
-8785
12349
18933
14387
13120
12270
-1100
-14215
-5803
13410
15167
681
-4710
339
-2162
-14106
-13878
1225
5169
-6690
-12307
-3057
1134
-10132
-16405
-4759
6912
3467
-3372
246
4441
-1637
-7385
1694
13928
12485
3599
2113
6084
3691
-1560
2833
11176
9744
722
-2504
815
83
-5138
-4308
1866
2156
-4407
-7853
-5539
-4584
-7787
-6948
-1591
884
-2811
-4836
-2314
2922
7378
6888
4023
1213
2576
5820
7438
8632
7861
3733
-57
270
2977
2683
832
93
-350
-2551
-3856
-3480
-3341
-3311
-3558
-3568
-3217
-3111
-3475
-4434
-4162
-2471
-1486
-1001
-756
-915
-1979
-2365
-1385
-305
-412
-1160
-1934
-3061
-3972
-4285
-3801
-3235
-2865
-3883
-3885
-5109
-4392
-5651
5492
22969
24695
3525
-18530
-11302
12890
22093
16743
12931
11223
-1614
-15266
-7406
13312
17554
1575
-6671
-1935
-1864
-13261
-15209
-349
5943
-5310
-12918
-4660
1639
-8955
-17604
-7087
7598
6302
-2822
-1833
3518
-335
-7223
-126
14118
15349
5145
143
4303
4889
-74
2105
10643
11623
2324
-3737
-879
896
-3631
-5028
698
3264
-2859
-8786
-7472
-4538
-6500
-7498
-2917
836
176
-730
2134
2713
-1121
-2165
3540
9647
9973
6600
3614
1769
1028
2240
5061
6366
4705
1124
-1772
-2375
-1836
-1735
-1817
-1381
-1684
-3607
-5322
-5263
-4391
-3977
-3449
-2576
-2281
-2978
-3822
-3717
-2601
-1597
-1215
-1675
-2086
-2502
-3101
-3621
-3549
-3147
-3048
-3210
-2985
-3971
-3529
-4574
-3718
-4910
5684
23958
26723
5732
-18684
-13409
12301
24308
19027
13186
10721
-1386
-16220
-9668
12103
19614
3609
-7773
-4808
-3148
-13184
-16200
-1863
6612
-3603
-13366
-7160
663
-7996
-17603
-8287
8234
8980
-1701
-3616
2232
683
-6045
-461
14492
17536
6510
-1421
2295
5395
1592
2150
10165
12599
3493
-4847
-2975
613
-2453
-4963
-25
3833
-1672
-9531
-9601
-5090
-5268
-6860
-3409
3095
5274
1593
-2708
-3961
-2406
2049
7796
11413
9483
3360
-1532
-1098
2700
5914
6821
5751
3396
-303
-3373
-3353
-1420
80
-262
-1231
-2354
-4223
-6292
-6553
-4601
-2259
-1305
-2085
-3626
-5039
-5752
-4839
-2665
-721
-769
-2868
-4429
-5034
-4599
-4270
-2903
-2021
-2138
-4111
-4819
-4505
-3370
-4157
-889
18495
31183
19727
-10614
-21764
462
24418
25079
16781
12331
6186
-11276
-16682
1228
20551
13414
-4478
-8875
-3681
-8245
-17921
-11229
4056
2635
-10229
-12689
-2432
-2932
-15739
-16295
1257
12340
4613
-4692
-1323
2802
-2729
-5061
8157
19939
14502
1014
-1353
5018
5184
1556
6028
13104
9620
-1856
-5900
-1036
218
-4407
-3806
2257
2166
-6485
-12007
-8346
-4286
-6080
-4776
2992
8024
1645
-7500
-7304
362
5982
8142
9480
8181
2594
-2029
-189
5424
7939
6758
4827
2975
272
-2496
-2713
-501
985
131
-1908
-3539
-4849
-6524
-6643
-4352
-1864
-1792
-3727
-5340
-5836
-5822
-4787
-3045
-1871
-2079
-3513
-4848
-5432
-4898
-3399
-2828
-2754
-3418
-4265
-4126
-4457
-3417
-2972
14962
31473
26405
-3655
-23920
-6749
23176
29686
20004
11771
8069
-7045
-17256
-4146
18910
18743
-1094
-11206
-6790
-6271
-16039
-14685
594
4184
-7621
-14415
-5942
-2017
-13239
-18211
-3141
12183
8033
-3802
-3849
2025
-478
-4712
5652
19868
18123
3587
-3138
3329
7175
3754
5360
12471
11844
268
-7259
-3202
1101
-2486
-4357
831
2915
-5057
-13287
-11192
-4872
-4785
-3425
3910
7611
-661
-10847
-8453
2196
8120
9002
8840
6668
985
-2422
818
6756
9120
7796
5551
2641
-151
-2287
-2168
289
1997
1026
-1861
-4153
-5744
-7312
-7036
-4030
-1424
-1986
-4711
-7072
-8003
-7525
-5939
-3418
-2403
-3072
-4966
-5893
-6098
-4067
-3281
-3622
-5118
-4539
-3090
-1085
-3588
336
21906
32767
19333
-13352
-20509
6946
30786
27084
15357
10444
5876
-10842
-14474
4806
22684
11483
-7757
-11537
-4709
-8901
-18083
-10695
2875
-618
-12915
-13475
-2957
-5472
-17971
-15302
3884
12480
2449
-6142
-916
3477
-2133
-2375
12565
22212
13459
-716
-456
8074
8045
3783
8084
13926
8556
-3345
-5675
543
1059
-4806
-4232
1469
134
-9471
-13924
-8406
-4419
-7011
-3044
6523
6931
-5427
-13372
-5893
5485
9181
9423
8977
4928
-1726
-2587
3946
9864
9643
6766
4393
1854
-550
-1644
-380
1834
1583
-435
-2731
-4548
-6475
-7900
-6534
-3197
-2044
-4056
-7075
-8895
-9149
-8066
-6430
-4355
-3439
-3723
-5441
-6669
-6637
-6759
-5981
-4196
-1752
-774
-2056
-3261
15239
32417
26892
-2944
-20479
-1366
27338
30979
18995
10319
7407
-5182
-13578
-271
20149
16654
-3989
-13476
-8311
-6656
-15009
-13272
-710
78
-11580
-16188
-7034
-3743
-14453
-17352
-1913
10802
4858
-5672
-3785
3026
815
-2227
8593
20762
16476
2239
-1870
6950
10775
6322
6738
12443
10664
-159
-5964
-792
2638
-2385
-5042
-630
768
-6960
-14179
-11153
-5092
-5545
-3882
3824
5397
-4960
-13980
-8098
4386
9482
8895
7589
4119
-1350
-2387
3779
10140
10428
7097
4340
1979
188
-464
436
2223
2267
142
-2624
-4822
-6296
-7439
-6595
-3656
-2350
-4510
-8058
-10216
-10576
-9617
-7334
-3487
-1795
-3642
-7440
-8981
-8397
-6031
-5158
-2324
-1441
-449
-4271
4299
26605
32674
11873
-16335
-12968
16130
32687
24170
11480
7050
1720
-10423
-6984
11953
21501
4630
-12200
-12643
-5469
-9330
-14517
-6679
977
-6454
-15700
-12199
-3276
-8556
-17469
-10321
6625
9011
-2342
-7431
-458
3244
-525
2633
15784
19160
7457
-3157
2101
11437
10477
6049
8798
11157
4456
-4528
-3161
3239
2033
-4224
-3819
-23
-2769
-11147
-12573
-6315
-1271
-813
-616
-1784
-6485
-9804
-5259
3728
8104
5363
1920
714
1010
1881
4243
7593
8815
6641
3460
1807
1756
1616
1412
1801
2427
982
-2203
-4995
-5891
-5325
-4285
-3331
-3535
-6055
-8996
-10622
-9769
-7754
-5682
-4317
-3941
-5721
-8122
-10015
-8922
-6880
-2999
-1527
-18
-3241
3695
22447
28697
11680
-13673
-11110
16392
32767
25051
11936
6822
2298
-7801
-4620
12973
21930
5833
-11471
-13340
-6153
-8177
-12732
-6255
82
-7223
-16616
-14118
-5305
-8767
-16552
-10532
4812
7336
-3162
-8487
-2014
2662
198
3313
15099
18367
7740
-2538
2066
11680
12110
8253
9918
11495
5069
-3431
-2598
3812
3372
-2448
-3170
-403
-3357
-11177
-12878
-5701
1125
141
-3822
-6982
-8199
-7613
-3386
3252
6234
2918
-599
-716
1765
3290
4743
7174
8303
6050
3128
2378
3198
3125
2218
2480
3111
1302
-2167
-5116
-5263
-3893
-3242
-3862
-5468
-7757
-10063
-10754
-9234
-6413
-4620
-5566
-7629
-9079
-9339
-7988
-7271
-5112
-4437
-2653
-3320
8428
25629
26576
5351
-16231
-7567
19684
32470
23797
11650
6650
728
-7480
-1339
15699
20993
4199
-10851
-11350
-5153
-8312
-11610
-5317
-658
-7650
-15527
-12916
-6732
-11289
-16605
-8750
4921
5262
-4721
-8651
-2489
1245
10
4720
15354
16415
5801
-2293
3655
12163
11972
8595
10252
11126
4854
-2399
-712
4542
3470
-1964
-2229
-327
-3358
-10488
-10294
-2069
1109
-3785
-8613
-7706
-5029
-4681
-2874
1131
2034
-574
-1746
860
3471
3774
3989
6039
6614
4870
3295
3193
3933
3849
3297
3374
2486
50
-2844
-3916
-2929
-2081
-3153
-4893
-6922
-8923
-10578
-9460
-6180
-4600
-6598
-8716
-9778
-9520
-9143
-8194
-6691
-4183
-4426
948
18570
26129
13379
-11688
-14417
9408
30692
28513
16347
8152
4452
-4303
-4113
10916
23722
13578
-4870
-11840
-6001
-4804
-10065
-7507
-329
-3065
-12816
-15995
-9597
-9014
-15529
-13686
-719
5558
-2232
-10827
-7910
-879
278
1772
10501
15883
9282
-1513
-724
9588
14063
10985
9985
11765
8736
970
-1408
4022
6709
2364
-812
125
-881
-7469
-10496
-3975
1255
-2102
-8215
-8633
-5765
-5541
-5641
-2260
590
-424
-2081
-857
1345
2000
2214
4649
6619
5961
4102
3068
3555
3813
3591
3737
3648
2262
-541
-2484
-2505
-2177
-3274
-4910
-5464
-6541
-8112
-9029
-7893
-6683
-7066
-8309
-9473
-10000
-10087
-9037
-8012
-5661
-5637
8481
23724
22025
-762
-19194
-6967
21634
32422
23316
11654
7293
988
-6199
1522
19877
23763
6341
-8623
-8767
-2618
-6401
-9971
-3440
1187
-5822
-14682
-13558
-8494
-12766
-17406
-9091
4016
3451
-7339
-12449
-6483
-1426
-1111
4113
13573
13857
3511
-4205
2276
11864
12910
10098
11321
11863
6168
-637
925
6662
6352
1691
812
1669
-1778
-8534
-6944
-676
-265
-5797
-8158
-5526
-4461
-6680
-6033
-2417
-525
-1607
-1753
-260
853
977
2195
4615
5633
4988
3650
3014
3476
3719
3974
3709
3109
1236
-877
-1724
-1371
-1573
-3519
-5220
-6230
-7217
-7853
-7476
-6908
-7238
-8070
-9040
-9910
-10313
-9898
-9324
-6564
-6220
8194
23200
21153
-2067
-20901
-8080
21300
32542
22499
10501
6817
1944
-5602
1038
19516
24615
7393
-8222
-8319
-783
-4531
-9727
-3704
2321
-3718
-13811
-14057
-8146
-11409
-16878
-9972
3630
4198
-7298
-14186
-8022
-1195
-698
2819
11602
13038
3573
-4985
910
11517
13375
9680
9994
11318
7044
97
662
6629
7369
2809
991
1935
-910
-6803
-6197
-706
-111
-5170
-7231
-5091
-4409
-6722
-6568
-2921
-580
-1260
-1756
-1110
-60
437
1832
4062
5246
4643
3132
2148
2608
3434
3733
3438
2771
1123
-630
-1508
-1313
-1597
-3218
-4769
-5699
-6258
-6882
-7096
-7232
-6743
-7615
-8682
-10002
-9401
-8926
-8892
-8560
-5956
12913
25609
17404
-9006
-20656
-1522
26295
31347
17085
2583
114
306
1361
9437
19554
15167
-668
-9705
-5463
1806
-1295
-6039
-3958
-2577
-6641
-11190
-9275
-6719
-10919
-13765
-6611
2475
1035
-7672
-11573
-6177
-256
1699
5005
8850
7152
669
-2421
4230
11532
11936
8642
7202
6775
4894
2659
3738
5969
4686
1717
566
423
-1620
-4835
-2730
368
-1428
-5961
-7320
-5274
-3632
-3940
-3660
-2479
-1889
-2393
-2080
-363
1276
1736
2490
3605
3722
3250
2721
2523
3249
3558
3208
2386
1443
363
-731
-975
-615
-1184
-3017
-4695
-5862
-7085
-7865
-6951
-4946
-4413
-6819
-9352
-11015
-9677
-9261
-6991
-6545
3656
19657
20958
3278
-18829
-14514
12428
30892
25666
12672
5511
1648
-5192
-2079
14418
24834
13492
-3957
-9580
-3553
-2398
-6770
-3706
2543
-404
-9986
-14125
-9407
-9075
-13535
-10843
259
4414
-3550
-12300
-10645
-3584
-486
1957
8313
11162
5331
-3299
-2290
6985
12185
10951
9550
9386
6681
1576
452
4783
7338
4973
2243
1348
-597
-4554
-5082
-773
1074
-2453
-6281
-6519
-5073
-4941
-4863
-3067
-1431
-1537
-2129
-1844
-577
699
1845
3323
4376
4250
3113
1926
2195
3386
4039
3729
2746
1137
-518
-1437
-1045
-332
-968
-2773
-4905
-6762
-8407
-8474
-6290
-3256
-4316
-7956
-11772
-11850
-10222
-8984
-7914
-2265
16193
24188
11430
-14613
-21806
1229
26683
30075
17903
7926
3168
-3705
-5883
7510
23851
20962
3205
-8534
-6362
-2170
-5311
-5173
1600
2841
-5321
-13204
-11815
-8971
-12162
-12360
-3360
4448
0
-10130
-12926
-6895
-1760
658
5972
10786
7724
-1114
-4569
2752
10468
11630
10116
9927
8276
3429
88
2713
6776
6645
4217
2823
840
-3104
-5097
-2173
757
-995
-4435
-5655
-5409
-5764
-5959
-4105
-1867
-1274
-1865
-2194
-1680
-628
780
2524
4157
4582
3589
2033
1546
2634
3734
3984
3451
2241
513
-974
-1407
-691
-716
-1889
-3849
-5974
-7761
-7547
-5711
-4367
-5795
-8455
-10940
-10507
-9344
-8950
-9416
-4149
15047
24514
12030
-14861
-22447
1349
26759
29114
16452
8359
4729
-3132
-6716
6746
24507
21673
3220
-8701
-5486
-984
-4912
-5135
1680
3128
-5419
-13163
-11122
-8136
-11931
-13000
-3952
4097
-147
-9981
-12589
-6825
-2652
-641
5282
10950
8158
-1175
-4842
2356
9978
11121
10029
10295
8568
3462
321
3278
7431
6768
4123
2848
1435
-2793
-5205
-1108
2421
-113
-5604
-7411
-5652
-4643
-4618
-3744
-2280
-2375
-3144
-3057
-1607
181
1090
2158
3156
3813
3514
2354
1908
2721
3794
3994
3296
2071
531
-731
-1035
-208
-77
-1293
-4005
-6706
-8022
-6821
-4436
-3140
-5458
-9038
-11836
-11655
-10107
-8873
-9194
-3416
15435
24164
10558
-16465
-22320
2124
27412
29231
14103
4157
1934
-1554
-3196
7424
21874
19250
2973
-8649
-5966
-110
-2324
-3605
388
1883
-4429
-11232
-10541
-8214
-10392
-11078
-3835
2973
-243
-8813
-12277
-7378
-2391
528
5211
8884
6379
-1319
-4219
2159
9434
10939
9307
8515
6841
3267
1081
3535
6951
6357
4012
2430
872
-2368
-4289
-844
2143
36
-4499
-6550
-5546
-4814
-4374
-3142
-1740
-1910
-2922
-3145
-2061
-69
1198
2262
3057
3173
2805
1763
1573
2608
3703
3790
2864
1639
235
-640
-720
-31
-64
-1104
-2739
-4979
-6460
-6199
-4741
-4033
-5854
-7958
-9126
-8613
-9020
-10173
-10550
-4913
13312
22980
12071
-12808
-22523
-1920
22882
28257
17152
8149
3895
-3252
-6560
5024
22845
22269
5259
-8007
-6742
-648
-2661
-3347
1415
2921
-3826
-11506
-10583
-7584
-10013
-11729
-5164
2512
169
-7955
-11870
-7852
-3697
-1269
4226
9234
7396
-727
-4938
848
8237
10521
9655
9411
7695
3429
657
3024
7113
6940
4707
3151
1438
-1976
-4773
-1750
2682
1895
-3201
-7098
-6852
-5129
-3953
-2838
-1660
-1810
-3058
-3721
-2851
-567
1197
2230
2887
2945
2765
1848
1372
2213
3568
4130
3328
1790
198
-763
-1030
-338
225
-443
-2417
-5076
-6664
-6327
-4844
-4020
-5259
-6901
-9157
-9941
-10545
-10443
-10229
-3483
15181
23730
10269
-16575
-23990
333
25866
28893
15629
6831
3427
-3900
-6909
5922
24167
22456
4216
-8848
-6428
-423
-2988
-3458
1841
3525
-3550
-11521
-10598
-8121
-10439
-11162
-3858
3366
-81
-8642
-12179
-7938
-3928
-1087
5057
9663
6801
-2022
-5482
1151
8381
10231
9328
9342
7424
2719
125
3132
7354
6932
4555
3091
1554
-2147
-4966
-800
3660
1765
-4172
-7637
-6064
-4266
-3639
-2869
-1891
-2133
-3296
-3504
-2339
-153
1092
1916
2602
2689
2641
1714
1325
2185
3438
3988
3134
1516
-167
-1163
-1142
-197
235
-642
-2445
-4405
-5638
-6244
-6072
-4725
-4488
-5788
-8500
-9931
-10261
-10190
-11159
-4307
15717
25218
11130
-17208
-25025
-150
25477
28602
15999
7533
3631
-4790
-8321
5388
24534
23082
4506
-9264
-6835
-514
-2807
-3264
1716
3426
-3089
-11095
-10687
-8248
-10189
-10761
-3976
2828
145
-7781
-11679
-8404
-4621
-1000
5454
9687
6695
-1790
-5361
616
7647
10267
9991
9519
6987
2258
32
3105
7085
6727
4747
3281
1476
-2172
-5105
-802
3594
1863
-3752
-7437
-6028
-4246
-3457
-2747
-2013
-2089
-2893
-3096
-2417
-433
925
2012
2678
2686
2965
1965
1181
1767
3130
4172
3306
1593
-131
-1076
-1129
-436
-88
-758
-2070
-3959
-5674
-6466
-5933
-4269
-4202
-5973
-8499
-9937
-10057
-10068
-11171
-7502
11080
25118
16665
-11096
-27184
-7907
21274
30570
19583
8613
4827
-2672
-9224
272
21377
26633
9843
-8016
-9462
-1246
-1227
-3712
6
3751
-295
-9708
-12030
-8688
-8894
-10755
-6596
1263
1814
-5166
-11294
-10012
-5820
-2209
3843
9161
8315
671
-5387
-1682
5786
9867
10288
10059
8185
3448
-123
1754
6313
7233
5372
3796
2057
-1025
-5267
-3604
1950
3420
-312
-5875
-7368
-5984
-4516
-2904
-1429
-869
-1905
-3240
-3671
-1807
639
2200
3094
2899
2970
2271
1172
1527
2734
4028
3898
2416
724
-716
-1320
-955
-253
-310
-1015
-2984
-5362
-6501
-6504
-5348
-3930
-4321
-6452
-9328
-9543
-9402
-9525
-12211
-5608
16078
26962
13010
-17595
-26772
-1244
25473
29361
16771
8738
4334
-5701
-10609
3892
25670
25392
5631
-10594
-8533
-786
-2577
-3284
1631
4070
-2461
-11727
-11662
-8321
-9047
-10337
-4924
1928
717
-6232
-11058
-9082
-5759
-1705
5548
10108
7596
-865
-5207
-421
6102
9627
10778
10949
7666
1901
-826
2412
6753
6752
5241
3922
1491
-2529
-6100
-3053
2747
3619
-912
-6627
-7858
-5920
-4022
-2317
-1060
-882
-2117
-3552
-3606
-1324
1035
2296
2853
2708
2851
2221
1362
1729
2643
3712
3729
2414
712
-705
-1216
-725
-67
-288
-1313
-3314
-5260
-6163
-5883
-4961
-4171
-4616
-5714
-7575
-9610
-10246
-10133
-9567
-8858
5682
23285
22350
-1911
-26407
-16487
13970
30930
23907
9943
4608
-877
-8454
-4942
14918
27785
16232
-4789
-13079
-4983
-192
-2418
-796
2950
1313
-7812
-12878
-9642
-7357
-8645
-7569
-1143
1786
-2482
-8793
-10073
-6819
-3564
2216
8534
9396
3250
-4347
-3610
2895
8162
10425
11083
9358
3835
-1007
-139
4979
7495
5979
4204
1963
-1149
-4905
-4994
83
3602
1842
-3540
-7557
-7301
-4842
-2529
-1092
-603
-1235
-2336
-3338
-2643
-331
1641
2932
2979
2752
2623
1892
1376
1572
2770
4036
3749
1772
-285
-1194
-870
-146
4
-531
-1759
-3908
-5476
-5988
-5412
-4378
-3809
-4295
-5745
-7702
-9268
-9350
-8255
-7595
-8586
2758
19536
21867
2116
-22348
-17456
10710
29234
24244
10691
5149
730
-6896
-6009
11728
26082
18060
-2084
-12867
-6325
-75
-1233
-776
1608
960
-6309
-11806
-10164
-7647
-7570
-6804
-2414
-109
-2419
-6975
-8979
-7263
-4386
1701
7933
8603
3282
-3280
-2940
2406
7206
9970
11138
9452
4113
-535
49
4883
7531
6190
4278
1914
-868
-4006
-4479
-424
2984
2026
-2709
-6761
-6920
-5085
-3241
-1743
-483
-349
-1701
-3685
-3816
-1265
1489
3182
3304
2936
2639
1377
471
1121
3195
4885
4178
1793
-265
-1040
-915
-303
210
203
-1014
-3415
-5414
-6046
-5348
-4258
-4087
-4422
-5342
-6712
-8757
-9288
-8967
-7377
-8947
-4043
13627
23539
12536
-14516
-23751
-704
24587
28062
14741
6121
3419
-3531
-8395
2885
22445
23729
5999
-10950
-10139
-906
-113
-1422
531
1943
-2466
-10237
-11425
-8598
-7046
-6842
-4105
-1100
-1813
-5170
-8235
-7873
-5926
-1472
5715
8454
5104
-1504
-3586
769
5412
8311
10170
10316
6376
832
-726
3046
7101
6787
5051
3132
518
-2556
-4654
-2493
1712
3367
1051
-4083
-7716
-7626
-4978
-1692
653
832
-1063
-3909
-5287
-3019
821
3643
4352
3008
1652
734
515
1507
3112
4477
4446
2563
287
-930
-1035
-305
356
579
16
-1906
-4323
-5869
-5942
-4676
-3761
-3773
-4171
-5746
-7767
-9031
-8938
-7961
-7502
-9733
118
18198
23145
5741
-20786
-20940
5937
27344
26345
13035
5541
412
-7612
-7966
9087
26093
21490
1307
-13524
-9344
-764
336
641
1874
1504
-4711
-11585
-11350
-8190
-6261
-5384
-2961
-1500
-2475
-5594
-8434
-8365
-6180
441
7641
8518
3473
-3259
-3623
1162
5680
9047
11345
10374
4636
-1355
-1497
4168
8370
7538
5080
2007
-684
-3527
-4270
-1175
2231
3322
453
-4404
-7434
-7284
-4742
-1680
672
882
-827
-3852
-5149
-2997
422
3411
4092
3074
1726
427
349
1262
2934
4476
4438
2427
-110
-1297
-1140
-41
749
1032
256
-2265
-4751
-6104
-5528
-3819
-2930
-3354
-4455
-5925
-7471
-8524
-7911
-7293
-6906
-10089
-3730
14693
24031
11454
-16142
-23745
-342
24109
27622
15284
6645
1929
-5991
-9443
4101
23671
24249
6130
-11654
-11506
-2304
571
1206
2153
1952
-3154
-10510
-11592
-8709
-6038
-4786
-2832
-1875
-2982
-5163
-7581
-8015
-6744
-1275
6455
8413
4120
-2538
-3868
378
4610
7953
10643
10639
5590
-570
-1526
3337
7849
7467
5483
2954
221
-2759
-4169
-1741
1694
3450
1695
-2901
-6790
-7687
-5531
-2384
405
1340
98
-3074
-5663
-4498
-838
2983
4432
3373
1806
230
-288
508
2417
4409
4736
2834
204
-1232
-1377
-572
502
1163
732
-1495
-3936
-5349
-5172
-4048
-3447
-3410
-3751
-4669
-6069
-7750
-8383
-7835
-6858
-7327
-8582
2504
18741
21172
1775
-21830
-17249
9596
27662
23431
10405
4157
-851
-7930
-6282
11596
26180
19082
-1683
-14560
-8869
-32
2056
2134
2031
208
-6450
-11613
-10454
-6703
-4345
-3625
-2834
-3207
-4069
-5518
-7094
-7258
-5369
1210
7236
6918
1499
-3640
-2775
1377
5147
8568
11049
9376
2933
-2199
-972
4974
8355
7220
4790
1691
-1148
-3416
-3081
14
2625
3150
389
-4107
-7008
-6616
-3964
-1190
650
773
-1002
-4043
-5296
-3139
432
3175
3620
2624
1245
-65
-226
885
2905
4552
4261
1942
-577
-1626
-1198
1
1047
1298
252
-2104
-4318
-5478
-4724
-2959
-2231
-3276
-5089
-5678
-5581
-6080
-7230
-7514
-7011
-6550
-9029
-2365
14365
22209
9028
-16504
-20894
2287
24011
24708
12282
5045
1413
-5162
-7719
5504
22565
21504
3775
-12169
-10433
-959
2123
1939
1433
528
-4253
-9946
-10278
-7099
-4339
-3696
-3328
-3782
-4174
-4485
-5685
-6388
-6032
-1166
5242
6397
2443
-2525
-2409
1285
4166
6505
9146
9418
4866
-644
-1306
3558
7697
7223
5017
2305
-45
-2270
-2967
-836
1718
2797
1038
-2522
-5094
-5526
-4521
-2952
-707
834
501
-2264
-4688
-4007
-1281
1711
3139
3022
1953
269
-638
-86
2055
4299
4559
2265
-377
-1365
-934
156
865
1099
510
-1182
-3155
-4501
-4106
-2818
-2256
-3267
-4342
-4662
-4558
-5047
-5659
-6234
-6110
-6573
-6764
-8538
-7118
6994
20328
17542
-4327
-21272
-9724
14111
24972
17822
8579
4328
-1786
-8442
-3329
14705
23377
12767
-5607
-12413
-4964
595
1311
1190
1219
-1015
-7021
-10238
-8735
-5414
-3929
-3648
-3629
-3635
-3065
-4201
-6120
-7298
-4798
2225
6471
5218
532
-2348
-1145
1261
4048
7701
10354
8004
2042
-1659
227
5080
6818
6207
4344
1681
-1131
-3218
-2289
352
1966
2069
389
-2613
-5240
-6088
-4728
-1680
789
1404
-495
-3571
-4652
-3111
-268
2369
3339
2766
1054
-556
-398
1197
2910
3758
3025
1273
-205
-879
-667
112
957
1403
329
-1733
-3332
-3873
-3434
-2708
-2246
-2607
-3436
-4355
-4822
-5250
-5437
-5379
-5116
-5251
-5833
-7671
-9292
1261
16742
20765
4606
-17084
-15563
5242
21403
20304
12016
7001
743
-7733
-8018
7419
21226
17738
1395
-10717
-7972
-1983
425
1357
1697
709
-4515
-8980
-9259
-6572
-4211
-3167
-2965
-3687
-3258
-3414
-4899
-6627
-6155
-349
5026
5654
2219
-1339
-1319
287
2426
5843
9369
9070
4138
-542
-777
3219
5934
6278
5166
2653
-98
-2504
-2495
-356
1622
2066
738
-1600
-3740
-4810
-4877
-3199
-752
1032
821
-1880
-4030
-3817
-1687
920
2489
2967
2329
631
-663
-288
1512
3373
3590
2111
442
-477
-575
-125
492
1081
778
-605
-2300
-3374
-3357
-2577
-1960
-2166
-3199
-4321
-4914
-4978
-4766
-4262
-3928
-4764
-5882
-6965
-7226
-8540
-1174
13710
21163
11424
-10853
-18913
-4946
14784
23882
19839
10504
-1468
-10959
-11011
2906
18733
21099
9300
-7337
-13221
-8673
-1403
4536
4771
1848
-3589
-8548
-10129
-8432
-4605
-1576
-942
-3004
-3741
-3337
-4339
-5950
-6431
-1745
4214
6341
4357
82
-2249
-1921
765
5215
9438
9815
5421
-105
-2655
77
4361
7008
6934
3545
-377
-3378
-3769
-1644
887
2475
1596
-427
-2758
-4390
-5179
-4267
-1263
1225
2030
27
-2660
-3987
-3353
-681
2063
3815
3598
1634
-690
-1544
65
2576
4128
3460
1609
-258
-1499
-1206
-21
1371
1728
600
-1322
-3053
-3622
-3065
-2101
-1474
-1366
-2147
-3825
-5180
-5517
-4356
-2866
-2273
-3216
-4824
-6293
-6825
-7046
-7769
875
14547
19741
6948
-13833
-16210
863
17807
20195
13261
6875
57
-7187
-8044
3817
16386
16798
5217
-7323
-8918
-4498
83
2199
1408
244
-2662
-5665
-7561
-7094
-4522
-2026
-1830
-3499
-3062
-1990
-2750
-5566
-6487
-1527
3818
5262
2864
-207
-1180
-880
757
4162
7717
7954
4527
303
-1236
928
3576
5425
5152
2686
-6
-2061
-2141
-930
473
1462
776
-804
-2156
-2870
-3423
-3316
-1843
211
1128
-320
-2124
-2949
-2203
-158
1604
2626
2260
1100
78
-270
720
2443
3344
2492
957
-300
-654
-94
640
1117
739
-86
-1152
-2205
-2484
-2026
-1412
-1316
-1660
-2376
-3399
-4417
-4449
-3345
-2183
-2012
-3042
-4614
-5585
-5551
-5214
-5200
-6654
-358
11651
17548
7792
-10374
-13016
980
14426
15234
10406
8486
4124
-4417
-8785
548
13151
15307
6471
-4249
-6632
-4449
-1302
945
1421
1493
-911
-4278
-7478
-7793
-4738
-1252
-439
-2758
-3319
-2478
-2737
-5095
-5863
-1389
3479
4527
1917
-398
-830
-664
465
2963
6220
7032
4678
1045
-966
397
2950
4940
4766
2835
717
-1103
-1669
-1216
47
1517
1801
683
-1236
-2856
-3779
-3280
-1453
727
1719
542
-1358
-2887
-2824
-893
1650
3309
2875
1345
55
-368
286
1669
2837
2839
1746
233
-647
-495
230
931
945
429
-538
-1773
-2414
-2054
-1412
-1348
-1861
-2327
-2612
-3229
-4038
-4060
-3497
-2554
-2404
-3194
-4367
-5029
-5220
-5201
-5850
-6752
615
11923
16374
5368
-11903
-13552
934
15723
17805
11684
5197
-1064
-6092
-5418
4509
14030
14488
5118
-5858
-8453
-4355
1776
4075
2053
-700
-3009
-4310
-6044
-6314
-4146
-1055
-484
-2909
-3890
-3042
-2434
-4194
-5216
-1811
2660
4370
2088
-1011
-2261
-1120
1554
4236
5991
5537
3513
661
-914
617
3546
5682
4798
1897
-691
-1713
-1075
78
900
1197
849
-487
-1751
-2053
-1880
-1708
-1695
-853
375
579
-403
-1903
-2428
-1305
817
2428
2531
1434
284
-299
-96
1301
2693
2843
1659
29
-832
-659
258
1042
895
-11
-949
-1552
-1770
-1659
-1493
-1494
-1691
-2049
-2346
-2685
-2941
-3169
-3227
-2900
-2256
-2007
-2584
-3792
-4553
-4479
-4134
-4664
-5617
452
10679
15179
5517
-10007
-12111
538
14183
16443
10841
4404
-1176
-4813
-4015
3672
11298
12703
5942
-3819
-7827
-4950
1390
4182
2103
-1058
-2694
-2958
-4409
-5578
-4676
-1591
-11
-1598
-3198
-3224
-2634
-3702
-4449
-2074
1764
3898
2655
-328
-2698
-2294
751
4101
5638
4749
3144
946
-815
-450
2172
5182
5443
2945
-334
-1853
-1123
352
1233
1136
971
420
-331
-977
-1253
-1082
-1176
-750
91
798
724
-424
-1718
-2068
-640
1456
2675
2048
590
-347
-523
323
1425
2139
1844
616
-669
-1326
-809
279
904
496
-500
-1281
-1710
-1702
-1503
-1110
-923
-1104
-1619
-2310
-2717
-2725
-2297
-2002
-1845
-1821
-1926
-2417
-3028
-3528
-3458
-3382
-3221
-4626
-4750
1750
10269
12559
2222
-9861
-9547
2137
13151
14236
8974
2120
-2823
-4548
-1794
4825
9720
10159
4058
-3788
-7147
-4124
2337
4842
2409
-1626
-3266
-2917
-3143
-3858
-3658
-1518
-429
-1322
-2862
-3540
-3136
-3406
-3298
-2030
193
2058
1962
-361
-3093
-3019
146
3939
4967
3509
1692
186
-248
431
2335
4313
4583
2861
116
-1368
-690
1247
2059
1428
301
-112
710
986
172
-1591
-2550
-1505
429
1638
1112
-566
-2249
-2467
-1144
878
2304
2178
1035
-427
-901
108
1593
2344
1875
832
-111
-359
9
564
740
510
171
-291
-755
-1151
-1146
-747
-486
-521
-961
-1603
-2037
-2105
-2056
-2058
-2002
-1959
-1908
-2079
-2414
-2789
-3095
-3319
-3409
-3757
-4189
-5318
-3272
3492
9806
8579
-1718
-9763
-6894
4182
12707
12840
6889
-341
-3902
-2900
1692
6325
8524
7735
3099
-2561
-5330
-2542
2667
4732
2358
-1448
-3116
-2934
-2489
-2902
-3209
-2239
-952
-521
-1838
-3598
-4494
-3878
-2170
-541
672
1243
1074
-493
-2388
-2281
465
3897
4987
3648
1274
-375
-202
1353
3155
3777
3179
1987
585
-679
-893
142
1171
1533
1089
253
-698
-1566
-1891
-1747
-1125
-106
681
380
-954
-2287
-2517
-1487
164
1584
1858
862
-358
-927
-487
663
1845
2364
1683
396
-461
-321
575
1528
1858
1319
407
-171
-195
-65
155
460
612
324
-179
-660
-957
-891
-607
-240
-51
-174
-787
-1724
-2395
-2325
-1819
-1508
-1735
-2398
-3246
-4201
-4639
-4736
-2368
3025
7989
7228
-348
-7115
-6041
2173
9953
11697
7166
88
-4067
-2972
1400
4836
5738
4909
2659
-470
-2873
-2460
324
2768
2880
922
-1315
-2365
-2041
-1685
-2046
-2389
-1748
-368
167
-891
-3000
-4290
-3418
-884
1300
1869
1124
-232
-1254
-1403
-233
1820
3599
4293
3424
1560
236
703
2537
4096
4355
3543
2410
1617
1483
1709
1826
2016
2238
2028
432
-1702
-2567
-2157
-1186
-393
90
-238
-1309
-2575
-3795
-4750
-5011
-3980
-2793
-2652
-3502
-4383
-4418
-3503
-1908
-696
-489
-931
-1384
-1404
-1178
-619
144
847
1236
1298
1203
952
989
1445
1856
1859
1596
1163
653
283
210
161
-32
-38
169
70
-587
-1167
-928
50
1076
1463
800
-848
-2758
-4302
-4974
-4862
-4016
-1479
2258
5020
4090
-132
-3870
-3716
559
5117
6180
2890
-2150
-4817
-3298
482
2779
2817
1796
736
-175
-954
-958
-233
742
1511
1647
851
-566
-1456
-1297
-741
-537
-483
-276
-165
-551
-1636
-2589
-2591
-1334
447
1410
762
-964
-2257
-2086
-642
861
1418
1020
174
-593
-991
-835
-278
262
592
487
36
-496
-648
-317
244
846
1195
1224
631
-217
-782
-999
-846
-537
-265
-586
-1568
-2642
-3112
-2800
-1924
-615
538
1063
996
838
994
1485
1991
2118
1724
1007
347
12
49
425
841
975
875
809
739
411
85
199
747
1334
1567
1324
628
-128
-617
-987
-1157
-1408
-1490
-1420
-1387
-1238
-1173
-1245
-1320
-737
-41
128
-135
-444
-725
-542
-35
53
-578
-1389
-1690
-1051
410
1921
1945
392
-1281
-1499
120
2394
3978
3616
1820
164
263
2280
4536
5488
5133
4688
4709
4978
5050
4606
3703
2889
1947
653
240
198
-2429
-5843
-5725
-3151
-1913
-2645
-3608
-3857
-3400
-2568
-692
669
-826
-3234
-4937
-5940
-6104
-4498
-1368
1807
3412
2799
1274
580
1210
2075
2437
2036
621
-1146
-2004
-1666
-801
-157
85
319
674
871
552
-59
-476
-421
202
862
1032
649
46
-396
-493
-340
-286
-343
-601
-804
-836
-939
-1178
-1253
-964
-581
-196
111
221
36
-233
-321
-72
358
533
420
186
7
-6
-24
-3
82
224
12
-244
-390
-857
-1255
-1349
-920
-406
-275
-375
-674
-950
-1071
-999
-822
-769
-812
-841
-901
-1069
-1118
-943
-640
-356
-264
-333
-439
-523
-475
-283
-29
376
718
999
971
606
208
78
405
852
1137
1008
545
71
-104
95
494
888
1035
919
701
520
513
548
495
461
526
699
1117
1624
1812
1543
876
55
-608
-1141
-1623
-2079
-2388
-2289
-1711
-891
-47
669
1129
1383
1271
965
671
473
386
487
773
1065
1438
1593
970
-479
-2012
-2762
-2817
-2677
-2520
-2174
-1655
-1089
-587
-17
431
411
41
-335
-404
-387
-551
-812
-878
-743
-493
-313
-251
-207
-304
-430
-407
-276
33
196
163
107
110
181
320
436
364
27
-321
-370
-158
-22
-109
-241
-300
-283
-301
-360
-291
-146
-145
-248
-213
-74
-97
-145
-156
-75
-19
-60
-94
-57
0
-12
-1
0
-8
20
59
137
54
-67
-111
-53
109
217
273
238
46
-184
-143
130
446
505
365
195
19
-35
0
223
459
417
211
-83
-268
-239
-71
66
107
127
15
-89
-55
91
332
510
456
293
196
151
164
159
193
354
496
476
380
473
621
653
535
420
285
129
-142
-424
-559
-622
-597
-652
-729
-849
-953
-960
-948
-994
-982
-882
-710
-664
-692
-591
-340
-85
-62
-25
71
201
233
168
260
391
386
217
172
222
232
168
71
86
88
-21
-255
-452
-550
-570
-529
-478
-399
-433
-429
-398
-395
-333
-162
62
161
26
-85
-58
88
184
206
294
306
169
-97
-187
-55
99
150
72
-5
-138
-248
-277
-267
-131
-28
-36
-89
-240
-349
-377
-308
-210
-126
-75
-152
-253
-402
-388
-214
-34
80
73
-71
-280
-364
-267
-22
172
261
161
-98
-231
-232
-79
235
396
325
92
-168
-256
-92
173
359
257
24
-166
-251
-207
-17
94
63
-60
-142
-161
-196
-166
-148
-95
-82
-86
-105
-112
-71
-96
-116
1
91
73
-29
-97
-48
3
6
38
100
102
-23
-134
-130
-38
57
112
40
-75
-177
-208
-159
-32
61
42
-116
-262
-175
-56
63
47
-58
-171
-215
-118
-13
86
56
-28
-22
8
67
98
120
84
-22
-93
-73
36
87
41
-40
-153
-232
-214
-107
28
36
-132
-371
-424
-338
-214
-122
-76
-45
-170
-339
-401
-278
-102
60
79
-71
-232
-341
-321
-132
46
66
7
-40
-82
-138
-180
-114
60
153
61
-87
-143
-96
-77
-83
-29
7
-34
-115
-187
-163
-150
-152
-149
-110
-45
-43
-89
-183
-241
-202
-132
-8
17
-64
-126
-172
-227
-198
-73
-2
36
-53
-179
-216
-176
-95
-49
-26
-69
-174
-250
-325
-210
-62
9
-48
-150
-193
-240
-269
-156
0
57
-10
-152
-172
-119
-56
-11
-28
-65
-112
-101
-44
34
53
-1
-90
-81
-36
-29
28
52
71
-63
-225
-219
-103
-11
10
-46
-74
-137
-199
-222
-130
-31
-41
-83
-197
-237
-244
-181
-87
-68
-155
-232
-256
-213
-110
-107
-104
-168
-211
-142
-22
-3
-55
-128
-99
-73
-127
-130
-73
-1
4
-72
-217
-167
-78
-37
-71
-121
-110
-127
-162
-213
-146
-59
-62
-164
-197
-138
-98
-51
-147
-169
-142
-148
-165
-190
-62
13
-66
-158
-162
-116
-85
-101
-152
-112
-109
-181
-161
-142
-124
-67
-55
-96
-246
-326
-241
-143
-106
-125
-95
-72
-166
-297
-260
-101
11
-16
-136
-184
-159
-89
-69
-20
25
-52
-184
-262
-207
-40
25
25
-63
-184
-269
-255
-127
-43
4
-67
-156
-232
-269
-186
-86
-59
-104
-170
-212
-170
-147
-156
-171
-141
-151
-253
-266
-135
-47
-65
-93
-146
-139
-138
-146
-97
-17
-57
-145
-157
-83
-100
-155
-183
-131
-147
-170
-158
-140
-101
-147
-200
-209
-158
-148
-209
-195
-170
-228
-223
-183
-112
-111
-100
-122
-159
-219
-271
-184
-68
-31
-108
-190
-211
-150
-82
-51
-39
-48
-87
-150
-139
-101
-55
-11
-68
-124
-192
-234
-232
-175
-100
-32
-114
-178
-236
-242
-169
-117
-133
-151
-126
-152
-240
-269
-261
-192
-120
-78
-80
-117
-134
-161
-175
-158
-83
13
-14
-145
-222
-261
-190
-67
-56
-91
-134
-84
-128
-189
-128
-86
-84
-129
-156
-139
-69
-120
-177
-193
-166
-92
-129
-116
-71
-133
-209
-248
-175
-92
-60
-36
-74
-183
-243
-260
-159
-57
-66
-158
-204
-196
-136
-94
-65
-9
-84
-120
-141
-133
-137
-149
-87
-107
-212
-301
-264
-130
-59
-75
-160
-222
-244
-238
-189
-149
-68
-19
-155
-244
-312
-211
-62
-24
-35
-86
-123
-189
-181
-165
-77
-29
-71
-101
-152
-199
-202
-122
-49
-93
-157
-156
-171
-165
-212
-218
-174
-189
-186
-160
-79
-130
-186
-254
-174
-77
-12
-7
-88
-126
-178
-228
-217
-59
69
23
-69
-177
-218
-217
-188
-62
-21
-112
-192
-176
-223
-264
-206
-115
-64
-106
-217
-243
-206
-161
-225
-227
-174
-156
-162
-238
-284
-275
-223
-194
-159
-188
-162
-147
-217
-259
-266
-184
-90
-43
-123
-190
-278
-263
-108
-5
41
-21
-106
-136
-177
-165
-89
6
17
-59
-195
-262
-252
-212
-172
-143
-146
-167
-185
-202
-193
-204
-150
-165
-223
-246
-226
-139
-80
-120
-193
-217
-203
-168
-138
-109
-62
-153
-246
-291
-226
-102
-29
-65
-116
-163
-240
-255
-205
-127
-88
-132
-172
-209
-242
-209
-140
-142
-214
-263
-235
-102
-58
-117
-187
-195
-165
-147
-150
-130
-81
-82
-128
-179
-133
-76
-52
-85
-140
-197
-167
-93
-48
-50
-77
-124
-224
-215
-218
-175
-139
-131
-142
-226
-225
-213
-172
-187
-182
-146
-109
-150
-194
-199
-144
-104
-72
-64
-101
-115
-146
-155
-176
-121
-14
-34
-83
-207
-171
-95
-38
-29
-44
-18
-119
-186
-146
-97
-78
-51
-108
-137
-179
-198
-161
-143
-118
-97
-99
-163
-255
-295
-222
-167
-166
-204
-186
-176
-180
-228
-281
-208
-150
-168
-164
-194
-203
-198
-222
-190
-202
-134
-95
-122
-149
-203
-218
-175
-136
-166
-147
-149
-163
-212
-207
-123
-84
-83
-115
-159
-148
-150
-176
-137
-58
-70
-95
-121
-166
-153
-121
-42
-58
-92
-109
-143
-122
-147
-134
-126
-127
-166
-195
-162
-178
-172
-126
-122
-107
-133
-118
-137
-167
-123
-116
-141
-139
-130
-109
-95
-64
-156
-180
-139
-134
-60
-43
-28
-96
-133
-138
-153
-121
-50
-8
0
-79
-127
-161
-150
-70
-47
-63
-81
-110
-118
-125
-97
-51
-4
-61
-155
-160
-162
-77
-5
33
67
-20
-105
-183
-210
-148
-86
-33
-45
-153
-253
-224
-157
-85
-98
-124
-143
-155
-170
-183
-188
-120
-59
-78
-87
-139
-126
-128
-136
-101
-125
-97
-91
-151
-192
-123
-116
-138
-96
-110
-44
-89
-110
-153
-151
-112
-113
-74
-99
-138
-176
-187
-139
-65
-20
43
-13
-107
-142
-140
-115
-52
-1
-5
-79
-139
-142
-125
-91
-70
-52
-72
-70
-144
-171
-118
-58
-80
-175
-215
-110
-6
-47
-66
-87
-133
-143
-174
-91
-4
-18
-80
-183
-152
-108
-63
21
21
-69
-135
-145
-110
-97
-52
-56
-21
-45
-129
-136
-123
-119
-155
-156
-160
-105
-67
-88
-122
-185
-215
-145
-57
-1
-53
-111
-135
-126
-53
16
60
19
-52
-93
-98
-49
-29
-41
-60
-121
-128
-170
-127
-71
-48
-39
-136
-149
-170
-187
-168
-157
-139
-172
-136
-111
-94
-99
-120
-170
-131
-62
-51
-69
-129
-79
-62
-112
-57
1
24
-8
-104
-97
-99
-117
-74
-93
-66
-98
-125
-80
-79
-62
-78
-54
-71
-89
-178
-158
-75
-57
-29
-61
-103
-151
-106
-88
-46
-10
-24
-53
-102
-116
-98
-59
-13
20
-44
-112
-113
-94
-112
-50
-20
-47
-46
-76
-81
-83
-123
-111
-65
-37
-68
-114
-77
-57
-72
-69
-4
48
-11
-48
-24
-23
-43
-25
12
-1
23
-38
-40
8
65
35
0
-28
-41
-53
44
14
7
-70
36
-126
412
2371
3779
2412
-1013
-3477
-3370
-1474
1195
2658
1188
-1382
-2699
-1828
117
1455
1403
512
-271
-181
362
487
-68
-865
-926
-102
980
1382
792
-504
-815
213
635
324
-159
111
162
208
524
435
-261
-907
-744
543
2725
2807
-122
-2153
-2463
-874
675
1499
1330
-387
-1906
-1474
117
464
-23
-813
-1142
240
1564
1156
-935
-1508
-479
251
874
763
416
172
126
125
-198
-290
398
487
18
-305
-225
197
107
-74
-219
-493
-433
360
848
578
288
493
828
518
309
781
435
-132
94
534
212
-12
398
20
-499
-509
-347
-763
-1440
-1498
-1230
-852
-1038
-1584
-1847
-1757
-1487
-1195
-696
-163
138
370
707
1111
1670
2324
2972
3494
3637
3769
3975
3886
3698
3715
4049
5962
10575
15763
19342
17075
4430
-9294
-13558
-12233
-10312
-8574
-7098
-6216
-5902
-5840
-5592
-4727
-3799
-3173
-2689
-2197
-1866
-1550
-1145
-700
-477
-593
-1094
-1581
-1600
-1235
-693
-38
714
1090
1170
1247
1171
656
-212
-929
-1671
-2340
-2645
-2488
-2624
-3372
-3536
-2437
-213
2222
4383
5529
5243
4192
3679
4106
5175
7369
10692
12690
8170
-621
-6247
-6396
-3838
-1088
1680
4730
7366
8951
8790
6386
4013
4033
4211
2827
1264
-3393
-8641
-9567
-8227
-5738
-3728
-2261
465
2971
4004
4145
4593
5408
6356
7305
7603
5775
255
-5523
-6433
898
5906
1309
-5689
-6450
-3118
-1413
635
6433
16403
16023
4307
-7112
-12967
-14959
-16344
-13761
-7952
-2038
2513
5155
4659
1727
-367
-707
-1989
-3500
-4229
-2424
912
3823
5774
6941
7916
8033
7485
8015
10168
12655
7555
-6164
-12941
-9064
-5245
-8745
-12416
-10679
-6988
-4139
-3422
-3857
-4599
-4906
-4808
-4707
-4858
-4708
-4581
-4987
-5454
-6105
-6634
-5875
-3903
-1766
61
1137
530
-892
-1011
-131
587
371
-601
-1440
-2618
-3644
-3801
-3383
-2841
-1979
-677
422
981
1373
1881
2362
2615
2462
1825
934
164
-378
-552
-480
-248
161
651
1688
3297
4360
4047
2398
-166
-2536
-3995
-4579
-4238
-3647
-2998
-2592
-2357
-1958
-1668
-1379
-1072
-676
-115
457
936
1276
1174
593
-249
-984
-1271
-1261
-1056
-751
-480
-248
-125
-114
-68
-62
-44
62
214
199
107
33
16
94
124
104
87
208
238
182
134
162
217
304
387
359
316
321
395
407
460
570
717
745
707
763
816
854
866
941
957
878
789
618
492
375
234
159
133
231
401
435
260
83
-50
-144
-72
122
320
414
350
216
152
94
-46
-55
64
135
161
144
64
-87
-206
-245
-282
-239
-82
100
221
117
7
-5
64
129
182
308
399
477
427
403
338
329
282
237
279
341
426
448
374
303
184
91
117
230
424
548
648
529
390
251
211
222
253
369
407
424
385
208
70
-51
-155
-104
-86
-173
-237
-318
-432
-567
-649
-626
-548
-456
-323
-258
-97
69
158
285
406
580
652
712
613
462
364
293
234
263
301
247
204
120
-16
-132
-192
-248
-208
-128
-74
113
180
144
100
37
24
78
204
207
221
161
78
42
39
76
57
-3
-38
-62
-42
69
86
77
32
10
-15
-1
58
46
0
-23
27
77
197
259
141
32
-66
-79
-9
9
-12
-90
-151
-201
-190
-218
-215
-105
-63
-27
68
100
150
272
256
268
279
260
190
143
182
216
303
259
189
108
37
-7
-80
-198
-164
-62
-14
51
32
-1
-60
-92
-56
-5
66
88
138
229
200
186
153
137
142
218
337
387
431
441
411
340
296
396
457
402
331
210
190
145
42
-56
-66
-11
-67
-124
-279
-353
-434
-461
-446
-486
-502
-491
-519
-540
-541
-526
-463
-399
-308
-81
82
104
141
162
160
131
42
81
206
316
331
301
272
215
171
150
206
202
212
215
170
173
209
204
146
60
48
87
179
273
303
397
354
315
247
164
82
7
-49
-41
20
-38
-105
-110
-145
-123
-90
-23
89
123
130
134
97
14
11
2
76
90
36
-57
-195
-252
-298
-301
-208
-107
-36
-22
32
41
-6
-35
1
123
280
368
356
310
248
194
176
172
208
170
91
59
35
39
43
17
-12
-68
-122
-124
-82
-45
11
36
20
-25
-45
50
180
219
182
101
116
72
40
0
24
81
73
105
93
53
-30
-117
-149
-213
-105
-26
-43
-70
-74
-95
-185
-240
-258
-159
-88
-70
-5
29
7
-96
-132
-104
-40
7
23
42
24
17
24
-8
35
55
-36
-41
-70
-79
-85
13
30
6
-21
-50
-42
-81
-93
-70
-4
23
144
207
205
155
121
79
48
149
162
164
186
193
174
118
27
-33
-71
-44
-1
-36
-38
-62
-117
-203
-290
-300
-270
-179
-108
-130
-228
-229
-239
-240
-272
-244
-175
-127
-93
-146
-142
-130
-152
-181
-154
-70
-3
-2
-9
-17
-13
33
97
97
182
229
212
205
116
68
82
92
97
157
192
121
82
18
24
64
66
38
-54
-71
-17
-41
-62
-43
-61
-15
-4
18
99
180
189
170
195
206
149
97
104
51
71
80
82
36
-36
-88
-150
-128
-155
-149
-148
-132
-117
-158
-219
-263
-320
-383
-387
-348
-345
-387
-428
-410
-376
-335
-258
-231
-227
-193
-171
-153
-106
-82
-47
-12
30
75
85
159
235
257
224
188
185
149
216
251
214
192
169
132
94
108
124
155
159
159
163
166
120
105
87
145
167
208
185
126
63
-63
-53
-33
-15
-36
-6
34
-14
-24
-53
-157
-186
-203
-230
-161
-107
-97
-66
-48
-93
-108
-60
-12
48
23
81
66
13
-30
-71
-113
-125
-112
-87
-48
15
17
16
-32
-28
27
16
78
110
123
123
124
140
187
161
95
97
60
49
64
96
89
20
-57
-106
-110
-85
-89
-91
-61
-79
-65
-38
-30
-24
-43
-22
-12
0
37
25
23
41
60
81
62
36
28
-40
-71
-51
10
14
55
72
40
56
57
45
18
-13
-9
9
-16
-4
-31
-44
-10
-43
-15
10
-23
-41
-61
-73
-45
-16
-52
-109
-124
-158
-157
-72
-20
11
50
82
62
45
9
26
23
6
7
-30
-26
45
32
4
-35
-72
-69
-121
-143
-153
-107
-80
-80
-122
-182
-209
-189
-205
-204
-168
-125
-70
-99
-66
-61
-47
-23
7
36
16
25
34
61
101
122
98
49
1
3
0
-9
-41
-35
-21
-47
-47
-62
-28
-51
-57
-45
-13
44
50
46
-3
-55
-81
-109
-76
-36
-2
-50
-77
-62
-25
16
40
16
-40
-13
-24
-49
-17
4
-14
-37
-92
-164
-205
-178
-108
-69
-57
-35
-13
37
93
102
102
41
54
108
201
235
242
294
254
220
214
210
150
124
37
48
91
72
100
82
94
63
16
1
56
15
13
-9
51
136
116
130
118
78
103
96
133
114
101
80
56
47
-19
12
17
61
43
48
-21
-38
-32
-50
-82
-17
-8
-10
23
-7
-40
-114
-70
-28
54
86
51
17
27
5
-1
-29
-25
-2
-36
-58
-21
19
34
30
-12
-3
22
-2
11
51
89
47
22
44
56
84
80
57
110
141
110
63
86
121
44
33
19
-19
-45
-23
-82
-83
-50
-50
-29
-41
-4
51
76
66
71
86
100
101
84
62
28
72
68
65
106
123
111
82
93
69
71
62
1
-33
-36
-9
14
0
-8
-42
-94
-73
-50
-41
-46
-63
-112
-110
-83
-104
-107
-71
-42
-30
-5
29
59
72
108
54
37
80
26
-5
-24
-32
0
-3
-23
-44
-59
-59
-79
-50
-44
-37
-24
22
60
67
110
80
69
126
142
68
86
44
37
79
126
112
111
85
53
59
33
19
3
-43
-69
-51
-75
-39
-84
-98
-96
-102
-48
-46
-18
-1
38
12
-14
-12
-3
44
24
54
34
80
107
135
143
119
165
190
204
151
148
192
233
206
181
154
123
91
-9
-27
-37
7
29
-7
14
25
-6
-2
-28
-39
-36
-5
20
6
-53
-94
-67
-63
-46
-3
6
34
-5
-25
-24
-26
1
-2
31
-8
-12
8
35
32
58
83
68
85
107
57
50
7
44
71
51
44
20
78
61
66
18
-12
41
1
-1
-58
-96
-35
-43
-19
-5
-2
-44
-85
-49
-46
-14
-78
-107
-82
-82
-100
-112
-89
-95
-92
-128
-98
-117
-107
-47
-47
-5
10
-36
-11
37
49
57
83
114
129
144
174
151
141
160
118
125
174
103
106
141
136
159
85
123
156
154
135
112
98
87
77
49
58
40
21
-26
28
45
27
55
-1
-19
-31
-45
-35
-86
-49
-55
-32
-24
-25
13
16
-3
-27
-33
-54
-12
-20
-26
-21
-47
-31
-38
-52
-70
-48
-12
-44
-19
-64
-32
-35
-92
-75
-65
-66
-84
-63
-69
-49
-30
-8
0
35
33
37
-1
25
48
40
89
47
49
68
73
50
41
69
92
99
123
104
150
148
102
141
146
178
156
130
136
170
152
192
207
187
169
132
151
134
132
138
167
117
121
147
172
122
75
73
45
60
38
-17
23
-26
-52
-38
-23
5
2
-51
-108
-77
-53
-62
-115
-110
-68
-76
-51
-95
-46
-55
-43
-46
-86
-80
-57
-34
-68
-60
-34
-21
-32
14
24
24
48
32
-22
-49
-19
1
18
-33
-24
-3
40
17
13
33
-28
-44
-59
7
55
46
52
44
58
26
-11
-60
-17
17
5
-3
9
14
-1
-25
-5
6
20
56
74
116
62
-1
41
28
2
32
51
43
-29
-39
48
24
52
77
32
29
41
37
52
56
38
52
16
53
66
23
69
82
50
50
42
57
31
39
6
-38
-36
-22
7
-15
-30
-14
-16
-19
-18
-20
-18
-21
-12
50
3
-35
-14
-10
34
0
-7
-10
13
50
45
59
84
46
32
16
18
28
46
71
28
2
10
15
24
39
12
51
57
36
23
-12
-8
-12
12
46
15
-5
-2
20
78
46
74
66
3
63
36
51
64
28
31
-46
-30
28
15
-13
-15
-11
29
7
-43
-39
-60
-58
-64
-47
-42
-5
-19
-30
-25
-55
-18
-1
-8
-9
14
19
82
74
42
25
55
69
105
98
96
136
100
69
49
77
133
166
97
85
70
102
123
88
116
101
32
50
89
65
56
46
78
82
65
91
75
32
51
42
66
92
66
71
30
25
65
47
66
21
47
76
41
51
14
49
27
36
52
43
13
13
14
13
44
37
4
38
50
10
63
63
59
48
49
39
6
-49
-27
44
30
27
-14
54
61
1
1
32
10
5
-7
-3
5
-9
-13
-30
-27
-20
22
-11
-4
-10
-33
-6
40
18
21
13
-1
-1
-5
20
-24
-8
-22
-13
23
25
34
44
25
17
30
22
-2
0
-21
3
-18
-15
52
50
12
9
-18
-31
-4
1
2
15
52
33
54
26
40
28
38
31
28
36
43
52
64
18
35
50
-22
2
-6
-7
3
29
6
-12
30
65
26
-14
-10
-14
-37
-11
1
-59
-9
41
44
2
-16
-21
-33
-77
-29
-16
-37
-20
-42
-33
-11
31
-8
-18
3
0
-14
12
15
-12
-1
-51
-13
-63
-30
-32
-46
-10
-84
-74
-74
-48
-14
-31
-65
-49
-37
-25
-18
8
11
38
37
-6
11
0
24
42
50
32
52
42
21
66
64
34
21
13
12
-12
-29
4
19
17
46
82
95
85
8
3
-6
-19
17
45
-12
-18
21
76
48
-30
-37
-54
-47
-87
-28
-13
-65
-63
-48
-58
-64
-70
-63
-24
-69
-31
-7
-9
-50
-106
-28
-15
-53
-61
-86
-63
-77
-80
-43
-72
-60
-103
-115
-67
-34
-24
-38
-37
-30
-43
-41
-52
-79
-85
-75
-77
-79
-43
-75
-55
-23
-69
-46
-62
-67
-78
-78
-100
-133
-160
-110
-60
-96
-119
-97
-91
-44
-61
-113
-108
-79
-59
-168
-140
-111
-113
-76
-91
-66
-89
-113
-138
-113
-71
-73
-85
-128
-129
-110
-110
-96
-42
-58
-93
-97
-106
-122
-144
-114
-68
-99
-92
-87
-94
-33
-49
-33
-55
-107
-67
-100
-35
-39
-46
-61
-71
-43
-67
-81
-89
-85
-54
-15
-4
-16
-64
-7
-41
-73
-102
-99
-50
-52
-107
-96
-104
-125
-75
-57
-41
-106
-120
-93
-106
-180
-148
-113
-96
-92
-97
-117
-134
-60
-39
-21
-45
-32
-22
-55
-63
-59
-74
-72
-76
-85
-84
-86
-61
-53
-71
-52
-5
-24
-52
-86
-32
-29
-72
-54
-60
-93
-83
-66
-99
-91
-84
-60
-37
-95
-72
-100
-56
-45
-50
-27
-64
-17
-64
-91
-71
-52
-83
-150
-109
-81
-20
17
-22
-57
-87
-93
-84
-75
-58
-81
-106
-106
-95
-93
-109
-104
-86
-78
-51
-41
-44
-45
