SAMPLES:	18241
BITSPERSAMPLE:	16
CHANNELS:	1
SAMPLERATE:	16000
NORMALIZED:	FALSE
602
797
732
583
407
494
550
612
904
1441
1148
1036
1211
1315
1224
1280
1283
947
993
983
1288
1393
1413
1197
1361
1397
1107
878
720
631
733
899
956
945
890
1012
957
932
1177
1496
1469
1574
1603
1894
1913
1978
2295
2223
2256
2408
2235
2170
2146
1981
2120
2256
1996
1937
1848
1747
2068
1766
1643
1806
1834
1809
1680
1630
1925
1936
1882
1878
1821
1481
1442
1227
1284
1262
798
800
675
899
1028
1033
1000
970
969
747
585
456
556
754
568
398
509
497
494
674
987
881
1160
954
857
810
661
609
468
363
128
-94
-354
-431
-549
-158
-433
-400
-145
-424
-374
-672
-410
-315
-152
-118
-444
-258
-219
-508
-535
-449
-319
-254
-395
-769
-627
-623
-919
-694
-863
-952
-841
-836
-800
-502
-394
-515
-296
102
-163
-243
-67
46
124
109
490
699
1021
1181
957
976
1202
932
876
978
553
656
1082
1012
1115
1252
1114
1129
1060
861
708
990
1067
1081
636
383
420
631
598
363
736
445
202
378
823
701
392
534
465
658
421
463
593
466
512
615
918
833
889
807
423
550
936
957
878
751
1004
1195
1151
809
970
1001
783
971
1007
911
717
844
746
777
615
451
486
659
809
437
356
242
690
495
203
542
386
311
-65
249
134
-20
51
273
474
202
438
410
711
882
979
959
881
677
834
959
938
907
878
1226
1373
1108
589
205
41
-235
-360
-224
40
107
225
26
-366
-360
-529
-320
-566
-955
-759
-383
-636
-954
-902
-1173
-1143
-1459
-1451
-1384
-1714
-1708
-1689
-1632
-1728
-1836
-1768
-1541
-1775
-2181
-2125
-2213
-2138
-1786
-1494
-1570
-1796
-1979
-2135
-1815
-1990
-1922
-1898
-2281
-2056
-2027
-2043
-2386
-2382
-2172
-2005
-1826
-1762
-1680
-1694
-1799
-1831
-1725
-1774
-1622
-1879
-2091
-2044
-1922
-2327
-2595
-2609
-2909
-3004
-2855
-2936
-3018
-2850
-2992
-2809
-2988
-2821
-2712
-2791
-2916
-3076
-2848
-2890
-2752
-2663
-2514
-2217
-1889
-2005
-1844
-1674
-1420
-1514
-1724
-1585
-1460
-1234
-1357
-1276
-1227
-1196
-1004
-942
-1149
-969
-800
-793
-780
-693
-513
-550
-641
-642
-339
-238
73
534
517
529
625
929
933
1028
719
720
895
423
527
379
-187
-338
-323
-174
115
69
-60
145
109
-231
-153
-22
-363
-852
-1073
-1272
-1523
-1502
-1472
-1251
-1380
-1305
-1653
-1828
-1735
-1624
-1580
-1737
-1479
-1709
-1786
-1769
-1596
-1724
-1523
-1445
-1143
-1162
-1096
-909
-759
-616
-724
-882
-1249
-1014
-1019
-1058
-819
-504
-565
-509
-712
-642
-624
-641
-610
-813
-649
-823
-764
-390
-247
-452
-597
-230
95
104
98
-222
-179
121
119
171
50
161
518
389
53
-272
24
224
164
-106
27
-153
-286
-288
-565
-495
-361
65
-381
-541
-531
-663
-505
-695
-689
-626
-847
-1147
-1396
-1622
-1309
-1412
-1398
-1416
-1402
-1136
-1677
-1520
-1190
-1340
-1179
-1239
-1406
-1488
-1474
-1459
-1330
-1138
-916
-984
-1248
-1101
-825
-634
-627
-855
-979
-715
-902
-1211
-893
-780
-696
-1098
-915
-594
-432
-494
-738
-884
-1027
-1062
-1444
-1339
-1318
-1255
-1309
-1478
-1532
-1554
-1678
-1577
-1484
-1553
-1672
-1772
-1668
-1857
-2070
-2087
-2104
-1727
-1791
-1922
-2331
-2400
-2324
-2103
-1690
-1625
-1895
-2048
-1810
-1679
-1879
-1867
-1892
-1871
-2082
-1957
-1595
-1418
-1287
-1235
-881
-981
-1076
-1129
-1251
-1784
-2058
-2019
-2334
-1880
-1439
-1140
-1181
-1699
-1715
-1924
-2212
-2368
-2390
-2199
-2317
-2057
-2079
-2423
-2730
-2729
-2724
-2825
-2494
-2241
-2381
-2604
-2559
-2651
-2575
-2872
-2904
-2894
-3015
-2655
-2125
-2430
-2742
-2714
-2868
-2411
-2239
-2282
-2216
-1850
-1875
-2092
-1838
-1728
-1591
-1732
-1535
-1567
-1378
-1361
-1304
-572
-108
-626
-1350
-1036
-460
-50
201
-134
-29
76
-130
-60
515
994
1033
1534
677
-666
-1204
-619
119
258
370
-622
-1524
-1507
-1250
-660
-437
-537
-1197
-1746
-1842
-1516
-1564
-1817
-2109
-1662
-1175
-729
-1199
-1547
-1215
-919
-349
-713
-908
-1125
-1292
-1116
-786
-450
-622
-845
-735
-584
-423
-245
-408
-388
-52
-113
-465
-433
-226
-316
-103
273
249
38
328
331
714
981
994
744
768
828
1096
1581
2066
2541
2186
1942
1900
1649
1919
2014
1842
1620
952
816
891
900
831
1035
916
931
588
569
675
638
740
938
834
565
519
481
686
797
797
391
-72
-220
-152
5
374
356
231
-70
-351
-141
-137
142
287
-136
-280
-93
419
406
140
1
-201
-313
-302
-680
-439
-346
-482
-836
-796
-941
-893
-223
-22
-15
-266
-508
-566
-680
-298
-88
125
123
-268
-539
-987
-939
-708
-593
-57
-20
-275
-456
-66
-208
-346
-57
-498
-438
-745
-550
-136
40
50
-268
-587
-1209
-996
-1138
-1043
-852
-842
-865
-1395
-1309
-1185
-1141
-814
-765
-847
-813
-941
-876
-899
-744
-1025
-1045
-928
-678
-488
-532
-260
-338
-338
-162
-182
100
241
91
-304
-530
-228
-245
899
1130
249
-249
-228
391
412
222
-275
-474
-234
-765
-850
-750
-381
-405
-142
-380
-1435
-1218
-509
-246
-641
-843
-788
-1265
-980
33
892
1120
1290
1059
758
749
1098
1279
1461
1997
2157
2092
2217
2293
1953
1863
2070
2279
1995
1658
1443
1673
1598
1594
2018
1804
1443
997
974
863
1153
1337
503
179
0
152
485
734
585
148
-49
-238
-348
-274
380
518
500
570
533
164
197
21
75
135
-256
-858
-1447
-1636
-1272
-1026
-1208
-1113
-1303
-1900
-2554
-2542
-2214
-2075
-2382
-2837
-3003
-2867
-3082
-3331
-3300
-3052
-2502
-1850
-1889
-2170
-2336
-1965
-2022
-1543
-78
1323
1701
865
995
1705
1859
2096
3453
4772
4156
2654
2792
3264
2879
3247
4743
4626
2880
1565
1793
2769
2842
2930
2567
1888
924
779
1753
2017
1675
1824
2299
1939
1671
2240
2922
2785
2672
3944
4496
3579
2987
3623
4553
4510
4354
4661
4569
3744
3308
3752
3664
3025
2799
3034
2752
2414
2265
1992
1489
1188
1263
994
527
228
370
717
779
1025
2095
1968
422
81
1525
2895
3441
3322
2759
3021
3219
3123
3004
3996
4673
4797
5101
4019
2672
2257
3325
4359
4051
3236
2334
1489
1456
1916
2250
1853
1020
-448
-1005
-516
56
-300
-998
-870
-773
-342
-436
-664
-933
-587
321
253
-594
-580
-389
-218
-298
-399
-416
-713
-813
-612
-359
-959
-1311
-1876
-2354
-2502
-2794
-3340
-3702
-3640
-3839
-3304
-2076
-933
-1525
-3120
-3598
-2855
-845
733
1248
1447
1314
838
664
2004
4024
5617
6199
5731
4247
2186
1828
3797
5798
5868
4542
2817
2000
1826
1901
2797
3142
1755
323
-23
358
689
752
865
917
781
611
985
806
285
943
2012
1936
1540
1516
1662
2294
2620
3190
3602
3107
2647
2887
3587
3689
3801
4195
4329
4153
4008
3840
3545
2712
2087
1895
1781
1375
1139
894
1173
1419
1314
2991
3271
1541
-871
58
2800
4714
4503
3126
3035
3892
3849
3536
4755
6180
6475
6389
5544
3030
1366
3168
5800
5639
4182
2288
360
-113
1006
1963
1225
49
-1697
-2825
-2211
-1157
-850
-2275
-3707
-3564
-2680
-1792
-2511
-4024
-4297
-2422
-913
-1803
-3055
-2798
-2158
-1813
-1762
-2064
-2797
-3225
-3139
-2742
-3042
-3722
-4100
-4754
-4324
-4090
-4851
-5548
-4782
-3134
-2403
-2316
-3273
-4641
-4764
-2550
-458
364
-91
-621
-912
-543
583
2035
4211
5536
4900
2970
2500
3373
3957
5414
6452
5304
2934
2194
2948
3775
4466
4559
3654
1995
1423
1939
2144
1652
456
-218
-121
-77
-161
-359
-110
680
1413
1674
1211
97
-278
292
1287
1508
1260
1638
1601
1462
2022
3071
3280
2653
2633
2859
2983
2945
2592
2479
2078
2059
2177
2299
2066
2177
4040
4220
1879
-398
1066
3053
4249
4209
3100
3827
3812
2945
2791
4420
5703
5559
6127
4959
2397
1629
3910
5481
5323
4491
2849
776
844
2264
2609
1445
-66
-1168
-1585
-413
209
-703
-2426
-3141
-2239
-1888
-1682
-2728
-4323
-4055
-2436
-2193
-3708
-4009
-3545
-3352
-3463
-2846
-2608
-4214
-4415
-4258
-3827
-3682
-4029
-4962
-5397
-4673
-4450
-5565
-6596
-6678
-5778
-4836
-4200
-4054
-5639
-6732
-6047
-3819
-1579
-355
-1054
-1941
-1428
-637
-204
1472
3905
4943
3693
2132
2116
1851
2683
5170
6742
5137
3177
2848
3387
3953
4103
3940
3013
1683
797
1211
2299
2428
1988
1764
2395
2070
1180
1721
2028
1428
1216
2139
1936
933
1035
2208
2911
2750
2936
2556
1947
1326
1838
2984
3120
2744
2223
2342
2118
1404
1127
1432
1604
1366
1618
1468
680
384
1627
2317
2053
986
333
855
1266
1659
2185
2837
2726
2787
3324
3429
2673
2668
3188
3684
3700
3673
3853
3704
3650
3746
3334
2515
2155
1608
1423
1787
1358
268
-520
-884
-1102
-1494
-1559
-2082
-3017
-2863
-2316
-2161
-2983
-3163
-3065
-3380
-3498
-3567
-3470
-3793
-3500
-3582
-4297
-4293
-3943
-4000
-3813
-3881
-4523
-4600
-4198
-3613
-4037
-5369
-5689
-4555
-3557
-2787
-2434
-3104
-4404
-4469
-2838
-433
954
537
-260
-640
-454
-310
220
2929
4553
3699
2055
1393
1159
932
3251
5104
4138
1209
-323
153
1118
1805
1807
1529
-217
-1573
-1318
76
824
-95
-858
-573
-370
-1084
-822
-461
-467
-601
21
308
-440
-371
1082
2384
1962
1249
988
1074
980
1208
1962
2026
1311
667
1627
2382
1575
759
756
230
-314
583
920
-233
-2309
-2232
-893
-39
-613
-1534
-931
-594
-1007
-1350
-751
121
562
1370
1594
109
-1307
14
1568
1992
1533
732
-300
-418
644
1338
1125
511
-682
-1846
-1835
-1371
-1409
-2042
-2671
-3500
-3944
-3695
-4220
-5341
-5854
-5168
-4365
-5183
-6347
-6894
-6443
-6026
-5979
-6035
-6791
-6693
-6710
-6336
-6117
-5973
-5807
-5712
-5598
-6076
-6779
-6951
-6368
-5510
-5889
-6584
-6858
-5947
-4516
-2895
-2987
-4286
-5318
-4368
-1992
-308
419
505
482
616
212
292
1945
4161
4891
3557
2558
1787
1141
2799
4904
4981
3283
1434
1029
1376
1807
2154
1838
586
-1087
-1063
-102
359
-171
-825
-814
-310
-630
-729
-819
-1060
-762
140
356
-364
-841
-91
1130
916
194
-7
119
164
282
550
484
363
-115
285
925
1233
1059
678
915
1018
906
1016
1496
1170
678
843
1210
1626
2043
1593
1475
2113
2664
2516
2509
2675
2494
2659
3503
4192
3793
3404
3991
4387
4522
4685
4566
3875
3449
3337
3019
3198
2788
1628
54
-549
-454
-525
-879
-1660
-2296
-2828
-3045
-3432
-4375
-4884
-4704
-4976
-5768
-5880
-5860
-5968
-5825
-5456
-5213
-5200
-5505
-5736
-5588
-5444
-5531
-5503
-5241
-5592
-6464
-6986
-6777
-5926
-6310
-6572
-5546
-4683
-4653
-4866
-5062
-5939
-6529
-4912
-1870
-501
-1534
-2427
-1799
-510
-220
576
2588
3554
2315
1439
1848
2049
1923
3194
4744
3646
1475
637
1450
1642
1663
2534
2484
1357
-254
-158
884
1163
327
-50
16
-565
-649
26
510
217
209
905
1053
-431
-1113
113
816
272
-380
-15
470
158
401
1072
752
112
-21
545
1189
717
449
685
526
473
273
-185
-1231
-1858
-1473
-338
-241
-777
-888
-802
-589
-978
-566
274
288
-235
-333
-627
-758
108
923
1002
593
251
31
35
186
173
18
-397
-495
-560
-1181
-1321
-1535
-2457
-3075
-2952
-3270
-3858
-4662
-5186
-5452
-5861
-5560
-5916
-6643
-7470
-7523
-6771
-6780
-7004
-7538
-7566
-7664
-7604
-7317
-7349
-7397
-7598
-7536
-7295
-7035
-7072
-7809
-8166
-7971
-7246
-6986
-7633
-7280
-6435
-5272
-4115
-4045
-5165
-5679
-4607
-1886
705
902
-469
-1238
-877
-206
259
2054
4747
4771
3275
2190
2025
2199
3243
5055
5029
2969
1042
1035
2135
2779
2837
2491
1408
141
-23
1225
2064
1653
869
774
1146
1305
1373
1151
898
1127
1753
2099
1737
1333
1990
3254
3093
2065
2015
2503
2482
2679
3023
3024
2275
1639
1977
2492
2361
2164
2377
2860
3131
2969
1752
1257
2097
3441
3965
3436
2335
1803
2248
1997
1795
2004
2238
3061
3111
2778
2186
2423
3619
4340
4450
3601
2723
2179
2625
3490
3038
2243
1810
1194
923
1448
1867
1173
-73
-853
-718
-257
-706
-2067
-3536
-3851
-3208
-3572
-4240
-4904
-5100
-5297
-5778
-5762
-6145
-6224
-6394
-6321
-6162
-6546
-6974
-7068
-7266
-6377
-5431
-5708
-7012
-7762
-7221
-6360
-5540
-5890
-6847
-7033
-6121
-4506
-3541
-3750
-5307
-7020
-5929
-2492
213
175
-1232
-2022
-1415
-284
901
2550
3629
3534
1975
1804
1883
1878
2514
4006
4279
2386
593
506
1374
2124
2464
1981
980
-460
-437
465
869
307
-491
-927
-1030
-602
151
-20
-424
206
1084
1301
425
33
952
2009
1950
1447
1501
1535
1655
2269
3078
2948
2670
2825
3335
3528
3011
2930
3172
2937
2650
3524
4184
4321
2865
1963
2750
3842
4183
3258
2584
2970
2753
2709
3186
3549
3952
4583
4814
3997
2655
2482
3886
4925
5154
4167
2674
2046
2874
4100
4165
3271
1541
221
409
1452
1755
893
-868
-2076
-2092
-1604
-1702
-3000
-3805
-4502
-4608
-4917
-5520
-5703
-6191
-6130
-6475
-6437
-6572
-6747
-6689
-6607
-6310
-6667
-7408
-7600
-6349
-5788
-6653
-7411
-7264
-6085
-5855
-6372
-7661
-7305
-6055
-5175
-4719
-4097
-3963
-4518
-4766
-3440
-1927
-438
-343
-799
-788
-125
-339
-58
1970
4238
4135
2742
2289
1245
1116
3342
5271
4991
2716
956
640
1538
2771
2705
1857
838
87
555
1709
2002
1560
966
541
235
1048
1905
1854
2285
3009
3502
3135
2450
3124
4782
5821
5536
4164
3621
3871
4517
5114
5660
5011
4309
4974
5255
4980
4686
4665
4426
4008
3685
3586
4820
4791
3388
1829
2304
3530
4132
3963
3715
3994
3951
3703
2912
3274
4378
5355
5848
5009
3651
3338
4965
6729
6530
5286
3807
2845
3341
4639
4877
3962
2734
1624
1473
1852
2187
1421
53
-1334
-1732
-1508
-1055
-2204
-3463
-3158
-3063
-3506
-4108
-4518
-4432
-4118
-3993
-4389
-4382
-5171
-5480
-5085
-4833
-4746
-5122
-5037
-4748
-4579
-4256
-3660
-3629
-4364
-4838
-5089
-5131
-5004
-3907
-1595
-1579
-4080
-5686
-2905
1013
1162
-791
-1238
857
1723
705
433
1749
3259
3361
3756
3980
2640
2353
4141
5696
4506
2953
2532
2348
2243
3157
3653
2114
915
416
793
1898
2441
1851
113
-765
208
1748
1374
-538
-658
925
2103
1152
798
1302
1976
2824
2666
2232
2030
2524
3165
4117
3973
3251
2212
2525
3470
3522
3727
3471
2439
1967
2438
2851
2629
2183
1204
873
2322
3086
1936
-47
55
1610
3118
3825
2884
2278
2572
2610
2533
3322
4407
5160
5719
5871
4891
3600
3765
4546
5376
5319
4778
3778
3425
4194
4563
4351
3580
2393
1232
1328
2032
1542
292
-1124
-1510
-992
-985
-2174
-3268
-3134
-2477
-2437
-3242
-3712
-3898
-3199
-2620
-2788
-3379
-3910
-4034
-3660
-3202
-3019
-3429
-3942
-3390
-3076
-2295
-2533
-3418
-4079
-4095
-3148
-3133
-3757
-4413
-4680
-4038
-3281
-2926
-2132
-2028
-3632
-4273
-2551
123
1357
750
486
1036
1114
827
1374
3055
4543
4650
4296
3552
2508
2371
3638
5261
5233
3926
3000
1543
1399
2831
3943
3799
2897
1647
1095
1406
2215
2978
2405
1739
1994
2466
2385
2012
2304
3144
3031
2373
2232
2542
3290
3819
4045
3940
3494
3262
3187
3444
3620
4002
4257
3806
3393
3185
3552
3264
2913
2455
1808
1484
2878
4090
3302
1162
533
2006
3286
3999
3259
2965
3069
2584
2139
2699
4446
5539
5945
5134
3234
2056
3486
5795
6538
5591
3666
2173
2256
3236
3725
3420
2074
16
-952
-91
1054
500
-1663
-3363
-4181
-3479
-3057
-3766
-4677
-4796
-4460
-4891
-5422
-5983
-5854
-5122
-5115
-5586
-6259
-6394
-5963
-5304
-4439
-4064
-3925
-5042
-5484
-4964
-3683
-2754
-2989
-3804
-4825
-4722
-4770
-4763
-4496
-4380
-3595
-3495
-3884
-3407
-2900
-3256
-3791
-2679
-250
395
-1245
-3109
-1861
727
2304
2632
2601
3190
3590
3475
2939
2877
3247
4818
5357
3884
1760
537
1816
3852
4620
3443
1351
701
1012
1965
2950
3010
1547
-339
-684
841
2690
2473
783
-267
754
2100
2528
2058
1340
1652
2335
2895
2391
2065
2306
3167
3859
3666
3353
2343
2371
2688
3273
3780
2965
1602
753
1610
2425
2970
2506
2017
2161
1762
1238
1483
2632
3943
4585
3874
3834
4524
4344
4003
4462
5919
6811
7249
6685
4725
3769
4474
6163
6781
6563
5580
3560
3087
4055
4422
3514
2344
670
-339
365
1246
810
-1161
-2660
-3449
-2666
-2066
-2459
-4443
-5870
-5487
-5190
-4626
-4339
-4738
-5307
-5232
-3866
-3364
-4005
-4480
-4065
-3482
-3319
-3460
-3791
-3343
-3170
-3180
-3280
-3345
-3924
-4042
-3206
-3848
-4319
-4424
-4327
-3851
-3405
-2494
-2971
-3899
-5102
-4769
-2215
-489
-830
-2334
-1698
-708
-72
155
895
1884
1786
2361
2089
1457
1682
2909
4062
4197
3890
3133
3006
3367
4292
4405
4231
3707
2777
2406
2856
3262
3155
2915
1972
1676
2837
3013
2144
1888
1969
2124
2274
2405
1863
1358
1223
1553
1780
1355
1413
975
1325
1797
1593
750
204
188
711
1585
1553
18
-848
-1121
-646
-335
-475
-986
-756
-125
-745
-1451
-1934
-417
916
1453
838
864
1862
1423
742
901
2549
3687
3513
3274
1738
452
823
1708
2407
2437
1342
-502
-1023
-46
286
-459
-1502
-2861
-4018
-3821
-3174
-3921
-5831
-7204
-7121
-6390
-5836
-5985
-7154
-7782
-7052
-6367
-6107
-6308
-6665
-7073
-6935
-6132
-5571
-5138
-4738
-4768
-4697
-4328
-4060
-4343
-4265
-4596
-4615
-4394
-4570
-5202
-5892
-6365
-6957
-7122
-6747
-6403
-6553
-6737
-6091
-5613
-5699
-6124
-6361
-5134
-3422
-2266
-2724
-2709
-2688
-2382
-1232
518
2018
1416
1303
1401
1297
1621
2388
3456
3809
3935
3632
3436
3112
2907
2764
2542
2683
2794
2383
1942
1549
1210
861
808
1077
1666
1348
475
-3
686
1852
2418
2235
1304
989
1238
2164
2364
2093
2018
2016
2406
2515
2587
2656
2468
2731
2844
2616
2395
1941
1363
1098
1184
1448
1076
537
337
129
1542
2555
1378
-134
-966
50
2086
3618
3346
2757
2812
2402
1933
2096
3231
3836
4390
4143
2477
1190
1288
2267
2984
3031
1897
109
-1285
-919
125
64
-799
-2856
-4344
-4019
-3003
-2856
-3476
-4127
-4541
-3760
-3256
-3362
-4125
-4313
-3666
-3305
-2421
-2027
-2637
-2956
-2395
-1812
-1595
-1394
-1544
-1480
-1676
-1698
-2193
-2927
-2538
-2426
-2196
-3046
-4244
-5599
-6646
-6374
-6151
-5570
-5931
-6565
-7350
-6972
-5553
-4869
-5558
-7086
-6258
-4268
-2606
-2641
-2802
-2304
-2421
-2186
-1014
878
1668
1689
2049
1662
1367
1350
2517
3177
3001
2297
1224
689
587
1383
2059
1983
1498
433
7
314
504
21
-933
-1206
-443
-71
-496
-1450
-1102
209
656
601
338
137
806
1421
2031
1691
784
830
1603
2078
1658
1271
763
830
892
807
350
-36
-779
-1184
-1435
-1757
-1869
-1397
-1761
-2554
-2266
-1029
-729
-1960
-3248
-2852
-1231
-224
109
-379
-423
-133
-258
-220
594
762
1137
1537
699
-394
-605
181
841
615
-273
-1689
-3208
-3319
-2819
-2563
-3049
-4249
-5593
-6036
-5300
-4293
-4363
-5693
-6753
-6924
-5604
-4979
-5287
-5500
-5480
-5403
-5379
-4724
-3890
-3470
-3065
-3334
-4320
-4625
-4092
-3349
-3347
-3441
-3810
-4539
-4924
-5168
-4849
-4640
-4973
-5731
-6632
-6987
-6908
-7065
-7334
-7749
-7965
-7463
-7278
-7427
-6957
-6204
-6264
-6720
-6342
-4240
-2930
-2655
-2877
-1912
-557
-448
194
1228
2866
3588
3737
3665
3308
3804
4473
5103
4823
4440
4325
4327
4270
4194
3977
3473
3108
2908
2500
2874
3165
2572
2004
2059
1685
1674
1582
1503
1934
2401
2815
2313
2582
3047
3473
3426
3512
3688
3934
4327
4048
4186
3871
3549
3290
2817
2789
3105
3024
2397
1756
1287
1075
1298
1362
1073
1258
1278
1246
1894
2375
1996
1007
540
1323
2885
3817
3346
2931
3158
2863
2618
2613
3767
4782
5017
4483
2892
1281
1458
2891
3519
3555
2156
398
-158
482
772
318
-398
-1476
-2210
-1662
-902
-1255
-1975
-2361
-2341
-1867
-1027
-1149
-1649
-1343
-1165
-1035
-1134
-920
-1587
-1827
-1470
-1202
-1264
-1739
-1601
-1553
-1241
-1046
-1650
-2664
-2977
-2944
-3118
-3340
-3668
-4643
-5144
-5438
-5806
-6141
-6677
-7265
-6944
-5950
-5771
-6648
-6085
-4686
-4605
-4912
-4540
-2959
-1127
-478
-452
-137
852
908
794
1870
3704
4684
4701
4611
3801
3208
3877
5150
5641
4870
3679
2288
2347
3268
3713
3123
2156
1224
589
922
1703
2351
1819
875
445
1321
2324
2644
2244
2205
2453
2606
3217
3841
3872
3689
4192
4352
4943
4593
3424
3462
3808
3870
3584
2654
2602
2641
2720
3062
2445
1304
591
545
886
1208
830
252
156
679
1367
1514
322
-420
-72
1185
2121
2546
2709
2128
1982
1939
2493
3299
4069
3956
3270
2408
1921
2442
3248
3547
2722
1481
738
708
1352
1574
1148
206
-545
-307
-184
-313
-912
-1549
-1621
-1378
-820
-794
-1234
-1656
-1943
-1728
-1260
-1098
-1764
-2384
-2579
-1780
-1169
-1007
-1709
-2553
-2328
-1684
-2033
-2389
-3214
-3991
-4158
-3949
-4257
-4837
-5371
-5917
-5897
-5834
-5893
-6292
-6770
-7857
-8098
-7111
-5901
-5533
-6273
-6311
-5598
-4825
-4394
-2915
-1419
4
61
50
884
1530
1960
2687
4196
5205
5374
4815
4622
4490
5006
6556
7773
7163
5864
4785
5081
5641
6281
6547
5439
4243
3602
3832
4348
4541
3851
3297
2780
3291
3907
4196
3779
3510
3651
3846
3890
4024
3979
4289
4421
4649
4174
3611
3543
3611
3963
3829
3411
3047
2587
2254
2659
3266
3725
3229
2362
1682
1013
1409
2162
2749
2319
1864
2306
2018
2540
3178
3362
2991
2817
3297
3863
4924
4612
4150
4411
4339
4661
5350
5804
5338
4444
3641
3630
3729
4087
4264
3172
2908
2812
2945
2768
2681
2310
1283
951
869
880
774
461
-449
-849
-565
-182
-336
-675
-806
-923
-400
-582
-943
-765
-542
-209
-548
-755
-1347
-1691
-1716
-2066
-2189
-2699
-3067
-3760
-4057
-3970
-3572
-3886
-4989
-5908
-6724
-6854
-6531
-6559
-7110
-7631
-7774
-7695
-7336
-6973
-5768
-4917
-5552
-6650
-6894
-4674
-2263
-1285
-2170
-2005
-1335
-1230
-498
658
2430
3465
3689
3562
3349
3472
4239
5903
6159
5806
5068
4776
4744
4635
4749
4719
4635
3256
2645
2673
3242
3555
3058
2100
1604
2010
2326
2954
2914
2598
2247
2379
2944
3123
3328
3358
3086
3180
3173
3113
3208
3330
2929
2589
3278
3494
3847
3453
3322
3364
3054
2923
2801
3022
2779
2862
2195
1951
1750
2837
3831
3345
2875
1942
2507
3465
4908
5112
5398
5692
4709
4288
4479
5941
6714
7085
6963
5590
4711
4646
5407
5933
5799
4850
3202
2380
2746
3159
2792
2495
972
-454
-209
602
533
-498
-1783
-2785
-2377
-1421
-767
-1409
-2058
-2376
-2872
-2687
-2355
-2599
-2568
-1923
-1700
-1971
-2251
-2202
-1699
-1391
-1387
-2256
-3231
-3609
-3578
-3420
-3434
-3332
-4487
-5496
-5703
-5592
-5648
-5865
-6833
-7737
-7630
-7346
-7328
-6800
-5766
-5482
-5541
-6090
-6490
-4863
-2567
-1190
-1352
-1607
-598
-398
159
1443
2796
3667
4056
4372
4008
3766
4010
5140
6105
5797
4560
3679
3546
3889
4388
4198
3780
2434
1220
1189
1504
2162
2041
1328
694
433
524
923
789
730
466
431
985
1372
1178
1075
1500
1906
1965
1805
1603
1797
1836
1763
1630
1262
1279
1325
1059
977
736
571
32
-167
-117
-386
-211
-592
-598
-484
-388
711
1277
1285
59
-397
1080
3244
4163
3652
3745
3815
3324
2557
3045
4507
5498
5313
3812
2214
1214
1913
3230
3699
3170
1224
-847
-1402
-428
102
-367
-1243
-2828
-3677
-3236
-2226
-2616
-3641
-4305
-4676
-4266
-3900
-4238
-4698
-4420
-4013
-3713
-3591
-3500
-4063
-3673
-2743
-2725
-2942
-3252
-3089
-2849
-2212
-1591
-2700
-3718
-4263
-4596
-4600
-4495
-5529
-6926
-7061
-6762
-6975
-7392
-7724
-8481
-9118
-8787
-8651
-8684
-7829
-7020
-7207
-7557
-7149
-5948
-4770
-3724
-3632
-3261
-1961
-1468
-1756
-1296
1203
2781
2733
2650
2011
1968
2583
3950
4849
4411
3869
2883
2521
2908
3063
3018
2493
2148
1524
1443
2771
2927
1996
1510
1224
1022
1720
1969
1770
1778
1868
1942
2722
3710
3598
3099
2861
3042
2984
3119
3473
3099
2928
2885
2622
2154
1913
1999
1409
922
1035
536
-290
-265
-506
-810
-672
-406
-191
127
23
-277
1025
2639
2801
1994
1687
2668
3793
4528
3866
3755
4440
4119
3505
3094
3762
4330
4488
3991
2416
1196
806
1283
1832
1495
505
-953
-1797
-1399
-1544
-1921
-2108
-2735
-3610
-3617
-2689
-2990
-3552
-4167
-4447
-3938
-3907
-4391
-4790
-4128
-3503
-3186
-3235
-3106
-3055
-3009
-2334
-2313
-2481
-2275
-2581
-3068
-3049
-2996
-3134
-3892
-3995
-4726
-5290
-5556
-6279
-6938
-7467
-7275
-7667
-7947
-8399
-8962
-8683
-8188
-8047
-8243
-7778
-6764
-6609
-6633
-6292
-5376
-3607
-2239
-1546
-1457
-873
-506
-300
296
1979
2781
2288
2572
2522
2229
2542
3356
3725
3818
3194
2703
2294
2664
3377
3049
2291
1575
738
737
1488
1458
808
250
-253
-467
-128
282
49
-242
-307
-95
704
591
-14
-869
-651
522
1096
1309
932
279
-255
-58
433
247
-44
-351
-1041
-963
-594
-658
-1164
-1489
-1858
-1996
-1943
-1982
-2154
-2076
-1973
-1479
-1837
-1689
-436
-123
-193
-1147
-961
17
1111
971
585
1120
565
367
108
271
987
1064
1111
76
-1316
-1880
-1335
-667
-714
-1116
-2702
-4071
-4149
-3542
-3094
-2986
-4165
-5897
-5631
-4134
-3537
-3562
-4292
-5387
-5037
-3958
-2987
-3180
-3739
-3337
-3051
-2666
-2308
-2254
-1881
-1569
-1657
-2167
-2516
-2674
-2522
-2113
-2095
-2255
-3240
-3660
-3759
-3593
-3571
-4353
-5071
-5933
-5902
-5852
-5923
-5940
-6371
-6779
-6413
-6171
-5640
-5491
-4601
-3475
-3231
-3114
-2951
-1300
29
878
1342
1831
2748
2727
2664
4086
5676
6618
6407
6140
5724
5590
5859
6167
6364
6056
5643
4655
3948
4492
4725
4482
3772
2494
1945
2074
2512
2159
1566
718
113
507
1083
1456
874
482
545
1041
1628
1377
975
776
1417
1930
2249
2676
2310
2259
1953
1713
1772
1350
1080
923
881
970
842
337
-301
-657
-226
61
408
222
-248
-966
-951
-460
-124
679
1114
920
384
13
247
1749
2810
3321
3102
2496
2038
1653
1487
1746
2267
3133
2861
1944
768
55
229
1114
1503
316
-1235
-2221
-2158
-1629
-1414
-1685
-2977
-3648
-3375
-2510
-1412
-1776
-2906
-3386
-3285
-2645
-2259
-1888
-2427
-3002
-2975
-2224
-1588
-1886
-2281
-2608
-2670
-2686
-2935
-3170
-3465
-3635
-3829
-4488
-4858
-5347
-5473
-5825
-6264
-6736
-7130
-6915
-7007
-7052
-7659
-8396
-8153
-7829
-7515
-6792
-6238
-5544
-4685
-4339
-4507
-4752
-3224
-1162
441
1010
955
1553
1958
2212
2899
4497
5449
5109
4575
4198
3852
4343
5007
5455
5184
4115
3243
2786
2338
2772
3054
2599
1730
484
388
1003
1185
816
600
606
950
1533
1605
1231
1027
1559
2084
2400
2404
2008
1857
2044
2802
2916
2321
1697
1318
1762
1639
1144
20
-795
-746
-347
-237
-576
-1463
-2359
-2031
-1604
-1545
-1765
-2281
-2760
-2330
-1944
-1408
-875
-249
-492
-973
-497
347
821
782
315
631
1631
2449
2081
1147
1598
1840
1840
1828
1577
1345
867
544
219
-194
-436
-550
-760
-812
-968
-1606
-1795
-1658
-1608
-1708
-1339
-1358
-1659
-1464
-1001
-927
-858
-848
-1111
-1239
-320
510
490
595
978
820
531
452
313
11
-222
-216
-1026
-1407
-1402
-1507
-1626
-2081
-2854
-3395
-3763
-3653
-3649
-3882
-4104
-4358
-4902
-4954
-5271
-5525
-5608
-5567
-5129
-4198
-3504
-3542
-2978
-2313
-2120
-1886
-662
939
2135
1871
2075
3045
3835
4183
4302
5231
6213
6580
6496
6191
5815
5551
6438
7313
6916
6073
4818
3781
3934
4372
4786
4061
2721
1929
1695
2546
3251
2925
2177
1692
1968
2699
3156
3333
3068
2688
2823
3496
3946
4032
3751
3682
3698
3629
3351
3176
3553
3052
2691
2178
1890
1657
1735
1773
1815
1679
1280
1321
905
532
30
1
-22
-226
-563
-624
-146
-101
-247
-741
-673
302
714
492
-191
187
1024
1439
1045
538
555
794
477
-237
243
640
368
451
150
-543
-1097
-860
-831
-965
-1393
-1516
-1609
-1437
-1126
-1038
-1003
-1572
-2047
-1856
-831
-325
-854
-588
-268
343
1255
1439
1533
1351
1757
1991
2054
2372
2084
1301
904
638
853
893
264
-658
-1263
-1356
-1311
-1959
-2964
-3402
-3823
-4172
-4123
-4278
-5296
-5910
-6042
-6103
-5581
-5184
-5121
-4906
-5211
-5333
-4502
-3144
-2366
-2423
-1865
-542
579
1085
1007
1897
2541
2753
2759
3278
4678
5354
5554
5379
4824
3934
3640
4402
4678
4018
3256
2886
2440
2191
2757
2807
2018
1276
937
1178
1508
1613
1531
1142
977
1289
1843
2012
1725
1917
2267
2697
2732
2756
2826
2772
3177
3235
3092
2813
2270
2694
2897
2754
2624
2623
2478
2435
2460
2086
1532
1009
290
459
487
469
674
653
534
12
-119
-611
-783
-470
-691
-1463
-1885
-1470
-1719
-977
37
196
-511
-1710
-1880
-718
742
1322
1047
821
322
-575
-820
-160
742
1069
1106
-87
-1608
-1913
-1042
-37
764
545
-970
-1678
-1006
748
2420
2486
1468
563
896
2008
3184
3274
2512
2183
2524
3600
4463
4797
4680
4266
3592
3173
3036
2537
1999
2126
1736
1254
651
-187
-947
-1161
-1243
-1676
-2603
-3434
-3871
-4162
-3776
-3941
-4580
-5478
-6129
-6070
-5257
-4572
-4370
-4291
-3489
-2471
-2881
-3120
-2611
-1047
405
718
642
1060
2184
2814
2991
3556
4211
4035
3621
3690
3327
3070
3184
3466
3368
2953
2650
2149
1607
1859
1768
1505
937
68
270
831
1315
1159
766
280
547
1674
2351
2309
1629
1907
2798
3465
3530
2921
2553
2620
2908
3162
2831
3001
2941
2655
2360
2208
2284
1753
1440
1517
1232
769
352
-388
-751
-877
-1182
-1110
-1144
-1626
-2025
-1636
-704
-764
-1109
-1558
-2002
-1848
-1372
-782
-845
-1046
-1289
-1087
-1121
-586
1102
1521
1026
-831
-1284
-357
1554
1872
861
1174
633
-537
-1072
-352
987
2095
1942
862
-722
-1322
-127
1547
2152
2036
665
-636
-59
1588
2704
3077
2100
677
1274
2392
3081
2928
2187
1445
1518
2046
2899
2856
2358
2308
1689
1458
1395
1051
326
148
220
-601
-1123
-2133
-2721
-2509
-1940
-1896
-3160
-3909
-3765
-3621
-2616
-2303
-3259
-4132
-4050
-3559
-2828
-2290
-1984
-2045
-1764
-1099
-915
-924
-731
-236
598
1322
1294
1084
1765
2861
2519
2453
2808
3286
3111
3007
3033
2200
1876
2134
2183
2402
2077
1267
838
1086
1677
1950
1652
1126
741
398
723
715
345
295
66
655
1415
1618
1435
1148
1503
1847
2000
2107
1881
1573
1777
1627
1419
1692
1267
987
796
564
341
103
178
118
-180
-750
-1093
-1611
-1859
-1714
-1557
-1952
-2461
-2989
-3452
-3191
-3033
-2955
-3042
-3402
-3936
-4057
-3862
-3317
-3121
-3346
-3558
-3406
-2507
-1984
-1734
-2319
-2164
-1477
-1537
-1145
-1322
-848
204
70
-503
-553
-183
-266
-350
-89
69
369
363
527
438
538
885
1531
1890
1656
1558
1029
979
955
1273
2048
2046
1569
1313
1469
1721
1408
1374
823
110
-27
71
-7
-603
-676
-908
-1407
-1593
-1717
-2092
-2600
-2737
-3111
-3383
-3297
-3235
-3332
-3558
-3273
-3575
-3910
-3897
-3776
-3712
-3814
-3937
-4283
-4136
-3655
-3275
-3149
-3231
-3244
-3214
-2761
-1961
-1640
-1392
-1128
-1083
-614
4
-183
-389
-541
13
601
782
556
155
213
804
1329
1612
1819
1407
876
492
601
713
837
972
524
372
479
159
502
681
317
433
279
168
161
656
806
652
425
503
1143
1166
916
438
-196
-147
202
129
33
-187
-549
-872
-983
-994
-659
-1150
-1695
-2023
-2312
-2263
-1868
-2209
-2569
-2830
-2693
-2105
-2208
-2224
-2480
-2502
-2664
-2769
-2422
-2593
-2832
-2884
-2151
-1680
-1048
-108
-260
-676
-971
-169
739
1355
1125
1193
1647
1814
1944
2000
2888
3270
3839
3963
3359
3220
3313
4140
4540
4972
4942
4386
3624
3631
4047
4204
4039
3545
2807
2907
3383
3129
2833
1871
1233
1236
1729
1628
1189
590
-40
-444
-432
-213
-703
-1460
-1912
-2491
-2555
-2204
-2594
-2857
-3076
-3321
-3612
-4053
-4215
-4492
-4655
-4906
-5250
-5141
-5323
-5234
-5312
-5438
-4724
-3964
-3978
-4152
-4292
-3593
-2306
-2295
-2460
-2250
-960
-25
172
278
950
1242
1613
1845
1852
2134
2417
2786
2658
2063
1886
2199
2513
2171
1700
1468
1572
1126
765
861
711
712
54
-182
104
506
862
370
-694
-510
77
391
35
-206
-273
-126
49
-420
-228
-170
-475
-980
-1223
-888
-723
-859
-1167
-1712
-1993
-2099
-2466
-3129
-3393
-3710
-3628
-3832
-4007
-4395
-4939
-5220
-5379
-5370
-5438
-4741
-4781
-4560
-3840
-3158
-2918
-2661
-2590
-2359
-1761
-1935
-1447
-1522
-1533
-1268
-917
-220
693
1495
2189
1813
983
1256
1999
2365
2554
3148
2720
1912
1594
1758
2168
2439
3471
3548
2482
1942
1281
1391
2314
2787
2624
1429
800
837
1272
2095
2270
1707
1471
1592
1094
1881
2008
1836
1940
1841
2061
1504
1878
1919
1038
527
261
62
-280
-491
-880
-1525
-1200
-1484
-2176
-2929
-3294
-3600
-4187
-4215
-4835
-5265
-5182
-4730
-4830
-5025
-4855
-4989
-5244
-5255
-5549
-5696
-5469
-5471
-5592
-5301
-4616
-4916
-4609
-4363
-4366
-4242
-3912
-3508
-3131
-2405
-2386
-2758
-2421
-1241
-205
-298
-357
-491
-650
-32
279
808
1376
1560
1190
1153
1017
717
1200
1840
1995
1810
1728
1562
1299
1435
1942
2206
1954
1312
1013
1140
1383
1667
1722
1438
1299
1433
1317
1106
856
681
591
827
564
445
-114
-419
-339
-363
-8
-108
-601
-961
-967
-529
-548
-1163
-1369
-1498
-1656
-1459
-1476
-1462
-1530
-1248
-787
-780
-414
-122
243
738
1823
2375
2086
1407
1487
2492
3331
3090
3466
4095
3847
3359
3238
4136
4912
4706
4704
4635
3848
3303
3778
4467
4669
4856
3906
2910
3073
3703
4218
3995
3227
2170
2278
2745
2786
2558
2028
1921
1840
2420
2408
1428
1153
1345
942
286
-170
-734
-780
-820
-1736
-2531
-3192
-4146
-4598
-4617
-4323
-4552
-4798
-5451
-5686
-6095
-5875
-5648
-6195
-6530
-7096
-7140
-7444
-7312
-7378
-7147
-6975
-6802
-6218
-5564
-4781
-4720
-4687
-4592
-4264
-2901
-1276
-384
-340
-396
-342
62
910
1997
3189
3834
3570
2974
2479
2286
2600
3299
3586
3197
2219
1484
1714
2152
2195
2331
2027
1529
1132
1642
2206
2312
1921
1766
1210
1235
2197
2262
1970
1323
1278
1060
770
1247
1223
1169
962
388
2
-15
-48
-66
-477
-1329
-2185
-2255
-2099
-2333
-2737
-2873
-3146
-3529
-3669
-3914
-4017
-3917
-3899
-3757
-3678
-3652
-3261
-3016
-2671
-2454
-2014
-1217
-964
-530
-73
659
1430
1558
1045
1502
1788
2999
3702
3193
3458
3901
3489
3139
3235
3582
4166
4637
4761
3924
3410
3695
3692
3802
4303
4206
3806
3309
3376
3772
3923
3678
3506
3200
3531
3773
3803
3986
3274
2718
2800
2858
2366
2024
1854
1738
1286
1015
715
-50
-295
-856
-1982
-2645
-3296
-3733
-4204
-4179
-4603
-5394
-5420
-5443
-5996
-5991
-6155
-6685
-6674
-6941
-7443
-7743
-7575
-7433
-7148
-7112
-6906
-7054
-6662
-6005
-5669
-4769
-3856
-3825
-4896
-4671
-3470
-2392
-2008
-1991
-1407
-1094
-795
-262
649
2163
2430
2016
1394
1102
1098
1763
2754
2917
2558
2134
1833
1706
2215
3192
3376
2451
2165
1745
2081
2608
3522
3372
2727
2619
2791
3338
3441
3485
3044
3047
3080
2859
2693
2388
1873
1738
1383
1287
1398
1087
779
590
375
273
218
-464
-295
-446
-593
-144
-129
149
-244
-30
-335
92
71
140
542
399
596
812
1404
1617
1794
2410
3842
4463
4287
3444
3462
4394
5218
5577
5571
6134
5696
4546
4122
4524
5476
6416
6478
5942
4463
3523
3762
4721
5559
5657
4621
3201
2982
3209
4295
4175
3706
2866
2645
2696
2899
3403
3029
2404
2073
1935
1717
746
757
534
170
76
-732
-1803
-2379
-1991
-2235
-2796
-3454
-4472
-5453
-5464
-5584
-5386
-5726
-6756
-6940
-7120
-6786
-6529
-7143
-7452
-7823
-8088
-8302
-8032
-8231
-7595
-6670
-6323
-5922
-5915
-4829
-4351
-3848
-3761
-3866
-2097
-479
-103
263
694
1068
1229
1299
2238
3095
3311
2956
2420
1761
2192
2962
3192
3320
3055
3092
2183
1970
2322
2670
2888
2361
1998
1540
1972
1768
1939
2069
1680
1685
1354
1832
1995
1747
2032
2379
2522
2265
2260
2056
2302
2190
1891
1730
1442
1310
1472
1141
705
416
474
154
-224
-288
-279
-135
-378
-315
-246
-91
-216
-78
158
-124
-237
-455
-192
-70
317
368
727
984
1624
3556
3808
3104
1812
2127
3256
5078
4919
4269
4553
4028
2961
2381
3890
5327
5549
4805
2898
1622
1356
2318
3362
3198
2788
1311
370
533
1524
2793
2831
1728
563
692
2056
2085
2279
1803
824
1273
1772
1891
1507
1147
407
45
-260
-508
-1167
-1276
-890
-1150
-2146
-3038
-3274
-3765
-3985
-4006
-4963
-5380
-5515
-5987
-5351
-4884
-5403
-5721
-6230
-6220
-6339
-5858
-5483
-5636
-5633
-5077
-4606
-5016
-4116
-3306
-2367
-2213
-2389
-1823
-424
284
101
-35
834
1321
939
1021
1766
2677
2969
2623
2321
2355
2039
2117
2425
2430
2395
1665
811
718
1275
1920
2659
2371
1770
1905
1650
2259
2853
2483
2474
2504
3039
3921
3836
3464
3555
3334
3605
4184
4598
4350
3699
3133
2882
3140
3539
2667
1495
834
669
970
1075
563
-54
-627
-816
-965
-1437
-1192
-1131
-1136
-1554
-1425
-1283
-1245
-898
-746
-842
-613
-319
-356
-148
711
2858
3803
3314
1800
1039
1876
3716
3879
3722
3856
3170
2113
1675
2786
3850
4377
4100
2584
1194
726
1135
2027
2525
2353
1161
311
-186
857
1752
1780
1719
759
848
1527
2061
2350
2135
1467
1686
2233
2253
2108
2477
2403
2390
2465
2089
1328
919
924
354
-44
-413
-1110
-1926
-2077
-2660
-2714
-3304
-3940
-4740
-5147
-4497
-4196
-4719
-4907
-5344
-5678
-5220
-5599
-5978
-6246
-5678
-5519
-4538
-4619
-4855
-4570
-4104
-3452
-3856
-3428
-2483
-808
-80
-115
589
487
506
523
961
1735
2136
2062
1083
772
710
824
1770
2208
2177
2007
1371
851
983
2034
2841
2747
1930
1436
1766
2588
3074
3065
2714
2181
2311
3127
3511
3505
3358
3263
3517
3677
4092
3715
3133
2473
2750
3180
2706
2610
1844
1642
1522
1426
1441
964
-199
-530
-611
-718
-817
-976
-946
-1359
-1295
-1829
-1507
-1036
-460
-553
-1089
-1082
-1184
-713
-40
868
691
405
426
1019
2062
2741
2250
2300
2678
2033
1731
2107
2733
3178
3296
2547
1592
683
644
1407
2153
1845
927
273
-205
378
1437
1877
1554
774
383
834
1201
1814
2240
1730
1773
2013
2364
2327
2215
2411
1709
1071
679
434
452
66
-385
-925
-1493
-1558
-2290
-2374
-2625
-3269
-4020
-4691
-5289
-5804
-5445
-5102
-5064
-5806
-6671
-7197
-7088
-6789
-7016
-7527
-7496
-7739
-7769
-7142
-6574
-6086
-6320
-6194
-5722
-4924
-4346
-4470
-3728
-2180
-1470
-1609
-1528
-739
-99
-236
-954
-1098
-139
424
895
671
-24
80
-291
284
1276
1231
706
-160
-1052
-586
463
1190
941
275
-217
108
829
1149
1291
932
1102
1879
2161
2310
2281
2670
2901
3031
2674
2531
2471
2518
2810
2365
2362
1662
1008
1286
1418
1698
1340
1032
338
185
173
-325
-289
-447
-298
-159
-413
-626
-125
73
505
302
-47
-181
-134
57
591
877
1511
2821
2828
2576
1633
2055
2998
3982
4267
3559
3670
3630
3323
2641
2476
3467
3707
4051
3336
1795
1039
345
1281
1334
2084
2217
1187
708
616
1928
2209
1812
1256
1699
2372
2761
3126
2569
1758
1588
1718
2308
1651
1296
991
616
915
899
276
-319
-378
-1234
-1568
-1767
-2977
-3533
-3418
-3672
-4386
-4833
-4932
-5466
-5576
-5684
-5995
-5964
-6222
-6350
-6072
-6060
-6028
-5910
-6154
-6205
-5749
-5066
-5108
-4937
-5146
-4316
-3689
-3854
-3679
-3352
-2070
-1282
-805
-750
-260
567
659
858
1328
1643
1661
1550
1480
643
135
316
922
1358
1065
405
-64
63
731
1418
1426
859
79
145
785
1378
1754
1416
550
599
1001
1438
1430
1800
1789
1607
1973
1995
2133
2153
1890
1599
1292
675
134
105
-303
-708
-629
-960
-1564
-1947
-2002
-2137
-2396
-2423
-2954
-3108
-3544
-3899
-3914
-3665
-3273
-2883
-2379
-2866
-2738
-2291
-1612
-162
388
362
-361
-149
291
1321
1888
1600
1747
1598
1742
1902
2451
3223
2673
2729
2415
1544
972
1124
1419
1030
1163
729
226
298
204
923
500
293
-416
-254
133
350
514
-63
-26
304
1026
1088
1178
1105
1053
1160
1343
1444
560
-400
-65
-332
-957
-1278
-2080
-2837
-3049
-3416
-3719
-3581
-4103
-4462
-5102
-5479
-5271
-5285
-5234
-5822
-6674
-6618
-6728
-6877
-6685
-6783
-6680
-6693
-6822
-7100
-6596
-5685
-4836
-4509
-5062
-4986
-4520
-4326
-3835
-3369
-2227
-1233
-1607
-2363
-1974
-931
-919
-899
-809
-490
-151
-208
71
-373
-335
-396
-530
260
-181
-440
-408
-360
-231
-117
354
108
-514
-385
149
566
953
1210
1110
838
1522
1653
1997
2163
2194
2282
1706
1931
2168
2592
2150
1632
1009
757
720
674
364
22
-273
-776
-1038
-1364
-1471
-1390
-1484
-1469
-1565
-1907
-2310
-2467
-2434
-2635
-2512
-2514
-2400
-2287
-2375
-1614
-1125
-527
-512
596
1546
1916
1424
995
1865
2589
3101
2629
2868
3024
2333
1770
1836
2547
2639
2754
2560
1609
1460
965
935
1319
1713
1529
183
-424
-318
908
1357
768
172
340
1202
1172
1428
1149
758
657
1160
1365
1223
1133
730
464
710
993
715
-32
-810
-1753
-2048
-1927
-2545
-2964
-3593
-4095
-4790
-4889
-4842
-5272
-5585
-5831
-5992
-5633
-5455
-5371
-5513
-5774
-5740
-5927
-5815
-5486
-5191
-5546
-5602
-5378
-5091
-4824
-4807
-4232
-3255
-2669
-2710
-3309
-3044
-1643
-345
-168
-788
-715
-609
-475
-514
393
1522
1770
1957
1518
475
-70
110
662
1156
1375
1039
56
325
759
1404
2116
1207
493
348
661
829
1227
1387
1210
935
1242
1726
1250
981
1073
1740
1898
1554
830
257
160
308
572
-29
-356
-730
-1711
-1978
-1970
-2112
-2159
-2801
-3424
-3854
-3766
-3778
-3618
-3488
-3938
-3369
-3232
-3333
-3223
-2874
-2447
-2400
-2173
-1445
-1014
375
1221
1678
1447
2017
2978
3360
3751
3385
3998
3875
3464
3191
3014
3684
4514
4547
4467
3816
3031
3181
3782
3884
3823
2730
1905
1630
1481
2536
2437
2162
1815
1931
2522
3071
3450
3088
2416
2346
2719
3526
3122
2619
2291
1791
1518
1215
1280
961
877
221
-401
-760
-1270
-1597
-1951
-2136
-2734
-3395
-4111
-4514
-4626
-4631
-4267
-4709
-5033
-5202
-4823
-4545
-4434
-4370
-4675
-4789
-5220
-5069
-5085
-4954
-4794
-4818
-4655
-4481
-4299
-3737
-2842
-2784
-2720
-3165
-2430
-1094
-610
-924
-1487
-1231
-1036
-647
-141
469
1177
644
564
635
688
816
1113
1348
1351
1413
946
609
787
985
1780
1912
1409
951
824
1443
1829
2350
1661
1046
1135
1920
2676
2579
2543
2210
1834
1922
2521
2509
2419
2198
1921
1417
1150
1146
934
723
825
613
665
589
361
341
270
103
-473
-567
-661
-730
-740
-561
-865
-1075
-456
-445
-225
310
1049
1379
1582
1750
3068
4166
4396
3213
2538
3639
4609
5744
4988
5427
5303
4227
4181
4158
5656
6352
6011
5254
4027
3514
3636
4750
5310
5293
4858
3423
3208
3853
4726
4957
4454
3451
2855
3162
3228
3559
3262
2528
2156
2494
2860
2376
2705
2478
1999
1603
1614
1258
556
349
-586
-775
-812
-1525
-1985
-2405
-2476
-2481
-2702
-3290
-3951
-3681
-3260
-2812
-2978
-3532
-3918
-4097
-3854
-3626
-3063
-3044
-3262
-3587
-3754
-3182
-2727
-2522
-2340
-2469
-2033
-1673
-1571
-1648
-1352
-462
436
622
147
504
1036
949
1251
1785
2986
3137
2706
2055
1976
2364
2334
2941
3063
2676
2285
2091
2009
2189
2781
3139
2398
2059
1910
2225
2099
2081
2083
2005
2391
2729
3144
3057
2948
2967
2843
2770
2660
2238
1913
1627
1453
1863
1828
1552
1420
1354
1475
1318
901
395
-100
-150
-144
-437
-133
96
99
-171
-46
-68
383
756
810
979
583
1127
1028
1739
1978
2709
4118
4389
3988
3038
3993
4998
6125
5372
4983
5577
5115
4342
4035
4763
5749
5563
5260
4460
3078
3301
3957
4589
4910
4521
3039
2648
2810
4115
5277
4509
3759
2920
3501
4014
4592
4329
3307
2825
2996
3876
3647
3590
2942
2171
1972
1766
1315
640
442
198
-345
-682
-1424
-1848
-2101
-1967
-2039
-2705
-3083
-3515
-3790
-3650
-3631
-3887
-4053
-4506
-4602
-4509
-4360
-4073
-4513
-5055
-5219
-4627
-3317
-2867
-2673
-2775
-2974
-2190
-1738
-1859
-2363
-1937
-617
-369
-669
-358
445
677
324
-264
123
1237
1736
1689
1482
1179
1031
1176
1879
1803
1620
1143
505
984
1051
1567
1240
999
621
546
856
1073
1024
823
924
1235
1992
2344
2158
1822
2345
2389
2356
2229
2611
2593
2254
2223
1858
1900
1520
1561
1055
986
1505
1516
912
711
746
611
916
709
36
-911
-848
-732
-405
-330
18
725
632
601
735
1176
1679
1982
2318
3898
4490
3784
2362
2641
3915
5366
5424
4334
4888
4917
4091
3225
3037
4415
4976
5162
4092
2416
1424
1764
3127
3627
3531
2351
1150
1123
1868
3550
3458
2644
1958
1777
2303
3018
3412
2376
1465
1417
1822
2343
2073
1609
1455
1523
1537
1409
446
-483
-704
-1278
-1682
-2209
-2744
-3090
-2924
-2847
-3389
-3778
-3678
-3843
-4134
-4277
-4263
-4812
-5287
-5555
-5314
-4760
-4791
-5212
-5681
-5852
-5547
-5303
-4353
-4167
-3391
-3093
-2811
-2135
-2239
-2572
-2396
-1287
-639
-528
-895
-1047
-501
319
67
365
1056
1472
1620
1941
1509
1209
864
1124
1800
1359
1225
975
799
759
1641
2214
1942
1654
1075
1538
2022
2392
2689
2162
1863
2485
3090
3343
3428
3394
3271
3261
3302
3209
3139
2710
2104
1982
1902
1683
1735
1490
1085
407
-192
169
-361
8
62
-330
-356
-772
-774
-980
-803
-950
-820
-594
-426
-271
-403
-431
-227
123
1009
935
2260
3407
3254
2114
1365
2287
3547
4275
2998
3164
3565
2709
2013
1760
3049
3332
3529
3094
1211
-216
-640
948
1909
2016
1061
-157
-506
162
1570
1594
1239
156
-119
834
1540
2878
2276
903
310
552
1455
1404
888
-59
-414
-536
-4
-371
-1217
-1736
-2358
-3031
-3464
-3482
-3520
-3962
-4584
-5186
-5647
-6444
-6817
-7035
-7498
-7059
-7025
-7293
-7588
-7581
-7796
-7796
-7566
-7446
-7651
-8338
-8392
-8073
-7387
-6591
-6105
-6237
-5750
-5110
-4629
-4445
-4591
-3788
-3717
-3886
-4353
-3301
-1978
-2218
-2417
-2544
-2300
-1518
-923
-816
-1267
-1964
-2399
-1841
-691
115
277
-206
-971
-776
-4
650
609
-107
-556
128
829
1138
1240
913
967
1103
1704
2400
2331
1472
890
1279
1724
1791
1751
996
979
948
1440
1561
997
547
7
30
-15
57
0
-397
-694
-1073
-1036
-868
-1021
-1249
-1422
-1390
-1585
-1111
-1051
-779
-747
-462
178
1108
1238
1738
2868
3509
2900
1704
2473
3349
4361
3776
3648
3998
3349
2550
2216
3170
3917
4057
3656
2507
1721
1426
2180
3434
3415
3212
2093
1473
1248
2760
3405
2646
1995
1035
1628
2637
3532
3125
2100
1051
1609
2254
2458
1856
948
163
227
537
182
-485
-1198
-2208
-2388
-2544
-2796
-3298
-4185
-4812
-5229
-5292
-5997
-6629
-6401
-6502
-6235
-6146
-6048
-6316
-6671
-6411
-6653
-6584
-6583
-6710
-6859
-6868
-7056
-7093
-6451
-6130
-5883
-5786
-5796
-5101
-4542
-4215
-4665
-4992
-4165
-3019
-2150
-2139
-2757
-2832
-2420
-1913
-1370
-367
-61
-432
-624
-477
-181
-331
-174
495
396
810
711
604
300
-42
348
297
525
521
491
690
1072
997
818
610
794
1179
686
-62
8
335
332
170
-24
-409
-371
-357
-228
-243
-1025
-1373
-1731
-1968
-2046
-2356
-2857
-3531
-3685
-3653
-3330
-3682
-3632
-3919
-3965
-3584
-3513
-3413
-3650
-3569
-2931
-2591
-2351
-2411
-2544
-1909
34
1105
569
-54
-12
925
2295
2479
2224
3094
2558
1649
1241
2125
3261
3613
3233
2317
1682
1173
2153
3066
3231
3243
2163
1344
1175
2788
3509
3122
2556
1343
1386
1900
2782
2465
2056
1145
1365
1926
1853
1615
513
-331
-394
-321
-282
-1226
-1609
-2142
-2172
-2515
-3110
-3629
-4053
-4527
-4779
-4811
-5069
-5389
-5757
-6106
-6062
-5731
-5663
-6123
-6644
-6386
-6285
-6293
-6188
-6479
-6434
-6323
-6313
-6034
-5975
-5712
-5582
-5370
-5460
-5518
-4383
-4109
-4380
-5103
-4707
-4001
-3150
-2858
-3054
-2626
-2164
-1854
-1499
-510
725
863
435
162
-107
187
532
1797
2211
1854
1299
832
656
886
1965
2281
1938
1939
2208
2258
2560
2678
2551
2020
1661
2086
2111
1942
2189
2798
2820
3014
2495
2083
2220
2213
2097
1706
1331
1016
1030
1393
1572
1028
352
26
-231
-36
-5
-75
37
-629
-808
-1189
-1254
-1053
-1013
-904
-780
-543
-282
-204
1021
2102
2633
2037
1323
2365
3058
3587
2872
3127
3469
2794
2405
2374
3325
3607
3796
3547
2629
2229
1911
2907
3816
4020
3741
2440
1541
2135
3514
4093
3461
2434
2230
2123
2480
3176
2780
2329
2022
2214
2646
2799
2796
2113
1686
1147
963
849
-11
-876
-1152
-997
-1335
-2227
-2953
-3423
-3416
-3671
-4209
-4984
-5613
-5738
-5942
-6033
-6179
-6515
-7149
-7233
-7254
-7539
-7463
-7372
-7492
-7498
-7662
-7635
-7631
-7102
-7357
-6949
-6515
-6411
-6227
-5430
-4320
-4257
-5023
-5651
-4586
-3022
-2002
-2192
-2425
-2252
-1942
-1364
-723
351
999
643
635
165
77
240
722
1755
2051
1827
1350
638
867
1709
2035
1663
1273
1281
1354
1617
2598
2634
2151
2258
2128
2608
2582
2681
2554
2637
2855
2543
2454
2477
2108
2511
2516
2409
1759
1011
862
1031
1312
747
224
-169
-50
38
-356
-514
-927
-1073
-929
-395
-399
-526
-336
-408
-225
-162
1027
1115
1580
1269
2305
3832
4246
3540
2877
3742
4841
5317
4693
4488
4730
4176
3062
2859
4077
5115
5022
4201
3146
2309
2454
3422
4111
4189
2959
1832
1395
2080
3680
4262
3240
1870
1782
2705
3500
3604
2714
2197
1810
2776
3142
2802
2240
1515
1602
1451
1446
1103
471
-17
-776
-1190
-1724
-2495
-3086
-3759
-3387
-3342
-3283
-4220
-4812
-5150
-5020
-4923
-5182
-5215
-5920
-5536
-5528
-5719
-5836
-5670
-5192
-5253
-5947
-6124
-6073
-5430
-4787
-4328
-4097
-3885
-3250
-3434
-4187
-5265
-4231
-2801
-1944
-2081
-2405
-1936
-1739
-1416
-820
91
904
916
760
395
77
-64
267
828
603
485
67
164
204
581
1225
1559
1340
909
791
644
1294
1794
1520
1403
1634
1655
1886
1824
2166
2579
2281
2162
1919
2058
2576
2865
2538
1874
1627
1972
2330
2187
1928
1665
706
120
40
543
359
204
-70
-443
-581
-560
-321
-366
-288
-349
-1
196
335
667
887
1410
1103
2678
3733
3319
2121
1562
2977
4401
4813
3517
4121
4682
4014
2827
2627
4007
5037
4753
4333
3151
2211
2112
3011
3963
4037
3759
2165
1620
1826
3329
3485
2917
2360
1863
2399
3230
3710
2520
1761
1935
2694
3369
3062
1695
808
1120
1351
1032
23
-928
-1441
-1968
-2057
-2159
-2527
-3469
-4112
-3610
-3813
-3750
-4053
-4412
-4682
-4753
-4510
-4762
-4761
-4959
-4945
-4659
-4441
-4053
-3960
-4050
-4330
-4116
-3983
-3501
-3183
-3277
-3268
-2979
-2438
-1988
-2322
-2674
-2363
-1218
-845
-605
-670
-269
249
-289
-382
67
1073
1637
2287
1879
1634
1309
1242
2499
3136
3508
3115
2440
2139
2180
2426
2802
3076
2658
2571
2743
3086
3846
4065
3808
3277
3389
3846
3495
3266
2952
3021
3378
3454
3330
2697
2510
2409
2406
2189
1431
1375
686
689
342
36
75
-144
140
-519
-678
-1024
-939
-1026
-875
-305
5
47
-153
214
685
1818
2200
1982
1324
2019
3035
4032
4495
4048
4394
4032
3452
3405
4148
5244
5202
4820
4116
3309
3102
3532
4351
3866
3527
2705
2211
2700
3331
4004
3568
2822
2476
2174
2591
2731
2962
2851
2953
3256
3597
3266
3055
2799
2738
2915
2232
2090
1694
1381
1284
1418
1057
508
-227
-873
-1140
-1142
-1402
-2040
-2962
-3652
-3955
-4202
-4239
-4717
-5045
-5538
-5552
-5372
-5182
-4954
-5456
-5465
-5628
-5913
-5808
-5783
-5808
-6223
-6398
-6148
-6112
-5774
-5450
-5307
-4363
-3590
-4069
-4873
-4686
-3819
-2923
-2963
-3014
-2307
-2336
-2621
-2575
-1534
-490
-123
-96
-313
-734
-736
-96
679
573
341
-419
-724
-288
16
580
855
697
521
1108
1229
1655
1835
1711
1527
1605
2128
2414
2629
2714
2689
2515
2600
2654
2943
2969
2801
2216
1789
1406
1612
1586
1284
1147
700
530
399
261
-85
-309
-354
-601
-1144
-1304
-1226
-1081
-952
-982
-1236
-1049
-824
-772
-65
300
334
534
2390
3115
2587
1160
1357
2695
4078
4118
2976
3407
3518
2933
3035
3204
4040
4587
4907
4208
2775
1884
2315
3384
4032
3723
2278
1576
1596
2609
3484
3080
2817
2079
2587
3310
4099
4054
2738
2332
2650
3452
3499
3046
2238
1987
2394
2613
1983
938
715
-78
-471
-572
-492
-526
-1175
-1971
-2270
-2611
-2758
-3427
-3777
-3833
-4436
-4558
-4498
-4610
-4757
-4785
-5208
-4970
-5023
-4779
-4646
-4842
-4856
-4639
-3711
-3124
-3215
-3382
-2591
-1462
-1446
-1912
-1639
-550
53
-28
-253
313
1027
695
203
635
1880
2563
2500
2283
1781
1422
1381
1825
2431
2503
2463
2351
1546
1860
2371
2456
2040
1878
2017
2004
2554
3123
2958
2317
2256
2304
2869
2936
2692
2662
2677
2818
3047
2929
2289
2029
1650
1419
949
746
542
288
-339
-516
-905
-1292
-1074
-946
-1157
-1574
-1308
-1872
-2201
-2221
-1958
-1971
-1918
-1968
-1689
-1430
-1308
-1128
-1128
100
781
1269
1046
988
1646
2089
1829
1684
2255
2697
2678
2322
2270
2113
2041
2088
2176
1965
1699
1359
1361
1228
1185
1127
967
803
707
996
1001
1264
682
562
549
863
1533
1548
1206
662
542
695
738
1009
796
572
122
-661
-793
-791
-670
-1065
-1762
-2419
-3292
-3927
-4440
-4420
-4846
-5239
-5671
-5943
-6217
-6177
-6034
-6528
-6839
-7037
-7348
-7676
-7960
-8163
-7961
-7503
-7321
-7587
-7572
-7266
-7432
-7380
-6967
-6597
-6632
-7093
-6941
-5735
-5323
-5500
-6304
-6279
-4801
-3546
-3042
-3343
-3254
-2917
-3102
-3244
-2208
-1086
-746
-870
-1044
-1452
-1731
-1611
-702
527
705
310
-525
-600
-157
829
1236
977
314
298
815
1278
2068
2188
1665
1413
2191
2583
2499
2406
2036
2096
2611
2862
2568
2440
2181
2194
2113
2183
1639
1445
1101
1065
1016
681
703
464
325
94
51
-23
-292
-544
-310
-238
49
-83
-83
123
547
987
1410
1659
1747
3370
4141
4060
2897
3348
4193
5445
5279
4961
5898
5341
4463
3848
4696
6286
6691
6457
5614
3887
2943
3357
4324
5036
5117
3787
2655
2250
3574
5100
4675
3401
1824
2055
3350
4566
4418
3333
2583
2738
3217
3370
2766
2071
1642
1243
1085
1307
1183
785
-62
-1052
-1632
-1992
-1923
-2834
-3756
-4214
-4353
-4222
-4799
-4945
-5568
-5828
-6048
-5792
-6145
-6810
-6538
-6581
-6745
-6884
-6435
-6473
-6917
-6894
-6335
-5505
-4942
-4612
-4199
-3678
-2712
-3007
-3562
-3504
-2836
-2149
-2360
-2244
-1559
-1268
-1712
-2030
-1503
-178
790
375
195
-595
-1122
-884
125
1347
1115
655
-416
-962
-444
650
991
130
-268
-255
39
200
592
563
25
19
270
782
1049
724
263
318
643
842
1026
867
701
960
1033
666
111
-427
-751
-1222
-971
-1117
-1281
-1656
-1732
-1606
-1298
-1213
-1622
-2031
-2702
-2683
-2336
-1765
-1504
-1595
-1976
-2313
-1804
-1000
-294
-49
493
795
1058
1460
1675
2172
2526
2582
2463
2354
2374
2157
2115
2179
1853
1720
1307
943
1144
1300
1359
1197
1006
980
821
594
872
1346
1715
1606
1367
964
874
1192
1608
1460
1161
1141
690
510
922
1247
1119
608
-108
-386
-362
-514
-557
-1159
-2004
-2504
-3176
-3381
-3282
-3344
-3824
-4369
-4731
-5261
-5206
-5293
-5514
-5807
-6389
-6271
-6382
-6692
-6601
-6474
-6599
-6685
-6952
-7025
-7504
-7312
-6686
-6032
-5312
-4732
-4269
-4559
-4990
-5136
-4093
-2889
-2225
-2446
-2481
-2278
-2680
-2923
-2291
-580
748
364
-739
-1732
-1827
-1681
-566
599
355
-319
-941
-789
-116
1122
1810
1661
782
9
211
713
1928
2298
1927
1458
1543
2274
2749
3083
3148
3056
2842
2905
3702
3565
2969
2579
2675
2566
2367
2408
2307
1954
1965
1522
1281
1278
1076
660
520
617
838
445
-46
-305
-763
-406
-96
-107
507
578
552
608
1136
2061
2833
3079
3178
3425
3557
3940
3957
4279
4704
5221
5425
5279
5270
4652
4236
4256
4246
4380
4037
3721
3744
3694
3713
3300
3175
3069
3535
3538
3406
3327
3016
3297
3413
3863
4213
3862
3347
3352
3626
3730
3656
3001
2448
2613
2295
2074
1416
1341
874
112
-660
-1032
-1354
-2044
-2398
-2707
-3103
-3966
-4653
-5461
-5693
-5801
-5965
-6487
-6983
-7522
-7685
-7776
-7719
-7687
-8020
-8382
-8530
-8143
-7893
-7495
-7148
-7341
-7462
-7221
-6951
-6060
-5142
-4492
-4786
-5047
-4256
-3171
-2819
-2762
-2222
-1605
-1951
-3080
-2711
-856
1009
1498
1158
203
-670
-782
378
1977
2183
1526
713
-58
179
1228
2405
2339
1612
1357
1305
1823
2551
2742
2267
1910
2080
3035
3448
3250
3315
3204
3403
3769
4005
3664
2926
2717
2719
2556
2516
2218
1498
745
346
344
94
-46
-92
-538
-1072
-1007
-827
-1039
-1123
-1366
-1260
-1549
-1636
-924
-645
-600
-861
-636
55
522
1158
1434
1499
1960
2207
2619
2908
3710
4003
3804
3823
3752
3698
3697
3868
4293
4319
3812
3375
3582
3867
3799
3575
3081
2884
2909
3492
3916
3919
3768
3382
3283
3572
3598
3752
3852
3493
3893
4072
4020
3930
3842
3925
3791
3153
2393
1752
1489
1704
1252
587
-533
-1301
-1896
-2666
-2822
-2944
-3576
-4412
-4691
-5030
-4986
-4972
-5440
-6091
-6423
-6399
-6146
-6157
-6210
-6492
-6548
-6460
-6155
-6040
-6080
-6061
-6381
-6443
-6214
-5352
-3981
-3353
-3773
-4588
-5107
-3490
-1887
-1353
-1910
-1746
-1814
-2611
-2523
-1243
476
962
681
9
-505
-952
-441
472
755
657
-227
-889
-966
-119
1368
1960
1865
784
449
1165
1994
2647
2392
1790
1274
1534
2019
2377
2123
2013
2152
2111
2242
2591
2581
2307
2248
2051
1562
1315
1310
1240
982
1043
621
201
57
-350
-508
-518
-483
-978
-1103
-1248
-1160
-741
-452
-408
-423
-141
1028
1790
1485
980
1738
2672
3791
3964
3684
4333
4860
4737
4503
4893
5807
6458
6114
5422
4638
4424
5214
5990
6562
6188
5020
4225
3903
4398
5092
4962
4542
3671
3702
3857
4321
4715
4517
4287
4069
4981
5262
5314
5197
4941
5341
5273
5165
4585
3913
3412
3188
3013
2383
1719
1092
867
397
-444
-705
-1538
-2092
-2495
-2883
-3457
-3899
-3703
-4025
-4088
-4589
-4746
-4572
-4781
-5079
-5539
-5661
-5801
-5930
-6075
-5726
-5166
-4942
-4780
-4996
-4302
-2783
-2306
-3289
-3968
-2977
-1149
-412
-920
-1063
-289
180
-430
-307
1211
2510
2500
1622
863
509
779
1587
2443
2622
2078
963
383
-30
863
1828
1854
1452
979
1170
1529
1921
2039
1945
1739
2211
2803
3073
2934
2698
2775
3048
3535
3644
3578
3183
2714
2565
2369
2328
1861
1665
1243
665
423
496
582
660
137
79
-343
-353
-590
-872
-1214
-1469
-1261
-1053
-759
-706
-307
-239
644
867
1561
2386
2458
2803
2627
3226
3749
4186
4731
4845
4693
4871
5451
5689
5766
5100
3965
3586
3123
3323
3733
3480
3422
3123
2987
3162
3372
3392
2986
2587
2463
2421
2489
3016
3495
3644
3453
3211
3010
3116
3043
2984
2691
2238
2395
2433
2470
2330
1678
1106
749
426
-275
-931
-1649
-2143
-2520
-3419
-3790
-4001
-4472
-4742
-4897
-5044
-5030
-5186
-5138
-5418
-5661
-6113
-6330
-6583
-6778
-6506
-6847
-6983
-6608
-5695
-5035
-4188
-3685
-3727
-4186
-5347
-4565
-2631
-1312
-1463
-1592
-835
-1057
-1653
-1275
194
1778
1715
631
-543
-1244
-1459
-640
1033
1850
1507
-122
-1365
-1762
-686
571
687
92
-750
-417
141
1094
1584
998
624
453
1066
1763
2032
2396
2220
2564
2814
3113
3232
3130
3319
3643
4045
3635
3245
2573
2379
2537
2091
1885
1451
1236
817
454
571
733
608
-50
-484
-820
-575
-560
-275
-76
-95
-7
-195
-52
40
887
1503
1252
1284
1554
2308
3276
4043
4120
3722
3870
3979
4042
4020
4176
3917
3819
3611
3789
3748
2984
2563
2463
2628
2801
2919
2380
2385
2642
2676
3012
2888
2678
2751
2810
2929
3259
3431
3604
3685
3745
4006
4110
4044
3991
3804
3583
3134
2763
2366
1965
1504
695
209
-784
-1446
-1554
-1525
-1514
-2236
-3165
-3723
-3668
-3820
-4101
-4116
-4622
-5410
-6270
-6655
-6638
-6487
-6672
-7479
-7442
-6424
-4914
-3145
-3555
-4850
-5150
-4719
-2776
-1073
-146
78
-435
-1301
-1868
-810
1688
3888
4306
3465
1417
-454
-1085
555
2974
3578
2444
343
-887
-1003
603
2390
2473
1515
78
-416
-366
39
694
602
647
916
1317
1541
1425
2093
2695
3606
3911
3880
3506
3678
4089
4383
4292
3919
3844
3439
2855
2459
2411
2052
1654
833
-88
-400
-264
-77
-240
-433
-395
-354
-296
-670
-681
-458
-403
-378
-549
-308
345
580
444
375
627
1088
1321
1793
2295
2589
2574
2575
2893
3159
3244
3337
3183
3094
3212
2773
2593
2276
1856
1342
1012
981
853
858
460
427
131
336
495
392
524
520
544
-61
386
977
1082
1118
727
662
122
472
960
943
973
199
-374
-881
-787
-715
-864
-1071
-1594
-2432
-3158
-3983
-4525
-4753
-5218
-5999
-6918
-7839
-7898
-7666
-7905
-8065
-8438
-8890
-9445
-9532
-8700
-7326
-5587
-5688
-7335
-9063
-8033
-4811
-2156
-827
-899
-1371
-2349
-3651
-2971
-206
2742
3355
1840
-135
-1979
-2220
-583
1847
2399
1557
-728
-2545
-3057
-1783
-22
-488
-1676
-3245
-3489
-3065
-2137
-1946
-2557
-2597
-2772
-2386
-2310
-2145
-1756
-1309
-502
-25
156
55
144
343
603
839
864
585
62
28
651
1054
1239
696
68
-352
-583
-506
-481
-773
-1291
-1563
-1826
-1978
-1432
-1060
-970
-1070
-1407
-1651
-1449
-794
-274
-26
-192
127
591
1241
1477
1325
1129
935
1187
1196
1612
1730
1670
2125
2082
2078
1828
1669
1788
1641
1878
1815
1771
1610
1731
1896
1557
1245
562
858
890
871
769
823
1070
1064
1422
1174
1327
1736
1959
1712
1854
1933
1768
1785
1551
1508
860
420
503
122
-194
-156
-385
-1100
-1331
-1674
-2262
-2858
-3471
-4514
-5224
-5657
-5992
-6063
-6686
-7260
-7624
-7890
-7584
-6648
-4294
-2800
-4310
-6948
-7114
-5186
-2783
-1296
-715
-55
-116
-1537
-2811
-1040
2410
4935
5056
3269
1046
-526
-53
2896
5474
5867
4137
1670
-379
-396
1357
2590
1893
-29
-1643
-1968
-1301
-582
-329
-847
-1330
-1490
-1570
-2161
-2298
-1977
-986
-462
-311
-580
-869
-486
21
583
628
241
-39
-249
-602
-631
-467
-703
-1341
-1939
-2277
-2216
-2206
-2098
-1991
-2125
-2204
-2323
-2292
-1903
-1601
-1808
-2068
-2219
-2354
-1853
-1017
-480
-114
-762
-830
-310
391
921
824
758
150
-207
-363
-70
231
8
-158
-505
-547
-551
-324
-428
-590
-634
-897
-833
-848
-875
-978
-976
-1251
-1004
-752
-556
-508
-339
-175
-620
-976
-898
-687
-352
-178
-184
-81
-139
-96
-207
107
267
722
488
-93
-364
-969
-754
-1013
-1372
-1558
-2123
-2386
-2516
-3074
-3302
-3585
-4075
-4721
-5241
-5612
-6429
-6859
-7086
-6548
-5729
-3839
-3364
-5396
-7643
-7192
-4493
-1865
-906
-192
688
92
-2073
-2446
12
3423
5294
5171
3605
802
-437
578
3460
5005
5004
2841
-212
-1526
-583
1873
2896
1505
-1076
-2624
-2128
-1290
-579
-751
-1345
-1772
-1768
-1529
-1669
-1903
-1796
-1278
-1214
-1235
-1201
-1239
-1083
-833
-444
-236
-46
-287
-1082
-1526
-1305
-838
-782
-694
-997
-1478
-1803
-2118
-1648
-1284
-905
-829
-1282
-1366
-926
-514
-880
-1165
-746
-62
877
1233
1493
1926
1556
1442
1688
2753
3495
3080
2072
1300
975
1256
2225
2509
2014
998
310
261
706
1320
971
237
-508
-630
129
1034
1331
898
589
572
675
787
1157
1137
1115
1149
1139
1760
1913
2277
2465
2338
2468
2035
1925
1668
1444
1410
1231
1508
1304
697
-183
-192
-453
-447
-755
-1735
-2218
-2796
-2901
-3349
-3188
-3142
-3686
-4159
-5009
-5783
-6377
-6471
-5817
-4046
-1896
-2366
-4753
-6408
-4753
-2210
-318
719
1708
2254
493
-2129
-2000
1259
4982
6252
5362
2832
-139
-931
1193
4732
6008
4675
1861
-750
-862
1261
3270
2780
1000
-892
-1078
-308
67
61
-409
-622
-99
374
194
-74
-73
286
916
960
385
271
304
471
1371
1798
1895
1428
1299
909
442
391
213
-311
-676
-908
-1266
-1446
-1672
-1814
-2039
-2108
-1610
-1116
-987
-1164
-881
-775
-399
-125
260
1370
2096
2155
1598
1988
2279
2847
3366
3768
3686
2969
2274
2123
2063
1797
1561
1047
705
-176
-587
-398
-145
-103
-881
-1569
-2194
-2493
-2349
-2083
-1718
-2193
-2265
-2655
-2669
-2228
-1348
-706
-831
-995
-1086
-623
31
455
878
1125
1233
1402
1448
1305
1109
842
617
828
576
316
-657
-1483
-2528
-2650
-2273
-2703
-3426
-4468
-4934
-5198
-5053
-5169
-6030
-7420
-7554
-6573
-4060
-2241
-2907
-5261
-6950
-5191
-1948
647
2074
3039
2696
568
-921
847
5109
8408
8392
6622
4399
2139
2071
4732
7691
8470
6611
3506
1475
1634
3542
5700
5096
2740
801
792
1766
2383
2487
1596
833
258
339
440
201
735
1756
2143
1968
1568
887
660
808
1501
2262
1920
1456
573
352
497
532
967
622
56
-955
-1460
-1979
-2001
-1617
-2242
-2940
-3698
-3753
-3069
-2195
-1906
-2220
-2661
-2267
-1737
-1123
-268
785
1211
1103
640
1176
2362
3331
3710
3403
2893
2521
2589
2551
2803
3055
2873
2241
1554
1037
865
654
312
-272
-801
-1366
-1176
-1309
-1978
-2475
-2128
-1799
-1638
-1434
-1844
-1664
-1225
-245
-5
-483
-629
-841
-455
-245
304
917
1216
996
770
742
589
708
862
1047
701
-284
-794
-1295
-1362
-1484
-1907
-2607
-3665
-4718
-5731
-6042
-5700
-5154
-4156
-2407
-2833
-4771
-6465
-4452
-1276
152
296
1106
2158
1260
240
1137
4387
7250
8112
7411
5948
4085
3288
4674
7674
8943
8005
5959
3596
2653
3397
5557
5997
4222
2406
2065
2524
2482
2439
2126
1747
2094
2651
2000
1225
870
1070
2250
3053
2909
2221
1740
1332
1743
2433
2836
3099
2378
1317
959
941
1862
2282
1892
941
-402
-988
-1429
-1412
-1255
-1058
-1569
-2397
-2729
-2486
-1772
-1645
-1384
-1262
-996
-1037
-817
-524
261
1013
1605
1999
1500
1266
1362
1683
2212
2803
2831
2156
1409
1233
1534
1378
917
-63
-978
-1316
-1609
-1404
-1977
-2394
-2784
-2842
-2573
-2881
-3238
-3495
-3478
-3092
-3045
-3167
-3415
-3703
-3145
-2797
-2089
-2022
-2073
-2279
-2308
-2203
-1937
-1526
-1145
-1025
-1538
-1435
-1285
-580
-471
-205
-542
-1406
-2269
-2805
-2625
-2656
-2795
-3467
-4150
-4408
-4381
-2769
-242
-196
-2755
-5249
-4153
-1464
382
664
2271
4022
2462
-155
-263
3409
7594
9545
9578
7446
3822
1480
3493
7805
10077
9359
6892
4745
3567
4579
6929
7692
6041
3912
3271
3399
4332
4499
4582
4784
4823
4604
4389
3595
2937
3493
4323
5066
4461
3915
3654
3459
3948
4298
4592
4146
3617
3246
2137
1477
1385
1413
1380
1423
1100
471
-84
-287
-101
-24
-179
-1026
-1383
-1587
-1119
-1159
-1156
-205
83
-282
-917
-570
100
1204
2237
2298
1937
1080
1304
1414
2427
3565
3188
2484
1096
747
818
756
524
-257
-904
-1508
-2025
-2581
-2384
-2637
-3510
-4023
-4694
-5304
-5441
-5312
-5210
-5308
-5474
-5325
-5520
-5406
-5213
-4916
-4791
-4850
-4819
-4749
-4675
-4569
-4806
-4486
-4220
-4172
-4078
-4323
-4935
-5413
-5160
-4918
-5301
-5878
-6711
-7175
-6988
-7070
-7469
-7884
-7844
-5936
-3324
-2692
-5051
-8241
-7886
-4779
-1319
-28
1035
1785
442
-2013
-1866
1513
5958
7630
7582
6031
3277
1209
2548
6381
8786
8345
6089
3606
2071
3285
5734
6740
5655
3648
2958
3285
3883
3600
2934
2965
3469
4287
3774
3218
2777
2896
4267
5379
5479
4884
4460
3691
3664
3855
4112
4435
4224
3374
2483
2693
2727
3060
3347
3386
2510
1359
370
-247
354
1313
1776
543
-1063
-1292
-527
165
879
1497
1069
338
-48
288
953
2317
3079
2454
1873
1370
955
1045
1869
2861
2762
1842
1159
612
936
1332
1277
529
-318
-1141
-1187
-1447
-1947
-2361
-3045
-3630
-3860
-4357
-4982
-5031
-4920
-4338
-3948
-4355
-5344
-5817
-5591
-5378
-4786
-4332
-4757
-5349
-5496
-5290
-4675
-3871
-3860
-4145
-4633
-4419
-4491
-4666
-5165
-5473
-5626
-6196
-6126
-6480
-6851
-7232
-7676
-6395
-3444
-2087
-3930
-7545
-7972
-4913
-1109
-151
-20
1852
1721
-1043
-3351
-638
4725
7525
8022
6362
3493
668
1107
5481
9182
9468
6716
3418
619
1270
4548
6995
6305
3645
1939
1809
2963
3235
2999
3282
3514
3571
3333
2926
2427
2465
3134
4436
4865
4165
4112
3449
2923
3554
5252
5782
4992
4201
3187
2457
2923
3508
3878
3279
2354
1369
727
987
1263
1435
844
175
-547
-155
1137
1617
1870
1713
981
761
1238
2589
3367
2983
2579
2494
2564
3485
4341
3875
3345
3032
2968
2661
2993
3200
2451
1987
1509
1732
1896
2041
1418
523
134
-692
-1074
-1733
-2183
-2528
-2949
-3042
-3454
-3653
-4111
-3954
-3567
-3432
-3203
-3394
-4356
-5367
-4776
-4237
-4245
-4768
-5628
-6162
-6212
-6283
-6489
-6721
-6615
-6916
-7743
-8010
-8107
-8709
-9235
-9662
-10246
-10214
-11219
-9896
-6984
-5619
-7837
-11261
-10290
-6688
-3996
-3684
-2283
139
-657
-4227
-5752
-2039
3195
5250
5914
4761
1680
-1569
-499
4364
7559
7310
4417
1113
-1602
-1222
2233
5179
4570
1995
397
623
1631
2150
2830
3036
2993
3014
2949
2987
2591
3170
4398
5691
5501
5354
5657
5181
5120
5695
6753
6815
6304
6033
5056
4485
5099
5341
5167
4286
3821
3382
3207
3888
4038
3885
2377
1341
715
1165
1329
1373
1689
1677
764
464
1699
3531
4273
4222
4169
3710
3635
3970
4683
5157
5398
4916
3944
3437
3530
4033
3767
3414
2652
2249
1938
1632
1257
291
-281
-705
-919
-1088
-1771
-2929
-3504
-3909
-3591
-3258
-3748
-4333
-4876
-4458
-3775
-2686
-2789
-3486
-3978
-4590
-4672
-4035
-3482
-3919
-4579
-5388
-6284
-6535
-6389
-5494
-5975
-6936
-8346
-9744
-10337
-10121
-10126
-8035
-5818
-6069
-10047
-13205
-11101
-6323
-3508
-4194
-3379
-1727
-2900
-6047
-7127
-3014
2515
4795
4778
2597
-666
-3566
-1442
3834
7194
6882
3616
323
-1878
-602
3206
5239
4080
1550
167
92
799
1706
1555
1210
619
237
86
486
576
1010
2187
3450
3196
3054
3370
2439
2084
2310
3535
4136
4171
4097
3363
2488
2223
2803
3539
3680
3848
2679
1638
2165
2526
2756
2857
2642
1428
1267
1806
2853
2582
2019
1556
1261
1615
2829
3405
3365
3060
2671
3123
4242
5206
4919
4418
3920
3772
3565
3779
4242
3816
3446
2793
2299
1472
833
492
58
-18
-63
-196
-655
-1226
-1485
-1797
-2317
-2591
-3229
-3746
-3629
-4156
-4458
-4307
-3814
-3609
-3693
-3514
-3645
-3903
-4053
-3204
-2914
-3037
-4098
-4986
-5573
-5972
-5610
-5536
-5249
-6012
-7320
-8535
-8543
-5705
-3125
-3303
-7456
-9841
-8145
-4107
-2693
-2747
-186
1098
-1844
-5362
-4828
984
5807
6480
5241
2817
-981
-2569
584
5340
7809
6871
3988
198
-1762
-91
3143
4589
2656
1095
250
344
69
-727
-44
929
1689
1119
125
-729
-954
178
1924
3192
2372
2307
1870
1281
1300
2301
3706
4223
4383
3865
2893
2313
2499
3333
3666
4072
3609
2493
1981
1840
2297
2789
3131
3115
2369
2591
2307
1445
975
1507
2700
3284
3573
3179
2621
2171
2265
2902
3705
4078
3473
3012
3236
4385
4845
5055
4575
3720
3127
2652
3183
3327
3079
2076
571
50
137
657
310
-659
-1652
-1821
-1979
-2399
-2328
-2588
-3129
-3628
-4019
-4241
-4206
-4263
-4466
-4362
-4756
-5417
-5875
-5918
-5580
-5299
-5450
-5599
-5868
-6252
-6634
-7715
-7605
-7459
-6500
-7031
-6424
-3884
-2558
-4699
-8655
-8200
-4438
-1552
-2350
-2103
38
-275
-4025
-6103
-3345
1894
4007
4084
3456
537
-3522
-3535
1054
5411
5717
3217
596
-1923
-1959
506
3510
3217
440
-781
-530
225
-778
-1507
-918
-38
701
646
363
-1022
-1803
-497
1762
2183
1383
1059
106
-517
-217
1173
2802
2938
2481
1736
973
878
1376
2072
2399
2654
2271
1332
552
277
1259
2563
2987
2009
1117
1281
1052
919
1494
2710
2867
2666
2308
1762
1317
1436
2510
3182
3313
2553
1480
985
1907
3248
3587
3185
2650
2257
1861
2449
2664
2518
2453
1979
1042
279
184
363
372
185
-32
-1219
-2577
-2962
-2445
-2125
-2355
-3379
-4360
-4927
-5346
-5157
-5454
-5538
-6242
-7157
-7801
-7278
-6431
-6205
-6262
-7023
-7908
-8445
-8498
-8830
-8559
-8671
-5896
-3752
-3662
-6519
-8718
-7100
-2930
-430
-197
1789
2634
-545
-4548
-4136
2642
7540
7844
5837
2835
-973
-2577
878
5558
8104
5951
2392
-1214
-2400
139
2868
3411
1133
-1767
-2327
-909
-96
-856
-1174
-1417
-708
-641
-615
-448
-1528
-1203
489
1822
1360
906
423
-55
-49
1595
3127
3597
2437
1720
1323
1150
2047
2537
2273
1911
1352
513
603
1147
1649
1550
1717
1587
1032
1714
2207
2255
1809
2344
2764
2622
3139
3492
2860
1978
2504
3520
4088
4110
4066
3371
3118
3604
3884
3483
2962
3280
3082
3522
3185
2744
2393
2528
2048
1347
875
907
821
360
-40
-657
-1169
-1821
-1702
-1799
-2164
-2634
-3467
-4478
-4506
-4667
-5610
-6230
-6562
-6203
-6385
-7170
-8209
-9066
-9524
-8586
-8182
-8419
-10064
-10802
-11322
-10058
-5660
-3180
-4245
-7969
-8994
-6287
-2157
-585
631
3278
3449
-671
-4568
-2262
4764
8752
9115
7454
3816
-1111
-1746
3200
8259
9357
6159
2599
-436
-807
1720
4248
4517
2096
403
-501
-508
-1177
-1441
-23
1047
845
-354
-1077
-2147
-2604
-853
2201
2796
1231
-36
-529
-557
549
2465
3388
2240
395
-836
-1015
-217
1570
1815
1050
692
-184
-511
-307
384
602
562
781
653
590
909
1045
215
60
909
1402
1910
2218
1908
1100
1271
3255
4985
5179
4143
2843
2018
2888
4384
4345
3096
1842
1802
1928
2177
2147
1408
322
-447
-727
-226
80
-445
-1202
-1666
-1529
-1910
-2517
-2433
-2421
-2865
-3367
-3474
-3698
-3489
-2925
-2827
-3341
-4178
-4513
-4944
-5365
-5444
-5375
-5695
-6841
-7560
-8065
-7970
-8307
-8364
-5104
-2225
-2954
-8241
-11170
-8515
-3123
-1402
-1553
186
1159
-1753
-5362
-4227
2771
7451
8425
6740
3921
893
-924
2407
7509
9879
7779
4777
1966
371
1858
4624
5608
3157
811
665
2013
2092
807
820
1733
2701
2156
1160
580
-340
-216
1504
3379
3294
2367
1890
888
298
1679
3349
3845
3130
1808
367
27
867
2205
2881
2991
2637
1048
-148
-63
1443
2309
2029
1235
571
1002
1741
1870
1852
3030
4267
3747
3040
2740
2864
2610
3063
3937
3831
3524
2774
2378
2295
2918
3341
2833
1812
1182
1168
1382
2045
2047
1275
435
-550
-703
-105
270
-487
-1377
-1790
-1538
-1934
-3218
-2674
-2232
-2899
-3403
-3034
-2762
-2905
-3893
-4910
-4734
-4327
-4133
-5111
-6312
-6749
-7216
-7832
-8028
-7575
-7923
-8170
-9373
-7754
-4328
-2337
-5392
-10298
-10368
-5824
-1329
-1180
-140
1705
-454
-5604
-7494
-1836
5934
8350
6571
3181
-208
-2535
-312
5373
9454
8074
4020
911
-853
310
2980
5202
4173
1240
-154
872
2134
463
-780
-573
848
984
332
-237
-715
-1060
106
2059
1739
1078
700
454
38
492
1991
2617
1625
431
-126
492
1077
690
80
776
2013
824
-437
-250
710
1495
1654
1633
1077
1683
1810
1425
1061
2170
3643
3649
2558
2387
3363
3454
3646
4300
4234
4375
4204
4292
4705
5438
5634
4282
3133
3298
3969
3922
4113
3744
2739
2052
1533
1286
987
1227
1221
768
361
-297
-844
-1100
-423
-86
-229
-1386
-1778
-1948
-1915
-1569
-1692
-2270
-2939
-3242
-3293
-3575
-3695
-4650
-6018
-6739
-7053
-6991
-7551
-4684
-1732
-1528
-5401
-8481
-6785
-1961
690
-430
275
2056
445
-3815
-5806
-588
5506
7386
6348
3214
-690
-3872
-2224
3023
6916
6529
3409
-1
-2331
-901
2614
5113
3917
939
-43
1264
2624
2102
1270
2232
2796
2527
2617
2806
1798
848
2636
4909
4806
3652
3073
2800
2202
2597
3789
4338
4024
3179
1707
596
487
1416
2075
2518
1852
401
-1212
-1442
-762
-513
195
1210
1481
396
-666
-702
123
1619
3115
3663
2823
1761
1302
1148
2447
4239
4504
3623
2828
2775
3013
3394
3922
3938
3408
3100
2386
1541
886
1084
1467
1646
1313
414
-1067
-2185
-2289
-1561
-771
-649
-1999
-3364
-3645
-2612
-2005
-2356
-3118
-3699
-3876
-4156
-4488
-4241
-3990
-3871
-4061
-5095
-5589
-5992
-6542
-7210
-7913
-8212
-4945
-1639
-1272
-6137
-9914
-8304
-3288
-585
-1252
-129
1373
-1135
-4841
-5072
859
6461
7334
5800
3283
507
-2024
-673
3412
6535
5409
2186
-416
-1657
-515
1748
3478
2001
-454
-1750
-671
308
-351
-594
581
1726
1778
779
-53
-1066
-530
1959
4295
4319
3494
2898
2447
1842
2498
4273
5349
4601
2679
1122
1243
1438
1603
1478
1714
1463
-689
-2679
-2274
-724
-77
-35
-412
-929
-1734
-2441
-2036
-1143
58
762
172
-442
-541
373
1105
1763
2163
2426
2457
1646
2002
2458
3272
3497
2966
2232
1938
2150
2073
1475
1442
1400
1250
1166
599
121
-406
-348
-403
-463
-518
-847
-1611
-2039
-2554
-2643
-2639
-2983
-3114
-3890
-4064
-4072
-4254
-4694
-4862
-5233
-5686
-6012
-6958
-6280
-6858
-5203
-2154
-1066
-3691
-7205
-6763
-3240
338
833
1595
3750
2352
-1739
-4378
-955
5830
8898
8856
6489
2191
-2248
-1884
3551
8390
8325
4494
722
-1800
-937
2050
4603
3939
1071
-564
209
1488
789
-8
122
1657
2118
1799
1652
931
-126
673
3706
5014
4866
4186
3251
2194
2188
4035
6735
7378
5784
3850
2643
2839
3672
5098
5644
4943
2376
338
275
2034
2707
1842
1301
340
-883
-901
-431
-746
-708
-495
131
-185
-187
246
7
-221
322
1188
1452
1278
736
453
787
1485
1730
1582
1194
987
557
94
317
1110
1115
651
-405
-2081
-2269
-1931
-1320
-1093
-1945
-3298
-4972
-5381
-4100
-3492
-4187
-5243
-5891
-6387
-6772
-6795
-6979
-7780
-8104
-8919
-9740
-10624
-10141
-10166
-8076
-4565
-2652
-4618
-8782
-9137
-6022
-1757
56
1556
3832
2278
-2246
-5141
-1948
5384
9622
10363
7757
2960
-1654
-2078
2989
8607
9711
6301
1086
-2852
-2704
597
3665
4059
1553
-1577
-2596
-1770
-1309
-1668
-1634
-697
-269
-1158
-1293
-2335
-2715
-1385
1404
2186
1621
1591
1104
554
966
2702
4170
3928
2838
1470
860
1057
1959
3196
3679
3389
1986
42
78
1515
2093
1379
544
49
268
679
1541
911
375
1277
2095
2592
2935
3013
1864
1102
1658
2718
2873
2736
2247
1775
1746
2639
3290
3195
2654
2320
2289
2266
2826
2664
1302
203
321
518
564
-228
-1503
-2573
-2592
-1895
-1335
-1570
-2601
-3406
-4483
-5145
-5131
-5079
-4884
-5894
-7343
-8242
-8447
-8450
-9026
-9820
-10609
-11305
-9070
-5926
-4499
-7105
-10388
-9997
-6996
-4543
-3598
-456
2843
964
-3793
-6408
-2309
3694
6795
7830
6607
2574
-2814
-3133
1600
6534
7196
4438
1036
-1727
-2668
-1893
268
877
-201
-2232
-3056
-3804
-5731
-6188
-4773
-2893
-2225
-2520
-3448
-4652
-5391
-3675
-191
1346
1249
374
-607
-1349
-517
2449
5070
6084
4598
1999
581
934
2854
4398
5039
4520
2488
1100
1246
2864
3700
3766
3428
2366
1750
2253
2806
2624
2445
2715
3502
3549
3126
2662
1427
919
1601
2824
3478
2986
2145
1505
2106
2772
3189
2679
2322
2136
1996
2278
1775
990
709
1384
2187
1745
1164
362
-412
-451
345
1064
567
-175
-1032
-1190
-1780
-2275
-1741
-1582
-2489
-4127
-5343
-4966
-4650
-4885
-6346
-6969
-7624
-6045
-3759
-2216
-4381
-8112
-7883
-4677
-2159
-1885
-419
2378
1569
-2115
-4586
-1839
3403
5958
6767
5421
2972
-740
-1146
2438
6440
6768
4490
2561
365
-801
-748
628
1032
-757
-2123
-1956
-2276
-4457
-6312
-5775
-3841
-3090
-3428
-3593
-4856
-6301
-5960
-3171
-1332
-926
-1137
-2051
-3287
-3471
-1648
1180
2703
2519
1273
-108
-806
-108
1636
3061
4312
3779
1724
115
604
2074
2843
3258
2704
1853
1525
1310
1040
1218
2016
2911
3131
2987
2560
1855
1226
1823
2562
2999
3381
3300
2365
1450
1738
2481
2523
2675
3014
2702
1823
1254
811
214
48
672
718
106
-308
-903
-736
-527
-706
-913
-1359
-880
-979
-1883
-2688
-3109
-3202
-3696
-3896
-4394
-5438
-6601
-6889
-6987
-7104
-7848
-6456
-3777
-2384
-4295
-7947
-7992
-4422
-1685
-1365
184
3260
2700
-1924
-5031
-2224
4247
8227
9318
7652
4571
829
-143
3677
8742
10701
8246
4325
1165
515
2086
4148
4459
2376
460
210
262
-1829
-3349
-2996
-1442
-442
-1324
-2448
-3865
-5109
-4588
-2029
-349
448
570
-759
-2193
-2503
-782
1989
3030
2704
953
-503
-595
554
2325
4219
5057
3635
1143
-188
1053
3529
4513
4042
3096
1835
759
860
1689
3073
4370
4324
2890
1850
1398
1432
1929
2984
3826
3005
1608
1029
962
1256
1466
1579
1549
969
993
396
-333
-780
-511
309
321
225
-556
-1032
-1255
-789
296
664
22
-755
-1136
-1077
-707
-713
-1252
-1696
-1944
-2512
-2863
-3598
-4683
-5710
-5847
-5559
-6634
-5405
-2558
-1434
-3375
-6540
-6036
-2860
-522
-887
-724
1835
2896
1034
-2099
-1207
3292
7277
9476
8886
6207
2089
624
3959
8668
10823
9102
6148
3096
1898
3084
5582
6367
4690
2352
1441
1681
859
-639
-1305
-392
330
-196
-1000
-2700
-4089
-3950
-2046
-692
-616
-983
-1780
-3517
-4547
-3018
-348
1016
23
-1944
-3518
-3824
-2685
-354
1689
2528
1116
-979
-1497
203
2320
3565
3242
2049
842
495
1285
1737
2362
3286
3827
3133
2232
1781
2301
2993
3984
4624
3579
2015
762
1244
2369
2989
3293
2319
582
-527
182
1434
1809
1590
601
-499
-930
-1004
-485
67
-177
-1032
-2157
-2209
-2112
-1946
-1079
-725
-1436
-2950
-4006
-3779
-3656
-3747
-4495
-5124
-6097
-7042
-7718
-5722
-2273
-804
-3266
-7601
-8366
-5330
-2259
-660
1688
3986
2041
-3007
-5704
-1962
5010
8957
9078
6768
3296
-132
-370
3595
9049
11490
10084
6662
2860
1840
3770
6738
7797
6592
4662
3190
1893
122
-480
1153
3277
2915
336
-1562
-3067
-3869
-3187
-892
1065
689
-1045
-2479
-3141
-2495
-1006
454
1054
264
-1452
-2889
-3012
-1601
87
1351
1575
43
-1476
-1744
-565
715
1179
1511
1338
400
-645
-242
980
2173
3093
3219
2557
1993
2312
2924
2939
3122
4171
4285
3756
2939
2623
2755
3106
3599
3543
2683
1795
679
392
1318
2391
1947
425
-1269
-2646
-3023
-1804
-482
-573
-1979
-3553
-4997
-5106
-4000
-2813
-2614
-3713
-4068
-4525
-4948
-5116
-4892
-5365
-6092
-6918
-5164
-2272
-836
-2999
-6754
-7314
-3649
165
943
1631
3684
3719
353
-2972
-1445
4141
8093
9096
7797
5145
1725
661
3226
7416
9567
8363
5929
3547
3021
3147
4540
6066
5756
4950
4594
3858
1795
13
193
2225
3350
2572
1327
-583
-2575
-3077
-1510
530
907
-324
-2172
-3989
-4666
-3743
-1513
-314
-776
-2451
-3836
-4732
-4227
-2577
-937
-458
-1346
-2296
-2225
-2016
-2074
-1758
-475
794
529
-549
-1049
-763
214
1455
2834
2926
2346
2735
2923
2600
2773
3702
4729
4335
3193
2240
2280
2737
3209
3061
2310
1772
1376
1025
1354
1192
605
363
347
331
-674
-1362
-1300
-1321
-1444
-1464
-1556
-2423
-3041
-3459
-3278
-2994
-3001
-3337
-4251
-5804
-6890
-7052
-6782
-6864
-5947
-3784
-2992
-4865
-8053
-8990
-5925
-2152
-1339
-565
1531
1476
-2028
-5546
-3281
2815
6926
8109
6157
2347
-1375
-1538
2139
6739
8532
6812
4200
1871
1762
3812
6130
7103
6222
4774
4322
4760
3360
1873
2752
4762
5546
4119
3014
1809
457
-4
1457
3011
2875
1232
-667
-2004
-2507
-1703
-815
118
105
-1190
-2740
-3274
-2696
-1570
-684
-620
-1679
-3056
-3336
-2070
-389
100
-307
-1212
-1563
-992
-174
269
466
1152
1055
746
917
1787
2090
1479
1085
1520
2774
3739
3368
2161
1336
1325
2221
3150
3173
2804
2019
836
685
994
1852
2381
1709
293
-1238
-963
373
1179
525
-416
-2024
-3396
-3465
-2691
-1485
-1995
-3506
-5291
-6466
-6269
-6373
-6606
-7826
-6790
-4700
-3112
-5282
-9124
-10666
-9048
-6345
-4835
-3433
-1771
-2648
-6652
-9018
-5806
225
3448
3281
956
-1524
-3577
-3336
218
3709
4701
3593
1492
-327
-156
1423
3859
4556
4132
3697
4493
5261
4093
2838
2895
4619
5440
5371
4763
3695
2490
1991
2899
3804
3961
3068
1614
-323
-1053
-459
427
604
383
-77
-1239
-2221
-2613
-1717
-1114
-558
-548
-1594
-2212
-1872
-1846
-1716
-1282
-446
403
594
545
13
-59
171
1318
2572
3590
3656
2571
1506
1519
2393
3029
3486
3022
2457
1460
946
1419
1697
1552
1242
631
-611
-1471
-1146
-984
-1459
-2174
-2498
-2360
-2476
-2292
-2782
-3441
-3668
-3595
-3723
-3659
-3708
-4812
-6062
-6253
-5664
-5355
-6425
-7100
-5424
-3254
-3138
-5504
-7162
-6305
-3951
-2637
-2298
-496
114
-2358
-5534
-5999
-2240
1490
2728
1890
-624
-3538
-4209
-2901
2
1726
1575
344
-1397
-2494
-1749
-316
582
755
259
940
2028
2344
1558
1875
3526
4604
4563
4490
4610
3986
3354
3439
4423
5296
5919
5956
4843
3305
2426
2633
3164
3307
2869
2225
1192
-326
-825
-404
37
-217
-624
-1095
-1309
-1781
-2365
-1815
-560
609
736
953
559
-233
-293
929
2715
4111
4326
2977
1265
638
1819
3575
4279
4134
3595
2171
674
82
590
1446
1232
863
-258
-1527
-1932
-2097
-1637
-1099
-1337
-2924
-3922
-4262
-4343
-4554
-5144
-5285
-5386
-5297
-5860
-6629
-7292
-7589
-7392
-7000
-5720
-4069
-3356
-4893
-7159
-6956
-4204
-1460
-992
-1220
-558
75
-1303
-2459
-1273
2009
4464
4459
3488
2137
588
358
1698
3209
3441
2575
1455
598
-267
-275
343
219
-169
-138
771
1379
452
-1105
-1394
-292
1469
2673
2963
2467
820
264
1779
3817
4787
4440
3657
2304
1448
2273
3531
3692
2936
1884
1330
490
-172
-408
-35
390
217
-607
-1989
-2136
-2161
-1705
-1046
-451
-722
-1635
-2134
-2130
-1045
138
1248
1223
276
500
1245
1977
2334
2582
2307
1579
1724
1987
1621
1438
1795
2134
1585
1415
1200
1230
752
11
-428
-857
-489
-736
-1885
-2382
-2180
-2417
-2559
-2986
-3328
-4401
-5034
-5215
-5479
-6209
-5971
-4616
-3588
-3488
-4699
-5694
-6052
-4692
-3618
-2580
-1483
-1355
-2010
-3803
-3945
-2369
29
1451
1741
1019
-291
-1072
-1020
572
2487
3700
3075
1972
1380
1147
2045
2490
2835
2873
3026
3180
1826
431
365
1396
2670
3110
2884
1958
406
-531
128
1279
2404
2606
1067
-96
-170
523
1341
1830
2407
2215
1423
752
-78
226
803
1220
1267
521
-118
-345
-174
-96
-262
-572
-797
-554
-710
-962
-1189
-1974
-1905
-1179
-10
345
55
-475
-592
427
1775
2422
1752
1069
675
443
547
985
1365
1220
666
-348
-1160
-1141
-77
523
123
-1405
-1990
-2318
-2407
-2486
-2747
-2803
-3769
-4624
-4854
-4620
-3508
-2818
-3160
-4104
-4601
-4028
-3245
-2833
-2387
-1550
-720
-1015
-1485
-1500
-892
153
605
1752
2969
2537
1152
-200
63
1703
3603
4585
4127
2891
1719
1726
2895
4031
4716
5028
5091
4883
4387
4617
5491
6250
6290
5800
5332
4950
4380
4473
5078
4979
4765
4425
4149
4156
3410
2804
2222
2000
2007
1402
265
-767
-822
-1004
-1153
-1653
-1783
-1169
-1430
-1948
-2521
-2292
-2077
-1716
-1474
-1391
-1245
-1979
-2290
-2268
-2001
-1600
-1156
-1364
-1868
-1887
-1792
-1437
-1772
-2079
-2098
-2251
-2357
-2400
-2826
-3064
-3229
-3005
-2706
-2724
-2715
-2963
-3234
-3322
-3051
-3815
-4546
-4498
-4560
-4152
-4403
-5049
-5067
-3586
-2168
-1805
-2737
-3507
-3191
-2517
-1537
-1043
-671
-342
-587
-950
-1070
367
1915
2425
2367
2232
2234
2285
2733
3167
3545
3499
3129
3201
3207
3454
3371
3567
3794
4068
3634
3750
4738
5134
5562
4949
4429
4855
4460
4421
4398
4741
4861
4206
3622
3404
4335
5191
4940
4088
3409
3137
2733
2717
2912
2899
2171
1316
590
118
376
539
84
-698
-1283
-1984
-2355
-2522
-2854
-3083
-3430
-3411
-3457
-3715
-3812
-3970
-3972
-4215
-4077
-3340
-3307
-3359
-3634
-3646
-3698
-3652
-3330
-2726
-2427
-3251
-3832
-3657
-2713
-2097
-1974
-2180
-2577
-2953
-3250
-3246
-3229
-3349
-3724
-4224
-4842
-4774
-4830
-4920
-4735
-4123
-4264
-4319
-4226
-4054
-2848
-1611
-559
18
-275
-469
-344
613
1729
2407
3091
3320
3192
2810
2959
3534
4386
5110
5085
4668
4373
4504
4387
4266
4466
4717
4841
5231
5706
5646
5054
4474
4094
4442
5285
5761
5789
5518
5528
5456
5188
4734
5211
5597
5462
4867
3976
3648
3610
3876
3921
3632
3472
3093
2810
2359
1827
1555
1124
750
1134
1650
1354
877
20
-361
43
-254
-611
-1693
-2486
-2495
-2683
-2614
-3121
-4014
-4826
-5561
-5500
-5073
-4285
-4352
-5231
-6495
-7113
-6668
-5915
-5526
-5631
-5979
-6850
-7396
-7493
-6480
-5654
-5985
-6802
-7071
-6789
-6463
-6789
-7482
-6572
-5190
-4195
-4574
-5296
-5339
-4853
-3971
-3042
-1743
-1098
-1478
-2613
-2737
-1391
21
1189
1310
1314
1074
1056
2186
3172
4099
4366
4269
4064
4173
4674
4812
5544
5629
5843
6141
6299
6408
6131
5708
5458
6079
6491
6884
6814
6483
6070
5699
5588
5375
5603
5919
5863
5203
4380
3470
3180
3104
3747
4103
4015
3422
2645
2038
1869
2450
2669
3026
2489
1565
545
-249
-433
-7
535
448
-139
-897
-1756
-2154
-2446
-2555
-2751
-3192
-3916
-4520
-5238
-5510
-5163
-5286
-5565
-5654
-5901
-6056
-6376
-6870
-6889
-6915
-7276
-7779
-7695
-7703
-8021
-8231
-8471
-8437
-8308
-8543
-8491
-7864
-7461
-7498
-7806
-7928
-7810
-7386
-7166
-6744
-5988
-5201
-4478
-4787
-5272
-4601
-3405
-1972
-1658
-1388
-1307
-2022
-2062
-815
664
1493
1603
1583
1343
1170
1596
2578
3502
3701
3819
4172
5098
5643
5363
4731
4739
4876
5671
6563
6927
6911
6421
5951
6278
6612
6973
7006
6692
5991
5170
4996
4997
5015
4693
4371
3581
3478
2804
2652
2873
2757
2700
2502
2490
1909
1341
493
45
561
999
1106
552
-275
-685
-738
-556
-432
-270
-530
-681
-1506
-1840
-1517
-1780
-2251
-2480
-2317
-1976
-2110
-3090
-3803
-3788
-3744
-3812
-3843
-3944
-3939
-4607
-4973
-5036
-5018
-4908
-4817
-4824
-4963
-5305
-5768
-6141
-6317
-5645
-4347
-3894
-4811
-5311
-5042
-4771
-4581
-3863
-3005
-2192
-2189
-2069
-2146
-1520
-979
-1033
-1057
-656
-22
593
984
1400
2119
2176
2461
2863
2871
2940
3104
3167
3400
3927
4430
4321
4205
4389
4778
5236
5012
4495
4158
4527
4841
4646
4005
3418
3161
3206
3287
3788
3893
3444
2763
2205
2051
2182
2085
2074
2091
1262
964
707
517
-218
-520
-790
-1094
-876
-1332
-2030
-2737
-3051
-3180
-2572
-2418
-2946
-3833
-4588
-4773
-4652
-4326
-4172
-4029
-4175
-4544
-4668
-4509
-4656
-4313
-4589
-4617
-4131
-4058
-4167
-4164
-4042
-3740
-3555
-3400
-3376
-3366
-3217
-2933
-2545
-1850
-1426
-1863
-2447
-2374
-1678
-645
57
-423
-850
-1013
-527
330
792
1024
1478
1725
1805
1789
1871
2154
2817
3158
2891
2522
2409
2460
2687
3074
3222
3430
3022
2983
3104
3274
3362
3758
4374
4316
3832
3184
3222
3254
3559
4056
4176
4031
3944
3430
2958
2972
3069
3216
3049
3118
2432
1589
1327
2012
2472
2581
2433
2042
2149
2255
2413
2552
2361
1733
1088
874
714
434
139
-628
-1077
-2086
-2137
-1866
-2089
-2202
-2316
-2718
-3424
-3639
-4009
-3564
-3659
-4021
-4495
-4697
-5005
-5493
-5382
-4672
-4552
-4963
-5312
-5456
-5752
-5713
-5465
-5390
-4943
-4726
-4859
-5095
-5041
-4539
-3944
-3593
-3441
-3355
-2914
-2291
-2112
-1722
-1185
-729
-557
-461
74
861
1669
1901
1744
2168
2666
2653
2965
3633
4112
4748
4882
4970
5221
5098
5666
6017
6263
6405
6300
5954
5467
5957
6234
6653
6542
6259
6356
6267
5983
5097
4454
4199
3738
3645
3287
2650
1634
968
1116
1450
1639
1527
1010
263
-318
-979
-1193
-1300
-1468
-1418
-1732
-2305
-2843
-2865
-2612
-2527
-2788
-2760
-2743
-2899
-3557
-4620
-4928
-4737
-4071
-4041
-4295
-4803
-4720
-4475
-4265
-4268
-4390
-4431
-4988
-5617
-5379
-4625
-4181
-4789
-5905
-6130
-5417
-4894
-4398
-4075
-4444
-4725
-4655
-4288
-3467
-2701
-2875
-3226
-2913
-2220
-1691
-1243
-1157
-1052
-979
-800
-524
-159
606
949
1174
1510
2018
2576
2863
2816
2816
3417
3975
3894
3973
4262
4417
4874
5012
5424
5854
5508
5041
4891
5123
5882
6415
6583
6905
6634
6505
6783
6985
6908
6812
6875
6876
6480
6291
6282
6265
6050
5912
5931
5713
5237
4532
3965
3597
3458
3371
2984
2184
1787
1025
358
-176
-225
-736
-1561
-1974
-2445
-2826
-3105
-3676
-4305
-4453
-4049
-3975
-4661
-5211
-5808
-5737
-5746
-5307
-4905
-4999
-5379
-5983
-5785
-5402
-5189
-4964
-4528
-4510
-4478
-4418
-4172
-3948
-4008
-4130
-4213
-4213
-3788
-2954
-2817
-2756
-2920
-2914
-2448
-1840
-1643
-1655
-1534
-1542
-1388
-675
-124
7
199
293
195
561
940
1554
2379
2758
2718
2481
2737
3081
3832
4198
4060
3801
3948
3954
4116
4756
5153
5285
5099
5161
4906
4783
4733
5054
5498
5287
5273
4749
4676
4601
4506
4539
4283
4281
4063
3775
3108
2849
3114
3433
3451
3132
2476
1833
1614
1284
1236
1830
1913
1377
622
244
-452
-435
4
184
352
-361
-1210
-1786
-1470
-1178
-949
-1444
-1994
-2556
-2830
-2119
-1508
-1388
-1930
-2641
-3270
-3357
-2976
-2470
-2423
-3242
-4200
-4719
-4662
-4267
-3795
-3465
-3316
-3528
-3532
-3471
-3254
-3092
-2912
-2772
-2673
-1928
-1726
-1867
-1961
-1429
-723
-65
-207
-742
-696
-475
-192
64
740
1146
1344
1042
1170
1575
2003
2402
2200
2016
2277
3026
3128
3235
3800
4060
4048
4012
3944
3643
3407
3356
3476
3620
3701
3597
3114
2711
2908
3573
3763
3407
3019
2334
1720
1430
1477
1627
1674
1541
1223
976
933
1062
985
945
569
651
388
261
186
93
-85
-352
-564
-659
-925
-1375
-1561
-1912
-2254
-2461
-2342
-2349
-2547
-2689
-2599
-2726
-2568
-2822
-3169
-3473
-3773
-3962
-3724
-3508
-3416
-3237
-2835
-2743
-2700
-2783
-3156
-3016
-2674
-2450
-2226
-2308
-2451
-2413
-2617
-2430
-1912
-1758
-1821
-1687
-1229
-543
-264
28
482
616
812
1004
1781
2078
2128
2069
2039
2817
3362
3485
3222
2734
2633
2603
2676
2977
2986
3139
2915
2737
2772
3344
3631
3615
2912
2158
2313
2748
3183
3444
3503
3052
2791
2720
2383
2335
2434
2066
1445
1329
1480
1577
1128
583
19
-130
43
-111
-537
-899
-1300
-1294
-920
-654
-903
-1390
-2039
-2440
-2044
-1950
-2007
-2450
-2936
-3335
-3141
-2865
-2491
-2683
-2674
-2721
-2716
-2447
-2221
-2118
-2251
-2287
-2318
-1796
-1629
-1548
-1820
-1985
-1920
-1910
-1874
-1569
-1369
-1259
-1095
-1200
-888
-548
-471
-638
-267
-204
30
189
-15
544
726
668
968
1151
1523
1365
1423
1859
2490
2829
2840
2985
3068
3243
3725
3859
4153
4657
4681
5115
5188
5062
4715
4386
4376
4610
4787
4843
4914
4738
4648
4405
4417
4336
4314
4428
4105
2998
2365
2787
2978
2725
2240
1912
1612
925
413
395
165
66
24
-466
-900
-1145
-1273
-1293
-906
-761
-909
-1435
-2129
-2166
-2229
-1827
-1580
-1688
-2247
-2791
-3094
-3200
-2954
-2609
-2573
-3343
-3941
-4386
-4286
-3908
-3614
-3742
-4082
-4406
-4337
-4247
-4005
-3852
-3903
-3534
-3339
-3153
-3007
-3080
-2688
-2217
-1868
-2162
-1785
-1554
-1178
-989
-1188
-624
-51
232
351
640
852
709
1097
1683
1932
2103
1876
1830
1951
2149
2357
2453
2408
2620
2732
2939
2945
3146
3337
3080
3008
2725
2461
2522
2795
2979
3234
3421
3107
2754
2775
3253
3198
3519
3414
3164
2970
2674
2588
2364
2352
2657
2667
1806
1149
755
1113
1100
571
-80
-926
-1191
-1320
-1319
-1547
-1938
-2006
-2482
-2907
-3352
-3690
-4009
-4489
-4384
-4440
-4654
-5284
-5695
-5725
-5527
-5251
-5745
-5877
-6236
-6070
-5644
-5639
-5311
-4972
-5088
-5354
-5355
-5357
-4614
-3841
-3486
-3594
-3910
-3605
-3382
-2863
-2570
-2500
-2368
-2242
-2463
-2309
-1938
-1659
-1166
-965
-540
-110
217
390
486
1301
1540
1707
1756
1553
1758
2326
3146
3591
3579
3514
3766
3718
3757
4418
4836
4752
4420
4289
4334
4173
4442
4482
4397
4149
3848
3507
2857
2759
2946
2597
2375
2090
1932
1691
1501
1317
1044
997
716
183
-393
-803
-670
-766
-1236
-1611
-1847
-1788
-1637
-1697
-1205
-843
-803
-947
-1277
-1573
-1687
-1614
-1896
-1745
-1671
-1765
-1828
-1771
-1860
-1982
-2298
-2751
-2820
-2880
-2671
-2521
-2890
-3215
-3497
-3620
-3357
-3223
-3445
-3881
-4053
-4106
-4059
-3961
-3967
-3913
-3288
-3460
-3546
-3334
-3411
-2752
-2308
-2194
-1920
-1709
-1182
-1067
-1024
-816
-380
-55
-180
-112
324
526
872
1274
1597
1868
1970
2150
2386
2650
3024
3321
3464
3411
3557
3762
3675
3736
3655
3612
3652
3753
3821
3497
3402
3465
3734
3634
3733
3951
3753
3347
2859
2822
2721
2851
2774
2506
2296
2033
1876
1718
1291
1199
503
112
16
-175
-170
-518
-670
-896
-810
-969
-1216
-1264
-1339
-1468
-1659
-1835
-2072
-2392
-2561
-2641
-2283
-2293
-2576
-3338
-3687
-3387
-3260
-2786
-2434
-2080
-2300
-2539
-2805
-2646
-2447
-2208
-2086
-2807
-3300
-3276
-2722
-2671
-2598
-2620
-2867
-2765
-2459
-2419
-2494
-2449
-2721
-2724
-2471
-2365
-2301
-2258
-2223
-2052
-2070
-2230
-1973
-1785
-1386
-1378
-1672
-1411
-809
-180
54
194
471
659
855
637
765
983
1045
1431
2002
2297
2306
2322
2581
2950
3533
3892
3947
3365
3252
3355
3701
3798
3826
4313
4122
3653
2823
2407
2751
3063
3120
3151
2634
2066
1603
1097
1251
1942
1820
1501
819
311
148
319
308
349
408
-63
-318
-317
-226
-93
-126
-391
-973
-1173
-1304
-1681
-1645
-1830
-2357
-2616
-2512
-2516
-2865
-2909
-2800
-3168
-3403
-3121
-3256
-3820
-4268
-4287
-4258
-4133
-3988
-3840
-3536
-3606
-3392
-3063
-2713
-2470
-2869
-2860
-2622
-2597
-2469
-2270
-1799
-1393
-1429
-1258
-989
-309
282
230
224
133
472
771
907
1192
1102
1593
1835
2052
2420
2319
2534
2785
3187
3388
3241
3206
3430
3574
3550
3334
3509
3461
3590
3739
3506
3475
3163
3052
3244
3360
3308
3382
3134
2904
2757
2709
2945
2978
2859
2663
2521
2273
2060
1869
1735
1434
1500
1448
1323
1089
472
52
-191
-438
-948
-1168
-1716
-1810
-1829
-1855
-1777
-2202
-2537
-2577
-2682
-3059
-3270
-3523
-3601
-3678
-3264
-3212
-3632
-4012
-4313
-3988
-3489
-3252
-3341
-3271
-3339
-3452
-3304
-3373
-3217
-3018
-3142
-3120
-2837
-2621
-2237
-1824
-1880
-1915
-1300
-1412
-1197
-1121
-1152
-294
142
302
277
232
160
51
328
774
1304
1072
1150
1305
1275
1710
2140
2278
2705
2757
2274
2348
2699
3310
3675
3426
3273
3345
3695
3941
3893
3900
3809
3639
3465
3084
2974
3219
3199
3222
3043
2938
2488
2138
2075
2210
2636
2642
2499
2411
2120
2209
2189
2022
2346
2433
2140
2062
2135
2457
2590
2563
2531
2401
2296
2192
2001
1558
1301
1243
972
1099
997
457
531
257
-33
-147
-244
-102
-198
-632
-582
-276
-460
-802
-1168
-1364
-1770
-2140
-2424
-2771
-2864
-2891
-2688
-2936
-3262
-3787
-4074
-3855
-3322
-2752
-2420
-2874
-3708
-3770
-3212
-2573
-2400
-2259
-2430
-2271
-2202
-1819
-1366
-1072
-740
-892
-1103
-1141
-946
-807
-293
-186
-98
94
160
920
1274
1343
1713
1995
2418
2526
2448
2733
2791
2594
2983
3324
3471
3381
3479
3396
3564
3528
3682
4023
3781
3714
3408
3205
3087
3088
3092
2856
2582
2256
1933
1589
1782
1570
1424
1445
1064
869
848
519
313
47
-123
-162
-237
-168
-79
-149
-465
-536
-740
-1291
-1845
-1620
-1203
-1340
-1330
-1528
-1834
-1648
-1256
-1278
-1228
-1322
-1276
-1373
-1784
-1708
-1709
-1731
-1831
-1936
-1624
-1691
-2054
-2500
-2385
-1891
-1691
-1356
-1317
-1682
-1619
-1700
-1553
-1353
-1154
-1357
-1459
-1399
-1328
-1055
-942
-627
-683
-451
-293
-81
246
265
486
563
662
772
954
1322
1281
960
729
1236
1967
2400
2454
2234
2010
1734
1853
2245
2424
2435
2122
2177
2339
2499
2439
1845
1643
1543
1397
1154
1242
1097
624
106
116
669
1020
963
765
597
295
363
190
338
600
641
200
173
75
-55
-251
-514
-403
-705
-964
-953
-861
-1056
-1316
-1542
-1725
-1984
-1871
-1872
-2184
-2411
-2680
-2065
-1809
-2202
-2595
-2869
-2875
-2765
-2470
-2076
-2008
-2074
-2210
-2306
-2103
-1965
-1722
-1549
-1648
-1621
-1470
-1537
-1365
-1219
-1134
-801
-806
-1156
-1318
-1248
-1077
-706
-491
-824
-1138
-1049
-993
-841
-738
-692
-570
-648
-930
-1030
-949
-414
-62
390
375
88
84
72
53
105
206
408
850
791
600
141
104
176
710
979
766
328
169
301
348
637
988
1222
908
688
891
1004
934
791
1008
1014
473
408
476
609
616
486
762
674
598
412
273
252
299
490
257
102
-240
-761
-711
-355
143
-306
-526
-872
-1056
-731
-833
-848
-867
-774
-798
-1105
-1527
-1522
-1511
-1568
-1543
-1512
-1949
-2092
-2180
-1884
-1811
-2043
-2067
-2020
-1674
-1566
-1946
-2152
-2288
-2281
-2038
-1700
-1678
-1826
-1786
-1544
-1234
-1121
-922
-685
-324
-598
-312
-265
-50
80
-293
-81
137
454
620
794
973
1120
1042
803
983
1129
1133
950
896
1102
920
896
1158
1410
1550
1732
1743
1609
1513
1514
1529
1654
1864
1711
1856
1627
1540
1387
1651
2001
2086
1822
1693
1737
1735
1688
1312
1269
1186
1059
1126
890
774
509
224
-221
-377
-794
-666
-826
-1117
-1065
-1380
-1377
-1353
-1527
-2007
-2140
-2239
-2706
-2794
-2486
-2310
-1824
-1762
-1886
-1936
-1997
-1969
-2038
-1670
-1627
-1851
-1925
-2082
-1928
-1993
-1927
-1738
-1348
-1190
-1157
-1281
-1136
-819
-941
-1038
-1115
-1091
-999
-1047
-950
-864
-600
-200
-58
-212
-333
-142
-19
88
157
220
667
957
791
681
716
710
542
451
470
610
849
783
546
612
761
1048
1156
1014
692
533
763
533
531
339
244
251
31
-86
157
182
59
97
-204
12
74
122
229
82
-299
-795
-913
-1103
-812
-451
-363
-503
-818
-594
-557
-548
-393
-428
-938
-1472
-1752
-1760
-1560
-1620
-1749
-1642
-1288
-1176
-1170
-1490
-1921
-1930
-1965
-2070
-2008
-2160
-2282
-2600
-2508
-2731
-2571
-2279
-2152
-2007
-2351
-2306
-2413
-2267
-2186
-2242
-2308
-2119
-2181
-2216
-1904
-2027
-2082
-1753
-1483
-1529
-1472
-1755
-1846
-1758
-1549
-1508
-1666
-1567
-1367
-1284
-1049
-607
-625
-644
-738
-979
-483
87
201
736
921
951
745
466
512
215
186
387
788
1335
1434
1304
1041
935
1051
1329
1471
1266
906
817
780
1131
997
916
1229
1204
1277
1300
1560
1279
983
776
887
837
669
694
613
917
976
1031
675
624
550
360
132
44
0
-291
-180
-15
310
405
364
437
289
302
195
282
530
588
670
860
672
287
208
502
746
1083
994
438
105
118
440
452
232
203
-69
35
118
12
235
525
938
898
786
830
774
695
511
610
883
1005
586
158
111
29
220
137
397
405
522
584
754
906
983
996
573
464
427
257
268
623
519
341
290
344
545
699
662
751
740
692
715
616
387
19
-310
-410
-326
1
254
114
149
49
-252
-129
-57
-407
-753
-820
-871
-798
-668
-691
-740
-704
-1067
-1246
-1442
-1533
-1322
-1078
-986
-1184
-1414
-1666
-1875
-2002
-1647
-1318
-946
-1098
-1317
-1387
-1423
-1110
-835
-954
-1077
-983
-917
-710
-673
-535
-378
-626
-786
-719
-618
-572
-627
-425
-293
-171
-42
-5
-100
-108
-79
-176
176
-96
-122
24
306
384
282
584
883
660
587
1070
1124
1338
1396
1101
847
999
991
1063
983
917
871
1067
1238
1239
1544
1452
1372
1207
1285
1225
1080
1136
998
896
820
706
1021
996
890
693
559
921
825
1073
971
864
713
729
702
858
1051
809
871
997
1112
808
549
244
98
295
332
-71
-217
-117
-350
-191
-461
-143
-324
-276
-99
-194
-209
-601
-439
-438
-861
-980
-973
-674
-491
-715
-952
-1126
-1109
-1047
-1056
-1279
-1476
-1477
-1086
-983
-882
-925
-906
-1093
-1092
-930
-693
-495
-574
-476
-424
-367
-504
-490
-118
44
60
-71
-332
-269
-242
-104
-10
-297
-121
6
114
266
385
367
482
591
452
155
240
397
220
217
639
622
354
37
-81
93
89
106
121
287
280
365
670
778
879
1095
940
705
863
1074
1026
569
527
625
669
551
489
562
503
580
323
277
312
315
281
464
787
1159
1057
859
626
452
562
546
357
25
214
491
676
588
420
514
49
-231
-133
-317
-404
-579
-626
-678
-680
-642
-737
-728
-920
-1024
-905
-695
-648
-755
-807
-744
-744
-580
-573
-629
-658
-553
-254
-154
-248
-374
-793
-1142
-717
-521
-651
-1275
-1152
-607
-194
187
560
730
258
154
9
321
632
641
600
622
713
914
1194
1383
1014
790
719
757
829
633
734
601
505
625
897
910
489
481
657
632
884
1052
747
498
156
91
579
648
893
803
554
478
360
750
886
860
645
524
544
563
481
501
589
394
460
192
71
-33
34
54
-140
-236
19
25
94
-21
100
-204
-434
-199
-418
-669
-747
-844
-515
-355
-527
-190
-21
77
-158
-62
-76
-154
109
-117
-352
-509
-352
-30
133
490
639
514
325
-26
-63
56
353
704
821
710
577
232
289
825
903
1046
1198
1566
1395
1400
1543
1655
1540
1537
1477
1297
1382
1339
1412
1352
1328
1404
1381
1381
1258
1280
1506
1325
1212
1323
1870
1905
1694
1241
1061
756
611
704
817
880
874
817
797
817
688
643
671
645
418
-68
-485
-265
-103
-150
-175
-495
-513
-288
13
-42
53
70
-149
-259
-666
-560
-340
-526
-273
-392
-565
-502
-214
-339
-563
-650
-898
-994
-746
-732
-417
-457
-595
-95
-193
-38
-101
-121
-258
-467
-531
-402
-292
-211
-234
-391
-405
-521
-605
-671
-628
-796
-662
-439
-594
-824
-674
-138
49
-51
77
532
347
165
251
234
370
457
409
417
602
605
531
743
791
501
439
494
300
387
781
644
555
750
1101
1274
1238
1330
1357
1043
656
423
727
741
549
665
584
462
370
522
846
705
229
325
308
83
29
-26
24
73
376
424
518
558
206
165
200
-280
-493
-816
-920
-208
-146
-220
-331
-676
-843
-643
-712
-980
-694
-470
-303
-469
-634
-868
-725
-673
-815
-624
-401
-470
-622
-571
-656
-651
-369
-128
31
70
121
145
44
168
314
318
363
628
732
922
875
1030
1115
742
476
555
929
1009
954
762
575
671
878
1212
1212
1261
1530
1174
1111
1093
1395
1451
1424
1487
1430
1224
1288
1219
639
738
758
867
805
1031
704
516
351
-43
-77
-327
-375
-98
-80
-23
-169
-274
-504
-806
-981
-1287
-1348
-1253
-695
-258
-299
-807
-703
-606
-997
-963
-1002
-944
-1240
-1601
-1610
-1244
-996
-936
-705
-743
-673
-772
-726
-863
-778
-735
-687
-656
-979
-1008
-927
-1149
-1041
-814
-625
-218
-254
-57
183
68
198
85
-208
-127
-76
-195
-237
70
33
35
44
-41
394
251
528
603
655
508
524
573
635
712
1201
1486
1482
1649
1241
1551
1600
1757
2003
2048
1944
1830
2071
1905
1812
1733
1627
1539
1616
1615
1553
1847
1736
1553
1534
1531
1683
1676
1501
1262
1421
1483
1570
1472
1235
1242
1254
895
848
523
609
800
545
208
146
78
55
134
-75
-255
-281
-220
-177
-29
-162
63
-337
-671
-856
-861
-390
-410
-285
-599
-770
-602
-884
-1358
-1667
-1478
-1277
-1216
-1386
-1436
-1451
-1271
-1522
-1573
-1258
-1277
-1052
-974
-1184
-1446
-1378
-1148
-1403
-1529
-1425
-1185
-792
-650
-579
-750
-1003
-807
-857
-702
-183
104
-268
-768
-686
-682
-322
25
467
591
667
705
1015
977
1053
1197
1365
1276
1245
1034
949
948
1022
1336
1526
1542
1510
1582
1469
1333
1195
1433
1368
1217
837
522
843
599
525
521
471
152
0
330
360
498
372
218
337
102
-312
-95
147
87
430
231
35
150
49
384
221
87
115
25
404
-8
-282
-241
-115
-91
147
487
490
469
213
155
127
219
499
570
472
304
-31
-360
-326
-139
-180
-78
60
21
-154
118
264
26
154
235
3
-20
-215
-289
-33
-18
