SAMPLES:	15978
BITSPERSAMPLE:	16
CHANNELS:	1
SAMPLERATE:	16000
NORMALIZED:	FALSE
-810
-732
-674
-359
-399
-342
-580
-601
-882
-943
-903
-984
-624
-298
-307
-901
-1104
-974
-843
-611
-616
-637
-644
-732
-634
-389
-482
-863
-1046
-761
-332
187
485
614
687
706
781
812
933
866
883
768
991
909
795
912
714
1076
1069
1063
1225
1097
1261
1264
1389
1063
946
591
444
562
477
578
556
412
461
696
709
288
476
271
232
-88
-247
-125
21
184
-9
-75
-334
-282
-388
-491
-856
-1187
-1178
-1344
-1444
-1567
-1334
-1454
-1554
-1497
-1491
-1574
-1492
-1139
-857
-650
-815
-1034
-1297
-1244
-1249
-1156
-1140
-1304
-1293
-1103
-791
-563
-367
-630
-413
-14
-127
52
11
181
254
386
763
769
737
537
492
105
323
234
299
358
165
722
352
486
378
2
148
195
252
43
87
20
229
331
-85
-189
-305
-290
-449
-514
-252
-79
106
247
62
-140
181
200
74
114
248
292
175
41
-259
95
247
435
714
661
550
897
678
592
947
884
928
854
911
647
854
600
894
1185
1315
1274
1028
1355
1064
1073
1118
1024
1090
955
965
1046
1152
913
769
408
420
494
428
847
800
977
714
571
624
670
547
413
804
607
487
220
420
347
389
475
191
193
-74
324
211
151
310
422
388
171
240
43
152
226
322
588
398
186
-210
49
113
174
84
50
297
19
-221
-169
-159
-588
-483
-718
-886
-787
-746
-921
-1054
-987
-875
-994
-972
-946
-1079
-835
-983
-969
-981
-1291
-1450
-1482
-1475
-1458
-1520
-1676
-1624
-1645
-1619
-1338
-1146
-891
-958
-1056
-894
-980
-955
-988
-866
-923
-899
-696
-538
-336
-178
156
172
196
117
-102
-384
-287
-260
-430
-550
-694
-371
-219
142
27
54
569
522
256
217
281
160
-12
-218
-362
-316
-528
-330
-50
130
167
-106
-194
-268
-306
-509
-494
-357
-370
-282
18
-12
-143
-302
-511
-434
-455
-573
-510
-401
-625
-732
-843
-1143
-813
-837
-549
-454
-433
-304
-541
-698
-701
-434
-41
63
2
17
209
482
291
450
551
569
538
603
655
763
982
916
576
996
1128
979
1174
1408
1299
1128
912
1056
1356
1391
1308
851
876
1183
1414
1397
1402
1423
1363
1487
1654
1478
1535
1256
1149
1062
723
539
444
826
810
1045
664
561
544
480
470
422
451
261
364
396
406
294
65
189
337
307
547
325
315
230
737
1294
994
598
264
1303
1680
1776
1190
1122
1675
2118
1993
1280
1598
1867
2166
1625
1287
939
1086
1297
960
639
5
-446
-386
-78
240
-123
-1361
-1708
-1352
-1035
-1168
-1703
-2352
-2676
-2544
-2520
-2761
-3314
-3761
-3920
-3671
-3330
-3490
-4063
-4313
-2954
-2338
-3020
-4548
-3937
-1844
-949
-1385
-2602
-1633
-296
-85
-205
-73
1195
1542
1558
2007
2310
2096
1988
3139
3959
3921
2958
2788
3373
4269
4922
4171
3069
2391
3433
4197
3912
3567
2829
2730
2234
3184
3671
2436
1352
773
1638
1700
1477
894
666
1188
1386
819
-253
-131
19
199
-12
-618
-558
-609
-40
397
196
-479
-936
-900
-42
413
186
-395
-457
-396
-292
150
-289
-466
-640
-527
-581
-647
-320
-307
-211
-263
-177
-12
28
231
503
301
-31
-342
-464
-309
-219
-335
-661
-856
-1095
-828
-527
-758
-840
-1250
-1849
-1196
-347
-272
-1328
-1856
-488
856
560
-1141
-1247
-13
606
-249
-563
147
886
1525
1295
756
430
121
311
821
1091
63
-863
-934
8
756
-141
-1263
-1743
-1241
-549
-728
-1312
-1779
-2312
-2321
-1705
-1457
-2381
-2952
-3294
-2748
-2359
-2860
-3883
-4141
-3796
-3984
-4336
-5057
-5392
-5661
-5532
-5433
-6084
-6629
-5981
-4903
-4961
-6809
-7359
-5236
-3541
-4224
-5746
-4924
-2639
-2666
-4000
-3231
-650
377
-409
-821
-211
-225
-326
1062
2410
2064
948
782
2028
3146
3443
3214
2307
1222
1630
3186
3499
2482
1779
1054
1163
2113
3144
2668
1181
535
1427
1724
1051
947
655
1072
728
269
331
298
485
488
679
257
84
390
1094
1590
1392
1125
213
57
768
2219
2158
1156
819
1488
2160
2196
2113
1772
1457
1194
1730
1979
1914
2013
1574
1211
878
1338
1096
887
2656
2620
850
-1130
762
2984
3744
1712
-96
1710
3072
2700
929
1780
2949
3225
3099
2065
1478
1375
2274
2769
2502
1876
247
-288
809
2338
1981
-148
-1551
-1341
-27
581
199
-1358
-2820
-2650
-1716
-744
-1869
-3495
-4547
-4173
-3359
-3210
-4112
-5332
-4953
-4502
-5146
-6155
-6353
-6071
-6033
-5912
-6721
-7541
-7195
-6011
-4331
-4429
-6294
-8764
-7123
-3183
-1794
-3701
-5251
-2662
-974
-1212
-2132
-940
1277
1053
731
1158
2143
1873
2278
4265
5299
4448
2560
3275
5203
6337
6078
4827
3737
3458
5574
7019
6398
4227
2753
3099
3568
4396
3858
2610
1072
1496
2779
2409
1634
571
1033
1394
962
364
241
326
25
-111
-466
-1184
-1540
-951
163
234
-637
-1436
-1468
-598
540
838
-97
-921
-641
595
1133
802
671
656
344
417
732
1119
1459
1349
1182
1046
1332
1769
2220
2059
1634
1851
2331
1665
1827
2639
3062
2540
1909
2000
2027
1643
1546
1910
1509
951
654
522
514
756
351
-563
-1344
-1077
-918
-912
-1030
-1595
-2073
-2652
-2485
-2526
-2442
-2848
-3813
-4146
-4202
-3785
-3891
-4292
-4385
-4371
-4794
-5167
-4874
-4702
-4751
-5359
-5137
-5350
-5206
-5128
-5301
-5119
-4240
-3836
-4877
-6146
-5290
-2475
-1457
-3211
-5175
-3431
43
264
-2189
-1929
1192
2646
1593
1185
1943
2375
1729
3446
5340
4816
2607
2551
4866
6346
6396
5235
4352
3782
4921
5985
6265
4921
3367
3304
4063
4705
4825
3859
2215
1409
2573
3328
2142
571
657
1702
1236
-68
-469
-55
61
-56
159
-283
-722
-852
368
818
217
-388
-564
-120
92
1210
882
-359
-653
454
1401
947
168
514
1370
1987
2219
2580
2642
2517
3004
3820
4058
3583
3723
4297
4698
4222
4040
4146
4216
4794
4918
4070
3181
2904
3305
3398
3188
2529
1605
1181
1568
1957
1275
75
-563
-387
-188
214
-489
-1335
-1412
-1921
-1848
-2229
-2588
-2817
-2854
-2950
-2935
-3320
-4300
-4394
-3833
-3874
-4699
-5691
-5654
-5128
-5105
-5575
-6567
-6985
-6701
-5848
-5629
-6176
-6495
-5774
-5237
-5653
-6439
-5163
-2662
-2735
-5082
-5534
-2228
-243
-2091
-4010
-2187
912
1134
46
-28
969
1123
1168
2831
4021
3185
1759
2142
4049
5236
4707
3447
2359
2161
3740
5377
5208
3317
2355
3134
4271
4634
3864
2766
1567
1853
3140
3257
1619
132
727
1618
1153
119
92
521
581
334
554
294
-269
165
1146
1437
-61
-1085
-557
926
1343
761
245
-295
120
1506
2221
1411
611
1192
1989
2361
2148
2584
2491
2532
3220
3421
3722
3384
4080
5146
5206
4019
3356
4513
5638
5951
5109
4075
3848
4407
5313
5277
4415
3858
3819
3970
3875
3516
2974
2142
1789
1539
1369
1039
588
-18
-748
-685
-924
-1487
-2216
-2507
-2618
-2901
-3457
-4366
-4360
-4465
-4153
-4620
-5313
-5597
-5746
-5491
-5582
-5580
-6532
-7117
-7058
-6137
-5525
-5870
-5306
-4124
-4550
-5927
-5581
-3076
-1370
-2263
-3873
-2478
315
440
-1584
-1836
1411
3614
2862
1889
2567
3017
3045
4377
6406
5973
3467
2993
5151
7069
6654
4879
3748
3558
4727
6325
6797
5351
3267
2571
3519
4562
4923
4338
2338
1292
2244
3509
3084
1561
854
2031
2014
621
401
1601
2385
1270
-50
-600
-920
-678
-27
880
449
-1280
-2007
-1337
56
511
241
-811
-1254
-704
379
566
-278
-543
-205
81
-373
56
1192
2435
1691
1029
1497
2549
3318
3457
3224
2868
3447
4008
4383
4634
4959
5013
4407
4414
4842
4808
4711
4376
4812
4408
3574
3237
2668
2845
2242
1393
231
-160
-9
-120
-265
-924
-1405
-2109
-2766
-3058
-3184
-3549
-4564
-5559
-5982
-5952
-5678
-6146
-6928
-7581
-7676
-7548
-7495
-7281
-7762
-8380
-8611
-8121
-8263
-7980
-7375
-6512
-5984
-6630
-7111
-6057
-3260
-2276
-3492
-4749
-3420
-1100
-915
-1670
-1124
1109
2953
2236
1889
2134
3086
3811
4626
6035
5342
3921
3688
5743
7264
6760
4990
3889
4192
4890
6003
5883
3941
2102
2056
3612
4125
3789
2736
1318
888
1498
2077
1191
278
-103
255
197
-1056
-936
-280
-95
-880
-1761
-2105
-1872
-1215
-1118
-806
-1087
-1825
-1945
-1230
-789
-1088
-1510
-2053
-2114
-1565
-952
-24
-218
-561
-745
-320
605
1150
1375
1103
1569
1901
2439
2631
2370
2855
3689
3965
3219
3064
3856
4787
5471
5088
4587
4142
4191
4863
5135
5162
3942
2908
2862
3603
3964
3218
2350
1500
879
808
815
565
-198
-937
-810
-622
-969
-1473
-1989
-2028
-2286
-3255
-3654
-4101
-4233
-4298
-4634
-5322
-6038
-5654
-5784
-5852
-6868
-7263
-7221
-7352
-7296
-6859
-6143
-5871
-6439
-7107
-7016
-5710
-3773
-3768
-4269
-4961
-3071
-1122
-1123
-2472
-1819
957
1621
890
526
1695
2800
3408
4456
5251
5108
3578
3604
5903
7126
6393
4422
4076
4602
5317
5929
5890
5085
3343
3235
4316
4597
4115
2955
2196
1975
2347
2880
2549
1746
756
665
468
-200
-225
237
89
-1171
-1723
-1433
-802
-626
-847
-548
-889
-2029
-2171
-816
219
-276
-1300
-1608
-1178
-583
309
973
910
224
-256
651
2131
2095
1139
904
1926
2545
2398
1981
2563
3907
4611
3512
2632
2865
3287
3999
3930
3443
2417
2029
2318
3253
3416
2617
1426
704
1396
2257
1888
-185
-1655
-1676
-864
-305
-919
-2216
-3331
-3419
-3135
-2948
-3798
-4608
-4887
-4580
-4777
-5370
-5751
-5930
-5896
-5773
-6386
-7097
-6853
-6575
-5901
-5613
-6351
-7365
-7749
-6950
-6348
-6277
-6528
-6663
-5667
-5755
-6385
-6725
-4899
-2480
-2751
-3763
-3490
-513
699
-714
-1868
451
3755
3029
779
846
3285
4301
3444
4157
5359
5116
2890
2980
5059
5846
4340
2508
2982
3932
5072
5113
4594
3522
2065
2407
3669
4174
3620
2342
1745
1458
2000
2544
2462
1647
1135
1354
1107
1210
1393
1439
996
332
384
575
633
492
817
1148
586
-355
350
1629
1663
492
-239
-6
393
534
857
1442
1467
1052
344
604
1439
2591
2677
1406
1038
2180
3563
3572
2669
2809
3656
3207
2282
2301
3283
3469
2982
2460
2348
2539
2430
2449
2473
1923
646
16
188
751
456
-763
-2172
-2831
-2568
-2241
-2808
-3317
-3942
-4282
-4449
-4841
-4914
-5634
-5859
-6252
-6695
-6570
-6792
-7004
-6869
-6725
-6505
-6690
-6925
-7074
-6899
-6528
-6611
-6816
-6711
-6178
-5744
-5794
-5746
-5603
-5114
-4127
-3614
-4495
-5522
-4201
-1341
-336
-1599
-2976
-1172
1227
971
-188
804
3322
4173
3202
2777
3756
4945
4801
4652
5507
5483
4543
4013
5329
6697
6595
5145
4100
4397
5254
6251
5604
3809
2796
3164
4179
4135
3429
2516
1807
1726
2210
2542
1726
556
321
1210
1190
-103
-646
-88
566
175
-373
-456
-564
-692
-606
377
521
41
-409
9
674
398
-21
-475
-423
50
425
619
702
653
588
849
1406
1784
1916
1345
1390
2031
3194
3239
2462
2318
2957
4199
4689
4226
3922
3833
3915
3716
3396
3178
2975
2550
2083
2384
1958
1417
593
447
889
291
-1005
-2631
-3010
-2551
-2729
-3154
-4001
-4596
-5233
-5593
-5348
-5648
-6270
-7002
-7180
-7242
-7310
-7628
-7967
-7958
-8312
-8384
-8442
-8646
-9271
-9048
-8574
-8549
-8623
-8735
-8542
-8408
-8489
-8279
-7800
-7061
-6678
-7053
-7168
-6495
-4127
-3382
-3961
-4845
-3583
-1326
-1721
-2844
-2443
357
2104
1166
160
-66
982
2031
3336
4133
2938
1409
883
3688
5450
5151
3309
1907
2572
3825
5236
4844
3269
1800
1736
3111
4124
3963
2759
1987
2216
2624
2786
2252
1761
1841
1868
1093
447
486
967
1522
1198
799
538
704
1422
2295
2756
2223
1202
584
1236
2654
3007
2725
1596
1307
1833
2684
3096
2900
2991
2328
2004
2134
3079
3808
3555
3725
3453
4214
5090
4858
4775
5145
5761
5371
5041
4937
5242
5535
5099
4612
4232
4668
4643
4297
3503
2578
2133
1504
1335
770
237
-187
-805
-1307
-1556
-1861
-2428
-2716
-2895
-3123
-3641
-4340
-4664
-4716
-4798
-5177
-5752
-6216
-6581
-6338
-6243
-6304
-6396
-6407
-6437
-6955
-6980
-6974
-7008
-6492
-5882
-6460
-7642
-8162
-7601
-6692
-6536
-6885
-6796
-6537
-7306
-7749
-6647
-4333
-3595
-4758
-6056
-4333
-1838
-1712
-3166
-3298
-1336
137
-669
-1266
-713
14
558
1392
2532
2197
1131
850
2718
4330
3955
2492
1746
2280
2927
3646
3236
2330
1572
2379
3758
3971
3587
2314
1787
1980
2691
3279
2549
1426
791
1685
2391
1534
527
546
1239
1339
1029
628
44
140
1008
1458
555
-1026
-1024
154
1290
981
-57
-495
-568
-90
927
1232
630
187
42
370
1229
2132
2257
1344
1358
1982
3171
3626
2937
2926
3585
4293
4076
3869
4393
4731
4658
4103
3789
3834
3680
3567
3384
3308
2430
1359
1064
1482
1882
1096
-377
-1407
-1427
-853
-597
-1145
-2772
-3627
-3829
-3491
-3146
-3357
-4145
-5284
-5496
-4985
-4409
-4897
-5463
-5545
-5194
-5603
-6340
-5902
-4750
-4646
-5118
-6050
-6152
-5499
-5197
-5114
-5149
-5576
-6599
-7076
-5849
-3686
-3909
-5075
-6627
-6261
-4986
-3952
-3210
-3672
-3984
-4260
-2376
-993
-2015
-3253
-3029
-221
1270
160
-948
-940
1365
2547
3406
2690
1360
1091
1897
4134
4135
3080
1291
1097
2551
4645
5517
3569
1514
1225
3307
4470
3537
2329
1548
1829
2082
2480
2620
2101
1349
1262
1744
1706
1219
540
1094
1469
930
174
-314
-197
519
1466
1350
673
11
84
1160
1554
1179
627
91
226
964
1581
2141
1257
938
1406
2311
2967
2828
2607
2479
3098
3625
3865
3623
3469
3921
4248
4409
3995
3834
4329
4940
4886
4083
3299
2698
3261
3612
3358
2449
1616
1374
1630
1827
1257
525
-172
-231
-1
135
-464
-1210
-1534
-1642
-1227
-1359
-2101
-2673
-3137
-2819
-3070
-3425
-3883
-4024
-3564
-3685
-3732
-3805
-3325
-3015
-2907
-2927
-3556
-4092
-4255
-3602
-3251
-3773
-4662
-5514
-5389
-5256
-4856
-4324
-4309
-4532
-5389
-6074
-5869
-4203
-3186
-4072
-5208
-5029
-3406
-2578
-3568
-4279
-2515
164
550
-494
-925
-466
204
948
2141
2268
1126
185
1318
3273
4170
3284
1548
1504
2531
4369
4791
3209
2056
1789
2963
3700
3740
3220
1855
1671
2421
3247
3066
2679
2043
2022
1724
1059
854
691
1346
1332
1084
600
141
460
906
1224
280
-682
-822
-438
431
911
984
-69
-887
-799
203
1292
1240
503
95
585
1170
1626
1874
1364
1131
1317
2024
2638
2380
2661
2970
3144
2584
1973
1900
2302
2746
2321
1794
994
861
1408
1629
1530
264
-825
-790
-68
379
349
-707
-1887
-1320
-789
-347
-793
-1904
-2717
-2637
-2401
-2583
-2405
-2331
-2447
-2655
-2798
-3164
-3136
-2675
-2186
-2013
-2927
-3738
-3535
-2568
-1943
-2491
-3414
-4314
-4060
-3282
-3191
-3485
-4323
-5205
-5011
-4725
-4349
-4331
-3897
-3926
-4950
-5628
-4905
-2710
-2034
-2897
-4074
-2870
-696
-484
-1156
-1016
758
1903
1467
1056
1334
2172
2881
3628
4194
3979
3319
3568
5254
6473
6625
5185
3922
4312
5918
7289
6695
4871
3517
3488
4479
5242
5345
3985
2810
2505
2701
3543
2939
2109
1274
1277
1514
1077
1061
866
1224
1148
598
-62
-555
201
873
901
-36
-808
-945
55
873
863
311
-459
-421
408
1190
1313
1031
838
1348
1506
1865
2237
2244
2231
2080
2069
2074
1923
1826
2262
2715
2728
2249
2414
2941
3358
3448
2839
2407
2358
2355
2089
1729
1798
1661
1200
577
659
1418
1459
649
-260
-72
462
924
408
-161
-511
-868
-984
-1391
-1104
-1149
-1809
-2282
-2426
-2246
-2259
-2407
-2260
-2176
-2333
-2579
-3001
-2565
-2340
-2821
-3864
-4613
-4349
-3561
-3775
-4211
-4416
-4903
-5214
-5077
-4938
-4644
-4627
-4852
-4838
-5339
-5417
-4740
-3553
-3309
-4184
-4471
-2913
-1782
-2315
-3011
-1993
326
766
-369
-910
-710
485
1368
2650
3184
2352
1268
1636
3863
5030
4697
3202
2703
3554
4920
5973
5377
4279
3663
3842
4430
5044
5069
3581
2534
2422
3527
3878
2761
1711
1247
2152
2057
1404
1306
1483
2237
1939
1273
772
601
886
1388
1247
467
-76
-313
488
1310
1251
558
-757
-806
-692
36
99
-201
-695
-909
-288
624
1465
1378
880
339
513
1168
1634
1454
1627
1884
1819
1633
2057
1924
2643
2736
2551
2270
2269
2861
3299
3727
2781
2028
1564
1796
2268
2524
2495
1653
1153
719
998
1688
889
12
-621
-591
-177
311
302
-222
-964
-1210
-1136
-1014
-894
-1209
-1842
-2424
-2525
-2078
-2169
-2455
-2668
-3110
-3100
-3102
-2816
-2728
-3384
-4034
-4479
-4874
-4691
-5186
-5502
-5855
-6191
-5618
-4872
-5160
-6522
-7475
-5866
-3831
-3771
-5188
-5721
-3574
-2362
-2980
-3817
-2012
372
883
54
-135
858
1801
2651
3793
3900
3589
2885
3487
5688
6308
6039
4503
4274
5081
6843
7831
6530
5140
4280
5295
6414
6796
6187
4783
4088
4470
5563
5001
3798
3102
3515
3916
3154
2757
2606
2707
2704
1985
1644
871
778
1454
1993
1435
348
-368
-285
698
960
466
-699
-1381
-1314
-29
539
309
-815
-1358
-1040
102
624
639
242
-62
853
1308
1439
1382
1736
1937
1901
1799
1801
1734
2268
2380
2400
2061
1844
1829
2169
2593
2341
1956
1428
1619
1988
2226
1940
1459
684
314
173
832
851
63
-426
-419
402
734
209
-653
-979
-902
-860
-794
-1359
-1844
-1767
-1813
-2141
-2663
-2916
-2877
-2519
-2639
-3052
-3198
-3267
-3426
-3713
-3817
-4177
-4572
-5156
-5423
-5972
-6131
-6392
-6633
-6250
-6031
-5409
-6105
-7108
-7406
-5976
-4132
-4439
-5616
-5948
-4177
-3079
-3679
-4057
-3072
-835
17
234
95
53
808
1536
3492
3951
2876
2207
2946
4916
5638
5305
3841
3378
4412
5882
6724
6176
4841
3830
4398
5630
6234
5607
4131
3384
3775
4479
4250
2834
2318
2304
3345
3080
2079
1450
1613
2230
2252
1433
12
-514
-425
248
315
-461
-1471
-1812
-1119
-330
-375
-868
-1389
-978
-405
111
2
-391
-614
-392
548
1224
1452
1012
1192
1654
2417
2588
2325
2462
2733
3256
3100
2855
2940
3274
3653
3692
3584
3176
3172
3416
3508
3437
2729
1924
1606
1604
1681
1648
1220
164
-510
-809
-321
124
-114
-1072
-2419
-2478
-1826
-1571
-2034
-2977
-3553
-3782
-3513
-3450
-3770
-4114
-4232
-4164
-3840
-3530
-3789
-4318
-4292
-4325
-4753
-4919
-4868
-4807
-4709
-4948
-5409
-5760
-5544
-5008
-5413
-6411
-7117
-5743
-4732
-4297
-4902
-5879
-5589
-5336
-3848
-3786
-3223
-3081
-2932
-2237
-2750
-2681
-1864
621
2449
1873
420
-582
1058
3010
4537
4629
2646
1989
2337
5270
6900
6203
4656
3204
4009
5983
7833
7081
4932
3515
3813
5405
5705
5126
3469
2356
2707
3315
3651
2722
2385
2037
1910
1300
159
-122
39
637
392
-720
-1865
-2067
-1022
-534
-578
-1688
-2879
-2883
-2313
-1134
-1135
-2040
-3324
-3416
-2277
-1672
-1230
-2162
-2666
-2595
-1876
-1397
-1128
-261
-427
97
154
458
1143
1741
1829
1501
1793
1841
2120
2004
1944
2037
1815
1865
1610
2033
2212
1925
1447
856
1158
840
652
-20
-52
33
-381
-453
-836
-1004
-828
-1098
-1481
-2138
-2894
-3137
-2995
-2772
-3004
-3221
-3693
-4087
-4287
-3995
-3817
-3942
-4186
-4642
-4396
-4191
-4557
-4966
-4829
-5016
-5350
-5530
-5860
-6069
-6038
-6275
-6315
-6663
-6958
-6906
-6706
-6231
-6377
-6365
-6791
-6294
-5943
-6350
-6728
-6141
-4145
-3666
-4163
-5006
-3407
-1296
-1284
-1718
-1406
1000
2559
2298
1853
1773
2194
2953
4534
5853
5730
4377
3920
5726
7091
7315
5452
4133
4616
6005
7468
7060
5476
4202
4479
5475
6200
6304
4641
3236
3193
4040
4590
3502
2349
1476
1843
2317
1992
1561
1012
1192
909
691
221
-279
-436
-446
-394
-921
-1646
-2124
-1455
-383
-448
-1388
-2361
-2456
-1420
-662
-669
-431
-517
-824
-754
-28
845
1004
-41
-754
198
1849
2324
1536
872
1271
1800
2217
2531
2307
2145
1718
1894
2017
2481
2260
1679
1528
1369
1298
673
656
633
608
151
-815
-1152
-854
-477
-496
-1471
-2203
-2935
-3232
-3002
-2969
-3637
-4271
-4631
-4526
-4069
-4614
-5407
-5842
-5649
-5337
-5363
-5823
-6247
-6069
-6259
-6412
-6446
-6150
-5825
-5826
-5803
-6076
-5911
-5848
-5926
-6136
-6413
-6630
-6722
-6410
-6365
-6143
-6168
-5796
-5956
-6168
-6259
-5130
-3493
-3631
-4557
-5079
-3370
-1856
-1927
-2314
-1733
432
1309
1274
1070
859
1681
2852
4439
4378
3830
3226
3778
5529
6442
6590
5102
4202
4660
6025
6822
5996
4890
4410
4792
5685
5922
5269
3874
3496
3783
4568
4169
2734
2290
2264
2658
2138
1287
1097
1271
1452
1386
1121
424
-309
-634
99
614
-178
-1576
-2078
-1149
-386
-514
-1339
-2024
-1577
-843
-383
-599
-1031
-690
-723
-564
-648
-192
392
331
665
957
1965
2238
1727
920
1280
2215
2312
2206
2115
1936
1898
1800
1772
2163
2029
1868
1333
972
959
667
289
-302
-755
-1348
-1375
-944
-619
-1119
-2218
-2827
-2667
-2503
-2795
-3932
-4606
-4621
-4515
-4277
-4259
-4584
-4820
-4991
-4632
-3842
-3900
-4104
-4460
-4265
-4260
-4377
-4808
-4486
-4012
-4122
-4330
-4904
-4813
-4873
-5101
-5193
-5293
-5277
-5787
-6339
-6373
-5718
-5343
-5416
-5677
-6431
-6370
-5469
-3423
-3388
-3938
-4563
-3316
-1166
-889
-1508
-1487
507
1986
1979
1722
1776
2607
3159
4543
5773
5798
5203
4394
5630
7161
7768
6688
5600
5697
6911
8045
7459
6385
5829
5596
6116
6504
6401
5563
4457
4507
5122
5506
4199
3027
2784
3321
3725
2765
1760
1452
2001
2489
2035
1188
233
100
536
907
763
277
-101
-154
647
864
570
-74
-665
-399
303
293
-543
-587
255
1536
1345
348
112
1006
2288
3005
2360
1628
1806
2388
2146
2127
2410
2379
2321
2253
2322
1743
1396
1348
1770
1605
1237
424
-74
353
510
305
-383
-1270
-2077
-1919
-1374
-1093
-1767
-3386
-3845
-3366
-2287
-2162
-3066
-3806
-3608
-2921
-3051
-3476
-3834
-3961
-3585
-3408
-3970
-3922
-3478
-3203
-3392
-3551
-3726
-3862
-3611
-3475
-3532
-4198
-4654
-4942
-4383
-3814
-4551
-5333
-5911
-5991
-5729
-5028
-4391
-4014
-4368
-5229
-5236
-4480
-2842
-2060
-2918
-3867
-3220
-1195
-113
-317
-873
292
1866
2729
2852
2942
3474
4102
4831
5808
6428
6358
5633
6142
7312
7674
7589
6771
6622
7245
7819
7814
7023
6213
5813
6360
6418
6343
5872
4960
4447
4530
5264
4711
3847
3174
3255
3401
3095
2547
1707
1676
1601
1548
1353
793
551
480
850
933
216
-178
66
431
866
500
-252
-695
-276
231
498
317
119
355
371
1087
2045
2841
2815
1990
1626
2480
4058
4195
3384
2643
3378
4420
4103
2985
2553
3235
3563
3435
2883
1956
1479
1614
2588
2564
1609
22
-623
147
824
665
-1199
-1957
-1686
-536
26
-525
-1515
-2575
-2442
-2031
-1616
-2105
-2985
-3565
-3744
-2874
-2644
-2650
-3411
-4074
-3366
-2507
-2291
-2940
-3018
-3116
-2853
-2750
-2745
-2821
-3239
-3046
-3069
-2808
-2920
-3501
-3686
-3539
-3315
-3489
-3974
-4306
-4315
-3822
-3381
-2585
-2978
-4044
-4203
-2568
-1088
-1366
-1965
-2084
-544
537
446
-208
548
2383
3045
3048
2975
2881
3318
4280
5931
6251
5671
4860
4877
6319
7508
7331
5837
5055
5655
6961
7334
6415
5378
4494
5014
5757
6032
5324
3333
2543
3330
4413
4264
3034
1953
2155
2585
2723
2436
2107
1966
1495
1249
807
189
177
589
820
806
420
-156
-428
353
568
567
42
-764
173
1167
1525
1153
982
928
1062
1694
2311
2535
2100
1498
2063
2925
3053
2523
2116
2215
2393
1796
1523
1843
2572
2925
2565
1877
1628
1516
1649
1754
1539
1284
228
-192
-308
644
347
-917
-2108
-1926
-1205
-957
-897
-2176
-2834
-2463
-1920
-1819
-2275
-2891
-3397
-3182
-2907
-2738
-2866
-3182
-2720
-2585
-2460
-2631
-2614
-2373
-1945
-1706
-1995
-2273
-2686
-2635
-2541
-2471
-2751
-2902
-2969
-3047
-2974
-3185
-3533
-4088
-4114
-3547
-3879
-3807
-3574
-2909
-3254
-4377
-4941
-3814
-1975
-1869
-2814
-3196
-1423
302
-32
-704
-203
1389
2306
1862
1983
2082
2458
3073
4920
5973
5235
4057
3616
5553
7172
7468
5552
3966
4637
6450
7492
6478
4929
4097
4637
6012
6349
5228
3292
2360
2860
4013
4105
3064
2020
1578
2064
2195
1750
1188
982
916
1016
723
357
-63
-195
-21
-278
-1257
-1760
-1696
-1112
-122
53
-560
-1470
-1028
-176
488
265
-282
-492
-352
250
336
212
-19
431
544
423
612
685
1379
1526
950
538
799
1386
1137
913
889
908
650
406
588
715
604
-106
-237
-274
-324
-650
-992
-630
-558
-681
-986
-718
-703
-837
-1007
-1437
-1363
-1467
-1020
-738
-611
-180
-303
-752
-674
7
540
650
330
-6
244
39
236
569
115
-288
-910
-803
-605
-682
-1119
-2035
-2197
-2295
-2017
-2265
-2801
-3031
-3528
-3922
-4274
-3974
-4103
-3952
-4471
-5807
-6230
-4831
-2967
-3171
-4143
-4536
-3037
-1744
-2122
-2739
-2164
-31
654
61
-251
-284
502
1248
3084
4016
3310
2264
2299
4526
5993
6097
4590
3197
3646
5008
6071
5159
3629
2755
3026
3995
4543
4382
2743
1829
2452
3469
3700
2711
1995
1650
1680
1739
1282
791
57
-23
-94
-111
-539
-1363
-1462
-1124
-887
-1387
-1860
-2014
-1756
-1033
-862
-1295
-1682
-1952
-1791
-1449
-1008
-960
-1544
-1881
-1443
-467
-271
-859
-1317
-626
-15
130
50
28
563
1048
674
-219
-13
668
1123
682
482
558
472
668
778
317
-466
-818
-913
-399
206
19
-872
-1757
-1556
-914
-428
-1164
-1738
-2146
-2255
-1778
-1821
-2060
-2572
-2374
-2126
-2261
-2249
-2441
-2053
-1728
-1539
-1622
-2015
-2170
-1533
-1049
-1206
-1355
-2084
-2126
-1930
-1691
-2193
-2680
-3104
-3057
-2437
-2845
-3510
-4576
-4693
-4595
-4079
-4140
-4704
-4475
-3911
-3443
-4289
-5360
-4855
-3104
-2290
-3150
-3950
-3171
-1597
-1343
-1884
-1124
672
1976
1576
1454
1834
2510
2929
3746
5255
5191
4181
3439
4786
6660
7450
6356
4390
4357
5595
6949
6932
5345
3721
3195
3931
4650
5133
3925
2413
2200
3205
4018
3491
2469
1523
1598
1668
1244
1120
502
554
617
526
232
-355
-332
-337
77
-323
-1175
-1740
-1799
-1171
-791
-646
-1345
-1657
-1290
-931
-501
-851
-1235
-1402
-1403
-706
-73
40
-490
-585
401
890
483
-326
-214
517
980
373
-734
-294
766
1048
443
380
28
61
500
420
-96
-1062
-1430
-1155
-414
49
-912
-1871
-2182
-1379
-850
-1319
-2147
-2453
-2451
-2006
-1483
-1986
-2713
-3132
-2868
-2160
-1806
-2205
-2482
-2435
-1835
-1412
-1405
-1916
-2119
-2140
-2333
-2315
-2527
-2799
-3200
-3462
-3128
-3107
-3661
-4525
-4440
-4143
-4325
-4779
-5474
-5239
-4782
-4973
-5185
-5141
-4461
-3992
-4789
-5531
-5595
-4235
-3401
-3921
-4791
-4332
-2062
-1164
-1712
-1948
-464
1528
1505
1045
691
1069
1646
2265
3512
3642
3006
1926
2969
4875
5646
4896
3031
2650
3382
4739
5127
3977
2943
2644
3266
3876
4419
3810
2510
1645
1822
2912
2496
1559
1009
1046
1139
972
681
-82
-81
-358
-513
-592
-1525
-1885
-1670
-926
-1507
-2361
-2645
-2205
-1336
-1210
-1525
-2209
-2380
-2293
-1762
-1312
-1408
-1320
-1796
-1489
-1022
-309
-254
-908
-1295
-1440
-599
-432
-603
-974
-359
240
-162
-627
-396
92
-12
-268
-401
-424
-544
-843
-520
-383
-234
-778
-1605
-1046
-578
-536
-1418
-2132
-2492
-2317
-2118
-2242
-2665
-2847
-2772
-3105
-2795
-2653
-2894
-3412
-3236
-2844
-3039
-3088
-2919
-2342
-2427
-2679
-2944
-2568
-2051
-1799
-1958
-2237
-2321
-2697
-2739
-2337
-1905
-2256
-2646
-2698
-2543
-2404
-2871
-3529
-4290
-4419
-4720
-5394
-5044
-4814
-3998
-4215
-4966
-5523
-4795
-2373
-2124
-2986
-3845
-2627
-1131
-879
-1412
-1050
878
1994
1704
1596
1965
2245
2687
4082
5466
5081
4226
3860
5043
6403
6602
5712
4208
4041
4683
5976
5895
4724
3289
2912
3626
3981
4100
2617
1162
605
1646
2175
1094
87
-460
-23
-258
-698
-933
-1221
-933
-1038
-625
-879
-1650
-1938
-1814
-1105
-1523
-1780
-2012
-1952
-1681
-1054
-871
-1610
-1478
-943
-362
-259
-256
-600
-729
-79
762
804
340
321
951
1327
1343
1058
1597
2786
3145
2051
1390
2311
2976
2946
1977
1540
1252
1153
1418
1376
1024
119
-544
-557
329
566
-268
-1322
-1644
-1149
-876
-1211
-2009
-2493
-2229
-2000
-1579
-1726
-1890
-1966
-1643
-982
-1229
-1723
-2022
-1484
-844
-863
-1611
-2166
-1665
-688
-136
-204
-1329
-2027
-1880
-1428
-1218
-1896
-2908
-3342
-3270
-2830
-2724
-3817
-4992
-5149
-4582
-4312
-4117
-4299
-4097
-3701
-4161
-4794
-4496
-2876
-1906
-2343
-2909
-2552
-545
600
38
-290
676
2302
2853
2696
2697
2673
3241
4015
5697
6233
5673
4153
4135
5999
7117
6982
4805
3747
3803
5067
5816
4982
3677
2371
2546
3001
3334
2808
1429
740
728
1469
1033
249
-464
-896
-465
-833
-1331
-1593
-1709
-1954
-2123
-2149
-2728
-3074
-2835
-1918
-1999
-2677
-3262
-3414
-2530
-2016
-2042
-2566
-2939
-2400
-1756
-754
-607
-640
-808
-880
-372
-14
335
248
493
401
332
772
1137
1632
1754
1225
952
974
1032
1153
1598
1678
1047
709
337
184
311
568
398
-357
-384
-69
603
595
52
-779
-1170
-897
-336
-56
-870
-794
-950
-767
-741
-634
-699
-1011
-1047
-1522
-1240
-1231
-1092
-1264
-1340
-1642
-1440
-1079
-1117
-1143
-1450
-1814
-2487
-2714
-2422
-2479
-2638
-3293
-3711
-4037
-3881
-3575
-4094
-4437
-4634
-4335
-4388
-3975
-3304
-2739
-3373
-4949
-4820
-2533
-825
-1919
-3501
-3334
-783
528
-306
-1130
-129
2249
3539
3477
3243
3172
3484
4136
5562
6161
5012
3649
4200
6239
7605
7318
5621
4622
4856
6137
6843
6094
4314
2944
3003
4024
4879
4399
2621
1234
1665
3071
3022
1653
800
943
1445
1447
876
369
-120
-27
-3
-15
-391
-1131
-1297
-894
-111
-415
-1092
-1304
-348
806
754
216
-543
95
795
934
660
405
550
613
750
1244
2142
1723
994
1057
1530
1888
1894
2201
2297
2812
2812
1942
1899
2490
2768
2218
2225
2084
1974
1990
2137
2100
2297
1841
1202
981
1674
2193
1557
824
680
1089
1297
905
89
-69
-40
20
-328
-261
-354
-146
-170
-398
-131
-141
56
-86
-520
-237
-249
105
21
229
423
69
-446
-861
-880
-841
-744
-1272
-1696
-2059
-2118
-1899
-1945
-2683
-3375
-3814
-3627
-3228
-2573
-2222
-3154
-5037
-5094
-2793
-757
-1315
-3014
-2884
-545
491
-369
-974
597
2463
2293
1812
1805
2567
2930
3880
4992
4757
4166
3313
4102
6085
6920
6254
4355
3336
4217
5757
6291
5198
3196
2334
3217
4676
5698
4970
2621
1347
2052
3322
3024
1445
83
-228
151
55
-236
-634
-943
-1015
-812
-925
-813
-589
-744
-363
-420
-605
-1137
-1301
-368
583
707
-307
-740
-383
762
1501
703
283
188
1038
1646
2073
2148
1926
2184
2115
2524
2819
2957
2186
2425
2954
3250
3175
2272
1630
2079
2941
3037
2171
2130
2133
1833
1602
1493
1328
863
827
837
1248
792
127
-241
-35
563
449
-120
-494
-224
431
324
289
123
505
859
843
958
742
827
920
1502
1927
1777
1012
410
868
1546
1943
1727
1244
673
547
552
318
27
-497
-827
-1273
-1202
-1030
-1453
-2211
-2637
-3240
-3397
-3209
-2534
-2512
-4083
-5253
-4393
-1984
-1506
-3081
-4488
-3200
-1133
-1063
-2149
-1738
275
1706
1443
1228
1502
2120
2138
3150
4167
3621
2686
2020
3750
5466
6215
4626
2663
2618
3958
5488
5176
3705
2110
1722
3156
4447
4265
2138
312
-123
1107
1898
1115
128
-939
-769
-493
-434
-943
-1602
-1761
-1886
-1430
-1055
-1959
-2475
-2287
-1917
-1864
-2438
-3180
-3299
-2066
-1008
-1179
-1925
-2121
-1229
-488
-541
-776
-783
-1123
-940
-603
-318
-318
-106
623
888
912
1054
1541
1839
2204
1320
550
783
1553
1936
1622
1448
1485
1650
2186
2111
1626
641
541
899
942
736
-101
-394
-672
-92
-142
-447
-672
-1129
-781
-388
-228
-517
-942
-1005
-755
116
113
-366
-921
-776
310
812
439
-250
-538
117
911
948
713
179
129
311
583
379
-210
-647
-941
-714
-532
-1114
-1715
-2168
-2037
-1995
-2307
-2876
-3320
-2506
-1649
-1679
-3541
-4548
-3607
-1180
49
-1639
-2877
-2121
-143
752
-154
-322
960
2434
2881
2877
2606
2308
2426
3813
5933
5562
3655
2736
4142
6186
6778
5547
3676
3332
4360
5850
6590
5073
3115
2165
3067
4799
4974
3704
1588
1409
2576
3701
2725
1068
493
752
1246
945
419
-615
-883
-435
148
465
-425
-1222
-1000
-26
356
-347
-1294
-1656
-781
60
1
-406
-695
-547
27
1014
1468
990
458
222
891
1217
1372
1024
553
827
619
1021
1646
2157
1599
670
970
1765
1963
1324
1017
1221
1465
1371
1208
561
-53
72
309
520
429
-278
-762
-578
-331
-300
-880
-1467
-1602
-1531
-1408
-1463
-1721
-2034
-1911
-1860
-859
-347
-777
-1578
-1817
-1189
-586
-750
-1545
-1827
-1797
-1068
-848
-874
-1336
-1722
-1809
-1818
-1545
-1782
-2276
-3098
-3236
-3016
-2910
-3467
-3832
-3999
-4128
-4363
-5004
-5256
-5103
-4674
-3940
-3901
-4752
-5639
-5121
-3373
-2655
-3348
-4360
-3396
-1757
-1297
-1841
-2060
-568
552
803
655
469
854
1134
2586
3543
3407
2768
2170
3353
4787
5358
3917
2076
1590
2713
4216
4115
2815
1132
692
1588
2621
2811
1197
-625
-1106
106
1178
538
-363
-1528
-1550
-1288
-1014
-1327
-1694
-1802
-2073
-1877
-2337
-2713
-2895
-2616
-1945
-2096
-2277
-2937
-2952
-2221
-1328
-1240
-2203
-2465
-1937
-1482
-1032
-1128
-1378
-1552
-1282
-806
-81
-74
69
284
-510
-959
-450
1195
2092
1353
286
292
1621
2228
1112
277
340
693
1030
1254
855
234
-561
24
967
1235
627
-646
-449
152
570
-80
-1427
-1900
-1392
-599
-315
-484
-1491
-1991
-1243
-532
-262
-1148
-2140
-2244
-958
-244
-560
-1160
-2038
-1434
-329
214
-347
-1332
-1543
-1583
-1186
-1639
-2321
-2902
-3020
-2529
-2577
-2725
-3272
-3703
-3704
-3592
-3762
-4804
-5065
-5001
-4327
-3402
-3536
-4502
-5005
-3351
-2169
-2591
-3960
-3872
-1932
-848
-1244
-1307
81
1511
1167
693
1007
1828
2144
2873
4228
4125
3257
1880
2635
4582
5809
4692
2613
1869
2563
4082
4514
3599
1894
841
1617
2718
3666
2918
976
147
1009
2654
2487
1084
-79
-139
50
-83
-514
-920
-817
-1036
-1617
-1720
-1769
-1825
-1969
-1304
-1379
-2084
-2533
-2501
-2001
-1360
-1488
-2804
-3139
-2717
-1248
-672
-1340
-2086
-2443
-2196
-1328
-855
-248
103
-796
-1489
-1235
218
967
876
-513
-1112
402
1043
480
-208
227
767
714
1125
1073
1164
841
741
925
1286
957
-368
-541
205
1009
534
-808
-1379
-1043
-88
189
-66
-1164
-1873
-1523
-1007
-291
-917
-2035
-2829
-1862
-745
-624
-1384
-2574
-2675
-1972
-1480
-2006
-2406
-2542
-2535
-2514
-2662
-2958
-3323
-3411
-3163
-3016
-3312
-4099
-4504
-4354
-4145
-4418
-5292
-5703
-5767
-5195
-4610
-4097
-5231
-6577
-6342
-4365
-2730
-3365
-4552
-4752
-2744
-1569
-2375
-3120
-1860
645
1372
694
-362
-280
374
1411
3135
3151
2002
385
1361
3576
5197
4399
1701
669
1731
4033
5009
3399
1322
603
1979
3940
4434
3024
696
249
642
1923
1652
203
-600
-467
413
504
-149
-823
-771
-481
-46
-427
-1262
-1463
-1161
-805
-888
-1678
-2112
-2391
-1162
-283
-669
-1473
-2279
-1809
-1056
-302
-768
-1353
-1849
-1391
-634
54
1120
520
-598
-1022
283
1670
2385
1399
98
370
1090
1297
317
151
483
813
1091
631
556
317
547
580
553
671
-76
-548
-264
810
678
-330
-1247
-1420
-580
-109
122
-943
-1658
-1366
-971
-502
-475
-979
-2324
-2421
-1611
-593
-325
-1437
-2500
-2369
-1630
-1190
-1457
-2090
-2423
-2248
-1980
-1901
-2190
-2485
-2656
-2768
-2399
-2740
-3072
-3540
-3647
-3826
-3893
-4198
-4417
-4443
-4279
-3719
-3216
-3824
-5056
-4515
-2439
-838
-1739
-3130
-2743
-311
646
-109
-785
378
2426
2909
3078
2586
2765
2964
3977
5630
5806
4532
2897
4214
5991
6900
6004
4026
3368
4377
6546
6697
5262
2777
2218
3405
4428
4710
2963
1497
704
2010
3147
2913
1931
568
598
678
889
508
25
-112
-310
-321
-807
-1359
-1429
-620
-222
-643
-1510
-1824
-1594
-774
-502
-1325
-2155
-2293
-1627
-848
-285
-498
-795
-1010
-755
89
310
782
699
-42
-776
-662
569
1415
1157
-89
-421
628
1455
1232
779
621
901
1172
1359
1471
1696
967
418
418
834
895
99
-434
-43
669
743
166
-975
-887
-359
206
246
-454
-1168
-1447
-751
52
61
-906
-1853
-1581
-708
149
-155
-1138
-1715
-1392
-285
-40
-638
-1733
-2032
-1304
-881
-820
-1626
-2577
-2277
-2038
-1709
-2060
-2871
-3874
-4481
-4080
-3835
-4189
-4825
-4952
-3931
-3260
-4280
-5646
-5260
-3084
-2180
-2934
-4143
-3204
-1463
-1169
-1838
-1126
927
2151
1955
1462
1576
1617
1882
3071
4792
4872
3339
2780
4496
7039
7780
6285
4268
3753
5027
6593
6971
5648
3497
2922
4278
5424
5407
3818
2158
1924
3219
4108
3324
2226
1380
1405
1580
1320
650
240
337
319
334
0
-601
-495
76
1020
826
-65
-922
-289
1179
1830
1472
259
46
483
1561
2126
1744
1121
572
949
1682
2756
3053
2156
2325
2188
2054
1831
2850
3703
3472
2474
1672
3070
4051
3577
2223
2051
3031
3574
3855
3232
2315
1683
1589
2539
2944
2865
1449
594
1293
2631
2938
1565
425
187
936
1432
1429
447
-404
-7
1129
1745
1441
346
-656
-9
1387
1708
1133
-300
-971
-291
824
1048
237
-587
-980
-401
76
-250
-1042
-2011
-1863
-1760
-1755
-2689
-3766
-4528
-4332
-3752
-4288
-5123
-5369
-4036
-3797
-4415
-5355
-4485
-2419
-2128
-2648
-2925
-1443
-292
-1083
-1827
-792
1613
2475
1650
1473
2057
2931
3415
4832
6214
5983
4372
3453
5105
6942
7497
5701
4148
3919
5422
7208
6822
5003
3169
2809
3850
5242
5178
3364
1850
875
1978
2474
1737
783
19
609
756
673
-357
-603
-482
-535
-723
-1174
-1793
-1942
-1160
-506
-797
-1824
-2348
-1648
-443
189
-590
-1826
-2270
-1711
-562
-230
-759
-1584
-1785
-1249
-544
611
652
-94
-394
6
829
1215
1947
1779
1963
1907
1508
2047
2378
2264
1934
1978
1839
1798
2043
1845
1502
625
550
1236
1651
1983
1392
811
187
865
1605
1674
1619
1129
941
974
1526
1228
905
927
1070
1591
1572
1400
604
420
1087
1767
1964
1180
776
947
1646
1576
1325
926
518
618
167
-399
-921
-1043
-1193
-1752
-1710
-2080
-2077
-2607
-2813
-2833
-3070
-3719
-4191
-3910
-3316
-3109
-4240
-4966
-4701
-3236
-2229
-2361
-2707
-2142
-435
126
-676
-492
949
3001
2785
2096
1553
1652
3096
4829
6284
5786
4059
2456
4227
6884
7824
6219
3857
3352
4625
6620
6991
5464
3659
2917
3444
4384
4921
3992
1796
700
1714
2919
2646
1794
673
648
618
554
-141
-685
-824
-934
-1076
-1432
-2007
-1723
-769
-184
-654
-1356
-1747
-1560
-572
-10
-12
-829
-1238
-1009
323
1132
953
442
-213
-355
452
1036
1042
136
-511
186
945
1135
343
436
515
1032
445
-463
288
561
378
-338
-473
-6
121
720
126
-446
-1397
-1594
-971
-469
-162
-1565
-2207
-2341
-1485
-762
-1379
-2475
-3139
-2651
-1799
-815
-1086
-1835
-2123
-2226
-1592
-1119
-1176
-1620
-1669
-1218
-839
-629
-1176
-952
-762
-463
-894
-1148
-1095
-1138
-1180
-1267
-1493
-1908
-2189
-2003
-1788
-2021
-2903
-3841
-3949
-3562
-3143
-3589
-4337
-4852
-4703
-3435
-3250
-4619
-6025
-5652
-3342
-2378
-2733
-3861
-2931
-1551
-1394
-1444
-657
1278
1608
1326
1433
2165
2688
2811
4008
4256
3931
2928
3203
5219
6184
6042
4159
2942
3218
4541
5765
5545
4129
2325
1996
3359
4828
4501
2151
164
281
1641
2458
1663
585
-101
13
639
1091
942
327
-73
-697
-699
-407
-544
-991
-980
-617
-635
-837
-1564
-1002
-363
144
-561
-1306
-921
-349
590
384
-177
-1131
-879
-104
597
824
1009
432
332
576
1011
1515
1835
1593
952
1146
1448
1317
936
991
964
753
1126
1546
1349
994
-22
-93
179
610
280
-730
-1078
-1122
-1031
-856
-794
-1208
-1323
-1224
-1049
-745
-755
-855
-1325
-1289
-946
-765
-869
-1028
-710
-692
-701
-937
-964
-889
-206
-139
-199
-150
-580
-613
-820
-1055
-1482
-1797
-2238
-2026
-1530
-1578
-2411
-3345
-3378
-3426
-3538
-4055
-4773
-5187
-4815
-4386
-4324
-4360
-4978
-5744
-5797
-3603
-2343
-2742
-4369
-4829
-2852
-1275
-1436
-2461
-1397
483
1400
835
327
553
1139
2077
3210
3508
2873
1965
2430
4143
4853
4355
2728
2304
3157
4497
5130
4088
2350
1176
1663
3036
3544
2621
747
-234
393
2016
2160
1339
-272
-961
-426
50
523
-209
-814
-1383
-1236
-1044
-1454
-1948
-2640
-2132
-1534
-1750
-2232
-3003
-2701
-1960
-1305
-1350
-2141
-2391
-2341
-1643
-1378
-1561
-1843
-2260
-1715
-855
-656
-1212
-1065
-1075
-1019
-993
-1216
-543
-232
-857
-1675
-1636
-693
-275
-689
-724
-874
-950
-1125
-913
-837
-694
-689
-794
-1018
-1006
-1263
-1879
-1675
-1510
-1497
-1752
-1545
-1687
-1886
-1823
-1930
-2223
-2573
-2600
-2275
-1759
-1390
-1410
-1997
-1822
-1544
-1439
-1501
-1771
-2023
-1917
-1787
-1775
-1715
-2056
-2547
-2951
-2565
-2157
-2361
-2643
-3279
-3689
-3933
-3872
-4264
-4736
-4923
-5264
-5761
-5552
-4941
-4362
-3725
-4482
-5912
-6331
-4264
-1923
-2390
-4215
-4823
-3121
-1277
-1407
-2137
-1231
397
790
426
369
778
1505
1696
3144
4209
3649
2130
1764
3875
5532
5589
3697
2530
2753
4053
5606
5328
4177
1979
1446
3045
4335
4263
1969
-50
-469
1545
2789
1978
506
-405
34
59
158
14
-571
-1067
-1384
-950
-959
-1059
-1552
-1391
-899
-1249
-1476
-1921
-1323
-898
-420
-697
-1411
-1645
-1366
-1010
-821
-560
-1070
-1558
-1495
-539
316
245
-289
-796
-219
559
760
387
-123
-9
146
194
150
656
1133
1010
970
786
577
322
206
367
269
-302
-758
-546
65
948
775
-160
-1048
-1241
-577
-559
-445
-971
-1275
-1259
-1138
-804
-660
-561
-1008
-1235
-1255
-737
-901
-1323
-1298
-1395
-1673
-1728
-1655
-1701
-1872
-2512
-2890
-3096
-2787
-3128
-3066
-2997
-3093
-3632
-4457
-4603
-4425
-3944
-4544
-5325
-6062
-6347
-6281
-5886
-5673
-5364
-5482
-6264
-6404
-4859
-2972
-2839
-4399
-5268
-3644
-1529
-1582
-2837
-2273
155
1802
1429
1079
935
1702
2256
3718
5056
4477
2649
1907
3767
5525
5279
3006
1426
1984
3951
5443
4951
2863
1230
1311
2720
3801
3717
1549
-254
-234
1473
2366
1477
18
-655
-79
467
179
-462
-900
-763
-486
-337
-575
-1439
-1802
-1298
-589
-807
-1549
-2495
-2390
-1451
-652
-895
-1684
-2098
-1924
-1039
-418
-595
-856
-1039
-1169
-1138
-320
714
471
-379
-1171
-96
1167
1792
971
-116
114
331
576
-69
230
872
520
197
-335
-326
198
292
190
157
-53
-576
-354
64
788
588
-862
-1482
-1861
-984
-360
-371
-1152
-2263
-2495
-2244
-1278
-1135
-2145
-3403
-3511
-2764
-1866
-2175
-3060
-3477
-3590
-3119
-2539
-2952
-3130
-3341
-3327
-3476
-3672
-3841
-4112
-4408
-4742
-4530
-4495
-4464
-4887
-5202
-5428
-5852
-6006
-5663
-5166
-4795
-4311
-4355
-5673
-6773
-6297
-3728
-2353
-3289
-4603
-4151
-1476
-444
-1483
-1936
51
2124
2351
2015
1837
1760
2077
3329
5406
5535
3807
2725
4241
6714
7344
5984
3964
3430
4611
6638
7325
5579
3003
2163
3426
4909
5498
3967
1498
720
1871
3439
3321
1814
363
689
1794
1968
1262
307
-41
231
1015
1474
686
-66
-180
797
1136
261
-525
-980
-178
632
1175
698
-136
-371
-66
542
1028
516
39
-1
321
1304
1447
1228
587
194
1089
1777
1795
1328
1472
1670
1556
1394
1521
2224
2238
1921
1615
1601
1373
1224
1418
1309
992
579
683
811
1196
1226
496
-537
-567
-23
278
463
46
-335
-550
-344
69
523
280
-333
-609
-512
69
284
196
-76
-167
-331
-382
-276
-121
-366
-1044
-1301
-1469
-1315
-1718
-1713
-1669
-1946
-2101
-2549
-2408
-2638
-3278
-4003
-4830
-4560
-4605
-4691
-4698
-4173
-3989
-4936
-5879
-5459
-2955
-2001
-3079
-4241
-2894
-175
102
-1752
-2002
428
2099
1940
1485
1542
2142
2382
3742
5125
5065
3675
2340
3952
6212
6816
5198
3137
2682
3917
5902
5861
4312
2546
1946
3223
4583
5104
3615
1668
971
2133
3280
2794
1432
70
809
1535
1591
720
84
128
523
1157
1438
985
272
275
619
445
1
-825
-795
-168
766
1180
497
-84
-33
1100
2058
2051
1131
406
608
1679
2239
2132
1506
1231
1506
1807
1862
2088
2509
2335
2256
1724
1836
2313
2311
2296
2259
2000
1522
1472
1887
2008
1567
905
753
837
1334
1276
959
628
365
741
896
1099
809
600
712
1204
1635
1552
1233
1130
1667
2019
1601
817
832
1111
1247
801
641
817
1297
1690
1043
455
201
258
693
743
345
-340
-958
-1153
-1073
-1196
-1568
-2385
-2906
-2557
-2223
-2273
-3184
-3852
-4003
-2910
-2138
-3050
-4588
-4985
-2551
-821
-1079
-2749
-2789
-723
366
-643
-1343
573
2642
3034
2277
2167
2231
2766
3914
5747
6164
4464
2549
2988
5636
7160
6227
3687
2791
3774
5990
7245
6244
4152
2382
2718
4029
5123
4377
2002
866
1591
3330
3517
2065
526
481
1418
1649
1409
420
-17
-497
-217
-198
-567
-922
-1144
-411
-175
-35
-425
-568
-301
594
1003
327
-496
-1068
-116
1137
1187
148
-615
-510
581
1321
1267
634
277
35
396
869
722
544
80
-230
-78
567
826
714
474
345
-16
-112
285
773
694
153
-311
-425
-87
105
138
-60
-396
-754
-857
-417
53
-364
-801
-984
-850
-427
-191
-499
-579
-519
-201
-391
-377
310
597
679
267
376
1088
1709
1256
521
54
-197
139
591
492
121
-933
-1483
-1333
-1082
-908
-1534
-2415
-2821
-2582
-2501
-2875
-3431
-3550
-3384
-3181
-2465
-3192
-4742
-5004
-3188
-1311
-1586
-3359
-3174
-964
189
-896
-1585
538
2937
3414
2455
2021
2339
2955
4200
5683
6109
4425
2728
3477
5546
7000
5980
3880
3173
4008
5632
6606
5809
3971
2892
2931
4846
5867
5087
3046
1677
2425
4181
4969
3298
1904
1695
2561
2916
2665
2617
2137
2083
2220
2470
2136
1529
1419
1801
2284
2185
1228
578
1012
2126
2405
1467
337
149
957
1689
1411
699
286
508
1171
1432
1727
1394
845
456
641
1615
2045
1627
864
771
1082
1054
880
460
159
-62
-43
34
832
1126
692
-123
-637
-344
-127
41
-264
-282
-434
-546
-825
-289
189
-259
-523
-570
-106
460
628
282
102
250
605
540
759
1048
999
797
146
473
754
1113
1091
308
-267
-367
63
84
199
-165
-758
-1246
-1189
-1165
-1379
-2091
-2804
-2830
-2483
-2444
-2862
-3766
-4505
-4587
-4933
-3622
-2791
-3699
-5973
-6349
-3612
-1690
-2102
-4563
-4208
-1664
-775
-1803
-2600
-832
747
714
436
448
974
672
1445
3275
3947
2345
229
699
2886
4088
2970
1157
105
1097
2919
3925
2903
562
-907
-61
2035
3341
2194
-623
-2176
-862
955
1573
478
-970
-981
-314
233
131
-390
-919
-1094
-534
-255
-696
-1459
-1684
-965
-260
-559
-1502
-1771
-1141
148
586
-157
-989
-1101
-124
307
375
143
-251
-416
-327
147
805
874
72
-365
312
993
1163
323
-265
-23
410
538
254
188
225
-60
-474
31
560
115
-485
-477
-114
34
-169
-519
-632
-434
-486
-446
-383
-322
-851
-1176
-1111
-879
-506
-933
-1079
-941
-535
-674
-611
-521
-487
-410
-511
-614
-487
210
309
-87
-409
-663
-831
-1113
-1217
-1327
-1609
-1675
-1469
-1400
-1654
-1969
-2177
-2561
-2497
-2666
-2974
-3273
-3575
-3850
-3933
-3923
-3098
-2529
-3024
-4805
-5572
-3234
-626
-518
-3150
-3945
-1456
283
-326
-1922
-628
1478
2085
1870
1648
2283
2068
2493
4447
5957
4849
2678
2828
4960
7190
7034
4945
3010
3037
5211
6635
6488
4165
2053
2076
3717
5459
5009
2591
296
873
3159
4155
3263
1265
635
908
1418
1629
735
33
-225
439
1009
814
-427
-1154
-398
175
153
-885
-1356
-1213
-149
787
417
-350
-1057
-575
359
1358
1162
-15
-754
-256
870
1210
1126
404
61
271
584
913
782
555
225
238
244
273
409
596
562
268
-1
-341
-291
-663
-454
-774
-1371
-1822
-2242
-1880
-1383
-1508
-2191
-2155
-2039
-1670
-1725
-2016
-2573
-2681
-2410
-2108
-2237
-2843
-3007
-2860
-2476
-2369
-2557
-2975
-3026
-2648
-2540
-2626
-2880
-2964
-2966
-2959
-2519
-2642
-3068
-3575
-3462
-3142
-3523
-3816
-4320
-4725
-4724
-5134
-5004
-5180
-5393
-6069
-6164
-5030
-3746
-4496
-7056
-7719
-5041
-2230
-2746
-4979
-5487
-2498
-1068
-2579
-3616
-1263
1343
1276
434
320
1169
1266
1373
3306
4826
4229
1675
1187
3674
6262
5735
3319
1731
1676
3724
4864
4433
2450
494
563
1895
3429
3634
1853
-249
-551
1279
2122
949
-744
-1314
-756
-393
-767
-1339
-1273
-1155
-929
-1021
-1299
-1924
-2093
-1332
-734
-843
-1797
-2166
-2046
-505
186
-660
-1787
-2128
-1443
-282
-210
-593
-480
-349
-153
-120
496
725
570
107
417
626
508
-13
-311
195
606
595
-51
154
536
630
35
-576
-594
-718
-1135
-1291
-1252
-1105
-1575
-2092
-2179
-1742
-1553
-2223
-2623
-2343
-1704
-1595
-2149
-2776
-2864
-2649
-2396
-2538
-2180
-2233
-2628
-2592
-2268
-1919
-2073
-2311
-2306
-1852
-1488
-1493
-1852
-1823
-1540
-1334
-1455
-1900
-2207
-2471
-2668
-2718
-2878
-3803
-4305
-4314
-4316
-4476
-5030
-5375
-5543
-4786
-3347
-3352
-5607
-7702
-6264
-2828
-1899
-4169
-6109
-3942
-1129
-1285
-3162
-2669
-367
655
296
-65
378
33
89
2347
4647
4154
968
-492
1669
4516
5571
3120
556
13
2004
4647
5326
3659
1017
262
1395
3819
4608
2842
-326
-893
1342
2416
1695
-168
-892
-378
187
195
-220
-592
-861
-1112
-1250
-1108
-1236
-1509
-1245
-371
-227
-1608
-2516
-2151
-965
121
-715
-2102
-2842
-1789
-324
463
70
-940
-1053
-346
976
1879
2065
1236
366
169
839
1813
1606
933
695
873
1410
1370
1166
1559
1200
793
521
472
985
933
647
262
-25
-284
-344
2
426
14
-1105
-1764
-1681
-1033
-594
-521
-1360
-2073
-1443
-430
-426
-1001
-1391
-1618
-1583
-1467
-1604
-1600
-1570
-1348
-978
-1208
-1674
-2293
-2294
-1579
-1379
-1897
-2651
-3104
-2872
-2412
-2579
-3014
-3449
-3453
-3764
-3724
-3429
-3567
-4562
-4635
-3021
-2386
-4337
-6998
-5882
-2337
-403
-2535
-4836
-3137
-706
-669
-2904
-2645
-121
992
279
-133
432
703
775
2309
4499
4621
2430
761
2284
4927
5814
4003
1253
695
2719
4925
5056
2792
527
215
1683
3468
3732
1770
-275
-644
1052
2556
1787
-65
-1538
-1053
-100
710
137
-984
-1398
-1054
-293
-251
-1144
-2306
-1748
-453
297
-446
-1291
-1171
-578
658
636
-430
-800
-515
214
824
1121
1116
691
1036
1878
3108
3521
2688
1317
983
2009
2976
3225
2526
2007
2216
2789
3336
3397
2998
2499
1993
1645
1615
1524
1219
275
-4
-131
-58
-339
-1104
-1497
-1942
-2248
-2897
-3131
-2883
-2564
-2719
-3142
-3888
-4121
-4135
-4119
-4101
-4348
-4743
-4701
-4180
-3595
-3515
-4025
-4127
-3638
-3209
-2932
-2616
-2762
-3107
-3300
-3059
-2476
-2115
-2206
-2684
-3063
-3042
-2648
-2308
-2410
-3186
-4174
-3948
-2247
-1140
-2781
-5338
-5520
-2516
-464
-1460
-3556
-2582
138
195
-1929
-2200
765
2787
2354
1530
1756
1999
1759
3110
5511
6587
4282
1696
2813
5853
7655
5773
3164
2313
3272
5184
6343
5604
3383
1733
1899
3632
5399
4518
1552
-283
837
2938
3033
846
-795
-734
-61
270
-509
-826
-1093
-1210
-958
-942
-1297
-2108
-2220
-1297
-340
-1261
-2658
-3367
-2718
-1115
-478
-1466
-2614
-2660
-1701
-64
127
-177
-822
-1011
-343
1162
2358
2120
1682
1408
2592
3380
3355
3286
3412
3948
3817
3504
3492
4095
4178
3648
3501
3212
3262
2964
2876
2726
2296
1766
1013
1034
1215
1076
103
-547
-242
-363
-840
-1312
-1553
-1746
-1727
-1942
-2801
-3642
-3273
-2783
-2630
-2509
-2476
-2393
-2248
-2204
-2420
-2113
-1963
-2583
-2847
-2467
-2283
-2500
-2785
-2930
-2962
-2980
-2869
-2672
-2576
-2647
-2709
-2777
-2398
-995
-1214
-3089
-4592
-2665
186
319
-1716
-3128
-677
1297
314
-1561
10
3948
5206
4313
3467
3495
3299
3679
5640
7269
6528
3802
3126
5490
8866
9911
7729
5166
4404
6272
8101
8350
6085
3430
3216
4916
7182
7367
5147
2381
1701
3267
4258
3506
1475
370
477
1434
1939
1461
596
-169
-695
-782
-980
-1354
-1354
-1107
-461
-827
-1580
-2063
-1707
-900
-310
-725
-1818
-2201
-1471
-316
203
101
-474
-780
-171
1473
2436
2303
1471
819
1716
3319
3725
3205
2704
2976
3425
3775
4017
3630
3961
4221
4306
4080
4200
4292
3983
3687
3080
2631
2333
2384
2265
1938
1524
717
184
31
225
13
-751
-1459
-2076
-2228
-1882
-1690
-2279
-3073
-3426
-3642
-3781
-3971
-3817
-4013
-3994
-4255
-4335
-4418
-4339
-3900
-3659
-3665
-3797
-3753
-3992
-3909
-4042
-4301
-4039
-3806
-4020
-4193
-4205
-4303
-2954
-2546
-3880
-5622
-5006
-2192
-1158
-3024
-4489
-2471
309
322
-1666
-1826
595
2546
2323
1841
1800
2080
2237
4198
6555
6574
4026
2282
4162
7186
8669
6749
4153
3757
5599
8194
9052
7464
4734
3516
4604
6600
7472
5714
2961
1459
3292
5520
5621
3914
2273
2291
2638
2591
1990
1534
1327
1702
1557
462
-563
-976
-121
1141
1492
597
-668
-1308
-661
1027
1552
154
-1514
-1552
-153
1270
1699
689
-74
-32
718
1717
2101
1841
1463
1263
1638
2640
3249
3210
2722
2975
3391
3391
3182
2928
3376
3851
3845
3445
3008
2868
3382
3867
3397
2199
1094
1439
2292
2604
1972
887
35
-292
17
34
-647
-1758
-2353
-2076
-1755
-1960
-2174
-2592
-2593
-2841
-2844
-2822
-3084
-3230
-3738
-3943
-3854
-3415
-3222
-2533
-2350
-2843
-3352
-3155
-2527
-2558
-2846
-3414
-3695
-3541
-3367
-2753
-1115
-934
-2691
-4408
-2928
1030
1958
-556
-3053
-802
2758
2572
-196
-349
3129
4768
4257
3505
3983
3972
3508
5538
8572
9344
6361
3580
5252
9535
11724
9178
5729
4525
6605
9904
11106
9352
6358
5249
6433
8532
9865
8721
5451
3449
5048
7205
7304
5259
3130
3106
4081
4560
3499
2275
1590
1605
1614
1016
-199
-1092
-472
169
49
-1265
-2400
-2536
-1757
-279
31
-1374
-2563
-2037
-753
-218
-671
-2014
-2953
-2380
-1239
-372
-251
-664
-1144
-1045
-577
-279
180
498
659
1069
1105
965
1212
1978
2826
2244
1100
-62
131
849
1240
918
-31
-506
-592
-72
849
564
-471
-1531
-1840
-1185
-795
-909
-2159
-3409
-3886
-3451
-3466
-3867
-4159
-4747
-5318
-5770
-5515
-4922
-4732
-5236
-5507
-5748
-5835
-5703
-5446
-5402
-5343
-5818
-6383
-6611
-5842
-5549
-5876
-6770
-7118
-6544
-5275
-3042
-3824
-6430
-8639
-6548
-2737
-1146
-3378
-5248
-2635
-267
-297
-1970
-825
1947
2631
2008
767
1156
1135
1918
4238
6267
5712
2569
2027
4209
7805
8329
6225
3842
3356
5209
7827
8765
6124
3418
3030
4786
7263
7759
5681
3332
3141
4889
5913
5443
3731
2923
2759
3478
3702
2896
2537
2010
2502
2396
1956
706
-509
259
963
809
-859
-1446
-1361
-463
512
-455
-1919
-3048
-1931
-14
708
-162
-1599
-1797
-136
1523
1826
1063
799
1117
1683
2253
2582
2737
2342
2451
2824
2932
3053
3092
3578
4274
3793
3511
2961
2857
3300
3499
2784
1777
945
1254
2037
2352
1657
609
-614
-846
375
733
41
-1669
-2632
-2304
-1326
-1382
-2302
-3080
-3568
-3718
-3374
-3432
-4219
-4996
-5105
-4668
-4939
-5578
-6327
-6460
-5966
-5056
-5484
-6101
-6491
-6609
-6693
-6695
-6804
-6411
-5107
-5453
-7290
-8334
-5821
-3282
-3319
-5900
-6631
-3357
-1312
-2830
-4737
-2777
811
1251
-84
-739
632
771
921
2294
3551
3268
607
-114
1868
4896
5118
2971
1085
1445
3690
5622
6007
3663
1356
1372
2826
4854
4860
3578
1249
973
2571
3467
3138
1980
1511
1804
2457
2475
2020
1459
1300
1130
1301
1098
534
-123
558
1176
1192
222
-573
-897
-212
632
-25
-1803
-2952
-2084
-556
319
-410
-1559
-1764
-1117
-789
-389
-797
-1314
-1585
-1642
-656
81
86
222
6
151
393
216
381
887
865
-314
-937
-599
236
918
406
-334
-897
-894
-354
-51
-309
-1031
-1961
-2324
-1144
-132
-692
-2188
-3316
-3346
-2922
-2997
-3516
-4015
-4274
-4115
-3986
-4072
-4160
-4230
-4576
-5212
-5670
-6021
-6180
-6311
-6331
-5959
-6118
-7012
-7413
-7049
-6183
-6652
-7090
-6342
-6006
-7076
-8672
-7418
-5278
-4172
-6164
-7802
-4722
-1586
-2289
-5339
-5147
-1254
1216
812
-344
-302
-182
163
2382
4543
4263
1516
-298
1387
4876
6783
5298
2696
1290
2363
4595
5376
4296
1755
1097
1809
3564
4408
3770
1862
647
2439
3734
3768
1791
798
1185
1308
1343
894
642
535
809
940
1103
736
-331
-44
813
1388
1043
251
-58
12
990
1832
957
-656
-1043
-154
754
1303
676
-720
-946
-276
731
1128
1013
344
23
331
1004
1077
455
552
951
1345
1530
1721
1673
1752
1962
1432
690
522
489
389
109
33
198
-19
-428
-675
-652
-1106
-1522
-2069
-2415
-2667
-2891
-3411
-3397
-3637
-3508
-3855
-4672
-5206
-5378
-5068
-5785
-6045
-6555
-6884
-7032
-7032
-7054
-7224
-7360
-7864
-8448
-8912
-8684
-8867
-9248
-9444
-8975
-7179
-6743
-8331
-10555
-9517
-6127
-4503
-6144
-8535
-6390
-3057
-2984
-5466
-5625
-2088
247
115
-939
-753
-641
-584
947
2834
3645
814
-1176
435
4171
5856
4122
1778
143
981
3171
5250
4723
1738
-265
524
3154
4528
3293
1211
-181
1397
2730
2587
1835
1078
946
1058
1282
959
811
759
1163
1292
980
782
227
1414
2822
3026
1121
-597
-512
1014
2638
2484
986
-739
-471
1041
2346
2421
1715
293
-603
728
2518
3354
2657
1059
332
1257
2855
2985
2469
1837
2162
2768
3377
3764
3422
3293
3256
3358
2934
2693
2604
2998
2911
2639
1872
1051
1331
1508
1728
960
269
-634
-908
-491
-170
-383
-1404
-2205
-2510
-2111
-1717
-2095
-2924
-3647
-3733
-3231
-3045
-3505
-4006
-4440
-4729
-5310
-5502
-5471
-5529
-5766
-6433
-6980
-7023
-6955
-6330
-4910
-4764
-7120
-9383
-7392
-3244
-1751
-4959
-7473
-4691
-706
-1191
-4408
-4070
-717
888
594
57
442
335
252
2486
4947
4890
1308
-889
1470
5833
6675
3584
407
-425
1657
4193
5433
3840
728
-264
1533
4255
5311
3520
577
-315
1438
3196
2974
1496
686
599
1138
1352
893
914
932
1475
1678
1741
1377
859
1548
2674
3077
1569
283
122
1318
3013
3285
2022
596
516
1489
2788
3099
2368
1469
1221
1664
2713
3499
3540
2766
2038
2334
3229
3680
3468
3082
3575
4211
4382
4061
3728
3867
4133
4056
3668
3296
2925
2720
3125
3360
2692
1377
699
1069
1643
1354
243
-751
-1112
-1087
-1173
-1566
-2168
-2581
-3284
-3454
-3227
-3064
-3265
-3788
-3941
-4472
-4272
-4368
-4791
-4996
-5348
-5416
-5474
-5683
-6170
-6409
-6457
-6732
-6914
-6941
-6666
-4728
-4091
-5818
-8494
-7720
-3748
-1510
-3707
-6869
-4932
-1308
-1280
-4385
-4773
-792
1122
613
-959
-571
-403
-1107
576
3673
4566
583
-2372
-678
4215
5889
3374
484
-849
534
3185
5676
5104
1860
-402
207
3361
5342
4275
1055
-1023
412
2338
3048
1711
909
1059
1443
1510
1013
956
1132
1509
1495
1147
679
236
1037
2397
3275
1905
460
435
1560
3253
3293
2405
1080
1029
2421
3551
3798
3095
1908
1504
2334
3735
4198
4090
3348
3002
3544
4655
5433
4904
4601
4887
5650
5749
6089
5819
5976
6775
6580
6069
5587
5924
6344
6497
5881
4806
4281
4518
5155
5226
4935
3397
2029
1661
2080
2338
1414
-418
-1247
-1165
-1099
-992
-1492
-1651
-2116
-2608
-3220
-3065
-2950
-3377
-3541
-4140
-4904
-5587
-5044
-4337
-4260
-4939
-5744
-6127
-4798
-2751
-2575
-5051
-7243
-5270
-1286
947
-1923
-4143
-1652
833
205
-1882
396
4052
4272
2420
2116
3980
4087
3859
4945
7069
6566
3051
1384
3906
7670
7633
4570
1947
2252
4232
5792
5964
3730
1357
873
2676
5196
5254
2918
-1
-170
1756
3061
2155
462
52
841
1345
875
86
-290
179
1124
1544
1163
292
-329
802
2605
3055
1042
-428
120
1904
3620
3645
2200
709
1012
2259
3247
3811
3053
2301
1839
2845
4266
4947
4382
3467
3244
3771
4380
4299
4666
4526
4200
3315
3522
4617
5174
4877
4150
4164
4639
4960
4492
3853
3717
3648
3220
2804
3352
3531
2937
1982
1143
912
570
322
-671
-974
-1317
-2043
-2571
-2899
-2235
-2218
-2914
-4118
-4691
-4859
-4845
-5174
-5732
-6329
-6466
-6784
-7175
-7506
-7360
-7312
-6911
-5762
-6164
-7968
-9227
-6646
-2830
-2271
-5820
-7442
-3559
139
-759
-3338
-2100
1590
2674
2087
1779
2852
2179
2068
4479
7711
7359
3450
2145
4571
8429
8224
5517
2959
2820
4671
6584
7422
4893
1595
455
2254
4995
4814
2350
-651
-626
1365
3017
2703
583
-604
-556
735
545
119
-88
165
213
67
-99
-757
-1192
-834
775
1100
-346
-1296
-591
1348
1892
1580
270
83
157
764
2017
3134
3124
1569
1429
1961
3502
3912
3409
2810
2664
3616
4615
5553
5163
4830
4546
4178
4482
4986
5377
4887
4623
4172
4019
3931
4326
4732
4544
3922
3139
3275
3575
4154
3183
2416
1629
1627
1796
1494
900
-62
-1002
-1203
-719
-962
-1663
-2526
-2994
-3399
-3967
-4558
-4409
-4653
-4759
-5219
-6289
-7126
-6878
-6396
-6341
-5248
-4684
-5501
-7739
-7489
-3933
-1401
-3182
-6995
-5847
-739
1111
-1799
-3674
-467
3632
4384
3146
2836
3550
3046
4015
7430
9587
6734
2233
1882
6178
10113
8789
4844
2308
2814
5323
7233
7219
4448
1802
1381
3097
4765
4314
2211
-536
18
1966
2222
524
-1073
-1126
-466
-389
-1286
-1698
-1305
-664
-661
-1027
-749
-1025
-1236
-792
257
544
-492
-1587
-1263
274
550
-221
-1136
-907
338
861
586
573
839
1173
1604
2215
2433
2357
2413
2767
2858
2645
2419
3045
3732
4497
3746
2381
2008
3053
4435
4501
3517
2228
2371
2966
4021
4568
3534
2218
935
1210
2962
3622
2198
-53
-187
858
1821
1047
-768
-1938
-1974
-1326
-1855
-2888
-3854
-4555
-4990
-4674
-4239
-4525
-6216
-7477
-7180
-6734
-7091
-8522
-10427
-10632
-8022
-6172
-8298
-11890
-11967
-8218
-5122
-6331
-9629
-9028
-4489
-3291
-5615
-6771
-3359
-133
-8
-812
-932
-309
-881
676
3974
6588
4192
-446
-486
3522
7744
6775
3526
1551
2040
4611
7343
8152
4728
834
203
3279
5882
5062
1964
-631
-404
1193
1987
908
-971
-1727
-1496
-1003
-479
-627
-1482
-1560
-1526
-1984
-2475
-2914
-2880
-2088
-1232
-1814
-3573
-3858
-2038
-244
312
-946
-2075
-1785
-590
483
523
301
-70
-406
-226
906
2150
2570
1703
518
795
2290
3846
4131
3656
3280
3012
2915
3189
4442
4966
4339
3131
2888
3948
4336
4503
3923
3170
2581
2308
2722
3386
3790
2499
1002
548
1159
1371
1106
-268
-1158
-1507
-1848
-1539
-1760
-1929
-2870
-3302
-3354
-3466
-3832
-4730
-5350
-6041
-6277
-7245
-7368
-7907
-7494
-5486
-5524
-8158
-11562
-9789
-4927
-2070
-4855
-9211
-7821
-3542
-2601
-5421
-5962
-2711
-787
-1160
-1759
-720
-656
-1088
664
3839
4807
1609
-1070
545
5111
7102
4939
1818
372
1119
4163
7204
6909
3049
79
1168
4530
6347
4493
1258
-759
75
1947
2628
1596
-30
-915
-1344
-1009
-757
-573
-1331
-2244
-2511
-2702
-2941
-3691
-3647
-2524
-1425
-2935
-4916
-5194
-3489
-1656
-1763
-2930
-4392
-4102
-2657
-1053
-901
-1472
-1668
-2266
-1901
-625
461
545
-140
-558
-52
1443
2339
2332
2119
2530
2093
1437
1878
2968
3533
2395
1600
1329
2341
2760
2710
2449
2153
2200
1616
1285
1296
1826
1557
372
-859
-1533
-1244
-1252
-1449
-1759
-1722
-2034
-2794
-2991
-2760
-2899
-4109
-5134
-5370
-5508
-6205
-6932
-7810
-8396
-8735
-7355
-5350
-5891
-9230
-11575
-8815
-4643
-3804
-7113
-8948
-6049
-3664
-4784
-6487
-4311
-788
-177
-1386
-2000
-1246
-1231
-1013
1261
3982
3304
-399
-1289
1669
5674
6120
3529
814
222
2161
4854
5823
3224
26
-576
2331
5203
4868
2257
-34
497
2420
3883
2641
580
-409
252
1396
1782
627
-1109
-1183
-602
375
-183
-1888
-2982
-2715
-1225
-370
-1402
-3522
-4191
-3466
-1449
-491
-1369
-3135
-3983
-2834
-1531
-1047
-1840
-2366
-2539
-2029
-1407
-544
308
-249
-1172
-1610
174
1602
1702
906
701
1093
1476
2022
2065
1991
1214
1130
1170
1761
1633
884
-71
-544
-67
221
329
-46
-1148
-2345
-2257
-1134
-1172
-2684
-4325
-4776
-3807
-3090
-4276
-5751
-6317
-5661
-4914
-5527
-6210
-7144
-7864
-7434
-6806
-7334
-8398
-6864
-5646
-6263
-8240
-8637
-5459
-3299
-3872
-6698
-5522
-2312
-1901
-5108
-6191
-1678
1233
1152
-872
-567
462
129
1508
4138
5433
2563
-584
72
4474
7028
4957
1985
543
1290
3002
4932
4826
1889
-1123
-128
3407
5148
3501
-108
-1359
200
2490
2800
1503
228
259
820
1061
1328
907
206
226
309
-25
-546
-1571
-2213
-1048
1158
1019
-1475
-3258
-2238
-64
1030
89
-2108
-2850
-1925
-271
293
135
-752
-2078
-2274
-781
1459
1630
104
-1660
-1602
747
2266
1924
214
-487
-234
497
1258
1717
1522
680
274
607
1661
1972
1782
1086
558
491
435
679
942
433
-836
-1625
-1505
-1045
-1011
-1926
-2855
-3308
-2960
-2946
-3955
-4745
-4735
-4967
-4840
-5632
-6584
-7226
-7784
-7755
-7045
-4883
-4829
-7102
-10407
-9466
-5184
-2570
-4288
-8118
-6888
-3364
-2290
-4489
-4817
-1456
733
107
-858
253
1249
706
2068
4882
6002
2434
-737
881
5429
7633
5081
1225
-722
995
4136
6882
6007
1538
-2129
-1020
3394
6037
4235
645
-1552
-353
2489
3725
2656
329
-986
-249
800
1038
694
281
290
-223
-270
-440
-217
321
884
1578
884
-811
-1561
-89
1254
1945
794
-496
-912
-207
1664
2148
1219
-208
-508
191
1603
2206
1750
782
468
1248
2455
3167
2961
2477
2388
2952
2784
2863
3377
3857
3441
2597
2505
2463
2964
2938
2772
2327
1905
1942
2032
2210
2414
1727
49
-848
-680
131
-305
-2015
-3209
-3322
-2839
-3289
-4302
-5161
-5377
-5514
-5959
-6123
-6611
-7882
-8463
-6349
-4377
-6159
-10346
-11259
-7358
-2721
-3163
-7092
-8162
-4895
-2543
-3674
-4271
-1759
737
128
-360
999
2483
1612
1059
3509
6197
5316
1863
837
4010
7066
6657
3844
1811
1970
3268
5886
6371
3479
-256
-735
2322
4583
4246
871
-2078
-2107
142
2238
1496
-566
-2264
-1702
-444
757
451
-925
-1297
-755
355
712
-14
-1232
-936
344
914
348
-531
222
1167
748
213
213
692
1115
1775
1685
1337
433
475
1458
2734
2734
1483
22
110
1729
2537
2771
2035
1507
1310
1694
1862
1965
2074
1559
849
270
932
1745
1478
1170
640
948
872
1084
1032
861
832
393
-178
-1165
-579
-101
268
-845
-2036
-2494
-2337
-2173
-3065
-3614
-4437
-4965
-5401
-5513
-5806
-6799
-7900
-6836
-4980
-5721
-8758
-10594
-8397
-5461
-4971
-7162
-6838
-4054
-2837
-4386
-4925
-1864
1116
1222
88
936
2137
1622
2153
5166
7947
6309
2757
1774
4876
8080
7484
5566
3668
3064
3379
5431
7250
5096
951
-624
2072
4894
4773
2283
131
-118
1414
2519
2526
712
-1173
-1249
-104
1284
582
-507
-944
-109
650
922
926
443
176
996
1824
1917
1445
1321
1906
2480
3130
2845
2450
2665
3801
4484
3902
3264
3514
4718
5377
4672
4015
4260
4447
4294
4523
4822
4826
4118
3365
3525
3941
4261
4080
3947
3562
3293
3188
3296
3756
3721
3594
2941
2083
1836
2344
2801
2220
1280
798
472
334
170
394
-16
-1219
-2343
-2200
-1727
-1900
-2785
-3964
-4117
-5104
-5593
-5627
-4636
-3658
-4157
-6524
-8572
-6696
-3248
-1696
-4551
-7337
-5744
-1917
-1088
-3180
-3715
-1453
343
59
415
1865
2185
1134
2050
5296
6388
3411
878
3273
7361
8453
6096
3759
3679
4661
5979
7213
6528
2775
179
1767
5559
6175
2652
-921
-1928
-321
1187
1166
0
-1354
-2321
-2384
-1371
-995
-1823
-2684
-2692
-2471
-2450
-3000
-3118
-2560
-1686
-1216
-1677
-2321
-2476
-1061
236
355
-1070
-1835
-1111
-41
1078
1361
1972
1904
743
246
2551
4801
4424
2479
1337
2867
4568
5201
4752
3796
2490
2047
2697
4277
4939
3657
2154
1246
2072
3113
3057
1949
932
664
947
1498
1049
836
211
71
27
-156
-433
-1093
-1732
-2088
-1604
-2122
-3168
-4311
-4452
-4433
-4510
-5481
-7118
-6855
-5302
-4665
-6499
-8602
-7688
-4649
-3297
-5096
-6852
-5497
-3299
-4049
-5573
-4005
-678
305
-795
-1071
127
670
470
2583
5412
5426
2426
748
3409
6825
7418
5170
3056
2608
3463
5426
7148
6404
2738
553
1847
4300
4169
1738
-318
-554
145
522
272
-719
-2012
-2491
-2019
-1720
-2333
-3589
-3846
-3068
-2292
-2618
-3377
-3966
-3779
-2873
-1997
-1899
-2553
-2825
-1941
-709
348
668
160
-566
-224
1544
2816
3203
2441
1945
2725
3595
4336
4789
5340
5048
5246
5223
5159
5192
5512
5553
5006
5019
4503
4294
4273
4267
4894
4307
3198
1853
2128
3444
4014
3027
1103
225
478
1216
1208
506
-837
-1539
-1759
-2015
-2367
-2633
-2680
-3559
-4596
-5104
-4829
-3002
-2448
-4584
-7427
-7244
-4293
-1879
-2855
-5874
-4544
-1227
-296
-2723
-3559
-229
2865
2866
1885
2191
2097
1455
2404
6438
9127
6062
1549
1657
6654
10255
9277
5913
3833
4061
5974
8969
9986
7253
2457
1582
5141
7972
6818
3146
834
653
1872
2528
2271
1045
-899
-2258
-1981
-982
-1301
-2803
-3843
-3847
-3939
-4731
-5124
-5218
-4896
-4825
-4947
-5762
-6503
-6518
-5523
-3659
-2882
-3205
-4046
-4075
-2823
-1361
-238
-294
-1684
-2722
-1429
1437
2851
2133
1289
1974
3102
3960
3724
3854
4042
4083
3832
3964
4754
5286
5025
4253
4780
4691
3945
2407
2238
3245
3226
1999
65
-1002
-579
493
227
-1442
-2626
-3808
-3999
-3578
-3726
-4744
-6781
-8437
-7917
-5043
-3977
-6802
-10919
-10800
-6775
-4026
-5823
-9440
-8158
-4781
-3781
-5686
-5974
-3292
-1443
-862
-1142
-612
-1061
-1731
111
3971
5691
2238
-1189
-59
4935
7790
6427
3731
2437
3099
4988
8236
8790
5820
2157
2326
6351
9208
7828
4098
2659
3576
5112
5144
4094
2700
1475
1499
1892
2204
690
-911
-1512
-737
-1041
-2543
-3921
-4448
-3428
-2747
-3079
-5120
-6353
-5901
-4393
-3347
-3847
-5230
-5864
-4864
-4011
-3255
-2978
-3079
-3897
-4082
-2563
-412
585
-278
-780
54
1479
2360
2781
3200
3139
2726
2340
3529
4757
4805
3412
2749
3237
3870
3531
2510
2190
2060
2001
944
598
398
-52
-384
-1024
-1349
-2153
-3025
-3933
-4505
-5015
-5800
-6705
-8216
-7195
-5369
-5325
-8551
-11454
-9437
-5766
-4690
-8081
-10138
-7700
-5458
-6364
-7892
-5767
-2386
-1849
-2833
-2400
-951
-971
-840
1435
4763
4622
1302
95
2936
6613
7549
5772
3839
3077
3613
6381
8963
8217
4617
2874
5327
8398
8954
7321
5518
4923
4889
5659
6592
6722
5500
4233
3612
4030
4048
3457
3346
2920
2261
1447
835
227
-221
-507
-94
-674
-2697
-3424
-2567
-1472
-2123
-3419
-3889
-3765
-3672
-3421
-2586
-1961
-2690
-4249
-4612
-3013
-1147
-671
-1480
-2059
-1745
-966
168
1312
1718
1762
912
157
921
2550
3630
2605
1170
1449
2874
3370
2998
2808
2735
2760
2190
2033
1979
1900
1003
-110
-495
-616
-764
-1767
-2696
-3315
-3999
-3810
-2514
-2927
-5903
-8597
-7128
-4038
-2974
-5983
-8291
-6273
-3648
-4403
-6638
-5841
-2917
-1813
-2702
-3263
-2058
-2353
-2883
-1394
889
1526
-1148
-2919
-921
2805
3745
1947
614
709
1442
3020
4669
4625
2822
1364
2521
5066
6199
4955
2967
2503
3691
5390
5594
4865
3791
3429
4134
4849
4950
4212
3908
4036
4303
3847
2871
1923
937
1051
1879
2140
1274
-235
-1015
-793
-168
5
-541
-1718
-3024
-2727
-1894
-1744
-2506
-3397
-3386
-2958
-2060
-1978
-2590
-3139
-3029
-2305
-1646
-1026
-1613
-1974
-2020
-1014
-257
-398
-731
-1143
-494
315
513
-599
-1744
-2160
-1626
-1438
-1227
-1588
-2859
-3604
-3819
-2904
-2699
-3544
-4971
-6096
-5764
-4316
-2879
-3899
-6585
-7790
-6284
-4074
-3815
-6040
-7031
-5287
-4170
-5082
-5457
-3185
-1268
-1578
-1888
-1521
-1390
-1835
-958
1597
3035
1543
-871
-615
1694
4034
4128
2756
1468
716
1732
4028
5623
3941
1283
616
2153
3896
4227
2918
1697
860
1685
3477
4069
2981
1702
1383
1766
2161
1475
1169
1548
1786
1013
93
533
1921
2557
2134
1348
886
659
1010
1543
1738
1195
399
-129
579
1108
894
248
-62
-148
-85
-119
-17
265
-608
-1234
-1117
-705
-238
-538
-766
-1045
-919
-957
-1327
-1383
-1234
-796
-922
-1656
-2283
-2285
-1978
-1665
-2027
-3153
-4108
-3987
-3253
-3076
-3542
-4467
-5555
-6263
-5919
-4277
-3073
-4233
-7114
-8338
-6425
-3510
-2632
-4781
-5367
-3968
-3057
-3963
-3949
-1392
326
230
-1134
-840
-455
-485
189
1994
3663
2580
774
644
2496
4528
4905
3856
2781
1900
2195
4231
6010
5273
2844
1642
2877
4929
5424
4332
3125
2929
3880
4081
3767
3289
2980
2571
1703
1601
1134
1074
216
-256
240
145
-893
-2400
-2179
-932
74
-1310
-2696
-2509
-1717
-1475
-2062
-2689
-2969
-2921
-2937
-2313
-2083
-2427
-2437
-2345
-2027
-1296
-1134
-2103
-2729
-1969
-791
-280
-595
-1080
-724
-122
650
826
892
544
443
229
215
525
335
-279
-749
-1076
-1644
-1813
-2356
-2729
-3484
-4397
-5191
-5128
-4191
-4234
-5893
-7485
-6477
-4561
-3777
-5369
-5795
-4254
-3325
-4277
-5535
-4284
-2502
-1063
-1296
-1026
-898
-1348
-683
1157
3522
3022
753
-1217
251
3274
4816
4324
1780
582
1372
4035
5505
4563
1912
670
1630
3603
4969
3877
2286
1544
2589
3839
4036
3525
2860
2729
2383
2572
3189
3560
3122
2492
2638
3284
3581
2977
2674
2505
2976
3191
2630
2017
1705
1917
2026
1684
1101
281
-89
-729
-953
-617
-586
-1934
-3559
-3869
-3112
-2227
-2860
-3887
-4684
-4486
-3671
-3123
-3213
-4132
-5057
-5092
-4018
-3325
-3424
-4276
-4559
-3861
-3548
-3806
-4561
-4811
-4517
-4210
-4542
-4741
-4879
-4773
-3957
-3405
-3902
-4714
-4725
-3625
-2320
-1783
-2371
-2471
-1665
-1073
-893
-238
269
1083
2070
2733
3131
2894
3125
3956
5243
6267
5964
4829
4296
5102
6920
7706
6867
5412
5107
6908
8508
8424
6194
5050
5315
6056
6285
5525
4963
4536
4594
4587
4835
4416
4170
3819
3581
3844
3960
3926
3168
2381
2514
2930
2864
2586
2338
2190
2797
2854
2853
2227
1932
2086
2094
2397
2250
1925
1266
971
851
1639
2102
1759
794
315
966
1583
1487
300
-257
-412
-415
-489
-705
-1085
-1678
-2149
-2383
-2447
-2981
-3761
-4185
-4445
-4859
-5577
-6226
-6571
-7129
-7876
-8543
-8268
-7302
-7224
-8326
-9114
-9108
-8216
-7697
-7932
-7621
-6934
-6336
-6447
-6195
-5019
-4147
-3541
-2848
-1722
-1663
-1663
-345
1488
2424
2705
2744
3293
4170
4628
5088
5575
5930
5977
6533
7132
7854
8264
7669
7632
7810
7989
7539
6837
7014
7302
7277
7204
6875
6843
6986
6655
6702
6266
6150
5587
4572
4402
4704
4559
4134
3900
3711
3198
2869
3360
3269
2730
1966
1392
715
630
911
1141
911
-54
-583
-547
146
-70
-783
-1459
-1067
-1028
-1629
-1593
-1641
-1358
-2040
-2269
-2620
-2499
-2260
-2620
-2971
-3881
-3922
-3713
-3731
-4369
-4859
-5047
-5045
-5607
-6753
-6771
-6115
-6309
-7000
-7629
-7481
-7382
-7712
-8323
-8275
-7060
-6431
-6742
-7426
-7314
-6658
-6010
-5469
-5006
-5173
-5457
-4971
-3528
-1729
-966
-1474
-1694
-763
467
1251
1918
2135
1971
1846
2205
3342
4769
4812
4304
4342
4877
5883
6303
6530
6372
6438
6313
6251
6433
6434
6697
6893
7407
7430
6876
6811
7146
7455
7191
6431
5748
5685
6135
6421
6410
5876
5010
4550
4438
4346
4366
3832
3264
2584
2374
2554
2168
1290
891
1007
427
-246
-698
-679
-725
-1290
-1690
-2088
-2099
-2203
-2574
-2731
-2659
-2782
-3397
-3860
-3976
-3724
-4149
-4702
-4928
-5249
-5848
-6343
-6170
-5896
-5810
-6493
-6800
-6512
-5990
-5707
-5809
-5219
-4801
-4811
-5609
-5342
-4108
-3241
-2844
-2937
-2832
-2494
-1902
-1013
163
795
975
292
93
1186
2615
3451
2796
1901
2182
3383
4319
4822
4688
4498
4450
4941
6002
6628
6548
6354
6638
6855
7358
7382
7156
7391
7058
7226
7415
7820
7566
7128
6877
6843
6966
6697
6710
6485
6356
6381
6197
5680
5447
5186
5181
5137
4974
4643
4480
4794
4631
4149
4070
4236
3837
3044
2500
2312
2171
2021
1390
883
853
355
-5
-416
-887
-1235
-1849
-2454
-2937
-3092
-3087
-3481
-4197
-4787
-5756
-6262
-5808
-5691
-6129
-7075
-7808
-7439
-7252
-6887
-6974
-6758
-6113
-6237
-6565
-6496
-5262
-3937
-3521
-3733
-3804
-3521
-2916
-1754
-963
-705
-941
-1188
-597
572
1644
1856
1885
1377
1819
2486
2721
3435
3476
3797
3738
4040
4117
4347
4762
5053
5585
5493
5519
5133
5900
6617
6648
6297
6002
6465
6506
6937
6968
6798
6760
6495
6465
6431
6248
6045
6004
5734
5331
5452
5496
5094
4531
3947
3726
3672
3093
2517
1876
1330
987
562
493
-201
-583
-1211
-1693
-2116
-2921
-3670
-3890
-3667
-3888
-4037
-4464
-5030
-5572
-5624
-5868
-6249
-7078
-7996
-7996
-7508
-7355
-7821
-8376
-8666
-8302
-7438
-7050
-7513
-7538
-6971
-7041
-7322
-6751
-5785
-5100
-5309
-5874
-5674
-5087
-4285
-4061
-3776
-3143
-2736
-2536
-3079
-2236
-1065
-398
-918
-1912
-1438
-530
809
1347
1659
1394
1714
2627
3148
4213
4375
3899
3747
4491
4836
5132
5645
5782
6406
6402
7031
6839
6536
6709
7016
7354
6821
5934
5312
6119
6907
7589
7086
5864
4970
5096
5829
5720
5514
4542
4151
3579
3855
4146
4148
3446
2044
1516
1199
1228
477
-158
-778
-1092
-1484
-2427
-2936
-3567
-3858
-4314
-5026
-6213
-6832
-6775
-6904
-7395
-8201
-8546
-8525
-8273
-8806
-9101
-9290
-8903
-8448
-8411
-8068
-7731
-7496
-7745
-7532
-6770
-5587
-4973
-5221
-5317
-4569
-3696
-3469
-3270
-2283
-1189
-376
-231
-2
602
1011
1087
944
1911
2760
2778
2236
2051
2873
3453
4036
3965
4275
4555
4996
5630
5994
6428
6212
6412
6441
6728
6589
6151
6322
6595
6307
5725
5622
5310
5559
5909
6060
5668
4585
4478
5006
5553
5210
4500
3593
3182
3422
3852
4502
3949
3339
2734
3368
3668
3593
3209
2340
2574
2493
2462
1902
1215
972
647
558
65
-380
-1011
-1590
-2148
-2777
-3293
-4224
-5342
-5861
-5395
-5389
-5642
-6467
-7525
-7880
-7770
-6982
-7261
-7721
-8569
-8819
-8400
-7826
-7186
-7681
-7337
-7335
-7745
-7854
-7412
-6487
-5925
-5716
-6180
-6346
-5933
-5254
-3640
-2611
-2201
-2982
-3159
-2147
-882
-161
-167
134
89
810
1458
2436
2971
2974
3060
3165
3733
3961
4465
4782
4654
4381
4469
5305
5307
4887
3989
3802
4596
4525
4096
3501
3670
3780
3414
3215
3111
3102
3047
2889
2556
2644
2531
1989
1833
1598
1629
1529
916
601
818
1215
1274
380
-566
-1309
-1289
-1617
-2374
-3032
-3882
-4702
-5338
-5219
-4682
-4572
-5492
-6208
-6856
-6794
-6314
-6747
-6939
-7041
-7084
-7128
-6771
-6365
-6633
-7381
-7515
-6298
-5361
-5452
-6382
-6663
-6203
-5547
-5277
-5168
-4979
-4839
-4216
-3648
-3235
-2637
-2514
-2702
-2574
-1846
-1481
-1063
-1035
-1186
-1104
-1227
-791
-282
-50
203
313
844
1412
1210
962
848
1072
1800
2076
1974
1916
1592
1542
2195
2834
2938
2534
2043
2375
2709
2943
2768
2799
3114
3046
2804
2895
3400
3766
3670
3192
2712
2334
1917
1731
2070
2311
1934
1643
1104
767
677
784
764
-4
-727
-1621
-1793
-2491
-3106
-3319
-3705
-4330
-5287
-5534
-5802
-5780
-6635
-7764
-8259
-8418
-8504
-8568
-8319
-8952
-9470
-9759
-9516
-9150
-9100
-8767
-8949
-9128
-9517
-9492
-9074
-8399
-7628
-7688
-7803
-7772
-7044
-6052
-5336
-4926
-4645
-4197
-3588
-2425
-1407
-541
-58
-166
292
1146
1876
2514
2606
2772
3490
4066
4656
4930
5094
5323
5857
6142
6115
6054
5838
5917
5816
5758
5527
4918
4406
4342
4771
4670
3972
3411
3669
3772
3419
2736
2536
2513
2287
2155
2138
2596
2872
2892
2137
2011
2424
2442
2461
1792
1395
988
880
1072
1017
932
487
225
-316
-164
-183
-442
-1115
-1910
-2130
-2342
-2140
-2670
-3330
-3964
-4046
-3625
-3835
-4197
-5293
-5519
-5254
-4733
-4509
-5482
-6242
-7072
-6455
-5739
-5191
-5362
-6241
-6789
-7147
-6654
-6517
-6452
-6883
-6751
-6265
-4935
-4070
-4277
-4341
-3831
-2480
-1773
-2000
-2268
-1958
-1399
-309
30
515
465
286
701
1451
2377
2419
2213
1996
2270
2779
3227
3893
3874
3472
3267
3420
3948
4297
4094
3600
4016
4472
4656
4586
4344
4296
4575
4616
4258
3895
3784
4003
4477
4174
3286
2635
2363
2765
2867
2716
2095
2036
2004
1773
1395
910
1038
725
432
74
-45
-298
-1097
-1596
-1745
-1871
-2147
-2433
-2988
-3041
-2849
-3278
-3950
-4648
-4569
-4120
-3808
-3923
-4313
-5026
-5156
-4933
-4331
-4540
-5040
-5420
-5706
-5200
-4821
-4382
-4504
-4486
-4471
-4334
-4188
-3872
-3725
-3353
-3151
-3366
-3004
-2692
-2295
-1995
-1550
-1106
-673
-791
-813
-145
539
1082
904
545
407
648
1210
1957
2019
1403
736
850
1839
2348
2363
1556
1195
1504
2064
2333
2066
1764
1345
1586
1779
1929
1543
939
944
1186
1473
1468
654
33
135
419
614
206
-186
-434
-227
-155
-383
-806
-1431
-1762
-1617
-828
-813
-1184
-1989
-2175
-1850
-1955
-2083
-2564
-2399
-2246
-2558
-3348
-3347
-2421
-1791
-1720
-2136
-2405
-2382
-2068
-2058
-2232
-2304
-2023
-1796
-1479
-1160
-1180
-890
-1023
-923
-636
137
308
199
-174
97
1001
1638
2099
1813
1557
1384
1440
1747
1777
1925
1546
1069
929
1214
1434
1588
1853
1736
1456
1019
979
1170
1178
733
824
412
243
285
-38
556
862
1239
775
387
352
624
922
812
1028
864
958
965
1455
1623
1410
926
538
1408
2024
2018
1251
987
938
1001
1020
1419
1964
1590
1542
1616
2162
2540
2477
2116
2134
2276
2252
2131
1855
2089
2248
2143
1999
1884
2088
2063
2352
2271
2001
1612
1243
1417
1826
2462
2428
1792
773
1072
1379
1851
2003
1388
1113
749
873
1286
1526
1442
1508
1129
959
1555
1753
1763
1298
1201
1341
1419
1782
1682
1465
1212
1553
2011
1811
1814
1492
1910
2365
2515
2279
2120
2233
1998
2002
1813
2199
1838
1547
1519
1182
1445
1189
986
365
11
35
-60
99
-50
-253
-725
-829
-602
-788
-1106
-1774
-2305
-2565
-2538
-2325
-2262
-1981
-2050
-2120
-2234
-2576
-2523
-2175
-1981
-1968
-1803
-1497
-1354
-1155
-1105
-1315
-1006
-741
-430
-294
-201
-12
565
882
1333
1424
912
1219
1683
2063
1753
1484
1418
1727
2101
2477
2660
2285
2113
2115
2783
2971
2652
2245
2036
2365
2924
3059
2957
3032
2947
3014
3135
3343
3831
3371
2903
2967
3282
3392
3235
3241
3194
3115
2412
2218
2455
2395
2640
1962
2066
1873
2174
2162
2021
2351
1989
2198
1341
1448
1362
1600
1397
929
854
741
1397
1211
1215
705
1179
1110
638
-24
-339
-39
-113
-228
-568
-586
-778
-651
-404
-224
-719
-1092
-1237
-1006
-603
-734
-1385
-2029
-2097
-1898
-1333
-1224
-948
-1217
-1679
-1305
-924
-152
-41
-420
-659
-663
-609
-380
-263
-446
0
116
349
354
288
271
634
1340
1673
2000
1570
1723
2030
2261
2722
2870
2765
2729
2918
3225
3744
3720
3333
3578
3865
3945
3900
3893
3636
3545
3494
3377
3321
3022
2981
2691
2957
2944
2533
2304
1605
1449
1521
1259
872
547
171
-103
-88
-107
-88
-683
-1133
-1493
-1371
-1197
-1235
-1580
-2106
-2403
-2532
-2436
-2242
-2771
-3498
-3986
-3829
-3643
-3622
-3921
-4387
-4262
-4164
-3931
-4073
-3941
-4217
-4285
-4207
-3781
-3365
-3349
-3417
-3497
-3125
-2797
-2226
-1848
-1827
-1809
-1833
-1079
-719
-760
-946
-873
-512
-6
506
729
1236
1533
2285
2143
2615
3091
3583
3788
3669
4063
4107
4436
4576
5160
5086
4735
5031
5277
5763
5715
5650
5445
5561
5874
5815
5758
5403
5556
5508
5436
4914
4866
5087
5235
5044
4371
4308
4482
4702
4883
5010
5219
4960
4455
3721
3701
3845
3798
3470
3143
3164
2971
2698
2150
2245
2291
1838
1669
1279
1082
694
122
-258
-578
-786
-1273
-1729
-1826
-1809
-1899
-2256
-2747
-3086
-3225
-3169
-3202
-3758
-4207
-4859
-4931
-4743
-4534
-4629
-4644
-4721
-4590
-3830
-3644
-3477
-3965
-4332
-4350
-3872
-2893
-2804
-2551
-2548
-2299
-1761
-1172
-609
-142
-318
-471
-13
71
868
1208
1606
1811
1976
2620
3163
3243
3127
3554
3580
4142
4442
4687
4792
4531
4818
4763
5172
5276
5247
5031
5249
5310
5046
5019
4763
4884
5086
4911
4494
4290
4342
4541
4673
4323
3611
3556
3494
3414
3258
2842
2724
2783
2422
2073
2074
2108
1939
1719
1674
1628
1103
355
-11
222
412
93
-493
-1227
-1551
-1801
-1937
-1973
-2014
-2027
-2248
-2530
-2733
-3070
-2991
-3509
-4064
-4135
-4449
-4568
-4685
-4593
-4443
-4533
-5018
-5343
-5340
-5097
-4760
-4960
-5278
-5339
-5225
-4719
-4847
-4689
-4616
-4355
-4508
-4385
-3969
-3838
-3327
-3484
-3332
-3131
-2618
-2265
-2235
-1743
-1754
-1456
-1369
-874
-40
448
767
635
812
1054
1484
1481
1730
2190
2500
2501
2386
2644
2929
3694
3933
3567
3439
3262
3515
3600
3634
3618
3222
3352
3208
3355
3356
3007
2386
2182
1925
1986
1893
1812
1528
1044
859
792
729
224
44
-174
-254
-299
-424
-834
-1206
-1685
-2097
-2040
-2102
-2085
-1997
-2201
-2509
-2413
-2452
-2348
-2686
-3062
-3247
-3579
-3546
-3642
-4133
-4616
-4538
-4625
-4597
-4764
-5061
-5060
-4904
-4869
-5228
-5434
-5323
-5361
-5069
-4928
-4661
-4578
-4621
-5008
-4937
-4612
-4142
-3943
-4072
-4014
-4297
-3698
-2973
-2825
-2947
-2914
-2579
-2091
-1716
-1646
-1486
-1148
-1132
-1196
-677
18
366
663
658
1120
1408
1742
2167
2602
2594
2690
3026
3353
3607
3543
4136
4610
4366
3900
3840
3837
4134
4546
4001
3914
3853
3851
3771
3716
3921
4094
4123
3776
3501
3344
3564
3424
3141
2400
1923
1916
1888
1628
1291
940
449
400
238
42
68
-151
-415
-819
-607
-474
-983
-1396
-1535
-1197
-1019
-1053
-1292
-1759
-2304
-2758
-2886
-2754
-3035
-3575
-3954
-3834
-3442
-3337
-3354
-3391
-3526
-3633
-3724
-3652
-3411
-3201
-3295
-3213
-3196
-3193
-3017
-3019
-2632
-2197
-1757
-1806
-1487
-1559
-1592
-1063
-713
-49
71
99
723
1251
1406
1613
2015
2728
2825
2969
3105
3180
3196
3015
3305
3571
3889
4063
3764
3480
3480
3417
3438
3637
3528
3477
3711
3851
4102
4028
3716
3244
2922
2696
2755
2965
2604
2272
2019
1860
1937
1758
1737
1771
1602
1571
1640
1273
918
383
32
-230
-484
-457
-444
-516
-987
-1283
-1176
-1174
-1189
-1413
-1847
-1982
-1927
-2257
-2549
-2592
-2816
-2870
-3260
-3708
-3922
-4151
-4169
-4317
-4248
-4118
-4364
-4842
-4736
-4396
-4061
-4341
-4814
-5021
-4842
-4610
-4402
-4114
-3968
-4243
-4407
-4241
-3711
-3353
-3328
-3531
-3509
-2910
-2696
-2673
-2712
-2324
-2012
-1448
-1093
-625
-705
-794
-465
-83
733
753
853
1009
1569
1964
2397
2515
2338
2455
2568
2970
3005
2755
2227
2148
2161
2483
2579
2352
2189
1796
1951
2322
2465
2003
1446
1208
1366
1407
1078
666
305
69
-277
-629
-633
-1028
-1670
-1797
-2102
-2248
-2394
-2647
-3156
-3114
-3052
-3121
-3162
-3160
-3358
-3687
-3997
-4513
-4639
-4904
-5047
-5437
-5424
-5221
-5493
-5332
-5552
-5794
-5807
-5705
-5675
-5497
-5643
-5856
-5759
-5819
-5483
-5476
-5161
-5075
-4710
-4041
-4106
-4345
-4476
-4082
-3494
-3237
-3384
-3361
-3318
-3056
-2187
-1578
-1252
-1469
-1732
-1445
-1447
-1082
-592
-628
-568
-239
-22
222
489
525
400
555
1208
1465
1724
1957
2030
2166
2222
2738
2738
3078
2819
2616
2836
2731
2982
3099
3114
3108
3445
3558
3415
3703
3777
3429
3235
3429
3627
3701
3267
2635
2472
2247
2242
1634
1583
1238
1042
1153
970
1010
489
48
-695
-764
-735
-237
-316
-994
-1487
-1809
-1272
-1278
-1238
-1796
-1866
-2188
-2400
-2073
-2012
-1770
-2066
-2380
-2635
-2194
-1865
-1910
-1947
-2124
-1668
-1594
-1435
-1301
-866
-617
-740
-695
-951
-892
-810
-584
-489
-118
170
-125
-348
-145
415
420
553
154
-133
22
440
794
222
291
492
1183
1816
1762
1478
1397
1559
1680
1942
1857
1847
1533
1186
1405
1866
2351
2083
2003
2089
2166
2446
2316
2292
2174
2253
2129
2202
2618
2927
2811
2638
2531
2109
2056
1954
2187
2230
2335
2578
2488
2091
1851
1706
1710
1923
1882
1831
1352
1293
1377
1530
1393
1093
1047
962
1032
825
585
346
105
-126
-127
-2
-141
-252
-618
-765
-767
-814
-1163
-1690
-1712
-1560
-1270
-1174
-1412
-1667
-1907
-1742
-2070
-2245
-2409
-2290
-1853
-1799
-1911
-2271
-2277
-2185
-2160
-2086
-1719
-1879
-2135
-2195
-2240
-1930
-1957
-1906
-1736
-1515
-1408
-1247
-1065
-1093
-1012
-954
-1065
-950
-993
-721
-455
-433
-623
-387
-30
-170
-408
-428
-249
102
347
345
151
376
503
94
158
169
344
208
295
411
965
1464
1235
1406
1301
1584
1516
1100
879
964
980
996
914
680
354
98
363
618
755
337
-249
-207
111
203
476
593
101
0
40
-83
-55
-128
-386
-314
-222
-528
-743
-978
-1300
-1405
-1624
-2042
-2128
-2259
-2483
-2301
-2119
-2137
-2140
-2226
-2077
-2097
-2018
-2247
-2302
-2235
-2251
-1924
-1750
-1406
-1487
-1972
-1865
-1570
-1457
-1352
-1093
-831
-143
72
-50
158
248
838
958
1075
1295
1035
1035
1438
2040
2232
1906
1848
1733
1457
1908
2281
2535
2106
2049
2059
2283
2326
2214
2345
1874
1649
1429
1403
1775
1773
1237
1010
1017
775
951
928
1006
846
597
747
738
975
822
443
-125
-194
130
-72
194
63
5
134
185
654
780
572
45
165
351
319
457
153
80
79
7
-178
47
88
48
-240
-209
47
252
-186
-422
-574
-428
-224
-92
147
-115
-36
-139
-152
-224
-229
-457
-892
-957
-908
-682
-892
-711
-723
-794
-380
-660
-1115
-1528
-1067
-963
-1002
-1051
-914
-921
-541
-395
-602
-622
-675
-465
-735
-611
-453
-663
-815
-746
125
560
769
655
706
822
1102
1287
1278
1279
1067
1088
1091
1317
1255
1394
1170
866
1456
1710
1885
1598
1485
1464
1685
2252
2190
2131
1367
1369
1386
1485
1478
1289
1258
997
1460
1490
1709
1452
1443
1330
1395
1565
1315
1471
806
916
1053
1114
1410
965
891
781
826
464
316
419
576
629
397
609
523
732
522
638
570
580
492
234
580
455
316
-168
-145
128
603
737
582
476
135
189
462
680
905
628
579
381
493
249
-116
-250
-182
107
170
393
126
-8
-170
281
732
626
908
742
660
572
792
905
936
693
347
916
982
1047
478
635
719
667
849
1056
1154
1253
1498
1372
1256
947
1032
823
615
578
541
821
681
791
563
690
986
776
807
767
762
600
817
765
716
716
463
417
32
44
-284
142
203
-63
-130
-598
-510
-663
-291
-211
-175
-422
-735
-1078
-1214
-907
-1096
-1336
-1510
-1851
-1856
-1501
-1551
-1874
-2010
-2088
-1921
-1813
-1719
-1508
-1689
-1910
-2184
-1890
-2126
-2043
-2221
-2408
-2380
-2732
-2635
-2762
-2559
-2662
-2474
-2180
-1890
-1992
-2614
-2886
-2912
-2592
-2524
-2318
-2280
-2159
-1799
-1602
-1454
-1578
-1712
-1451
-1127
-1257
-1053
-1080
-1013
-795
-662
-319
122
555
695
941
1195
1467
1486
1321
1388
1652
1683
1906
2217
2094
2028
2010
1846
2113
2259
2493
2640
2933
2988
2578
2624
2453
2516
2358
2520
2370
2092
1885
1699
1946
1690
1610
1190
998
965
815
759
310
310
-165
-313
-340
-170
3
-230
-491
-899
-733
-735
-1085
-1229
-1023
-1168
-1297
-1338
-1692
-1876
-1876
-1852
-1873
-1914
-1755
-1358
-1384
-1332
-1304
-1667
-1769
-1642
-1204
-1185
-1239
-1466
-1506
-1543
-1373
-910
-666
-362
-781
-572
-259
152
261
318
424
370
788
591
804
613
673
731
759
1225
1367
1591
1321
1500
1773
1670
1710
1644
1813
2297
2407
2511
2478
2296
2193
2245
2657
2772
2610
2487
2283
2597
2958
2992
2840
2795
2546
2530
2764
3029
2925
2510
2527
2472
2476
2376
2487
2483
2410
2566
2484
2397
2368
2231
2183
2590
2253
2241
2338
1906
1699
1534
1523
1397
1269
1285
1238
988
882
1060
883
767
719
359
570
93
93
211
107
-17
-179
-151
-127
-394
-567
-508
-640
-456
-747
-930
-1170
-935
-640
-511
-622
-633
-850
-1083
-902
-962
-892
-788
-869
-711
-661
-513
-400
-464
-674
-586
-494
-536
-537
-466
-224
-158
292
440
438
613
626
542
814
597
684
1037
1150
1252
1336
1656
1621
1628
1553
1606
1628
1696
1771
1733
1693
1603
1618
1706
1649
1695
1585
1203
847
880
856
748
1178
1045
773
715
522
631
305
33
121
-57
-90
-183
-447
-671
-621
-889
-1191
-1514
-1901
-1589
-1668
-1630
-1784
-2323
-2499
-2537
-2532
-2632
-2438
-2361
-2590
-2706
-2802
-2810
-2845
-2779
-2886
-3008
-2743
-2575
-2405
-2378
-2448
-2605
-2825
-2988
-3111
-2659
-2573
-2607
-2828
-2693
-2656
-2321
-1908
-1662
-1646
-1465
-1435
-1441
-1468
-1616
-1748
-1798
-1577
-1451
-1201
-817
-616
-537
-590
-593
-238
-201
-491
-581
-148
-178
-336
-251
302
529
652
716
486
1040
1183
1172
1053
912
984
1136
1457
1395
1529
1343
1455
1579
1841
2114
2279
2088
1946
2198
1982
1869
1476
1503
1524
1251
1192
944
1340
1461
1479
1393
1052
1072
606
610
597
792
297
49
120
68
465
210
-32
-257
-85
89
78
11
-6
-101
-329
-158
-186
-169
-313
-484
-393
-171
-75
-45
203
138
-213
-295
-225
-185
-153
-281
-714
-548
-451
-691
-915
-814
-655
-1024
-1128
-1265
-1391
-1223
-1008
-1218
-1270
-1052
-949
-1175
-1074
-1267
-1265
-1217
-1323
-1302
-925
-776
-515
-118
-4
33
120
360
478
491
275
656
571
453
591
763
861
931
932
958
1095
1243
1414
1449
1478
1340
1387
1454
1170
1205
1252
1016
848
583
562
528
706
378
239
-35
-371
-334
-502
-272
-527
-276
-363
-370
-62
-320
-328
-484
-251
-416
-334
-263
-400
-533
-832
-764
-995
-692
-368
-352
-452
-844
-668
-652
-595
-741
-552
-615
-488
-306
-555
-861
-1118
-830
-828
-774
-979
-995
-806
-1146
-832
-1060
-936
-629
-740
-134
-427
-346
-500
-646
-767
-854
-811
-851
-675
-874
-506
-307
-91
126
305
608
406
553
753
657
446
536
490
627
781
876
826
822
844
917
1018
638
543
545
978
1282
1091
981
1070
1406
1524
1525
1419
1557
1722
1618
1442
1019
810
595
441
463
341
424
114
93
-210
-372
-679
-799
-844
-998
-856
-1144
-1029
-1289
-1201
-1177
-1388
-1512
-1525
-1388
-1370
-1553
-2165
-2070
-2364
-2194
-1760
-1916
-1954
-2397
-2106
-2732
-2809
-2860
-2900
-2857
-2786
-2661
-2990
-2640
-2774
-2464
-2677
-2712
-2559
-2091
-1969
-1964
-1839
-1859
-1804
-1942
-2005
-1831
-1762
-1872
-1842
-2202
-2252
-2135
-2025
-1991
-1568
-1450
-1401
-1199
-1119
-1296
-1457
-826
-384
-319
-531
-683
-638
-430
-181
-191
-291
-173
-20
359
177
215
193
151
166
284
56
-89
82
131
471
727
777
617
630
714
788
907
641
810
1107
1013
696
550
411
264
326
-123
-101
-149
-169
191
90
37
-127
-166
-295
57
29
-200
-27
-395
-598
