SAMPLES:	16261
BITSPERSAMPLE:	16
CHANNELS:	1
SAMPLERATE:	16000
NORMALIZED:	FALSE
-89
-64
-112
-217
-276
-472
-385
-694
-940
-961
-765
-754
-505
-133
212
-65
-231
-122
-306
-433
-297
-81
164
179
-75
-491
-658
-458
-241
-245
-231
-192
-179
235
23
-115
-218
-538
-544
-323
28
225
338
392
403
113
-159
-541
-1172
-1351
-1068
-789
-1150
-1118
-1029
-1104
-1120
-655
-448
-803
-963
-933
-1119
-1364
-985
-1042
-867
-657
-589
-517
-303
-165
-181
-137
119
532
591
534
229
356
430
342
446
584
634
707
574
559
492
676
979
680
210
276
606
461
430
685
951
817
830
537
383
531
588
581
716
578
712
605
586
742
693
982
727
768
890
1082
771
560
551
216
128
125
587
807
887
1074
997
751
779
775
489
500
675
697
1028
927
663
913
621
897
932
1250
1565
1272
1152
820
739
1045
998
974
702
920
1045
929
974
544
646
523
405
590
795
673
718
737
684
472
586
528
352
294
126
64
-86
-149
-254
-414
-291
-44
1
-17
104
-26
-47
52
68
69
223
586
721
611
560
459
766
998
663
811
660
635
935
1100
1093
1033
965
846
1019
913
980
817
325
524
821
835
582
538
640
503
150
15
122
481
460
459
723
542
386
397
562
429
232
195
243
211
306
394
347
574
504
432
731
925
931
854
1023
883
870
775
1022
1135
963
1098
1099
1316
1385
1287
1406
1492
1326
1139
1009
1043
916
809
572
586
574
806
948
992
795
748
863
578
581
177
136
180
494
659
570
688
900
1039
1190
1367
1419
1384
1395
1329
1088
1278
1071
1275
1465
1498
1313
1399
1695
1679
1911
1600
1494
1357
1352
1348
1353
1459
1785
1877
1565
1519
1248
1054
853
954
898
691
483
489
558
501
807
570
424
259
-137
97
-152
-315
-40
-261
-461
-201
-140
55
-65
-230
-259
-561
-476
-538
-676
-765
-495
-469
-789
-1051
-1032
-828
-1106
-1333
-1476
-1487
-1466
-1293
-1327
-1430
-1259
-1135
-991
-1343
-1425
-1401
-1245
-1155
-1271
-1233
-1258
-1090
-1027
-938
-824
-861
-971
-831
-703
-632
-733
-950
-826
-862
-707
-439
-125
-58
16
-136
-109
181
-154
-271
-358
-308
-299
-302
-364
-256
-108
138
54
-16
-95
-186
-191
-436
-601
-514
-681
-922
-1139
-994
-989
-1061
-1025
-745
-736
-758
-784
-918
-675
-371
-203
-451
-500
-733
-865
-1022
-959
-659
-798
-933
-948
-872
-912
-1027
-854
-710
-561
-659
-407
-669
-808
-655
-554
-183
-80
-156
-431
-166
67
272
418
434
370
-191
140
50
-324
-185
-109
-28
-81
-16
393
718
900
810
788
671
475
225
-149
-185
-261
48
192
241
459
541
414
434
463
189
29
-271
-513
-467
-408
-618
-337
-89
-72
-199
-376
-403
-298
213
339
410
302
296
760
958
921
792
797
688
590
576
412
599
887
1130
1188
1073
827
1031
1036
1040
1218
1015
786
712
428
282
273
453
832
1125
1291
1244
1242
1074
770
328
501
536
493
314
176
-97
-4
78
80
232
132
137
41
285
428
191
140
-246
-262
-161
128
-47
-270
-135
79
409
729
1011
932
809
870
882
731
439
599
783
899
825
1047
1290
1130
826
826
727
765
679
497
642
741
852
873
1052
843
678
853
1150
1050
1463
1439
1305
1032
567
565
760
792
792
768
896
872
995
1274
997
1096
959
684
353
196
-85
9
483
712
848
1108
959
468
-238
-292
-217
-393
-442
-609
-201
-372
-221
-445
-698
-963
-1216
-911
-868
-1039
-1291
-1036
-651
-590
-552
-588
-784
-614
-336
-205
-149
-174
-155
-391
-659
-725
-474
-334
-291
-294
-258
-364
-665
-809
-916
-894
-1092
-993
-820
-707
-835
-708
-624
-835
-787
-756
-525
-795
-635
-700
-973
-1156
-964
-929
-843
-629
-958
-1058
-1600
-1644
-1640
-1682
-1638
-1376
-1415
-1249
-1085
-1097
-1111
-1175
-998
-1268
-1503
-1502
-1475
-1452
-1565
-1704
-1622
-1541
-1648
-1632
-1493
-1353
-1377
-1423
-1381
-1317
-1397
-1111
-1142
-1297
-1391
-1400
-1087
-1320
-929
-1037
-1238
-1163
-1212
-1164
-1205
-1331
-1616
-1610
-1321
-1147
-1115
-946
-1069
-1015
-834
-993
-1271
-1319
-1098
-1324
-1108
-980
-840
-791
-871
-883
-1105
-856
-776
-612
-676
-744
-551
-448
-265
-206
-55
231
147
-173
1
-28
-193
-81
-145
-282
-379
-431
-418
-575
-558
-775
-636
-447
-664
-778
-841
-863
-813
-644
-539
-647
-586
-246
-130
-343
-486
-669
-822
-911
-729
-447
-464
-339
-439
-512
-455
-268
-508
-547
-151
-63
-108
-323
-214
-61
-156
-44
242
435
445
272
71
433
744
769
837
774
535
515
425
123
22
-95
56
184
389
283
254
212
46
-361
-501
-228
-164
-171
-230
-314
-261
-154
-282
-459
-681
-683
-859
-743
-515
-669
-604
-611
-549
-1005
-992
-894
-714
-629
-538
-342
-693
-597
-665
-775
-539
-459
-235
-139
-43
107
421
299
109
-257
-265
-93
13
389
403
600
584
773
726
786
959
969
1182
1261
1349
1337
1453
1490
1284
1230
988
783
676
620
863
927
991
835
417
188
183
193
38
45
-47
328
464
244
-65
-101
262
19
-249
-8
342
313
94
164
406
678
672
600
711
1017
1416
1587
1535
1995
2298
1961
1120
1168
2075
2561
2410
1629
2057
3010
2968
2233
2319
2995
3302
3139
2506
1902
1556
1313
1363
1450
1096
498
-34
85
264
-217
-1078
-1528
-1463
-1208
-1198
-1714
-1912
-2244
-2615
-2906
-2639
-2587
-2846
-2886
-2998
-2664
-2692
-3286
-3542
-3314
-3376
-3438
-4085
-4192
-3763
-3779
-3479
-3316
-3537
-3868
-3629
-3040
-3216
-3452
-3380
-3309
-3359
-3392
-3402
-3580
-3511
-3402
-2877
-3229
-3946
-3565
-2961
-2362
-2391
-2248
-1315
-632
-1176
-1294
-992
-179
517
650
798
617
238
293
986
1603
1776
1430
1506
2269
2198
2084
1986
1732
1902
2406
2557
2243
1957
1613
1460
1514
1771
1768
1471
1214
1015
747
307
429
346
360
423
309
168
-76
285
285
126
-327
-582
-106
-335
-600
-887
-1158
-1434
-1612
-1327
-1398
-1160
-1005
-900
-874
-378
123
-45
-1011
-1486
-498
471
1160
292
-240
982
1396
435
-322
391
1760
2057
1551
1252
1137
1146
1612
2157
2211
1451
202
373
1366
1762
1351
501
197
293
382
-90
-564
-848
-1236
-1597
-1927
-1530
-1527
-1832
-2014
-2209
-2474
-2606
-3243
-3443
-3004
-2979
-3698
-4291
-4380
-4048
-4038
-4037
-4422
-4837
-4777
-4462
-3212
-3350
-4752
-6416
-5615
-3057
-1879
-3508
-4556
-2317
-486
-1745
-3217
-1901
965
1706
871
1108
1639
1516
1539
3490
4507
3129
1906
2884
5035
5547
4973
4200
4185
4099
4305
4335
3730
3192
3383
3500
3040
3392
3369
2455
1486
1651
2167
1493
598
994
1208
718
-231
-989
-766
-532
-506
-696
-1186
-1709
-1853
-1931
-1658
-1119
-787
-901
-907
-625
-36
202
-116
-315
-133
-25
411
427
203
172
294
555
1118
1941
1624
731
1065
2479
3277
2911
1800
2006
4069
4143
2114
1730
3316
4196
3317
2372
2314
2664
3002
3284
3647
3415
2534
2175
2100
3172
2627
859
321
1364
1757
1494
1017
487
487
288
82
127
-110
-759
-904
-882
-1024
-1987
-2598
-2693
-2327
-1996
-2306
-3393
-3564
-2554
-2467
-3067
-4036
-4245
-4499
-4913
-5374
-5732
-5799
-5265
-4531
-4630
-5524
-6403
-5082
-2960
-3169
-5050
-4883
-2447
-1051
-2691
-3877
-1274
1435
957
85
657
1453
919
1252
3537
4050
2289
1577
3483
5066
4459
3291
3517
3801
3546
3620
3963
3814
3262
2874
2672
2266
2402
2514
1768
1138
1315
1597
386
-436
-186
564
-361
-1575
-1550
-938
-682
-1151
-1258
-1340
-1802
-2244
-1665
-1357
-1425
-1779
-1769
-1798
-1793
-1473
-1167
-1076
-820
-139
857
1164
759
851
1251
1448
1845
2477
2427
2451
3014
3007
3089
3337
3599
3582
3603
3863
3427
2930
3276
4068
4326
3926
3678
3181
3255
3488
3489
3130
2405
1854
1932
1955
1615
1201
692
264
24
-83
-592
-1233
-1438
-1673
-1615
-2137
-2862
-3429
-3735
-4036
-4170
-4462
-4744
-5253
-5596
-5247
-5570
-6190
-7050
-6952
-6229
-6435
-7308
-8144
-7822
-7278
-5839
-4553
-5490
-7901
-7826
-4461
-2605
-4141
-6212
-4770
-1605
-1687
-4283
-4173
-439
1520
-26
-798
904
2380
1880
2981
5076
4650
2153
1753
4458
5819
4713
3057
3389
4330
4602
4900
4914
4549
3929
3897
3970
3541
3381
3301
2603
2197
2814
3079
1981
1068
1705
2358
1300
-153
25
974
837
-257
-630
-449
-772
-1235
-623
142
-87
-748
-658
-519
-563
-501
219
128
-441
-393
390
1382
855
276
545
1679
1776
1973
2205
2516
3384
3498
2524
2631
4397
5341
4959
4617
4397
3708
3786
4728
4870
3616
2981
3432
3842
3962
3688
2965
2572
2865
2964
2316
1799
1278
527
89
-302
-41
384
-441
-1459
-1181
-1142
-1751
-3007
-3294
-3171
-3557
-4090
-4888
-4930
-4585
-4854
-5246
-5632
-5898
-6074
-5987
-5773
-5761
-6323
-6918
-6281
-5448
-4666
-5666
-7239
-6689
-3751
-2002
-2866
-3919
-3148
-773
-285
-1755
-1684
732
2610
2059
1345
1911
2889
3659
4641
6136
6434
4677
3899
6025
7555
6806
5394
5851
6467
6479
6279
6360
5800
4754
4492
4790
5175
4787
4265
4057
3876
3635
3113
2735
2293
2359
2062
1237
227
-31
966
1072
326
-9
-108
-262
-466
-157
70
-638
-1617
-1354
-761
-712
-1228
-1432
-904
-1136
-1387
-428
1206
1260
-34
-383
1248
2494
2828
2008
2248
3474
3946
3221
2532
3460
4859
5013
4232
3516
2833
2973
3687
4483
4302
2897
2084
2616
3566
3696
2379
1250
1285
1683
1246
216
-165
-788
-1489
-2035
-1944
-1507
-2389
-3812
-4462
-4049
-3842
-4903
-6280
-6420
-6070
-6659
-7530
-8528
-8368
-7791
-7728
-8409
-8999
-9393
-9295
-8543
-8489
-9603
-10282
-9667
-8360
-7288
-8024
-8672
-8734
-6160
-4411
-4917
-5918
-5418
-3179
-2282
-2987
-2756
-288
2297
2070
1182
1276
2522
3419
4101
5691
5803
4948
4496
6085
7499
7147
5288
5057
5681
6175
6350
5974
5478
4293
3921
4246
4375
4170
3224
2239
1990
1974
1835
2036
1444
989
572
-422
-1337
-1687
-876
-815
-1611
-2700
-3177
-2964
-3327
-3047
-2800
-2780
-3198
-3286
-2380
-1946
-1834
-2244
-1645
-1517
-793
153
70
-511
-300
1347
1932
2106
1507
2619
3943
3540
2269
2454
4603
5704
5321
5104
5335
5348
5727
6577
6687
5898
5076
4971
5431
6353
6188
4727
3604
3710
4220
4292
3605
3036
2979
2646
1996
1867
1732
1302
299
-395
-663
-622
-855
-1661
-2014
-2718
-2652
-3393
-3980
-3814
-3766
-4213
-4876
-5299
-6160
-6134
-6176
-6119
-6387
-7385
-7466
-7424
-6716
-6624
-6569
-6685
-7326
-7414
-6531
-4145
-3523
-4235
-4855
-2873
186
-121
-1878
-1630
1702
3670
2810
2335
3162
4201
3555
4371
6027
6711
5039
4592
7188
8709
7279
4943
5728
7643
8096
7118
6319
6207
5951
6065
5986
6272
5571
4185
3717
3618
4289
3621
2662
1363
1410
1868
1173
-52
-755
61
437
-193
-1314
-502
-51
-619
-792
-267
-4
-934
-930
-66
197
-411
-922
-381
868
850
575
482
1065
2014
2661
2413
2041
3228
4425
4268
2999
3596
5481
6195
5457
4775
4883
5344
5579
5715
5919
5690
5180
5010
4888
5464
5071
3940
3339
3312
3458
2682
1851
1593
1506
792
-119
-422
-238
-676
-1704
-2168
-2320
-2532
-3109
-3698
-4143
-4159
-4802
-5577
-5916
-5720
-5585
-6001
-6611
-7055
-7606
-7459
-7574
-7799
-8341
-8427
-8720
-8850
-8703
-8664
-8671
-8764
-8239
-7445
-7543
-8203
-8288
-6753
-4876
-4383
-5064
-4648
-2332
-1283
-2288
-3013
-849
2209
2595
1253
1316
2958
4130
4705
5593
5909
5274
4455
5690
7358
7648
5934
5428
6079
6337
6372
6189
5999
5098
5088
5149
4564
3942
3722
3747
2883
2268
2049
1875
1514
1055
1220
464
-770
-1487
-1141
-540
-1080
-1958
-2423
-2291
-2058
-2077
-1884
-1686
-1995
-2342
-1466
-980
-1099
-1248
-433
51
-777
-1265
82
1731
1680
821
734
2169
3381
3394
3270
4078
4881
5601
6206
6087
5570
5424
6315
7308
6830
5673
5497
6055
6061
5698
4649
3700
3910
4510
4430
3958
3117
2403
2173
1874
1271
666
79
-829
-1383
-958
-1128
-2155
-3204
-3293
-3109
-3696
-5217
-6299
-5970
-5647
-6291
-7563
-8095
-7844
-8371
-8967
-8738
-8732
-9181
-9178
-9330
-9659
-9749
-9677
-9959
-10071
-9756
-9212
-8406
-8399
-9099
-9694
-8296
-6031
-5061
-5193
-5651
-3834
-1663
-1795
-2775
-1757
1457
2646
1795
1828
2735
3585
3975
5522
6539
5691
4456
5343
7533
8325
6539
5502
6558
7363
7308
7020
7335
6501
5620
5647
5924
5568
5113
4584
4199
3678
3716
3713
3190
2428
2347
2727
1868
886
822
1434
1391
-40
-1019
-686
-97
-311
-222
1
-434
-924
-710
404
1327
1312
1302
1760
1673
1166
1517
2775
2873
2492
1705
2292
3747
4166
3538
3468
4778
5869
6026
6204
6486
6218
6295
6992
7012
6717
6406
5892
6136
7026
7304
6222
5424
5891
6392
5714
4998
4245
3671
3441
2931
2419
1529
950
278
-370
-484
-823
-1822
-3046
-3007
-2722
-2963
-4114
-5234
-5495
-5368
-6033
-6879
-6732
-6598
-6948
-7314
-7792
-8364
-8212
-8065
-8243
-8699
-9329
-9925
-10165
-10116
-9637
-9021
-8758
-8162
-8275
-8792
-8250
-6017
-4571
-4562
-5334
-4374
-1756
-886
-2443
-2635
35
2732
2467
1566
2195
3431
4173
4571
5672
5298
3962
3385
5376
6514
5532
4112
4012
4959
5120
5253
4949
4038
3299
3461
3924
3717
3089
2498
2103
1284
920
1056
927
314
-233
-15
20
-683
-835
52
841
-483
-2043
-1761
-795
-391
-732
-172
-188
28
-40
703
1335
1634
1291
1444
2637
2054
1180
973
3095
4274
4442
3330
3420
5511
6234
4692
3589
4972
6395
6293
5937
4923
4542
5110
6661
6782
5817
5481
5789
5950
6181
5972
4354
3402
3481
4627
4247
3540
2388
1518
2117
1957
1043
218
-130
-479
-1139
-1249
-1834
-2628
-3480
-3767
-3268
-3463
-4183
-4792
-5140
-4721
-5406
-6426
-6732
-6309
-6542
-6785
-7357
-8068
-8349
-8338
-8399
-8788
-8372
-7402
-7298
-7933
-8603
-8064
-6264
-5239
-5347
-7454
-7256
-5253
-3223
-3477
-4525
-3877
-1963
-191
-597
-1239
-763
1053
2744
2537
1827
888
2037
4017
5832
5532
3885
3151
3920
5852
5792
4676
3081
3222
3917
4376
4053
2994
2027
1675
2197
2950
2631
1937
1029
1144
1307
1032
488
-227
-223
90
156
-668
-1205
-667
3
-104
-760
-1138
-993
-1195
-1007
-821
-740
-1439
-1736
-1161
-290
-119
-522
-817
-501
-95
517
457
260
289
407
583
853
1162
1261
2084
2432
2411
2560
2428
3181
3577
3541
3432
3126
3395
3882
3965
3879
3245
2275
2350
2524
3162
3105
2057
1577
1430
1708
1483
918
41
-503
-631
-674
-870
-1833
-2335
-2732
-3128
-3396
-3858
-3970
-4257
-4979
-5334
-5375
-5444
-5755
-6040
-6443
-6383
-6416
-6550
-6474
-6757
-6679
-6505
-6528
-6798
-6349
-6263
-5731
-5765
-6392
-6403
-6092
-6067
-6451
-5343
-3204
-3374
-5353
-5798
-3033
-627
-1666
-3756
-2693
1084
2182
52
-1821
-187
2242
2300
2592
2492
2269
2381
3391
4832
4577
3116
2692
3909
4776
4834
3788
2781
2311
2826
3557
3804
3670
3205
3139
2874
2318
2648
2799
2128
1316
1664
2521
2206
1612
1675
2587
2619
1853
1019
750
1637
2108
1596
913
643
371
608
976
1166
682
-159
391
1109
1005
458
237
865
975
518
0
610
1581
1257
370
66
1410
2574
2748
2412
1903
1878
2737
3329
3346
2963
2642
3186
3397
3331
3276
2991
2812
2492
2315
2183
2275
2393
1704
1141
578
292
145
-149
-485
-873
-1490
-1943
-2137
-2185
-2746
-3325
-3296
-3230
-3832
-4348
-4597
-4930
-4843
-5071
-5552
-5965
-6000
-5972
-6181
-6417
-6115
-6140
-6433
-6595
-6913
-7040
-6943
-6510
-6330
-6605
-6955
-7520
-7554
-6938
-6184
-5621
-5872
-6880
-6929
-5432
-4201
-3951
-4755
-3820
-2852
-2401
-2125
-2096
-1257
-368
379
660
55
-231
94
1208
1533
1331
1062
1237
1903
2454
2885
2583
2269
2141
2792
3883
4140
3140
2113
2054
2672
3351
3488
3032
2412
2091
2333
2416
2767
2635
2475
2389
2610
2648
2383
2282
2633
2842
2137
1636
1647
2022
2265
1900
1203
757
652
1019
1037
999
571
-384
-330
-144
822
910
372
-652
-783
75
46
-527
-828
-222
291
643
652
635
566
538
1209
1702
1182
974
783
1106
1918
1713
507
418
1145
1507
980
336
-128
-407
-120
-484
-855
-1078
-1645
-1993
-2341
-2258
-2483
-2936
-3427
-3590
-3931
-4379
-4715
-5411
-5371
-5063
-5240
-5302
-5135
-5171
-5264
-5861
-6425
-6490
-6362
-6052
-6366
-6332
-5816
-5877
-6060
-5811
-5122
-5344
-5894
-5864
-5545
-5404
-5195
-4835
-4788
-4363
-4910
-5641
-5212
-3733
-2805
-3660
-3594
-2988
-1319
-1000
-2150
-1904
-1131
508
1141
727
612
229
928
1817
3098
3114
2395
2407
3420
4193
3762
3103
2661
3295
3768
4229
4362
4223
4135
4209
4604
4441
4867
4822
4426
4559
4210
4836
4807
4533
3931
3845
3858
3731
3859
3890
3748
3228
2819
2550
2365
2291
1828
961
644
229
643
582
289
260
1080
787
-262
-493
369
1014
671
88
-213
841
2040
1562
761
1315
2108
2300
1962
1867
1586
1255
2016
2433
2350
2348
2276
2755
2815
2843
2095
1395
1389
1226
1455
1179
481
-521
-792
-432
-1197
-2367
-2702
-2685
-2860
-3337
-3834
-4708
-5172
-5290
-5465
-5495
-5788
-6181
-6006
-5855
-5077
-5425
-6202
-6076
-5741
-5415
-5751
-5959
-5996
-5822
-5595
-5757
-5764
-5514
-5638
-5682
-5653
-5245
-5143
-4972
-4901
-5228
-5379
-5218
-4894
-4394
-5120
-5813
-5820
-4158
-3591
-3789
-4280
-4152
-2147
-1761
-2265
-2936
-1772
99
533
108
-637
-396
427
1683
2235
1324
1070
1292
2863
3216
3230
2654
2720
3449
4018
4782
4480
4025
3466
4354
5666
5377
4899
4560
4670
4829
4330
4307
4013
4153
3581
3824
3667
3348
3156
3243
3521
3391
3197
2778
2836
2914
2749
2228
1488
1339
1133
1541
1365
1615
1579
849
661
755
1638
1455
1099
851
1623
2906
2721
2382
2515
2886
3509
3684
3934
3805
3897
3316
3523
3890
4036
3813
3565
3541
3876
3910
3501
3188
3041
3293
2616
1509
894
797
1043
86
-1053
-1230
-1453
-1501
-1881
-2222
-2669
-3290
-3910
-4035
-3886
-3949
-4386
-4861
-5171
-4533
-4016
-4447
-4425
-4501
-4567
-4509
-4360
-4100
-4153
-4460
-4615
-4653
-4628
-4950
-4688
-4373
-4526
-4535
-4532
-4095
-4525
-4941
-5084
-4655
-4113
-3405
-3560
-4513
-5011
-4245
-2562
-2868
-2939
-3248
-1917
-753
-1135
-1670
-1346
-2
887
989
611
54
808
1746
3147
3158
1950
1526
2383
3925
3885
3563
3246
3681
3990
4655
4579
3977
3089
3097
4068
4607
4017
3486
3615
4096
3911
3655
3233
3614
3691
3493
3316
2375
2162
2383
2810
2694
2230
1433
1735
2362
2535
2012
1268
1026
1001
813
1037
629
374
168
-116
-259
-135
637
803
689
201
132
494
616
1085
612
495
1145
1369
1921
2143
2239
1948
2479
2401
2083
1767
1750
1848
1927
1842
1385
1047
685
1053
1076
581
-331
-985
-756
-493
-796
-1175
-1724
-1654
-1758
-1586
-1654
-2264
-3160
-3601
-3074
-2636
-2931
-3481
-3401
-2772
-2482
-2549
-2927
-3185
-2896
-2715
-2809
-3444
-3478
-3201
-2684
-2638
-2978
-3292
-2930
-2572
-2818
-3347
-3701
-3669
-3758
-3934
-4009
-4074
-3712
-3648
-3325
-3806
-4091
-3968
-3114
-2533
-3170
-3743
-3496
-1925
-1906
-2914
-3255
-1523
205
326
-299
-1077
-710
490
1634
2274
1737
1506
1969
3522
4442
4278
3811
3732
4728
5599
6328
5744
4959
4285
4623
5825
5946
5521
5321
5525
5279
5255
5709
5197
5116
4565
4114
4284
3797
3626
3579
3584
3438
2559
2048
2417
2807
2519
1736
1260
1284
1064
1101
1036
974
966
141
444
908
1350
909
573
686
904
1363
1667
1743
1839
1393
1391
1852
1553
1648
1845
1939
1556
1447
1532
1651
1581
2117
2264
1772
1322
1047
1600
1649
1181
665
373
298
364
547
89
-43
-555
-855
-987
-1256
-1313
-1304
-1066
-1323
-1405
-1208
-1494
-1694
-1907
-2101
-2242
-2360
-2253
-1848
-1768
-1865
-1926
-2016
-1712
-2389
-2563
-2399
-2683
-3152
-3668
-3585
-3296
-3898
-4597
-5254
-5461
-5548
-5288
-5395
-4760
-4776
-4894
-5403
-5920
-6117
-5915
-4702
-4997
-5648
-5780
-4756
-3726
-3708
-3739
-3076
-2196
-1116
-1250
-682
-960
-494
-350
1231
2029
1643
1066
1797
3174
3376
3509
2745
2725
2785
3787
4461
4708
4387
3922
4410
5588
5311
4776
4241
4498
4227
4823
4973
4917
4418
3892
4319
4238
3877
3094
2668
2929
3341
2832
2249
2297
2603
2165
1228
311
136
285
877
827
712
343
-33
310
467
181
-529
-337
-469
-953
-934
-959
-720
-766
-220
-142
333
600
430
571
875
1012
754
1201
1177
1177
1323
1238
1490
1467
2221
2126
1822
1906
1763
1512
1003
1260
1262
1333
1168
866
573
528
673
222
81
-62
-427
-890
-790
-776
-954
-1271
-2172
-2860
-3100
-2729
-2813
-2878
-2982
-3031
-2930
-3474
-3909
-4087
-4271
-4551
-5103
-4952
-4824
-4740
-5273
-5602
-5719
-5958
-5997
-6449
-6890
-6940
-6752
-6586
-6115
-6985
-7501
-7438
-5476
-4774
-5378
-5976
-5451
-3813
-3723
-4421
-4116
-2261
-618
-537
-462
-513
-215
738
1987
2641
1845
1999
3024
4736
5055
4523
4025
4051
4382
5270
6160
6314
5715
5443
6042
7355
7683
7414
6837
6573
6627
6776
6627
5978
6019
5886
6063
5670
5240
4670
4418
4114
3762
3683
3340
3243
3185
2649
2223
1678
1514
1299
1502
1634
1099
758
319
613
680
499
156
285
1127
1516
1424
1105
1721
2240
2172
1477
1619
2653
3197
3244
3273
3604
3890
4358
4824
4430
4043
4006
4498
4730
4933
4723
4044
3471
3218
3214
3106
3115
2834
2237
2115
1758
1229
920
616
327
-557
-1146
-1237
-738
-677
-1184
-2214
-2682
-2624
-2690
-3192
-3581
-3694
-4206
-4326
-4180
-4196
-4403
-4672
-5071
-5524
-5817
-5822
-6021
-6317
-6698
-7152
-7234
-7219
-6904
-6907
-7414
-7830
-8381
-8011
-7503
-7097
-8213
-9267
-9166
-7245
-5486
-5862
-6558
-6619
-4909
-3894
-4528
-5274
-4358
-2979
-2065
-1884
-1670
-2072
-1324
150
1716
1547
1038
1466
3105
4625
4111
3364
2741
3461
4344
5544
6096
5006
4288
4368
5986
6593
5628
4395
3664
4048
4105
4585
4197
3873
3464
3398
3390
3125
2291
1709
1891
1629
1039
297
336
824
777
374
-107
-714
-1183
-1170
-799
-1307
-1791
-2765
-1859
-874
-837
-1013
-1647
-1401
-1331
-593
-320
61
501
172
280
779
1734
1869
1561
1606
1751
2353
3016
3722
3327
3044
2986
2990
2956
2949
3178
3013
2925
2961
2657
2517
2820
2616
2208
1942
1521
1456
1631
1415
1004
447
251
-218
-265
-624
-1375
-2404
-2469
-2204
-2350
-2247
-2401
-2490
-3220
-3599
-3676
-4061
-4297
-3899
-4188
-4811
-4797
-4441
-4280
-4478
-5021
-5487
-5887
-5516
-5329
-5485
-5602
-5898
-6134
-5463
-5064
-4653
-5206
-5905
-6018
-4510
-2763
-3196
-3746
-3963
-2242
-1341
-1957
-1997
-667
1576
1813
1426
1839
1675
2671
3781
5011
4470
3668
3637
5133
6594
6701
5809
5262
5809
6526
7825
7790
6731
5927
6097
7113
7355
6358
5904
5711
5622
5305
5970
5903
5414
4822
4547
4750
4470
4122
3561
3581
3733
3201
2221
1800
1774
1804
1598
1243
1346
1040
507
505
462
429
-141
-248
373
1085
1201
1212
1393
1634
1964
2097
2492
2803
2329
2074
2577
3072
3305
3371
3587
3698
3848
4495
5047
5205
4921
4415
4725
4572
4425
4377
4138
4278
4075
3974
3845
3449
2586
1867
1772
1316
755
276
72
-677
-1405
-1995
-2623
-2875
-2891
-3215
-3969
-4563
-4968
-5169
-5217
-5242
-5509
-5850
-6116
-6465
-6875
-6696
-6909
-6977
-6970
-7011
-6878
-7367
-7757
-7852
-7465
-7795
-7546
-7573
-7788
-7328
-7569
-7419
-7327
-6830
-7256
-7962
-7725
-7008
-5110
-4941
-5092
-5579
-4836
-3396
-3559
-3813
-3489
-2243
-1394
-1231
-697
-1262
-1046
-188
1628
2156
1558
1425
1854
2852
2614
2585
2250
2420
2793
3877
4908
4512
2972
2117
2932
4002
3615
3071
2396
2624
2867
3666
3831
2976
2470
2031
2497
2357
2136
1911
1989
2151
1798
1110
626
997
1056
916
919
426
38
-207
95
-401
-380
-825
-882
-285
-129
20
68
-155
-538
-72
287
692
1347
1136
753
1392
1968
2273
2622
2390
2098
2572
2773
3507
3042
2444
2476
2723
3428
3510
3192
2876
3250
3030
2972
2775
2169
1620
949
931
1046
891
693
838
662
394
327
-396
-1234
-1351
-1159
-1437
-1880
-1743
-2252
-2364
-2483
-2444
-3219
-3743
-3563
-3775
-3851
-4228
-4375
-4626
-4659
-4700
-5118
-5095
-5192
-5015
-5271
-5488
-5683
-6063
-6021
-5999
-5810
-5961
-5586
-5664
-6508
-6357
-5723
-4231
-4109
-4633
-4880
-3626
-2506
-3313
-3591
-2755
-725
-319
-600
-390
-347
612
1543
3397
3275
2177
2320
3497
5285
5189
4469
3825
4299
4802
5684
6537
6021
4713
4162
5220
6300
5500
5271
4864
5023
5124
5678
5551
5241
4806
4113
4282
4152
3656
3258
3714
3990
4021
2912
2062
2364
3532
3323
3070
1887
902
934
1432
1758
1448
762
403
1411
1692
1566
1043
793
898
621
551
101
970
1870
1401
801
957
1788
1864
1815
1434
1662
2106
2548
2798
2499
2002
1712
1576
1301
1238
652
592
201
-81
49
-73
9
-612
-1080
-952
-1191
-1824
-2382
-2410
-2672
-2822
-2865
-3334
-3210
-3182
-3650
-4411
-4650
-4776
-4828
-4762
-4548
-4626
-5188
-5346
-5367
-5565
-5817
-5684
-5674
-5754
-6130
-5942
-6083
-6054
-6046
-6724
-6971
-6597
-6425
-6518
-6780
-6748
-6346
-5405
-5297
-6897
-7386
-6198
-4178
-4089
-4661
-5048
-3627
-2169
-2683
-2980
-2280
-644
234
-52
277
-32
148
872
2441
3191
2587
2061
2482
4585
5285
5426
4335
3920
3821
4831
5964
5748
4532
4287
5548
6917
6612
5776
5036
5035
5413
5812
6454
5711
4807
4758
5709
6018
5353
4229
4087
4478
4208
3407
2244
2434
3040
2798
2472
1859
1454
996
1183
697
493
-36
-693
-337
-24
-98
-765
-450
-61
-298
131
-55
-665
-518
-193
78
590
1106
889
874
964
1137
1371
1356
1523
1375
1563
1550
1737
1279
1195
1282
678
654
390
411
173
8
-203
-801
-1274
-1319
-1169
-1391
-1912
-1999
-2399
-2797
-3101
-3620
-4117
-4455
-4972
-4972
-4930
-5098
-5806
-5768
-5722
-6126
-6098
-5882
-6097
-6851
-6956
-6342
-6177
-6492
-7006
-7323
-6527
-6396
-6796
-7307
-7009
-6748
-6652
-7278
-7092
-6798
-6137
-5129
-6357
-6772
-6500
-4678
-4230
-4382
-4007
-3455
-2193
-2881
-3069
-2368
-812
336
-128
111
265
618
1742
3375
4365
3130
2720
3599
5509
6667
6393
5259
4363
4954
5861
7118
7220
5839
4847
5198
6917
7082
6495
5434
4969
5158
5735
6449
5823
5368
4774
4877
4738
4048
3206
3237
3666
3541
2952
2075
1589
2037
1925
1568
753
211
-120
-227
-4
68
-224
-1142
-878
-434
168
-434
-1253
-1277
-531
185
310
406
-100
6
866
1351
1432
1567
2206
2647
2652
2432
2193
2624
3094
3495
2811
2399
1842
2149
2612
2808
2096
1112
1009
1171
1757
1206
254
-570
-1031
-750
-666
-895
-1752
-2513
-2305
-2287
-2210
-3025
-4410
-4748
-4589
-4515
-4627
-5249
-5719
-5653
-5663
-5647
-6473
-6820
-6426
-6058
-5951
-6123
-6539
-6977
-6905
-6778
-6875
-7218
-7264
-7096
-6844
-6959
-6760
-7533
-7737
-6731
-5458
-5432
-6607
-6876
-5467
-3272
-3516
-4403
-4301
-2181
-1037
-1282
-1054
352
1941
2543
2075
2231
1814
2716
3914
5744
5430
3879
3933
5391
7567
7971
7510
6142
6020
6576
8314
9489
8607
6440
6003
7355
8743
8468
7453
6323
6143
6137
6769
6699
5964
5265
5003
5501
5015
4442
3726
3897
4164
3723
2484
1795
1894
2389
2112
1337
470
-180
16
572
941
346
-427
-1315
-882
636
1100
156
-1308
-1238
-316
856
834
206
743
1424
2073
2206
2017
1898
1919
2267
2357
2293
2045
2415
3012
3171
3180
2451
2251
2369
2984
2813
1997
1309
1513
1818
2297
1726
-105
-778
-576
-31
-40
-589
-1378
-2300
-2566
-2422
-2300
-3065
-4149
-4925
-4212
-3782
-4244
-4782
-5244
-4861
-5277
-5709
-6225
-6458
-6003
-6131
-6128
-6478
-6452
-6366
-6464
-6057
-6580
-6989
-7866
-7522
-6806
-6833
-6970
-7406
-7685
-7510
-5818
-5251
-6987
-8079
-7084
-3868
-3243
-4220
-4874
-3059
-1370
-1846
-1849
-1071
920
1031
955
1502
1776
2419
3724
5692
5689
4141
3488
4557
6733
7745
7061
5941
5156
5403
7459
8946
8329
6063
4633
6274
8135
7783
6498
5517
5405
5563
6136
6415
5506
4150
3615
4161
4563
3846
2619
2583
3146
2487
1127
449
476
618
563
664
-211
-1023
-994
-167
294
-397
-1644
-2168
-1684
-21
132
-780
-1411
-1239
-436
-198
-139
-816
-217
-65
507
1159
976
741
617
1077
1643
1942
1622
1279
1507
1844
1952
1699
1506
1149
1667
1823
1724
1710
1249
1454
1634
1763
897
79
76
-313
2
33
-354
-1340
-1852
-1056
-461
-627
-1517
-2631
-2716
-2314
-2438
-2500
-2775
-3081
-3626
-3384
-3309
-3778
-4183
-4483
-4200
-4137
-4123
-4431
-5062
-5518
-5421
-5669
-6030
-6439
-6636
-6281
-6325
-6905
-7765
-7119
-5257
-4629
-6634
-7892
-6795
-3856
-2599
-3265
-3991
-2518
-823
-1273
-1935
-1019
975
1539
1713
2297
2615
2499
3592
5363
6152
4673
4246
5506
7538
8617
8131
7019
6507
6674
8123
10081
9703
7535
6233
7703
9679
9168
7895
6732
6442
6904
7450
7899
7345
6302
5574
5936
6193
5485
4708
4426
4563
4452
3954
3696
3510
3191
3226
3216
2551
1932
1576
2313
2865
2530
1792
791
1113
1871
2182
2090
989
340
260
1574
2274
2815
2174
1272
2150
2828
2743
1862
2044
2828
3471
3941
3657
3120
2645
2901
3759
3577
2820
2394
2870
3582
4118
3293
2446
1801
1875
2260
2240
1769
301
-182
497
1103
804
-204
-1151
-1518
-852
-1062
-1911
-2636
-3392
-3574
-3627
-3443
-3606
-4402
-4958
-4444
-4681
-5207
-5382
-5445
-4936
-4856
-5476
-5938
-6286
-5953
-6122
-6353
-6716
-7326
-7108
-6937
-6848
-7279
-8225
-8221
-7434
-5945
-6478
-8548
-8876
-6881
-4165
-4687
-6343
-6599
-4483
-3059
-3884
-4314
-2836
-797
-188
-88
133
-161
-68
1399
3608
3600
2469
1835
3017
4620
5285
4739
3631
3141
3242
5300
6531
6048
4272
3805
5186
5728
5477
4666
4389
4123
4058
5305
5821
4778
3510
3049
3790
4339
3429
2526
2772
3535
3090
2132
1567
1409
1329
1333
951
-40
-815
-997
-455
-34
-174
-896
-1536
-906
-134
623
-36
-1190
-1834
-1189
-244
450
594
-293
-285
200
1134
1739
1857
1693
1752
2204
2311
2053
1896
2565
2726
2543
2266
1792
1974
2595
3134
2210
1038
464
514
1304
1136
299
-829
-1601
-1315
-899
-866
-1735
-3103
-3954
-3727
-3136
-3422
-3909
-4274
-4434
-4718
-4454
-4623
-4531
-5148
-5320
-5747
-5511
-4872
-5027
-4706
-4947
-4908
-5416
-5293
-4387
-4761
-5011
-5255
-5548
-5511
-5011
-4640
-5148
-5909
-6165
-5443
-4341
-3063
-4128
-5317
-5434
-3663
-2144
-2515
-2799
-2477
-811
-126
-729
-442
727
2127
2502
2253
2563
2166
3026
4509
6449
5711
4518
4375
6010
7405
7626
7235
6025
5837
6399
8690
9446
7819
5392
4928
6658
7607
7072
6092
4822
4756
5188
6352
6125
5209
3477
3201
4400
4464
3822
2850
2494
2373
1830
795
434
516
729
842
671
-98
-455
-301
376
460
-189
-1300
-1483
-667
299
756
233
-825
-1279
-855
175
617
964
285
-47
1095
1991
2441
2507
2449
2301
2602
3133
3268
3265
3096
3374
3262
2959
3034
2722
2775
2729
2112
1295
993
858
1329
1406
454
-499
-965
-509
-17
-469
-1612
-2921
-3822
-3142
-2910
-3679
-4713
-5425
-5892
-5895
-5279
-5305
-6250
-6993
-6987
-6910
-6566
-6646
-6609
-6880
-6929
-6845
-6908
-6950
-7408
-7666
-7706
-7487
-7053
-7423
-7536
-7617
-7772
-7907
-7791
-7397
-6793
-5417
-6125
-7520
-8469
-6840
-4561
-4099
-4930
-5579
-4112
-2504
-2249
-2111
-774
894
1267
1337
1457
1514
1664
2541
4289
4540
3417
2709
4353
6278
6787
5877
5112
4817
4885
6224
7557
6668
4303
3737
5357
6845
6273
5123
4495
4177
4440
5160
5630
4517
2792
2538
3546
4073
3278
2039
1482
1987
2486
2163
1481
1189
965
1069
967
510
53
-267
-35
255
313
-411
-1149
-899
-157
288
582
-489
-1226
-1371
42
1244
1305
446
-94
1310
2443
2196
1279
1326
2014
2602
3511
3616
2904
2313
2721
3669
3638
3373
2157
1820
2407
2615
1922
1221
983
780
506
456
100
-1054
-1895
-1470
-1499
-2115
-2869
-3413
-3506
-3066
-3066
-3734
-4322
-5183
-5429
-5163
-5241
-5895
-6857
-7108
-6525
-6415
-6742
-6831
-6994
-6768
-6347
-6576
-6949
-7287
-7209
-7466
-7653
-7614
-7800
-8005
-7764
-7792
-8193
-8587
-9193
-8409
-7136
-5860
-7044
-8568
-8277
-6043
-4254
-5040
-6252
-6196
-3930
-2611
-3387
-3447
-2026
-15
451
431
634
352
1394
2874
4591
3986
2832
2899
4445
6369
6833
6129
5227
5095
5827
7529
8021
6312
4661
4992
6369
6864
6070
5283
4319
4357
4818
5742
4995
3648
3196
3358
4056
3181
1780
926
1417
1658
1391
642
-604
-785
-342
608
-68
-1353
-1583
-1442
-614
-414
-824
-1915
-1656
-741
-298
-476
-875
-374
-668
-1004
-726
602
1476
1575
619
159
1726
2408
1792
1559
2007
2567
3028
3062
2597
2463
2665
3415
3518
2805
2412
1986
2230
2510
2202
1088
210
-10
109
489
686
-189
-1820
-2301
-1692
-1673
-2194
-3141
-3802
-4161
-4016
-3946
-4512
-5112
-5482
-5258
-5069
-4691
-5506
-6443
-6092
-5495
-5310
-5781
-5913
-6265
-6390
-5847
-5362
-5228
-5690
-6170
-6562
-5746
-5772
-6665
-7003
-7442
-7580
-7874
-7528
-6603
-5836
-6417
-7784
-7988
-6764
-5428
-5598
-6546
-6652
-4556
-3115
-4349
-4410
-3054
-1317
-501
-399
251
-6
444
1933
3858
3612
2224
1778
3283
5612
6225
5331
4523
4292
4637
6231
7527
6484
4801
4508
5718
6924
6275
5606
4857
4659
4898
5553
5652
4712
4096
3957
4570
4377
3105
2321
2170
2481
1555
954
542
579
932
1201
942
120
-614
-695
-253
-210
-232
-929
-936
-505
315
490
308
121
83
42
3
1348
2276
1903
1029
278
1178
2414
2532
2334
2525
3402
3512
4098
3919
3464
2960
2864
3397
3396
3156
2428
2573
2739
2765
2085
1650
1068
633
413
500
-330
-1583
-1897
-1194
-845
-1412
-2091
-2190
-2305
-2550
-2837
-3845
-4198
-4552
-4934
-4901
-4642
-4964
-5469
-5381
-4807
-4528
-4586
-4955
-5347
-5548
-5165
-4993
-5645
-5730
-5669
-5941
-6348
-6595
-6627
-6796
-6876
-7057
-7491
-7056
-6273
-5541
-6395
-7090
-7077
-6339
-4731
-4928
-5146
-5378
-3952
-2635
-3019
-3120
-2491
-246
1307
1572
1666
886
1517
2094
4080
4511
3963
3670
4634
6415
7093
6667
5544
5229
5801
7528
8396
7823
6153
5543
6578
7710
7153
6445
5441
5201
5210
5796
5417
3859
3152
3114
3755
3547
2434
1376
1184
1471
1850
1162
188
-8
76
296
351
-372
-904
-1091
-481
-172
121
-428
-1237
-1055
-494
-69
-477
-1403
-1850
-512
213
242
201
408
655
667
970
1152
1614
1894
1437
1772
2495
3130
2999
3155
3609
3288
3454
3627
3414
2938
2891
2403
1578
1254
1913
2019
1607
659
-119
-276
239
606
-515
-1707
-2212
-2440
-2326
-1994
-2427
-3491
-3807
-3266
-3587
-4397
-4573
-4806
-5103
-4761
-4906
-5009
-4915
-4553
-4066
-3991
-4294
-4402
-4652
-4161
-3767
-4289
-4756
-4915
-5065
-5053
-4762
-4770
-5666
-6081
-5410
-5023
-4659
-4198
-3702
-5390
-6420
-5423
-3064
-2227
-3456
-4505
-3363
-888
-832
-2128
-1599
546
1645
1750
1691
1985
2222
3394
5128
5802
4539
3476
3855
6117
7055
6701
5528
5165
5505
6670
8499
7985
5767
4703
5525
7026
6832
5344
4658
4529
4810
4886
5109
4258
3013
2156
2900
3524
2280
1027
831
1382
1529
714
-429
-507
-412
-168
-287
-853
-1431
-2056
-1841
-972
-805
-1362
-2119
-1760
-1295
-1042
-941
-1469
-1015
-937
155
259
-13
-248
431
1602
2043
2535
1835
2665
2928
2799
3060
3563
3572
3218
3829
4136
4055
3514
3194
3519
3197
2914
2437
1959
1909
2442
1878
1207
594
191
211
415
123
-1064
-1822
-1527
-1607
-1602
-2024
-2155
-2529
-2523
-1963
-2582
-2824
-3244
-3826
-3639
-3097
-2904
-3240
-3128
-2876
-3020
-3202
-3471
-3378
-3652
-3356
-3177
-3301
-3433
-2964
-3381
-3415
-3365
-4070
-4672
-5107
-4862
-5014
-4895
-4466
-3708
-3938
-5144
-5498
-4969
-3462
-3362
-4527
-4897
-3408
-1228
-1339
-1961
-1836
-340
815
1135
1494
1103
1131
1959
3946
5520
5081
4167
3864
5453
6532
6600
5521
4345
4686
6126
7941
8093
6268
4905
5707
7339
7503
6683
5322
4595
4543
5005
5733
5331
4812
4194
4263
4335
3551
2241
1608
2220
1760
1011
496
576
1022
1599
1931
1150
11
-343
-109
80
28
-778
-2078
-1787
-1114
72
187
-838
-1599
-1635
-412
-271
-274
-808
-347
159
661
957
1070
2095
1574
946
623
686
1163
1589
2003
1562
918
282
698
1045
1184
1005
-161
-164
201
743
521
-198
-987
-2127
-2447
-2247
-2181
-2264
-2575
-2636
-2849
-2260
-2195
-2569
-3472
-3823
-3738
-3789
-3497
-4123
-3848
-3469
-3129
-3384
-2917
-2708
-2702
-2841
-3179
-2724
-3102
-3753
-3158
-2550
-2216
-1871
-2200
-2890
-2327
-2154
-2837
-3143
-3243
-3567
-3854
-3940
-3843
-3423
-2808
-2972
-4195
-4579
-3860
-2310
-2403
-2836
-2719
-780
557
-390
-1204
7
2383
3337
3475
3676
3558
3692
4361
6190
6996
6127
5277
5970
7857
8532
8511
7640
6527
6327
7230
8464
8210
6408
5709
6563
7368
6962
6065
5193
4466
4308
4791
4631
3635
2640
2177
2505
2141
1470
1040
836
763
879
680
219
14
-23
312
808
-167
-1248
-1569
-1527
-636
41
-705
-1746
-1528
-934
-607
-1177
-1776
-1746
-1676
-665
212
377
-68
-344
-44
332
520
-244
-496
-118
292
539
972
797
806
504
740
452
-65
-280
-233
-321
-368
53
-331
-341
-753
-1219
-1448
-1711
-2221
-2908
-2972
-2398
-2341
-2281
-2551
-2620
-2510
-2454
-2461
-3053
-3080
-3023
-2864
-2712
-2626
-2057
-1529
-990
-980
-1473
-2002
-2191
-2416
-2121
-1783
-1784
-1567
-1497
-1230
-1319
-2011
-2384
-2677
-2933
-3041
-3215
-3559
-3791
-4145
-3927
-4048
-3890
-3332
-2568
-3240
-4528
-4201
-2267
-767
-1392
-2778
-2661
-54
683
-260
-303
1312
3347
3844
4025
4210
3745
4142
5317
6890
5794
4710
4974
6470
8184
8455
7996
6957
5923
6244
8098
9185
7740
5138
4758
6353
7225
6544
5276
3869
3386
3493
4591
4239
2898
2036
2170
2822
2305
1621
1479
1999
2375
2141
1628
1263
947
485
293
127
-612
-1645
-1368
-376
786
809
-253
-699
-258
414
398
-63
-1201
-1440
-946
465
1061
844
449
71
643
1190
1619
1207
910
1014
1537
2063
2115
1817
1479
940
1022
688
301
153
578
802
547
-313
-604
-23
-158
-277
-1088
-1854
-2190
-2127
-1715
-1860
-2817
-4195
-4540
-4034
-3620
-3708
-4088
-4273
-3960
-3208
-2753
-2872
-3503
-3804
-4144
-3809
-3675
-3839
-3966
-3484
-2659
-2507
-2938
-3561
-3795
-3534
-3343
-3981
-4429
-4543
-4038
-3187
-3254
-4232
-5408
-6075
-5741
-5405
-5606
-6261
-5070
-3803
-4162
-5232
-5488
-3452
-2073
-2263
-3179
-2083
64
-315
-618
23
2096
3306
2905
3052
3099
3192
3743
5750
7823
7154
5563
5162
6820
7759
7419
6773
5959
5809
6497
8216
8961
6988
4682
4545
5934
6182
5445
4390
3915
3148
3276
4173
3485
2454
1255
1508
2309
1730
852
583
1130
1173
539
-346
-626
-556
-419
-168
-547
-1131
-1560
-925
238
656
-138
-1393
-1694
-1403
-730
-557
-864
-1026
-570
433
1503
1573
1216
991
905
1140
1270
1243
1257
1346
1164
973
957
970
941
1153
1174
1282
1374
1032
1094
849
374
-243
-898
-1279
-862
-430
-329
-492
-1170
-1444
-1288
-719
-523
-1277
-1738
-1685
-1536
-964
-1401
-2240
-2492
-2552
-2133
-1760
-2035
-1941
-1548
-1028
-680
-1204
-1628
-1710
-1589
-1222
-1035
-1346
-2039
-2152
-1864
-1412
-1541
-2236
-2812
-2713
-2140
-2338
-2748
-3941
-4556
-4598
-4468
-4166
-3187
-2269
-3391
-4446
-4024
-1635
-663
-1947
-3645
-3214
-268
420
-731
-507
1674
3399
3491
3930
4023
3601
3115
4587
6491
5826
4678
4147
5994
7688
7917
7138
6118
5592
5799
7486
7949
6221
3248
3175
4882
5382
4484
3150
2520
1955
2474
3185
3102
2024
829
757
1293
950
-125
-207
34
513
-93
-907
-1387
-1750
-2037
-2119
-2410
-3091
-3276
-2742
-2147
-1565
-1897
-3053
-3336
-2613
-1436
-1306
-1811
-2131
-1778
-1068
-468
316
514
216
-511
-495
359
856
796
-86
288
1041
1877
1743
1014
866
850
1248
1490
1183
595
556
322
408
89
-403
-1014
-1430
-1240
-673
-494
-1049
-1865
-1980
-1871
-1789
-2362
-3451
-3614
-3247
-2959
-3184
-3164
-2937
-2780
-2541
-2431
-2620
-3080
-3054
-2321
-2176
-2493
-2828
-3079
-2484
-1904
-1977
-2441
-2787
-2920
-2857
-2418
-2880
-3530
-4438
-4652
-3929
-3666
-4162
-5197
-5480
-5178
-4580
-4614
-4046
-4692
-5961
-6197
-4504
-2633
-3016
-3893
-3965
-2113
-1255
-1816
-1756
-142
1638
1887
1745
2013
2355
3092
4523
6231
5316
3956
3752
5267
6689
6615
5998
5047
4674
5179
6873
7992
6565
3944
3262
4583
5656
5078
3948
2885
2595
3266
4385
3973
2899
1330
980
1417
459
-57
-416
180
459
130
-285
-671
-843
-886
-1187
-1379
-1844
-2109
-1933
-1040
-455
-570
-1480
-2391
-2350
-1653
-1453
-1884
-1951
-1563
-688
-264
-525
-567
-520
-677
-515
-35
759
1299
1053
808
1774
2265
1654
1173
1151
1053
637
447
37
54
389
376
426
-185
-566
-580
-761
-788
-1251
-1331
-1633
-2173
-2502
-2555
-2455
-2766
-3573
-3614
-2853
-2969
-3403
-3259
-2627
-2298
-2174
-2450
-2943
-3389
-3080
-2573
-2563
-2427
-2734
-3123
-2620
-2191
-2069
-2352
-2478
-2450
-2108
-2055
-1939
-2733
-3272
-2959
-2903
-2980
-3374
-2862
-3100
-3145
-3214
-3496
-2888
-2415
-3255
-4836
-5189
-3296
-1384
-1179
-2531
-2498
-476
574
-105
-562
910
2388
2768
3141
3796
3404
3678
5142
7132
6688
4815
3864
4453
6002
6520
6522
5803
4749
4961
6524
8088
6669
3546
2384
3878
5729
5711
4745
3495
2568
2458
3480
3415
2081
235
-298
188
123
-842
-1541
-1111
-936
-1080
-1803
-2184
-2449
-2564
-1934
-1845
-2661
-3761
-3937
-2939
-2146
-2014
-3139
-3917
-3338
-1640
-524
-716
-1686
-1726
-750
-1
368
116
-307
-532
262
1201
1957
1579
934
822
1282
2030
2034
1525
867
669
1019
973
671
735
560
716
501
246
588
534
258
-575
-1334
-1252
-1405
-1575
-1868
-2030
-2017
-2285
-2310
-2308
-2307
-2545
-3031
-3234
-2712
-2462
-2063
-1971
-1717
-1064
-1100
-1087
-1245
-1327
-1220
-1276
-1289
-1304
-990
-965
-707
-881
-903
-961
-1457
-1948
-2248
-2002
-1994
-2398
-2870
-2698
-2580
-2820
-3592
-4106
-4067
-3087
-2754
-4310
-6306
-5891
-3110
-1416
-2530
-4275
-3432
-985
-159
-962
-707
676
1550
1779
2390
2402
1418
1577
3781
5723
4729
2715
2752
4612
6393
6575
5318
3880
3477
4722
6685
6699
3858
1547
2547
4924
5424
4426
3246
2047
1279
2189
2850
1965
64
-1248
-839
-177
-59
-808
-920
-732
-944
-1605
-2213
-2486
-2510
-2740
-2847
-3380
-3728
-3559
-3099
-2178
-1545
-2120
-3436
-3258
-2437
-1661
-1589
-2372
-2876
-2575
-2083
-1069
-448
-495
-646
-563
-184
571
1136
598
432
863
1705
1533
1019
1152
1346
1229
1031
918
655
499
505
453
66
-167
-194
-55
-651
-463
-874
-1532
-1490
-1740
-1491
-1535
-2156
-2934
-3078
-2736
-2327
-2779
-2865
-2808
-2675
-2532
-2544
-2183
-1850
-1615
-1533
-1691
-1667
-1837
-1778
-1599
-1311
-920
-678
-503
-900
-647
-851
-1395
-1710
-1853
-1432
-1044
-1387
-1967
-2287
-2505
-2541
-2869
-3728
-4147
-3082
-2637
-4134
-5606
-4655
-1634
-378
-1232
-2741
-1431
463
116
-787
-214
1940
2943
3024
3498
4099
4063
4130
5690
7153
6066
4777
4978
6687
7841
7538
6378
5438
5371
6468
8229
8223
6049
4185
5053
6558
6458
4834
3860
3203
2557
3442
3843
2874
1632
569
1078
1299
614
-313
-701
136
396
-226
-1286
-1475
-1263
-1029
-784
-1041
-1553
-1556
-937
-522
-298
-1052
-1937
-1753
-1045
-115
16
-553
-372
551
1193
1559
1399
836
300
660
1177
1409
1471
1486
1994
2796
3219
2936
2401
2337
2526
2530
2604
2388
1949
1681
1942
2323
2078
1442
1101
426
213
437
806
304
-121
-254
-165
-68
-168
-770
-1422
-1157
-755
-1199
-1267
-1034
-611
-489
-631
-688
-678
-194
-69
-213
-481
-654
-552
76
293
-41
-738
-1424
-1499
-1344
-1070
-1122
-1839
-2343
-2609
-2545
-2704
-3335
-3976
-4024
-3938
-4038
-4178
-4023
-2988
-3551
-5339
-5646
-3847
-1961
-1968
-3508
-3040
-755
571
-143
-540
761
2462
2818
2784
3099
2536
2563
4434
6435
6072
4827
3969
5369
6858
7130
6439
5233
4848
5405
6725
7545
5984
3417
2905
4689
5425
4498
3341
2554
2057
1988
2743
2719
1808
113
-129
721
1022
120
-755
-308
-68
-233
-1253
-1829
-2140
-2199
-1515
-1402
-2204
-2898
-2711
-1620
-915
-1079
-1698
-1976
-1572
-798
-658
-1134
-1285
-1047
-383
612
796
269
42
-114
-60
883
1255
857
1006
801
1460
2024
1744
1041
1289
1624
1495
1261
1214
1222
652
79
-167
-290
-276
-301
-574
-763
-677
-906
-1472
-1494
-1018
-479
-819
-996
-1394
-1363
-798
-975
-1516
-2144
-2151
-2226
-2103
-1791
-1827
-1747
-685
-416
-618
-756
-612
-1227
-1176
-767
-1127
-1362
-1788
-1570
-1692
-1767
-1795
-2500
-3221
-3230
-3464
-3870
-4096
-4449
-4696
-4768
-4866
-5577
-5213
-4319
-5193
-6589
-6502
-3705
-2710
-3834
-5678
-4513
-1504
-1135
-2286
-2745
-492
1316
1793
2432
2270
2295
2221
4483
6317
5623
4311
3894
5618
7445
8293
7309
6196
4921
5500
7360
8417
6683
3820
4380
6291
6831
6366
4999
4166
2943
3383
4153
3760
2498
1299
1936
2342
2140
832
583
1106
1185
1029
521
321
99
569
1194
1357
352
-474
-87
791
1503
902
-337
-708
-207
828
874
243
-894
-606
86
1509
2529
1608
906
595
1820
2685
2736
1616
1319
2297
2973
2815
2013
1901
2100
2478
3080
1961
1221
756
1114
1372
1369
1080
336
53
631
1654
1239
297
-1121
-822
298
1198
337
-1473
-1965
-1391
-427
-241
-1172
-1554
-1599
-560
313
4
-933
-1334
-1122
-165
156
-881
-1432
-905
336
821
186
-1089
-1952
-1711
-951
-723
-1799
-2688
-2790
-2620
-1586
-1946
-3363
-4875
-5247
-4697
-4336
-4540
-4307
-3801
-4614
-5332
-5826
-3938
-2288
-2655
-4481
-4445
-1525
-806
-2108
-2836
-1038
1399
1291
1306
1807
1701
1696
2941
4887
4339
2766
1444
2838
4108
4459
3742
2809
2405
2570
4293
5147
3897
1029
477
2299
3096
2373
1180
578
-366
-545
380
259
-810
-2367
-2339
-1240
-472
-978
-1535
-1326
-833
-1135
-1747
-2132
-2473
-2254
-1804
-1479
-1336
-1715
-1388
-657
-112
10
-1409
-1874
-1716
-1067
-577
-946
-1023
-936
-784
-639
74
107
-66
-220
-505
-195
-83
-478
-664
-315
-171
46
298
-440
-350
-137
223
244
-473
-1141
-1626
-984
-665
-710
-1387
-1761
-1677
-1686
-1457
-2140
-3055
-3064
-2539
-1830
-2020
-2621
-2967
-2572
-1927
-1747
-2018
-2214
-1786
-1790
-1661
-1477
-1607
-1587
-1186
-704
-865
-970
-1422
-1440
-912
-830
-1364
-2021
-2378
-1957
-1553
-2090
-2455
-3200
-3592
-3042
-2629
-3021
-4090
-5319
-5773
-5836
-5607
-6039
-5197
-3991
-4976
-6596
-6483
-3699
-2801
-3600
-5525
-5463
-2190
-1153
-2255
-2876
-744
1033
1007
1658
2116
2121
1475
2779
4948
4808
3238
2433
4032
5176
5911
4881
3586
2730
3113
5422
6731
4860
1431
1496
3343
3678
3105
2017
1441
217
813
2781
2880
1460
-708
-403
747
1029
117
-799
-752
-362
-308
-479
-783
-868
-1008
-744
-444
-892
-1169
-903
-760
-199
-103
-755
-1092
-1204
-598
-353
-71
-122
-363
117
397
825
925
841
703
1023
1562
1170
1123
742
1048
1568
1294
1004
929
1172
1312
1452
1020
389
64
236
701
791
306
-1040
-1885
-1713
-741
-370
-897
-1980
-2294
-1506
-1084
-1263
-2564
-2894
-2522
-1980
-1839
-2136
-2384
-2087
-1626
-1457
-1413
-1321
-1164
-1266
-1211
-715
-956
-1848
-1614
-1432
-1223
-1544
-2077
-1833
-1575
-1116
-882
-1235
-2252
-2580
-2240
-2112
-2674
-4046
-5203
-5289
-5155
-4753
-4877
-4319
-3550
-4253
-5753
-5960
-3142
-1938
-2137
-4560
-4540
-1098
-76
-1495
-2550
-576
1418
1157
1519
2004
1753
1277
2706
4602
4397
3139
2232
3871
5054
5882
4933
3817
2728
2711
4674
5764
4533
1302
564
2793
3535
3398
1995
713
-101
142
1622
1392
446
-1372
-1067
-154
144
-1182
-2204
-1985
-1532
-1286
-1631
-1765
-1931
-2204
-1417
-1062
-1531
-1978
-1877
-1005
2
-13
-1368
-1645
-1486
-427
197
59
-87
-326
-220
98
844
856
780
300
544
1642
1782
964
461
1071
1538
1543
1321
983
741
790
1626
1409
422
142
203
658
982
711
-440
-845
-335
100
221
-61
-914
-1734
-1472
-788
-1045
-2095
-2231
-1494
-1090
-1114
-1303
-1511
-1402
-1027
-742
-793
-1038
-967
-975
-645
-698
-1312
-1511
-1479
-1273
-1229
-1448
-2145
-2554
-2119
-1757
-1834
-2697
-3732
-4333
-4013
-3871
-4536
-5637
-6390
-5952
-5342
-5729
-4997
-4142
-4886
-6677
-7318
-4229
-2222
-2783
-5880
-5455
-2032
-1353
-2462
-2921
-574
1022
611
979
1480
1185
985
2697
4377
3676
2254
2142
3779
4939
5214
3903
3005
2559
3430
5131
5750
3362
-180
256
2601
3319
1957
610
117
-817
373
1792
1500
-255
-2247
-1477
-244
87
-845
-1711
-1308
-1050
-1612
-2212
-2048
-2312
-2702
-1936
-1406
-1796
-2786
-2473
-1856
-1108
-1483
-2852
-3238
-2592
-920
-721
-1190
-1569
-1623
-1035
-529
42
34
-168
-38
419
1340
2061
1892
1217
1159
1837
2598
2208
1681
1354
2039
2781
3034
3063
2389
1963
1483
1242
1521
984
-15
-293
410
1222
1179
238
-260
106
492
526
-453
-1432
-820
-347
-492
-864
-1046
-1028
-536
-4
-342
-417
-792
-537
-218
487
417
-266
-814
-398
421
406
-357
-1072
-1655
-1126
-775
-820
-925
-2082
-2496
-2303
-2169
-2994
-4028
-4811
-4390
-4123
-4005
-2809
-3295
-4877
-6997
-5535
-2456
-1270
-2768
-4962
-2603
-448
-1134
-2516
-1328
1414
1877
1628
1651
1928
1760
2212
5230
6183
5235
3236
3874
6042
7322
6575
4952
4527
3977
5574
7803
8098
4943
2480
4336
6059
6335
4982
3695
2745
1896
3751
4572
4456
2317
1097
2050
3126
2808
1814
1981
1948
1682
1007
792
1299
1253
944
1023
629
-569
-891
-270
707
1752
418
-1025
-1192
187
1379
1387
681
-38
357
1009
1443
2190
2381
2158
1774
2247
3753
3684
2540
1479
1923
2971
3170
2262
1408
1558
2176
2818
2974
2476
1938
1754
1464
1387
1282
1117
565
-118
344
1072
775
-126
-753
-506
270
13
-1096
-1255
-893
-530
-1226
-1649
-1657
-1680
-1281
-1142
-706
-624
-928
-658
-8
254
-622
-1553
-1727
-790
-264
-886
-1728
-2171
-2294
-1580
-1230
-1852
-2166
-3189
-3458
-3378
-3649
-4233
-5119
-5110
-5175
-4973
-3030
-3176
-5210
-7447
-6116
-3051
-1958
-3575
-5817
-3321
-1079
-1947
-3099
-1941
877
1021
969
961
1255
1736
2188
5192
5622
4300
2589
3277
5550
7347
6967
5146
4444
4089
6400
8724
8355
4934
2164
3173
4826
5548
4915
3790
2538
2130
3703
4469
3803
2033
1184
1795
2458
1531
441
96
622
365
-416
-958
-965
-960
-360
259
-265
-1632
-2479
-2076
-752
407
-701
-2061
-2361
-766
540
469
-469
-1454
-1922
-1077
265
1212
959
315
102
1020
2407
2186
991
256
960
1936
2732
2403
1382
777
924
1538
2191
1476
565
515
768
844
559
432
212
-150
-373
-130
97
-557
-1220
-1025
-626
-688
-1771
-1965
-1796
-1448
-1665
-1794
-1966
-2136
-1202
-466
95
-221
-885
-646
48
623
171
-870
-1124
-848
145
207
-356
-1121
-1673
-971
-492
-605
-1660
-2650
-2849
-2958
-2873
-3032
-3363
-3476
-3729
-3006
-1671
-2521
-4314
-5502
-3342
-1288
-1414
-3361
-3867
-722
592
-285
-1150
561
2946
3391
3681
3427
3344
2832
4308
6936
7368
6088
4444
5771
7461
8603
7931
6677
5268
5412
7145
8507
8207
5190
3666
4921
6024
6331
5438
4300
2523
2679
4017
3875
2506
735
1531
2598
2476
1167
750
1247
2146
1593
718
524
134
94
1016
1389
657
-571
-754
15
1349
1945
478
-759
-1391
95
1787
2219
1374
-29
47
1182
3094
3762
2915
1779
1027
2554
3836
4205
3433
2551
2774
3540
4176
3755
3423
3260
3712
3763
3509
3376
2533
2302
2115
1981
1403
1367
1733
1714
1708
1001
43
-476
-203
479
40
-1098
-1744
-1893
-1585
-1556
-2041
-2553
-2525
-2495
-1979
-1828
-1741
-2461
-3083
-2566
-1965
-1618
-2044
-2373
-2454
-2096
-2014
-1976
-2177
-2594
-3045
-2877
-2406
-2635
-3119
-3740
-3900
-3999
-3952
-4157
-4328
-4783
-5015
-2930
-3282
-4892
-6780
-5289
-2488
-1459
-2902
-5541
-2807
168
154
-1036
-1103
1778
2851
2886
3362
3367
2571
2068
4646
6130
5897
3609
3326
4697
6191
6282
5274
4147
2986
4037
5592
6110
4195
1616
2309
3054
2719
2759
2174
982
-232
1179
1772
868
-1466
-2130
-599
221
-676
-1877
-2066
-1284
-621
-1158
-1666
-1966
-2532
-1966
-733
-333
-1180
-2097
-1839
-1463
-346
-482
-1484
-2255
-2105
-833
699
1472
441
-754
-545
813
2181
1972
1162
759
1259
2394
2496
2185
1919
2070
2457
3074
2509
2050
2023
2364
2244
1483
1685
1488
1412
1660
1456
388
-613
-626
-448
301
81
-1322
-2598
-2689
-1486
-1462
-2250
-3281
-3818
-3415
-2495
-2503
-3374
-3978
-3817
-3422
-2962
-2427
-2912
-3493
-3349
-2330
-1627
-2091
-2421
-2694
-2548
-1919
-2214
-2785
-3139
-3540
-3165
-2755
-2718
-3257
-4058
-4325
-4335
-4204
-4702
-4968
-5704
-4256
-2824
-3738
-5798
-6131
-2561
-317
-281
-3216
-3380
-108
673
-422
-827
1170
2708
2212
3047
3525
3995
2997
4533
6472
5946
4673
3793
5248
7192
7865
5761
4435
3936
5357
6982
7163
5347
2751
3269
4817
4854
4511
3137
1625
295
1282
2631
2057
31
-1858
-1099
-223
-334
-1371
-1625
-1201
-1398
-2136
-2490
-2399
-2664
-2879
-2022
-1582
-2166
-2896
-2612
-2028
-1296
-1553
-2354
-2051
-1695
-847
-679
-596
-526
-757
-562
69
1316
1812
1762
971
816
2583
3539
3222
2128
2584
2986
3651
3863
3282
3247
3092
3771
3308
3281
2801
2202
1758
2138
2411
1244
415
-762
-885
-204
146
-757
-2356
-2311
-1493
-1025
-1770
-2593
-2939
-3084
-2168
-2171
-2732
-3402
-3246
-2814
-2392
-2241
-2875
-3221
-3323
-2909
-2646
-2381
-2580
-3362
-3308
-2732
-2309
-2529
-3172
-3054
-3402
-3408
-3165
-3633
-4662
-5204
-5451
-5204
-5657
-5503
-4313
-5239
-6557
-7761
-5356
-2787
-2501
-5052
-6032
-2729
-1450
-2634
-3954
-1888
1202
621
460
841
1415
1220
2443
4914
5105
3491
1450
2842
5759
7676
6338
4554
3501
3801
5886
7596
6971
3416
1787
3410
4480
5263
4173
2667
622
593
2813
3079
1868
-302
-275
435
795
-288
-1041
-749
-702
-999
-1902
-2338
-2878
-3120
-1752
-1392
-1816
-3473
-3094
-1909
-974
-531
-2374
-3122
-2914
-1330
-574
-738
-1523
-1143
-449
-297
-604
143
1157
1014
504
319
1562
2764
2650
2357
2053
2330
2663
2281
2694
2054
1319
586
984
1498
1775
1561
-44
-812
-462
185
-86
-973
-1196
-797
-881
-1505
-2425
-3205
-3116
-3136
-3383
-2861
-2800
-3738
-4104
-3622
-3223
-3635
-4125
-4218
-4200
-4017
-3741
-3844
-4114
-3994
-3526
-3221
-3076
-2971
-3578
-3703
-3145
-3008
-3719
-4074
-4275
-4071
-3786
-3911
-4567
-5721
-6442
-5786
-5519
-3886
-3207
-4692
-7333
-7353
-4055
-2069
-2934
-6217
-5090
-1991
-1827
-3405
-3292
99
1009
-1
-160
643
1529
796
2982
4897
5042
3001
2261
4293
7296
7745
5252
3309
2755
4898
7409
7585
5595
3036
3286
4803
5559
5505
4544
2867
1121
2900
4181
3634
1133
-240
875
1783
1325
536
623
884
883
244
-130
-694
-1464
-852
425
336
-1149
-2202
-1666
-930
314
-225
-1200
-1764
-1419
-118
310
-90
-678
-428
-598
-318
487
1664
1682
701
-557
996
3245
2710
1293
808
2363
2950
2654
2995
2387
1370
1188
1776
2030
1556
426
-43
-149
842
704
-800
-1861
-2264
-1611
-1366
-1717
-2928
-4288
-4284
-3715
-3429
-2936
-3164
-4583
-5265
-4195
-2902
-3709
-4693
-4995
-4241
-3120
-3438
-4162
-4634
-3855
-3073
-2687
-2825
-2940
-3422
-3154
-1575
-1410
-2782
-3777
-3641
-2604
-1660
-1768
-3665
-5118
-4521
-3903
-2143
-1269
-2510
-5104
-6083
-2574
-229
50
-3510
-4467
-1038
1028
622
-1424
-253
2275
3007
3165
2446
2323
1751
3154
6315
6815
4850
2079
3103
6832
8849
6548
3921
2936
4662
7190
7863
6619
3868
3325
4633
5773
6310
4542
2509
965
2193
4182
3176
949
-1101
-181
1118
1065
-416
-1564
-1422
-737
-603
-1620
-2221
-3231
-3583
-2614
-2188
-2554
-3898
-4406
-3845
-2532
-2244
-3673
-4905
-4655
-3005
-2148
-2724
-2843
-2213
-1318
-1357
-1857
-980
-157
504
-461
-129
1704
1745
592
262
1265
2372
2225
2055
1726
1720
1717
2390
2955
2753
2347
1213
810
977
1781
664
-410
-1357
-1529
-1525
-1376
-2231
-3320
-3600
-3718
-3579
-3649
-3712
-4970
-5730
-5224
-4616
-4932
-6134
-6756
-6254
-5979
-5823
-6432
-6764
-5861
-5262
-5471
-5559
-5435
-5406
-5390
-4867
-4401
-4693
-5173
-5126
-4764
-4577
-4744
-5452
-5649
-4929
-5022
-3423
-3308
-4711
-6849
-6236
-2694
-1398
-2625
-4574
-1483
1385
152
-1997
-1804
2276
4378
4042
3202
2867
2774
3658
6513
7915
7081
4216
3889
6403
9305
9345
6835
5036
5083
7323
9242
9350
6893
4422
4953
6107
7207
7026
5485
3599
2781
5572
6789
5449
2945
2706
3514
3259
2753
2264
2716
2407
1958
1157
1177
845
90
1296
1880
1030
-645
-1438
-153
748
1160
-150
-1476
-1884
-113
1389
1674
1176
154
-395
-92
1717
2685
3039
1559
639
1530
3050
3415
2617
2872
3461
4151
3966
3049
3547
4059
5002
4670
3771
3049
3084
3497
3649
3663
1668
823
708
1759
2535
2035
342
-1740
-1705
-227
197
-858
-2319
-3409
-3756
-2748
-2074
-2811
-3977
-4400
-4215
-4023
-3861
-4621
-5323
-5458
-4620
-4719
-5170
-5478
-5413
-4971
-5126
-5315
-6035
-5856
-5590
-5559
-5462
-5664
-6630
-6864
-6153
-5490
-6098
-4936
-4274
-4886
-6971
-6652
-3948
-2612
-2236
-4696
-3664
-1419
-202
-1311
-1516
1400
3051
2768
1865
2061
2813
2994
5387
6536
6633
4715
3810
5373
7900
8562
6446
5011
4885
6665
7876
8470
6988
4690
4614
5243
6582
7024
5378
3068
1453
3625
3924
3530
2228
1788
2219
1542
950
463
1283
1551
1634
463
-162
-367
-1138
-678
-243
-179
-1243
-2239
-1947
-1157
623
101
-1341
-2748
-2617
-1085
-137
-592
-421
-305
-772
-1044
-708
1336
2158
1506
-388
295
2983
3409
2545
2249
2987
3921
3535
3765
3598
3618
3397
3603
3953
3426
3199
2659
2487
3050
2942
835
-85
289
1182
1415
673
-189
-1251
-1073
-960
-1247
-1565
-2308
-3164
-3713
-2754
-2074
-2812
-3757
-4370
-4521
-4359
-4125
-4976
-5720
-5317
-5123
-5945
-6042
-5196
-5246
-5599
-6272
-5906
-5868
-5664
-5433
-6252
-6370
-6675
-6431
-6931
-6311
-4002
-4765
-6078
-8285
-6258
-3321
-1672
-3312
-5407
-2353
-619
-1439
-2974
-1065
2157
1989
1473
1677
2904
2350
2262
4625
6091
6255
3296
3585
5606
8891
8106
5461
4691
4942
6592
7493
8259
7222
5211
4876
5574
7700
8114
6401
3499
3230
5731
5526
4658
2761
3661
4205
3817
3149
2582
2977
2928
3013
2223
1767
1127
669
1529
1910
1468
-481
-863
-285
937
2180
962
-500
-1853
-882
719
1888
1247
170
-557
189
1508
2378
2559
1515
1686
2381
3061
3710
3677
4111
4256
4849
4820
4504
4748
5057
5572
5499
5443
5114
4491
4591
5228
5015
4289
2722
2171
2608
3282
3467
1891
231
135
280
923
552
-297
-1883
-2305
-1546
-1184
-1688
-3013
-3589
-3505
-3144
-3425
-3752
-3812
-3794
-4362
-4924
-5001
-5169
-5582
-5101
-4826
-5425
-6386
-6302
-5899
-5658
-5797
-6495
-7109
-7275
-6829
-4037
-3399
-4852
-8173
-7543
-3664
-1464
-2588
-6206
-4238
-1525
-942
-2741
-3016
118
1638
1801
1691
2223
2617
2503
4534
6232
7081
4346
3059
4914
8247
9211
6938
5365
5081
7268
8799
9428
8036
5723
5562
5963
7540
8004
6399
4525
3624
5343
5464
5094
3679
3538
4116
3900
3515
2777
2399
2011
2465
2555
2345
1162
-228
-60
1130
1810
277
-1418
-1529
-809
338
-164
-1408
-2187
-1349
146
716
460
18
-238
-615
148
837
1571
693
-804
-245
1270
2833
2409
1531
1480
1831
2263
2137
2518
2176
2078
2165
2508
2971
2480
2069
1687
1640
2006
2046
1642
1042
886
931
905
-342
-1254
-984
-1254
-2224
-3052
-3035
-3095
-3029
-3241
-3638
-3666
-3999
-4775
-5429
-5681
-5496
-5293
-5436
-5636
-5692
-5681
-5430
-5590
-6063
-6420
-6323
-6226
-6481
-6869
-6812
-6766
-7204
-7520
-7829
-6407
-4382
-4980
-7473
-8919
-6364
-3592
-2136
-3951
-4169
-1373
-439
-1378
-2120
539
3201
2594
2357
2515
3821
3769
4355
6288
7176
6075
3665
4564
7103
9549
7474
5029
4407
5538
6810
6926
6640
4647
3225
3857
5091
6974
5908
3819
1934
3519
5616
5030
3563
2172
3295
3150
2887
2122
1639
1592
1968
1473
781
1109
882
729
1798
3067
2714
396
-49
607
2029
2311
704
151
-237
1019
912
810
1304
877
911
635
1343
1675
1671
1395
958
1626
1906
2319
2085
2368
2502
1697
1151
1712
3105
3045
2346
1433
1463
2192
2593
2404
1824
1916
1308
925
1226
988
529
-233
-656
-634
-666
-993
-1726
-2253
-2290
-2427
-3078
-3706
-3949
-4289
-4475
-4805
-5033
-5154
-5855
-6682
-7278
-7321
-7479
-7546
-7791
-7754
-7501
-7547
-7703
-7614
-7801
-8244
-8658
-9461
-9745
-9098
-8204
-6562
-7480
-8583
-9730
-8115
-4551
-3088
-4629
-7169
-5549
-2555
-1642
-2727
-2452
272
1968
1836
1975
2079
2391
1934
2733
4838
5441
3708
2603
4282
7832
8120
5846
3995
4313
6120
7355
7700
6440
4184
3633
4315
5949
6276
4346
2756
2830
4734
5095
4016
2568
2688
3096
3124
2761
2466
2430
2341
2029
1808
1609
1579
790
1043
2049
2086
1046
-135
4
768
1487
455
-322
-597
653
1113
550
502
797
1376
1530
1967
2317
2337
1867
1217
1380
2287
3408
3461
3023
3269
3237
3286
3001
3126
2441
2033
2237
2222
2724
2712
2089
1184
825
344
86
120
89
-275
-819
-1346
-1674
-1596
-1801
-2573
-3017
-3517
-3853
-4228
-4811
-4826
-5075
-5465
-6013
-6222
-6506
-6468
-6753
-7278
-7815
-8245
-8123
-7697
-7488
-8160
-8239
-8924
-9417
-8871
-8113
-8156
-8911
-9572
-8702
-6504
-6414
-8405
-10147
-8835
-6191
-4590
-5862
-5998
-3638
-2796
-3438
-3969
-1727
1058
1192
1179
957
1351
898
1411
4120
5605
4758
2080
1989
4842
7454
7056
5090
3819
4152
4939
6400
7656
6441
4014
3462
4600
6660
6637
4992
2793
3023
4172
3948
3277
2507
2962
2620
2193
1954
2316
2466
2501
2297
1464
707
250
-232
722
1571
1076
-395
-856
-616
410
1038
176
-565
-1649
-1735
-1222
-234
282
-171
-1174
-1508
-326
650
663
-89
-420
186
787
1571
1860
1331
891
548
952
1569
2017
1638
1309
1291
1323
1400
1442
1696
1275
570
326
583
382
-366
-927
-1572
-1536
-2115
-2893
-3194
-3336
-3433
-4137
-4393
-4494
-4623
-4881
-5409
-6036
-6465
-6334
-6116
-6150
-6398
-6627
-7016
-7315
-7461
-7069
-7097
-7726
-8617
-9182
-8729
-8760
-8886
-9736
-8577
-7283
-7900
-9929
-11380
-8008
-5487
-4837
-7253
-7263
-4271
-2985
-4462
-6050
-3365
-340
-71
-589
-1238
-683
-1304
-245
2486
3645
2104
-641
90
3054
5507
3231
579
-11
1353
3163
3807
4020
1562
-531
-111
1919
4014
3123
1320
-508
809
2521
2207
1637
936
1263
1122
1474
1632
1535
1130
1392
1802
1315
1035
660
1240
2388
3240
2408
340
45
1444
3024
3280
2164
756
616
2156
3093
3280
3298
2566
1540
2006
3247
4031
3814
2733
1936
2606
3871
4831
4284
3437
3274
3424
3672
4453
4785
4321
4427
4020
4216
4580
4143
3361
2974
3070
2973
2760
2111
1923
2045
2072
949
-458
-628
-351
30
-622
-1885
-3064
-3858
-3998
-3848
-3662
-4570
-5736
-6296
-6137
-5509
-5162
-5943
-6874
-7014
-7235
-7325
-7408
-7384
-7892
-8424
-9077
-9628
-9280
-8846
-7082
-6904
-8348
-10016
-9350
-6104
-4014
-4341
-6657
-5273
-2984
-3130
-4574
-4238
-1350
-302
-637
-730
326
1001
324
1874
3953
4804
2429
338
1660
4880
5844
3079
1395
1664
2974
3248
3923
3678
1445
462
942
2708
3582
1868
-477
-977
1203
1648
968
-251
-446
-145
-280
-8
-129
26
196
648
108
-492
-699
-955
-381
407
953
121
-676
-283
529
1569
1692
1594
1151
1329
1570
1473
1591
2198
2023
833
1045
1733
2405
2717
2539
2531
2869
2861
2526
2719
3275
3395
3153
2772
3423
3776
3607
3007
3122
3432
2611
2024
1366
1268
1625
1391
426
-568
-981
-1122
-1352
-2074
-2459
-3042
-3724
-3443
-3585
-3920
-4331
-4745
-5430
-5704
-6215
-7202
-7950
-8007
-8158
-8307
-8418
-8491
-8595
-8311
-8400
-9211
-9346
-9240
-9464
-9277
-8955
-7899
-6324
-6905
-8304
-9768
-7137
-3734
-2074
-4188
-5959
-2609
-222
-1208
-2940
-1225
2375
3383
2766
2380
3345
4117
4470
6249
7517
7118
3893
3034
5778
9409
8296
5169
3840
4593
6302
6794
6629
4944
3572
4039
5214
6557
5943
4243
2797
3339
4790
4448
3239
2047
2508
2595
2674
2325
2031
1901
2188
1963
1089
1145
1378
1202
1514
2346
2613
1417
790
351
1176
2339
1834
1116
1114
2542
3282
2934
2679
3239
3262
2706
2538
2548
3339
3799
2939
2588
3211
3733
3647
3605
3843
3790
3001
3491
4121
4701
4780
3864
3620
4329
5183
4680
3879
3480
3664
3833
3806
3572
3134
1988
1734
1841
1325
1099
117
-1199
-1606
-1486
-1875
-2906
-3549
-3744
-4021
-4272
-5078
-5560
-5275
-4950
-5994
-6906
-6984
-7091
-7640
-7739
-7860
-8831
-9270
-9395
-8204
-5914
-5609
-7189
-9950
-8185
-3990
-1567
-3398
-6740
-4375
-1122
-446
-2375
-1765
2271
3067
2161
2225
3922
4469
2932
4328
7253
7860
4063
1856
4079
8435
8004
4530
3053
3855
5006
5163
6054
5228
2636
375
748
3940
4674
2023
-1198
-1198
1746
2266
944
-672
-73
732
335
-312
-589
-347
-47
-144
-689
-706
-1084
-1604
-866
787
1563
-47
-1124
-786
1222
2637
2393
1329
947
1734
2737
3519
3944
4302
2907
2620
3772
5174
5243
4225
3573
3811
4799
5395
5440
5398
5163
5112
4467
5025
6116
5881
5044
4516
5375
6121
5819
4746
4360
4835
4734
4181
3018
3090
3342
2727
2116
1845
1490
830
345
-479
-595
-930
-1608
-2649
-2837
-2871
-3398
-4329
-4950
-5438
-5919
-6305
-7060
-7958
-8347
-8451
-9068
-9261
-9477
-9634
-9965
-9813
-7175
-6797
-8299
-11142
-9896
-6151
-3546
-4651
-7855
-4841
-1529
-1292
-3549
-2494
1791
3254
2130
1255
2537
3441
3041
4553
6920
7672
4614
2566
4937
9861
9770
6091
4026
4482
5951
6261
7736
6524
3406
1432
1995
5360
6051
3620
310
-755
2031
3570
3387
1780
1067
369
-62
345
531
177
-92
56
-9
591
963
254
216
1354
2245
1161
130
459
1800
2825
2392
1867
1066
2438
3218
3196
3182
3693
3712
3336
4509
5461
6218
5746
4700
4117
4839
6608
6636
6164
5899
6079
5984
6215
7630
8447
8367
7341
6939
6445
7186
7855
6749
5163
4644
4507
4501
5332
5219
3573
1965
1420
2206
2351
1709
389
-1106
-1529
-1279
-1294
-2456
-2849
-3957
-4790
-4919
-4988
-6069
-6962
-7235
-7583
-8403
-8950
-9506
-10015
-10151
-9654
-11041
-10004
-8115
-8309
-11131
-12965
-9125
-5741
-4330
-7185
-7220
-3735
-2074
-3910
-5125
-772
3904
3154
912
783
3562
3712
4468
7096
9360
6947
3206
3945
8737
12016
8157
4908
4703
7250
7572
7565
8339
6616
3843
1698
4004
7007
6328
3113
-615
487
2460
2615
673
-367
-56
-770
-1280
-1706
-1277
-1186
-1066
-1345
-1413
-1132
-1701
-2482
-2270
-385
-426
-2357
-2917
-2160
340
774
-95
-1133
-999
207
1085
1747
1812
2025
1524
1572
2904
3690
3261
2964
3193
3864
4653
4332
3338
3370
4420
5103
4337
3698
3830
4197
4759
4599
4228
3589
3180
3206
3995
4509
3567
2223
1629
2649
3065
2067
824
474
809
848
294
-1134
-1835
-1772
-2163
-2902
-3647
-3795
-4893
-5215
-4930
-5078
-6153
-7621
-8379
-8680
-8264
-8753
-10462
-11787
-12060
-10505
-8324
-8404
-11284
-14151
-12112
-8335
-5972
-8463
-10191
-7238
-4953
-5416
-6677
-4234
-521
-444
-970
-316
2066
1714
837
3244
6517
6854
2903
1761
5700
9979
8570
4868
4043
6088
6808
6876
7607
7163
4400
2943
4344
7068
6796
3767
914
1338
3685
3609
2173
444
354
86
-130
-95
-584
-1099
-1280
-1382
-1761
-1960
-2188
-2486
-2339
-1386
-993
-2477
-3045
-1995
-124
563
-291
-1444
-1447
213
1397
1970
1885
1805
1388
1087
2091
3901
4405
3501
2397
2922
4306
4992
4654
4209
4193
4057
3898
4029
4899
5161
4686
4090
4344
4577
4667
4600
4076
4136
3216
2257
1821
2491
3183
2215
647
-151
516
1143
1195
138
-426
-891
-1501
-1683
-1453
-1676
-2641
-3861
-4171
-4203
-4053
-4715
-5288
-5483
-5599
-6231
-7014
-7628
-6755
-4633
-5621
-8512
-10988
-8164
-4741
-3268
-6461
-9006
-6353
-3747
-4180
-5540
-2925
-92
-1112
-2469
-1117
1725
1061
-431
1480
5023
6201
2531
1372
4787
8354
6543
3584
3528
5395
5592
5435
6858
6301
3561
1417
2976
6516
6105
3179
377
830
2705
2840
1718
797
659
-1004
-1876
-1318
-902
-2070
-3154
-3286
-3089
-3030
-3943
-4813
-4629
-3644
-3242
-5159
-6131
-5166
-3213
-1986
-2431
-3890
-4672
-3693
-1646
-548
-1058
-1989
-2093
-1614
-334
670
719
1051
844
1050
2183
2637
2598
2043
2360
2869
2277
1778
2424
3596
3629
2650
1630
1617
1920
2313
2320
2240
1650
614
-359
-132
658
671
-165
-733
-1460
-1165
-1242
-1469
-2012
-2392
-2987
-3515
-4099
-4987
-5274
-5917
-5697
-6606
-7332
-7966
-7791
-8416
-8713
-9221
-9948
-7995
-7829
-8803
-11523
-10907
-7472
-5325
-6865
-9752
-6805
-3654
-4137
-6233
-5763
-1226
745
-395
-1298
-128
639
-234
1280
4251
5902
2327
-649
1489
6647
7586
4053
1791
2267
3887
4332
5838
6155
3621
1139
1582
5301
6497
4250
1434
1014
3107
4042
3660
2385
2439
1718
1434
1729
1194
22
-656
-47
215
-299
-1402
-2229
-1630
-860
55
-1604
-3147
-3387
-1953
-585
-1240
-1607
-3082
-2995
-2202
-1334
-371
-314
-1021
-1820
-1029
719
1049
566
300
899
840
688
1016
1888
2014
1941
1290
753
1880
2526
2186
1190
848
703
1227
2365
2786
1838
509
-239
381
1314
1586
653
-1140
-1931
-1484
-523
-692
-2182
-3512
-4226
-4697
-4564
-5034
-6004
-6767
-7340
-7722
-8101
-8437
-9019
-9707
-9574
-10205
-10440
-7983
-6833
-8481
-12231
-11466
-8096
-5522
-7019
-9672
-7201
-4110
-4106
-6408
-5776
-1228
444
-1299
-2417
-422
982
318
1734
4182
5047
1631
-374
2386
7687
7256
3304
920
2411
4409
4678
5215
4491
2426
550
1102
4291
5345
2872
-13
-513
2033
2703
1717
167
582
719
305
-133
-14
350
770
834
74
-435
-937
-1109
-895
343
1255
-335
-2248
-2290
-420
1477
1165
-726
-2466
-1866
298
1577
1120
36
-795
-962
-276
583
1150
1082
308
124
716
1226
748
455
1131
1763
1091
-22
-150
941
1367
726
398
122
248
623
887
1062
692
-825
-1705
-983
38
-99
-1690
-2950
-2646
-2059
-2407
-3545
-4711
-5331
-5328
-5104
-5741
-6690
-7433
-7902
-8010
-7975
-8328
-9996
-10733
-11077
-8714
-6351
-7968
-12265
-14783
-10465
-5697
-4942
-10303
-11750
-6896
-4013
-5251
-7232
-4390
-442
-424
-1230
-95
2385
538
-966
2304
7123
6206
-63
-1450
3953
9407
6717
2866
2015
3467
4240
4652
7079
6263
1890
-1202
1245
6201
6022
1854
-1752
-26
2706
2835
1116
261
969
132
-390
158
1056
338
-26
331
684
330
-807
-694
422
2248
2306
10
-852
-274
1558
2180
2408
1145
-989
-926
819
2728
2860
1468
9
-86
1520
2978
2911
1890
1068
763
1090
2179
2498
1248
429
1067
1354
1117
1067
1253
1599
1070
923
367
174
911
1683
1705
627
-618
-1442
-583
665
996
-293
-1952
-2473
-1860
-1538
-1757
-3084
-4551
-4845
-4146
-4078
-4730
-6144
-7537
-8377
-8412
-8396
-9297
-10055
-11144
-8781
-7422
-8757
-12786
-13335
-8698
-4472
-4932
-9894
-8997
-4709
-3316
-5166
-5787
-1207
1662
555
-476
1573
3509
1548
1977
5036
8387
5450
1462
2237
7714
9926
6407
3290
3388
5220
4846
5995
6921
4545
625
-1148
2330
5350
4246
281
-2471
-80
1077
798
-969
-954
-1499
-2087
-1716
-1257
-769
-1917
-2215
-2009
-982
-1086
-2106
-2276
-1031
1439
891
-1078
-2245
-296
2334
1998
1633
390
1017
2004
3166
3480
3288
3504
2881
3465
4861
5888
5257
3576
3761
4748
5878
5521
4507
3398
3752
4666
4131
4172
4357
4429
3363
3124
3777
4291
3927
3141
2976
3420
4001
3366
2095
2129
2793
2809
2155
1902
2012
2074
1795
1825
565
-903
-1289
-1095
-747
-1356
-2902
-4718
-5227
-4523
-5012
-6329
-8630
-7231
-5075
-5647
-8124
-10769
-8753
-6009
-4911
-7975
-8044
-4404
-3784
-5851
-6925
-2642
984
464
-180
370
2468
1263
896
3391
7661
6872
1858
638
5095
9284
6958
4285
4126
5413
4088
4196
6624
6828
3689
-271
377
4277
4639
1545
-2200
-1257
-163
-140
-704
-1107
-759
-2739
-3483
-2913
-1962
-2173
-2632
-2780
-2706
-2141
-1906
-1818
-1201
16
99
-1089
-997
-276
1211
1826
2713
2542
1443
2258
3818
5384
4820
4151
3882
3968
5423
5617
5108
4451
4341
4422
4837
5611
5130
4008
2912
3690
4280
4240
3580
2690
2676
3170
3465
2773
2161
2344
2582
2764
2579
1498
696
974
1878
2253
1523
989
758
433
826
1212
604
-883
-1604
-1610
-1138
-1092
-1317
-2349
-4382
-5134
-5112
-4774
-5221
-4425
-4800
-5991
-7854
-8247
-5876
-3815
-4239
-8017
-6974
-2351
-1098
-3343
-5023
-1385
1595
965
59
750
2589
1291
1138
3200
6744
5608
1762
1870
6269
8219
4972
3357
4063
5052
4125
4165
5481
4096
1490
-348
1583
3506
2123
-469
-2413
-864
-574
-1092
-1951
-1863
-2309
-3821
-3655
-2338
-1988
-2863
-2859
-2442
-2925
-2933
-2797
-2470
-2052
-1182
-850
-1040
-321
272
1128
1556
2584
2677
2301
3097
4271
5550
5601
5085
5234
6165
7667
7604
7070
6946
7474
7755
6982
6992
7173
6704
6334
5693
5580
5960
5751
5278
4985
4661
4181
3204
2986
3344
3454
2902
1969
1315
1444
2076
2554
1940
574
-321
-163
992
1179
392
-1067
-1734
-1805
-2113
-1908
-2157
-2558
-3799
-5006
-5225
-4453
-4255
-3468
-3849
-5104
-7446
-7732
-4747
-2650
-2377
-5435
-5013
-2430
-1707
-2289
-2413
425
2030
1469
1514
2736
4424
3301
3924
6165
7751
6234
4088
5108
8740
9594
6820
5064
5331
6212
5658
6639
7823
5720
2562
1409
4137
5586
3576
424
-1247
272
321
-189
-1107
-569
-1058
-2690
-2891
-1958
-1511
-2933
-3682
-3298
-2776
-3108
-3864
-3462
-2002
-480
-1091
-2461
-2433
-688
1478
1611
796
-458
53
1911
3791
4837
4685
3862
3024
3273
4993
6721
6623
5370
4557
4923
5577
5713
5361
5154
4866
4136
2672
3081
4271
4792
3430
1586
1729
1937
2007
1717
1574
509
-999
-1574
-756
858
1031
-669
-2407
-2609
-1187
-866
-1617
-2405
-2987
-3191
-3315
-3672
-4023
-4935
-5895
-6244
-6079
-6255
-6947
-5610
-5193
-5735
-7869
-8324
-6626
-4576
-5023
-6916
-4517
-2463
-3628
-5699
-4442
738
2718
1691
220
1562
2935
3087
4688
6721
7606
4073
2189
4872
9866
9775
6581
5104
6004
6859
6635
7850
8112
5961
2611
1981
4628
5630
4148
611
-340
979
1064
-39
-1297
-1352
-1758
-2921
-3442
-3322
-3950
-4505
-4350
-4408
-4675
-5496
-6260
-5562
-4063
-2983
-4169
-5172
-4614
-2265
-994
-930
-1151
-1367
-386
736
1343
1605
2217
2962
2916
3211
4360
5503
5865
5797
6319
6106
5780
5771
6509
7298
7341
5807
3905
4073
5247
6186
5061
3740
3126
2749
2680
3136
3260
1656
251
-394
176
720
-115
-1205
-2011
-1620
-1242
-2084
-3054
-4003
-4246
-3941
-3948
-4578
-6109
-7154
-7230
-7000
-6680
-5265
-5942
-8334
-10142
-8463
-5309
-4252
-5814
-7340
-4885
-2457
-3502
-5297
-3958
973
2676
1414
421
1916
3318
2980
4515
6826
7811
5246
3840
6329
10255
10206
6793
5572
7041
8547
8065
8314
8441
7139
5072
5150
8102
8177
5225
2081
1986
3843
3519
1886
120
118
-937
-2793
-3167
-2380
-2655
-4354
-4816
-4343
-4129
-5002
-5909
-5431
-4533
-4131
-5473
-4903
-4327
-3133
-3539
-4346
-3071
-2533
-1134
-1327
-271
42
281
792
1309
2468
3190
4393
4556
4420
4660
4382
4571
5344
6209
5235
4395
3863
4752
5880
5505
4716
3207
2700
2927
3232
3437
2446
353
-1705
-1757
-78
748
-1034
-3256
-3889
-3849
-3479
-3817
-4537
-5742
-6441
-6737
-6541
-6383
-7277
-8074
-8890
-8712
-8187
-6123
-5738
-7252
-10028
-9961
-6475
-3896
-4983
-7786
-5558
-1937
-2164
-4538
-4248
-36
2295
1266
490
1519
3083
1881
3289
6764
8833
5704
2597
4930
10493
11713
8011
5576
5894
7397
8639
10147
10344
7390
4358
4921
8486
9602
6555
3591
2133
3573
3468
2749
1473
328
-1459
-2471
-2157
-1671
-2390
-4132
-4504
-4691
-5360
-6304
-6754
-6588
-6684
-6800
-7007
-7123
-7076
-6922
-6487
-6608
-6122
-6013
-5652
-5129
-4968
-4546
-4149
-3536
-3243
-2728
-1208
-230
-180
-251
145
451
1267
2681
3775
3725
2991
2731
3040
4344
4693
3625
2031
1998
3761
4267
4110
2856
1447
728
818
1615
998
-245
-1924
-3095
-2709
-2441
-2750
-4053
-5089
-5670
-6311
-6537
-6669
-7775
-9354
-10964
-8760
-7009
-8162
-11022
-12636
-10198
-7455
-6559
-9849
-10213
-6665
-5823
-7748
-8309
-4767
-1840
-2339
-2257
-1045
473
-1054
-246
3484
7074
6086
1698
1430
6631
10972
9189
6914
6864
7453
7603
9156
11615
11027
7656
5192
7193
10950
11285
8648
5500
5988
7163
7416
6130
5208
5308
3730
2337
2093
2468
1733
951
236
-562
-1007
-2373
-3724
-4407
-2934
-2827
-4965
-6708
-6146
-4849
-5151
-4912
-4961
-5164
-5439
-5238
-3951
-2869
-2793
-3828
-4373
-2965
-1053
-484
-1404
-1387
-656
359
1295
1666
1240
1410
1947
2728
3216
2886
2196
2056
2895
4083
4193
3641
3251
3110
3162
3242
2928
1830
915
119
-510
-575
-306
-749
-2433
-3696
-3874
-4496
-5768
-6384
-6596
-7442
-6360
-6418
-7850
-10885
-11198
-9392
-8209
-8772
-11028
-9522
-6958
-7198
-9465
-9779
-5955
-4157
-4848
-5354
-4560
-4002
-5668
-3863
-291
2203
-704
-4090
-2554
2092
3867
1583
152
877
1935
2005
3726
5477
4568
2196
2063
5804
7907
6561
4455
3758
5151
5974
5180
4083
4613
5044
4220
3491
3806
3595
2422
1872
2219
2733
1563
-550
-1748
-1171
469
-267
-2540
-4183
-3850
-3175
-2935
-2793
-3136
-4279
-5725
-5003
-3568
-2943
-4121
-5343
-5088
-3636
-2226
-2438
-3259
-3618
-3188
-2378
-1089
-510
-1001
-1487
-1390
-794
-200
73
923
865
653
797
1276
1532
1576
1505
675
955
930
636
256
652
867
-470
-2011
-2628
-2230
-3007
-3970
-5063
-4632
-4634
-4890
-4011
-4489
-5201
-8044
-8405
-6187
-3590
-4561
-7320
-6077
-3572
-3918
-6101
-5589
-2258
-1029
-1434
-2084
-303
324
-591
409
3097
4766
1488
-1186
347
4383
4677
2287
1301
1322
907
1208
3362
4231
2003
-1603
-1924
1361
3015
2201
-132
-461
633
727
725
1078
1251
-154
-1185
-608
486
666
592
861
1149
1162
706
314
447
894
1382
959
-137
-291
29
838
1480
1358
433
-713
-755
98
174
-204
-733
-1186
-1578
-1239
-237
-212
-829
-1384
-1391
-1248
-933
-472
-102
493
38
-511
-748
-267
254
66
-151
-6
-4
153
498
531
397
35
-405
-660
-512
-575
-831
-1467
-1955
-2080
-3095
-3924
-4129
-4393
-5112
-4685
-4025
-4534
-6631
-8480
-7115
-4453
-3651
-5655
-6393
-4149
-3327
-4659
-5708
-3598
-232
-40
-710
-1074
-359
-1097
-565
2374
4455
3490
446
718
4458
7350
6697
4448
3459
3977
4429
5184
6138
4976
2352
1204
2837
4999
4220
2055
-117
-149
880
1239
954
-287
-1307
-1726
-1818
-1281
-1430
-2620
-3091
-2708
-2137
-2458
-3550
-4119
-3232
-1754
-1476
-3126
-4336
-4145
-2726
-2025
-1605
-1743
-3002
-3293
-2585
-513
348
-467
-1170
-984
150
709
459
-277
-273
61
740
1636
2524
2547
2045
2067
2446
2691
2422
2473
2105
1978
2645
3146
2587
1694
1389
1738
1625
1311
555
-250
-308
-197
-599
-1256
-1788
-2358
-2870
-3545
-3929
-4688
-4752
-3934
-4055
-5813
-7868
-7903
-5781
-4024
-4922
-6119
-5078
-3606
-4169
-5667
-4910
-2290
-1394
-1980
-1887
-570
-598
-1489
-578
2197
3459
1931
107
1295
5012
6284
5162
4052
4274
5039
5634
7567
8226
6670
4822
4962
7447
8960
7936
5852
4482
5242
6183
6088
5670
4542
3499
3559
4146
4449
3722
2305
1397
800
678
407
-256
-1091
-749
-322
-989
-2067
-2060
-979
-1398
-2171
-2547
-2311
-2212
-2376
-2019
-997
-182
-1039
-2120
-2330
-1544
-688
-650
-659
-230
-58
278
1297
2211
2381
1593
870
1405
2623
2950
3106
2809
3087
3405
3896
3632
3775
3574
3043
2938
2643
2366
2526
2428
1862
867
-538
-1017
-1324
-1083
-1114
-1391
-1796
-2209
-3463
-4177
-3478
-1634
-1180
-3073
-4228
-3242
-1810
-1918
-3146
-2420
-457
538
427
-39
22
51
510
1883
3755
3466
1667
1150
2663
4559
4813
3296
2159
1837
2373
3776
4875
4675
3015
1928
2623
4222
5302
4960
3212
1978
2374
3734
3808
3014
2372
2046
1668
1847
2103
2664
1937
613
-241
-121
208
-19
-483
-870
-966
-1658
-2473
-2712
-2525
-2778
-2992
-3661
-3714
-3691
-4185
-4150
-4089
-3833
-3630
-3197
-3357
-3666
-3605
-3451
-2876
-2711
-2742
-2727
-2415
-1605
-845
-708
-653
-715
-516
-183
254
310
-267
-472
-143
579
676
724
-28
-736
-714
-469
-647
-1147
-1256
-1929
-2455
-2910
-2987
-3324
-3319
-2543
-2383
-3491
-4588
-4595
-3660
-3427
-3707
-3458
-3136
-2870
-3258
-2671
-813
601
879
495
1436
2042
1802
1462
2894
5108
5109
3537
3270
4943
7103
7508
6241
5430
5354
6199
7014
7375
6318
5056
4018
4464
6132
6649
5504
3713
3686
5022
6031
5923
4985
3966
3492
3738
4118
4510
4118
3073
2777
3197
3664
3671
3310
2817
2101
1795
2167
2246
1897
1313
1149
1496
1148
256
-35
305
281
-792
-1268
-1576
-2237
-2760
-2314
-1451
-1898
-3082
-4139
-3529
-2162
-1692
-2178
-2921
-2257
-1352
-571
-177
-233
-1264
-1993
-1446
153
1225
536
-114
-466
61
837
1037
1077
76
-984
-1302
-682
-50
-73
-701
-904
-305
-775
-1163
-1183
-202
-186
-713
-222
-41
105
-121
203
1297
1949
2138
2159
2733
2869
3041
3352
4068
4916
4961
4984
5463
6247
6056
5881
6135
6348
5839
5186
5361
5688
5793
5244
5420
5945
5628
5256
4547
4488
4358
4734
4364
3782
3298
3099
3290
2668
2834
2616
2454
1855
1199
2031
2607
3125
1447
264
344
763
1302
791
511
-272
-631
-815
-878
-570
-402
-555
-1213
-1410
-1774
-1799
-1395
-1482
-1812
-2450
-3350
-3732
-2943
-2366
-2395
-3195
-3814
-3780
-3438
-2959
-3186
-3904
-4571
-5057
-4736
-4047
-3739
-3898
-4208
-4757
-5025
-5196
-5496
-5194
-5244
-5745
-6453
-6515
-6751
-6302
-5521
-5535
-5791
-6492
-6280
-5833
-4799
-4226
-3971
-2989
-2867
-3073
-2747
-1650
-461
-462
38
570
1423
1901
2065
3156
4132
4758
4646
4611
5236
6194
6656
6878
7126
7396
7162
6889
7526
7399
6918
5905
5324
5712
6266
6448
5800
5604
5461
5462
4470
3701
3850
4162
3806
3319
3286
3364
3320
3184
3704
4047
3676
3020
2659
3010
3847
4281
3577
2945
2647
2368
2419
2158
2342
1785
1450
1046
671
371
127
151
129
245
-348
-1403
-1788
-1861
-1446
-1563
-2192
-2864
-3490
-3586
-3057
-2575
-2991
-4527
-5421
-5099
-4175
-4069
-5171
-6348
-6516
-5912
-5846
-5845
-6425
-7159
-7696
-7918
-7668
-7517
-6960
-7094
-7904
-8550
-8057
-6809
-6357
-6000
-6501
-5856
-4710
-4518
-4602
-4033
-2799
-2579
-2299
-1636
-802
-469
-613
176
1394
1587
1207
1358
2409
3922
4256
3918
4448
5044
5190
4866
5285
6173
6154
5931
5697
5970
6148
6114
5801
5602
5314
5137
4945
4730
5476
5814
5587
4889
4640
4697
4697
4152
3757
3999
4124
3943
3130
3257
3741
3787
2619
1792
2259
2637
2505
2307
2151
1920
1578
1347
1260
1506
1383
855
446
361
457
474
438
495
598
289
-83
-327
-425
-234
-188
-269
-193
-461
-682
-976
-665
-10
-599
-1735
-2555
-2550
-2354
-2591
-3523
-4297
-4390
-4324
-4267
-3993
-3856
-4443
-5288
-5614
-4614
-4055
-4353
-5405
-5281
-3951
-4052
-4437
-3979
-3288
-2948
-2926
-2028
-1039
-600
-1100
-1277
-576
989
1528
1240
1484
2260
2958
2732
3079
3171
2979
2906
3705
4884
4722
3884
3451
3967
5145
5765
5377
4257
3899
4465
4865
5511
5776
5361
4342
4095
5098
5992
5937
5123
4359
4021
3598
3115
3456
3895
3411
2196
1824
1935
2317
2382
1536
1098
535
305
-157
-467
-406
-676
-1798
-2628
-2403
-2488
-2869
-3355
-3500
-3211
-3134
-3651
-3926
-4395
-4271
-4176
-3997
-4166
-4303
-4400
-4188
-3521
-3379
-3521
-3961
-4525
-4406
-3904
-3583
-3776
-4878
-5283
-5315
-4908
-4601
-4508
-5537
-6879
-6769
-6001
-4791
-4616
-4696
-4309
-4087
-4138
-3797
-3187
-2564
-2118
-2198
-1706
-1116
-718
-512
370
1570
2040
1958
1754
1731
2505
2963
3159
3209
2812
2894
2769
3467
3933
3733
3173
2670
3151
3886
4277
4195
3419
3105
3530
3863
4250
4581
4207
3679
3225
3370
3571
3474
3004
2520
2971
2768
2533
2406
2531
2560
2389
2232
2564
2468
2178
1833
1752
1503
1514
1389
1005
680
831
779
508
408
519
846
422
47
-368
-321
-828
-1316
-1866
-2101
-2274
-2814
-3666
-4141
-4157
-4330
-4255
-4620
-5149
-5123
-5289
-5839
-6451
-6928
-7203
-6864
-6809
-6923
-7196
-7244
-7203
-7031
-6665
-6184
-6258
-6539
-6327
-6103
-5369
-4674
-3826
-3211
-2978
-2418
-1732
-1453
-952
-375
862
1649
2155
2441
2226
2931
3377
3734
4036
4650
4843
5192
5628
6185
6608
6247
6302
6258
6568
6486
6239
6256
6241
6227
5771
5620
5825
5925
5679
5184
5336
4778
4297
4110
3778
3360
2439
1953
1819
1677
1129
599
324
-25
-505
-510
-324
-485
-803
-913
-958
-1194
-1607
-1367
-1446
-1424
-2128
-2687
-2738
-2749
-3002
-3469
-3166
-3138
-3260
-3823
-4224
-4510
-4879
-4937
-5548
-5821
-6006
-5902
-6206
-6942
-7077
-7495
-7444
-7239
-7119
-7297
-7769
-7778
-7550
-7329
-6942
-7317
-7385
-6588
-6221
-6112
-5945
-5283
-4668
-3868
-3689
-3638
-3750
-3214
-2280
-1992
-1840
-2009
-1732
-1201
-607
-34
543
1240
1638
1765
2238
3504
4675
4590
4042
3829
4453
5551
6119
5920
5372
5521
5891
6799
7638
7706
7427
6997
7664
8358
8366
8189
7891
7847
8285
8233
7793
7412
7018
6676
6317
5766
5202
4642
3954
3886
4032
3948
3250
1897
1264
1119
1043
312
-945
-1974
-2263
-2410
-2667
-3027
-4008
-5342
-6210
-5810
-5290
-5444
-5845
-6829
-7426
-7467
-7237
-7257
-7579
-7989
-8509
-8789
-8721
-8009
-7644
-8419
-9283
-9168
-8607
-7810
-7314
-7438
-7166
-6623
-6613
-6540
-5945
-5231
-4808
-4815
-4525
-3862
-3571
-3649
-3029
-2174
-1807
-2039
-2200
-1536
-683
-238
-347
-567
-482
15
810
1497
2036
2063
1712
2109
2698
3567
3542
2798
2638
3427
4480
4278
4275
4379
4818
5059
4885
4901
5270
5433
5101
4916
4791
4886
4923
4857
5159
5501
5157
4730
4499
4873
5010
4825
4363
3875
3359
3194
3696
3751
3267
2930
2991
2688
2362
2353
1538
959
596
203
-416
-502
-941
-1885
-2362
-2692
-3086
-3955
-4886
-5084
-4976
-5129
-5414
-5698
-6016
-5666
-6000
-6570
-6433
-6546
-6814
-7326
-6860
-6759
-6849
-7049
-6879
-6737
-6679
-6314
-5898
-5565
-6141
-6125
-5476
-4513
-3924
-3857
-4043
-3812
-3172
-2804
-2536
-2196
-1735
-1578
-1671
-1199
-647
-485
-183
-88
768
1414
1374
1514
2031
3081
3299
3113
2495
2762
3373
3833
4183
4284
4203
3868
3555
3308
4070
3788
3501
3233
3027
3052
3402
3839
3129
2478
1886
1926
2134
2024
1856
1179
928
788
780
701
200
36
-159
-502
-733
-615
-592
-802
-778
-1462
-2245
-2482
-2539
-2376
-3063
-3808
-4392
-4258
-4213
-4072
-4281
-5214
-5858
-6250
-6199
-6197
-5956
-5957
-6151
-6106
-5739
-5759
-5532
-5435
-5679
-5598
-5468
-5062
-4740
-4868
-4905
-4782
-4400
-4100
-3727
-3670
-3317
-3036
-2475
-2142
-2188
-1939
-1442
-178
806
1188
1407
1430
1644
2279
2947
3159
3535
4077
4144
4657
4889
5101
5290
5024
4461
4893
5936
5832
5578
4755
4851
5358
5206
4989
4789
4606
4167
4168
4233
4574
4328
3759
3473
3177
3297
3030
2675
2649
2487
2537
2374
2205
1827
1353
1425
1476
1254
708
254
433
189
-369
-795
-1203
-1721
-1675
-1841
-2060
-1956
-2208
-2432
-2813
-3470
-3684
-3109
-2782
-2815
-3736
-4292
-4797
-4706
-4404
-4520
-4509
-5001
-5399
-5483
-4669
-4051
-3721
-3890
-4231
-4261
-4215
-3739
-3379
-3365
-3322
-3358
-3384
-2608
-2047
-1596
-1472
-1509
-1450
-933
-286
231
576
756
855
969
1428
1531
2014
1865
1616
2138
2661
3218
3404
3525
3946
3983
3966
4216
4588
4438
4178
4494
4812
4951
4941
4963
5444
5858
6299
6432
6049
5572
5370
5433
5496
4798
4352
4149
3855
3636
3644
3634
3389
2875
2446
2460
2286
1878
1237
770
235
-144
-547
-521
-633
-1636
-2574
-2917
-3167
-3394
-3666
-3748
-3863
-4251
-4692
-4610
-4377
-4639
-4978
-5461
-5492
-5322
-5135
-5369
-5254
-5242
-5434
-5684
-5316
-4923
-5379
-5201
-4511
-4178
-4164
-4064
-3276
-3072
-3027
-2717
-2718
-2719
-2425
-1973
-1604
-934
-917
-470
117
877
1485
1665
2011
2506
3179
3031
3226
3667
4237
4732
4725
4786
4995
5172
5401
5717
5602
4827
4054
4123
4692
4964
4473
4081
3977
4187
4323
4222
4542
4628
3854
3274
3279
3637
4140
3514
3063
2960
2931
2898
2874
3284
2771
1974
1352
1728
2013
1581
1139
915
1363
1388
1058
807
782
649
92
-506
-576
-358
-385
-789
-1033
-1161
-1283
-1706
-2385
-2900
-3145
-3311
-3675
-3890
-4075
-4384
-4551
-4628
-4666
-4777
-5062
-5306
-5587
-5341
-5016
-5132
-5541
-5605
-5197
-4670
-4605
-4800
-4383
-3984
-3794
-3678
-3272
-2663
-2482
-2368
-1827
-1142
-383
-48
457
603
666
847
1272
2209
2906
2990
2972
3506
4057
4575
4737
4704
5072
5405
5517
5307
5652
6137
6135
6270
6116
5980
5506
5268
5157
5117
5278
5367
4819
4695
5023
5106
4714
4372
4439
4286
4244
3671
3610
3303
2942
2620
2446
2520
2177
1568
1019
1115
679
675
449
-21
-522
-1069
-1143
-1072
-972
-833
-981
-1003
-826
-1338
-1832
-1996
-1751
-1537
-1658
-1781
-1684
-1308
-1139
-1399
-1763
-1494
-1477
-1780
-1503
-1245
-1603
-2193
-2074
-1876
-1651
-1876
-1958
-1576
-1146
-1239
-1530
-1705
-1543
-1232
-1071
-1092
-1246
-900
-644
-412
-98
-71
44
-30
97
236
667
797
850
548
807
1405
2285
2651
2499
2458
2590
2896
3075
3304
3326
3338
3190
3653
3709
4393
4565
4226
4234
4481
4728
4588
4137
3504
3665
3525
3560
3788
3336
3301
3506
3296
3192
2947
2691
2660
2145
1958
2007
1820
1278
699
795
852
1348
775
151
-16
-180
-265
-675
-344
-496
-554
-684
-918
-576
-705
-976
-1519
-1708
-1778
-1544
-1756
-2164
-2082
-2200
-2620
-2425
-1965
-1703
-1456
-2005
-1593
-941
-804
-822
-998
-716
-355
162
543
425
45
-290
160
267
238
152
250
237
291
444
657
728
900
1189
1124
983
1049
1436
1466
1200
1099
935
1222
1560
1452
1120
1420
2395
2469
2543
2275
2224
2513
2454
2436
2498
2452
2549
2653
2631
3085
3047
2777
2760
2566
2746
2735
2603
2363
2593
2673
2882
2902
2837
2697
2589
2595
2625
2374
1892
1471
1162
1450
1388
1309
1211
729
299
228
348
142
-63
-488
-857
-1271
-1366
-758
-780
-1184
-2115
-2840
-2420
-2047
-2245
-2459
-2916
-2803
-2783
-3128
-2905
-2856
-3388
-3462
-3269
-2866
-2284
-1967
-1714
-1828
-2044
-1796
-1590
-1662
-1565
-1313
-895
-767
-848
-785
-1037
-943
-462
-179
160
-154
-34
272
920
1124
705
325
206
980
1279
1539
1807
1522
1431
1624
1643
1666
1804
1957
1928
1428
1021
1313
1839
2129
2108
1653
1475
1222
959
1630
2130
2190
1536
1097
1176
1531
1725
1442
793
306
-138
145
412
476
643
587
912
837
695
271
-261
-481
-200
82
278
14
165
274
67
-151
-108
-60
-421
-594
-503
-376
-335
-313
-292
-359
-434
-38
76
-153
-589
-704
-265
219
455
347
-390
-763
-746
-620
-583
-722
-1050
-1147
-597
-213
-498
-1073
-1138
-1087
-1204
-1224
-1454
-1857
-1978
-2034
-2328
-1699
-1340
-1683
-2080
-2336
-2679
-3012
-2978
-2514
-2555
-2668
-2374
-2074
-1427
-1426
-1480
-1831
-1744
-1674
-2002
-1970
-1675
-1147
-988
-720
-443
-626
-932
-712
-654
-712
-888
-904
-749
-612
-438
-107
-461
-988
-1182
-997
-903
-773
-954
-1471
-1520
-1079
-753
-867
-767
-538
-808
-961
-620
-587
-549
-806
-781
-731
-575
-172
-434
-760
-716
-540
-404
-201
-38
132
236
148
196
297
347
516
450
595
742
755
808
878
1012
1131
1227
1135
1212
1625
1663
1681
1314
1714
1981
1693
1753
1695
1788
2254
2089
1951
2294
1729
1855
1758
1891
2123
1823
1316
789
599
459
476
77
-58
-98
25
148
88
124
-133
-613
-1273
-1586
-1385
-1134
-1392
-1770
-1944
-2109
-2330
-1831
-1370
-1065
-1106
-1491
-1767
-1605
-1174
-856
-1154
-1422
-1554
-1616
-1366
-1069
-1020
-1275
-1356
-1234
-1079
-985
-913
-874
-883
-1234
-1017
-978
-1005
-728
-440
-576
-619
-281
-402
-727
-967
-447
-334
-221
-156
-381
-892
-1228
-1129
-715
-209
-29
-54
224
456
714
666
560
648
500
340
319
184
397
943
551
322
186
235
216
716
1375
1135
550
431
285
352
560
832
1186
1277
1352
1033
840
1081
1027
944
965
685
546
72
53
286
157
176
-247
-123
231
215
-288
-386
-832
-869
-864
-1358
-1559
-1714
-1478
-1430
-1550
-1951
-2147
-2438
-2589
-2569
-2370
-2294
-2430
-2723
-2857
-3167
-2821
-2320
-2455
-2739
-2934
-2751
-3104
-3135
-2770
-2433
-2679
-2655
-2644
-2370
-2220
-1930
-1762
-2251
-2462
-2483
-1864
-1611
-1319
-1122
-830
-633
-428
-601
-950
-1225
-1312
-1174
-1496
-1438
-914
-215
164
353
293
780
1057
824
607
390
492
643
716
759
1101
1174
981
1079
1149
1468
1448
1566
1306
1051
950
863
872
649
674
637
676
1027
1148
788
437
45
-5
248
-1
-501
-875
-1122
-1510
-1399
-1318
-1256
-1260
-1523
-1643
-1782
-1987
-2065
-2646
-3061
-2903
-2837
-2654
-2761
-2924
-2707
-2566
-2853
-2780
-2538
-2598
-2985
-2980
-2744
-2552
-2533
-2652
-2724
-2461
-2342
-2408
-2841
-3089
-3418
-3337
-3037
-3315
-3261
-2929
-2561
-2444
-2646
-2729
-2776
-2331
-1914
-1894
-1609
-1393
-1426
-1146
-1114
-948
-788
-591
-934
-1209
-1099
-719
45
467
670
696
1097
1386
1999
2048
2406
2489
1859
2052
2671
3069
2997
2937
2892
2840
2829
2563
2448
2474
2125
1881
2184
2831
3055
2657
2446
2029
2126
1679
1667
1757
1581
1652
1908
1876
1283
1069
682
937
1338
1234
1347
1623
1599
1168
730
446
109
-226
-382
-236
-333
-435
-174
-319
-389
-377
-745
-1005
-992
-825
-699
-621
-689
-733
-915
-1002
-584
-571
-655
-979
-1113
-814
-855
-984
-1235
-1072
-1302
-1476
-1213
-1354
-1246
-1077
-948
-1032
-1013
-399
-351
-285
72
310
562
579
458
476
824
830
835
650
546
800
1226
1386
1357
1325
1395
1319
870
833
1455
1951
2514
2669
2841
2892
2970
3077
2689
2679
2392
2061
2078
2796
2890
2433
2250
2746
2948
2447
1997
1406
1455
1315
1239
641
368
35
-49
-136
132
611
355
211
-125
-170
-454
-666
-827
-1019
-901
-883
-668
-1011
-1482
-1599
-1837
-1777
-2074
-2262
-2205
-2073
-1710
-1438
-1021
-1061
-1652
-1418
-1324
-1577
-2058
-1841
-1352
-1345
-1490
-1218
-1301
-1678
-1619
-1275
-1188
-1629
-2238
-2513
-2119
-1710
-1328
-1172
-1151
-1068
-839
-966
-722
-630
-814
-870
-707
-350
-142
75
372
438
124
-62
5
447
929
1222
1354
1442
1198
1091
1385
1349
1227
1357
1545
1713
2035
2288
2645
2683
2724
2688
2348
2254
2283
2238
2057
2130
1845
1642
1480
1348
1430
1427
1460
1291
1007
842
726
908
1095
976
443
34
87
304
188
-235
-103
-365
-528
-688
-982
-1422
-1482
-1316
-1678
-1934
-2267
-2361
-2043
-1709
-1903
-2001
-1848
-2130
-2210
-1984
-2061
-2301
-2218
-2263
-2607
-2369
-2379
-2501
-2386
-2159
-1697
-1301
-1254
-1030
-1520
-1863
-2011
-2130
-2712
-2986
-2751
-2452
-1704
-967
-653
-900
-872
-1071
-1327
-1429
-1289
-1228
-972
-838
-668
34
491
346
108
393
719
846
1072
1119
1245
1423
1212
939
766
619
536
889
1170
1157
1110
1661
1620
1803
2148
1858
1726
1643
1721
1073
1253
1278
1163
974
481
799
905
1052
1138
1085
814
703
618
641
740
614
753
647
926
1147
1146
739
704
936
1049
914
761
920
256
-64
-371
-87
459
488
281
68
9
-133
-270
-402
-437
-380
-527
-800
-402
-30
-40
-233
-537
-84
116
123
476
569
530
719
397
194
347
253
45
-332
104
555
462
141
4
-9
123
64
-60
51
-119
-61
172
748
1248
1248
994
1010
1224
972
1046
1098
862
850
927
952
1267
1416
1412
1371
1047
1044
1030
971
1095
1004
1627
2197
2100
1617
1331
1336
