259
208
171
161
311
410
414
290
283
305
440
461
482
520
476
517
586
670
725
553
613
632
551
623
521
507
442
386
415
403
487
447
427
489
568
669
530
555
671
542
516
756
510
224
148
-38
-206
-189
-191
-320
-135
-252
38
-107
-123
80
29
-28
-67
1
11
-57
-164
-336
-406
-351
-455
-467
-528
-700
-917
-851
-766
-659
-418
-345
-330
-269
-339
-340
-142
19
70
60
-68
-80
-132
-269
-204
-131
-81
-136
-147
-109
49
38
93
216
141
459
574
663
675
532
577
564
761
806
855
974
888
773
599
598
514
562
788
933
794
810
698
754
865
957
1185
1109
1101
898
1021
991
1047
1007
870
817
703
683
555
498
368
361
444
424
324
458
398
295
285
79
169
277
429
366
380
288
245
231
94
197
382
433
286
330
174
221
295
362
227
75
11
268
373
300
177
30
250
215
114
-52
-142
-243
-214
-200
-21
46
92
207
125
236
214
103
78
51
190
473
464
278
185
14
-71
-8
-30
-14
24
106
2
-67
-176
-63
4
203
292
196
79
-214
-353
-307
-263
-217
-106
-114
-183
-187
-202
-312
-424
-560
-632
-610
-519
-536
-504
-537
-648
-629
-593
-348
-441
-428
-706
-652
-556
-484
-328
-527
-508
-437
-501
-445
-532
-429
-307
-222
-315
-98
40
100
75
125
197
277
559
403
464
266
377
423
173
-20
145
-66
241
260
320
271
299
394
504
310
389
497
232
426
457
453
284
285
147
186
121
156
66
-113
-30
10
210
339
329
230
139
180
179
109
266
281
416
354
252
162
260
170
54
-25
12
65
-118
-108
-378
-357
-371
-182
-292
-135
-132
-161
-135
-297
-253
-208
-50
-242
-240
-378
-374
-472
-654
-506
-256
37
64
-16
-7
-11
299
233
408
543
669
677
421
417
186
427
433
486
378
602
589
465
751
724
795
770
708
837
754
728
683
490
486
475
551
511
339
263
137
259
319
172
180
341
256
345
439
544
609
575
608
476
666
818
734
587
743
763
615
617
578
690
635
539
299
346
332
306
269
243
183
4
15
9
141
-38
-181
-191
-140
-11
-21
-22
-201
-163
-302
-426
-411
-571
-594
-731
-686
-727
-681
-667
-774
-815
-871
-840
-774
-660
-809
-780
-741
-789
-658
-788
-665
-719
-553
-467
-513
-596
-476
-433
-330
-386
-464
-544
-487
-456
-564
-596
-756
-833
-750
-593
-482
-272
-512
-646
-632
-588
-430
-369
-320
-555
-468
-566
-430
-503
-398
-430
-186
-291
-364
-357
-542
-500
-393
-285
-436
-615
-594
-317
-85
87
-89
-250
-173
-156
15
11
-135
61
102
250
132
-133
-176
-203
-60
128
196
127
-109
-85
-11
-44
135
381
336
391
459
250
276
289
279
489
274
281
103
185
322
458
188
-175
19
-52
176
40
102
-32
115
-120
-253
-112
-225
-159
-366
-312
-313
-270
-417
-443
-626
-504
-560
-647
-595
-497
-384
-615
-394
-724
-707
-610
-501
-602
-478
-410
-403
-395
-415
-234
-248
-52
-149
-138
-111
-162
-229
-292
-99
-16
-140
-22
45
148
61
33
82
8
-47
24
26
103
-24
-11
86
43
183
241
315
381
363
237
467
302
510
456
306
143
183
260
314
382
222
245
243
306
176
164
213
215
236
195
159
160
185
219
235
159
112
272
229
1
113
61
21
75
-48
45
90
1
-197
-250
-367
-376
-146
-360
-39
-41
226
157
181
24
-156
-53
-183
-19
-79
12
-335
-353
-452
-310
-337
-248
-227
15
150
150
244
69
367
266
246
286
383
532
276
229
-131
-106
3
119
199
305
189
104
68
175
-21
136
-331
-402
-727
-547
-541
-444
-392
-481
-392
-576
-518
-880
-826
-742
-561
-349
-602
-478
-687
-661
-634
-780
-624
-670
-433
-457
-653
-620
-557
-604
-721
-637
-674
-507
-470
-636
-659
-569
-151
-137
54
18
86
-116
-298
-165
-287
-64
-67
-80
-51
-152
-202
-393
-273
-291
-154
-28
-70
-201
-301
-138
-82
-103
-4
103
295
131
-121
-24
-61
-96
-278
-256
-213
-66
-161
-16
-148
-125
-276
-228
-122
-92
60
92
76
-150
-228
-320
-356
-376
-111
-179
-263
-302
-287
-462
-501
-439
-413
-344
-292
-137
-260
-108
-432
-87
-242
122
219
100
-41
-209
-142
-77
109
68
94
-10
110
-95
181
225
208
441
421
452
473
672
443
614
349
472
571
540
792
568
571
505
504
471
654
582
771
605
550
725
634
721
603
840
697
972
624
709
472
403
223
145
130
194
88
94
-197
-145
-31
13
191
59
177
-152
-14
-166
171
78
180
117
-99
-12
-138
161
-101
84
85
51
116
175
276
249
417
385
402
396
296
336
206
237
-12
90
43
34
28
78
-95
-120
-194
-7
255
17
142
-144
-13
-207
-44
-201
-18
-96
-168
-56
-431
-450
-606
-421
-351
-367
-377
-532
-289
-339
-481
-373
-420
-589
-705
-531
-429
-96
-249
-13
-200
-186
-281
-182
-78
-254
-130
-276
-328
-483
-209
-58
216
241
390
281
236
153
245
172
186
-56
-48
-109
-165
-77
-212
-249
-136
-148
115
-158
242
265
290
29
-79
-101
-52
-157
80
-106
-105
-94
-241
-206
-403
-453
-477
-458
-381
-166
0
53
232
-20
127
-64
-32
95
363
228
142
173
-132
-139
-91
134
9
-237
-165
83
271
335
440
688
460
911
638
978
818
909
838
931
895
1125
838
663
853
778
850
782
714
892
904
867
1054
948
880
951
736
683
716
634
760
588
838
738
622
339
502
220
414
390
282
337
136
497
33
302
272
207
472
18
534
166
531
99
318
-105
-110
14
-180
58
-216
-254
-380
-339
-468
-308
-366
-284
-34
-47
10
8
-279
-382
-749
-609
-611
-642
-793
-825
-895
-811
-730
-634
-699
-613
-632
-444
-643
-698
-600
-778
-191
-409
-222
-622
-430
-286
-131
-260
-454
-477
-328
-321
-187
-97
-253
-148
-443
-421
-276
-20
72
198
-80
-134
-272
-284
-151
-229
-54
-43
-127
-56
-321
-320
-420
-223
-131
72
-97
79
-103
-189
-316
-385
-89
-11
249
304
329
-178
-45
-228
5
144
129
377
322
372
212
141
251
450
666
884
799
888
727
488
501
393
524
524
828
328
456
201
376
399
212
483
330
550
547
619
331
281
360
128
166
41
135
83
-89
-49
-281
-510
-329
-435
-4
107
-288
-128
-305
-359
-417
-347
-492
-222
-261
-53
-375
-283
-650
-135
-685
-192
-368
-382
-184
-478
-262
-256
-531
-374
-306
-458
-408
-41
-308
-180
45
-169
331
-324
150
-81
-30
164
173
307
273
634
577
605
470
350
464
559
839
727
784
629
751
686
724
700
786
766
1043
805
482
460
492
681
590
502
581
646
573
478
264
399
404
411
381
252
253
-53
-69
-310
-311
-397
-249
-378
-421
-486
-625
-461
-779
-311
-612
-361
-764
-695
-667
-612
-541
-386
-101
-643
-197
-679
-418
-600
-298
-169
-171
-253
-308
-504
-343
-308
-156
-317
-191
-262
4
-106
-131
123
139
305
219
107
422
130
186
252
444
585
239
267
-143
153
120
514
452
437
720
432
416
157
497
309
603
285
343
247
281
145
-9
-124
-222
-181
-190
-467
-602
-316
-199
-197
-176
-61
33
112
-169
6
-260
-160
-168
148
-242
59
-81
-38
-81
-117
-114
145
-45
154
12
89
409
357
572
559
839
379
644
517
569
932
657
856
184
365
164
218
-51
178
70
163
333
74
444
379
487
605
461
118
164
335
208
490
595
231
249
-710
-164
-349
-135
-512
-218
-169
-50
-22
-548
-405
-686
-654
-303
-507
120
-261
-352
-911
-628
-616
-414
-303
-470
-349
-476
-521
-978
-667
-1001
-620
-730
-695
-507
-546
-125
-207
-254
-596
-545
-523
-315
-118
-441
-349
-882
-692
-948
-927
-650
-453
-152
-188
-308
-137
-106
9
-75
-141
235
272
582
131
157
7
-411
-24
-250
126
53
-139
-157
-301
-120
-257
4
-220
117
-361
-191
-259
-224
-102
59
211
18
7
-246
-162
-271
-269
-356
-118
-187
-181
87
-244
-50
-423
-274
-238
-227
-93
-3
83
-208
-90
-238
24
-75
149
-164
-18
-32
143
110
799
124
1025
660
783
468
96
-216
-154
810
699
1745
569
405
-107
-720
-387
-553
-140
-21
-2
-32
-125
159
54
614
654
661
739
494
783
671
684
701
291
315
66
258
50
8
52
84
363
93
296
334
1
-2
-18
-248
-59
-162
-92
-219
-361
-440
-37
40
-70
37
-188
-321
-477
-542
-442
-882
-893
-809
-873
-1029
-1111
-1063
-1119
-864
-1236
-1211
-1287
-1279
-513
-562
-748
-1078
-1131
-1023
-923
-964
-1098
-997
-859
-220
-231
-293
-635
-500
-492
-586
-610
-807
-549
-207
59
-181
-377
-777
-521
-764
-600
-710
-611
-464
-394
-455
-553
-522
-732
-308
-511
-81
-458
-121
-352
-176
-78
41
-42
-158
-274
-492
-522
-624
-266
-503
-526
-350
-571
-252
-636
-870
-600
-973
-549
-794
-641
-480
-206
-393
-198
-584
-505
-673
-495
-140
-263
-25
-539
-158
-208
-91
-188
32
270
337
427
316
215
-105
211
-67
81
-18
-22
-15
-352
-411
-539
-630
-441
-509
-318
-151
-236
-389
-321
-380
-332
-424
-353
-178
-21
-166
-461
-525
-502
-207
-180
36
-350
-245
-309
-162
15
-121
-44
-58
-209
-235
-483
-576
-366
-334
-230
-261
-347
-271
-394
-549
-415
-225
-436
-223
-390
-113
-305
-396
-136
-227
97
-29
121
-193
54
-47
266
146
270
417
408
477
-62
266
217
409
261
340
286
278
424
348
353
199
436
446
365
541
107
478
-15
234
276
373
350
68
30
-182
183
65
272
67
-47
203
0
128
-50
51
-222
-210
-389
-206
-171
-63
-42
-446
-365
-425
-380
-646
-425
-645
-576
-564
-750
-696
-755
-735
-845
-855
-1098
-1108
-1062
-1112
-1168
-1557
-1405
-1464
-1289
-983
-1036
-1060
-1025
-763
-699
-699
-524
-626
-289
-305
-127
-85
130
-29
131
149
11
191
65
394
381
504
267
525
529
697
734
722
1048
1170
1305
1236
1295
1477
1425
1670
1712
1773
1836
1915
2089
1940
1833
1683
1846
1633
1764
1558
1452
1405
1532
1567
1671
1570
1439
1462
1088
1124
960
1195
914
986
1014
1045
862
902
707
744
917
664
769
473
596
481
462
276
266
256
63
52
-47
87
-266
-458
-535
-765
-785
-893
-990
-1178
-1051
-1147
-1417
-1610
-1811
-1775
-1778
-1749
-1960
-1947
-2208
-2277
-2193
-2154
-2192
-2304
-2389
-2529
-2539
-2550
-2614
-2624
-2379
-2364
-2274
-2194
-1812
-1529
-1249
-1102
-700
-270
140
505
765
1228
1504
1810
1651
1780
1701
1711
1707
1718
1499
1149
894
433
167
-49
-147
-576
-593
-718
-966
-1072
-1124
-1126
-1094
-1177
-1094
-1105
-892
-636
-248
411
825
1255
1654
2167
2358
2841
3334
3691
3735
4008
3978
3949
3951
3521
3508
3120
2676
2293
1826
1295
858
367
56
-245
-280
-414
-524
-796
-1085
-1010
-1260
-1078
-961
-1090
-974
-954
-983
-821
-854
-759
-683
-581
-507
-179
-182
-316
-670
-821
-640
-776
-1019
-1394
-1692
-2003
-2528
-2899
-3050
-3104
-3091
-3596
-3934
-4431
-4877
-5083
-5211
-5404
-5388
-5342
-4867
-4145
-3304
-2537
-1887
-1103
-411
518
1296
2460
3501
4122
4528
4781
5243
5203
5378
5225
4913
4444
3577
2905
1876
1381
953
103
-796
-1431
-1912
-2217
-2296
-2542
-2909
-3092
-3424
-3487
-3274
-3101
-3095
-2790
-2463
-2051
-1260
-550
350
1555
2603
3429
4009
4959
5619
5915
6107
5852
5734
5192
4757
4183
3619
2891
2102
1590
1094
952
738
425
144
-73
-352
-546
-919
-1173
-1298
-1747
-2176
-2754
-2725
-2776
-2321
-1882
-1429
-633
-377
768
1056
2097
2340
3136
3799
4121
4627
4021
4241
3737
3899
3299
2900
2698
2142
1918
1205
1305
1073
837
454
254
307
-55
-67
-591
-635
-682
-1108
-1315
-1453
-1227
-1055
-942
-816
-642
-217
-13
307
690
889
851
603
425
340
-5
-316
-846
-1150
-1328
-1823
-2179
-2415
-2819
-3269
-3663
-3978
-4299
-4787
-5453
-5954
-6611
-6816
-7183
-6666
-6014
-5554
-4397
-3900
-2910
-2386
-1110
-102
1387
2382
3289
4020
4063
4990
4835
5274
4649
4103
3383
2162
1421
339
84
-963
-1835
-2675
-3461
-3712
-4136
-4000
-4284
-4235
-4812
-5098
-4902
-4497
-3990
-4024
-3845
-3469
-2615
-1665
-529
710
2004
3128
3974
4800
5926
7087
7580
7694
7800
7765
7131
6506
5609
4739
3790
2856
2031
1630
1243
739
246
-76
-219
-142
-379
-518
-115
-399
-262
-645
-395
-352
-221
318
402
1415
1603
2609
2742
3292
3756
4127
4287
4246
4796
4308
4274
3720
3566
3180
2548
1927
1251
1279
763
585
433
272
504
323
516
488
593
813
781
654
548
691
345
338
252
90
-280
-691
-825
-1015
-1052
-1503
-1871
-2270
-2505
-3204
-3633
-3962
-4457
-4812
-5617
-6254
-6987
-7726
-8318
-8681
-8143
-7562
-6609
-5714
-4916
-3626
-2947
-1779
-320
1507
3087
3906
4640
4724
5295
5293
5544
5009
4203
3493
1782
719
-800
-1588
-2631
-3922
-4964
-5958
-6120
-6635
-6901
-6910
-6941
-6711
-6881
-6501
-5954
-5366
-4878
-4880
-4260
-3555
-2345
-1239
105
1695
2933
4383
5450
6658
7926
8458
8317
7961
7459
6780
5910
5023
4045
3050
1765
762
206
109
-44
-305
-275
-118
242
344
524
910
929
562
297
133
390
550
888
1176
1639
2240
2845
3463
3929
4835
5244
5453
5403
5495
5304
4971
4195
3581
3062
2300
1719
1192
1176
963
716
790
1143
1626
1788
1710
1943
2082
2307
2191
1986
1539
1300
934
298
139
-12
-58
-515
-778
-883
-1028
-1266
-1703
-1963
-2457
-2844
-3390
-4086
-4758
-5546
-6169
-7121
-7508
-8164
-8169
-7801
-6450
-5036
-3673
-2305
-1259
169
848
2247
3448
5234
6013
6437
6260
6007
5946
5397
5025
3607
2708
979
-663
-2124
-3466
-4347
-5822
-6964
-8057
-8545
-8789
-9193
-9277
-9452
-9049
-9023
-8806
-7817
-6743
-5783
-5198
-4064
-3016
-1317
416
2070
3932
5810
7153
8071
9210
10068
10685
10327
9621
8592
7479
5923
4364
3185
1769
334
-1330
-2079
-2265
-2290
-2522
-2600
-2061
-1442
-872
-384
431
1116
1271
1255
1259
1551
1990
2191
2474
2551
3386
4049
4440
4812
5237
5499
5465
5553
5351
5457
5015
4141
3532
2736
1919
1122
262
46
-62
-237
-235
-28
430
618
824
1285
1744
2281
2295
2094
1839
1675
1654
1128
626
213
-80
-760
-1442
-2057
-2459
-3006
-3729
-4463
-5202
-5860
-6668
-7429
-8133
-8768
-9682
-10358
-10965
-10793
-9594
-8276
-6944
-5287
-3839
-2114
-667
937
2822
5057
7135
8180
8694
8576
8980
8580
8434
7455
6262
4801
2878
1155
-1016
-2314
-3885
-5429
-7100
-8341
-9070
-9818
-10275
-10442
-10334
-10318
-10356
-9764
-8852
-7659
-6780
-5857
-4670
-2935
-984
950
3081
5051
6778
8145
9100
9894
10618
10767
10045
8819
7501
5895
4064
2436
806
-907
-2234
-3605
-4231
-4317
-4240
-4335
-4402
-4380
-4143
-3615
-3471
-2611
-2376
-1763
-1549
-1375
-672
-91
1189
1732
3120
3367
4609
4911
5436
5975
5541
5859
4721
4496
3395
3023
2289
1366
847
-270
-463
-1313
-1311
-1425
-1273
-732
-630
-5
-59
748
1142
1607
2023
2117
2507
2386
2648
2689
2723
2516
2229
1733
1127
625
-126
-760
-1913
-2637
-3507
-4310
-4969
-5966
-6712
-7652
-7959
-8817
-9250
-9187
-8421
-6432
-5567
-3705
-2613
-654
719
1896
3919
5416
8243
8884
9906
9681
10125
10414
9630
9349
7464
6466
3906
1720
-308
-2254
-3696
-6159
-7819
-9456
-9927
-10348
-10790
-10706
-10664
-10169
-10227
-9515
-8341
-7028
-5605
-4832
-3863
-2242
-160
1857
3753
6080
8220
9650
10813
11981
13205
13459
12751
11615
10020
8204
5869
3719
1747
-122
-2224
-4086
-5038
-5304
-5093
-4919
-4624
-4049
-3696
-2912
-2481
-2046
-1176
-1327
-1002
-1537
-966
-430
248
1136
1714
3400
3649
5086
5182
6268
6624
6052
6409
5235
5245
3740
3121
1908
1135
629
-817
-875
-1935
-1522
-1710
-1552
-879
-926
-194
-244
581
845
1173
1400
1166
1365
1096
1662
1618
1753
1684
1154
1016
516
391
-213
-966
-1900
-2928
-4011
-5145
-5915
-7215
-7996
-8795
-9582
-10223
-10096
-8852
-7069
-5551
-4011
-2342
-810
815
1845
3591
5384
7432
8092
8093
7833
7770
7748
7091
6316
4790
3620
1529
-498
-2366
-3796
-4757
-6608
-8132
-9404
-9833
-10300
-10825
-10661
-10685
-10411
-10393
-9816
-8667
-7142
-5948
-5137
-4137
-2445
-364
1446
3580
5807
8002
9466
10497
11500
12504
12903
11914
10682
9101
7374
5198
3077
890
-959
-2759
-4414
-4701
-4628
-4214
-3882
-3343
-2652
-1924
-1210
-563
157
410
634
263
478
393
667
946
1361
2225
3089
4441
5019
6148
6217
6367
6274
5819
5809
4598
4034
2644
1736
824
-280
-649
-1502
-1239
-1557
-1039
-641
-375
423
399
1258
1448
1940
2055
1986
2045
1679
1664
1292
1560
1670
1524
1384
1133
1027
668
29
-619
-1617
-2695
-4356
-5713
-6638
-7674
-8612
-9855
-10438
-10803
-10624
-9726
-7996
-5649
-3972
-2005
-344
1624
3138
4437
6002
7932
9341
9665
9509
9126
9391
8760
8025
6501
4804
2835
436
-1780
-3987
-5558
-7346
-9410
-11310
-12466
-12633
-13237
-13286
-13039
-12744
-12120
-11974
-10897
-9345
-7765
-6801
-5595
-4302
-2167
116
2136
4512
6734
9109
10547
12022
13310
14234
14054
12765
11383
9594
7552
4964
2569
150
-1845
-3922
-5398
-5557
-5388
-4675
-4155
-3040
-1899
-1121
-167
675
1559
1687
1818
1351
1566
1594
1558
2048
2291
3607
4280
5492
6263
7445
8173
8035
8173
7422
7152
5704
4867
3650
2418
1575
253
-63
-790
-700
-1025
-740
-251
226
1232
1398
1952
2125
2704
2877
2581
2525
1894
1780
1381
1592
1930
1725
1613
1154
1551
1167
599
104
-1032
-2111
-3614
-4684
-5971
-7045
-8400
-9642
-10491
-11346
-11109
-10778
-9010
-6875
-5033
-2922
-1567
960
2099
3230
4692
6477
8810
9361
9409
8670
8816
8746
8290
7319
5364
4022
1483
-581
-2663
-4334
-5881
-8280
-10192
-11875
-12348
-12938
-13606
-13597
-13463
-12941
-12846
-12281
-10768
-9069
-7590
-6742
-5308
-3358
-1031
938
3035
5547
7400
8767
9695
10897
11978
11793
10668
9003
7253
5300
2717
381
-1905
-3539
-5514
-7009
-7175
-6947
-6253
-5595
-4724
-3551
-2378
-1573
-1202
-277
-141
-169
-32
-210
607
568
1284
1507
2589
3865
4951
6502
6870
8120
7893
8144
7857
7233
6773
5295
4501
2948
2365
1110
146
-221
-823
-476
-731
-105
523
1166
1706
1742
2448
2660
3147
3026
3012
2896
2628
2590
2377
2670
2438
2341
2063
1993
1825
1298
493
-508
-1622
-2945
-4063
-5371
-6495
-7723
-8623
-9238
-9741
-10044
-10155
-9716
-8228
-6141
-4329
-2305
-1011
1120
2220
3361
4897
6729
8842
9328
9868
9064
9644
9460
9047
8342
6336
5013
2276
49
-2443
-4234
-5996
-8641
-10307
-12297
-12812
-13420
-13649
-13693
-13849
-13238
-13273
-12210
-10740
-8942
-7392
-6422
-4867
-3241
-488
2006
4033
6332
8263
9774
10776
11525
12271
12131
10983
8965
6888
4944
2422
175
-2009
-3683
-5485
-6941
-7155
-6803
-6194
-5805
-5080
-4316
-3414
-2677
-2378
-2043
-1963
-2174
-2143
-1882
-1516
-980
-392
663
1663
2988
4418
5601
7018
7838
8535
8195
8079
7798
7285
6581
5181
4570
3238
2194
951
308
80
-431
-201
-322
462
795
1132
1937
2497
3267
3194
3580
4004
4124
4376
3835
3709
3348
3234
2579
2060
2000
1511
1079
-76
-915
-1771
-2652
-3651
-5022
-5935
-6850
-8020
-8777
-9434
-10206
-10639
-11203
-9951
-7856
-6115
-4326
-3343
-738
710
2172
3430
5589
8327
9031
9916
8781
9748
9357
8853
8087
5517
4782
1538
-417
-2973
-4675
-5844
-8685
-10019
-12466
-12378
-12966
-13640
-13436
-14008
-12876
-13275
-12585
-11376
-9590
-7890
-7301
-5436
-3702
-666
1721
4039
6857
8718
10562
11343
12388
13490
13276
12261
9995
8090
5975
3772
1616
-263
-1398
-3087
-4232
-4310
-3690
-3070
-2914
-2814
-2204
-1872
-1765
-2009
-2106
-2073
-2344
-2372
-2483
-1753
-999
-300
748
1608
3321
4313
5936
6837
7685
8069
7706
7758
6728
6670
5427
4535
3316
1936
1264
-143
-669
-1615
-1518
-1738
-1486
-632
-212
993
1365
2257
2976
3556
4433
4515
4691
4483
4369
4031
3727
3455
2741
2240
1499
937
424
-163
-978
-2015
-2991
-3932
-5133
-6246
-6970
-7970
-8867
-9952
-10810
-10973
-10868
-9392
-7861
-6341
-4654
-3231
-791
775
2729
4301
6499
8925
10217
10948
10092
10525
9895
9491
8388
6255
4807
1904
-407
-2985
-4686
-6207
-8436
-10113
-11912
-11955
-12591
-13445
-13576
-13923
-13234
-13270
-12615
-11306
-9780
-7999
-7125
-5515
-3248
-445
2194
4575
7230
9070
10707
11620
12392
12858
12571
11245
9140
7230
5302
3365
1310
-203
-1399
-2377
-3490
-3531
-3085
-2538
-2627
-2715
-2406
-2392
-2244
-2544
-2637
-2772
-3365
-3353
-3101
-2564
-1261
-187
1265
2210
3908
5195
6675
7844
8228
8608
7807
7781
6946
6669
5674
4350
3284
1536
757
-386
-896
-1550
-2115
-2068
-2397
-1577
-1070
-252
498
1013
1918
2577
3571
3862
4197
4246
4166
4047
3599
3367
2898
2335
1885
1382
955
112
-557
-1265
-2357
-3432
-4705
-5764
-6803
-7685
-8920
-9908
-10694
-11100
-11378
-10899
-9195
-7978
-6196
-5061
-2950
-925
434
2018
3582
6619
7898
9102
8619
8958
9140
8468
8254
5838
5123
2489
172
-1900
-4434
-5441
-8066
-9502
-11712
-12728
-13063
-14367
-14125
-14866
-14226
-14036
-13753
-12377
-11225
-8742
-7665
-5969
-3948
-1248
1930
3906
6505
8485
10262
11269
11729
12726
12520
11694
9811
7873
6597
4807
3305
1470
345
-726
-1987
-2312
-2442
-1678
-2074
-2420
-2707
-3087
-2882
-3379
-3538
-3913
-3925
-4020
-3760
-2741
-1690
1
907
2083
3605
5124
6651
7734
8482
8862
8903
8383
8111
7302
6547
5374
4124
3009
1727
951
-51
-764
-1421
-1881
-2022
-1763
-1210
-610
48
581
1476
2310
3319
3941
4509
4840
4713
4697
4436
4512
4131
3779
3342
2903
2376
1662
930
37
-1041
-2362
-3420
-4450
-5397
-6493
-7700
-8594
-9516
-10265
-11209
-11392
-10008
-8680
-7190
-5899
-4686
-2530
-1386
170
1736
4122
6205
7173
7505
7070
7965
7504
7524
6227
4587
3326
659
-1215
-3712
-5035
-6724
-8930
-10609
-12330
-12597
-13726
-14267
-14623
-14821
-14171
-14328
-13282
-11881
-9987
-8111
-6789
-4558
-2258
457
2749
4850
7070
8731
10112
10634
11211
11648
11178
9937
8349
7239
6267
4955
3678
2384
1648
558
-434
-795
-1049
-1378
-2271
-2989
-3578
-3763
-3947
-4555
-4568
-4710
-4397
-4058
-3174
-1563
-331
1181
2112
3494
4921
6097
7435
7997
8397
8262
7943
7830
7539
7220
6542
5746
4557
3808
3090
1933
903
-214
-922
-1554
-1962
-1810
-1529
-1068
-979
-455
458
1482
2702
3441
4237
4423
4508
4583
4531
4650
4339
3860
3052
2654
2212
1548
871
-211
-943
-2095
-3167
-3829
-4824
-5346
-6262
-7114
-7714
-8717
-8894
-9248
-8778
-7223
-6625
-4955
-4399
-2190
-473
349
2218
3322
6394
7130
8302
7926
8035
8619
7455
7628
5172
4089
1776
-924
-2581
-5139
-5836
-8198
-9791
-11544
-12727
-12804
-14134
-13783
-14268
-13636
-13062
-12914
-11150
-9668
-7558
-6370
-4917
-2830
-817
1788
3272
5340
7103
8077
9061
9049
10237
10434
9996
9231
7955
8001
6912
5890
4893
4038
3215
1171
198
-451
-902
-1748
-3223
-3634
-3878
-4078
-4177
-4001
-2782
-2094
-1418
-565
692
2308
2777
3493
4093
5361
6149
6324
7102
7264
8205
8001
8282
8614
8494
8515
7430
7261
6470
5973
4656
3199
2503
1269
796
-199
-182
-164
-371
-88
165
1616
2510
3445
4223
4960
5619
5692
5922
5948
5866
5179
4131
3568
2965
2554
1768
857
134
-785
-1830
-2423
-2815
-3257
-4069
-5051
-5528
-6017
-6458
-7234
-8103
-8625
-9169
-8741
-7814
-6796
-4853
-4259
-2368
-1288
380
2128
3339
5960
6457
7690
6235
6399
6038
5213
4849
1914
1433
-963
-2685
-4563
-6501
-6806
-8868
-9933
-11932
-12578
-12393
-13028
-12525
-13031
-11764
-11054
-10430
-8732
-7039
-4595
-3748
-2415
-827
1163
3343
3988
5554
6683
7568
8288
8204
9395
9829
9883
9155
8405
8144
7066
5937
4090
2834
1269
-879
-2137
-3470
-4023
-4830
-5532
-5326
-4964
-4049
-3211
-2062
-803
337
1075
1577
2255
2904
3103
3496
3639
4150
4801
5157
5915
6445
7409
7716
8212
8509
8342
8126
6820
5884
4441
3060
1570
-83
-1094
-1968
-2421
-2867
-2580
-1901
-1173
69
1261
2996
4135
5042
5521
5738
5801
5208
4858
4182
3464
2628
1851
1492
822
518
185
97
9
-220
-133
-553
-1065
-2042
-3079
-4024
-5002
-6065
-7272
-8388
-9245
-10140
-10361
-8354
-7169
-4930
-4038
-2187
314
1262
3074
3485
6387
6585
7037
5809
5016
5619
3686
3922
1230
621
-792
-2651
-3468
-5589
-5320
-7545
-8763
-10278
-11540
-11044
-12435
-11713
-12238
-11437
-10448
-10261
-7947
-7041
-4664
-3820
-2844
-1345
-14
2193
2781
4260
5414
6358
7447
7662
8994
9790
9840
9296
8171
8339
7128
5682
3790
2042
543
-1976
-3237
-4408
-4866
-5301
-5979
-5140
-4436
-3342
-2286
-1042
598
1317
1905
1813
2513
2984
3086
3298
3422
4468
4803
5656
6441
7303
8298
8216
8707
8676
8578
7777
6477
5336
3796
2419
694
-402
-1425
-2339
-2758
-2692
-1877
-1114
-11
1199
2553
3843
4646
5298
5539
5667
5426
4712
3991
3293
2697
1917
1246
937
796
476
307
37
129
-23
-838
-1611
-2728
-3329
-4559
-5521
-6368
-7243
-7882
-9069
-9573
-9978
-9992
-8540
-7007
-5482
-3724
-2758
-382
295
1677
2171
3247
4254
4058
4459
2922
3623
2596
2578
2005
331
493
-1512
-2243
-4241
-5437
-5914
-7948
-8468
-10516
-10348
-10775
-11158
-10345
-10531
-8758
-8459
-7443
-6100
-4764
-2631
-2074
-1072
-166
1371
2712
3450
5037
5743
6989
7320
7883
9005
9138
8888
7592
6735
5880
4259
2938
1030
-372
-2017
-3933
-4539
-5054
-4874
-5110
-5104
-4354
-3560
-2130
-1355
-123
883
1343
1529
1495
2421
2602
2950
3175
3716
4534
4676
5302
5682
6169
6194
6126
5966
5582
5109
4051
3069
2145
1154
116
-518
-1243
-1803
-2124
-1881
-1451
-848
60
715
1656
2721
3466
3958
4234
4400
4291
4298
3668
3325
3025
2297
1656
1065
865
380
151
-327
-745
-1120
-1715
-2294
-2864
-3422
-4235
-4823
-5205
-5735
-6152
-6697
-7274
-7748
-8270
-8212
-6470
-5542
-4102
-3555
-2095
-567
-148
1202
1677
4177
4191
5081
4587
4292
4945
3530
3914
1822
1459
-135
-2034
-2872
-4984
-4921
-6679
-7528
-8731
-9479
-8610
-9286
-8556
-8856
-8019
-7223
-7073
-5546
-4931
-3165
-2613
-1984
-996
252
2323
2885
4181
5103
6267
7272
7470
8344
8248
8274
7326
6218
6007
4732
3513
1722
427
-527
-2418
-3033
-3424
-3492
-3524
-3962
-3207
-2421
-1447
-728
225
1275
1528
1864
2106
2626
3225
3195
3311
3422
3613
3820
3767
4175
4337
4444
4431
4339
4497
4206
3942
3290
2879
2302
1657
1205
107
-517
-1135
-1099
-974
-559
368
870
2088
2845
4011
4827
5250
5519
5478
5532
4667
4343
3519
2568
1787
477
-150
-812
-1013
-1296
-1633
-1691
-2215
-2149
-2544
-2754
-2708
-3459
-3842
-4275
-4585
-5294
-6156
-6797
-7732
-8131
-8321
-6871
-6070
-4703
-3694
-2790
-806
-458
805
1337
3117
3664
3998
3878
3171
3648
2510
2710
1119
480
-350
-2023
-2631
-4419
-4555
-5773
-6499
-7315
-8355
-8046
-8783
-8395
-8637
-7792
-7153
-7348
-6120
-5212
-3336
-2319
-1454
-440
623
2229
2643
3686
4655
5504
6064
5810
6259
6613
6524
5870
5164
4930
3967
2863
1378
346
-542
-2068
-3170
-3685
-3773
-4031
-4302
-3564
-2847
-1656
-782
278
1741
2206
2664
2614
3275
3346
3171
2750
2433
2621
2195
2496
2506
3054
3385
3428
4109
4251
4904
4566
4177
3618
2675
2027
1143
763
147
-224
-126
285
1205
1968
3067
4102
5135
6131
6618
7153
7229
6890
6100
5154
4018
2839
1820
523
-446
-1009
-1639
-2230
-2430
-2310
-2092
-2184
-2435
-2517
-2708
-3258
-3935
-4464
-5065
-5588
-6514
-7308
-7788
-8409
-8637
-8604
-6824
-6163
-4967
-4089
-3027
-1473
-1159
-213
-106
1671
2124
2438
2369
2147
2958
2206
2534
1617
1468
782
-582
-1325
-2784
-3046
-4320
-5286
-6397
-7306
-7005
-7610
-7281
-7150
-6410
-5446
-4909
-3522
-2175
-339
483
933
1677
2432
3384
3724
4346
5176
5507
5617
5882
6683
7547
7595
7059
6728
6632
5970
4465
3143
2068
780
-887
-2173
-2801
-2976
-3167
-3212
-2379
-1345
-129
962
2074
2975
3682
3571
3436
3450
3209
2828
2026
1843
1648
1751
1913
2190
2822
3036
3547
3772
4264
4399
4009
3447
2693
2142
1596
1261
762
207
253
506
1432
2426
3456
4502
5226
6111
6674
7310
7225
6891
6312
5064
3971
2848
2228
1379
368
-477
-851
-920
-1155
-906
-915
-951
-1315
-1829
-1921
-2171
-2664
-3498
-4022
-4420
-4986
-5340
-5713
-5945
-6356
-6833
-7301
-6186
-5326
-4551
-3746
-3580
-2007
-2097
-1571
-1404
-624
582
616
993
342
1245
1021
868
549
-287
-276
-1826
-2847
-4556
-5472
-6081
-7505
-8107
-9244
-9152
-9210
-8823
-7691
-6726
-5145
-4730
-3778
-2433
-960
482
514
1073
1239
1777
2235
2417
3773
4258
4759
5002
5446
6681
6860
6941
6222
5863
5115
3763
2457
1232
280
-1328
-2921
-3544
-3711
-3506
-3346
-2835
-1849
-854
33
738
1735
2168
2346
2119
2130
2076
1952
1796
1413
1310
1373
1490
1615
1829
2451
2697
2714
2712
2683
2656
2390
2053
1782
1668
1589
1320
1093
1172
1629
2240
2538
3206
4050
4547
4842
5106
5531
5319
4969
4168
3598
2864
1919
1125
215
-326
-1197
-1634
-2222
-2412
-2551
-2804
-3103
-3319
-3388
-3467
-3736
-3744
-3763
-3653
-3699
-3970
-3982
-4406
-4907
-5504
-5983
-6566
-6553
-5573
-5206
-4472
-4268
-3425
-2471
-2268
-1440
-1211
385
1132
2068
2259
2431
3010
2239
2185
1289
801
-303
-1910
-3164
-4729
-5219
-6173
-6618
-6822
-7201
-6534
-6119
-4707
-3748
-2725
-1905
-1640
-392
307
1529
1737
1349
1473
1438
2114
2246
3026
3785
4136
4878
5085
6376
6995
6947
6545
5824
5667
4413
3427
2060
926
-327
-1884
-2516
-2696
-2457
-2368
-2091
-1279
-172
755
1847
2714
3688
4212
4297
4410
4676
4813
4224
3706
3324
3193
3011
2667
2618
2628
2911
2907
3236
3885
3964
4132
3526
3709
3673
3627
3294
2557
2829
2615
2891
2877
3478
4194
4279
4548
4755
5479
5564
5331
5030
4428
3719
2455
1669
914
33
-849
-1984
-2613
-3129
-3141
-3425
-3474
-3226
-3264
-3091
-2974
-2642
-2248
-2294
-2529
-2825
-3145
-3486
-4221
-4878
-5702
-6320
-7240
-6823
-6116
-5570
-5224
-5034
-3553
-3183
-2211
-1790
-685
560
835
1691
1365
1966
1113
153
-658
-1849
-2033
-3649
-4446
-5500
-6012
-5962
-6197
-5815
-6086
-5481
-4991
-4181
-2763
-2228
-1345
-1247
-910
-134
379
1022
650
604
528
953
1468
1955
2968
3299
3701
4093
4405
5178
5477
5276
4531
3678
2927
1804
744
-624
-1649
-3000
-4254
-4423
-4321
-3671
-3158
-2538
-1197
32
1593
2559
3956
4791
4894
5323
4894
5153
4531
3971
3286
2619
2501
1826
1937
1768
2447
2696
2672
3103
3368
3926
3695
3573
3352
3029
2728
2045
1910
1777
1658
1572
1628
2468
2937
3455
3594
3729
3795
3505
3300
2815
2340
1196
222
-684
-1547
-2282
-3034
-3355
-3879
-4192
-4263
-3970
-3327
-3156
-3086
-2912
-2446
-2407
-2590
-2648
-2830
-3274
-4160
-4812
-5505
-5847
-6523
-7215
-7638
-6865
-6465
-5896
-5162
-4251
-3307
-3116
-2519
-2271
-1190
-648
-314
-57
-109
-412
-1322
-1425
-1851
-2342
-2722
-3623
-4115
-4675
-4586
-4276
-4259
-3961
-4167
-3473
-3014
-2203
-1433
-1070
-554
-962
-549
-36
777
899
375
129
145
696
917
1263
1670
1938
2413
2651
3367
4046
4073
3763
3022
2832
2053
1160
56
-1180
-2104
-3298
-3643
-3579
-3103
-2532
-1950
-625
848
2548
3764
5108
5954
6086
6374
6284
6354
5767
4868
4079
3237
2844
2430
2137
2196
2171
2426
2739
3105
3530
3796
3850
3611
3571
3647
3378
3080
2715
2748
2692
2753
3075
3466
4196
4495
4603
4840
4978
4924
4725
4456
3910
2924
2028
1209
540
-129
-916
-1386
-2031
-2315
-2427
-2320
-2138
-2073
-1868
-1965
-1905
-1987
-2087
-2465
-2689
-3024
-3806
-4376
-5229
-5688
-6171
-6810
-7359
-7022
-6337
-5762
-5267
-4589
-3700
-3383
-3011
-2678
-1754
-1290
-962
-581
-589
-243
-1058
-1178
-1457
-1943
-1719
-2476
-2908
-3475
-3517
-2996
-2885
-2632
-2722
-2258
-1691
-1061
-176
102
466
165
71
374
546
682
-183
-495
-680
-602
-162
120
736
1023
1263
1541
2074
3077
3240
2876
2163
1883
1382
236
-669
-1941
-2539
-3452
-3863
-3493
-2839
-2014
-1591
-373
1277
2779
4073
5042
6024
6516
6466
6178
5734
5221
4282
3634
2871
2205
1894
1220
1019
1079
1353
1653
1723
1886
2127
2333
2216
2076
2159
2050
2008
1873
1816
2018
1974
2013
2249
2721
2953
3002
3293
3467
3540
2904
2615
2323
1548
683
-180
-624
-1165
-1897
-2403
-2467
-2745
-2898
-3152
-3162
-2926
-2830
-3066
-3073
-3015
-2950
-2944
-3191
-3191
-3570
-3976
-4565
-4852
-5122
-5401
-5841
-6161
-5916
-5507
-5224
-4498
-4074
-3602
-3602
-3185
-2530
-1915
-1081
-792
-400
-293
-331
-456
-519
-674
-932
-1010
-1651
-2170
-2201
-1949
-1463
-1423
-1219
-957
-416
107
633
1100
1089
839
226
170
262
46
-358
-1062
-1167
-1158
-883
-476
-186
288
582
1094
1674
2352
2828
2541
2205
1752
1525
877
-18
-681
-1456
-1888
-2136
-2099
-1530
-854
-180
724
1864
3372
4618
5555
6151
6431
6523
6316
5874
5160
4568
3583
2676
2106
1772
1408
917
795
677
1096
1407
1683
2093
2324
2423
2468
2725
2838
2828
2489
2104
2318
2223
2310
2306
2267
2431
2177
2461
2487
2611
2321
1913
1598
1123
635
-15
-635
-1061
-1622
-2245
-2680
-3044
-3346
-3303
-3409
-3539
-3446
-3527
-3447
-3507
-3291
-3024
-2877
-2654
-2642
-2800
-3120
-3536
-3947
-4572
-5079
-5776
-6086
-6272
-5960
-5374
-5313
-4830
-4538
-3796
-3553
-2740
-1994
-1261
-491
-335
253
138
100
-86
-406
-376
-527
-551
-984
-992
-863
-490
-51
-167
138
254
411
484
534
270
-169
-518
-658
-609
-738
-1088
-1277
-1163
-1001
-547
-117
389
822
1146
1716
2141
2591
2541
2361
2299
1850
1452
847
338
-294
-739
-1093
-1251
-983
-762
-102
495
1488
2600
3583
4436
4939
5471
5660
5702
5439
5008
4385
3599
3079
2505
2015
1607
1089
766
1073
1472
1695
1917
2247
2562
2734
2919
3187
3349
3229
2790
2413
2539
2661
2369
2206
2011
2067
2144
2116
2312
2324
2170
1820
1500
1426
963
256
-293
-965
-1516
-2152
-2720
-3090
-3507
-3818
-4221
-4207
-4250
-4069
-4005
-3894
-3588
-3415
-3251
-3182
-3235
-3280
-3584
-4188
-4592
-4846
-5426
-6088
-6917
-7139
-7005
-6741
-6532
-5972
-5102
-4929
-4515
-4279
-3354
-2769
-2253
-1893
-1282
-779
-756
-773
-853
-615
-528
-688
-851
-750
-461
-298
-197
90
187
237
94
306
353
290
64
-262
-269
-352
-306
-427
-383
-200
-358
-197
23
465
795
876
1431
1886
2340
2489
2691
2867
2547
2164
1584
1075
503
-186
-611
-725
-561
-382
59
839
1515
2596
3555
4311
4940
5676
6023
5839
5885
5312
4757
3900
3230
2774
2368
2074
1469
1353
1334
1572
1907
2065
2383
2666
2850
2753
2808
2838
2542
2097
1683
1818
1889
1868
1760
1896
1928
1984
2063
2113
2279
2068
1745
1415
1247
950
335
-213
-646
-960
-1441
-1911
-2113
-2419
-2828
-2978
-2886
-2634
-2226
-2065
-1875
-1357
-1193
-951
-1019
-1124
-1058
-1533
-1959
-2348
-2482
-2838
-3395
-3884
-4457
-4932
-5432
-5472
-5252
-4944
-4857
-4520
-4443
-3952
-3679
-3267
-2612
-2140
-1476
-1283
-1012
-969
-595
-499
-866
-1007
-1122
-861
-879
-821
-991
-750
-777
-890
-725
-666
-531
-881
-1007
-1065
-1270
-1360
-1610
-1564
-1492
-1635
-1551
-1494
-1181
-835
-583
-236
149
668
830
852
964
888
575
143
-57
-243
-497
-843
-732
-709
-499
-74
157
841
1554
2206
3109
3763
4440
4893
5153
5188
4979
4717
4416
4120
3729
3650
3353
2960
2825
2742
2910
2949
2898
3000
3068
3121
3253
3503
3612
3479
3178
2950
3077
3461
3459
3480
3332
3441
3287
3013
3107
3086
2836
2329
2138
1686
1373
1002
426
124
-290
-702
-1048
-1028
-1136
-1258
-1553
-2026
-2074
-2083
-1884
-1874
-1704
-1543
-1475
-1363
-1268
-1000
-1247
-1549
-1926
-2204
-2348
-2788
-3140
-3736
-4290
-5008
-5274
-5243
-5420
-5307
-5277
-4981
-4768
-4349
-3998
-3507
-2812
-2681
-2414
-2162
-1646
-1382
-1235
-1140
-1252
-900
-909
-447
-265
-193
-31
-69
90
28
188
-122
-450
-729
-991
-1003
-1279
-1423
-1789
-1818
-1689
-1732
-1333
-1038
-1064
-855
-753
-525
-155
-375
-334
-211
-288
-481
-604
-376
-476
-646
-1035
-869
-410
-251
72
343
990
1403
1908
2514
3236
3818
4050
4351
4264
4556
4687
4635
4315
4046
3921
3703
3678
3525
3572
3447
3121
2872
2874
2919
2631
2570
2674
2804
2747
2553
2584
2744
2723
2510
2653
2661
2526
2233
1952
1968
1811
1731
1196
943
744
582
380
196
177
-126
-253
-438
-584
-502
-567
-677
-769
-1003
-1035
-970
-800
-656
-653
-642
-462
-207
-124
-81
-415
-781
-1102
-1750
-2159
-2692
-3178
-3717
-4491
-4800
-4837
-4955
-5036
-4939
-4838
-4868
-4601
-4384
-3944
-3621
-3564
-3400
-3378
-2902
-2702
-2562
-2362
-2155
-1706
-1275
-691
-145
274
578
700
1141
1159
1242
970
627
195
-356
-341
-634
-856
-1213
-1412
-1196
-963
-769
-451
-327
-319
76
343
593
638
420
345
98
-145
-358
-553
-789
-945
-1106
-1098
-950
-591
-272
-161
368
654
1156
1566
2175
2514
2616
2740
2699
2808
2750
2797
2816
2685
2699
2630
2693
2835
2903
2894
2935
3027
2961
2928
2792
2652
2398
2303
2152
2014
1992
1897
1832
1725
1508
1582
1512
1458
1306
1008
874
861
673
494
404
345
323
346
227
96
-53
-310
-269
-255
-384
-586
-433
-406
-267
-212
-305
-11
40
38
150
157
111
13
-260
-438
-893
-1497
-1908
-2386
-2905
-3441
-3941
-4515
-4646
-4532
-4303
-4001
-3784
-3645
-3535
-3311
-3049
-2802
-2838
-2964
-2839
-2615
-2356
-2447
-2420
-2259
-2212
-2005
-1584
-1113
-667
-199
250
683
993
924
781
640
377
-61
-409
-787
-1157
-1388
-1656
-1591
-1676
-1492
-1433
-1105
-815
-626
48
362
519
546
474
494
33
-14
-171
-505
-705
-951
-1117
-1101
-894
-622
-101
271
550
1142
1771
2510
3028
3140
3110
3091
3196
3121
2990
3012
2888
2787
2830
2813
3246
3252
3192
3329
3431
3750
3729
3663
3363
3295
3029
2377
2076
1612
1346
1003
841
633
445
427
443
417
469
354
151
128
239
327
402
275
-26
-170
-154
-122
-232
18
-97
-161
-3
302
589
563
620
720
767
584
552
614
438
302
-97
-359
-685
-1096
-1410
-1807
-2163
-2625
-2978
-3580
-3801
-3952
-4083
-4293
-4462
-4209
-4104
-3872
-3636
-3532
-3177
-2992
-2827
-2655
-2545
-2490
-2643
-2909
-3037
-3105
-2771
-2741
-2345
-2088
-1975
-1666
-1455
-887
-735
-464
-341
-110
-227
-793
-985
-937
-930
-1177
-1416
-1547
-1480
-1312
-959
-382
-119
205
642
1061
1460
1697
1802
1595
1453
1439
1168
892
655
433
297
138
360
516
838
1251
1627
2210
2568
3022
3307
3558
3654
3547
3586
3299
3023
3087
3023
3188
3325
3570
3699
3766
4096
4263
4587
4374
4236
4077
3705
3298
3055
2552
2000
1513
1044
807
766
857
753
592
478
569
845
883
888
486
175
-24
-221
-259
-641
-684
-848
-911
-846
-762
-752
-639
-542
-517
-242
-267
-240
-277
-372
-326
-341
-459
-480
-850
-1092
-1142
-1240
-1349
-1618
-1875
-2077
-2155
-2454
-2712
-2899
-3050
-3160
-3298
-3246
-2943
-2869
-2713
-2437
-2280
-2003
-1845
-1625
-1600
-1596
-1716
-1855
-1913
-1831
-1904
-2181
-2336
-1987
-1782
-1700
-1730
-1444
-1194
-1305
-1040
-1015
-804
-949
-924
-902
-984
-1069
-1378
-1313
-1242
-1250
-973
-735
-706
-698
-429
-21
293
352
117
114
47
95
19
-270
-548
-731
-691
-770
-745
-622
-399
-74
240
688
1056
1331
1661
1889
2218
2185
2064
2177
2191
2486
2586
2485
2856
3068
3636
3872
4162
4282
4343
4302
4272
4354
4084
3819
3387
2924
2785
2555
2177
1931
1715
1607
1632
1537
1479
1535
1178
1082
942
644
329
231
-40
-154
-143
-356
-314
-237
-240
118
254
264
440
295
485
464
433
361
354
278
60
93
183
332
286
357
361
372
358
159
-17
-180
-423
-696
-953
-954
-1151
-1435
-1423
-1509
-1305
-1285
-1375
-1211
-1126
-789
-542
-415
-373
-497
-494
-562
-742
-883
-1009
-1143
-1243
-1362
-1588
-1661
-1534
-1244
-1203
-1146
-1249
-1119
-1054
-1220
-1190
-1440
-1443
-1412
-1194
-997
-914
-908
-902
-529
-356
-126
52
58
82
51
127
238
304
285
182
100
24
-176
-371
-456
-311
-317
43
418
615
641
770
1179
1311
1409
1520
1489
1589
1810
2117
2174
2150
2141
2341
2546
2466
2614
2696
2730
2868
2950
2931
2789
2551
2559
2535
2465
2533
2448
2425
2475
2387
2353
2346
2172
1970
1853
1634
1506
1241
1065
1132
1198
1169
1157
1331
1353
1383
1625
1580
1421
1314
1252
1283
1133
1014
878
662
655
682
559
435
228
401
265
175
273
34
23
28
-338
-552
-762
-1000
-1312
-1430
-1475
-1521
-1588
-1520
-1316
-1310
-1325
-1468
-1479
-1419
-1332
-1206
-1204
-1188
-1016
-969
-913
-715
-678
-796
-948
-903
-747
-800
-856
-896
-917
-953
-929
-988
-697
-620
-735
-640
-710
-493
-477
-428
-607
-355
-115
-58
220
175
182
-15
13
15
15
25
-61
-192
-365
-229
-450
-479
-584
-709
-691
-624
-422
-455
-442
-241
-173
100
196
363
504
468
770
778
920
1073
1159
1296
1470
1599
1774
1802
1888
1938
1921
1972
2088
2105
2052
1966
2038
1833
1827
1878
1696
1681
1480
1609
1433
1488
1359
1022
848
504
466
389
419
368
216
206
81
-21
42
-37
75
-16
3
-47
-66
96
72
38
30
23
0
265
248
193
342
177
-39
40
128
-51
-47
57
63
52
-22
69
119
198
132
174
237
337
507
326
286
163
16
-74
-161
-260
-314
-391
-454
-411
-338
-378
-429
-365
-533
-579
-620
-738
-765
-720
-791
-969
-827
-850
-840
-952
-1126
-965
-857
-971
-800
-776
-595
-375
-254
-50
79
168
212
361
423
528
620
720
731
626
567
453
367
190
89
185
235
370
447
574
705
628
596
688
930
1123
1067
1069
870
746
770
643
693
829
756
737
963
1066
1136
1073
1191
1323
1302
1116
987
811
559
457
408
435
454
164
72
343
302
249
224
376
479
265
289
248
281
113
-145
-40
-104
-250
-441
-458
-551
-513
-503
-302
-152
-167
-83
-14
135
279
326
197
165
123
167
-63
-232
-202
-9
-62
-5
-49
108
215
51
126
49
186
164
141
318
375
518
423
372
171
255
308
197
117
-18
-100
-259
-310
-370
-555
-730
-825
-830
-959
-940
-932
-969
-989
-1098
-911
-884
-997
-1123
-1176
-1319
-1593
-1701
-1714
-1665
-1757
-1818
-1747
-1652
-1517
-1492
-1314
-1153
-1082
-912
-929
-846
-914
-912
-1052
-1253
-1539
-1763
-1730
-1870
-1985
-1725
-1419
-1318
-1169
-992
-764
-620
-326
-210
-44
68
-122
-260
-227
-99
-49
-148
-61
50
153
468
929
1049
1016
1071
1182
1254
1309
1347
1219
1216
1215
1194
1192
1112
1148
1248
1291
1328
1279
1416
1632
1502
1439
1443
1360
1128
928
827
635
307
132
131
33
246
29
-1
153
226
247
207
26
-21
71
-67
-46
-251
-517
-621
-452
-504
-511
-562
-667
-513
-482
-491
-487
-269
-292
-372
-231
-162
-90
-33
-55
-32
116
16
151
112
92
159
61
79
-203
-426
-823
-1025
-1066
-1153
-1125
-1208
-1414
-1558
-1371
-1323
-1256
-1174
-1012
-911
-1040
-1168
-1117
-1162
-1225
-1276
-1322
-1375
-1492
-1510
-1417
-1288
-1154
-952
-995
-797
-556
-598
-413
-341
-496
-528
-725
-978
-1045
-1307
-1511
-1649
-1774
-1630
-1559
-1388
-1368
-1212
-903
-713
-477
-351
-216
-156
-121
10
-7
-36
54
240
350
377
562
631
815
822
810
920
876
1057
1075
913
1027
1045
1240
1250
1046
1151
1147
1147
1163
1273
1231
1114
1044
962
879
621
425
238
158
-54
-283
-144
-126
-87
96
59
189
295
617
697
595
542
644
743
651
775
584
616
536
409
538
467
595
634
467
579
531
520
653
499
549
457
580
748
878
759
639
808
704
868
751
846
760
553
381
268
186
-48
-364
-492
-652
-859
-982
-1164
-1138
-1197
-1334
-1430
-1406
-1252
-1275
-1326
-1270
-1289
-1311
-1395
-1273
-1179
-1011
-901
-806
-670
-335
-127
72
252
148
400
462
447
512
221
70
-85
-179
-401
-586
-732
-930
-1084
-1283
-1229
-1202
-1394
-1329
-1176
-1196
-1102
-947
-686
-756
-810
-946
-989
-1076
-1128
-934
-778
-547
-567
-599
-579
-669
-692
-664
-481
-453
-375
-200
-203
-82
10
168
127
230
426
468
481
429
339
239
197
34
-109
-277
-467
-650
-679
-612
-596
-451
-416
-298
-152
-38
113
200
462
595
578
495
587
578
674
832
791
871
966
1079
1007
1261
1394
1443
1607
1511
1479
1512
1381
1452
1438
1408
1425
1422
1579
1584
1541
1610
1466
1328
1502
1365
1256
1101
841
682
671
479
204
123
-105
-399
-552
-670
-864
-878
-1061
-1017
-1021
-834
-819
-1057
-1087
-1151
-1060
-1041
-1037
-1170
-977
-949
-756
-501
-240
78
70
291
337
346
495
596
588
446
185
-33
-225
-339
-516
-472
-767
-799
-911
-943
-911
-957
-965
-1007
-1220
-1099
-685
-586
-349
-340
-302
-467
-564
-458
-359
-134
-184
-244
-139
-42
130
215
269
152
-16
-51
43
266
282
315
339
356
432
296
323
440
401
435
202
166
-36
-268
-319
-437
-592
-645
-674
-786
-795
-826
-766
-713
-742
-791
-671
-586
-469
-390
-393
-337
-232
-101
-85
83
115
314
339
465
677
778
924
913
936
838
997
969
943
1023
1090
1119
936
892
926
1079
1046
1005
949
843
759
706
613
382
166
55
3
-56
-111
-289
-348
-436
-483
-569
-789
-696
-809
-1161
-1120
-1029
-991
-864
-857
-906
-798
-742
-557
-505
-464
-343
-95
59
291
455
629
778
561
590
628
608
378
136
131
20
-250
-237
-301
-466
-484
-583
-551
-551
-442
-584
-570
-544
-444
-348
-379
-368
-360
-365
-303
-400
-512
-333
-293
-166
-263
-325
-336
-277
-348
-376
-432
-514
-370
-475
-462
-451
-394
-392
-693
-572
-566
-593
-566
-590
-564
-723
-708
-738
-803
-789
-881
-875
-905
-1107
-1218
-1263
-1180
-1267
-1229
-1200
-1144
-1250
-1422
-1388
-1165
-1120
-1225
-1109
-1089
-947
-775
-562
-432
-537
-434
-404
-320
-31
84
132
226
351
406
409
559
484
472
524
616
657
562
490
423
220
224
174
259
309
202
287
213
109
180
52
43
-176
-363
-277
-333
-333
-443
-448
-463
-480
-289
-205
-213
-159
-137
134
147
201
472
589
625
751
1101
1166
1352
1456
1470
1511
1477
1422
1476
1432
1554
1437
1273
1048
943
1085
926
876
698
598
434
538
534
404
438
303
397
438
309
260
230
220
284
418
395
440
430
370
382
303
334
241
131
194
92
147
68
-47
-152
-242
-367
-462
-442
-563
-554
-640
-577
-633
-624
-626
-673
-588
-617
-699
-662
-654
-647
-850
-939
-970
-972
-1007
-1077
-1104
-1266
-1333
-1076
-950
-912
-890
-1055
-964
-883
-899
-779
-762
-578
-544
-353
-174
-170
-50
-66
31
84
184
192
89
19
51
90
-47
3
-52
-65
-212
-181
-358
-285
-96
-303
-267
-383
-391
-461
-721
-963
-961
-1056
-1000
-974
-867
-764
-721
-660
-749
-662
-435
-411
-476
-375
-237
-15
-68
15
72
199
249
359
388
465
490
479
513
534
588
728
661
692
606
474
425
393
366
307
239
107
-1
-301
-258
-367
-390
-270
-301
-224
-223
-174
108
104
-102
-79
-47
-51
33
-127
61
219
140
8
-32
-173
-86
-18
78
45
-173
-208
-422
-329
-281
-534
-598
-502
-538
-571
-513
-388
-357
-288
-253
-164
-117
-158
-182
-133
-139
-64
-271
-351
-523
-652
-444
-448
-385
-201
-303
-275
-49
-42
-122
-321
-273
-233
-161
-123
-117
-94
24
237
381
579
592
687
702
656
676
706
769
637
407
357
309
197
173
87
55
40
-140
12
54
32
144
-184
-347
-251
-473
-597
-689
-889
-950
-974
-852
-840
-858
-842
-805
-587
-264
-42
46
91
6
179
310
410
412
373
367
403
464
573
473
524
748
730
863
981
1090
1137
1229
1259
1315
1329
1213
1119
816
822
710
674
539
677
726
666
735
685
770
661
816
782
763
713
667
714
500
539
495
513
521
361
376
343
320
116
25
-69
-244
-254
-291
-427
-437
-532
-649
-555
-557
-525
-501
-493
-444
-367
-431
-480
-527
-729
-607
-697
-575
-696
-710
-641
-644
-438
-428
-473
-467
-428
-216
-331
-336
-317
-501
-620
-704
-641
-727
-613
-540
-392
-339
-291
-34
154
271
336
364
257
126
49
-158
-210
-410
-351
-290
-238
-239
-250
-192
-289
-169
-48
-92
-105
-98
-222
-344
-478
-595
-606
-654
-702
-813
-805
-695
-540
-507
-439
-183
-129
9
137
310
392
131
98
148
47
262
166
132
55
-95
18
112
249
218
259
385
389
444
467
330
332
252
168
159
98
44
73
129
56
98
88
168
277
222
235
400
307
212
346
265
214
241
382
432
431
437
362
394
157
9
-4
-21
64
-123
-333
-317
-388
-490
-496
-506
-559
-669
-481
-469
-646
-452
-481
-404
-561
-630
-496
-684
-669
-766
-647
-705
-627
-453
-438
-306
-240
-255
-190
-248
-182
-133
-277
-304
-399
-335
-453
-401
-287
-253
-196
-178
7
32
208
384
479
613
632
543
432
384
219
131
47
-66
-90
-72
-153
-285
-217
-342
-223
-141
-4
72
-19
-79
-64
-117
-277
-269
-226
-247
-369
-343
-178
-297
-131
-234
-306
-102
14
148
175
190
265
300
300
349
487
346
126
171
140
278
504
610
674
679
595
623
610
673
641
526
517
396
393
500
526
502
455
370
293
315
507
651
638
579
525
494
695
559
331
432
319
314
359
396
495
370
304
125
22
-93
23
55
-56
-177
-296
-372
-394
-313
-337
-280
-273
-203
-259
-376
-397
-320
-204
-202
-249
-123
-191
-262
-266
-298
-234
-173
-47
-2
70
38
128
380
374
374
395
219
102
73
78
98
-33
-56
115
179
136
97
137
166
142
188
149
273
265
211
286
226
178
-6
-161
-228
-283
-373
-450
-451
-320
-214
-344
-488
-502
-394
-308
-270
-305
-188
-118
-250
-314
-466
-387
-547
-442
-271
-287
-211
-314
-262
-169
-103
-214
-30
118
246
459
384
267
264
130
86
142
200
295
358
293
320
381
185
462
584
624
550
467
490
372
641
638
627
538
552
529
471
551
488
548
623
583
625
541
513
361
516
514
491
534
176
220
217
170
250
40
14
-18
-41
-26
-62
-53
103
-35
89
-12
-138
53
0
180
125
78
157
56
120
36
11
267
306
194
300
337
280
289
305
341
432
544
500
598
488
382
230
218
167
167
221
211
147
121
209
357
438
511
478
356
325
256
