430
458
445
452
401
511
425
390
423
397
420
428
472
418
474
681
785
937
725
676
802
841
736
648
622
619
695
518
490
440
418
492
472
412
455
569
587
490
576
638
550
670
557
574
493
457
523
655
735
684
616
652
517
538
656
776
816
856
866
843
1082
945
938
916
791
875
1030
1018
965
1023
1031
1055
948
929
906
847
809
802
567
639
619
511
628
590
365
328
276
248
373
219
341
368
263
254
19
99
129
89
40
-124
-80
-59
-5
-92
29
-33
-168
-98
-84
0
-63
-1
-67
-188
-142
-212
-126
-161
-58
-34
-185
35
-123
6
-14
-16
-94
-111
-285
-411
-305
-448
-504
-626
-745
-804
-849
-946
-822
-773
-822
-643
-662
-686
-662
-613
-596
-623
-574
-648
-657
-683
-648
-776
-821
-653
-729
-732
-631
-509
-499
-476
-472
-444
-284
-396
-370
-322
-292
-277
-264
-157
-136
-88
12
-2
136
34
39
182
119
203
317
320
305
327
204
217
148
261
120
41
68
203
321
263
242
282
241
416
492
361
412
387
467
515
536
566
564
591
696
601
563
655
736
867
900
754
860
685
606
677
689
675
681
831
671
694
768
775
884
817
691
666
566
623
588
515
403
445
360
318
144
68
122
15
-31
-202
-166
-248
-249
-303
-138
-209
-227
-127
-154
-167
-342
-300
-445
-404
-553
-622
-468
-641
-599
-525
-359
-385
-449
-333
-379
-421
-354
-350
-277
-182
-253
-268
-192
-393
-373
-378
-330
-214
-285
-257
-97
-122
-76
-79
-117
-154
-3
-97
-259
-27
131
171
-38
-29
24
-20
40
17
-4
42
-73
-6
11
61
93
284
351
242
282
67
52
206
227
138
153
234
135
78
69
186
135
-42
-226
-401
-330
-212
-149
-3
-55
-54
-49
-20
-26
39
-24
26
28
-89
-199
-224
-115
-155
-103
-301
-263
-87
-26
-25
-15
-147
-178
-119
-300
5
117
-100
74
-60
-227
-11
23
213
85
-101
-198
-92
-9
69
204
232
178
224
113
254
313
349
295
214
336
281
540
572
509
583
590
579
555
678
763
893
913
832
954
968
933
1112
1059
929
788
697
622
393
470
447
531
670
843
899
896
820
852
858
815
702
632
660
492
377
274
340
355
321
375
316
301
254
345
403
358
400
369
360
326
259
161
276
256
378
559
473
555
577
482
422
344
364
452
343
222
224
116
168
191
184
132
103
-49
-241
-106
-46
-168
-388
-418
-422
-528
-516
-604
-656
-736
-637
-527
-521
-513
-778
-808
-787
-768
-716
-768
-632
-562
-639
-734
-676
-507
-404
-398
-396
-359
-537
-547
-585
-677
-584
-558
-404
-313
-328
-341
-293
-57
-183
-432
-313
-165
-198
-199
-151
142
302
187
276
239
242
345
253
295
257
235
330
282
298
299
304
342
440
336
243
269
347
280
373
435
648
788
774
735
510
581
529
518
531
264
257
336
288
340
380
156
121
247
166
65
-12
26
19
0
-70
-134
-113
-97
-108
-305
-269
-174
-132
-275
-210
-398
-205
-86
-183
-231
-454
-201
-124
-158
-165
-159
-9
223
138
284
355
329
383
448
200
67
180
130
283
364
447
372
307
355
335
404
374
247
408
306
93
121
170
116
-26
192
85
-85
-106
-264
-251
-349
-244
-321
-243
-268
-291
-182
-252
-356
-371
-338
-536
-471
-502
-451
-419
-486
-652
-779
-842
-817
-825
-823
-759
-762
-601
-632
-504
-496
-479
-536
-702
-520
-612
-589
-475
-323
-189
-301
-230
-248
-326
-316
-283
-350
-396
-422
-352
-350
-211
-42
-149
-174
-246
-195
-309
-156
-19
-29
154
96
147
140
4
-28
140
174
107
111
298
467
608
584
543
620
531
632
526
221
233
361
363
364
351
106
56
-40
-13
23
-30
113
132
146
212
264
217
154
126
131
275
146
417
613
488
512
554
625
579
703
733
597
454
444
521
562
715
681
834
853
709
747
461
664
691
796
955
941
1059
846
865
828
836
832
687
529
405
499
545
657
646
727
618
521
597
487
464
250
276
142
51
88
-13
54
-54
27
-41
-89
46
124
98
-214
-240
-169
-378
-406
-546
-581
-273
-319
-444
-411
-358
-231
-284
-367
-612
-698
-571
-462
-379
-291
-423
-588
-527
-602
-445
-413
-382
-212
-149
-166
-200
-251
-283
-254
-180
-244
-246
-140
-52
63
51
143
77
3
-7
152
168
154
176
129
374
374
332
362
330
264
231
404
393
450
559
571
537
632
567
336
299
80
-118
47
242
209
198
256
169
169
29
-58
3
-26
-27
-167
-225
-203
-334
-304
-282
-286
-288
-362
-417
-527
-614
-647
-529
-466
-468
-360
-506
-613
-661
-774
-621
-356
-289
-200
-407
-275
-217
-217
70
196
132
1
-14
-69
-92
-62
11
-164
-130
14
33
192
75
100
184
241
473
673
743
643
541
721
815
860
953
925
1114
1024
939
874
803
747
692
706
572
452
385
242
287
118
48
19
2
-109
-143
-124
-5
148
92
163
57
44
53
-182
-187
-242
-320
-498
-663
-581
-564
-759
-955
-729
-516
-593
-731
-813
-658
-620
-504
-229
-535
-426
-440
-404
-322
-375
-349
-329
-317
-94
2
51
79
67
167
167
213
142
241
113
55
134
133
73
55
199
162
196
134
337
393
421
390
455
657
685
622
536
529
638
684
579
720
715
769
804
834
1051
1099
1032
1046
923
932
939
927
872
888
826
856
720
548
629
504
551
682
789
713
687
636
560
741
557
617
526
467
438
398
544
521
356
337
332
248
351
183
342
419
329
382
517
380
326
305
394
524
539
463
453
605
638
589
444
509
830
766
784
801
794
884
849
839
791
736
824
867
813
785
813
902
723
782
879
799
798
698
738
602
543
514
293
207
135
58
235
203
217
176
180
244
45
-28
-45
-8
-100
-233
-275
-262
-160
-341
-375
-389
-438
-353
-646
-574
-489
-425
-554
-636
-474
-422
-473
-465
-504
-627
-531
-408
-423
-501
-501
-507
-732
-824
-635
-689
-783
-919
-700
-714
-667
-697
-559
-528
-630
-406
-319
-335
-536
-552
-520
-613
-608
-614
-488
-471
-437
-256
-329
-343
-398
-289
-325
-405
-403
-311
-348
-230
-231
-219
-399
-353
-199
-387
-315
-551
-779
-772
-435
-389
-183
-121
-459
-467
-413
-212
-154
-276
-93
-21
-255
-321
-300
-375
-365
-226
-264
-253
-268
-219
-26
-24
-112
-322
-366
-466
-394
-451
-508
-475
-396
-418
-310
-271
-366
-308
-450
-454
-507
-520
-438
-443
-370
-310
-379
-464
-296
-247
-149
-94
-189
6
60
-20
37
102
131
144
157
145
285
268
317
411
373
368
309
450
468
514
521
446
450
474
318
351
354
458
486
456
491
465
556
569
455
301
212
213
256
260
242
115
82
118
89
60
45
32
240
250
377
401
243
356
357
521
413
433
485
588
446
556
483
379
213
188
189
51
87
11
64
-18
53
202
111
20
163
185
-29
-51
151
188
196
315
422
333
257
262
282
318
296
373
414
467
457
461
627
549
588
587
596
758
764
868
807
709
713
804
787
781
745
753
759
596
536
526
598
603
584
614
601
572
410
431
332
161
73
-94
10
-104
-198
-150
-162
-20
4
-66
42
-46
-116
-117
-185
-180
-289
-197
-243
-131
-126
-268
-359
-316
-167
-211
-251
-192
-133
-63
59
2
-82
-176
-203
-79
-44
-48
21
171
219
256
243
201
303
179
183
132
119
96
231
219
89
140
104
239
274
254
81
88
207
105
105
139
51
155
-20
-3
9
-181
-157
-305
-440
-558
-589
-622
-654
-638
-583
-559
-780
-826
-855
-840
-847
-949
-688
-643
-741
-836
-763
-677
-832
-910
-823
-787
-930
-1005
-886
-857
-890
-904
-865
-1016
-986
-963
-1097
-1051
-830
-771
-697
-626
-636
-401
-581
-658
-617
-628
-521
-431
-342
-171
-164
-109
-72
31
114
79
-6
-108
-115
-96
-209
-178
-61
71
28
61
-30
-38
-21
-116
-231
-311
-402
-339
-371
-354
-317
-246
-205
-341
-376
-417
-498
-441
-413
-455
-506
-487
-552
-783
-654
-758
-695
-658
-530
-440
-519
-639
-580
-569
-467
-581
-565
-463
-618
-456
-598
-548
-433
-306
-415
-564
-809
-908
-838
-934
-918
-945
-1036
-1026
-1100
-1104
-925
-1001
-1305
-1438
-1444
-1380
-1624
-1585
-1686
-1536
-1622
-1846
-1773
-1825
-1840
-2191
-2282
-2438
-2383
-2281
-2270
-2132
-2324
-2275
-1654
-1255
-1295
-1186
-1369
-1122
-834
-420
214
616
1031
942
544
274
331
813
1427
1512
1057
484
-73
-418
-352
-352
-446
-652
-967
-1184
-1353
-1482
-1637
-1596
-1303
-1048
-693
-474
-310
-336
-268
44
430
796
1179
1312
1321
1440
1415
1454
1523
1601
1651
1732
1664
1465
1394
1028
938
829
578
342
265
78
-83
-239
-407
-451
-467
-325
-412
-421
-413
-477
-375
-316
-78
70
143
275
257
189
235
349
370
276
346
407
289
164
111
9
-392
-473
-380
-349
-285
-307
-401
-434
-459
-315
-325
-252
-165
-278
-256
-310
-275
19
257
19
-81
-157
-215
-77
-162
-2
-155
-234
-210
-312
-318
-211
-148
-430
-473
-516
-356
-289
-296
-128
-96
-38
58
120
208
425
497
630
773
675
677
548
678
850
739
717
661
642
496
554
293
87
-105
-234
-283
-568
-639
-776
-942
-1149
-1316
-1389
-1468
-1597
-1554
-1396
-1447
-1426
-1295
-1231
-1322
-1321
-1325
-1378
-1253
-1079
-1013
-871
-946
-956
-867
-816
-999
-1076
-1120
-1187
-1186
-1334
-1388
-1559
-1551
-1587
-1388
-1399
-1256
-1196
-1173
-1080
-948
-895
-847
-738
-691
-596
-600
-431
-234
-133
-43
-16
-136
-145
-217
-137
-224
-157
-97
-270
-397
-566
-457
-404
-591
-703
-796
-637
-750
-690
-837
-678
-552
-546
-357
-398
-220
-241
266
345
148
183
37
114
517
877
1019
1144
1073
1122
1060
966
1305
1666
2077
1800
1268
1270
1344
1664
1875
1643
759
417
275
528
975
1052
665
31
-125
-130
25
146
217
74
-207
-319
-478
-303
-304
-461
-474
-639
-504
-419
-706
-886
-825
-651
-738
-745
-834
-1057
-1333
-1485
-1506
-1643
-1663
-1518
-1415
-1622
-1848
-2037
-2168
-2294
-2190
-2024
-2125
-1988
-2082
-2328
-2306
-2479
-2492
-2393
-2364
-2231
-2109
-2160
-2191
-2342
-2321
-1930
-1302
-851
-1154
-1227
-1016
-957
-582
71
792
1672
1643
953
504
448
1354
2017
1995
1989
1509
1048
667
342
287
412
218
-69
-517
-684
-917
-1109
-1224
-988
-782
-542
-97
-348
-731
-580
-348
1
538
1144
1359
1271
1277
1421
1625
1900
2175
2345
2463
2348
2204
1911
1642
1488
1454
1563
1371
1139
691
310
-26
-166
-24
-136
-261
-243
-278
-429
-449
-253
-22
257
378
311
300
435
771
816
666
816
916
932
915
999
799
1094
871
2140
3089
3215
2278
758
580
950
2273
3744
4709
4765
4290
1750
-564
-984
1158
4847
5143
3489
798
-1630
-1771
-925
808
1744
2328
1517
103
-557
-788
-247
-173
225
1004
1570
1591
880
-226
-360
199
1125
2078
2466
2320
1299
566
160
478
1026
1439
1144
673
-156
-793
-1222
-1476
-1410
-1332
-1181
-1331
-1816
-2192
-2462
-2663
-2621
-2287
-2141
-2095
-2093
-2233
-2608
-2791
-2899
-3043
-2560
-2433
-2531
-3045
-3251
-3257
-3530
-3589
-3728
-2678
-1877
-1045
-1316
-2001
-1966
-1614
-1483
-713
626
2352
3197
2133
576
-308
915
3379
4107
4130
3006
1661
811
202
433
925
1200
806
-267
-1207
-1569
-1739
-2239
-2194
-1932
-1590
-1388
-1435
-1700
-2026
-2039
-1529
-590
607
1660
1963
1786
1979
2363
2880
3685
4273
4408
4317
3886
3605
3313
2997
2803
2702
2557
2333
1786
1198
782
94
-343
-318
-43
42
184
-146
21
870
1203
767
51
616
1851
2860
3695
4268
4247
4082
3217
1700
1530
3664
6207
6044
3377
903
-50
378
1518
2170
2346
1803
788
-383
-1175
-1049
-437
-270
-333
-173
9
-311
-881
-1499
-1262
-118
610
630
631
355
-170
-737
-581
-142
-69
-65
-385
-952
-1558
-2063
-2250
-2286
-2276
-2470
-2694
-3150
-3509
-3606
-3580
-3604
-3263
-3014
-3195
-3576
-3938
-4195
-4166
-4577
-4389
-5154
-5190
-5824
-2936
-425
566
-1979
-5666
-5541
-3634
-1805
699
4378
7585
7615
421
-5405
-5047
2121
10539
10687
5831
339
-2974
-2627
-2021
403
2386
2955
159
-3362
-4767
-4242
-3577
-4136
-3976
-1890
-524
-902
-3116
-4862
-4815
-3096
-918
1558
3918
4753
3153
1083
829
2904
4869
6664
7344
6558
5318
3820
3157
3002
3127
3669
3802
3122
1525
-87
-1088
-1193
-1320
-1723
-1501
-1056
-1356
-1886
-2310
-2540
-1193
408
1057
527
-239
324
1412
2478
4396
5295
5306
4815
3184
1759
2605
5352
7839
6498
3271
1582
1046
1998
3024
3406
2738
1939
1322
895
973
1297
1327
710
546
1136
1681
1705
1119
243
188
1182
1724
1984
1964
1726
1097
74
304
1188
1191
1026
480
160
-369
-825
-1078
-1264
-1384
-1467
-1545
-1969
-2178
-2431
-3177
-3677
-3709
-3543
-3406
-3532
-4147
-4762
-5590
-5706
-5443
-5886
-6247
-5997
-6426
-4275
-2115
-1461
-3857
-7424
-6769
-4532
-1862
810
3518
5355
5282
-325
-4938
-4272
2357
9877
9440
4505
-286
-3310
-2530
-1869
10
1502
1680
-862
-4378
-5640
-4869
-3879
-4510
-4495
-2941
-2015
-2116
-3881
-5432
-5069
-3228
-1398
647
2686
3846
2753
895
889
3038
5016
6660
7283
6994
6296
4892
3847
3647
4375
4988
4670
3882
2439
791
-306
-577
-357
-136
867
2085
1358
-840
-3252
-3006
-820
1482
3207
3737
3242
2639
608
-1242
-250
3218
6949
7413
4432
1624
51
994
2782
3624
4082
4224
3388
1321
-245
-235
909
1225
1194
1506
1563
905
-699
-1872
-1195
395
1671
2101
1823
714
-694
-1572
-999
740
1659
1551
645
-802
-1824
-1806
-1159
-707
-706
-859
-1534
-2880
-3533
-3513
-2902
-2194
-2174
-2747
-4082
-4978
-6011
-6483
-6121
-5444
-5075
-6311
-6679
-8290
-5836
-3477
-1519
-4101
-7619
-6616
-3531
-402
1257
2971
4757
5721
679
-3793
-3191
3562
11454
9936
4149
-774
-3459
-1895
-1280
140
1118
1429
-1158
-5255
-7228
-6181
-4914
-5390
-5762
-3522
-2140
-2222
-4622
-6471
-5316
-2031
823
2467
4037
4767
3253
1659
1695
4562
7011
8667
8926
7765
6603
5161
4405
4454
5232
6157
5967
4269
1893
-575
-1273
-1005
440
1818
1694
291
-2781
-3743
-3697
-1715
523
2311
2498
2240
-36
-2874
-2700
210
5672
7350
4953
2373
-431
597
2156
3936
4914
4471
3833
2386
1333
1320
1745
1628
1541
2282
3002
2856
1076
-813
-927
398
1440
1823
1649
1416
549
-314
-233
764
1108
449
-596
-1374
-1341
-1682
-1890
-1710
-1728
-1860
-2514
-3200
-3150
-3238
-2631
-2343
-2564
-2787
-3446
-4150
-4605
-4440
-4600
-4364
-5504
-5783
-6284
-5907
-2155
-376
-88
-4203
-6785
-7063
-4466
-1100
2422
4792
6055
4356
-963
-4689
-3895
2159
8196
8950
5120
-838
-4867
-5917
-4769
-2188
750
1519
-1953
-6274
-8429
-7774
-6729
-6091
-4880
-3507
-2738
-3644
-6072
-7442
-6049
-2951
-493
1826
3308
3333
1771
517
1261
3853
6154
7566
6928
5430
4092
3135
2753
3060
3907
4266
3563
2374
1467
683
-23
-511
-351
1230
1783
1805
357
-1215
-1794
-1796
-319
1711
2683
3137
1975
20
-469
-300
1630
3354
3955
4276
2452
1471
980
916
2237
3109
3954
3477
2688
1755
971
595
985
1611
2028
2724
2809
1984
443
-305
315
1830
3182
2956
1907
942
372
546
768
1081
1230
401
-610
-1634
-2309
-2215
-1753
-1539
-1551
-2205
-2973
-3710
-3877
-3635
-3108
-2586
-2235
-2464
-3612
-4881
-5647
-5490
-5129
-5212
-4722
-4682
-3830
-1288
-1339
-2277
-5697
-6381
-4533
-1227
2433
5493
6772
5538
261
-5376
-5283
1743
10177
11548
5375
-2048
-6514
-6230
-3419
-1078
463
45
-2879
-6770
-8884
-7985
-6041
-5529
-5450
-4817
-3584
-3975
-5624
-7339
-6710
-3632
-948
1084
2321
2734
1988
607
1347
3680
6131
7244
7466
6196
5257
4431
4107
4067
4377
5140
5199
3868
2533
1243
1070
1671
2275
2179
2204
2058
946
58
-152
677
1690
2620
2977
2499
1531
1332
1456
1373
2262
3337
4287
3535
2299
1820
1574
2615
3411
3830
3367
2759
2578
2367
2938
2703
2168
1301
1802
2380
2842
3211
2948
1947
1108
1602
2256
2808
2768
2783
1955
976
572
933
1339
556
-793
-2261
-2707
-2653
-2842
-3115
-3854
-4342
-5050
-5665
-5638
-5418
-4816
-5549
-6024
-6206
-6136
-6007
-7091
-7637
-7774
-6651
-4922
-1961
521
-208
-2850
-6347
-5330
-2779
2204
5456
8120
9066
6554
1529
-2406
-558
6316
13151
13291
6749
-322
-4364
-3142
-711
1894
3040
1154
-2402
-6159
-7222
-6110
-4721
-4524
-4138
-3477
-3054
-4004
-6198
-7154
-5779
-2650
639
3076
3559
2724
1329
717
2759
5772
8456
8789
7311
5291
4226
4295
4730
5090
5129
4636
3277
1352
337
40
301
769
459
1321
1232
369
-1338
-2719
-1878
-106
1982
2844
2378
889
-43
-974
-680
1460
3795
5438
3381
769
-846
-358
1882
2934
3644
2585
1246
104
-253
863
2067
2604
1812
1303
1203
870
898
1279
1913
2592
2941
2597
1936
1519
1546
1558
1456
1568
2196
1675
579
-1002
-2358
-2373
-1943
-1556
-2290
-2961
-3961
-5031
-6314
-6646
-6333
-5841
-6011
-6649
-7190
-8067
-7555
-8351
-7960
-8716
-8229
-8371
-7416
-5352
-1461
61
-1415
-4783
-5933
-3721
-409
2943
6385
8971
9102
3787
-3304
-4147
1117
9945
12542
7537
215
-5283
-6212
-4034
-1752
668
628
-1760
-6542
-9036
-8554
-6289
-5393
-5449
-4062
-2310
-2505
-4638
-6918
-5878
-2663
1001
3366
4636
4938
3946
2403
2720
5735
8807
9866
9035
6946
5617
4905
4481
4553
4801
5173
4864
3154
710
-601
-730
790
1827
2291
2086
1858
583
-599
-540
939
2755
3912
4190
4017
3471
2621
2645
2645
3789
5608
6087
5334
3112
1826
1844
2759
3966
3708
2904
1987
1339
1145
1622
2245
2467
1631
1538
1796
1997
2172
2345
2479
2536
2760
2703
2621
2177
1928
1764
1805
2017
1655
1019
140
-690
-1392
-1728
-1154
-1666
-2701
-3741
-3736
-3495
-4191
-4945
-5710
-5493
-4921
-5110
-6668
-7973
-8015
-7350
-7539
-8095
-9075
-8476
-5886
-1633
-830
-2651
-5940
-6512
-5274
-2999
537
4777
8586
8711
3639
-4034
-5798
-87
9418
12950
8298
1015
-4954
-6405
-5101
-2807
-184
534
-1672
-7253
-10333
-10057
-7757
-7080
-6917
-5796
-4606
-4521
-5985
-7929
-7665
-4680
-1360
1311
2961
4082
3230
1844
1728
4074
7424
9405
9247
7104
5360
4485
3874
3758
4304
4848
3991
2044
-51
-1106
-864
6
92
811
678
755
-815
-1649
-951
697
2062
2883
2874
2695
3052
1523
1446
2303
4990
7073
4814
2223
164
1182
3844
5661
5614
3631
2013
390
288
1571
3708
4478
3131
1370
683
997
1806
2295
2502
2824
2887
2683
2070
2171
2276
2190
2077
1875
1795
946
434
-349
-1466
-2212
-2356
-2480
-3584
-4409
-4702
-4850
-4900
-5033
-4822
-5801
-5907
-6495
-6885
-6931
-7674
-7793
-8784
-8782
-9814
-10097
-9301
-4780
-1452
-2304
-6149
-9252
-7599
-4411
-353
1986
5123
6585
4463
-2359
-7125
-3663
5526
12086
9500
1637
-4811
-7255
-5824
-3276
-433
1292
-451
-5951
-10779
-11242
-8106
-5497
-5389
-5440
-5141
-5202
-6474
-8242
-7836
-4828
-1408
183
1191
2263
2682
1734
1069
3323
7017
9415
9407
7156
5452
4961
5196
5497
5405
5572
4779
2674
410
-645
-281
733
1226
1968
1804
1301
-415
-1461
-994
1550
3993
4768
4199
3825
3402
2045
1574
3340
7124
9956
8803
5038
1301
911
3133
5979
7409
7135
5416
2206
-146
386
2980
5126
4945
3467
1823
1255
1492
1633
2455
3789
4642
4343
3493
3047
2876
2658
2678
3087
3081
2342
1520
-46
-1141
-1375
-849
-225
-1332
-3233
-4949
-5784
-5286
-4357
-3878
-3761
-4830
-6122
-7492
-8442
-7961
-7097
-6768
-7710
-9560
-9649
-6299
-1794
-1458
-4776
-8530
-7686
-4289
-822
1775
4974
7006
5653
-923
-6781
-5153
3631
11630
11123
3689
-4204
-7994
-7992
-5453
-2253
232
-783
-5864
-11737
-13350
-11299
-8465
-7718
-7179
-5900
-5587
-7628
-10297
-11001
-7925
-3352
-347
418
174
-373
-1217
-1261
1244
5213
8167
8516
6766
4244
3439
3819
5164
6227
6790
6033
3744
864
-1250
-1197
-2
2140
2826
2009
391
-1534
-2340
-2153
-182
2364
4005
3848
2188
-237
-1359
233
3154
5805
6199
4729
2513
585
1145
2685
4585
5800
5342
3588
1322
371
557
1735
3113
3734
3607
2403
801
-216
84
2227
4563
4976
3535
2101
1546
1934
2738
3045
3214
2981
2258
1145
118
-577
-1224
-1264
-971
-379
-552
-2641
-4693
-5906
-5594
-4221
-3076
-2954
-4316
-6076
-7378
-7410
-6260
-5627
-6403
-8269
-8524
-4624
-650
-898
-4888
-8693
-7613
-4474
-382
2480
5506
7618
5295
-2336
-8063
-4697
5683
13879
11977
3292
-4717
-8119
-6595
-3476
235
2411
864
-5213
-11662
-12965
-9947
-6377
-5996
-6114
-5666
-5134
-6515
-9270
-10192
-7087
-2946
-39
1388
2313
2071
-393
-2127
-415
4362
8128
8816
6889
3874
2234
1701
2699
4133
5470
5659
3476
5
-2900
-3589
-2071
552
1321
728
-1433
-2844
-3920
-2960
-1106
1086
2283
2525
1698
-314
-1084
-52
2817
5440
6261
5283
2180
547
1179
3411
5466
5861
5166
3162
1935
1140
1086
1688
2725
3593
3100
2236
1526
923
789
1423
2878
4085
4468
3279
1530
1079
1875
3318
3671
3376
2720
1832
1237
182
-846
-1516
-1160
-954
-1465
-2532
-3953
-5030
-5552
-5476
-4935
-4670
-4747
-6056
-7363
-8136
-6946
-5957
-6244
-7064
-5587
-1785
-406
-2586
-6903
-6680
-3903
417
2378
4763
7249
7132
1821
-5420
-5661
2387
12218
13577
6263
-2601
-7020
-6633
-4636
-1795
827
1262
-2732
-9272
-12314
-11041
-7374
-6228
-5797
-4311
-3196
-4904
-8688
-10302
-7087
-1659
1733
2252
2380
2615
2024
420
1005
4442
8599
10027
8642
6100
4520
3849
3916
5019
6425
7470
5995
2155
-1249
-2131
-915
988
2599
1803
-60
-2700
-3629
-3345
-1408
1051
2856
2581
1248
-198
-1546
-1019
859
3969
6205
5710
3164
148
13
2186
4571
5915
6116
5127
2898
1167
277
1415
2499
3178
2928
1683
590
-310
-299
-156
634
1184
1628
1774
1357
1316
822
643
436
278
656
1079
1191
538
-596
-1814
-2288
-2088
-1477
-1252
-2645
-4187
-5235
-5350
-4748
-4515
-4901
-5752
-6483
-6933
-7162
-7577
-7803
-7835
-5314
-834
938
-1285
-7041
-9470
-6685
-1539
3282
6201
8306
8407
2468
-6333
-8156
-135
12670
17047
9432
-1568
-8771
-8712
-5621
-2326
911
1721
-2133
-9617
-14670
-13828
-9483
-7064
-6954
-5943
-4356
-4541
-7513
-10991
-9966
-5340
-66
3059
4137
4283
2893
611
41
3694
8880
12124
11153
7361
4547
3702
4626
5898
6861
7822
6767
4134
1238
-416
291
1694
2126
1550
864
137
-1164
-1761
-1542
-187
1135
1752
2048
1348
978
844
1381
2287
3289
4236
4432
3623
2436
2850
3921
5137
5719
5315
5005
4954
4435
3411
2989
2874
3345
3429
3011
2578
2299
2132
2206
2363
2697
2986
2557
1944
2016
2561
2711
1853
824
-94
-247
-129
-303
-483
-1030
-1903
-2777
-3062
-3273
-3821
-4382
-4640
-4865
-4819
-5167
-5951
-6759
-7341
-7150
-7018
-7140
-7638
-7625
-3758
127
899
-3801
-8300
-8257
-3985
1238
4929
8002
9172
6935
-2172
-8027
-5403
6697
17149
14903
4863
-5017
-8614
-6472
-3058
636
2990
2603
-3569
-10800
-14188
-11653
-7225
-6099
-5571
-5021
-4622
-6243
-9481
-10521
-7450
-2203
1821
2896
3334
3616
2546
885
1730
5607
9935
11883
10580
7304
4612
3376
4581
6371
8140
8552
5840
1787
-1263
-1250
728
2551
2290
-189
-1358
-1762
-1559
-1802
-2123
-1223
-934
-175
832
1399
1250
1318
455
65
1554
4287
6616
5827
3985
2867
2992
4763
6332
6908
6781
6186
4973
3234
2409
3031
3990
3990
3836
3869
3228
2566
1589
972
1552
2784
3934
3716
3001
2119
889
-54
-80
908
1598
1377
157
-1889
-3384
-3530
-2651
-2317
-2844
-3801
-4603
-5412
-5804
-5770
-5491
-5871
-6616
-7361
-7614
-7682
-7478
-8726
-7909
-3130
549
650
-4787
-8433
-7692
-3101
1280
5437
7993
10056
6235
-3664
-9047
-4854
8233
16778
12737
2287
-6431
-8660
-6394
-3317
102
2443
1365
-5318
-11955
-14463
-10762
-6960
-6211
-5458
-4560
-4661
-7013
-10563
-10392
-5886
-631
2469
3205
3203
3267
1887
547
2566
7222
10804
11716
9156
6186
4082
3926
5870
8250
9865
9367
5964
1486
-495
249
3035
5039
4690
2342
-356
-1683
-1438
-538
661
1776
1606
720
-443
-774
-335
745
1840
2503
3285
3823
3693
2639
2838
4461
6205
7099
7101
6561
5447
4647
4512
5302
5969
6365
5826
4476
3719
4165
4686
4683
4134
3319
2775
2833
3602
4030
4502
4032
2698
1192
588
1527
2438
2410
997
-676
-1980
-2251
-1921
-2283
-3189
-3928
-4588
-4828
-4973
-5130
-5913
-7368
-8288
-8429
-7146
-6449
-6842
-9091
-8359
-4182
-29
-213
-5022
-7819
-6904
-3475
-7
4306
8383
11138
6121
-4115
-9251
-3980
9325
16555
11371
1218
-7185
-9059
-6894
-3944
-478
1632
-507
-6932
-13548
-14801
-10909
-7458
-6516
-6037
-5034
-5524
-7717
-10607
-10091
-5865
-1034
2183
2661
2882
3027
1790
481
1864
6139
10386
11967
9926
6545
4052
3696
5436
7613
8903
8903
6128
2154
-372
-162
2129
4062
3856
1581
-713
-1489
-842
13
369
619
656
452
99
-594
-670
-509
216
1047
2345
3703
3192
1943
1280
2691
4819
6341
6762
5924
5091
4108
3931
4293
5309
6069
5400
4442
4238
4618
4806
3959
2729
2484
3083
4065
4521
4231
3375
2504
1502
1318
1598
2086
2024
1095
-624
-2110
-2606
-2323
-2091
-2888
-4540
-5651
-5793
-5440
-5019
-5328
-6550
-7934
-8955
-9103
-8128
-7284
-7436
-9450
-8055
-4016
-538
-2171
-6980
-8825
-6297
-2155
989
4295
7142
9445
4061
-5367
-8940
-1669
11689
16301
9522
-754
-7822
-8763
-6506
-3593
-39
2507
-596
-8628
-15477
-15758
-10486
-6855
-6311
-6383
-6410
-7239
-9317
-11411
-10137
-5803
-1036
1706
2120
2539
2524
1283
422
2990
7073
10315
11299
9272
6316
4045
4164
6157
7947
9113
8682
5591
1464
-803
27
2483
3947
3122
678
-1630
-2348
-1867
-959
52
830
935
251
-584
-1199
-1457
-1122
-32
1746
3663
3982
2512
261
14
2569
5336
7020
6659
5440
4146
3335
3304
4300
5355
5911
5521
4934
5081
4957
4399
3308
2759
3253
4797
5846
5555
4558
3164
2271
1907
2212
3002
3546
3140
1483
-742
-2186
-2514
-1855
-1533
-2683
-4223
-5653
-5904
-5700
-5616
-6119
-7315
-8552
-8987
-8974
-8251
-8297
-7803
-4877
-1892
-905
-4449
-7573
-7729
-4299
-775
3171
6540
9602
8459
-146
-7784
-7213
3877
15093
15350
6491
-3792
-8880
-8386
-5829
-2093
1254
1555
-3974
-11599
-15994
-13686
-9465
-8270
-8239
-7562
-6486
-7141
-10238
-11978
-10174
-5454
-1164
653
1566
2433
1799
-199
-416
2720
7465
11108
11037
8633
5578
3476
4197
6080
8107
9479
8442
5106
894
-1182
57
2250
3365
2638
986
-1048
-2008
-2351
-1698
-294
224
96
-58
180
357
-131
-1106
-1401
52
2258
4110
3964
2031
860
1276
3163
5018
6117
6217
5473
4604
3903
4038
4390
4826
4954
4962
5285
5677
5492
4235
2997
2752
3599
4981
6106
6017
4860
3275
2027
2015
3060
4291
4257
3045
1184
-176
-956
-971
-541
-578
-1818
-3714
-5210
-5456
-4626
-4552
-5648
-7223
-8786
-9553
-9985
-8137
-3686
-374
-704
-5357
-8907
-8731
-5459
-1998
2336
5703
8874
7041
-619
-7239
-6886
2804
12939
14195
7363
-2153
-8331
-9034
-6185
-1824
1618
1432
-4382
-11732
-15566
-12852
-8392
-7363
-8381
-9011
-8288
-7737
-8847
-9845
-9732
-7496
-4313
-1786
585
2538
2745
311
-1280
829
5133
9187
10351
8937
6125
4202
4198
4963
6321
8327
8928
6317
2568
349
974
2664
3659
3184
1582
135
-714
-1165
-848
587
1752
1242
28
-771
-1106
-734
66
1230
1798
1323
216
-733
-599
860
2813
3582
3408
2689
2164
2445
3068
4119
4812
4629
3717
2787
2888
3601
4728
5404
4926
3892
2917
2707
3124
3633
3917
3719
3348
2908
2445
2108
1700
1095
371
74
411
248
-661
-2141
-3109
-3516
-3762
-3821
-3833
-4244
-5056
-6298
-7004
-7395
-7848
-8776
-7296
-3454
167
-372
-4923
-8070
-7769
-4513
-394
4066
7449
9419
5180
-2914
-8107
-4191
7344
15013
12924
4877
-3590
-7302
-6813
-3558
770
3639
1798
-5230
-12274
-14165
-9949
-6166
-6307
-7892
-9286
-9415
-9524
-10071
-9678
-8229
-5961
-4639
-3364
-1200
1457
1716
234
-341
1471
5118
8104
8919
7657
5126
4050
4854
5750
6908
8148
7963
6241
3500
2198
2893
4159
4546
3505
2087
846
345
-288
-319
788
1763
1936
913
-447
-1134
-858
571
2048
2640
2013
818
-845
-1321
570
3094
4098
3259
2172
1783
1905
2388
2831
3390
3617
3601
3150
2904
2904
2929
3141
3208
3447
3500
3484
2998
2147
1506
1625
2261
2911
3116
2461
1265
85
-685
-605
-16
328
-296
-1340
-2705
-3876
-4672
-4858
-4590
-4488
-5492
-6568
-6554
-6319
-7433
-8298
-6215
-2679
-562
-2818
-6078
-7276
-5534
-2425
1112
4659
8662
8198
1021
-6600
-7896
559
10874
13552
8174
-588
-6775
-7599
-5553
-1832
2121
2734
-1862
-8989
-13602
-12073
-7882
-6156
-6856
-8053
-8391
-8201
-9632
-10401
-9283
-7061
-4687
-3152
-1541
627
1502
203
-938
533
3912
7457
8379
6972
5010
3806
4078
4812
5738
7408
7611
5562
2779
1832
3622
5425
5357
3744
1905
592
475
668
1342
1841
1798
552
-914
-1101
-101
779
862
417
627
1067
888
300
-464
-176
1444
3129
3679
3264
2412
2005
2169
2943
4384
5141
4390
2815
2239
3013
4222
4877
4092
2837
2332
3233
4675
4958
4090
2470
976
988
2421
4044
4401
2841
291
-1571
-1210
502
1664
886
-601
-1768
-3005
-3246
-2893
-2340
-2884
-4416
-6125
-6886
-6498
-6394
-5080
-3048
-1314
-1940
-4790
-7081
-6771
-4460
-1107
2705
6555
9249
6045
-1575
-7293
-5188
4449
12518
12047
5809
-2135
-6514
-7009
-5021
-781
2499
1791
-3384
-9819
-12681
-10775
-8200
-7658
-7712
-7893
-8075
-8969
-10533
-10788
-9477
-7060
-4628
-2905
-1132
-10
-495
-2131
-2277
355
4353
7247
7337
5588
2984
1323
2059
3675
5434
6862
6175
3954
1058
368
2119
4407
5444
4941
3140
1300
618
802
1617
2682
3406
3127
1492
-102
-578
88
1292
1841
2358
1936
1241
230
-605
-560
877
2559
3239
3099
2515
2446
2314
2565
3164
3514
3559
3288
3043
3327
3886
4219
3837
2915
2367
2927
4181
5007
5007
3593
1687
685
1387
2925
3931
3649
2045
574
-378
-95
776
1127
921
-296
-1539
-1957
-1558
-1470
-2301
-3679
-4693
-4755
-4167
-4591
-5479
-4395
-1896
-305
-1779
-4546
-6153
-4794
-2784
323
3530
7196
8007
2785
-4540
-7466
-1649
7924
11941
8429
1049
-5025
-6949
-6021
-3496
-515
666
-2096
-7298
-11852
-12065
-9387
-8026
-8728
-9510
-9285
-8587
-8635
-8971
-9113
-8571
-7569
-5775
-3233
-113
1931
671
-1874
-2628
-685
3001
6127
7070
5393
2628
804
863
2213
4239
5731
5310
3196
1018
831
2120
3158
3414
2883
2119
1746
1873
1796
1369
1480
1888
2273
2206
1442
1290
1230
1246
1592
1891
2213
1773
764
-99
610
2264
3148
2978
2187
2054
2597
3324
3577
3151
2385
2183
2896
3446
3821
4239
4449
3478
2399
2339
3142
4224
4595
3926
2767
1673
1422
1115
1072
1307
1572
1399
358
-608
-1277
-1007
-935
-1086
-1492
-1667
-1203
-1234
-2621
-4129
-4580
-4493
-4036
-4011
-4813
-6514
-6556
-4209
-1461
-912
-3018
-5108
-5555
-4441
-2673
240
3653
6861
5856
204
-5549
-5567
1431
8990
9852
5118
-1277
-4729
-5714
-5112
-3207
-885
-71
-2680
-7025
-10068
-9573
-7546
-7353
-8243
-8036
-7078
-6383
-6846
-7604
-8056
-7473
-5593
-3226
-867
1529
2391
675
-1781
-2140
727
4635
6807
6759
4309
1337
-123
351
2250
5082
6600
5209
2178
-140
335
2047
3176
3438
2815
1893
1248
1154
1037
1180
1651
1811
1401
802
667
1124
1060
1066
980
1100
1274
1192
854
620
1163
2029
2354
2182
2444
2787
2543
1623
1046
1918
3183
3768
3311
2441
2169
2754
3482
3999
4159
4194
4021
3652
3903
4294
4236
3454
2399
1697
1968
2983
3418
2384
540
-654
-731
-176
252
114
-356
-1247
-2385
-2884
-2540
-1912
-1952
-2982
-4254
-5226
-5279
-5584
-6005
-4464
-1676
328
-979
-4010
-5626
-4901
-2954
-1
3144
6320
7488
3459
-3128
-6410
-2316
6161
10246
7734
1894
-3420
-5731
-5590
-4144
-1705
275
-190
-3782
-8664
-10969
-9340
-6969
-5772
-5051
-5005
-5264
-6478
-7757
-7959
-6883
-4535
-1845
-3
1261
1073
-641
-2784
-2637
-140
3620
6394
5964
2790
-1268
-2403
106
3467
5778
6332
4609
1186
-1226
-1409
827
3540
4784
3617
1035
-564
-83
964
1303
1459
1039
777
394
169
37
-53
35
-167
40
731
1063
587
20
347
1696
2449
2536
1825
969
710
1139
1932
2410
2298
2114
1722
1665
1692
2270
3179
3672
3427
2440
2376
3452
4173
3715
2868
2178
1742
1299
1333
1794
2120
1686
457
-543
-699
-464
-479
-1105
-2016
-2405
-2230
-1960
-2181
-2881
-4021
-4697
-4734
-4392
-4459
-5181
-6440
-7173
-5971
-2949
-916
-1819
-4507
-6277
-5963
-3786
-1205
1548
3481
3706
1202
-3120
-5778
-3631
1533
5415
4823
478
-4313
-7382
-7637
-5600
-3273
-1561
-2166
-5520
-9510
-11296
-9440
-6259
-4589
-5072
-6234
-7259
-7228
-6808
-6090
-4851
-2905
-1428
-730
-892
-691
-400
-77
556
1683
2849
3550
3631
2941
2430
2608
3644
5022
5353
5183
4568
3480
2781
2987
4044
4554
4128
3232
2552
2290
2453
2530
2494
2431
2103
1905
1798
1486
1108
697
861
1535
2215
2197
1912
1637
1708
2246
1955
1773
1830
2273
2381
1766
1245
1113
1534
1932
2304
2541
2879
3361
3174
2900
2792
3239
3645
4184
4519
4500
3880
2718
1876
1616
2646
3718
3725
2414
752
-18
186
353
362
-497
-1267
-1530
-1650
-2334
-3109
-3488
-3252
-3400
-3851
-3930
-4029
-4339
-4975
-5633
-6085
-6024
-5337
-3757
-2275
-2167
-3789
-5391
-5738
-4507
-2899
-1125
1002
2161
1024
-2401
-5954
-5999
-2100
2319
3247
366
-3774
-6368
-6521
-5339
-3871
-3172
-3280
-4291
-6101
-7756
-7348
-5907
-4580
-4495
-5096
-5313
-4476
-3575
-3318
-4037
-4272
-3121
-1437
-170
110
-306
-673
-817
-284
1221
2861
4344
4639
3262
1880
1578
2567
4237
4772
4393
3366
2487
2103
2136
2552
3082
3207
2644
1619
1259
1751
2140
2206
1962
1401
949
798
1147
1943
2497
2092
1725
1633
1536
1449
1695
2062
2493
2550
2011
1482
1187
1464
2164
2562
3178
3492
3372
2770
2028
1949
2411
3498
4286
4729
4405
3930
3328
2618
2691
3759
4869
5089
3996
2307
1113
1120
1599
1648
1358
831
135
-643
-1768
-2202
-2082
-1987
-2137
-2453
-2660
-2985
-3280
-3902
-4856
-4972
-4332
-3679
-3929
-5024
-5570
-5014
-3541
-2298
-2261
-3412
-4778
-5521
-4602
-3021
-687
752
139
-2130
-4824
-5859
-4033
-982
1217
474
-1865
-4358
-5423
-5295
-4306
-3398
-2904
-2699
-2910
-3580
-4393
-4411
-3718
-2819
-2209
-1937
-1978
-2111
-2075
-2037
-2392
-2538
-2048
-420
1225
1872
1649
1191
1288
2134
3167
3979
4346
4645
4355
3791
3201
3090
3619
3967
3916
3487
3278
3380
3468
2965
2483
2256
2446
2752
2674
2413
1841
1176
759
1232
1927
2307
2166
1629
1405
1332
1363
1289
1052
1042
1453
1925
2245
2000
1601
1578
1779
2532
3273
3474
3252
2540
1835
2002
2871
4162
4843
4598
3819
3082
3200
3996
4979
5511
5307
4538
3563
2562
2056
2470
3179
3254
2465
1488
800
607
378
-172
-524
-456
-464
-861
-1625
-2469
-2490
-2384
-2475
-2484
-2501
-2703
-3587
-4440
-4979
-4780
-4098
-3872
-4092
-4346
-4071
-3939
-4659
-5755
-5902
-5089
-4289
-3659
-3187
-2984
-3406
-4718
-6066
-6037
-3955
-1630
-1140
-2919
-5081
-5936
-5161
-3816
-2548
-1910
-1967
-2517
-3172
-3243
-2803
-1967
-1287
-1607
-2437
-3007
-2701
-2148
-1247
-961
-1211
-1424
-1107
155
1316
1961
1986
1743
1613
2023
2849
3784
4426
4232
3391
2497
2480
3331
4677
5286
4464
3133
2348
2528
2891
2942
2919
3223
3026
2344
1898
1860
1693
1655
1697
2229
2652
2086
715
41
304
1187
1819
1694
1487
1072
932
1085
1396
1569
1599
1564
1670
1835
2085
2149
2054
1990
2414
2899
3050
3026
3022
3364
3564
3382
3163
3054
3418
3425
2960
2538
2157
2115
2274
2127
1702
1192
547
181
240
327
527
361
-680
-1436
-1752
-1401
-640
-487
-926
-1896
-2744
-3051
-2773
-2194
-1789
-2133
-3178
-4268
-4970
-4698
-4324
-4022
-4108
-4776
-5307
-5670
-5462
-5250
-4921
-4692
-4855
-4834
-4608
-4152
-3599
-3184
-3459
-4074
-3797
-2710
-1223
-719
-1692
-2960
-3208
-2361
-1135
-836
-1151
-1474
-1776
-2174
-2313
-1793
-875
-541
-1077
-1806
-2017
-1271
-297
130
-260
-830
-578
116
1284
2116
2552
2259
1714
1839
2490
3580
3935
3460
2847
2732
2991
3491
3850
3870
3763
3725
3576
3715
3708
3781
4057
4307
4134
3618
3354
3366
3436
3350
3222
3360
3549
3418
2977
2726
2862
2839
3023
3004
2854
2570
2161
2457
2999
2989
2789
2594
2836
3234
3467
3525
3572
3370
3032
2727
2951
3367
3454
3052
2514
2300
2188
2102
2028
1925
1798
1437
930
453
180
177
-34
-259
-296
-275
-128
-196
-633
-1176
-1426
-1429
-1176
-1172
-1461
-2006
-2870
-3475
-3721
-3642
-3403
-3294
-3548
-4193
-4860
-5373
-5349
-4906
-4700
-5005
-5267
-5352
-5369
-5117
-4623
-4456
-4580
-4638
-4433
-4105
-3717
-3042
-2371
-1779
-1506
-1600
-1890
-2185
-1933
-979
-149
291
-1
-882
-1229
-702
-60
-140
-504
-465
-180
102
83
-105
35
-187
-105
54
80
390
671
421
-327
-637
-490
-40
419
529
213
-318
-732
-667
5
743
1179
1203
913
640
576
736
1210
1614
1943
1999
1753
1751
1771
1788
2276
2555
2454
2087
1884
2007
2273
2440
2415
2191
2130
2560
2933
2936
2547
2129
2090
2764
3724
3934
3576
3022
2732
2751
3012
3509
3664
3782
3294
2617
2154
1782
2098
2357
2137
1888
1696
1431
1052
636
403
424
668
792
815
742
619
604
127
-212
-322
-335
-187
-681
-939
-1365
-1958
-2403
-2991
-3304
-3398
-3477
-3720
-3987
-4044
-3909
-3899
-4446
-5036
-4984
-4218
-3398
-3480
-4003
-4335
-4003
-3386
-3068
-3031
-2906
-2777
-3073
-3355
-2952
-2245
-1579
-1722
-2297
-2947
-2966
-2417
-1983
-1602
-1524
-1415
-1576
-1588
-1313
-1073
-682
-326
-103
175
647
841
646
487
632
901
1116
1138
735
752
796
684
265
-191
-231
270
644
182
-658
-1038
-728
-3
298
-138
-637
-1031
-1007
-462
102
541
615
475
334
518
1167
1565
1842
1618
1537
1723
1863
2160
2254
2181
2107
2263
2424
2541
2731
3053
3347
3361
3311
3461
3456
3738
3917
3779
3818
3746
3391
3130
2909
3074
3327
3083
2875
2514
2579
2487
2105
1847
1810
2203
2473
2580
1925
1228
942
968
1525
2096
2432
2178
1489
797
347
452
895
1295
1224
226
-863
-1390
-1473
-914
-686
-1062
-1825
-2758
-2955
-2849
-2392
-1874
-1959
-2273
-2536
-2534
-2227
-1769
-1570
-1819
-2029
-2149
-2007
-1716
-1422
-1461
-1882
-2177
-2220
-1954
-1651
-1513
-1503
-1568
-1906
-2256
-2181
-1809
-1579
-1741
-1824
-1643
-1452
-961
-961
-1097
-1184
-961
-666
-713
-695
-527
-189
-291
-693
-579
-401
-124
-21
-92
62
-122
-264
-769
-1269
-1157
-760
-375
-527
-997
-1478
-1705
-1394
-998
-541
-322
-482
-989
-1472
-1272
-676
167
456
376
68
-78
149
432
869
1330
1649
1720
1633
1577
1974
2443
2699
2666
2896
2972
2969
3121
3070
2957
2755
2452
2309
2321
2317
2305
2334
2434
2450
2443
2096
1801
1467
1360
1416
1313
1048
761
307
113
334
762
956
594
-77
-458
-293
-93
335
548
2
-625
-883
-1190
-1196
-1086
-1009
-1066
-1349
-1807
-2331
-2582
-2389
-2222
-2168
-1960
-1611
-1628
-1830
-1953
-1891
-1572
-1136
-867
-736
-862
-838
-707
-775
-907
-1050
-962
-575
-227
-6
44
-6
112
41
-7
259
688
1090
1028
517
240
223
672
1322
1585
1616
1019
395
476
931
1653
2095
1860
1383
826
431
528
903
1330
1480
1085
91
-848
-1409
-1107
-565
-512
-956
-1547
-1843
-1941
-1633
-1493
-1199
-1046
-936
-982
-1348
-1454
-1588
-1452
-1128
-727
-288
-30
332
484
682
799
1032
1577
1771
1967
2082
2118
2039
1972
2079
2423
2712
2602
2240
1759
1742
2112
2407
2534
2198
1580
1159
1219
1452
1864
1901
1694
1169
582
509
533
689
914
930
633
542
309
208
303
88
214
330
189
-52
-668
-668
-365
-155
-113
-252
-501
-707
-837
-970
-872
-719
-888
-945
-1090
-1103
-1081
-1019
-962
-1169
-998
-644
-647
-819
-1113
-1253
-957
-795
-594
-690
-835
-863
-767
-809
-713
-502
-101
87
28
-8
152
562
808
1035
1018
707
888
1337
1532
1642
1419
1318
1561
1819
2092
2041
1688
1458
1110
1200
1582
1802
2003
1786
1156
507
-216
-148
246
186
-69
-775
-1304
-1493
-1523
-1396
-1304
-1128
-948
-953
-1399
-1598
-1552
-1389
-1076
-918
-622
-558
-552
-526
-603
-197
535
1066
1162
1017
885
1228
1674
1958
2171
1954
1855
2127
2307
2501
2721
2702
2466
2112
2141
2308
2320
2120
1673
1389
1324
1588
1590
1684
1428
1107
1102
1008
1130
1150
1250
1054
755
522
586
880
1116
926
415
-47
-242
-141
66
287
264
99
-308
-676
-759
-523
-200
-143
-316
-708
-866
-1026
-1081
-1009
-656
-452
-814
-1187
-1623
-1814
-1795
-1510
-1429
-1368
-1247
-1274
-1409
-1958
-2012
-1780
-1194
-920
-811
-891
-1038
-1012
-780
-365
-26
506
586
547
439
667
997
1197
1432
1637
1815
1642
1542
1559
1710
1981
2199
2118
1830
1550
1550
1657
1759
1804
1415
1001
437
229
424
415
66
-539
-1042
-1044
-927
-845
-893
-934
-908
-930
-1023
-1110
-1024
-655
-377
-363
-485
-565
-383
-2
561
860
858
757
563
699
1030
1462
1648
1625
1388
1465
1479
1753
2099
2020
1837
1418
1405
1532
1490
1569
1495
1337
1251
932
820
688
653
600
320
210
37
-196
-549
-421
-345
-313
-207
-207
-478
-899
-963
-1098
-1053
-896
-885
-1009
-1483
-2096
-2105
-1807
-1301
-1320
-1785
-2105
-2278
-2233
-2010
-1826
-1591
-1555
-1315
-1259
-1374
-1350
-1482
-1499
-1418
-1396
-1362
-1242
-1299
-1390
-1548
-1647
-1275
-875
-776
-826
-1017
-1335
-1092
-610
-180
253
567
453
192
51
178
538
753
1019
1216
1298
1154
1121
965
939
1140
1424
1719
1753
1619
1097
724
709
1004
1146
806
429
-131
-414
-534
-360
-237
-302
-685
-901
-879
-658
-405
-229
-191
-625
-535
-416
50
397
307
293
320
519
690
1043
1056
945
996
847
923
1239
1589
1597
1398
955
893
1400
1820
1860
1488
1199
1199
1374
1393
1521
1620
1330
729
216
27
173
600
495
362
66
-214
-312
-527
-522
-422
-310
-42
65
-289
-556
-851
-851
-706
-514
-60
85
45
-633
-1342
-1533
-1048
-446
-260
-488
-1035
-1622
-1717
-1686
-1253
-739
-781
-836
-1205
-1556
-1553
-1254
-855
-676
-747
-967
-1056
-1038
-915
-955
-1108
-966
-818
-813
-670
-796
-910
-979
-914
-863
-835
-559
-424
-293
-138
-124
5
235
471
725
861
811
702
760
792
920
1088
1260
1191
1187
1021
927
933
772
818
870
853
560
49
-388
-480
-321
-224
-179
-186
-659
-1035
-1201
-1184
-1124
-1158
-1190
-1350
-1325
-1574
-1431
-1388
-1191
-960
-763
-591
-634
-809
-845
-496
-291
-123
133
195
-28
-250
-57
279
624
839
734
605
507
416
722
1213
1454
1547
1267
875
862
703
526
519
754
853
750
658
312
-7
-315
-242
8
300
468
109
-440
-1010
-1046
-737
-295
23
-282
-987
-1552
-1713
-1434
-980
-562
-607
-873
-1279
-1592
-1612
-1276
-697
-711
-614
-822
-1226
-1411
-1421
-1216
-694
-478
-600
-933
-1286
-1409
-1609
-1367
-1065
-748
-800
-1184
-1684
-1827
-1324
-979
-858
-991
-1260
-1415
-1379
-1140
-816
-501
-390
-378
-480
-187
227
241
-26
-416
-305
362
838
916
645
63
-144
-123
194
368
583
573
113
-265
-560
-307
-190
-157
-144
-132
-124
-281
-262
-443
-548
-459
-453
-509
-500
-583
-636
-623
-637
-622
-336
109
-9
47
70
-37
103
244
709
984
804
619
555
852
1427
1719
1854
1642
1489
1597
1727
2144
2532
2724
2389
1845
1537
1459
1661
1815
1947
2004
1905
1703
1415
1194
845
713
753
721
769
753
411
118
-13
10
76
242
108
-245
-662
-813
-747
-925
-979
-813
-693
-837
-1030
-1430
-1442
-1213
-856
-405
-479
-621
-946
-1423
-1268
-979
-726
-390
-336
-597
-772
-914
-1113
-851
-572
-465
-620
-960
-1196
-1060
-1128
-921
-723
-736
-869
-1091
-918
-839
-667
-662
-670
-704
-605
-258
-41
-88
-411
-468
-372
-244
250
400
485
481
-36
-271
-133
288
736
827
605
294
346
494
690
790
865
973
986
966
1103
1125
1239
1446
1533
1326
1210
1075
1152
1242
1316
1130
881
930
880
1140
1205
1173
1120
928
638
467
527
717
923
772
543
472
452
460
624
558
609
632
812
979
980
1046
958
802
511
551
728
923
948
757
461
290
343
498
653
656
351
-137
-520
-506
-477
-551
-553
-705
-1159
-1317
-1323
-1021
-904
-1232
-1409
-1525
-1609
-1499
-1443
-1440
-1270
-1479
-1563
-1466
-1467
-1289
-1192
-1369
-1412
-1254
-1016
-931
-895
-882
-1140
-1181
-958
-809
-703
-860
-1030
-1238
-1345
-1143
-1042
-1116
-1014
-997
-1118
-1184
-1064
-1120
-926
-732
-703
-625
-633
-536
-532
-471
-519
-639
-806
-885
-659
-525
-199
-249
-785
-972
-868
-662
-407
-186
-84
-201
-490
-702
-706
-396
60
312
220
-106
-466
-523
-451
-99
-94
-238
-345
-775
-950
-864
-510
-376
-450
-849
-906
-685
-705
-743
-841
-855
-960
-1091
-934
-659
-567
-753
-924
-1178
-1152
-645
-107
85
-140
-317
-297
-276
-148
235
675
843
611
232
62
302
552
794
1114
948
1000
897
680
637
836
954
1170
1224
1025
998
698
384
-55
-31
232
469
249
-66
-477
-844
-884
-940
-699
-362
-321
-498
-851
-1033
-1126
-984
-534
-371
-244
-388
-393
-566
-536
-322
117
365
141
-1
-119
84
358
528
618
372
131
137
245
451
414
431
382
281
176
107
140
137
312
392
566
606
397
143
-37
-331
-206
82
239
241
4
-289
-756
-699
-486
-41
46
84
-133
-531
-668
-690
-344
52
300
296
-182
-575
-591
-661
-558
-343
-36
-7
-110
-453
-681
-436
-269
-296
-398
-376
-322
-372
-518
-624
-488
-275
-11
-3
-37
-283
-408
-424
-237
148
79
389
298
99
33
-47
-88
67
331
482
691
693
532
452
359
471
656
785
716
617
498
63
-15
26
162
585
572
353
70
-282
-509
-558
-445
-388
-484
-541
-723
-1122
-1220
-1282
-1301
-1267
-1251
-1096
-984
-1133
-1440
-1442
-1369
-947
-764
-840
-745
-856
-941
-1017
-866
-738
-527
-420
-449
-465
-538
-347
-230
-271
-266
-82
-213
-364
-591
-598
-352
-295
-222
-232
-282
-397
-514
-586
-630
-415
-306
-326
-327
-155
-117
-136
-88
51
280
309
256
358
664
809
905
944
991
1083
1080
953
994
886
1010
1397
1552
1531
1440
1231
1175
1277
1303
1290
1163
808
794
993
935
844
745
637
644
409
320
313
401
502
361
181
-7
11
293
401
409
463
368
129
-60
36
413
781
889
786
660
428
506
707
776
838
1062
1070
945
936
919
1039
1105
1152
967
747
799
895
705
449
302
275
92
-134
-416
-431
-545
-821
-950
-797
-728
-677
-811
-1003
-1052
-1192
-1216
-1309
-1312
-1040
-993
-1056
-1266
-1421
-1290
-933
-669
-621
-722
-784
-990
-1164
-1275
-1055
-728
-923
-987
-1000
-1150
-953
-780
-664
-615
-937
-1115
-1193
-1168
-1065
-1024
-801
-703
-988
-1219
-1115
-1036
-830
-669
-583
-667
-709
-325
-107
-24
-8
37
108
314
555
662
910
1092
1044
1144
1221
1282
1418
1586
1675
1629
1491
1433
1409
1521
1688
1775
1839
1806
1669
1582
1571
1448
1559
1648
1529
1449
1356
1361
1173
1350
1542
1510
1447
1073
1157
1170
1127
1120
1087
1292
1315
1330
1130
1204
1331
1204
1220
1399
1514
1312
1185
1202
1098
1135
1125
1030
991
850
741
609
717
635
700
741
426
344
52
-1
-104
-186
-137
27
-75
-228
-268
-428
-426
-371
-570
-569
-447
-147
-199
-361
-335
-480
-351
-439
-385
-356
-289
-66
-55
-179
-237
-306
-175
-34
-65
