204
106
168
210
113
102
127
21
131
151
162
133
-8
-92
-255
-294
-265
-112
-80
-236
-106
-87
-147
-195
-327
-221
-395
-633
-756
-921
-915
-959
-1001
-1017
-1217
-1010
-1088
-1095
-1003
-1046
-1045
-1045
-985
-1227
-1016
-760
-671
-797
-753
-734
-750
-848
-734
-382
-377
-351
-495
-589
-511
-620
-583
-687
-748
-711
-512
-327
-270
-324
-245
-241
-274
-141
-127
-85
135
130
173
203
108
205
130
185
278
345
371
325
473
648
595
510
359
376
221
176
220
297
228
238
392
441
582
644
488
525
841
734
789
705
760
776
747
718
739
835
818
870
886
857
857
817
596
510
369
331
291
347
284
146
182
97
-10
-33
76
0
-11
78
285
387
312
136
134
295
398
493
330
291
395
439
446
596
569
573
463
502
684
458
508
657
552
523
488
285
495
388
288
249
280
471
541
597
411
339
387
327
435
490
377
411
548
418
175
40
39
13
54
-36
-22
-29
-188
88
39
78
95
13
96
195
168
203
210
112
323
310
478
552
622
616
674
784
787
786
742
678
528
593
513
412
487
419
382
368
418
407
316
301
376
285
157
56
148
300
249
280
283
141
123
81
68
158
88
-12
109
39
-68
-152
-226
-184
-220
-399
-333
-426
-393
-307
-389
-332
-326
-450
-384
-116
-249
-188
-209
-178
-216
-232
-237
-88
-58
-95
-94
50
184
25
30
103
81
90
33
-46
-52
-58
-246
-517
-375
-375
-391
-326
-473
-433
-375
-329
-97
-170
-196
-11
56
124
202
-1
100
188
208
341
428
330
294
433
468
471
519
498
466
555
582
698
796
825
889
753
918
946
958
997
1015
1194
1313
1307
1158
1248
1138
1113
1130
1023
910
892
815
843
826
605
537
237
258
312
163
100
93
164
29
-6
-90
0
-97
-173
-44
-25
-72
-205
-275
-313
-254
-300
-419
-524
-557
-375
-541
-651
-653
-674
-638
-793
-816
-866
-887
-820
-951
-1152
-1244
-1112
-1104
-988
-999
-1073
-864
-773
-682
-596
-641
-542
-533
-497
-451
-479
-416
-449
-388
-394
-439
-356
-370
-264
-243
-346
-282
-197
-131
-227
-218
141
98
201
344
250
167
150
332
360
488
367
439
601
585
544
586
636
759
694
542
467
508
440
394
425
383
502
447
496
580
469
440
522
720
639
551
576
692
808
798
810
731
776
847
895
847
688
607
455
480
426
393
313
257
248
220
153
126
185
30
-25
-7
73
254
454
443
384
527
495
596
583
764
998
954
1048
1093
1220
1185
1133
1154
1132
1030
964
1164
1215
1117
1084
1025
944
932
742
553
538
529
467
172
33
23
-49
-127
-275
-385
-315
-340
-303
-433
-512
-479
-758
-880
-1137
-1020
-518
-190
-224
-775
-993
-859
-559
-516
132
807
1171
1054
226
-263
-377
156
944
1214
974
-67
-728
-1306
-1385
-1151
-826
-669
-1151
-1712
-2134
-2366
-2450
-2082
-1811
-1312
-1127
-1345
-1603
-1663
-1268
-762
-205
622
1230
1336
1241
1089
1396
1664
1882
2147
2152
2211
1888
1283
999
972
987
905
827
341
-45
-420
-561
-415
-484
-515
-457
-486
-631
-821
-764
-233
95
357
750
811
666
575
670
771
1077
1255
1112
825
706
411
121
301
198
81
-159
-527
-869
-1126
-1204
-1228
-1318
-1387
-1473
-1542
-1493
-1503
-1526
-1561
-1358
-1089
-909
-727
-792
-534
-482
-426
-193
44
236
231
410
238
429
455
540
462
381
451
147
130
34
45
61
150
89
0
-1
-15
49
105
206
280
348
344
304
207
422
472
576
695
736
696
547
405
358
466
438
321
93
-120
-578
-730
-799
-932
-1012
-1240
-1343
-1526
-1634
-1707
-1654
-1706
-1659
-1566
-1702
-1531
-1488
-1464
-1322
-1122
-837
-882
-750
-651
-441
-337
-421
-475
-504
-526
-563
-446
-580
-578
-537
-609
-520
-513
-570
-673
-795
-905
-663
-487
-392
-326
-384
-193
43
145
202
230
360
546
458
534
582
557
564
412
390
449
304
289
331
393
136
59
93
116
111
66
-18
-113
66
20
92
120
197
209
50
50
-31
105
26
219
182
71
83
-91
-186
-284
-127
41
25
-138
-140
-263
-246
-175
-80
58
65
208
26
-105
56
147
278
384
454
351
386
346
451
573
691
567
557
611
460
508
542
549
513
404
211
340
496
490
574
445
498
637
554
311
68
150
53
277
256
129
93
-162
67
229
334
89
118
132
250
301
362
315
257
338
357
299
264
481
657
717
587
299
171
353
396
570
435
464
234
-80
20
95
335
309
80
-89
-138
-97
-168
-277
-187
170
5
-101
-117
-75
-112
-182
-32
-194
-163
-317
-304
-411
-454
-515
-479
-441
-472
-388
-588
-625
-804
-730
-912
-645
-607
-718
-824
-1029
-1098
-1016
-715
-848
-804
-594
-707
-903
-849
-710
-614
-448
-162
-118
-433
-296
-306
-238
-9
64
238
218
61
-14
66
71
163
114
-26
67
-57
-241
-60
-45
-33
122
76
7
30
140
232
393
623
661
684
757
913
1146
1265
1664
2079
2234
2277
2354
2429
2386
2484
2559
2410
2385
2301
2078
1990
1839
1529
1537
1578
1283
1016
881
876
518
341
239
171
98
-70
-266
-267
-362
-465
-368
-416
-377
-686
-867
-1207
-1435
-1710
-1728
-1793
-2194
-2387
-2697
-3209
-3427
-3820
-3953
-3955
-4092
-4102
-4402
-3869
-2665
-654
579
-756
-2490
-2854
-438
1333
2847
3742
5108
5749
3909
1689
537
2893
6538
8116
6547
2214
-1204
-2417
-1113
283
675
184
-1709
-4280
-6323
-6211
-4927
-4000
-3706
-3361
-3108
-3267
-4166
-4390
-2958
-427
1470
2360
3101
3656
3103
2480
3469
5911
7596
7333
6021
4957
4081
3150
2574
2718
2901
2216
487
-978
-2494
-3685
-4058
-3443
-2812
-3048
-3923
-4898
-5390
-5132
-4113
-2705
-1960
-1532
-1586
-1430
-1111
-601
248
1469
2559
2758
2501
2207
2230
2112
2418
3143
3360
2847
1944
959
224
35
128
240
8
-544
-1448
-2090
-2249
-2136
-1903
-1437
-1437
-774
213
303
128
-523
115
1082
2589
3008
3471
3536
3727
3560
2156
2519
3756
5474
5732
4035
2429
1011
1142
1860
2759
2575
1912
521
-992
-1347
-1046
-271
262
37
-359
-928
-1441
-1719
-1609
-699
481
578
172
135
18
-63
123
784
1311
1349
756
-205
-788
-286
85
-154
-457
-425
-725
-1350
-1877
-2046
-1844
-1417
-1105
-994
-1365
-1650
-1925
-1779
-967
-305
-36
-231
-529
-648
-557
-142
104
320
361
287
-27
-512
-869
-1240
-1538
-1174
-1088
-1644
-2194
-3069
-3696
-3899
-3691
-3408
-3672
-3707
-4897
-2722
-222
729
-1780
-3958
-1972
802
2240
1523
3609
4989
5892
3196
-209
596
3643
7956
8376
5135
905
-1883
-524
709
1773
1573
1166
-1532
-4986
-5920
-4572
-2866
-2991
-3440
-3005
-3057
-3605
-5014
-4852
-2228
769
991
985
2126
2800
1699
1560
4142
6828
7392
5850
4893
4414
4586
4363
4060
4595
4438
3006
1560
621
-504
-1649
-1427
-808
-1131
-2353
-3046
-3099
-3507
-1886
-880
-244
-876
-1369
-1120
-141
1580
1783
3067
3734
4541
2479
1314
2345
3581
5414
5145
4379
2736
1499
1588
1569
1844
1454
1768
1085
139
-1225
-1867
-1166
-749
-612
-375
-203
-929
-1878
-1688
-621
605
846
1003
613
17
-404
-343
-234
113
19
-365
-927
-1930
-2797
-3607
-3904
-3665
-3969
-4613
-5591
-6670
-7297
-7469
-6855
-5837
-4526
-2993
-1768
-2789
-4603
-4843
-1628
1869
4261
4857
6461
7468
6251
4083
2612
5693
10126
12457
10569
5088
850
-1164
285
2558
3110
1347
-2024
-5321
-8131
-8266
-6582
-5262
-5258
-5861
-6149
-6404
-6940
-6868
-5288
-2181
825
2353
2206
2817
3467
4043
5378
8254
10624
10535
8819
7668
7476
7652
7429
6923
6566
5828
4084
1958
242
-916
-1712
-2038
-1663
-1864
-3210
-4451
-5375
-5748
-4736
-3009
-1987
-2078
-2617
-2815
-2124
-888
454
1441
2506
3113
3032
3252
4839
5052
5110
4890
6015
6263
5781
4900
4784
5434
5092
4094
1434
305
703
1377
1815
306
-1403
-2991
-3198
-2642
-2679
-1867
-1316
-1442
-2659
-2364
-1265
-555
-228
381
1279
1478
1274
743
1033
1805
2166
2227
2042
2208
1127
516
429
328
-286
-931
-1275
-2057
-3098
-3790
-4210
-5026
-5538
-6035
-6908
-7761
-8705
-8759
-8425
-7113
-6451
-5436
-3459
-4003
-5547
-7458
-4750
-776
2315
3186
3863
4711
3729
2067
-45
2301
7068
10007
8263
1837
-3140
-4805
-2263
485
555
-1510
-4898
-7922
-10707
-10822
-8673
-6488
-6463
-7564
-8300
-8230
-7909
-7728
-6671
-3264
204
1515
761
1219
2545
3750
5176
7592
9957
10374
8544
6883
6689
7609
8074
7525
6788
5269
2844
820
-424
-1330
-2180
-2645
-2943
-4196
-6029
-7461
-7629
-7669
-6922
-6139
-5749
-5916
-6401
-6175
-4795
-3070
-1443
254
2174
2938
1771
2351
4072
5800
5851
6239
7472
8612
8259
5541
4085
3888
5852
5905
3995
2676
1421
1032
62
-794
-1651
-1818
-614
-531
-1803
-2817
-2014
-1548
-1220
-409
473
921
539
252
674
1996
3019
2657
2277
3177
3348
2057
1506
1982
2210
1387
863
201
-704
-1408
-1930
-2653
-3680
-4162
-4627
-6113
-6918
-8126
-8478
-7276
-5337
-4894
-3548
-2421
-3796
-6403
-7423
-3138
2017
5351
5317
4320
2966
1937
953
1585
5423
9542
10308
6209
-294
-3751
-3530
-114
1869
978
-1507
-4573
-8184
-10832
-10367
-7593
-5042
-5482
-8002
-9498
-9925
-9605
-8785
-6574
-2800
-22
56
-1104
-519
1686
3719
4664
7120
9869
10039
7564
6070
6344
7817
8844
8945
8549
7428
4737
2276
906
970
1227
1110
516
-1568
-4551
-6002
-5437
-4680
-4154
-3949
-3655
-4443
-5878
-6326
-4714
-2131
-182
439
277
1212
2017
2448
2968
4257
5897
7351
8250
7249
4956
3870
5644
7558
6869
4771
3603
3613
3166
2173
739
-7
-458
-536
-609
-1125
-1999
-2773
-3125
-2471
-1755
-1399
-1331
-1458
-1569
-1468
-856
-640
-653
107
1069
656
-280
-583
261
524
261
43
57
-531
-1655
-2541
-2717
-2403
-2798
-3698
-5184
-6296
-7390
-8226
-7682
-6950
-6854
-7358
-6206
-4095
-4698
-7418
-9197
-5897
-782
2411
746
-33
908
1964
2008
397
2923
6955
9729
7439
1343
-2476
-2776
109
1927
1160
-1239
-4589
-7681
-10662
-10290
-8086
-5943
-6659
-9280
-10717
-10593
-10057
-9968
-8966
-5414
-2574
-2419
-4060
-3111
198
1915
2207
4145
7357
8346
6358
4786
5671
7691
8760
8699
8357
7447
5362
2990
2573
2694
2509
2110
1253
-806
-3590
-4806
-4545
-4553
-4683
-4488
-4274
-4963
-6231
-6431
-5435
-3566
-1322
-12
1293
1359
983
1390
4777
7606
8462
8125
7892
8861
8482
7293
6165
6733
8671
8793
7095
4014
1508
596
1263
2239
2036
1317
-516
-2996
-4655
-3881
-1895
-760
-1256
-2114
-2638
-3192
-2829
-1900
-562
522
678
-25
-733
-440
-363
245
548
864
239
-267
-971
-2433
-2838
-2564
-2245
-3309
-4038
-4236
-4732
-6369
-7698
-8314
-7259
-5882
-3986
-1826
-2344
-5111
-8249
-6455
-2044
2204
2967
3554
4953
3749
1241
-2236
766
7719
13010
12823
4876
-2090
-4596
-1332
3274
5015
3559
-517
-4950
-9506
-10257
-8101
-4393
-2943
-5424
-7817
-9285
-9491
-9650
-8669
-5131
-1156
220
-1672
-2208
-672
1612
3178
5169
8301
9759
8056
5382
5269
6733
8440
8847
8903
8922
6971
4628
3199
3044
3184
3391
3394
2203
-267
-3316
-4043
-3455
-2278
-1227
-1248
-1774
-3909
-5514
-4746
-1724
973
991
875
1446
2650
1993
2264
4290
6861
9050
8387
7456
5001
4327
5973
8027
9173
7053
4922
2898
2110
2122
2791
4440
4008
1753
-609
-1169
-1160
-1593
-1044
290
941
-680
-2445
-3328
-2326
-1033
26
481
-133
-729
-1712
-1877
-1752
-1074
-617
-689
-1475
-2844
-3400
-3220
-3771
-4519
-4343
-3146
-3741
-5389
-7198
-7658
-6971
-5974
-4246
-1723
1084
-863
-4103
-6996
-4339
869
4261
5221
5638
6894
5557
1750
-1931
561
8487
14883
13429
4061
-3789
-5863
-2863
2318
4861
4369
-504
-6718
-11338
-11454
-7688
-3811
-3302
-5599
-7413
-8709
-9628
-9843
-8380
-3693
312
1178
-1359
-2737
-1235
839
2514
5363
8721
9203
6128
3511
3592
5964
7534
7505
6627
5477
3368
962
58
387
1355
1197
568
-1143
-3497
-4728
-4634
-4073
-2965
-2169
-2316
-3582
-4987
-4886
-3455
-1592
118
659
1134
1553
1573
1405
2748
5325
7588
7693
6830
5417
4244
4860
6760
8736
8751
6893
4502
2384
2110
2943
3970
4136
3460
2045
151
-929
-1064
-206
793
1061
546
-604
-1412
-1502
-1108
106
760
417
-262
-1219
-1941
-2401
-1801
-1332
-2294
-3822
-4592
-4266
-5267
-6531
-6390
-6142
-6187
-7524
-9131
-9155
-8692
-7183
-5867
-2806
-359
-1000
-4621
-7610
-4719
315
5568
6243
5565
6157
5280
4183
496
1717
7177
12376
11819
3940
-3223
-6381
-3544
30
1513
590
-3828
-8775
-13124
-12377
-8564
-5381
-5024
-7444
-9360
-10289
-9538
-8216
-5917
-2097
1105
2220
769
282
2525
5076
6680
8172
10244
11107
9465
7046
6343
8082
9918
9773
8364
6861
4812
2498
915
1189
2100
1990
984
-1198
-3352
-4529
-3330
-1961
-259
19
-628
-1789
-2257
-1249
935
3521
3980
3236
2617
3919
4722
4925
5568
7489
8526
7553
5838
4133
4807
6402
7144
6015
3531
2651
1879
1792
1726
1700
1456
1011
416
-576
-725
-511
-59
215
862
1325
672
61
-88
422
1442
2165
2128
1435
1100
588
-248
-1110
-1154
-1358
-1922
-3001
-4909
-6926
-7706
-7715
-7919
-8155
-8766
-9846
-11982
-12908
-11568
-8798
-4983
-1212
-2279
-5941
-8659
-5740
99
5482
7217
7352
7231
6392
3942
940
3605
9615
14524
13112
4864
-3551
-6637
-3227
1453
2204
-578
-5348
-10129
-14847
-14763
-11716
-7929
-7099
-8989
-10819
-11826
-11372
-10634
-8403
-3615
725
2400
733
235
1515
4506
7469
10219
12260
12378
10425
7594
6236
7345
9482
10187
9128
6889
3905
1468
-280
-665
29
425
102
-1799
-5043
-7470
-7714
-5996
-3281
-1898
-2354
-3866
-4490
-4518
-2163
824
3760
4397
3808
3704
4164
5202
6360
9002
9928
9435
7525
6314
7222
7618
8139
6510
5139
4351
3287
2841
2128
1503
898
1143
596
51
-753
-1152
-1169
-1171
-348
535
578
-151
-643
8
1406
2400
1713
904
757
872
730
645
578
-342
-1747
-2755
-3081
-3680
-4645
-5882
-7837
-8738
-9765
-10280
-10945
-11221
-10652
-9582
-5645
-4512
-6188
-10124
-9429
-4161
968
3973
4275
5766
5512
4164
966
1008
7242
13546
15470
8959
548
-4696
-4277
786
3345
2590
-2048
-7054
-12512
-15193
-13074
-9535
-7482
-9356
-12037
-13532
-13540
-12459
-11568
-8660
-4323
-1214
-884
-1239
-73
1467
3215
6353
10771
13092
11444
8278
7012
7682
9184
10495
10969
10033
6819
2917
591
390
736
409
73
-1318
-3817
-6901
-7744
-6412
-4605
-3324
-3770
-4387
-4574
-4195
-3197
-2248
-469
1579
3685
4268
3864
3896
5301
7695
8737
8720
8430
8897
8972
8288
7361
6579
6214
5441
4752
4353
3789
2726
1361
1042
973
492
-160
-475
-412
-146
-37
-307
-24
397
739
709
1045
1756
2033
1889
1788
1882
1819
1914
1553
710
-264
-630
-1043
-1483
-2178
-3420
-4128
-5012
-6258
-7566
-7869
-6954
-6053
-3592
-2055
-3531
-7680
-9750
-5880
289
4268
3662
3198
2879
2939
1001
-43
4003
10329
13753
9243
940
-4445
-4705
-396
2949
2631
-1116
-5914
-10785
-13900
-13114
-9521
-6652
-7482
-10364
-12715
-13010
-12384
-11600
-9219
-5003
-1551
-1171
-2196
-1395
966
3126
5221
8196
10508
10505
8460
7367
7897
9881
10968
10962
10255
8470
5589
3466
3174
3553
3332
2006
125
-2232
-4786
-5327
-4253
-3490
-3134
-3864
-4526
-4786
-5179
-4996
-3773
-1310
865
1709
999
686
1374
3698
6319
7114
7589
8145
8846
8779
8072
7552
7306
7082
6602
5878
5157
4116
2471
1176
1087
1450
936
-727
-2556
-3376
-2356
-1062
-536
-933
-1329
-1386
-1536
-907
351
1086
1012
780
207
-212
-345
-479
-278
-199
-704
-1915
-3037
-3269
-3569
-4656
-5818
-6310
-6763
-7388
-7349
-6410
-2370
68
-1812
-6902
-9515
-5747
444
4325
4372
4950
4945
4338
892
-1804
1765
8793
14202
11562
2752
-4352
-6721
-3007
1689
3537
1243
-3963
-10312
-14726
-13681
-9469
-6445
-7598
-10913
-12501
-12726
-12471
-11927
-10348
-6556
-2885
-1796
-2309
-1804
-451
1155
3737
7087
10195
10441
8342
6362
5926
7298
8814
9195
8966
7863
5061
2153
226
126
699
1292
687
-1450
-4335
-6107
-6043
-5238
-3430
-2522
-2917
-3794
-4915
-5248
-4100
-1457
1117
2011
1413
1326
1387
1643
3234
5459
7103
7374
6818
6201
5872
5654
5191
5173
6191
6496
4480
1636
257
323
779
1248
1275
365
-817
-2140
-3048
-2822
-1819
-273
192
59
-404
-927
-1138
-824
-456
-19
1111
1002
-730
-2547
-3314
-3076
-3286
-3039
-2890
-3801
-5618
-7698
-8121
-7577
-6894
-6971
-6524
-3559
-71
-902
-5032
-8007
-5075
1068
5627
6034
6729
7075
6304
3214
-70
2934
10187
16209
14616
5766
-1977
-5142
-2212
2479
4869
3484
-1983
-9007
-14476
-13976
-9565
-5474
-5641
-8961
-11778
-13091
-12692
-11139
-8889
-5392
-2936
-1977
-2329
-1688
424
2579
4530
7544
10702
11740
9797
7602
6957
8632
10310
10826
10017
8218
5521
2868
1911
2336
2214
1278
-309
-1878
-3721
-5062
-5686
-5395
-4437
-4044
-3975
-4192
-4610
-5196
-4856
-3186
-848
639
845
1412
2209
2136
2239
3231
5609
7673
8715
8436
7300
6624
6387
6608
7496
8027
7285
5065
3075
2230
2646
3410
3360
2338
903
-24
-730
-853
-346
415
824
781
997
827
521
244
500
987
1485
1677
938
-205
-1621
-2045
-1886
-1598
-1547
-2563
-4005
-5598
-6980
-7202
-6252
-4496
-3329
-1120
-518
-2547
-6452
-7557
-2847
2927
5962
5443
5175
5917
5419
2376
16
4133
11467
15525
11851
3036
-3253
-4756
-764
3549
5008
2050
-4561
-11628
-15340
-13065
-8126
-5495
-7085
-10901
-13363
-14433
-14106
-12793
-9706
-5056
-2170
-2730
-3861
-2783
268
3154
6270
9974
12807
12180
9348
7845
9411
12310
14211
13679
11705
9119
6011
4099
3809
4968
4988
3738
1525
-1209
-3680
-4652
-4282
-3624
-3200
-3608
-4384
-5944
-7387
-7158
-5480
-2851
-1007
-952
-1635
-1826
-965
271
1853
3499
4464
5381
6369
6647
6111
5955
6875
8005
8202
8013
6773
5046
3186
2444
3643
4868
4643
2084
-777
-1867
-1778
-663
394
505
-909
-2684
-3366
-2724
-1149
-105
-89
-704
-1754
-2310
-2306
-1886
-2117
-2820
-3375
-3623
-4311
-5498
-6373
-7281
-7918
-7993
-6602
-4729
-1776
-467
-3080
-7446
-9181
-5207
876
5198
5488
5408
5568
4666
2051
-45
4317
11295
15625
12345
3512
-2976
-4711
-591
3630
5043
2564
-3164
-9891
-14476
-13410
-8624
-4837
-5943
-10491
-13700
-14104
-13177
-12133
-10172
-6821
-4058
-3626
-4174
-3421
-990
749
2457
5924
10183
11761
9541
7262
7459
9633
11760
12456
12189
10152
7131
4492
3638
4269
4950
5020
3389
754
-2248
-3558
-2645
-1145
-430
-1620
-2745
-3724
-4827
-4643
-3652
-1740
-532
-233
-841
-1773
-1585
-390
1812
3135
3633
3196
2656
3422
4279
5297
6029
6765
6651
6040
5503
5317
5143
4668
4830
4923
4696
4099
2653
1099
479
912
1971
2458
2067
957
-610
-1185
-636
229
746
607
-564
-1746
-2093
-2018
-2136
-2681
-2946
-3344
-4154
-5065
-5760
-6939
-7793
-8454
-8190
-6620
-3325
3
-861
-5053
-9011
-7233
-1128
4575
5868
5528
6506
6368
3582
-720
796
8907
16420
16332
7056
-2043
-5669
-2904
1970
4963
4710
-127
-7536
-14433
-15424
-10863
-5724
-5044
-8950
-12430
-13521
-13310
-12978
-11475
-8124
-4326
-3055
-3957
-3756
-1458
645
1596
3851
8323
11804
10953
7512
5798
7172
9690
10844
11106
10447
8218
5788
3761
3611
4347
4554
3900
2611
799
-1070
-1549
-1179
-654
-765
-948
-670
-1552
-2822
-3526
-2483
-633
920
1388
658
-561
-1456
-476
1467
3249
3934
3166
2693
2404
2482
3168
4035
5008
5198
4914
4392
3701
3072
3022
3367
4091
4292
3905
2501
1011
940
1957
3389
3373
2283
1415
1021
1303
1218
1689
1798
1309
396
-286
-293
-398
-1257
-2263
-2423
-2850
-3422
-4242
-5448
-6460
-8083
-8572
-7767
-4136
-156
-526
-5079
-10509
-9420
-3913
2299
4686
4954
5107
3424
470
-3558
-1131
7580
15207
14886
5327
-3897
-7422
-3774
1835
4828
4094
-1170
-8476
-15440
-16840
-12089
-6820
-6347
-11056
-15333
-17348
-17429
-16952
-15319
-11663
-8723
-8293
-9353
-9058
-6286
-3606
-2293
-155
3672
6995
6653
4375
3158
4288
7080
8818
9240
7904
5611
3398
1634
1978
2531
2793
1843
99
-1442
-2308
-1520
-965
-1109
-2042
-2675
-2133
-1962
-2120
-2388
-1844
-983
-137
308
646
1081
649
603
888
1710
2933
4134
4660
3974
2793
2470
3542
4447
4409
4180
3489
2797
2239
2388
2815
2758
1540
608
638
905
873
613
881
1178
1237
911
848
1119
1299
1250
1246
1513
1562
1175
922
675
71
-936
-1378
-1788
-2270
-2687
-3116
-4141
-5811
-6318
-4510
97
2524
570
-4738
-7516
-4837
293
4168
5870
7881
7649
4666
-717
-2883
2894
12075
17943
13350
3302
-4638
-6107
-1073
4817
7880
5181
-1291
-9172
-14030
-12525
-6946
-2677
-4366
-9193
-12678
-13520
-13578
-13550
-11756
-8592
-5930
-5815
-6613
-6092
-4361
-3463
-2593
630
5389
7493
5739
3431
2411
3905
6080
7744
8784
7333
3960
137
-872
570
2854
3473
1926
-647
-3701
-4391
-2922
-1235
-514
-1099
-1822
-2058
-2174
-1956
-1163
233
1340
1001
404
643
1535
1580
703
422
622
1745
2932
3320
2946
1931
1339
1751
2890
4391
4759
3462
2186
2008
2997
4148
4223
2970
1787
1381
1601
1988
1748
1681
959
388
470
958
1237
923
747
344
426
196
329
-231
-1293
-1922
-2014
-2068
-2981
-4230
-4713
-4169
-3767
-4069
-3208
460
2027
-441
-5340
-6011
-1428
4369
6831
6690
7449
7529
5310
691
-20
6047
13904
16731
10422
1065
-5148
-4992
-428
3699
5288
2678
-3382
-10664
-14736
-12435
-6709
-3281
-5194
-9447
-12056
-12362
-12384
-11727
-9026
-5446
-3948
-5317
-6170
-4688
-2232
-1164
-418
2071
5367
6407
5016
3442
3103
4077
5397
6967
7586
5744
2582
-659
-1646
-496
1125
1632
-130
-2622
-4861
-4640
-3402
-2599
-2567
-2714
-2275
-2176
-2085
-1685
-583
407
752
508
1059
2354
3470
3396
2028
959
1064
2172
3318
3569
2851
1711
713
782
1801
2654
2881
1729
599
581
1333
2266
2181
1582
577
-46
-185
-35
635
838
512
-598
-1341
-1145
-569
-619
-1835
-2136
-1645
-1315
-1412
-1775
-2537
-3558
-4814
-5135
-4729
-4266
-4866
-5336
-5134
-2586
638
1185
-1099
-4861
-4403
-294
4415
5964
6430
7869
8344
6030
845
405
6411
14925
17325
10198
1403
-3627
-2201
1684
4260
4407
1605
-3268
-9377
-12631
-10635
-6195
-4233
-6782
-10213
-11231
-11021
-11192
-11265
-9428
-5927
-3941
-4254
-5052
-3822
-1571
-304
488
2856
6081
6617
4956
3261
3666
5712
6796
7239
6709
5631
3864
1506
61
87
1114
1532
771
-1583
-3947
-4735
-3916
-2438
-1688
-1759
-2321
-3411
-3999
-3473
-1088
1170
1812
1221
638
1546
2381
2838
3060
3712
4336
4303
3653
3030
2511
2456
3189
3928
4183
3877
3349
2318
1538
1684
2693
3584
3205
2072
827
451
739
1105
1291
1818
1700
231
-1157
-1407
-531
68
-478
-1682
-2325
-1889
-1494
-1970
-2440
-2164
-2016
-2911
-4259
-5341
-6113
-6077
-4943
-1249
2921
3278
-1144
-7450
-8119
-2248
5366
8647
8767
8314
6425
2921
-1513
-273
7794
16833
19089
10380
-511
-6155
-4190
1946
6601
7098
2846
-4118
-11081
-13613
-10489
-4490
-1456
-4768
-10345
-13124
-12594
-11324
-10463
-8757
-5749
-4166
-4511
-5586
-4873
-2679
-1078
-32
2254
5782
6599
4714
1899
1094
3047
5830
8434
8702
6258
2398
-713
-1474
-178
1900
2775
1147
-2091
-4852
-5388
-3970
-2479
-1940
-2059
-2319
-2655
-3285
-3659
-2943
-1145
844
2228
2513
1800
1483
1422
2385
3614
4653
5583
5418
4143
2277
1613
2403
4151
5416
5171
3734
1726
874
1084
2507
3887
4448
3688
1709
454
688
2199
3413
3786
3423
2817
1778
606
225
1113
2080
1666
538
-972
-1817
-1883
-1905
-1432
-1661
-2351
-3170
-4484
-5695
-7117
-6841
-5386
-2032
1756
2668
-580
-6465
-8064
-3893
3726
8113
9019
8721
7428
4472
-987
-1779
5084
15726
19968
12284
571
-6908
-5292
620
5151
6067
3623
-1818
-8930
-13797
-12469
-6209
-1986
-3791
-8801
-11508
-11340
-10671
-10854
-9967
-6647
-3999
-3388
-4490
-4538
-3350
-2471
-1505
526
4149
5927
4769
1773
332
1440
3037
4644
4992
4397
2959
727
-1138
-1728
-668
927
1157
-586
-2320
-3452
-3471
-2959
-2871
-2692
-2038
-1462
-1466
-2211
-2691
-2178
-1519
-643
626
1840
2226
1250
-16
-469
525
2710
4604
4828
3254
1546
695
1244
2731
4317
4871
3767
1698
629
1384
2990
4130
3763
2685
1911
1396
1546
2236
2982
3312
2750
1477
602
410
561
1105
1422
1089
335
-409
-630
-912
-1222
-921
-903
-1500
-2879
-4038
-5046
-5648
-5748
-5268
-921
3329
3418
-2855
-8457
-6901
-470
4831
5993
7670
9549
9749
3703
-3784
-2896
7296
19889
20892
10681
-934
-6114
-2447
3666
8193
8877
6084
-658
-8882
-13153
-9931
-2740
493
-2796
-7189
-9217
-9988
-11246
-12510
-10042
-5474
-2325
-2777
-4876
-5766
-5386
-4282
-2483
1468
4961
5821
3775
444
-170
877
3389
5797
6150
5093
2255
-515
-2479
-2574
-524
2187
2263
-794
-4073
-5689
-4952
-3666
-2658
-2353
-2191
-2006
-2776
-3932
-4127
-3616
-2514
-946
479
1283
415
-1133
-2150
-1927
-212
2484
4475
4113
2110
-232
-820
541
2910
4535
3546
1097
-409
-9
1328
2224
2463
2120
1346
569
63
709
1536
1548
486
-186
339
921
568
-263
-594
-170
-13
-159
-368
-834
-1359
-1231
-890
-1157
-2129
-2885
-3121
-3962
-5656
-7003
-6599
-1679
3592
4429
-1601
-8619
-8982
-3499
2910
5787
7642
8952
9057
3821
-4178
-5579
3838
18793
23460
14765
787
-7296
-4426
2961
9446
11238
8874
2614
-6363
-12566
-10810
-2512
3747
2085
-4082
-9020
-10703
-10737
-10291
-7688
-4024
-1501
-1999
-4411
-5314
-4608
-3268
-2018
931
4656
7161
6367
2830
533
67
2948
6844
8560
7077
3437
582
-1128
-1185
256
2717
3693
1938
-1741
-4794
-5217
-3576
-1330
-584
-627
-958
-2158
-3678
-4415
-3493
-1539
691
2236
2485
700
-1294
-1940
-914
1440
4331
6423
5501
2013
-845
-673
2149
5223
5816
4200
2062
685
1020
1710
2743
3503
3621
2810
1140
664
774
1483
1423
904
608
892
1254
-12
-1423
-1956
-970
-83
-89
-608
-1445
-2281
-3168
-3621
-3504
-3367
-3139
-4044
-6015
-8811
-7801
-2288
2421
1701
-5372
-10027
-8454
-2603
1080
2459
4835
7887
7604
-94
-6764
-4992
6808
18348
17410
7200
-4038
-6719
-1877
4083
7166
6891
4492
-1165
-7931
-11525
-8781
-2110
1338
-1039
-5853
-9820
-10749
-10722
-9755
-7252
-4134
-1602
-2244
-3910
-5657
-5534
-3554
-92
3596
5401
5930
4084
2016
133
466
4222
8118
9179
5635
909
-1540
-1140
617
2118
2878
1981
-456
-3875
-5556
-4666
-1927
59
-515
-1954
-3040
-3085
-3097
-3312
-2487
-602
1485
1978
313
-1413
-1444
162
1882
2512
3138
3739
3644
2377
958
1018
2498
4147
4242
2942
1594
1272
1442
1192
1232
1967
2891
2664
1172
-39
-17
813
718
-274
-844
-152
850
418
-1479
-3135
-3131
-1628
-680
-988
-1908
-2705
-3628
-4251
-4838
-4985
-5000
-4380
-791
2032
2121
-3254
-7974
-7223
-1838
3206
3676
3627
4645
5927
2218
-3868
-4334
3704
15881
18317
8588
-5076
-9692
-2168
7699
10491
5660
-714
-4238
-5907
-7075
-5877
-2051
952
-1135
-6545
-10125
-8709
-6192
-5656
-6688
-7197
-5308
-3265
-2616
-3602
-4864
-4108
-1510
2005
4032
4600
3552
2153
1272
1060
3265
6231
8102
6411
2611
-107
-486
986
2679
3532
2393
315
-2093
-3666
-3555
-2365
-1092
-967
-1924
-3215
-3276
-2742
-2926
-3574
-3909
-2158
255
1225
-121
-2337
-2984
-1395
1045
3150
3913
2814
1022
-210
766
2890
4716
4805
3037
866
617
2150
3504
3757
2601
1744
1444
1587
2056
2002
1682
1323
1258
1307
1109
632
-10
-10
714
1112
114
-1412
-2149
-1611
-864
-349
-418
-847
-1610
-3117
-4404
-5390
-3222
1890
6098
4980
-1958
-7163
-6660
-596
4484
6477
6883
7527
6573
138
-5838
-4630
6884
19003
19653
8746
-4882
-9011
-3141
5452
9285
7379
2613
-2516
-6930
-9129
-7043
-1612
2412
1232
-4000
-9219
-9820
-7172
-4164
-3148
-3943
-3760
-2624
-1555
-2411
-3255
-3143
-613
2604
3968
4063
2905
2645
1391
615
1698
4844
7988
6798
2646
-1769
-2324
509
3603
4523
2069
-805
-2887
-3198
-2336
-856
-77
-560
-1955
-3110
-3180
-2537
-2069
-2671
-3604
-2804
-663
463
-92
-2031
-3264
-2526
-614
1330
2476
2472
1309
-422
-985
647
3430
5097
4123
1073
-892
159
2476
3830
3522
2351
1468
1140
950
1525
2518
3018
2317
728
-145
527
1072
580
-161
-235
195
110
-763
-2186
-3076
-2722
-2122
-2060
-2139
-2755
-4592
-4210
-1253
3005
3510
-738
-4644
-4022
249
3423
5082
5961
7620
6750
1246
-4497
-3701
6710
16719
17131
6724
-5654
-8887
-2428
6429
8918
4932
-705
-4449
-6229
-7046
-5883
-2983
-580
-492
-3848
-7952
-9344
-7301
-3457
-1736
-2235
-2843
-2015
-811
-1217
-2698
-2825
517
4396
5622
3395
678
452
1564
3149
3690
4184
4548
4068
2086
-785
-1845
-382
2581
3789
2174
-839
-2994
-3338
-2256
-615
176
259
-795
-1988
-3162
-3876
-3296
-1863
-228
688
121
-1567
-2958
-3024
-1612
126
896
997
188
-971
-1652
-1431
-10
1878
2901
2056
32
-1189
-573
830
1483
1764
1861
1823
830
-578
-838
188
1747
2191
1734
831
148
-464
-852
-548
-101
242
136
-343
-1278
-2379
-3320
-3323
-2330
-1346
-1029
-1736
-3979
-4692
-2226
2585
4833
2025
-2560
-4738
-2174
2121
6462
8589
9252
7791
2854
-2670
-4364
2712
13097
17906
12148
-696
-9123
-7234
1757
8690
7891
2283
-3557
-6456
-7167
-6259
-3982
-1683
-291
-1510
-5325
-9181
-9586
-6008
-1708
72
-774
-2018
-1752
-869
-625
-1480
-656
2512
6263
7536
4823
1360
-568
695
3729
6588
7635
6603
3808
342
-1844
-1341
1882
4967
5257
2160
-1947
-4061
-2780
139
1879
1417
-401
-1835
-2147
-2123
-2346
-2794
-2736
-1084
550
803
-1137
-4015
-4858
-2979
75
2016
1899
331
-1636
-2857
-2673
-663
2571
5270
4716
1205
-2225
-2483
467
3699
5220
4435
2588
604
-497
-516
418
1843
2823
2443
1090
-98
-1278
-1800
-2178
-1558
-248
949
847
-1125
-3705
-4766
-4097
-2258
-174
221
-867
-3688
-4791
-2421
2241
5197
3563
-300
-3136
-2177
808
4667
7738
9516
8824
4494
-903
-3785
416
8985
15006
12598
2933
-5842
-7529
-2115
4771
6923
3552
-1610
-4911
-5204
-4397
-3779
-3448
-2456
-1633
-2502
-5213
-7480
-6796
-3891
-1287
-757
-1266
-1392
-723
-389
-893
-1008
444
3443
5932
5976
3528
678
31
1723
4724
6713
6482
4252
1936
779
691
1092
1710
2879
3220
2133
-233
-2096
-2013
-367
732
-80
-1609
-2536
-1996
-1537
-1839
-2701
-3252
-2565
-1142
-356
-1057
-2375
-3459
-3144
-1449
592
1438
441
-984
-1784
-1473
62
2189
3151
2449
685
-621
-503
900
2864
3402
2813
1215
411
814
1487
1712
1249
1406
1463
1047
339
-623
-1418
-1863
-1714
-607
664
685
-762
-2682
-3156
-2017
-421
189
-316
-1253
-2005
-2503
-1911
242
2686
3522
1733
-1069
-2135
-566
2165
4494
5434
5576
4626
2217
-469
-1776
239
5156
9239
8949
3460
-3404
-6315
-3407
2061
5095
4047
280
-3546
-5313
-5176
-4438
-3691
-2910
-1800
-1960
-3910
-6500
-7087
-5242
-2688
-1776
-2319
-2685
-2212
-1542
-1376
-1044
-483
854
2439
3589
3576
2283
1200
1387
2507
4066
4757
4514
3375
1911
1134
1071
1838
2990
3457
3014
2100
1037
164
-240
-376
-162
226
502
526
236
-193
-828
-1390
-1731
-992
571
1245
304
-1826
-3215
-2306
-52
1569
1864
1094
359
-104
-96
464
1520
2488
2716
2448
1579
871
388
484
1511
2511
2816
2208
1310
843
678
923
1094
981
365
-174
-518
-840
-1160
-1175
-463
338
337
-535
-1523
-2001
-1389
-763
-281
-10
123
-144
-773
-1759
-1940
-780
1748
3527
2927
654
-1632
-1912
-368
2032
3762
3932
2582
558
-1374
-1850
-110
3176
5184
4104
1042
-2185
-2998
-1812
412
2265
1880
-277
-3152
-4826
-4298
-2858
-1626
-1395
-1340
-1681
-2497
-3682
-4942
-4752
-3608
-1983
-1280
-1545
-2213
-2434
-2016
-1751
-1074
-136
1374
2369
2025
801
-485
-854
25
1599
3046
3642
3151
1454
-113
-373
836
2859
3945
3128
983
-644
-949
3
1169
1731
1604
735
-237
-1011
-1055
-470
811
1553
488
-1327
-2130
-1182
399
1107
940
577
205
-73
70
876
2134
2941
2429
1245
425
520
1347
2039
2280
1954
1547
1507
1566
1277
1086
1419
1665
1524
674
-97
-377
-598
-390
3
975
1408
572
-1223
-1985
-1209
289
1289
760
51
-147
172
403
52
115
682
1525
2149
1787
602
-474
-643
-104
678
1034
845
61
-1100
-2129
-2511
-1705
-18
1002
439
-1391
-2774
-3061
-2255
-829
-271
-541
-1180
-1812
-2459
-2503
-1703
-496
295
-228
-1368
-2123
-1706
-580
-337
-778
-1489
-1795
-1299
-1060
-1418
-2235
-2446
-1709
-797
-516
-999
-1273
-1099
-838
-735
-928
-1205
-1288
-842
-27
745
196
-1003
-1822
-1488
-286
630
502
-417
-1132
-1386
-1356
-1226
-941
-823
-312
-76
-201
-623
-1191
-1148
-830
-626
-476
-501
87
479
287
-469
-753
195
1548
2176
1556
495
8
631
1471
2105
1722
955
699
1241
1898
1832
1332
659
-73
46
691
1309
1602
1113
407
187
375
657
551
150
406
844
784
443
596
814
891
1048
1301
1852
1987
1469
969
912
1470
2226
2414
2400
2092
1354
601
535
1438
2399
2515
1810
717
-166
147
1227
1967
1658
215
-902
-947
-462
-120
-583
-1219
-1470
-1221
-866
-445
-265
-1005
-2086
-2851
-2601
-1005
864
1689
632
-1507
-2737
-2007
-365
739
525
-293
-993
-1678
-1766
-1432
-626
59
33
-777
-2038
-2729
-2519
-2036
-1358
-1112
-1331
-1511
-1829
-2255
-2784
-2574
-1790
-1193
-1135
-1669
-2401
-2781
-2608
-2283
-1726
-1426
-1034
-815
-1489
-2071
-2314
-1573
-609
470
1010
785
-1
-984
-1081
-228
1054
1892
1596
328
-797
-594
407
1372
1504
737
132
-121
93
-186
-462
-176
92
-351
-1239
-1785
-1216
29
435
-31
-1139
-1612
-1355
-699
-95
287
353
-227
-978
-1116
-686
168
579
706
801
1118
1287
1007
984
1102
1367
1536
2056
2253
1926
1165
263
423
1096
1575
1596
991
540
501
329
-302
-904
-1079
-668
-361
-750
-1630
-2716
-3484
-3419
-2566
-1495
-926
-1363
-2506
-3687
-3485
-2032
-286
872
644
-592
-1842
-1863
-1045
-20
591
339
-305
-750
-669
-473
-469
-326
-420
-570
-591
-813
-1024
-1063
-1068
-1325
-1769
-1853
-1254
-545
-198
-976
-2086
-2625
-2019
-934
-251
-275
-889
-1703
-2137
-1964
-1065
290
1061
613
-677
-1659
-1522
-228
949
1621
1079
333
-26
273
818
1144
1651
1886
1541
787
690
883
1400
1565
1304
1071
1209
1906
2237
1538
635
248
183
349
620
831
839
275
-590
-1435
-1085
-80
599
193
-862
-1473
-1495
-831
-75
602
1193
1051
701
629
1077
1623
1953
1939
1300
1197
1669
2486
2844
2570
2005
1671
1601
1741
1794
1442
1338
1154
838
440
91
-451
-1044
-1485
-1503
-1438
-1692
-2131
-2449
-2465
-2258
-1793
-1585
-1504
-1857
-2076
-1725
-933
-237
80
98
72
-129
-293
34
539
973
708
260
117
226
416
347
290
228
138
329
494
327
14
-427
-938
-1205
-920
-263
-14
-131
-872
-1661
-1752
-1515
-1292
-1111
-886
-1096
-1577
-2082
-2119
-1431
-505
-83
-605
-1254
-1493
-1202
-658
-77
407
895
1142
817
291
-194
-345
45
756
1432
1734
1501
1222
732
579
643
645
919
1062
874
314
-675
-1305
-899
54
995
1020
58
-1353
-2602
-2819
-2194
-1099
-161
-341
-1092
-1819
-2082
-1419
-176
797
1030
606
-195
-226
352
1457
2112
2115
2010
1854
1776
1494
1770
2351
2840
2939
2611
2429
2337
2479
2436
2334
2004
1594
1282
674
166
-202
-307
-171
-253
-513
-948
-1250
-1372
-1600
-1844
-1654
-1204
-1192
-1537
-1793
-1846
-1447
-1278
-1116
-950
-782
-631
-731
-524
-517
-525
-297
-184
-78
-229
-373
26
573
1098
931
776
349
68
104
171
350
132
-260
-739
-843
-872
-1238
-1358
-1372
-948
-1086
-1393
-2006
-2431
-2147
-1531
-818
-995
-1086
-1209
-987
-576
-85
687
1568
2023
1830
1589
1421
1175
701
839
1110
1959
2659
2348
1447
386
-147
348
1701
2712
2632
1705
555
-94
127
949
1436
1131
105
-858
-1481
-1873
-1622
-1318
-802
-571
-976
-1575
-1683
-1242
-495
70
544
808
589
49
-221
162
1328
2491
2992
2901
2149
1578
1713
2261
3020
3641
3537
2685
1996
1663
2103
2750
3084
2994
2522
1673
954
355
16
202
-2
-240
-310
-72
-73
-673
-1394
-1807
-1532
-942
-733
-1012
-1724
-2103
-1986
-1888
-1382
-821
-770
-1153
-1330
-999
-486
-171
-136
-275
-94
396
493
321
-80
-540
-828
-961
-558
8
391
-8
-1094
-2052
-2135
-1010
-126
-357
-1397
-2280
-2634
-2328
-1744
-1477
-1380
-1363
-1824
-2229
-2529
-2356
-1639
-945
-728
-1141
-1408
-1106
-360
486
816
503
196
24
74
611
1468
2219
2709
2301
1541
1180
1400
1853
2293
2571
2573
2316
1796
1353
936
467
204
362
340
58
-782
-1692
-2099
-1929
-1454
-1386
-1610
-1992
-1877
-1565
-1330
-1126
-969
-670
-265
144
113
209
380
732
931
1126
1569
1994
2203
2109
1974
2183
2723
3014
2807
1903
1171
906
1142
1493
1499
1315
548
-168
-784
-836
-792
-760
-1098
-1685
-2125
-2652
-2577
-2202
-1717
-1585
-1661
-1964
-2221
-2065
-1509
-831
-847
-1130
-1421
-1215
-533
188
559
494
583
627
633
737
1010
1230
1214
881
766
735
913
947
710
241
-110
-350
-379
-19
-198
-526
-1015
-1332
-1317
-1573
-1905
-2341
-2243
-2197
-2416
-2417
-2535
-2507
-2108
-1733
-1343
-1247
-1394
-1280
-955
-712
-752
-1005
-777
-392
-280
30
602
1103
