4003
3952
3787
3958
3615
3169
2606
1770
847
-58
-599
-501
-381
-388
-118
74
566
994
1516
2302
2964
3541
3845
3942
4057
4258
4313
4168
3978
3520
3234
2818
2725
2638
2414
2251
1776
1455
1207
1191
1178
1070
617
138
-254
-517
-736
-874
-720
-557
-463
-475
-272
-240
10
150
17
-77
-13
7
-210
-419
-814
-1207
-1733
-2455
-3274
-3773
-4236
-4975
-5425
-5940
-6382
-7021
-7418
-7913
-8417
-9054
-9050
-8236
-6515
-5298
-4228
-3371
-3035
-2663
-2584
-1514
-233
1268
2123
2594
2576
1898
1153
215
-116
-534
-1237
-2531
-3821
-4748
-5103
-4814
-4108
-3495
-3177
-2809
-2282
-1507
-382
749
1469
1570
1477
1436
1393
1266
893
412
-330
-932
-1324
-1253
-667
153
721
920
1119
1632
2433
2874
3272
3413
3388
3017
2832
3037
3046
3217
2978
2943
2787
2663
3075
3381
3818
3867
3377
3305
2563
2413
1676
984
360
-715
-1260
-2480
-2216
-2086
-1602
-897
-785
-218
237
1034
1798
2635
3379
3689
3663
3468
3319
3267
3090
2639
2095
1539
1038
825
960
1152
1043
826
559
418
478
383
469
459
266
-87
-372
-490
-379
41
161
144
222
205
478
704
715
846
504
-42
-618
-1169
-1656
-2125
-2625
-3295
-3849
-4534
-5220
-5501
-5993
-6461
-6882
-7384
-7761
-8215
-8153
-7552
-6318
-4617
-3670
-2987
-2717
-2401
-2093
-1811
-969
-124
1117
1570
1819
1315
374
-611
-1424
-1670
-2085
-2483
-3687
-4766
-5259
-4714
-3676
-2717
-1806
-1496
-1216
-995
-344
604
1519
1836
1444
1080
714
330
-302
-881
-1462
-2229
-2799
-3087
-2821
-2132
-1181
-301
368
1038
1647
2136
2588
3151
3495
3649
3628
3281
3327
3306
3568
3650
3701
3745
3513
3406
3368
3591
3222
2619
1813
956
96
-987
-1563
-2300
-2325
-2447
-2347
-1667
-1343
-271
295
1400
2429
3388
4301
4670
5060
4877
4893
4233
3714
3248
2403
1961
1213
1090
760
552
618
789
1198
1349
1358
1252
1171
1050
942
725
367
-155
-708
-1240
-1472
-1428
-1302
-1145
-1001
-554
-34
274
519
454
518
481
468
125
-292
-874
-1664
-2081
-2436
-2764
-3093
-3460
-3749
-3723
-3966
-4244
-4974
-5179
-5605
-6155
-7039
-8099
-7674
-6931
-5147
-4444
-3585
-3232
-3287
-3280
-3449
-1905
-694
1131
1957
2281
2033
977
-36
-1023
-1113
-1404
-1599
-2977
-4145
-4608
-3988
-2400
-1250
-299
-3
310
566
1288
2293
2909
2957
2091
1120
162
-713
-1259
-1942
-2661
-3206
-3812
-3738
-3037
-1427
379
1671
2845
3567
4321
5281
6224
7016
7285
6910
6079
5477
5494
5343
5011
4517
4251
4185
3935
3902
4302
4694
4410
3628
2945
2248
1908
1541
1168
920
880
762
840
1355
1808
2609
2985
3759
3890
3954
3905
3489
3450
2871
2744
2178
1813
1356
1193
1471
1669
2043
2029
2416
3009
3780
4275
4293
3989
3598
3010
2116
1651
948
138
-588
-1481
-2020
-1919
-1872
-1620
-1198
-820
-493
-663
-341
-304
-323
-678
-1172
-1499
-1951
-2048
-2439
-2531
-2670
-2857
-2938
-3128
-3374
-3496
-4017
-4524
-5004
-5686
-6840
-7926
-8559
-7685
-5795
-4550
-3793
-4054
-4063
-3848
-3600
-2257
-476
1071
2036
2374
2134
1296
23
-1219
-1893
-2138
-2136
-2822
-3998
-4929
-4948
-3961
-2616
-1730
-1420
-1545
-1693
-1251
-370
470
611
113
-828
-1312
-1731
-1950
-2451
-3235
-3585
-4009
-3850
-3231
-2260
-623
363
1231
1835
2473
3214
3294
3468
3680
3872
3671
3155
3146
3355
3441
3052
3206
3402
3275
3092
2892
3024
2601
2040
1130
503
-460
-1066
-769
-1130
-598
-956
-733
-12
570
2012
2472
3385
3664
4043
3762
2965
2491
1392
930
500
671
746
342
81
339
1014
1971
2804
2981
3420
3348
3576
3442
2771
2265
1064
81
-868
-1357
-1659
-2165
-2333
-2506
-2316
-1914
-1495
-1183
-527
-242
-244
-780
-1179
-1276
-1543
-1864
-2396
-2521
-2786
-2866
-2612
-2270
-1918
-1839
-1996
-2061
-2565
-2767
-3274
-4031
-4855
-6326
-7438
-8266
-7346
-5335
-3575
-2120
-1946
-1585
-1315
-917
123
1618
3320
4217
4590
4233
3222
1640
-114
-1004
-1261
-1166
-1812
-3032
-3942
-3860
-2622
-1344
-262
201
491
395
512
1179
1736
2197
1696
760
-133
-1058
-1716
-2465
-3105
-3665
-3943
-3612
-2992
-1677
-201
1334
2780
3593
4158
4674
4763
5078
5266
5303
5286
4640
4366
4177
4232
4029
4047
4155
3690
3366
3054
2903
2599
1881
990
825
420
283
-178
-144
314
308
992
1631
2672
3501
4190
4520
4420
3895
2805
1848
995
536
323
227
172
501
1302
2030
2785
3315
3829
4351
4732
5072
4967
4600
3738
2404
1352
284
-229
-790
-1476
-1787
-1974
-1661
-1376
-961
-551
-101
255
292
291
175
-105
-522
-812
-1157
-1329
-1467
-1380
-897
-735
-608
-836
-1011
-1457
-1996
-2734
-3562
-4387
-5532
-6748
-8290
-8808
-8711
-7056
-4396
-2447
-838
-970
-855
-1335
-1412
-416
705
2246
2493
2266
938
-583
-1959
-2782
-2716
-2481
-2140
-2762
-3636
-4042
-3457
-2475
-1373
-902
-1159
-1361
-1650
-1140
-542
117
601
-116
-886
-1571
-1717
-1845
-2552
-2872
-3178
-3398
-3218
-2530
-1112
246
1135
1546
1909
2411
2697
3242
3772
4100
4137
3911
4041
4752
5685
6275
5910
5727
5716
5448
5086
4612
4075
2946
1573
573
-159
-526
102
131
694
789
1215
1957
2367
3732
4231
4862
5158
5043
4518
3650
2629
1659
1194
710
970
1275
1861
2454
2828
3352
3727
3845
3701
3566
3066
2760
1888
784
-185
-1177
-1880
-2471
-2699
-3056
-3464
-3724
-3865
-3556
-3419
-3432
-3426
-3150
-2982
-3159
-3195
-3129
-3248
-3473
-3428
-3079
-2722
-2607
-2512
-2371
-2027
-1986
-2254
-2749
-3382
-4354
-5225
-5812
-6688
-7464
-8472
-8588
-6406
-3862
-1293
-112
269
691
-192
-322
-14
1280
2661
3238
2884
1968
624
-1269
-2144
-2360
-1327
-1039
-2258
-3865
-4939
-4323
-3025
-1413
-705
-723
-1376
-1689
-696
434
1673
1685
860
-35
-804
-1288
-2033
-2807
-3433
-3844
-4242
-4244
-3273
-1496
99
1149
1937
2155
2591
2728
3103
3623
4162
4460
4063
4147
4908
6196
6861
7031
7332
7030
6587
5942
5364
4823
3569
1700
210
-480
-651
-565
-411
920
1671
2834
3403
4278
5570
5733
6181
5574
5136
4083
3068
2194
1524
1385
771
1140
1549
2580
3370
3895
4488
4504
4689
4205
4063
3727
3458
2572
1604
1024
530
956
1031
1203
1422
978
529
66
-289
-365
-1031
-1847
-2546
-3042
-3446
-3359
-3111
-2801
-2398
-2223
-1994
-1431
-1068
-809
-791
-900
-1270
-2126
-3215
-4628
-5708
-6799
-7375
-8071
-8824
-9359
-9170
-6602
-3665
-1026
1
258
176
-596
-439
-82
1300
2458
2464
1591
468
-1059
-2526
-3106
-3071
-1664
-1510
-2561
-4138
-4492
-3345
-2134
-618
-218
-188
-815
-990
-315
471
1059
761
-425
-1476
-2431
-3091
-3603
-4556
-4846
-4812
-4491
-3778
-2558
-819
446
1178
1490
1547
1603
1060
559
205
185
563
627
1430
2770
4192
5337
6092
6705
6962
6666
5806
4881
3480
1767
-376
-1759
-2781
-2945
-2657
-1489
35
1260
3222
3752
5152
5650
6008
5880
5010
4282
2993
1909
725
521
319
1052
2181
3043
4135
4421
5061
4869
4669
4059
2921
2142
1135
662
125
64
8
14
639
1110
1558
1665
1419
385
-570
-1224
-2038
-2983
-3702
-4327
-4424
-4547
-4704
-4136
-3564
-2836
-2668
-2448
-1940
-1862
-1999
-2297
-2534
-2630
-3186
-3863
-5307
-5997
-6700
-7102
-7629
-8266
-8786
-8516
-5635
-3441
-949
-477
-367
-242
-994
-425
65
1705
2693
2914
2141
838
-567
-1895
-2587
-2818
-1828
-1699
-2434
-3739
-3674
-2517
-968
144
247
382
-205
-422
-146
232
537
-183
-1648
-2828
-3381
-3418
-3807
-4308
-4445
-3929
-2970
-1715
-315
1568
2791
2999
2722
2345
2244
1634
903
497
598
888
1454
2566
4290
5791
6514
6636
6852
6875
5966
4943
3748
2735
985
-512
-1396
-890
323
666
1866
2250
3818
4317
5093
6054
6254
6211
4766
3733
2332
1322
378
-105
410
1309
2962
3880
5010
6012
6651
6966
6570
5761
4420
3266
2150
1569
1342
1309
1429
1355
1849
2265
2780
3050
2982
2813
1758
676
-328
-1153
-1512
-1886
-2293
-2771
-3248
-3123
-2883
-2516
-1961
-1712
-1456
-1318
-1018
-678
-441
-505
-985
-1538
-2367
-3285
-4596
-6047
-7303
-8850
-10237
-11219
-10382
-7246
-4343
-1695
-1037
-396
-154
-498
160
1214
2920
3671
3138
1415
-178
-2005
-3356
-4240
-4196
-2647
-2643
-2980
-3746
-2954
-988
927
2179
2034
1883
644
620
983
1164
1140
26
-1469
-2786
-3415
-3399
-3733
-4552
-4434
-4020
-2810
-1396
177
2377
3238
3555
3014
2792
2423
1686
982
322
776
1040
1531
2473
3995
5552
6073
6174
6245
6005
4908
3330
2083
1006
-245
-1085
-1419
-1060
-92
498
1798
2607
3656
4783
5390
5998
6002
5559
4595
3481
2312
1529
1068
1028
1630
2092
3154
4019
5152
6020
5943
5715
5032
4375
3693
3317
2935
2668
2651
2434
2173
2218
2133
2157
2142
1952
1481
680
-142
-880
-1121
-1399
-1736
-2074
-2379
-2592
-3064
-3029
-2965
-3271
-3544
-3719
-3452
-3194
-3040
-2640
-2332
-2023
-1591
-1507
-2017
-3027
-4309
-5676
-6956
-8558
-9690
-11066
-9762
-6887
-4083
-613
-446
1137
897
803
1682
2174
3988
4311
3279
1406
-380
-2313
-3255
-4461
-3908
-2439
-2303
-2469
-3438
-2415
-797
1179
2228
2371
2234
1144
1230
1391
1763
1997
760
-1243
-2930
-3957
-4194
-4983
-5888
-5634
-4873
-3406
-2384
-557
1451
2649
3130
2461
2293
1805
1116
68
-291
345
813
995
1676
2986
4362
4801
4636
4580
4061
2768
1124
24
-838
-993
-1019
-862
-194
360
1393
2018
2974
4011
4726
5194
5107
4843
4219
3462
2366
1516
980
1068
1676
2083
2415
2937
3658
4413
4878
4837
4619
3828
3466
3453
3407
3769
4225
4277
4222
3799
3254
2977
2210
1695
1058
280
-471
-1308
-1683
-1525
-1471
-1396
-1550
-1670
-2165
-2504
-2780
-2938
-3365
-4063
-4225
-4007
-3538
-3169
-2632
-2334
-2128
-2082
-2871
-3431
-4687
-6405
-8492
-9979
-11245
-9943
-7134
-4666
-2080
-2151
-353
-601
-481
522
1942
4936
5683
5256
3095
1217
-1157
-2084
-2697
-2840
-2254
-3704
-4752
-6175
-5250
-3154
-1211
443
801
1389
1571
2163
2758
2967
2926
1610
-537
-2521
-3715
-4176
-4696
-5607
-5446
-4791
-3612
-2355
-344
2462
3925
4058
2728
1638
1147
655
436
-78
118
445
599
1667
3622
5629
6090
5446
4765
4288
3581
2229
795
373
-58
-212
-312
80
906
1248
1622
1919
2897
4100
4805
4986
5302
5224
4739
4210
3964
4275
4499
4521
4229
4103
3943
3361
3548
3457
3353
3114
2337
2364
2595
3492
4195
4570
4833
4521
4301
3841
3306
2926
2139
1339
749
160
-121
-297
-564
-1080
-1790
-2529
-3092
-3456
-3729
-4178
-4215
-4418
-4624
-4649
-4574
-3709
-3281
-2707
-2521
-2226
-2763
-3561
-4590
-5907
-7323
-8688
-10232
-9753
-6200
-3971
-601
-1523
-1102
-1726
-3198
-2644
-2472
1220
3817
5055
4294
3115
1428
170
-923
-1943
-492
-1684
-3290
-6500
-7900
-6168
-4290
-1905
-1225
-37
834
1829
3099
3183
3571
2599
-150
-2728
-4584
-4869
-5182
-5949
-5471
-4162
-2156
-843
-66
2294
3985
4753
3068
970
-52
-1024
-1147
-1349
-744
358
511
915
1775
3560
4905
4070
3001
1627
712
-286
-1435
-1519
-1739
-1279
-955
-1335
-576
-841
-675
-1080
-2000
-1663
-1276
-386
466
1265
2340
3161
3034
3226
3554
4118
4261
2935
1888
646
207
170
347
1371
1923
2494
2543
2755
4036
5036
5515
5345
4537
4068
3230
2737
2820
2878
3064
2552
2354
2446
2682
2835
2280
1100
-728
-2243
-3478
-3692
-3465
-3333
-3597
-3856
-3996
-3814
-3225
-2413
-1893
-2352
-2912
-3649
-4787
-5849
-7314
-8079
-8797
-8387
-5086
-2730
202
-425
-1053
-1984
-4558
-5099
-5486
-2545
1740
4158
4652
3932
2747
2552
1582
-6
373
-807
-2389
-5605
-7781
-6666
-4974
-2410
-1933
-916
576
1745
3208
2878
2876
2209
127
-2397
-4668
-4734
-4283
-5023
-4766
-3763
-1453
769
1685
3276
4459
5006
4061
2033
1248
919
1006
1125
938
1858
2370
2898
3569
4109
4593
3573
2280
1173
9
-179
-285
310
700
1264
1636
901
253
-1005
-1371
-1837
-2039
-1612
-1042
-346
-47
508
1136
2332
3039
3782
4068
4041
4297
3641
2674
1633
776
782
679
1062
1522
1730
2336
2178
2891
3207
3112
3234
2404
2439
2610
3028
3747
3816
3381
2791
2389
1982
2146
1888
1663
828
-134
-803
-1479
-1912
-2368
-3404
-4415
-4790
-4934
-4707
-4525
-3893
-3588
-3571
-4197
-5171
-5521
-6190
-6678
-7375
-7234
-2853
-346
2563
1602
76
-654
-4220
-5573
-7019
-4579
-788
2056
2215
1589
415
-145
286
-906
380
-37
-1142
-3718
-6503
-5636
-4001
-1300
-902
-1698
-1654
-1259
692
1508
1614
1621
-420
-2713
-4911
-5647
-4408
-4516
-4173
-3669
-2582
-537
879
3452
5171
6093
5793
4113
3337
2524
2848
3265
3107
3196
2446
1935
2132
2731
3876
4099
3679
3137
2343
1736
1647
2267
2566
2310
1707
1003
-25
-885
-1720
-1819
-1744
-1409
20
629
1593
1669
1391
1685
1511
1880
1970
2190
2862
3049
3015
2646
2616
2534
1865
1394
984
1015
692
495
188
367
708
1121
1404
878
831
799
1152
1243
1335
1354
1238
762
306
123
-241
-530
-1061
-1622
-1853
-1899
-1979
-2306
-3161
-3975
-4532
-5022
-5197
-5373
-5379
-5425
-5637
-6270
-6944
-7775
-8787
-9309
-8814
-4314
-834
2799
2614
1702
1167
-1564
-2752
-4529
-3447
-727
1176
1346
503
-995
-1868
-1863
-2898
-2019
-2211
-2469
-3468
-4821
-3720
-2379
320
1347
766
334
-15
1136
1348
728
348
-1556
-3427
-5270
-5894
-4327
-4570
-4279
-3467
-2042
457
1546
3341
4434
5258
5848
4760
4365
4185
4779
5719
5569
5043
4324
3270
3152
3098
3166
3487
3265
3352
3203
3470
4553
5713
5713
4445
3026
1292
-56
-1379
-1736
-1377
-710
466
1347
2005
2306
2459
2235
1797
1399
1482
1790
1763
2104
2395
2927
3445
3677
3741
3248
2838
2145
1343
845
241
87
155
162
682
649
704
720
273
-60
-463
-301
-289
-365
-215
-267
43
35
84
174
-542
-1332
-2090
-2327
-2068
-2269
-2929
-3679
-4435
-5075
-5480
-5170
-5256
-5415
-6183
-7446
-8936
-10053
-10673
-9046
-4348
-1102
1883
1200
1320
555
-2008
-3045
-3650
-1158
1988
2891
1841
-112
-2316
-2432
-3071
-3902
-3515
-4560
-4731
-5746
-5394
-3458
-1033
1862
2318
1685
852
596
1198
862
515
-66
-1593
-3091
-4711
-4733
-3535
-3829
-3887
-4302
-3743
-1680
365
2728
4274
5230
5635
5329
5027
5072
5043
5555
5070
4181
3140
2430
2601
2312
2683
2664
3297
3563
3306
4010
5165
5995
5635
4314
3103
1725
150
-369
-142
828
1877
2285
2322
2352
2051
2280
1907
1332
796
541
1742
2384
3217
3861
4255
4638
4170
3391
2905
2579
2389
1747
1433
1163
1190
1699
1808
2505
2662
2576
2098
1259
815
357
56
-249
-705
-781
-188
167
503
600
1128
1384
614
-445
-1289
-1533
-1756
-1985
-2792
-3212
-3340
-3776
-4379
-4607
-5287
-5782
-7411
-8428
-9311
-6487
-2297
1265
3021
1129
805
-1340
-2198
-2965
-2463
876
3724
4773
3093
732
-1172
-1466
-1979
-3336
-4174
-6023
-6784
-7164
-6504
-4362
-1870
300
1078
206
-472
-315
281
44
-38
-413
-1539
-2693
-3871
-3869
-3307
-3534
-4338
-5131
-5253
-4179
-1714
1006
3035
4429
4857
5254
5311
5253
5195
5312
5536
5140
4277
3419
3319
3536
2828
2884
2968
3222
3951
3763
5016
5231
5070
4803
3862
3886
3263
3236
3669
3700
3194
2344
2030
2577
3410
3455
3933
3796
3342
2639
2247
2954
3206
3358
3086
2823
2998
2727
2610
2748
2436
1799
1254
1233
1504
1783
1704
1597
1157
1183
1384
1534
1730
1495
1055
187
-585
-1428
-1798
-1899
-1719
-1372
-1335
-1033
-906
-1159
-1148
-1582
-1881
-2332
-2642
-2928
-2620
-3255
-3424
-4531
-5643
-6771
-8350
-9726
-9047
-4570
-590
3179
2642
1767
95
-2256
-2762
-2138
1387
5331
6026
4682
1885
-1090
-1149
-1579
-2384
-2444
-4657
-5232
-6118
-6176
-4356
-3500
-1397
-887
-1654
-2290
-2485
-694
356
708
447
-487
-1104
-2234
-3104
-3591
-4484
-4486
-4947
-5356
-4894
-3546
-1118
552
1151
1384
1455
2183
2751
2802
2850
3022
3618
4111
4468
4689
4546
3749
2295
1164
1203
1024
1179
1534
1616
2081
1745
2162
2643
2601
3035
2815
2605
1599
797
1279
2416
3496
3696
3731
3574
3523
3254
2910
3077
3095
2849
2392
1669
2092
2286
1916
1669
1444
1129
603
308
476
1240
1322
854
-18
-457
-432
-116
464
624
288
-305
-866
-955
-968
-938
-1744
-2564
-3177
-3285
-3183
-3230
-3326
-3637
-3591
-3784
-3316
-3076
-2975
-3196
-3442
-4230
-5091
-6732
-8007
-9475
-7245
-3408
-535
814
-707
-1091
-2534
-3757
-3159
-948
3830
7508
7740
5981
2799
94
-712
-2088
-2377
-2383
-3909
-4538
-5318
-4269
-2790
-1929
-645
-793
-1460
-2298
-2072
-175
1303
2482
2054
446
167
-624
-853
-2383
-4619
-4993
-4928
-3609
-1821
296
2500
3262
3245
2464
1717
1601
1078
1256
1307
1702
2363
2790
4141
5061
5163
3987
2312
1557
1336
964
1043
1581
1826
1529
963
1019
1417
1775
1721
1602
625
-580
-841
-221
1782
3216
3749
3819
3587
3707
3957
4282
4109
4154
3721
3150
2962
2724
2105
851
-144
-921
-1264
-551
555
1724
2048
1551
1091
636
370
74
-318
-862
-1986
-3382
-4554
-4599
-3675
-2766
-2582
-3146
-3579
-3891
-3797
-3600
-3648
-4089
-4825
-5596
-5785
-5518
-4657
-4290
-4635
-5382
-6097
-6255
-6843
-8145
-8208
-4999
-2457
-360
-1409
-2421
-3415
-5526
-6416
-5856
-2234
2905
5816
5930
4709
1872
-273
-1307
-2338
-1286
-1881
-2940
-3576
-4394
-3479
-3391
-3026
-2403
-3381
-4185
-5355
-5077
-3347
-898
1915
2463
1284
-32
-1048
-1075
-2457
-4037
-4578
-4565
-3380
-1773
652
2524
3396
3105
2286
2088
1770
1378
1415
2387
3784
4477
4364
4421
4713
4133
2406
1098
1209
1307
981
970
1602
2391
2299
1769
1657
1861
2119
1977
1483
1032
590
309
1163
2796
3970
3689
2967
2645
2846
3450
3920
4975
6236
6692
6254
5458
4451
3304
2066
1134
-159
-473
-329
609
2341
2856
2819
2302
1640
1666
1880
2273
2240
1271
-150
-1811
-2748
-3211
-3342
-3216
-3522
-3946
-4240
-4250
-4049
-4392
-4296
-4806
-4700
-4803
-4965
-5102
-5560
-6020
-6705
-7043
-7480
-7700
-8259
-4834
-2109
424
-390
-2701
-3571
-6652
-8131
-8287
-5240
897
4779
4980
3010
65
-2776
-3721
-5007
-3669
-2155
-2277
-2453
-3206
-1584
-597
-964
-1716
-3202
-3880
-5184
-5941
-5426
-3892
-968
-32
-432
-753
-1060
-1068
-2332
-3661
-3479
-2841
-1866
-914
1119
2877
2916
2132
944
581
1107
1250
1545
3094
4914
5790
5470
4898
4815
4150
2942
2307
2670
2863
2271
1171
1240
1662
1204
520
-197
-666
-344
-65
-66
293
1349
2228
3100
3623
4585
4875
4076
3312
2640
3003
3172
3099
4089
4981
5770
5977
5478
4651
3553
2784
2504
2421
2833
3218
3589
3866
3537
3120
2086
1461
1299
1268
1646
1581
1178
309
-1210
-2486
-3476
-4320
-4697
-4724
-4341
-3679
-3082
-2514
-2560
-3137
-3851
-4671
-5503
-6518
-7052
-7524
-8212
-8111
-7880
-6989
-7466
-3851
-1183
904
423
-2771
-3998
-6667
-7774
-7647
-5235
786
5466
5414
3625
205
-2939
-3817
-6251
-5302
-3441
-3260
-3031
-4559
-3357
-2570
-3362
-3310
-3914
-3389
-3585
-4161
-3808
-3312
-1240
-902
-2223
-2775
-3471
-3096
-3711
-3832
-2366
-1165
-202
85
1261
2378
2011
647
-676
-692
365
1147
1840
3243
5372
6755
6899
6411
5621
4176
1894
830
1753
2996
2945
1994
1487
964
431
-271
-389
-955
-1879
-2439
-2969
-2688
-2355
-1262
48
1288
2612
3132
3304
3434
3786
4534
4757
4733
4231
3271
2719
2463
2356
1457
1035
1233
1205
1838
2882
4125
4872
4786
4247
3588
2925
2583
2963
3876
4496
4680
4290
3074
1282
-673
-2351
-3847
-4967
-5384
-5509
-4917
-3876
-2838
-2470
-2297
-2028
-2141
-2378
-3297
-4200
-5185
-5985
-6648
-7443
-7661
-8811
-5840
-2353
654
1576
-658
-1689
-4786
-6984
-7801
-6107
-1118
4150
5018
3320
964
-1999
-1628
-2893
-3126
-1153
-1636
-1588
-3330
-3846
-2217
-2766
-3214
-3954
-4401
-3622
-3552
-3216
-2483
-754
81
-1470
-2820
-3018
-2060
-2097
-2765
-1680
34
1829
2461
2925
3936
3459
1718
-112
-458
525
1250
1353
1731
3444
4966
5759
5825
5683
5361
3043
1619
2270
3420
3590
1952
763
67
-552
-929
-904
-260
430
299
-1501
-2886
-3464
-2896
-2221
-1733
-490
208
796
1427
2284
4028
5538
6296
6214
5418
4656
3869
2985
1829
1147
1192
733
678
1441
3140
4417
4691
4261
4034
3206
2590
2806
3868
5071
5900
6336
6267
5291
3607
1678
-89
-1480
-2877
-3902
-4669
-4723
-5017
-5069
-4851
-3961
-2501
-1995
-1606
-1308
-1692
-2571
-3740
-4907
-5587
-6851
-4481
-2219
127
-154
-1989
-2588
-4354
-6113
-6855
-5681
-922
3546
4439
2732
-30
-2730
-3203
-4187
-3340
-881
-706
-1327
-3218
-4443
-3373
-3925
-4290
-4253
-4302
-3332
-3263
-3405
-3400
-2533
-2433
-3831
-5013
-4981
-3686
-3794
-4036
-3043
-1300
618
1600
2665
3713
4228
3476
2186
2029
2830
3730
3531
3239
3812
4464
4732
4624
5293
6152
5662
5392
5963
6415
6120
4654
3430
1994
990
328
-126
921
1678
2193
1175
-329
-581
-488
-409
-603
-420
83
395
849
1335
2389
3624
4608
4924
4730
4256
3549
2520
1575
962
843
720
209
603
1760
2733
3249
3250
2956
2633
1960
1944
2391
3129
3511
3327
3182
2959
2945
2391
1693
1410
728
-31
-1215
-2086
-3044
-4067
-4989
-5620
-5436
-5386
-4851
-3712
-2754
-2020
-2370
-2783
-3492
-4517
-1651
240
2454
1364
-472
-1589
-3676
-4849
-6160
-5387
-2162
1890
2762
1229
-1315
-3314
-2671
-3475
-3169
-1454
-478
440
-685
-2881
-3315
-3946
-4360
-4742
-5307
-4229
-3233
-3834
-4454
-3856
-3340
-3466
-4741
-5487
-4244
-3857
-3767
-3233
-2559
-1021
280
1003
1409
1821
2056
2133
2462
3551
5047
5361
5147
5138
5136
5457
5056
4637
4260
4070
4567
5270
5850
5265
4866
4149
3024
2913
2655
2605
2806
2680
2634
1708
444
-44
112
884
649
670
893
1344
2014
2243
3100
3996
5016
5579
5745
6106
6274
4961
3322
2497
2359
2218
1536
1155
1717
2338
2940
3487
3848
3801
3688
3860
4410
5273
5450
5092
4159
3185
2255
1060
366
109
396
511
191
60
-870
-1659
-2487
-3197
-3561
-4420
-4863
-4951
-4524
-4349
-4369
-4495
-4957
-5495
-5664
-3318
-1067
870
168
-1759
-3341
-4465
-4451
-4731
-4335
-1961
1047
1918
525
-2737
-4476
-3917
-3915
-3530
-3378
-2611
-1004
-812
-1586
-2703
-3193
-2758
-2533
-2782
-2911
-2758
-3267
-3649
-3611
-4155
-4336
-4484
-4300
-4009
-4765
-4473
-3163
-1826
-345
532
895
937
757
238
0
202
1210
2213
2790
3244
4243
5370
5665
5358
4419
3626
3070
2942
3523
3328
3182
2956
2508
2556
2813
3018
2726
2576
2702
2246
1473
256
113
719
716
546
6
-196
-34
140
611
1239
1596
1917
2731
3381
4038
3984
3483
3418
3481
3708
3335
2691
2473
2404
2294
2123
2131
2027
1835
1889
2416
3649
4686
5623
6022
5567
4978
3657
2694
1937
1435
1611
1819
2021
1639
852
152
-613
-1027
-1592
-2383
-2616
-2291
-1739
-1561
-1853
-2134
-2584
-2939
-3256
-3997
-4398
-3818
-2815
-2552
-3209
-4034
-4744
-5511
-5596
-5654
-5525
-4634
-3772
-2194
-929
-1070
-2302
-3884
-4520
-3924
-2798
-2496
-2893
-2383
-1826
-1265
-1047
-1641
-2091
-2778
-2615
-1805
-1479
-1716
-1912
-1964
-2216
-2776
-3591
-4024
-3698
-2606
-1077
-93
497
683
713
495
482
815
565
445
460
1781
3785
4500
4269
3513
2925
2824
2065
1310
363
360
1018
1356
2258
2552
3186
3251
2800
3191
2918
2637
2270
1946
2322
2378
2249
2183
1811
1866
1695
1454
1309
1157
1375
1634
1489
1575
1198
1226
1569
2214
3310
3416
3301
3182
3627
3714
3202
2962
2540
2015
1287
978
1585
2395
3327
3683
3615
3615
3155
3005
2702
2594
2305
2114
2110
2166
1920
1208
553
-342
-1079
-1439
-1608
-1673
-1253
-1349
-1633
-2181
-2604
-2823
-2883
-3006
-3101
-3100
-3592
-3949
-3678
-3431
-3588
-4300
-5454
-6595
-6962
-6894
-6707
-6303
-5012
-3206
-2059
-2124
-2690
-2929
-3148
-2675
-2325
-1738
-2011
-2801
-2831
-2863
-2525
-2630
-2810
-2786
-2774
-1906
-1190
-1224
-1078
-1209
-1767
-2691
-3411
-3433
-3010
-2190
-1120
-741
-949
-1168
-818
-325
170
721
892
1000
1381
2436
3281
3394
3218
2624
2005
1483
915
663
504
395
1338
1942
2196
2537
3009
3877
4088
4393
4458
3995
3727
3397
3110
2980
2939
3419
3595
3493
3487
3353
2797
2394
2136
1713
1451
1215
1396
2071
2798
3251
3512
3341
3080
3123
3445
3215
2663
2337
1915
1520
1520
1510
1968
2133
2111
1966
1457
1123
992
1125
953
624
361
64
-47
-301
-482
-1172
-1532
-1633
-1717
-1590
-1289
-841
-807
-1549
-2322
-2760
-3242
-3651
-4541
-4552
-4371
-4202
-4082
-4252
-3950
-3355
-3338
-3952
-4564
-5474
-6180
-6364
-6161
-5752
-5382
-4933
-3655
-2190
-1693
-1928
-2314
-2331
-1737
-1301
-1370
-2355
-3104
-3305
-2738
-1966
-1699
-2204
-2697
-2714
-2017
-1353
-1491
-1447
-1604
-1756
-1389
-1077
-614
-348
-295
-261
-606
-565
-327
-116
382
875
1435
1681
1387
1345
2035
2775
3123
2811
2172
1609
1820
2157
2119
1827
1402
1593
2022
2882
3469
3838
4237
4420
4772
4471
3828
3422
3143
3264
3541
3604
3776
3673
3397
3326
2941
2275
1617
1411
2127
3122
4025
4258
4127
3952
3701
3642
3644
3768
3533
3250
3266
3240
3180
3195
3168
3465
3362
3062
2641
2142
2140
2316
2656
2701
2455
1994
1548
1323
1208
696
-149
-722
-886
-572
-512
-534
-503
-315
-350
-392
-797
-1494
-2197
-2855
-3517
-4164
-4596
-4704
-4613
-4767
-4654
-4424
-4034
-4062
-4669
-5408
-5820
-5635
-5466
-5794
-5684
-4852
-3651
-2504
-1911
-1701
-2150
-2648
-2767
-2404
-2053
-2143
-2363
-2363
-1741
-1354
-1426
-1496
-1739
-1915
-1776
-2048
-2348
-2659
-2187
-1475
-530
71
-151
-131
-223
138
609
648
640
797
682
648
445
317
123
-165
-43
161
310
267
472
821
1402
1642
1432
1261
1147
1222
1799
2305
2503
2615
2647
2545
2302
2214
2100
2167
2153
2003
2310
2074
1916
2271
2421
2228
1620
1477
1572
2316
3028
3829
4237
4285
4500
4079
3787
3283
2708
2581
2430
2636
2845
2860
2969
3141
3840
3907
3394
2997
2655
2654
2660
2878
2765
2499
2580
2544
2571
2171
1528
792
172
195
537
359
269
3
-114
6
-73
-289
-679
-876
-1213
-1527
-2007
-2644
-2956
-3387
-3756
-4084
-4670
-5120
-5389
-5290
-5069
-5286
-5746
-6566
-6981
-6805
-6314
-5455
-4713
-4015
-3165
-2571
-2755
-3496
-4416
-4930
-4387
-3570
-2791
-2736
-2928
-2669
-2224
-1900
-1852
-2013
-2512
-2917
-2794
-2325
-1419
-653
-642
-704
-783
-471
-18
700
1507
2012
1898
1503
1276
1168
1174
1125
899
438
293
192
557
709
1121
1502
1662
1889
1839
2309
2693
2867
2946
2819
2851
2627
2110
1764
1977
2467
2635
2609
2249
2020
1555
1394
1547
1793
1781
1765
1841
2290
2787
3167
3977
4372
4394
4007
3683
3504
3488
3467
3324
3202
3124
2868
2797
3271
3960
4085
3815
3428
3026
3230
3217
3087
3017
2860
2930
3114
3433
3411
3099
2611
2126
1852
1522
1100
874
860
921
940
720
455
-3
-462
-628
-553
-704
-854
-1171
-1484
-1856
-2346
-2653
-3031
-3279
-3398
-3274
-3335
-3803
-4177
-4745
-5143
-5426
-5445
-5181
-4422
-3943
-3662
-3498
-3605
-3109
-3093
-2720
-2809
-2999
-2987
-3030
-2459
-1936
-2237
-2428
-2777
-2910
-3007
-3016
-2387
-1874
-1082
-733
-396
-166
-7
104
302
837
1207
1019
883
705
1034
1211
1199
1174
1125
910
658
756
877
824
602
869
1239
1621
1999
2269
2469
2604
2509
2572
2616
2350
1982
1974
2284
2384
2658
2479
2291
2025
1502
1266
1192
1353
1679
1824
1893
2066
2175
2478
2823
3050
2917
2316
1717
1638
1897
2329
2208
1999
1626
1124
1401
1968
2269
2653
2442
2052
1994
1929
1749
1961
2005
2112
1933
1529
1436
1389
1492
1620
1687
1377
1165
579
308
88
-106
-257
-403
-315
-265
-267
-298
-568
-643
-685
-1006
-1247
-1813
-1978
-2180
-2404
-2366
-2337
-2317
-2784
-3293
-3499
-3698
-3735
-3686
-3846
-3578
-3204
-3062
-3063
-3292
-3721
-4254
-4306
-4111
-3699
-3421
-3026
-2539
-2098
-2011
-2117
-2439
-2710
-2854
-2927
-2560
-1849
-986
-530
-285
-132
-242
-65
171
624
1230
1266
1094
1193
1165
1024
946
780
765
692
805
951
765
567
453
332
620
987
1448
1608
1684
1883
2017
2102
1956
1590
1269
1098
977
1149
1328
1430
1291
1153
901
646
701
831
1141
1658
1969
2366
2824
3132
3628
3838
3628
3326
2774
2496
2493
2583
2906
2740
2486
2191
2075
2277
2430
2849
2997
2857
2822
2563
2609
2649
2715
2871
2730
2736
2598
2487
2228
2006
1829
1655
1814
1738
1603
1223
771
251
-264
-455
-135
-144
-204
-322
-561
-365
-528
-723
-895
-1347
-1776
-2154
-2453
-2428
-2462
-2312
-2407
-3242
-3685
-3951
-3991
-3843
-3669
-3587
-3688
-3931
-3822
-3895
-4341
-4258
-4168
-4141
-4155
-4142
-4085
-3978
-3953
-4003
-4120
-4163
-4093
-3952
-3723
-3272
-2926
-2518
-2033
-1676
-978
-590
-559
-584
-441
-269
-379
-87
-45
-124
75
194
766
1026
1315
1529
1202
1165
1084
935
1018
1215
1490
1615
1866
2279
2448
2665
2614
2366
2140
1965
2052
2084
2109
2168
2095
2148
1945
1751
1463
1196
1376
1677
2272
2418
2798
3612
3956
3961
4011
4142
4134
4060
4075
4241
4267
4195
4104
3947
3894
4060
4152
4113
4113
3867
3558
3615
3521
3290
3162
3059
3621
4086
4264
4064
3763
3572
3199
3041
2880
2744
2282
1728
1137
716
719
803
946
939
639
493
401
603
451
85
-380
-900
-941
-1094
-1144
-1301
-1546
-1874
-2525
-3067
-3208
-3292
-3588
-3888
-3683
-3295
-3059
-3298
-3633
-3749
-3901
-3921
-4190
-4259
-4093
-3913
-4037
-4222
-4476
-4809
-4851
-5052
-5303
-5431
-5313
-5260
-5248
-5001
-4462
-3903
-3458
-3199
-2483
-1881
-1611
-1736
-1924
-1887
-1521
-1144
-1064
-931
-902
-382
-6
392
237
-112
-291
-263
-48
161
485
874
1379
1779
1946
2233
2475
2259
2111
1692
1918
1806
1869
1872
1616
1618
1267
978
584
680
925
1081
1337
1469
1592
1983
2313
2493
2598
2547
2699
2811
3232
3544
3550
3245
2659
2259
2194
2403
2673
2996
3164
3195
3112
3180
3021
2594
2112
1810
2064
2258
2185
2098
2157
2279
2358
2414
2461
2352
1897
1334
908
469
76
183
403
734
629
72
-365
-532
-381
-356
-278
-565
-583
-548
-467
-259
-116
-270
-794
-1542
-2061
-2149
-2225
-2330
-2489
-2385
-2342
-2152
-2162
-2479
-2483
-2631
-2786
-2733
-2579
-2392
-2584
-2513
-2517
-2682
-2955
-3122
-3450
-3909
-4025
-4053
-4115
-4098
-4275
-4351
-4135
-3684
-3362
-2984
-2698
-2575
-2286
-2249
-2150
-2325
-2461
-2117
-1820
-1528
-1394
-1340
-1025
-791
-830
-971
-1075
-1280
-1152
-1171
-938
-559
-222
223
505
750
803
616
260
279
145
-30
-391
-760
-1028
-1258
-1372
-1443
-1230
-867
-871
-728
-708
-940
-917
-952
-554
-127
579
1067
1638
2081
2282
2224
2315
2428
2274
2308
2444
2735
3204
3563
3568
3567
3496
3434
3336
3345
3535
3831
4131
4181
4210
