6
21
-58
-15
48
29
-5
-74
-45
-157
-276
-332
-240
-250
-305
-574
-646
-708
-706
-776
-775
-559
-755
-743
-561
-589
-657
-647
-593
-607
-713
-613
-614
-428
-438
-246
-221
-177
-190
-164
54
161
267
241
193
161
269
360
511
379
275
360
479
467
749
771
797
972
924
916
972
1132
999
1085
1018
1039
956
912
1007
731
687
682
743
890
853
699
735
787
698
622
555
536
523
424
509
519
563
544
567
562
696
433
358
418
338
219
171
90
-83
-99
-195
-282
-381
-310
-251
-417
-588
-515
-568
-493
-518
-443
-470
-546
-625
-721
-693
-795
-775
-927
-1000
-909
-907
-869
-767
-852
-784
-801
-796
-854
-1007
-1004
-851
-863
-812
-839
-737
-480
-485
-366
-494
-469
-373
-526
-368
-331
-276
-316
-453
-224
-307
-295
-210
-196
-192
-365
-401
-171
-82
-247
-113
-192
-208
-53
-20
-48
-135
-121
-50
-131
-238
-167
-123
-116
-124
65
64
-46
42
107
33
-30
-50
0
121
73
2
62
5
-104
-182
-185
-157
-156
-155
-105
-60
129
77
8
152
216
147
30
18
88
149
56
96
112
94
12
31
-11
-54
54
-4
147
77
164
200
39
146
13
208
343
281
259
383
457
432
371
292
229
198
262
172
148
203
296
188
166
203
206
172
118
200
320
350
229
181
275
300
305
326
181
241
349
362
325
391
494
412
310
304
210
145
110
-53
-44
56
-1
6
-15
99
224
87
76
183
271
132
161
184
222
178
145
89
50
147
222
224
503
580
459
614
501
608
528
605
791
656
736
682
760
750
728
752
671
764
589
548
526
528
413
344
313
356
333
112
281
282
352
288
76
118
128
93
28
47
161
209
114
0
-31
40
-77
38
177
81
8
-160
-205
-207
-206
-256
-318
-308
-372
-294
-514
-424
-459
-28
480
633
177
-625
-597
-367
-393
209
876
1140
951
-480
-1884
-1801
-1113
368
757
124
-568
-1496
-2171
-2216
-1457
-450
38
-117
-598
-1110
-1349
-1155
-706
-183
436
650
526
175
36
291
277
87
348
939
1276
1117
579
328
49
-395
-218
252
544
427
158
-36
-237
-216
66
368
497
633
335
17
-245
-125
95
107
189
301
629
456
266
-88
-335
-358
-334
-9
255
291
346
-317
-1198
-1454
-1245
-380
152
164
-65
-571
-1180
-1324
-894
-388
-90
41
-368
-784
-926
-939
-882
-788
-313
-359
-563
-903
-1138
-1168
-888
-446
-277
-217
-127
-169
-327
-204
-399
-427
-279
-43
61
48
-141
-401
-690
-871
-968
-750
-651
-371
-530
-837
-884
-966
-790
-741
-625
-334
-110
6
226
178
176
206
179
307
623
1076
1378
1655
1478
1156
910
787
1026
1413
1634
1343
943
315
-106
-144
140
302
371
407
206
1
-287
-243
51
280
314
319
427
442
667
748
936
1151
1186
1381
1771
1771
1789
1637
1478
1576
1599
1560
1643
1643
1556
1311
1108
1129
1229
1006
783
632
616
925
916
821
483
346
152
16
265
263
230
94
70
-72
-146
76
268
348
127
154
103
183
99
115
332
400
270
191
152
-82
-233
-378
-527
-573
-699
-873
-906
-1110
-1349
-1671
-2020
-2111
-2095
-2207
-1923
-2077
-2235
-2170
-2309
-2017
-2077
-2205
-2003
-1932
-1986
-2091
-1549
-1122
-730
-716
-1090
-1408
-1631
-1527
-969
202
1188
1379
562
-590
-948
-339
689
1342
1835
1552
404
-609
-1266
-917
-171
65
37
-432
-762
-1340
-1632
-1438
-1046
-664
-365
-312
-438
-536
-732
-802
-700
-179
270
833
1186
1155
1097
705
413
559
1067
1675
1985
1539
847
319
-110
-202
-132
62
-12
-394
-736
-1312
-1578
-1633
-1428
-1268
-978
-803
-774
-769
-1015
-802
-645
-376
-12
444
843
837
714
465
478
743
911
1215
1602
1978
2065
1510
904
609
954
1886
2041
1869
1603
1186
872
341
84
702
1430
1872
1455
534
-98
-346
65
519
868
898
556
153
-121
-229
-174
282
485
565
396
375
190
-72
-177
-154
88
330
627
568
420
154
-172
-237
54
198
263
-41
-115
-510
-1110
-1320
-1151
-969
-1007
-1187
-1635
-1984
-2437
-2494
-2270
-2082
-1870
-2053
-2574
-2717
-2611
-2160
-1999
-2172
-2128
-2347
-2553
-2609
-2150
-1613
-1098
-1260
-1507
-1691
-1857
-1733
-852
258
1069
1415
642
-308
-813
-359
850
1712
2133
1605
531
-304
-777
-495
179
578
407
35
-507
-1153
-1703
-1673
-1339
-836
-646
-319
-212
-329
-236
-484
-398
234
1257
2187
2558
2471
2037
1647
1369
1761
2711
3289
3336
2780
1970
1098
745
1020
1301
1462
1448
1004
242
-253
-303
-139
131
337
472
594
799
961
1072
1779
2306
2562
2292
2034
2301
2653
3051
3403
3457
3327
2798
2082
1540
1890
2670
3014
2776
2078
1202
388
279
580
1006
1100
980
456
-85
-474
-539
-163
10
282
490
338
-81
-549
-801
-988
-831
-437
-298
-95
-439
-1286
-1972
-2490
-2586
-2560
-2585
-2367
-2788
-3613
-4382
-4954
-4651
-4230
-4021
-4100
-4362
-4613
-4740
-4684
-4533
-4105
-3425
-2604
-1867
-1939
-2451
-2345
-2373
-2079
-1451
-308
1177
2079
1783
581
-683
-547
736
1801
3006
3030
2025
204
-1593
-2008
-1874
-1053
-532
-629
-1599
-3035
-4046
-4347
-3744
-2777
-2080
-1803
-2095
-2410
-2657
-2431
-2019
-1382
-82
1134
1638
1650
1348
1228
1395
1667
2505
3141
3419
3042
2400
1496
736
589
661
881
855
139
-816
-1550
-2079
-2326
-2298
-1981
-1916
-1871
-2116
-2332
-2684
-2754
-2369
-1748
-1081
-918
-581
-689
-576
-321
182
1507
2629
3189
2704
1761
1412
1596
2524
4009
4874
4881
3696
1386
-476
-766
1327
3427
3666
2396
157
-1793
-2444
-1669
-130
1199
1518
624
-703
-1824
-1852
-1261
-177
854
1363
1033
299
-289
-327
160
641
1081
1249
1336
1216
355
-510
-1136
-1506
-1362
-1091
-1026
-1334
-2060
-3064
-3708
-3927
-3677
-3303
-2958
-2815
-3167
-3657
-4513
-4676
-4120
-3623
-3468
-3023
-2542
-2253
-2706
-3470
-3453
-3052
-2246
-1515
-890
-272
289
65
-644
-869
-782
6
1101
2059
2327
1306
126
-320
-357
-19
451
696
479
-204
-897
-1544
-1713
-1580
-1081
-668
-512
-506
-1153
-1390
-1287
-714
-115
464
1069
1411
1592
1731
2105
2279
2591
3253
3956
4351
4194
3921
3767
3278
3180
3291
3331
3250
2731
2008
1369
986
246
-144
-222
-83
-39
-523
-861
-1336
-1007
-269
435
1122
1699
1582
1180
745
1382
2591
4110
5290
4915
3437
2111
1519
1932
2929
4228
4659
3283
1352
103
-218
271
1358
2117
2029
1016
-25
-611
-669
41
631
905
1044
1093
685
261
282
434
900
1280
1384
1137
780
104
-628
-952
-1020
-804
-1173
-1380
-1716
-2249
-2964
-3347
-3406
-3232
-3173
-3350
-4006
-4434
-4686
-4977
-5224
-5169
-5858
-6000
-5858
-5173
-3448
-2373
-2163
-3741
-5982
-6289
-4225
-1146
1978
3728
3332
1259
-2360
-4171
-2330
1943
6037
5608
2070
-2130
-5362
-6180
-4403
-1529
162
-721
-3724
-6715
-8777
-8918
-7463
-5892
-4352
-3788
-4644
-5928
-6541
-6196
-4861
-3028
-891
896
1965
2648
2355
1344
1417
3121
5072
6798
7363
6765
5051
2797
2026
2564
3919
4821
4177
2851
1180
-545
-1668
-1336
-295
493
302
-467
-928
-1070
-1134
-976
-384
1077
2220
2121
1562
1668
2575
3268
3714
3760
3790
4216
4636
4067
2839
2830
3587
3959
3451
2670
2148
1586
1116
1181
1206
1188
1199
750
318
276
181
50
14
296
564
466
352
500
625
667
656
564
645
784
420
-162
-650
-573
-689
-929
-884
-870
-1348
-2056
-2512
-2614
-2373
-1837
-1824
-1978
-2411
-2592
-3041
-3471
-3784
-5047
-5335
-2460
1814
2845
-720
-5026
-5392
-4409
-3201
-15
5961
11545
10568
843
-7996
-8149
455
10199
12960
10092
3820
-4705
-9212
-8028
-1638
4061
4764
887
-4541
-8951
-10259
-9013
-5906
-1906
-321
-2453
-5300
-7018
-6555
-5338
-3857
-2170
210
2892
4635
3280
854
461
1318
3159
5927
8593
9397
7027
3296
1280
1339
3097
5087
6161
5837
3388
-70
-2142
-1439
587
1554
1255
1000
148
-1267
-1848
-976
94
1107
1509
1441
1301
1488
2334
3078
4121
4718
4117
3319
3131
3886
4834
5908
5740
4504
2900
2135
2554
3428
4207
4042
2866
1303
302
350
1082
1927
2171
1482
-55
-756
-657
-158
360
574
410
131
-237
-435
-212
19
-283
-1106
-1587
-1245
-1153
-1254
-1449
-2127
-2905
-3768
-3904
-3251
-2550
-2420
-2501
-3428
-3821
-4477
-4499
-4430
-4121
-4616
-5159
-4750
-1169
1779
1124
-3149
-6606
-6158
-3135
60
4306
8946
10169
5687
-3634
-9015
-4679
5785
14272
13592
6446
-2170
-8680
-8988
-4088
2554
6102
4019
-2464
-8486
-10774
-9335
-5788
-2849
-868
-1162
-4272
-7274
-8117
-6602
-4247
-2512
-948
793
2416
2629
797
-793
-325
1802
4070
6248
7571
6689
3586
748
244
1656
3269
4336
4103
2766
462
-1790
-2311
-1164
710
1093
383
-691
-1175
-1029
-439
-275
-689
-752
-39
1032
1822
2010
2153
2147
1752
1382
1340
2273
4007
5335
5122
3611
1966
1111
1322
2640
4029
4626
3979
2359
577
-250
284
1771
3285
3648
2869
1126
-653
-987
-108
1181
2237
2424
1602
235
-790
-974
-1014
-1017
-889
-528
-692
-1555
-2599
-3446
-3949
-4395
-4275
-4152
-3496
-3454
-4232
-5113
-6009
-5883
-5615
-5075
-5102
-4529
-4099
-1418
-403
-826
-3803
-5225
-4012
-1250
1503
4186
6076
5523
2715
-2404
-3894
363
6225
10870
8068
2693
-3091
-6368
-5045
-1615
1985
2726
-29
-4886
-8401
-9217
-7598
-4566
-2880
-1321
-2295
-5416
-7597
-7498
-5292
-2431
-715
228
1178
1688
1827
1089
1059
2619
4553
6108
7419
7210
5454
3238
2235
3332
4819
5917
5674
3984
1705
-259
-901
105
1763
2764
2050
202
-1201
-541
806
1999
2052
1276
976
798
1261
2301
3463
4587
4363
2366
555
635
2641
5059
5524
4376
2239
543
284
869
2018
2869
2603
1274
228
-264
-168
-36
675
1747
1640
810
92
-74
534
959
1009
1046
612
442
624
279
-414
-1200
-1598
-1641
-1652
-1681
-2158
-2917
-4010
-5129
-5438
-4608
-3699
-4007
-5305
-6709
-7321
-7696
-7283
-6287
-5507
-6222
-8445
-6814
-3321
-675
-2334
-5043
-5596
-4381
-2342
151
4736
8709
9424
2773
-4307
-5268
699
10101
12783
9841
3277
-4362
-7585
-6208
-947
3634
4399
6
-5920
-10615
-11063
-8668
-5846
-2588
-1796
-4096
-7239
-9233
-8337
-5592
-2699
-496
925
1991
2820
1940
862
2232
4792
6976
8629
9464
9223
6984
4591
4160
5262
6919
8332
7578
5527
2260
-492
-926
460
2281
2494
937
-883
-1579
-2065
-1618
-952
128
1132
1246
753
328
864
2546
3705
3237
3034
3544
4498
4761
3856
3650
4037
4298
4575
4759
4275
3211
2124
1591
2072
2264
2359
2124
1751
1306
414
132
502
1176
1031
782
613
1074
1279
1149
1106
622
546
675
584
409
-300
-1055
-1392
-1667
-1828
-2412
-3298
-4161
-4454
-4954
-4898
-4460
-4515
-5561
-7133
-8659
-7537
-7417
-6946
-8726
-8207
-3734
-1247
-2744
-7433
-8691
-6459
-4033
-2642
1799
6729
10668
6296
-4959
-9582
-5184
7381
15754
13587
7007
-2800
-8337
-8052
-2987
3581
7301
4395
-2939
-9612
-12778
-10365
-6484
-2199
684
-1937
-6762
-10324
-10085
-6696
-3473
-1728
-354
1216
2638
2376
211
-242
1803
4342
7275
9521
9939
7879
4383
2414
3246
5136
7760
8823
7189
3667
-581
-2596
-1036
1739
3706
2552
-159
-1988
-3216
-2798
-1902
-458
720
1424
975
340
-425
27
1336
1997
3522
4601
5291
5226
4042
3380
3354
4500
6009
6559
5565
4021
2678
1914
2394
2933
3605
3326
2625
1744
831
687
946
1300
1878
2340
2234
1649
1168
1344
1587
1556
1800
2267
2313
1434
169
-611
-264
314
728
44
-772
-1725
-2776
-3530
-3366
-3172
-3531
-4045
-4624
-4563
-5700
-6365
-7204
-7871
-8435
-5429
-1744
186
-2455
-6557
-8443
-7932
-5569
-647
4642
8532
7378
-565
-7460
-7892
-542
9585
12592
9551
1531
-6499
-8933
-6607
-1166
3527
4007
-439
-7237
-12425
-12183
-8836
-5297
-2338
-3294
-6215
-9214
-10809
-9345
-6690
-4073
-2267
-1722
-1190
-331
-310
-402
561
1970
3522
5358
6489
6392
4824
3506
3505
4116
5526
6853
6342
4379
1608
-418
-809
668
2095
2218
649
-1138
-2466
-3279
-2905
-2194
-1063
-134
-68
-743
-2021
-2168
-984
552
1558
2408
2771
3070
3258
3121
3054
3486
4880
5938
5701
4579
3029
2346
2691
3229
3588
3630
3448
2953
1705
970
976
1311
1535
1957
2794
2935
1995
812
581
751
1438
2245
3061
3297
2018
60
-1110
-276
640
713
609
110
-655
-2091
-3175
-2948
-2747
-2471
-3395
-3715
-3850
-4297
-5356
-6421
-6673
-6852
-5562
-2674
75
-257
-3524
-5654
-6480
-5292
-2502
2370
6758
8536
4659
-2777
-6182
-3684
4433
10689
10750
6339
-1184
-6428
-7195
-3564
1090
3864
2004
-3202
-8529
-10774
-8505
-5211
-2770
-2109
-3348
-5651
-7812
-7795
-5652
-2955
-1224
-609
66
883
1156
865
1611
3243
5129
5915
6436
7052
6611
5398
4571
5183
6335
7032
6501
5000
2900
1313
1037
1836
2973
3111
2129
273
-1014
-1345
-1055
-314
49
864
1111
164
-988
-1305
-437
1713
2902
2800
2329
2248
3029
2467
1952
2510
3649
5495
5517
3737
1623
499
1122
2460
3370
3446
3273
1198
-168
-576
546
1836
2123
2030
1340
954
538
236
390
1119
1671
1519
1574
1119
576
-349
-553
18
299
201
-603
-1400
-2279
-2982
-3627
-3417
-3090
-3235
-4033
-4849
-5367
-6144
-6693
-6497
-6457
-6103
-4314
-2029
-1048
-2510
-4981
-5734
-4891
-2984
-262
3430
6897
7219
1664
-4908
-6040
-349
8258
11293
8313
1807
-4769
-6877
-4859
-458
2874
2722
-1249
-6495
-10169
-9969
-7033
-4250
-2538
-3007
-5150
-7162
-7937
-6966
-4959
-3019
-1533
-755
-357
108
-111
-236
759
2702
4517
5850
6751
6411
4641
3007
3006
3961
5640
6632
5935
3746
462
-1272
-1035
587
2494
2903
1392
-870
-2574
-3268
-2384
-817
702
1121
487
-803
-1944
-1556
512
1527
2215
2641
3314
3813
2572
1754
1654
2985
5127
5998
5434
3641
1852
1253
1534
2726
3936
4123
2868
781
-630
-718
620
2360
3110
2641
1397
177
-69
691
1614
2271
2345
2319
1603
448
-220
-63
647
1059
628
15
-891
-1634
-2311
-2909
-3347
-3465
-3117
-3442
-4093
-4844
-5143
-5487
-6149
-6493
-7484
-7451
-4345
-617
722
-2143
-5915
-7229
-5894
-2693
1917
5711
8324
6999
260
-5757
-6143
1550
10583
12876
8616
320
-6253
-7565
-4449
113
3260
3302
-945
-7363
-11648
-11070
-7325
-3923
-1770
-2837
-5591
-8471
-9302
-7517
-5078
-3046
-1691
-992
-274
267
7
-77
992
2312
4296
6095
7259
6755
4300
2916
3125
4073
5394
6480
6110
3347
236
-1493
-706
967
2073
2132
233
-1627
-3035
-3108
-1882
-213
1003
1161
34
-1142
-1339
-455
1602
2970
3668
4207
3686
2866
2120
2685
4332
5912
6495
5913
4296
2693
2462
3206
4370
4681
4126
3417
2186
1144
828
1442
2594
3470
3298
2527
1729
1204
1510
2072
2515
2728
2621
2367
1533
-20
-1214
-1177
-142
525
254
-492
-1602
-2948
-4243
-4457
-3623
-2563
-2280
-3495
-5195
-6242
-6361
-5760
-5186
-5279
-7262
-7969
-5669
-2093
-78
-1990
-5086
-6735
-6795
-4313
120
4909
8619
7200
-194
-6993
-7337
411
9751
12698
8625
46
-6966
-8152
-4876
227
3937
3549
-1197
-7949
-11965
-10475
-6547
-2631
-1063
-2755
-5608
-7977
-8505
-6823
-3827
-1120
129
45
204
1111
1325
1634
2339
3929
6298
8254
9107
7888
5347
4102
4410
5847
7807
8610
6820
3141
-79
-834
921
3183
4219
2851
149
-2071
-3033
-2200
-404
1358
1859
1475
49
-1308
-1322
-225
2225
3779
4498
4632
3559
2884
2407
2907
4505
6106
6826
6059
4074
2520
1797
2171
3358
4289
4348
2914
1041
-302
-380
649
2100
2754
2375
1556
567
99
342
775
1095
1328
1612
1575
582
-885
-2014
-2036
-987
-114
55
-733
-2041
-3288
-4110
-4382
-3594
-2355
-1868
-3003
-4833
-5978
-6020
-5461
-5115
-5171
-6446
-7101
-5326
-2742
-1304
-2511
-4932
-6283
-6213
-4572
-1253
2980
6479
6000
-184
-6812
-7510
-779
7938
10734
6979
-621
-6992
-8084
-5079
-770
2574
2463
-1878
-7875
-11853
-10438
-6199
-2957
-2006
-3918
-6745
-8342
-8172
-6254
-3683
-1747
-994
-940
-488
581
1239
1254
1860
3208
5009
7049
8121
7416
5230
3149
3137
4825
7019
7976
6270
2714
-585
-1569
180
2484
4148
3054
131
-2597
-3920
-3092
-1022
777
1465
991
-636
-2026
-2374
-970
1422
3141
3880
3526
2887
2649
2615
3956
5493
6141
5994
5279
4719
4257
4060
4145
4361
4529
4411
4172
3519
2835
2416
1849
2360
3040
3390
3292
2523
1934
1577
1123
798
858
1245
1665
1285
-79
-1340
-1671
-1184
-690
-924
-1342
-2201
-3173
-3600
-3593
-3186
-2774
-3229
-4062
-4749
-4560
-4036
-3903
-4329
-5233
-6548
-7701
-6781
-3379
-4
260
-2750
-6143
-7658
-6348
-2838
1719
5777
7291
3857
-2897
-7131
-4588
3189
10230
10794
5177
-2086
-6475
-6139
-2454
1585
3563
1992
-3122
-8347
-10112
-7221
-3395
-1597
-2374
-4615
-6656
-7489
-6487
-4096
-1836
-1089
-1295
-1540
-692
483
1202
1774
2648
3951
5373
6310
6396
5224
3752
3641
4982
6317
6581
5883
3679
1163
-126
953
2847
4028
3814
1398
-930
-2383
-2141
-285
1817
2869
1946
-319
-1468
-961
305
2295
3778
4247
4007
3312
3020
3027
3923
5573
6289
6305
5885
5125
4301
4209
4566
4896
5271
5703
5159
3822
2848
2378
2375
3022
4151
4394
3663
3064
2244
1727
1614
1626
1517
1532
1756
1036
-664
-1641
-1516
-964
-859
-1533
-2121
-2865
-3520
-3859
-4082
-4120
-3965
-4316
-5001
-5517
-5590
-5387
-5591
-5712
-6107
-7553
-8557
-7329
-4155
-1482
-1665
-4575
-7348
-8547
-7092
-3708
508
4474
5568
2162
-4115
-7974
-5690
1355
8006
8529
3249
-3784
-7891
-7342
-3907
26
2019
540
-4292
-9284
-11153
-8435
-4560
-2411
-2623
-4738
-6753
-7456
-6499
-4676
-2760
-1376
-873
-438
181
1053
1175
1108
2160
3948
5709
6796
6479
4964
3118
2473
3659
5497
6475
5644
2834
-148
-1250
-146
1862
3446
3266
1256
-1483
-3034
-2514
-568
1565
2305
1414
-375
-1406
-1058
422
2566
3780
3930
3341
3071
2869
3089
3987
5010
5759
5709
5671
4975
4416
4155
4268
4420
5045
5704
5174
3982
2640
2389
2833
3704
4986
4935
3685
2396
1614
1694
2157
2679
2813
2493
1597
456
-714
-991
-403
-65
-374
-1284
-2392
-3681
-4354
-4233
-3638
-3284
-3177
-3960
-5186
-6342
-6054
-5534
-5151
-5174
-6063
-7208
-8350
-8395
-6148
-2796
-1622
-3171
-6316
-7915
-7054
-5388
-2248
1298
4049
3850
-865
-6090
-7252
-2638
4246
7804
5543
-290
-5457
-7228
-5718
-2318
658
1391
-1119
-5643
-8904
-9068
-6287
-3302
-2139
-2851
-4487
-5660
-5605
-4785
-3305
-1730
-776
-139
742
1719
1877
1395
1735
3182
5107
6383
6569
5714
4403
3006
3521
5022
5960
5794
4180
2279
820
522
1583
3244
3579
2286
-219
-1853
-1366
-179
1675
2602
1821
282
-1199
-1294
240
2207
3435
3541
2863
2318
1864
2202
3136
4106
4732
4722
4689
4354
3701
3211
3247
3568
4434
4875
4471
3329
2035
1698
2153
3358
4828
4836
3701
2283
1537
1552
2380
3197
3419
3078
2195
1033
-148
-288
534
772
595
-258
-1465
-2591
-3230
-3348
-3114
-2524
-2558
-3235
-4545
-5208
-5146
-4912
-4617
-4582
-5013
-6163
-7784
-8132
-6169
-2600
-251
-1276
-4792
-7220
-7224
-5191
-1742
1729
4500
4737
969
-3996
-6668
-3608
3211
8059
6960
2031
-3506
-6843
-6268
-3641
-142
1398
-343
-4277
-8520
-9695
-7517
-4346
-2487
-2581
-4031
-5549
-6233
-5612
-4092
-2594
-1249
-457
58
293
557
1059
1396
2211
3588
4879
5687
5111
4029
2995
2779
3660
4390
4230
3646
2289
654
65
616
1790
2301
1024
-488
-1810
-2199
-1373
95
1457
1258
-330
-1603
-1706
-673
979
2380
2872
2507
1597
1155
1671
2735
3671
3723
3550
3624
3442
3352
2973
2754
2751
3088
3526
3484
3133
2552
2042
1444
1808
3273
4291
3791
2496
1485
1134
1624
2353
2748
2749
1915
543
-608
-431
623
971
873
-102
-1134
-2137
-2592
-2318
-1939
-1846
-2192
-2917
-3772
-3889
-4151
-4103
-4045
-4177
-4234
-5116
-6722
-7338
-6703
-4301
-1463
-1021
-2760
-5465
-7017
-6279
-4162
-916
2582
4532
3682
-326
-5276
-6023
-1711
4265
7434
5159
490
-4262
-6518
-5700
-2701
513
1559
-738
-5036
-8435
-8413
-5837
-3184
-2038
-2124
-3330
-4368
-4512
-4002
-2862
-1418
-150
542
1010
1542
2265
2848
3073
3474
4006
4844
5434
5698
5585
5031
4378
4175
4205
4013
3704
3029
2371
2164
2108
1739
1215
616
134
-51
33
816
1591
1380
535
-251
-466
457
2040
3194
3132
2436
1642
1545
2403
3632
4287
4011
4022
3797
3993
4232
4162
3976
3363
3661
4248
4426
3990
3456
2779
1962
2165
3594
4797
4394
3100
1518
842
1170
1755
2330
2501
1762
358
-1000
-1263
-555
-68
-496
-1242
-2127
-2563
-2972
-3148
-3001
-2862
-2846
-3331
-3995
-4443
-4631
-4920
-5147
-5118
-5324
-5591
-6448
-6978
-6587
-4628
-2287
-1851
-3221
-5122
-5970
-5263
-3331
-965
1975
3749
3350
-383
-4694
-5148
-1298
4366
6808
4632
-150
-4573
-6114
-5037
-2108
683
1400
-1125
-5349
-8177
-7703
-5003
-2798
-1931
-2599
-3878
-4596
-4588
-3555
-2375
-1040
-418
-62
439
996
1909
2436
2647
2857
3406
4389
5247
5195
4675
3750
3216
3672
3944
3937
3529
2790
1956
981
824
1205
1471
1035
124
-531
-754
-50
959
993
138
-581
-932
-381
876
2130
2776
2489
1798
1210
1006
1650
2797
3539
3858
3786
3182
2490
2186
2236
2662
3030
3489
3692
3134
2478
1833
1312
1739
2823
3960
4163
3051
1715
956
974
1424
1824
2086
1838
739
-707
-1409
-1038
-474
-235
-496
-1025
-1693
-2547
-3065
-3216
-2971
-2610
-2437
-2443
-3298
-4232
-4952
-4990
-4524
-4515
-4581
-5321
-5891
-6079
-4803
-3052
-2554
-3438
-4979
-5259
-4539
-3298
-1657
887
2574
2002
-1058
-4230
-4210
-1108
3198
5025
3214
-647
-4110
-5445
-4810
-2525
-342
390
-1484
-4792
-7136
-7088
-4719
-2471
-1836
-2474
-3179
-3591
-3373
-2494
-1665
-798
137
921
1395
1728
2463
3036
3217
3329
3775
4815
5596
5624
4758
3728
3137
3411
4310
4822
4219
2972
1701
879
1029
1594
1871
1295
443
-419
-329
496
1360
1427
597
97
-126
498
1544
2667
3193
2793
2283
1850
1904
2691
3790
4341
4333
3931
3428
3161
3251
3334
3352
3379
3579
3704
3579
3185
2708
2072
1977
2817
3995
4571
3911
2501
1529
1369
1644
2292
2635
2590
1626
94
-858
-948
-498
-130
-14
-248
-889
-1956
-2960
-3216
-3111
-2838
-2445
-2267
-2678
-3651
-4570
-4980
-4555
-4205
-4392
-4946
-5437
-5613
-5173
-3672
-2681
-2641
-3977
-4993
-5084
-4355
-2863
-978
1207
2077
752
-2522
-5134
-4330
-510
3422
4228
1767
-2064
-4954
-5842
-4388
-1833
-33
-241
-2874
-5762
-7383
-6484
-4082
-2305
-2025
-3223
-4338
-4797
-3882
-2937
-2124
-1672
-1489
-1060
-451
537
1498
1678
1434
1388
1915
2854
3711
4008
3613
2399
1628
2288
3092
3340
2477
1473
972
705
1096
1584
1708
876
-83
-704
-314
763
1607
1583
631
50
-203
697
1996
2938
3087
2597
2307
2002
2455
3015
3812
4554
4419
4014
3652
3597
3436
3544
3613
3772
4032
4122
3919
3324
2731
2665
3341
4227
4637
4093
2912
1919
1626
1986
2381
2566
2773
2178
1014
-119
-499
-235
-102
17
-102
-473
-1141
-1652
-2108
-2286
-2494
-2542
-2248
-2134
-2573
-3204
-3720
-3729
-3276
-3396
-3664
-4119
-4616
-4814
-4925
-4812
-3779
-2739
-2258
-2797
-4331
-5611
-5388
-3541
-928
1345
2193
1078
-1823
-4697
-4657
-1550
2815
5056
3295
-926
-4632
-5427
-3617
-1209
202
71
-1251
-2966
-4467
-4894
-3877
-2556
-1271
-1140
-1708
-2652
-3083
-2706
-2422
-2249
-1901
-786
516
1339
957
222
-73
425
1590
2736
3465
3360
2668
1935
1513
1366
1485
2265
2761
2528
2000
1172
824
629
347
613
1015
1337
1618
1536
1034
296
-161
508
1774
2666
2590
1990
1608
1535
1901
2643
3262
3631
3547
3239
2891
2878
3112
3484
3718
3526
3418
3410
3184
3014
2963
3068
3131
3330
3641
3843
3408
2840
2395
2096
2235
2525
2918
2731
2046
1238
550
405
513
690
761
380
-475
-1285
-1625
-1677
-1446
-1340
-1246
-1514
-2503
-3101
-3244
-2925
-2497
-2535
-3042
-3661
-3973
-3950
-3844
-3753
-4023
-4329
-4806
-4897
-4750
-4070
-3373
-3217
-3741
-4865
-5256
-4945
-3621
-1931
-594
-55
-891
-2617
-4275
-4147
-2173
1408
3585
2641
-529
-3478
-4113
-2240
641
2693
2925
1402
-502
-1730
-1699
-458
1030
1969
1831
593
-689
-1114
-839
-46
512
632
898
1177
1608
1742
1238
433
224
1380
2809
3353
2856
1373
82
-103
714
2041
2898
2617
1194
-90
-621
64
1460
2499
2506
1362
148
-28
668
1842
2622
2605
2063
1587
1101
1312
2072
2787
2788
2532
2181
1903
1985
2256
2401
2310
2447
2558
2326
2064
2123
2478
2808
2748
2594
2428
2572
2752
2802
2805
2648
2541
2260
2176
1848
1590
1561
1421
1624
1443
932
430
259
36
-124
-229
-490
-446
-376
-387
-808
-1328
-1392
-1426
-1097
-1051
-1422
-1584
-1809
-1756
-1610
-1806
-1933
-1840
-1767
-1792
-1771
-1971
-2346
-2746
-3009
-3129
-3254
-3178
-3118
-3080
-2657
-2550
-2796
-3495
-4093
-4620
-4457
-3202
-1600
-472
-589
-1478
-2744
-3407
-2756
-561
1879
2870
2214
224
-1437
-1614
-181
1470
2265
2039
836
-254
-985
-1010
-458
195
866
885
213
-947
-1911
-2304
-1767
-588
414
435
-405
-1167
-1403
-1347
-657
279
747
770
406
164
325
968
1809
2405
2465
2246
2468
3128
3743
4220
4242
4190
4296
4251
4220
4445
4790
4758
4093
3545
3373
3410
3758
3842
3457
2587
2068
1966
1877
2021
2106
1895
1761
1786
1454
1144
977
982
1067
1178
1478
1509
1362
795
261
227
616
1092
1094
948
563
-193
-671
-753
-222
19
-93
-342
-864
-1301
-1591
-1523
-1233
-1068
-1138
-1440
-1658
-1824
-2163
-2019
-1677
-1643
-1896
-2137
-2250
-2226
-2377
-2668
-2742
-2678
-2426
-2485
-2797
-3164
-3475
-3617
-3735
-3729
-3459
-3267
-3399
-3800
-4362
-4462
-3800
-2891
-2555
-2609
-2996
-3279
-3122
-2765
-2455
-2164
-1607
-814
-344
-282
-676
-1073
-1052
-465
442
1052
950
380
-113
-455
-9
664
1094
973
497
-252
-566
-392
-82
7
-299
-871
-1370
-1220
-724
-440
-767
-1392
-2291
-2663
-1991
-636
347
445
-384
-1125
-859
112
1763
2929
3292
3021
2595
2497
2837
3696
4752
5243
4957
4396
3821
3579
3835
4599
4825
4649
3950
3396
3068
2978
3243
3410
3553
3219
2473
1830
2021
2283
2277
1867
1394
1211
1189
1114
727
435
280
179
41
-144
-312
-524
-797
-1120
-1269
-1202
-1153
-1028
-952
-1055
-1533
-1804
-1595
-1430
-1097
-967
-1179
-1638
-1985
-1748
-1487
-1177
-1262
-1677
-2060
-2061
-1846
-1552
-1672
-1816
-1853
-2003
-1882
-1826
-1792
-1951
-2053
-1937
-1709
-1256
-1047
-1394
-1911
-2129
-1771
-1170
-836
-795
-956
-1162
-1027
-659
-397
-61
-88
-214
-338
-385
-341
-296
-437
-248
35
249
328
-63
-539
-774
-787
-461
104
328
154
-504
-1115
-1298
-773
-386
-126
-271
-715
-1132
-1325
-1119
-863
-702
-1099
-1503
-1490
-1000
-342
-37
-489
-947
-1244
-846
-72
708
999
1198
1028
624
690
1169
2184
2761
2895
2504
1943
1965
2379
2819
3009
2801
2595
2455
2389
2349
2581
2597
2312
2314
2296
2193
2005
2037
1499
981
718
809
1249
1328
1098
77
-401
-539
-419
-147
-275
-339
-717
-1125
-1363
-1351
-1113
-843
-662
-840
-1299
-1485
-1162
-822
-733
-767
-939
-849
-928
-1042
-833
-844
-962
-1231
-1341
-1266
-1129
-1248
-1716
-2189
-2317
-2107
-2004
-1684
-1364
-1513
-1963
-2350
-2340
-1982
-1623
-1524
-1838
-2112
-1906
-1351
-1099
-996
-1136
-1236
-1015
-585
-125
39
25
-269
-259
-70
209
562
709
541
306
80
58
124
323
329
32
-181
-395
-665
-821
-707
-707
-571
-716
-1051
-1239
-1615
-1684
-1403
-1213
-1298
-1344
-1836
-2177
-2422
-2449
-1913
-1275
-865
-1289
-2063
-2447
-2074
-1242
-102
300
125
-205
-720
-999
-760
-68
753
1251
1099
809
560
623
929
1319
1631
1685
1734
1541
1390
1379
1609
1607
1635
1742
1530
1742
2001
2005
1650
1333
1496
1795
2033
1656
1213
716
447
818
1195
1237
1077
685
334
166
275
676
1048
1247
1097
740
502
486
464
705
837
953
1161
1011
1135
991
738
551
534
462
520
737
709
375
-307
-745
-910
-803
-497
-359
-480
-1007
-1737
-1946
-1673
-1286
-1188
-1212
-1599
-1651
-1468
-1137
-1057
-1153
-1062
-796
-492
-112
219
537
559
493
433
496
1009
1332
1615
1389
1229
976
1032
1216
1441
1473
1134
827
406
334
310
302
410
579
515
406
-37
-614
-630
-136
207
370
0
-647
-1390
-1633
-1257
-452
132
-84
-665
-1121
-1240
-821
-19
374
504
580
203
-71
-149
109
781
1054
875
718
660
609
829
909
1029
1032
915
756
485
749
1149
1317
1047
624
619
739
849
725
503
319
299
456
340
-160
-729
-970
-777
-396
-353
-649
-974
-1126
-1285
-1510
-1634
-1447
-1138
-1001
-1070
-1353
-1410
-1287
-1391
-1441
-1490
-1296
-1019
-929
-890
-871
-763
-594
-429
-411
-248
-130
19
-230
-746
-905
-911
-779
-618
-566
-618
-946
-1459
-1722
-1355
-950
-807
-1026
-1517
-1668
-1529
-1171
-955
-790
-859
-913
-884
-601
-202
-97
204
357
209
46
300
642
810
968
777
388
259
635
863
991
957
861
747
865
876
705
663
726
1101
1217
1042
862
660
675
726
901
1096
1111
1049
568
567
766
1227
1482
1480
1304
1165
1234
1397
1935
2080
1969
1777
1466
978
1119
1493
1749
1585
1263
1058
953
1225
1397
1248
989
745
447
492
703
796
725
446
99
44
465
736
517
127
-413
-532
-269
18
35
-348
-841
-1141
-1291
-1163
-948
-1038
-1016
-1327
-1586
-1790
-1713
-1562
-1272
-1188
-1546
-1761
-1894
-1747
-1557
-1467
-1193
-1074
-1140
-1152
-1200
-1006
-752
-891
-847
-635
-441
-110
84
42
-260
-344
-467
-496
-72
200
149
-229
-570
-898
-706
-372
-493
-432
-525
-567
-662
-856
-897
-734
-625
-296
-162
-237
-342
-545
-533
-377
5
484
792
550
135
-120
-108
55
363
518
337
-51
-541
-579
-380
-1
110
-85
-377
-485
-415
-447
-246
-243
-341
-461
-780
-720
-568
-566
-662
-654
-488
-101
-48
-69
-181
-303
-204
155
629
840
837
484
296
171
439
748
911
977
677
437
345
638
793
856
579
346
478
336
627
967
965
793
296
187
308
587
803
815
615
380
398
371
425
354
318
70
-18
-213
-261
-177
31
63
-209
-401
-632
-567
-468
-494
-703
-859
-1031
-1267
-1264
-921
-699
-590
-569
-819
-899
-732
-489
-288
-277
-581
-609
-467
-385
-415
-444
-571
-556
-410
-340
-286
-292
-228
-323
-401
-443
-330
-159
-219
-383
-352
-393
-442
-383
-191
-65
207
37
-46
-20
64
293
391
428
233
232
122
122
143
180
247
365
292
119
98
-214
-354
-328
-297
-137
-133
-96
-122
-118
-285
-293
-179
-13
124
338
226
-100
-351
-602
-656
-201
250
629
780
548
46
-197
225
731
1171
1352
1306
908
648
794
1265
1608
1814
1486
989
679
812
924
868
794
694
815
671
663
546
647
658
475
528
553
635
627
368
-43
-278
-332
92
207
-89
-553
-866
-953
-1128
-1107
-1054
-1009
-1102
-1261
-1436
-1557
-1433
-1238
-1237
-1292
-1557
-1683
-1821
-1740
-1456
-1253
-1172
-1217
-1148
-1267
-1215
-958
-737
-729
-674
-663
-449
-324
-373
-516
-653
-578
-555
-319
-193
12
-69
-325
-508
-722
-518
-189
80
-45
-93
-466
-511
-216
231
454
389
266
15
-99
-65
300
303
305
273
315
202
49
-26
-47
33
171
136
61
-66
-176
-188
-136
-264
-367
-355
-371
-225
-233
-171
-239
-491
-600
-431
-280
-125
15
106
-172
-418
-263
-15
237
598
711
437
212
4
175
589
998
1021
945
851
842
891
1200
1355
1232
1181
1042
1032
1233
1048
845
735
694
659
666
820
899
717
354
154
36
156
401
458
256
-143
-473
-446
-441
-579
-682
-947
-936
-1083
-1241
-1303
-1479
-1740
-1753
-1875
-1697
-1630
-1603
