14
12
79
259
297
114
9
61
-52
-126
-165
-312
-339
-264
-136
-129
-235
-207
-76
-121
-78
-89
-3
124
41
-75
-118
-130
80
31
-70
57
99
154
60
154
280
309
151
17
58
213
313
328
389
286
121
102
93
122
215
355
267
115
125
137
88
149
142
106
219
317
283
272
470
362
432
430
249
413
548
645
555
542
536
593
496
481
384
518
416
467
566
512
571
441
564
508
398
351
451
382
371
403
381
417
342
367
589
519
468
469
461
343
362
411
482
525
418
366
259
293
316
338
364
347
289
438
477
449
475
428
322
294
246
189
20
30
-72
-45
-58
-262
-244
-157
-240
-304
-443
-592
-601
-495
-541
-617
-692
-636
-623
-761
-786
-716
-703
-770
-683
-672
-659
-733
-568
-604
-521
-611
-723
-490
-583
-729
-641
-403
-480
-582
-505
-598
-576
-466
-543
-553
-476
-349
-370
-420
-600
-684
-667
-664
-781
-710
-583
-582
-547
-557
-458
-453
-347
-336
-419
-365
-427
-456
-449
-301
-378
-360
-280
-381
-331
-385
-151
-74
-220
-183
-35
109
118
216
408
469
301
485
380
381
448
426
448
509
609
468
398
480
567
415
570
666
522
451
406
360
236
254
220
156
230
27
84
73
22
35
-37
-126
-186
-146
-258
-152
-186
-345
-437
-451
-504
-567
-414
-432
-405
-249
-307
-341
-354
-399
-326
-328
-348
-343
-420
-381
-165
-250
-352
-137
-113
102
-117
-119
-80
-161
-45
-65
-10
-58
10
10
97
85
26
-88
-132
133
236
133
114
83
80
79
240
214
209
265
151
104
125
290
271
351
298
335
371
464
312
228
177
247
284
237
392
271
251
185
190
323
306
198
237
195
195
157
208
129
89
225
61
-67
-247
-233
-164
-273
-333
-281
-257
-143
-240
-216
-232
-210
-220
-199
-28
-88
-101
-100
-137
-244
-218
-127
-194
-265
-256
-378
-226
-102
-209
-199
-132
-31
-103
-85
-142
-178
-124
-222
-111
-8
-79
63
-2
-88
49
139
76
-4
99
214
183
110
161
268
343
371
454
426
482
469
474
398
468
461
460
523
453
435
451
554
692
663
591
557
562
521
396
517
469
366
387
395
499
431
436
452
288
470
674
403
323
238
252
377
505
499
387
510
570
554
541
565
626
518
507
539
424
415
521
440
516
690
548
486
601
707
604
366
420
578
583
466
324
366
223
304
463
320
338
202
105
12
-122
-101
-51
-54
-125
-29
-157
-244
-295
-351
-415
-431
-326
-422
-521
-473
-451
-677
-561
-502
-573
-521
-533
-558
-612
-689
-590
-618
-395
-453
-588
-433
-420
-413
-451
-369
-350
-300
-365
-281
-99
-46
34
69
188
239
218
200
61
162
14
103
101
168
47
69
284
190
233
238
288
347
246
203
211
160
149
209
150
269
173
299
170
193
-23
441
1349
447
627
494
115
222
-191
-186
288
745
2053
1061
-186
353
-370
434
-792
272
828
1342
1170
840
-127
-356
50
-145
305
-381
-792
-1027
-572
-1269
-386
-697
-431
-435
549
-51
619
897
694
1532
1250
618
1803
1307
960
847
344
685
777
-81
1990
667
368
361
129
120
-1306
-311
-759
-1698
-758
-1013
-1626
-2021
-1432
-180
-1688
-785
-514
-334
4
-645
736
-199
-506
-309
-489
-46
-338
70
-238
-684
-590
-670
76
-643
-1015
-444
-597
-525
-769
-520
-882
-1349
-931
-831
-317
-1094
-313
-247
-765
-372
-340
194
-309
-405
180
203
296
397
244
60
-228
592
385
325
133
195
495
103
428
555
240
485
479
784
711
617
489
415
468
428
573
110
335
291
154
180
-156
-170
333
-116
60
-205
168
-439
-505
-2
-270
-524
-543
-392
-496
-321
26
-266
-609
-387
-450
-226
-488
-61
-80
312
259
-40
-73
-247
-407
-152
-7
189
132
156
368
269
82
-113
13
496
590
327
747
1055
681
339
683
977
867
642
1193
978
980
955
903
982
702
1054
1174
1534
1177
830
1410
1180
627
950
1053
1117
576
653
1251
356
257
233
557
265
38
533
59
-254
-353
-169
-208
-573
-295
-90
-372
-83
-524
-247
-269
-337
-42
-81
499
140
-295
-115
-126
-384
-300
-212
141
109
-206
-151
-478
-386
-354
-422
-149
-281
-551
-172
-308
-568
-431
-331
325
-251
33
129
-68
-187
-129
-102
-182
-299
-181
-240
-12
-274
-432
-24
70
-54
5
167
198
-25
270
-4
-122
-329
-37
399
177
434
515
515
104
308
384
-9
164
480
469
886
807
484
290
357
438
124
475
361
792
496
785
1007
916
1103
745
807
1047
1285
1033
757
919
556
326
618
726
754
584
512
419
512
585
443
288
535
419
378
108
388
421
105
242
228
142
6
-110
-347
-18
45
-248
-307
-278
-211
-11
167
67
62
-177
-188
-228
-236
-139
-322
-405
16
-384
-302
-315
17
-228
-259
540
53
69
-270
-14
181
-624
189
-229
-397
754
-446
265
-252
136
222
-341
-323
-266
-392
-201
-964
-788
-826
27
-1858
-315
-1344
-667
-1642
-2454
-913
-2527
-1929
-2672
-2459
-2162
-2789
-1889
-2431
-1417
-1511
-1400
-1129
-1319
-145
-882
763
1558
2303
2932
2358
3051
2579
2883
3434
3143
3392
3671
3231
2849
2467
2337
1918
1071
702
894
959
488
267
-259
-528
-843
-1027
-728
-653
-326
-378
-338
419
681
1108
1171
1655
2372
2432
3458
3750
4003
3872
4159
4410
4060
4145
4040
3664
3352
2842
2780
2434
2054
1516
1312
1469
1107
742
339
91
-277
-355
-415
-494
-1006
-707
-611
-697
-567
-534
-525
-376
-39
-72
64
307
115
249
35
-89
-10
-169
-127
-747
-1000
-840
-1648
-1940
-2394
-2602
-2605
-3074
-3406
-3829
-4010
-4063
-4901
-5215
-4884
-5380
-5348
-5445
-5419
-5023
-4344
-3528
-3034
-3126
-2998
-2443
-1816
-1133
49
851
2066
2993
3036
3331
2609
3060
3875
3838
4057
3150
2652
2428
2500
2628
1230
414
-84
-328
-40
-449
-487
-1566
-2137
-2427
-3183
-2932
-3151
-2848
-3040
-2779
-2337
-2056
-1175
-906
-474
-318
89
1072
1530
2417
2240
2354
2485
2894
3371
3487
3233
3307
3282
2915
2404
2400
2557
2063
2027
1702
1391
1047
1090
1088
819
522
-217
-737
-763
-521
-230
-88
453
560
380
-178
-747
-604
-14
790
1154
935
790
916
1239
2001
1861
1344
1058
1478
1794
2170
2177
1932
1634
1087
1057
1114
1546
1723
1732
780
666
1002
1379
1861
1414
544
182
420
743
993
-373
-529
-78
505
729
-501
-1232
-785
-411
-303
-1115
-1399
-1000
-1475
-376
-1407
-893
-2130
-2216
-1787
-2202
-1984
-3546
-3036
-2915
-2711
-2299
-2815
-2930
-3544
-3758
-3485
-3072
-2359
-2005
-1718
-1945
-2038
-1818
-1717
-2032
-1782
-1360
-995
-1608
-1722
-1800
-941
-701
-672
-1059
-1854
-2399
-2191
-1321
-1006
-1599
-2566
-3188
-2897
-1822
-1615
-1789
-2615
-3188
-2996
-1905
-675
-194
-602
-959
-657
-249
643
1226
1435
1252
1029
1483
1970
2335
2412
1972
1435
1438
1760
2146
2406
2225
1895
1402
877
775
1113
1046
727
426
24
-203
-217
-14
1
-254
-249
-526
-553
-110
27
-45
-313
-172
-274
370
800
810
293
168
374
825
1470
1390
1415
619
730
1280
2034
2625
2259
1500
1454
1938
2564
3082
2524
2109
1510
1689
2071
2394
2294
1347
1253
1225
1777
2025
1985
1538
1078
1530
1429
1313
1248
1284
1398
1246
792
904
590
424
284
-233
-85
81
457
369
-64
-817
-1457
-1721
-1533
-1822
-1971
-2408
-2574
-2963
-3532
-3833
-3269
-2961
-3129
-3426
-3670
-3910
-3943
-3506
-2659
-2012
-1976
-1912
-1818
-1982
-1691
-1120
-718
-207
57
-137
-337
-231
106
1010
1086
409
-650
-1090
-956
-267
407
-64
-1022
-2190
-2344
-1835
-1132
-1393
-2214
-2897
-3037
-2658
-1713
-840
-686
-1202
-1445
-1106
-419
334
784
840
675
697
1125
1368
1915
1840
1356
1570
1676
1775
2118
2299
2197
2026
1822
1604
1127
1088
1354
1524
1391
1006
835
425
731
627
504
565
614
1225
1278
1224
682
549
653
925
1461
1483
791
349
461
774
1430
1271
503
-41
128
947
1442
1094
705
399
675
526
982
1309
1090
1119
891
1435
1060
1172
1461
1026
1285
1204
1113
1553
1724
1973
1583
1255
1996
2162
1982
1658
1399
1138
1503
1309
1189
642
443
270
-11
58
-335
-572
-542
-1313
-1770
-2389
-2475
-2684
-2734
-2447
-3342
-3834
-4141
-3583
-3012
-3374
-3882
-4547
-4979
-4271
-3133
-2363
-1991
-1967
-2275
-2483
-2581
-2159
-1446
-725
-359
-609
-906
-1404
-1173
-352
121
-68
-839
-1380
-1123
-374
559
623
-288
-1487
-2062
-1860
-776
-13
-33
-601
-998
-811
-197
813
1207
1114
407
189
554
1433
2017
2194
2035
1890
1616
1606
1739
1990
2406
2201
1854
1545
1100
1253
1442
1968
1670
1195
855
760
1429
1916
1872
1402
804
668
1212
1214
1214
655
347
303
247
496
790
713
298
-94
236
669
960
806
448
-142
98
277
407
253
-75
-271
-282
-112
271
302
154
-426
-894
-865
-577
-117
-16
128
63
-131
-120
211
587
719
473
489
556
1017
1247
1355
1558
1023
1217
1456
1379
1464
1104
1442
1271
921
912
644
1114
794
406
-300
-419
-328
-216
-427
-1204
-1504
-1286
-1305
-1853
-2076
-2379
-2236
-2465
-2966
-3357
-3160
-2567
-2183
-2278
-3117
-3544
-3735
-3526
-3095
-2487
-1518
-1214
-1559
-2140
-2234
-1634
-884
-475
-485
-965
-1149
-1092
-294
229
471
33
-868
-1390
-810
537
1239
1244
342
-514
-823
-318
436
720
529
136
236
434
1122
1512
1266
1280
1383
1617
2204
2537
2519
2259
1797
1655
1945
2595
3223
3000
2343
2104
2196
2485
2840
2689
2066
1419
929
1154
1526
1862
1681
807
372
186
537
923
746
508
86
181
411
475
473
330
223
-81
-554
-704
27
174
409
-9
-668
-1090
-1016
-246
384
788
301
-482
-629
-132
661
981
538
243
-32
46
532
544
1622
1589
894
168
-547
972
2322
2676
1694
300
-188
887
1729
2457
1534
726
356
221
710
1109
1354
1309
659
-83
-522
-48
308
473
364
-172
-794
-2024
-1285
-471
-389
-860
-2432
-2793
-3197
-2867
-1988
-2677
-2373
-2958
-3736
-3626
-3829
-3377
-3604
-3146
-2418
-1594
-1099
-1499
-2256
-2741
-1794
-939
-175
65
-724
-1635
-1855
-793
314
684
109
-1125
-1519
-748
573
1362
508
-696
-1945
-1948
-916
76
584
-206
-950
-1525
-703
235
988
1016
552
362
415
1068
1828
2263
2156
1629
1071
1507
2312
2876
2714
2195
1443
1201
1213
1799
2427
2638
2013
1229
693
1232
1768
1747
1205
486
399
687
915
725
559
507
316
107
-58
-101
22
-125
-71
-590
-599
-700
-732
-509
-821
-1029
-1126
-802
-302
-38
-400
-1175
-1514
-536
698
793
608
248
610
565
574
515
1141
1636
1519
1150
953
1789
2019
1255
403
273
1429
2852
1608
285
-493
829
2266
1473
-406
-2233
-1201
1546
3413
2229
-1214
-3141
-3012
-394
1089
236
-2174
-3591
-2619
-1318
-2218
-3475
-4636
-4696
-3020
-1801
-1458
-3517
-5120
-4994
-3948
-2614
-2461
-2498
-1515
-48
719
-670
-2661
-2481
-423
1851
2599
1021
-736
-912
328
1629
1431
-442
-2277
-2185
-131
2009
1959
-526
-3191
-4152
-2603
-590
-17
-1260
-2921
-3149
-1918
-321
132
-625
-1753
-1617
-23
1582
2010
1558
1038
941
1662
2450
2805
3175
3195
3354
3625
3319
3196
3052
3221
3652
3531
3171
2594
2836
3261
3517
3043
2506
1702
1316
1799
2169
2162
1549
1058
998
1153
1407
1092
41
-573
-130
746
1264
1012
-77
-885
-843
-278
-61
-545
-836
-1383
-1119
-234
294
298
-690
-1714
-1518
-719
811
355
-545
-926
-419
330
185
-339
-366
-220
-41
-739
-350
1472
1811
981
-1268
-1963
-995
628
1418
185
-1028
-1379
-1201
-951
-1271
-1594
-1795
-2163
-2486
-1923
-1154
-2154
-3277
-4604
-5026
-4445
-3660
-2438
-2181
-2201
-2764
-4484
-5404
-4490
-1877
452
1349
1606
1278
418
-534
-643
1276
3329
4232
3258
1652
519
1050
2284
2038
939
-422
-464
688
1843
1565
-521
-2945
-3796
-3108
-1890
-1673
-2345
-2903
-3490
-3557
-3790
-3707
-3228
-2195
-921
-133
-448
-636
-695
431
1475
1928
1544
1453
2503
3958
4838
3825
2405
1729
2305
3727
4568
4455
3131
1880
1816
2063
2254
1887
1351
880
928
1224
1245
415
-645
-860
-333
441
735
714
448
432
217
-171
-369
498
1772
2328
1772
319
-393
267
1965
2713
1752
570
472
1573
2717
2742
1522
120
128
1573
2839
2814
1654
447
314
918
1588
1578
1332
766
511
788
669
599
411
623
414
-87
-363
-196
519
802
-451
-1976
-2235
-1647
-533
-1033
-2245
-3900
-4267
-3410
-3285
-4070
-4709
-4102
-2801
-1573
-2300
-4213
-5604
-5012
-2755
-465
1001
2087
2539
1973
-776
-2496
-316
4682
8110
7057
2764
-709
-816
2152
4031
2898
89
-1010
-153
1231
736
-1377
-4363
-5411
-4285
-2870
-2324
-2714
-3546
-5023
-6045
-6394
-5873
-3916
-1822
-727
-1337
-2091
-2199
-1171
-13
440
597
1553
2853
4296
4683
4004
3305
3288
4049
4981
5525
5437
5155
4632
3776
2777
2423
2710
3025
2915
2054
351
-587
-90
528
-21
-1647
-2407
-2071
-1106
-540
-919
-2253
-2201
-1019
54
-102
-1138
-906
209
1077
1324
508
-258
34
1612
2442
2566
2634
2858
2588
2445
2355
2470
2486
2490
2522
1604
1063
972
795
235
-617
-804
-624
-370
-446
-648
-1607
-2521
-2340
-2337
-2153
-2185
-2620
-2980
-3680
-3938
-3628
-3765
-4017
-3983
-4099
-4714
-5636
-6106
-5870
-5247
-2974
-1245
-1231
-3264
-5406
-5702
-3864
-1617
1073
3163
5112
5080
2313
-1895
-2675
2005
8317
10102
6355
936
-1502
-456
1817
2015
245
-1165
-1395
-1505
-2039
-2997
-4139
-5916
-7484
-7281
-5803
-3961
-3954
-5505
-8007
-9314
-7780
-4541
-2030
-1118
-1643
-2057
-2237
-1002
69
825
1994
3436
4117
4135
3971
4260
4332
4489
4514
4967
6229
6952
6903
5791
4287
3257
3238
4040
4358
3626
2776
2047
1270
814
452
-38
-247
-603
-838
-927
-1145
-723
-731
-1961
-3043
-2056
171
1076
302
-957
-1845
-1058
686
2035
1757
1365
1757
2169
1764
2265
2912
3577
3450
3288
3558
3124
2993
2942
2293
1887
2217
2881
2307
1192
387
-474
-938
-1088
-848
-986
-1485
-1857
-2935
-4154
-4893
-5231
-5433
-5662
-5780
-5526
-5880
-6654
-7381
-8129
-8722
-9004
-7814
-4279
-1515
-1812
-5547
-8435
-7476
-3571
79
2020
2464
4766
5444
2706
-1047
379
8157
13676
11872
5400
243
210
3269
4943
4396
3376
3255
1107
-2777
-5167
-4312
-2831
-3447
-4535
-4493
-5220
-6155
-8292
-9875
-9586
-6878
-4199
-3522
-3913
-3520
-3650
-4177
-4367
-2334
709
3592
4690
3292
1650
1363
2608
4341
5541
6460
6767
5776
4971
4202
4008
4385
4680
4392
4324
5337
5596
4417
2291
891
1345
2523
2826
2331
696
346
222
-434
-795
-234
963
1075
-253
-1491
-1077
723
2375
2491
1227
162
583
1131
1158
2437
3901
4533
3958
3292
3302
3459
3706
3999
3800
4005
4786
4940
3753
2062
1675
1793
2134
2382
2226
1307
155
-610
-1380
-1865
-1965
-2102
-3001
-4127
-4320
-4478
-5073
-6302
-7359
-7869
-8083
-8065
-8583
-9336
-8088
-5090
-4074
-6162
-9510
-9292
-6800
-3565
-1231
628
2849
4985
1855
-3103
-4755
2539
11860
13848
8234
1619
-713
1060
3212
4770
4724
4448
1996
-2490
-4839
-3787
-1934
-3509
-6155
-6164
-4606
-5316
-8210
-11348
-10916
-7696
-4755
-4801
-5872
-5940
-5263
-5558
-4747
-2255
1213
2330
1997
884
575
1958
3414
4250
4926
6101
6743
6019
4497
3640
3650
4986
5787
5744
4262
2957
2180
2122
2627
2812
2046
920
267
368
72
-449
-1275
-1977
-750
114
-192
-1987
-2300
-1605
-682
305
1158
949
697
886
1636
2350
3516
4270
3697
2745
3599
5082
5787
5678
5614
4982
5036
5736
6030
5666
5293
5296
4929
4496
4654
4155
2847
2045
1824
1914
1387
925
-185
-1532
-1944
-1906
-1947
-2718
-3091
-3690
-4601
-5321
-5649
-5769
-6265
-6907
-5949
-3219
-2821
-4618
-8226
-8430
-5615
-2530
-857
253
1862
3982
1155
-3564
-4167
3381
12462
12950
6282
-811
-2908
-458
3893
7216
7441
4959
29
-5850
-6827
-3101
323
-1719
-5180
-6049
-5680
-7349
-9526
-10782
-9709
-7046
-5214
-6242
-7857
-7445
-6442
-6174
-4307
-973
825
-94
-1187
-1022
115
2366
3906
4557
5218
5739
5294
3915
3898
5415
6692
7138
6965
5838
3953
2456
3028
3591
4468
4300
3046
1428
84
-320
-181
-743
-111
-75
-1124
-1758
-2315
-2202
-2889
-3055
-2247
-1009
-407
-490
-725
-516
281
1484
1694
2041
2271
2635
2875
3268
4489
5673
5294
4416
3955
4378
5549
6369
6329
5233
4373
3884
3419
3441
3397
3130
2261
1587
1774
1221
6
-1716
-2715
-2241
-1255
-1036
-2254
-4098
-5266
-5102
-4761
-4564
-4638
-6294
-7496
-4643
-1424
-1046
-4363
-8106
-7055
-3798
-574
1080
516
2157
3253
-557
-3131
-574
8617
13101
8711
1921
-2253
-630
3911
7440
8130
5696
2668
-2437
-5537
-2765
1954
2351
-1574
-3983
-4348
-5503
-7941
-9409
-8690
-5677
-2793
-3842
-7983
-9587
-8201
-6283
-4280
-1154
141
-1627
-3873
-3047
-691
1094
1730
1128
837
2591
4468
4358
3155
3247
4607
5503
6322
6200
4618
2296
2869
4036
5291
5985
3733
934
-815
115
1967
1666
782
-882
-2574
-1087
-1621
-2769
-3844
-3312
-1846
-2340
-2652
-3420
-3772
-2159
142
1362
703
117
-369
-763
996
4295
5563
4815
3638
3292
3369
4509
6411
7036
6726
6814
6164
4655
4028
5331
6099
5745
5653
4491
3016
2198
1777
1151
335
732
800
-623
-1999
-3155
-3953
-4593
-4558
-4771
-4926
-5320
-6400
-7214
-5059
-2986
-3789
-6994
-8056
-5027
-2572
-682
579
768
2810
2100
-1916
-2550
2319
11873
13594
7656
1535
-615
1683
5918
8728
8677
6300
2944
-1979
-3578
-306
3856
2756
-1836
-3799
-3862
-5019
-6494
-6972
-6094
-3587
-2545
-4794
-8133
-8386
-5574
-2924
-1402
239
-576
-2927
-3836
-1527
714
2264
2535
1638
1267
2393
3314
3257
3046
4002
4977
5490
5788
4903
2882
2332
3910
5268
5350
4525
2808
1017
428
1543
2343
2202
888
-1394
-2695
-2554
-946
-911
-2407
-3416
-4184
-4165
-3313
-2810
-2453
-2711
-2330
-1664
-1255
-463
169
-67
138
1549
2904
3093
2562
2434
2891
3564
4308
4673
4543
4102
3861
3884
4229
4650
4210
2825
1912
1939
2676
2713
1598
131
-1057
-1394
-1528
-1957
-2396
-2935
-3845
-5077
-5842
-5773
-5809
-6435
-7568
-8456
-7437
-4152
-4171
-6473
-9621
-8925
-5197
-3276
-2201
-1937
-1873
717
-440
-3074
-2636
3202
10026
8639
2768
-1448
-1237
2265
5991
7510
5518
2583
-468
-3590
-3280
536
3528
538
-3805
-5160
-5264
-6738
-7620
-6715
-4499
-2881
-4053
-8427
-10221
-7051
-2163
-907
-1570
-1935
-2596
-3181
-2001
486
2138
3462
3602
2619
2061
2779
3643
4220
5372
7490
7570
6167
5075
4013
4123
5549
7114
6893
5113
3890
2149
1705
3357
4306
3011
1034
-775
-1166
-1218
-419
-188
-2174
-2914
-2967
-3649
-3780
-3035
-2401
-2143
-1584
-1213
-2076
-2552
-1693
-229
192
1038
2087
1418
1111
2003
2968
3682
4500
4781
4332
3920
4652
5173
4924
4799
4724
3540
2780
3254
3863
2914
2063
1485
897
332
-144
-778
-1756
-2267
-2592
-3851
-4557
-4272
-4921
-5927
-7007
-7218
-7798
-5540
-3854
-4947
-7797
-9645
-6739
-4184
-3264
-2040
-2169
-251
1161
-1876
-3450
-912
7259
10170
5762
1054
-779
1330
4324
6285
6156
4133
2262
-1153
-3228
-1015
3128
2748
-2455
-4742
-4921
-5345
-6933
-7084
-5668
-4417
-4384
-7785
-10841
-9050
-4680
-2608
-4262
-4484
-4090
-4382
-4417
-2563
-38
1094
1348
-93
-1270
489
2818
4350
4584
5693
6136
4583
3857
4065
4602
5558
7323
8138
6247
3843
2962
2750
4282
6257
5296
2263
-481
-877
167
1396
2138
636
-2186
-2653
-2193
-2270
-1846
-992
-158
-563
-1058
-1388
-2095
-1812
211
1749
2521
2869
2052
459
905
3096
5141
5869
5608
5206
4161
3747
4810
5776
5832
5518
4231
3107
3299
3784
3376
2226
1550
1529
916
-190
-810
-1675
-2297
-2247
-2694
-3362
-4639
-5972
-7498
-7407
-6560
-6167
-7287
-5811
-5267
-6743
-8694
-9408
-6533
-4545
-3941
-2704
-3110
-463
1020
-2709
-4116
-1274
7451
9130
4464
30
-1252
1637
4934
6759
5423
3178
1618
-2245
-3167
-102
4144
2467
-3117
-5053
-4788
-4796
-5808
-5738
-5074
-4515
-4758
-7959
-9908
-7447
-3526
-2505
-4468
-4096
-3697
-4852
-4993
-2503
27
1275
810
-832
-2019
369
2895
3941
3981
5181
5471
3853
4283
4648
4821
5685
6923
6719
4540
3846
4233
4377
5271
5440
3734
1109
358
1181
1665
1833
1038
-1174
-2777
-2406
-2353
-2532
-1191
18
-606
-2575
-2681
-1391
-1282
-652
387
979
1427
1603
664
-10
1954
4522
5549
5311
4952
4538
3577
4431
6241
6820
6420
5582
4525
3780
4516
5306
4763
3587
2880
2312
1189
691
655
-181
-668
-1080
-2001
-3205
-4232
-4778
-5348
-5433
-5601
-6780
-8783
-6879
-5612
-5983
-7656
-8466
-7019
-5736
-4727
-3016
-3221
-272
712
-3137
-4523
-1043
7080
8518
3944
-93
-564
2255
5490
6837
5009
2968
1642
-1170
-1541
1173
4552
2028
-3085
-4467
-3696
-3818
-4385
-4501
-4234
-4042
-4723
-7729
-9166
-6763
-3289
-2418
-3956
-3795
-4474
-5458
-4937
-1683
794
772
-644
-2546
-3058
114
3338
4685
3934
4134
3596
2624
3652
4542
5531
5813
6429
5605
3637
3834
4162
4197
4177
4304
3891
2046
1686
1015
782
545
448
-12
-1647
-2025
-1843
-1753
-870
-679
-1553
-3199
-2935
-1987
-1174
-474
-352
-365
-1039
-876
28
1005
2766
4203
4129
3608
3288
3318
3716
4858
6064
6270
6241
5816
4745
3951
4169
5001
5223
5006
4436
3414
1832
879
703
480
757
448
-1137
-2339
-2745
-2933
-3667
-4363
-5452
-6378
-7621
-4751
-3472
-4767
-6790
-8612
-7277
-5512
-3988
-2128
-2973
-1028
-399
-3546
-3959
-1083
6302
7294
3572
269
-329
2081
4289
5038
4008
3241
2638
-655
-1957
-547
2496
928
-2687
-2941
-2237
-2921
-4798
-5315
-4583
-3786
-4116
-6737
-7948
-5772
-2953
-2671
-4929
-4500
-4556
-4384
-3575
-1159
373
-146
-1361
-2610
-2325
982
3463
4140
2801
2859
3521
2912
4226
4991
5672
5207
5102
4831
3466
3918
4653
4542
4327
4322
3587
1845
1614
2096
2060
1160
304
-610
-1615
-1280
-738
-803
-462
-241
-1220
-2927
-2588
-1082
-427
-334
-451
-506
-978
-446
585
1710
3125
4183
3587
2685
2778
3691
4231
4860
6025
6217
5868
4958
3807
3305
4164
5740
6037
4898
3577
1893
466
505
1001
1209
764
-420
-1742
-3123
-3168
-3106
-3624
-4750
-4929
-6233
-5487
-4196
-4898
-6171
-8043
-6641
-5213
-4873
-3353
-2795
-2191
-576
-3190
-4158
-3161
3042
6166
2971
325
-1061
790
2205
3040
3407
2523
2406
51
-2312
-1946
771
1684
-1992
-3227
-2782
-3202
-4986
-5715
-4696
-3958
-4046
-6004
-8192
-6884
-3950
-2370
-4682
-5510
-4389
-3846
-3114
-1957
-917
-1762
-2490
-2014
-1017
1303
2909
2743
2132
2062
3838
3150
3457
4520
5239
5577
5195
5411
4422
3370
4284
4384
4973
4630
3845
2347
700
1805
2360
1793
674
-826
-1670
-1722
-681
-240
-809
-1540
-2294
-2509
-2266
-694
-311
-648
-1136
-1660
-1231
-400
478
1204
1530
2091
2381
2381
2097
2677
3228
3925
5292
5310
4537
3588
3107
3518
4675
5699
5795
4365
2798
1594
1483
1815
2491
2088
873
165
-905
-2212
-2888
-2947
-2400
-2736
-3382
-5076
-5866
-4225
-4217
-4811
-6444
-5889
-4803
-5338
-5009
-3357
-2467
-590
-2118
-4402
-3968
407
4929
2811
-562
-1705
-536
1316
2373
2662
1252
522
112
-1992
-2498
-923
1219
-1083
-3562
-2944
-2816
-4157
-5070
-4895
-4196
-4138
-4377
-6516
-6742
-4218
-2157
-3488
-5592
-4603
-3353
-2438
-1312
-748
-1478
-2278
-1014
180
469
1926
2617
2633
2228
3273
3963
3445
4142
4830
4705
4754
5357
5301
3924
4125
4781
4917
4909
4028
3022
1454
2046
3042
2180
838
-441
-1255
-1625
-527
529
-433
-1454
-2189
-1880
-1767
-591
349
-885
-1524
-1204
-304
404
887
1020
772
1453
2560
2999
2575
2585
3550
3777
4364
4876
4286
3439
3359
4333
5139
5284
4851
3594
2261
2087
2725
3312
3213
2428
898
-170
-306
-341
-958
-1438
-1220
-1423
-2506
-3713
-5243
-4529
-2173
-2146
-3238
-5463
-5558
-4787
-4483
-2617
-1256
-822
-655
-2874
-4367
-3256
1526
4352
1813
-627
-1404
-315
486
1300
1794
919
409
-1096
-3330
-3253
-824
610
-2480
-4262
-3676
-3879
-5400
-5937
-4323
-3569
-3864
-5306
-7302
-6619
-4020
-2264
-3577
-4420
-3067
-2833
-2901
-2683
-1354
-1107
-941
-11
-137
271
1621
2491
2605
2402
3506
3226
2851
3302
4239
4830
4380
4595
3647
2724
3699
3943
4296
4106
3299
2247
606
1545
1984
1569
947
-145
-898
-1321
-647
-662
-1030
-1155
-1517
-1519
-1346
-78
-313
-1776
-1618
-820
238
588
568
399
242
1239
2144
2543
2441
2575
2671
2291
3549
4525
4270
3498
3142
3408
3580
3732
3453
2382
1980
2721
3212
2580
1831
1146
94
146
451
134
-782
-1560
-1776
-2382
-3018
-3612
-4306
-3640
-2023
-2287
-4306
-6085
-5299
-4134
-3277
-1767
-1039
-1223
-1791
-3098
-3815
-1593
2344
3769
1082
-1334
-1109
-51
644
1133
1027
647
191
-861
-2508
-2659
-901
-506
-2581
-3859
-3672
-4476
-5890
-5104
-3494
-3223
-4487
-6570
-7491
-6120
-3596
-2755
-4056
-4778
-3826
-4167
-4292
-2999
-1275
-599
-1055
-1448
-1473
-737
1056
2099
2034
2350
2882
2934
2632
3235
3886
4223
4678
4906
4310
3924
4272
4387
4245
4087
3861
3170
2521
2875
2920
2829
2137
1170
756
567
1050
1308
1031
1094
712
310
150
823
863
471
706
1182
1396
1000
970
1236
1771
2590
3179
2599
1869
1617
1748
2539
3637
3654
2535
1517
1498
1894
2447
2739
2493
1837
1563
1869
1481
644
-166
-331
-22
591
426
-735
-2122
-2801
-2105
-1975
-2125
-3150
-3729
-3262
-2499
-2762
-3870
-4130
-3775
-3178
-2347
-1457
-810
-1061
-1638
-2140
-2089
356
2518
2718
671
-541
342
1163
1646
1279
529
294
-182
-845
-2060
-1572
-598
-1257
-2940
-4087
-3956
-4455
-4692
-4125
-3536
-3811
-5024
-6206
-6217
-4998
-3036
-2952
-3431
-3977
-3663
-3456
-2968
-1600
-811
-683
-866
-1070
-720
163
1562
2262
2267
2643
2408
2478
2314
3060
3746
3948
4281
3955
3231
3327
3667
3848
3827
3774
3263
2286
1890
2077
2391
1784
1026
692
316
393
361
182
177
328
142
-492
-144
233
217
-151
-159
394
583
719
859
866
1517
2242
2574
2231
2067
2175
2422
3112
3630
3372
2650
2304
2294
2492
3126
3266
2738
1993
1572
1590
1524
1654
1550
1137
530
78
-516
-1184
-1613
-1294
-1438
-1742
-2587
-3059
-3340
-2945
-2856
-3280
-3246
-3113
-3298
-3472
-2999
-1437
-1025
-1752
-2219
-2095
512
1873
2030
59
-1086
255
1789
2658
1922
606
-165
-85
287
-250
-340
-155
-544
-1521
-2506
-2493
-2848
-2888
-2867
-2745
-2741
-3391
-3935
-4464
-4072
-2801
-2083
-2335
-3407
-3543
-2787
-1493
-500
-791
-1435
-1700
-1211
-398
233
1373
1969
1841
953
783
1306
2051
2344
2299
2414
2456
2348
2133
2322
2919
2997
3033
2493
1745
1406
1146
1350
1483
1790
913
-459
-863
-448
257
461
300
-137
-941
-908
-671
-48
13
-135
-385
-990
-561
78
548
508
496
805
879
1264
1433
1724
1830
2082
2358
1961
1191
911
1286
1881
2564
2578
1695
710
615
911
1402
1424
1336
767
294
222
-15
-141
-456
-867
-1064
-1402
-1410
-1297
-1728
-1723
-1486
-1530
-1626
-1841
-1606
-1432
-1055
4
-257
-1030
-1927
-831
1519
1928
1818
413
-428
175
1047
1978
1268
714
-62
-672
-709
-1012
-956
-1367
-1298
-1385
-2630
-3282
-3755
-3402
-3374
-3618
-3433
-3909
-4091
-4650
-4121
-3307
-2646
-2485
-3407
-3514
-2852
-1669
-1243
-1823
-1929
-1798
-970
-121
109
487
682
1248
1139
966
1800
2427
2791
2432
2415
2946
2707
2811
2836
3349
4234
4222
3404
2172
1774
1994
2700
3180
2689
1859
456
-116
321
1324
2279
1759
998
17
-196
110
697
1301
1024
564
-174
-263
387
647
886
744
620
861
1258
1513
1493
1466
1115
1082
1445
1335
1001
755
1014
1467
1244
660
189
-66
108
677
748
387
78
-507
-623
-833
-902
-900
-1146
-1637
-1639
-1592
-1729
-2127
-2325
-1854
-1674
-2128
-2298
-2281
-1818
-1060
-1218
-1560
-1882
-1435
-276
213
402
-89
-758
-812
-246
694
816
420
-564
-1311
-1341
-654
-228
-926
-1671
-1700
-1629
-2131
-2789
-2752
-2533
-2624
-2481
-2295
-2137
-2211
-2257
-2405
-1864
-896
-531
-803
-827
-550
209
286
256
517
727
1233
1652
1898
1721
1794
1755
2189
2597
2698
2780
2697
2559
2657
2825
2756
2223
2480
2850
2852
2507
1926
1825
1627
1156
1345
1482
1400
1029
397
-24
76
548
799
661
392
507
323
466
609
880
581
172
509
785
809
863
626
779
1120
1517
1795
1399
1303
1239
919
781
1112
1188
950
335
165
608
1074
906
433
339
632
959
932
727
320
91
-197
102
-217
-255
-176
-468
-581
-712
-352
-523
-806
-743
-302
-57
-67
-484
-792
-578
323
963
393
-590
-1036
-724
-82
331
-263
-937
-1155
-1159
-1038
-1202
-1306
-1555
-1895
-2283
-2398
-2482
-3017
-3135
-2610
-2221
-2615
-3647
-4322
-3867
-2753
-1859
-1831
-2146
-2567
-2368
-1770
-646
127
476
198
13
91
608
1335
1618
1818
1677
2067
2271
2117
2087
2360
2887
3501
3527
3437
2778
2479
2650
3091
3603
3071
2493
1911
2001
2526
2323
1861
1387
1181
1351
1520
1434
1149
954
476
157
69
228
313
260
153
-88
-294
-375
-209
-19
-136
-492
-845
-950
-796
-750
-642
-454
-679
-764
-854
-973
-1025
-1435
-1811
-1691
-1357
-1495
-1891
-2320
-2477
-1856
-1450
-1385
-1544
-1586
-1472
-1743
-1479
-1315
-688
-251
-233
-461
-810
-650
-352
-70
233
658
1031
1277
749
636
950
1751
2096
1381
569
391
609
695
463
31
-236
-430
-400
-781
-1379
-1560
-1684
-2029
-2389
-2679
-2961
-3427
-3763
-4051
-3960
-4001
-4352
-4494
-4096
-4073
-4406
-4617
-4270
-3568
-3074
-3051
-3105
-2801
-2358
-1810
-1432
-864
-539
-96
55
26
6
421
864
1042
1049
978
1322
1606
1599
1201
1648
2164
2110
1820
1372
1559
2028
2270
2430
2189
2120
2113
2054
2287
2722
2885
2381
1893
2078
2637
2776
2464
1992
1702
1704
2247
2609
2707
2496
2235
2078
1998
2312
2460
2315
1780
1268
801
658
707
560
332
-145
-332
-408
-686
-775
-862
-971
-1064
-1449
-1302
-1347
-1645
-1905
-2323
-2096
-1525
-1164
-661
-439
-345
-380
-361
108
680
1366
1607
1803
1984
2082
2140
2156
2845
3907
4234
3600
2680
2301
2957
3326
3053
2377
1847
1808
1496
1120
721
660
389
-254
-534
-836
-1327
-1669
-1949
-1968
-2041
-2084
-2410
-2890
-2917
-3073
-3094
-2917
-2760
-2242
-1860
-1915
-2054
-1922
-1732
-1499
-1104
-945
-1008
-953
-630
-360
-223
-2
-35
-47
367
938
1039
504
24
-154
49
429
775
688
231
-330
-367
182
563
603
141
-370
-215
488
707
517
22
173
586
917
1361
1300
984
866
1202
1459
1619
1571
1353
1126
1036
1167
1335
1366
1145
986
818
605
599
415
-48
-293
-632
-791
-780
-1174
-1757
-2145
-2388
-2454
-2513
-3009
-3221
-3319
-3308
-3436
-3667
-3531
-2919
-2815
-2962
-3203
-2964
-2449
-2052
-1770
-1600
-1082
-437
-551
-591
-31
1355
2375
2075
1452
894
1240
2095
2435
2247
1598
1298
1007
509
745
904
718
-83
-835
-760
-594
-468
-821
-1486
-1876
-1906
-1608
-1454
-1607
-1714
-1711
-1837
-1884
-1756
-1523
-1244
-1030
-1301
-1461
-1387
-1116
-966
-758
-731
-686
-782
-1068
-1065
-808
-237
-7
-329
-904
-1472
-1414
-961
-696
-607
-1035
-1155
-1298
-1328
-1209
-1241
-1048
-1192
-1271
-1395
-1536
-1693
-1535
-1170
-734
-628
-1051
-1314
-1207
-407
286
399
33
-248
-206
132
566
970
988
861
649
488
805
1233
1281
905
316
57
309
525
390
165
51
-93
-504
-1017
-1204
-1325
-1165
-1388
-1890
-2255
-2335
-2363
-2124
-1831
-1612
-1670
-1910
-2047
-1762
-1073
-794
-651
-693
-307
101
164
246
574
1263
1756
1380
1065
905
1571
1910
1958
1933
2040
1881
1482
1212
1069
1412
1562
1338
746
152
-32
-43
13
273
84
-537
-1191
-1313
-983
-411
-457
-666
-983
-961
-671
-534
-281
-263
-297
-187
-50
35
289
343
517
887
826
622
658
770
923
1048
1090
1038
774
368
330
280
302
92
-207
-161
70
388
305
41
-343
-448
-428
-285
-131
-374
-583
-810
-1131
-1087
-624
-205
-277
-309
-350
-406
-506
-350
56
303
492
511
208
62
132
316
564
750
890
776
417
257
226
315
405
317
-5
-330
-228
57
110
-165
-451
-676
-716
-811
-834
-200
-216
-522
-852
-1098
-803
-145
212
15
33
258
262
243
536
1118
1508
1336
910
710
972
1261
1259
1142
945
1163
1122
827
603
912
1233
1051
879
698
824
678
200
54
383
635
486
7
-173
-209
130
392
699
845
534
58
-122
413
895
1255
1191
528
330
361
389
586
851
1054
928
684
375
-104
-302
-147
313
553
12
-621
-1116
-1107
-748
-566
-537
-1074
-1927
-2307
-2119
-1723
-1762
-2190
-2436
-2111
-1820
-1815
-2123
-2398
-2256
-1835
-1457
-1453
-1586
-1631
-1384
-1337
-1167
-847
-650
-908
-1072
-454
-111
-184
-269
-330
-139
25
100
55
-29
-19
-55
-47
-55
21
88
-193
-475
-406
-183
210
194
-22
-258
-254
-119
73
-164
-249
-173
57
177
84
193
354
315
162
67
334
573
511
247
67
377
377
182
95
154
196
101
31
-72
-250
-124
-310
-617
-440
-364
-298
-588
-583
-389
-82
1
-453
-448
-281
280
360
-54
7
319
898
967
660
459
668
868
1220
1500
1461
1253
786
546
1141
1625
1566
1306
830
547
497
660
719
724
632
301
112
-89
-202
-232
126
451
393
-41
-629
-1104
-910
-84
355
86
-703
-1157
-1138
-765
-74
-46
-377
-492
-226
-76
46
239
229
263
319
262
-55
-566
-634
-119
235
380
238
-215
-589
-506
124
289
-141
-399
-691
-767
-479
-410
-347
-521
-755
-872
-758
-416
-43
-95
-459
-351
-251
132
542
635
443
325
385
784
855
996
1277
1376
1200
1090
1094
1064
1255
1233
1486
1178
973
865
662
791
1017
1041
723
327
100
206
112
40
-45
-93
-293
-194
-195
-98
-49
141
79
-102
70
421
850
643
489
607
765
921
964
844
992
1283
1573
1139
1036
1202
1441
1666
1586
1676
1466
1195
750
630
882
1039
894
633
162
-4
13
36
164
150
-142
-594
-898
-1044
-1026
-854
-803
-624
-956
-1430
-1759
-1618
-1074
-765
-674
-1106
-1571
-1920
-1786
-1317
-941
-935
-1389
-1460
-1451
-1275
-914
-1171
-1256
-1343
-1189
-1286
-1333
-1217
-1056
-1106
-937
-996
-948
-860
-1022
-1052
-913
-667
-886
-754
-650
-329
-207
95
268
223
278
336
559
931
1120
1011
1004
1073
1458
1901
2051
2048
1575
1300
1540
1932
2059
1810
1613
1551
1547
1427
1236
1226
1363
1304
1106
868
482
230
203
120
421
306
69
-114
-98
110
246
-123
-360
-425
-200
114
144
12
-238
-211
-128
92
319
492
382
239
193
388
910
1080
968
703
657
857
992
910
856
990
1108
1013
643
378
273
390
361
596
848
831
809
512
230
114
70
246
229
174
-3
-290
-487
-568
-452
-251
-127
-141
-425
-682
-975
-1047
-877
-756
-834
-1326
-1727
-1702
-1387
-1264
-1057
-1265
-1631
-1709
-1475
-1370
-1397
-1566
-1776
-1709
-1540
-1380
-1301
-1366
-1380
-1348
-1289
-1087
-839
-634
-498
-356
-19
147
6
-103
20
233
349
614
607
634
673
842
912
1120
1381
1339
1308
1296
1447
1520
1297
1247
1074
1196
1574
1538
1402
1004
1082
1083
998
659
479
747
897
927
696
258
286
329
509
683
733
463
-1
-2
210
584
548
207
48
264
480
485
130
-60
80
-42
-152
-327
-227
-146
-176
-299
-468
-203
79
-5
-286
-182
22
87
-119
-209
-172
-102
-164
-299
-497
-621
-565
-592
-501
-456
-383
-584
-876
-1124
-1044
-1003
-1104
-1107
-1207
-1219
-1415
-1629
-1790
-1938
-1869
-1663
-1637
-1726
-2056
-2334
-2226
-1955
-1859
-1931
-2213
-2469
-2574
-2509
-2084
-1906
-2139
-2314
-2350
-2216
-1842
-1440
-1593
-1703
-1748
-1419
-769
