4159
4418
4442
4593
3987
3654
3042
2329
1928
1395
1117
202
-166
-659
-933
-1320
-1416
-1059
-1680
-1764
-2192
-1901
-1645
-1355
-1202
-1196
-711
-290
394
584
1166
1967
2558
3085
3534
4196
4834
4986
5391
5602
5381
4855
4427
4320
3675
3068
2259
1715
1252
1041
578
454
522
198
162
-234
-186
-255
-435
-590
-956
-1141
-1521
-1561
-1668
-1674
-1482
-1637
-1443
-958
18
434
1577
2044
2861
3531
3863
4637
4805
5408
5162
5165
4742
4552
3992
3665
3491
2867
2630
1583
1443
900
669
612
165
98
-199
-108
-425
-565
-582
-680
-850
-1195
-929
-1320
-936
-886
-755
-677
-689
-354
-161
187
305
766
882
884
487
368
198
-289
-843
-1683
-2070
-2647
-3227
-3839
-4411
-4895
-5227
-5674
-6070
-6197
-6235
-5970
-5642
-5234
-4808
-4073
-3189
-2652
-1953
-1309
-250
563
1133
1624
2364
2522
2793
2889
2655
2877
2189
2266
1329
1105
682
136
-490
-1547
-1792
-2546
-2716
-3234
-3291
-3424
-3812
-3728
-3998
-3717
-3768
-3453
-3356
-3036
-2543
-2214
-1321
-796
287
1031
1758
2517
3452
4378
4861
5580
5898
6224
5972
5507
5149
4824
3911
3069
2531
1777
1370
539
170
-18
-299
-680
-1026
-980
-1235
-1284
-1457
-1560
-1637
-2004
-1982
-2174
-1955
-1836
-1484
-1134
-406
268
881
1632
2172
2738
3636
4287
5019
5529
5463
5439
5043
4966
4401
3764
3417
2551
1995
1151
729
356
144
-170
-483
-413
-764
-787
-717
-544
-595
-600
-674
-789
-930
-1011
-1089
-1169
-1168
-1168
-1068
-784
-684
-397
-379
-502
-563
-587
-934
-1455
-1971
-2811
-3829
-5075
-6165
-6920
-7757
-8161
-8085
-7800
-7164
-6472
-5634
-4707
-3787
-2685
-1050
480
1867
2964
3819
4633
4947
5354
5657
5270
5092
4480
3436
2729
1779
968
119
-927
-1910
-2677
-3212
-3822
-4062
-4595
-4676
-5005
-5227
-5370
-5417
-5186
-5016
-4679
-4488
-3885
-3152
-2238
-1240
6
1378
2473
3578
4714
5869
6713
7284
7737
7480
7292
6733
6475
5959
5050
4248
3451
2860
2322
1906
1623
1470
1125
835
738
451
78
-260
-726
-1093
-1744
-2340
-2641
-3200
-3258
-3319
-3293
-3092
-2186
-1125
82
1370
2725
3972
4754
5907
6557
7655
8190
8250
7796
7288
6806
5891
5795
4915
4749
3672
2742
2059
1293
1336
773
869
376
647
463
380
611
311
425
-109
-111
-493
-292
-173
147
333
364
1167
1311
1981
2205
2919
3423
2864
2881
2652
2524
1569
862
-368
-1784
-3106
-4661
-5494
-6537
-7039
-7486
-7417
-7223
-6695
-6249
-5618
-4781
-3849
-2459
-1403
-95
1045
1670
2031
2690
2928
3226
3067
2713
2510
1511
797
-160
-829
-1617
-2689
-3498
-4502
-4957
-5491
-5642
-5875
-5924
-6034
-6424
-6459
-6409
-6097
-6020
-5940
-5635
-5180
-4779
-3957
-2884
-1868
-906
268
1403
2694
3782
4997
5659
6215
6467
6425
6348
6001
5819
4991
4574
3754
3163
2703
1951
1789
1445
1176
628
2
-324
-547
-979
-1481
-2055
-2604
-3276
-3678
-3874
-3807
-3515
-3199
-2468
-1718
-410
675
1988
3186
4327
5345
6172
6997
7236
7645
7148
7047
6450
5699
5168
4309
3831
2932
2364
1452
1135
642
141
62
-357
-455
-712
-641
-779
-941
-1248
-1655
-1751
-1883
-2006
-2111
-1779
-1582
-1365
-993
-871
-79
326
636
711
839
838
252
-218
-1003
-1882
-3091
-4167
-5205
-6037
-6794
-7375
-7666
-7185
-6066
-5453
-4539
-3700
-2133
-1343
-119
1001
2182
3464
3784
4292
4121
4729
4263
4132
3660
3275
2571
1190
268
-994
-1416
-2410
-3311
-4244
-5168
-5558
-6405
-6520
-6778
-6853
-7107
-7481
-7250
-7260
-6666
-6372
-5868
-5293
-4285
-3232
-2073
-257
1104
2815
3783
4897
6122
6970
7530
7424
7311
6683
6025
5151
4626
3896
3223
2439
1602
1316
959
694
433
444
228
-230
-572
-977
-1268
-1751
-2654
-3400
-3849
-4433
-4843
-4890
-4629
-4107
-3171
-2296
-878
346
1931
3608
4623
5843
6697
7664
7932
8361
7825
7187
6260
5246
4783
3502
3165
1894
1518
736
346
395
143
167
-372
160
-407
-128
-530
-694
-719
-1390
-1393
-2000
-1867
-2203
-1987
-2016
-1827
-1195
-827
-130
225
817
1166
1100
1063
709
334
-715
-1684
-2719
-3998
-5010
-6304
-7092
-7854
-7923
-8407
-8018
-6960
-5950
-4412
-3716
-1918
-837
77
1121
2384
3988
4549
5231
5013
5686
5526
5439
5214
4384
4245
2601
1768
405
-109
-962
-2342
-3338
-4685
-5105
-6128
-6637
-7130
-7503
-7761
-8342
-8353
-8224
-7554
-7056
-6608
-5803
-5235
-3916
-2830
-1137
558
2026
3148
4056
5150
5969
6763
6691
6714
6037
5401
4517
3907
3476
2433
1717
758
480
85
206
102
224
215
-261
-727
-1234
-1405
-1901
-2610
-3576
-4231
-4770
-4983
-4670
-3881
-3451
-2418
-1573
-227
1244
2784
4452
5664
7056
7630
8135
8073
8344
7928
7220
6463
5117
4331
3045
2768
1915
1231
925
281
286
58
742
721
984
913
673
626
180
-79
-460
-713
-1456
-1870
-2099
-2197
-1965
-1822
-1313
-990
-547
-276
-129
61
-261
-948
-1871
-2488
-3315
-4242
-5390
-6320
-7208
-8347
-8977
-9397
-9479
-9240
-8534
-7153
-6013
-4837
-3813
-2230
-953
-82
878
1795
3237
4104
4572
4496
4650
4730
4317
4161
3517
2938
1583
467
-781
-1614
-2409
-3969
-4964
-6298
-6833
-7450
-7687
-7808
-7940
-7823
-8101
-7720
-7207
-6263
-5479
-4939
-4093
-3086
-1739
-511
1042
2558
4089
5188
5953
6954
7983
8577
8509
8348
7879
7107
6005
5098
4505
3554
2589
1417
913
678
237
-141
-140
-25
-321
-955
-1152
-1078
-1262
-1883
-2473
-2725
-2995
-2711
-2631
-1706
-1076
-407
569
1249
2766
3935
5311
6136
6874
7067
7309
7348
7143
7208
5678
5191
3812
3093
1977
1201
978
87
-23
-924
-439
-551
144
606
770
1460
1246
1629
1373
1532
1464
1090
351
-81
121
-169
-4
-192
78
95
-104
-349
-406
-434
-1368
-1994
-3025
-3638
-4761
-6001
-6683
-7593
-8146
-9144
-9297
-9213
-8776
-8045
-6803
-5596
-4377
-3011
-1777
-168
510
1583
2556
4239
5436
5838
6167
5829
5971
5629
5197
4217
3356
2200
425
-940
-2544
-3225
-4581
-5988
-7267
-8225
-8551
-9217
-9191
-9036
-8696
-8783
-8536
-7712
-6727
-5592
-4962
-3976
-3174
-2004
-819
332
2041
3517
4684
5206
6130
7202
7995
8149
7860
7835
7196
6163
5005
3938
3280
1832
556
-295
-617
-940
-1368
-1187
-1083
-923
-1358
-1308
-975
-725
-1079
-1439
-1273
-1357
-1175
-1284
-685
-222
460
1088
1776
3144
4073
5301
5915
6775
7100
7128
6878
6476
6471
5289
4230
2598
1754
623
-648
-1367
-1997
-2120
-2527
-2401
-2056
-1344
-799
-342
49
132
521
437
232
236
-3
-447
-1024
-1195
-1528
-1346
-1471
-1603
-1543
-1654
-1946
-2500
-2896
-3597
-4401
-5524
-6352
-7331
-8380
-9076
-9542
-9763
-10031
-9814
-9769
-9327
-8286
-6573
-5145
-3777
-2351
-1035
557
1104
2373
3506
4890
6094
6532
6957
6925
7007
6891
6843
5821
5028
3604
2073
611
-1274
-2048
-3860
-5561
-7153
-7994
-8482
-9108
-9091
-9052
-8349
-8016
-7660
-6738
-5503
-3978
-3445
-2731
-1762
-340
696
1595
2606
3793
4911
5296
5996
6764
7637
7662
7211
7123
6615
5775
4444
3659
2832
1519
318
-868
-1106
-1611
-2005
-2376
-2094
-1913
-2011
-2209
-1971
-1694
-1647
-1725
-1632
-931
-753
-381
-97
830
1640
2463
3264
4231
5724
6362
7225
7663
8248
8295
7798
7595
6826
6263
4919
3938
2988
1987
1072
476
266
-25
250
157
657
1257
1751
2499
2911
3382
3394
3395
3248
3134
2938
2539
2028
1653
1478
1297
1152
1070
1067
899
209
-504
-1539
-2302
-3360
-4587
-5739
-7186
-8272
-9442
-9987
-10349
-10263
-10111
-9884
-9462
-8321
-6528
-4986
-3614
-2184
-1093
16
521
1281
2412
3388
4474
4951
5374
5594
5901
5673
5729
5017
4088
2743
962
-378
-2274
-3542
-5416
-6881
-8326
-9352
-9541
-10005
-9728
-9584
-8582
-7841
-6945
-5571
-4413
-2728
-1925
-1175
-267
842
2020
2865
3869
5080
6065
6434
7038
7847
8596
8826
8332
8168
7643
6810
5538
4495
3600
2251
611
-796
-1171
-1471
-1850
-2082
-2071
-1621
-1539
-1350
-1114
-589
-308
-297
-213
29
551
574
670
1169
1786
2511
3039
3716
4633
5377
5669
6110
6519
6449
6185
5646
5141
4660
3727
2724
1897
889
72
-526
-1009
-1089
-966
-941
-695
-241
648
1065
1496
1899
2201
2275
1977
1831
1786
1769
1369
1030
568
496
427
-17
-234
-750
-1322
-2036
-3105
-4130
-5123
-6294
-7614
-8770
-9434
-10082
-10509
-10494
-10286
-9997
-9602
-8903
-7349
-5209
-3730
-2416
-1332
31
1043
1592
2347
3445
4867
5374
5472
5537
5992
5993
5772
5259
4460
3499
1628
326
-1563
-2953
-4582
-6665
-8273
-9869
-10317
-11128
-11197
-10822
-10410
-9600
-9095
-7892
-6422
-4689
-3526
-2681
-1791
-702
643
1643
2899
3917
5116
6065
6748
7786
8603
9253
9169
8892
8338
7548
6415
5073
3947
2710
1252
-416
-1096
-1609
-1999
-2275
-2518
-2147
-1866
-1466
-1255
-705
-240
-287
21
103
628
739
654
1115
1665
2325
2843
3848
4656
5457
5989
6519
7094
6987
7174
6760
6448
5631
4547
3756
2490
1750
686
-83
-374
-437
-142
-72
499
999
1792
2485
2977
3684
3728
3666
3669
3601
3353
2960
2638
2439
2039
1841
1950
1898
1807
1227
703
355
-486
-1499
-2879
-3688
-5225
-6601
-8089
-9035
-9539
-10233
-10400
-10490
-9680
-9319
-8320
-6238
-4229
-2313
-1322
168
1697
2440
2902
3503
4967
6057
6122
5576
5804
5860
5913
5962
4966
4927
3669
2165
366
-1439
-2201
-4400
-6379
-8444
-9318
-9998
-10650
-10782
-10614
-9609
-9519
-8774
-7809
-5993
-4432
-3342
-2512
-1507
72
1043
2292
3330
4665
5610
5899
6634
7681
8509
8649
8294
8125
7594
6583
5229
4374
3287
1681
313
-1035
-1426
-2063
-2451
-2582
-2414
-2101
-2082
-1728
-1368
-614
-354
-92
110
359
666
598
993
1225
1807
2303
2514
3558
4239
4906
5393
6102
6120
6254
5980
5520
5484
4620
3907
2875
2030
1145
459
110
-182
2
-101
147
442
912
1679
2118
2820
2886
2928
2716
2651
2545
2456
2032
1742
1629
1385
1483
1606
1981
1753
1262
578
64
-709
-1802
-2931
-4147
-5549
-7129
-8621
-9499
-10014
-10665
-11069
-11164
-10702
-10319
-8926
-6955
-5089
-3138
-2287
-894
640
1467
2076
2924
4336
5255
5275
4991
5259
5471
5723
5412
4477
4136
2706
1291
-480
-2094
-3068
-5141
-6993
-8914
-9656
-10122
-10474
-10738
-10469
-9878
-9591
-8798
-7665
-6047
-4547
-3609
-3106
-1944
-619
519
1719
2930
4368
5269
5840
6901
8024
9059
9138
8625
8524
7885
6693
5291
4551
3416
1842
210
-937
-1015
-1403
-1950
-2032
-1772
-1408
-1202
-947
-320
204
87
-160
-149
-88
-78
-426
-427
34
657
1091
1733
2679
3609
4538
5097
5662
6205
6258
6066
5908
5388
4662
3773
2611
1763
1184
656
320
159
333
731
999
1503
2064
2537
3129
3543
3717
3484
3396
3215
3041
2859
2482
2298
1942
1779
2075
2355
2529
2257
1975
1577
829
-74
-981
-1889
-3197
-4552
-6023
-7071
-8034
-8598
-9094
-9480
-9333
-9191
-8723
-7721
-5731
-4255
-2625
-1606
-196
1334
1887
2961
3626
5174
5916
6000
5876
6141
6242
6166
6089
5043
5025
3311
1986
436
-1178
-2184
-4335
-5646
-7678
-8143
-8732
-9264
-9107
-9152
-8120
-8228
-7602
-6781
-5396
-3931
-3254
-2510
-1923
-609
652
1823
3149
4580
5803
6128
7044
8160
9167
9215
8553
8156
7659
6628
4885
3978
2856
1496
-43
-1409
-1524
-1764
-1962
-2159
-1822
-1449
-1311
-940
-594
63
91
-108
-388
-520
-617
-961
-871
-767
-46
124
535
1361
2297
3198
3343
4259
4661
4877
4356
4043
3823
3103
2267
1249
761
187
-41
-364
-248
44
373
654
978
1444
1800
2278
2464
2553
2585
2482
2075
1837
1895
1444
988
659
750
1191
1391
1351
1212
1224
749
145
-821
-1797
-2834
-4076
-5256
-6579
-7460
-8313
-8816
-9373
-9466
-9414
-9203
-8735
-7762
-5932
-4669
-2765
-2084
-595
616
1063
2399
2893
4815
5460
6114
6030
6672
6533
6560
6722
5555
5706
3555
2856
1046
-470
-1288
-3426
-4909
-6920
-7308
-8141
-8378
-8455
-8342
-7503
-7550
-6957
-6448
-5133
-3894
-3439
-2787
-2069
-914
196
1464
2546
4060
5440
5769
6973
7997
9000
9003
8581
8320
7669
6793
5283
4430
3312
2023
476
-643
-839
-999
-1060
-1142
-568
-26
293
636
1004
1650
1574
1118
641
410
366
-303
-780
-856
-642
-558
-361
408
1070
1749
1925
2481
2990
3090
3006
2381
2279
1492
804
184
-294
-607
-1094
-1167
-1068
-661
-384
51
613
1181
1716
2080
2657
2709
2688
2298
1774
1472
1217
853
386
171
48
505
583
571
296
57
7
-668
-1542
-2469
-3272
-4153
-5073
-5930
-6573
-7054
-7664
-8122
-8162
-7759
-7397
-7254
-5689
-4511
-3084
-1799
-1140
864
1257
2098
2676
3865
5540
6155
6403
6234
6896
6213
6920
5686
5410
4743
2569
1840
-769
-1171
-3137
-4818
-6627
-8116
-8174
-9271
-8862
-9024
-7987
-7334
-7149
-6147
-5706
-4062
-3314
-2574
-2173
-1426
-253
589
2035
2970
4735
5282
6053
7175
8306
9354
8911
8975
8557
7944
6498
5308
4580
3422
2146
389
26
-228
-420
-437
-245
624
1155
1673
2342
3276
3672
3513
3328
2982
3029
2321
1549
1070
588
619
336
662
1047
1720
2250
2490
3216
3520
3688
3399
3202
2802
2183
1825
850
503
17
-314
-340
-202
366
676
1080
1394
2099
2435
2948
3167
2941
2736
2245
1773
1162
591
-53
-707
-1220
-1557
-1338
-1332
-1558
-2050
-2361
-2827
-3421
-4011
-4708
-5283
-6184
-7182
-8254
-8676
-9148
-9519
-9846
-9632
-9426
-8615
-6705
-5420
-3261
-2501
-751
579
1170
2761
3410
5272
6060
6733
6310
6891
6433
6689
6640
5076
5308
2866
2558
629
-712
-1485
-3534
-4639
-7094
-7383
-8338
-8388
-8439
-8479
-7507
-7541
-6442
-5880
-4543
-3376
-2952
-2458
-1946
-724
5
1322
2087
3479
4700
4846
6164
7082
8391
8576
8193
8195
7951
7372
5800
4814
3604
2317
513
-731
-571
-1003
-1264
-1396
-659
335
866
1776
2761
3742
3860
3735
3835
3906
3769
3044
2553
2116
1789
1242
936
1310
1470
1537
1532
2207
2724
2712
2610
2667
2630
1851
1131
592
180
-289
-937
-1056
-832
-457
-356
304
960
1623
2144
2173
2869
3166
3021
2502
2092
1688
1260
504
-389
-623
-1240
-1865
-2233
-2294
-2263
-2839
-3505
-3913
-4178
-5001
-5933
-6863
-7287
-8156
-9286
-10094
-10497
-10851
-11222
-11325
-10145
-8040
-6937
-4918
-3707
-1006
566
768
2357
3231
5489
5754
5826
5893
6561
6087
5833
5634
4801
4951
2383
1754
113
-665
-1674
-3690
-4767
-6523
-6989
-8421
-8538
-8729
-8504
-7976
-8065
-6897
-6092
-4653
-3377
-2714
-1755
-758
296
1178
2126
2865
4036
4581
4871
5661
6340
7268
7078
7202
7101
6483
6067
5093
4427
3295
2064
518
-543
-823
-1129
-1161
-1498
-1164
-651
-2
750
1475
2291
2727
3157
3217
3528
3536
3271
3167
2759
2629
1969
1640
1691
1625
1721
1448
1500
1544
1561
1567
1427
1424
1045
628
8
-317
-491
-738
-961
-975
-591
-164
362
1108
1955
2682
2795
3109
3373
3525
3478
3271
3053
2419
2053
1332
1056
565
-33
-503
-789
-731
-1140
-1514
-1994
-2236
-2817
-3695
-4531
-5125
-5768
-6937
-7820
-8653
-9145
-9686
-9998
-8517
-7308
-5881
-4385
-2951
-193
836
2056
3133
4687
6267
6607
6585
6770
7085
6094
6439
4864
4960
3590
1832
1210
-956
-1169
-3177
-3931
-5427
-6618
-7190
-8352
-8348
-9110
-8381
-8476
-8206
-7356
-6727
-5174
-4482
-3509
-2607
-1104
12
1355
2416
2955
4326
4351
5230
5706
6291
6786
6032
5956
5326
5230
4103
3195
2664
1592
602
-762
-843
-677
-889
-1204
-918
-395
90
601
1184
2164
2396
2417
2449
2662
3126
3037
2975
3100
3361
3312
3256
3434
3565
3824
3340
3339
3153
2569
2388
1941
1777
1068
626
300
-162
-444
-827
-934
-756
-396
15
797
1522
2132
2933
3400
4012
4178
4068
3855
3611
3123
2413
1853
1078
463
24
-202
-746
-1328
-1488
-1575
-1787
-2198
-2522
-2924
-3375
-4085
-4621
-5115
-6017
-7253
-8189
-9186
-9748
-10440
-9965
-8970
-7821
-6474
-5394
-2991
-1752
148
1364
3141
4668
5327
5746
5479
6214
5309
5401
3762
3122
2340
744
136
-1875
-2222
-3637
-4608
-5610
-6418
-6585
-7485
-7624
-8059
-7679
-8083
-8051
-7662
-7256
-6286
-5828
-5178
-4369
-3193
-2078
-885
538
1973
3373
4045
4684
5354
5713
6078
5620
5027
4379
3519
2566
1455
548
-136
-1373
-2288
-2451
-2415
-2179
-2080
-1643
-763
-237
416
1156
2067
2717
2488
2560
2563
2763
2786
2542
2622
2815
2892
2893
3268
3848
3917
3882
3704
3732
3560
3053
2479
1717
854
-224
-1004
-1560
-2110
-2795
-3135
-3011
-2900
-2522
-2071
-1050
-9
621
1416
2006
2574
2628
2478
2085
1510
797
36
-679
-1390
-2084
-2608
-3009
-3324
-3458
-3584
-3601
-3653
-3837
-3939
-3929
-4128
-4412
-4799
-5361
-6120
-6988
-7978
-8837
-9759
-10125
-9015
-8631
-7429
-6702
-5201
-3233
-2449
-545
731
3029
4202
4792
4738
5260
5195
4536
4568
2867
3081
1385
195
-634
-1868
-1938
-3391
-3716
-4953
-5044
-5263
-5552
-5014
-5278
-4477
-5083
-4920
-4736
-4445
-3442
-3424
-2702
-2377
-1402
-549
597
2017
3060
4297
4875
5867
6491
7177
7298
6483
6168
5179
4196
2861
1357
328
-902
-2346
-3200
-3186
-3131
-2741
-2528
-1689
-547
-23
898
1607
2691
3025
2980
2734
2565
2543
1972
1807
1603
1700
1480
1760
2406
2892
3428
3443
4000
3992
3984
3776
3193
3005
1770
763
-142
-761
-1298
-2209
-2175
-2094
-1760
-1412
-719
220
879
1929
2742
3566
4124
4289
4171
3824
3392
2494
1567
574
-60
-776
-1721
-2183
-2482
-2596
-2913
-3265
-3156
-2853
-2975
-3378
-3399
-3529
-3887
-4755
-5581
-6051
-6786
-7544
-8591
-8071
-7449
-7004
-6126
-5615
-3670
-2991
-1926
-1057
677
2561
3319
3869
3841
4671
3674
3829
2688
2258
1283
-528
-1100
-2973
-3067
-4281
-4923
-5533
-6093
-5883
-6269
-5562
-5388
-4864
-4480
-4375
-3782
-3988
-3256
-2932
-2629
-2133
-1868
-1138
-668
406
1238
2591
3171
3865
4707
5249
5930
5631
5364
4830
3898
2723
1321
59
-1162
-2438
-3520
-4091
-4063
-4116
-3666
-3027
-1975
-789
-57
1199
2249
3320
3724
3873
3857
3682
3364
2645
2397
2102
2078
2101
2157
2497
2807
2925
3224
3556
3534
3724
3329
2869
2450
1354
709
0
-727
-1743
-2411
-2457
-2386
-1937
-1675
-906
-10
778
1201
1808
2682
3003
3172
2954
2652
2228
1527
666
-18
-774
-1682
-2222
-2807
-2902
-3033
-3461
-3833
-3833
-3762
-3981
-4042
-4030
-3854
-4110
-4732
-5150
-5571
-6016
-6812
-6586
-6131
-5503
-4947
-4736
-3285
-2595
-1570
-1130
174
1739
2375
2893
3120
3875
3385
3334
2572
2166
1267
-472
-1326
-2856
-3261
-4552
-5273
-5746
-5843
-5757
-5901
-5178
-4847
-3978
-3435
-3019
-2471
-2141
-1356
-999
-737
-683
-608
-77
257
893
1365
2350
3020
3411
4089
4799
5590
5621
5239
4916
4312
3201
2193
939
-137
-1434
-2915
-3407
-3611
-3272
-3249
-2806
-1549
-322
840
1992
3451
4706
5295
5299
5527
5890
5328
4988
4312
3989
3678
2879
2917
2978
3338
3139
3136
3415
3880
4122
3866
3806
3403
2732
1836
1301
727
185
-568
-912
-927
-880
-561
-240
515
1068
1383
1722
2195
2447
2456
2050
1647
1309
582
86
-468
-876
-1306
-2102
-2519
-3058
-3067
-3458
-3712
-3759
-3963
-4129
-4631
-4823
-4730
-4724
-5226
-5340
-5471
-5745
-6125
-5672
-4863
-3921
-3572
-3333
-2401
-2027
-1316
-838
251
1342
1784
1676
2100
2645
2565
2344
1556
1920
905
-254
-1504
-2599
-2763
-3959
-4505
-5115
-5169
-5235
-5133
-4369
-3546
-2607
-2072
-1322
-507
198
1073
1702
2059
2333
2448
2437
2790
3094
3472
3769
3807
4040
4404
5074
5167
4953
4826
4217
3854
3130
2095
1172
-324
-1544
-2523
-2981
-3022
-3589
-3307
-2798
-1891
-911
-74
1518
2606
3395
3812
4350
4670
4508
4114
3773
3757
3102
2525
1830
1823
1860
1623
1560
1545
2273
2168
2339
2618
2847
2860
2162
2167
1828
1445
1002
604
580
452
595
578
947
1616
1964
2027
2045
2082
1908
1591
1095
322
-297
-1181
-1692
-2296
-2648
-2799
-3070
-3114
-3307
-3105
-3050
-3081
-2995
-2822
-2818
-3267
-3549
-3824
-4057
-4430
-5031
-5289
-5718
-5117
-4869
-4318
-3471
-3293
-2545
-2532
-1836
-1470
-836
29
624
1037
853
1133
761
1329
708
318
144
-524
-876
-2093
-2042
-2678
-2961
-3675
-4440
-4223
-4685
-4199
-3943
-2912
-2208
-2036
-1212
-656
730
1315
1697
2046
2388
2716
2652
3166
3201
3798
3445
3068
3351
3799
4008
3644
3495
3413
3116
2333
2004
1613
926
-585
-1760
-1867
-2194
-2681
-2845
-2506
-2083
-1738
-1309
-194
1091
1905
2394
2864
3718
3770
3703
3713
3713
3587
2725
2194
2141
2212
2107
1879
2080
2197
2340
2391
2803
3291
3134
3009
2848
2785
2653
2311
1885
1883
1762
1514
1521
2011
2504
2562
2731
2850
2979
2714
2227
1717
1164
322
-702
-1533
-2235
-2826
-3218
-3300
-3291
-3104
-3017
-2639
-2235
-1774
-1350
-1167
-961
-1080
-1260
-1509
-1970
-2587
-3348
-3675
-3632
-3566
-3457
-3632
-2881
-2654
-2448
-2079
-1518
-497
-575
-198
-27
196
-226
-574
-624
-1029
-1266
-2142
-2384
-3010
-3593
-4021
-4330
-4140
-4217
-4358
-4783
-4523
-4222
-3799
-3182
-2653
-1977
-1458
-622
344
1131
1640
2179
2872
3353
3567
4036
4440
4577
4343
4303
4532
4786
4625
4351
4328
4397
4201
3738
3622
3595
3150
2328
1646
1577
1333
734
437
38
385
186
226
886
1565
2040
1749
2093
2520
2858
2825
2874
3173
3126
2732
2412
2601
2436
2035
1858
2088
2285
2370
2507
2705
3517
3454
3208
3363
3133
3322
2778
2503
2517
2368
2623
2366
2555
2736
2762
2826
2762
2837
2498
1956
1215
732
120
-714
-1738
-2485
-3042
-3376
-3698
-4095
-3891
-3974
-3792
-3319
-2743
-2043
-1751
-1528
-1156
-1171
-1180
-1563
-1588
-1684
-1677
-1464
-2033
-2100
-2041
-1942
-2054
-1875
-1430
-963
-446
-174
5
-61
-410
-858
-1102
-1494
-1825
-2491
-3388
-4050
-4519
-4809
-5051
-5079
-5041
-5094
-4991
-4957
-4520
-3828
-3344
-3004
-2830
-2523
-1964
-1293
-762
-304
149
494
1007
1724
2498
2953
3155
3195
3203
3027
3048
2896
2863
2791
2403
2175
2010
2245
2091
1647
1534
1480
1703
1666
1753
1982
1908
1687
1434
1532
1536
1522
1181
1021
913
730
506
500
679
724
891
1145
1422
1640
1814
2125
2505
2578
2618
2761
3162
3417
3516
3380
3551
3570
3296
3176
3053
2908
2532
2161
2073
2186
2067
1951
1878
2175
2189
2001
1896
1530
1039
457
-262
-943
-1606
-2562
-3210
-3824
-3966
-4344
-4645
-4622
-4399
-3894
-3783
-3464
-2750
-2106
-1732
-1845
-1499
-1550
-1478
-1503
-1094
-508
-708
-865
-1187
-671
-744
-513
-466
184
622
523
626
585
719
-91
-545
-1019
-1114
-1648
-2503
-3129
-3786
-3837
-4395
-4533
-4370
-4169
-4135
-4313
-3686
-3027
-2809
-3011
-2761
-2062
-1706
-1485
-1506
-1095
-331
47
294
1198
2036
2397
2615
2966
3238
3357
3355
2924
2736
2449
2062
1737
1698
1770
1676
1534
1683
2082
2320
2610
2842
3046
2996
2522
2443
2417
2526
2002
1314
715
226
101
-141
-229
-602
-794
-973
-562
76
486
1137
1359
1700
2062
2682
3024
3481
4113
4114
4088
3834
4142
4236
4225
4030
3742
3626
3338
3403
3191
3201
3004
2529
2140
2112
2192
2203
2150
1861
1467
743
435
192
-244
-704
-1321
-1808
-2264
-2637
-3053
-3339
-3545
-3557
-3526
-3274
-2976
-2772
-2670
-2605
-2593
-2194
-1586
-1087
-757
-440
-320
-260
-239
-311
196
310
611
799
1094
1198
1020
1014
582
551
117
-737
-1554
-2233
-2889
-3327
-3786
-4223
-4127
-4576
-4525
-4197
-3817
-3532
-3571
-3272
-3285
-2721
-2473
-2103
-1663
-1510
-1288
-1073
-694
-380
229
628
1050
1672
2102
2371
2612
2940
2902
2783
2387
2101
1865
1424
1233
1328
1304
1307
1322
1711
2396
2660
2626
2550
2806
2677
2551
2311
1997
1570
726
93
-335
-815
-1252
-1675
-1981
-2287
-2254
-2024
-1432
-803
-359
106
664
1511
1866
2302
2599
2806
2776
2693
2498
2408
2372
2133
1957
1851
1737
1755
1898
1812
1652
1543
1429
1086
979
749
427
90
-453
-810
-1029
-1200
-1432
-1665
-2080
-2474
-2631
-2730
-2988
-3253
-3462
-3575
-3779
-3936
-4189
-4443
-4513
-4228
-4029
-3697
-3451
-3060
-2273
-2068
-1400
-1275
-734
-255
45
418
685
1189
1059
1023
597
543
423
-4
-417
-1016
-1613
-2306
-2636
-3144
-3327
-3886
-4164
-4197
-4246
-3987
-3919
-3491
-3449
-3090
-2894
-2635
-2289
-2083
-1773
-1532
-1395
-1144
-696
-235
249
517
968
1534
1822
2192
2447
2561
2764
2519
2542
2283
2397
2513
2337
2340
2197
2622
2615
2737
3117
3236
3412
3582
3572
3521
3450
3134
3008
2560
2140
1596
1347
983
478
388
-100
-143
-241
-46
-82
177
900
1338
1965
2565
3303
3844
4224
4339
4542
4609
4357
4095
