4207
4132
4125
4138
3997
4213
3917
3684
3309
3298
3303
3132
2972
2454
2329
2095
1788
1560
1480
1616
1430
1306
1447
1454
1520
1204
1057
1077
961
1159
1259
1475
1862
1948
2048
2263
2613
2774
2935
3075
3057
3099
3042
2827
2492
2462
2243
2097
1870
1810
1655
1418
1292
883
701
315
-87
-73
-45
-42
-110
-210
-397
-493
-581
-648
-532
-518
-358
-191
-43
-55
-23
54
-128
-274
-289
-629
-913
-1011
-1322
-1637
-2099
-2565
-2860
-3397
-3929
-4524
-4998
-5587
-6076
-6321
-6423
-6470
-6419
-5817
-5305
-5052
-4803
-4449
-3748
-3242
-2797
-2151
-1870
-1692
-1198
-655
-194
-394
-679
-799
-854
-1229
-1758
-2099
-2650
-2921
-3009
-3231
-3668
-3932
-4169
-4001
-4030
-4370
-4355
-4525
-4595
-4568
-4471
-3912
-3609
-3663
-3582
-3091
-2400
-2070
-1572
-1066
-515
-175
59
680
1139
1500
1714
1702
1853
1846
1936
1923
1862
1885
1720
1460
1450
1551
1528
1449
1237
1353
1257
1076
1141
1248
1568
1514
1342
1101
1122
1067
1259
1317
1467
1640
1709
1771
1868
1990
1959
1923
2026
2435
2533
2662
2602
2677
2810
2823
2724
2281
2359
2190
1899
1976
1652
1441
1109
841
607
371
401
313
65
-44
-117
-214
-278
-328
-256
-426
-507
-308
-11
131
148
240
150
310
326
309
460
717
727
446
246
-156
-459
-612
-1224
-1822
-2294
-2748
-3368
-3996
-4472
-4799
-4984
-5207
-4999
-4644
-3980
-3601
-3310
-2722
-2304
-1687
-861
3
629
1090
1749
2507
2696
2429
2192
1988
1690
1343
787
211
-271
-613
-824
-932
-1079
-1689
-2269
-2582
-2517
-2390
-2374
-2402
-2507
-2302
-2244
-1847
-1601
-1505
-1460
-1314
-899
-165
361
996
1306
1816
2300
2570
3097
3123
3290
3261
3289
3143
2968
2786
2720
2499
2277
2038
1796
1609
1430
1545
1387
1230
1189
1256
1498
1722
1994
1918
1875
1713
1708
1825
1818
1932
1728
1546
1600
1702
1613
1430
1102
1007
1420
1744
2136
2169
2331
2456
2610
2872
2796
2509
2121
1844
1701
1587
1576
1381
946
380
-3
-89
-456
-688
-879
-1159
-1335
-1541
-1565
-1551
-1656
-1827
-2022
-1869
-1617
-1441
-1486
-1392
-952
-620
-466
-404
-259
-243
-327
-482
-663
-817
-1310
-1784
-2159
-2547
-3045
-3898
-4555
-5296
-5860
-6365
-6620
-7022
-6781
-6081
-5519
-5078
-4653
-3822
-3358
-2645
-1866
-663
207
337
1047
1629
1895
1735
1242
1028
624
210
-669
-1501
-2072
-2620
-2974
-2944
-3078
-3520
-4037
-4340
-3980
-3825
-3409
-2951
-2984
-2646
-2437
-1945
-1507
-1219
-982
-1036
-695
-70
481
945
1299
1488
1618
1880
2215
2487
2523
2399
2382
2433
1959
1750
1507
1392
1389
1196
969
1063
1467
1449
1282
1462
1662
1421
1314
1325
1819
1960
1696
1341
1062
900
578
226
-87
-211
-392
-400
-234
-196
-41
2
248
752
1342
1992
2513
2684
2902
2984
3140
3102
2946
2651
1947
1521
1292
976
553
77
-468
-1090
-1404
-1621
-1668
-1862
-2142
-2334
-2323
-2217
-2054
-1917
-1802
-1288
-1228
-896
-504
-172
265
663
880
878
1032
962
890
571
138
-185
-868
-1489
-2050
-2719
-3342
-4410
-5233
-5942
-6250
-6486
-5910
-5706
-4936
-3775
-2750
-1837
-1223
-9
662
1593
2461
3472
4049
3901
4328
4208
3970
3227
2437
1850
1069
406
-737
-1418
-1974
-2254
-2471
-1869
-1732
-1793
-1760
-1489
-429
137
817
1337
1727
1872
1732
2058
2098
1850
1461
694
447
615
818
1143
1452
1527
1505
1603
2010
2431
2559
2662
2960
3436
3621
3779
4101
4405
4514
4370
4416
4569
4633
4707
4408
4307
4079
3363
2570
1894
1537
1103
385
-370
-1070
-1337
-1318
-1127
-837
-625
-459
-76
928
1637
2522
3103
3758
4222
4526
4750
4803
4726
4007
3486
2693
1914
1315
685
-94
-737
-1088
-1316
-1402
-1633
-1699
-1919
-1962
-1889
-1716
-1624
-1647
-1449
-1287
-991
-742
-746
-474
-391
-424
3
269
433
530
524
252
-98
-481
-1079
-1910
-2614
-3208
-3741
-4352
-4826
-5214
-5261
-5401
-5768
-5888
-5809
-5428
-4977
-4454
-3595
-1888
-741
-9
312
842
1215
1100
1191
1426
1747
1340
994
689
153
-668
-1888
-2540
-2820
-2884
-3384
-3611
-3819
-3530
-2978
-2152
-888
-719
-313
-144
450
1130
1022
1218
893
396
-154
-502
-697
-1179
-1783
-2533
-2847
-2515
-2481
-2120
-1534
-612
272
718
1861
3091
3765
4180
4741
5419
5919
6132
6275
6190
6154
5787
5097
4932
4510
3694
2729
1871
1463
656
-225
-851
-1295
-1379
-1764
-1630
-1321
-962
-250
340
1396
2557
3573
3884
4417
5137
5302
5081
4769
4429
3738
3042
2376
1745
1102
265
-530
-1142
-1131
-1156
-1087
-816
-488
-109
-112
85
295
203
-320
-596
-1046
-1457
-1667
-1752
-1878
-1697
-1504
-1499
-1193
-807
-372
-215
-380
-487
-419
-807
-1297
-1693
-2292
-2765
-3212
-3531
-3812
-4097
-4373
-4656
-4510
-4575
-4310
-4735
-4744
-4900
-4866
-4777
-4764
-4456
-3881
-2782
-2362
-1972
-2005
-1573
-1357
-903
-196
643
1526
1086
1086
1094
900
177
-951
-1038
-1359
-1498
-2107
-2452
-2643
-2375
-2037
-1550
-544
-666
-473
-488
277
959
853
1123
781
464
-513
-925
-1210
-1617
-2225
-2959
-2853
-2291
-1701
-1156
37
1398
2338
3164
4498
5577
6272
6514
7016
7448
7496
6896
6585
6592
6072
5080
4323
4035
3626
3103
2362
2132
2037
1289
590
542
830
1025
1107
1391
2311
2978
3524
4081
4948
5827
5905
5630
5488
5502
5004
3939
3100
2536
2006
1176
740
879
854
619
654
1059
1431
1840
1948
2187
2339
1899
1051
293
-137
-780
-1579
-2349
-2782
-3085
-3240
-3297
-2869
-2274
-1904
-1602
-1241
-680
-401
-368
-654
-611
-682
-1089
-1260
-1547
-1723
-1982
-2209
-2532
-2517
-2868
-3209
-3658
-4055
-4557
-5214
-6039
-6568
-7154
-8048
-8379
-8364
-7609
-6784
-5201
-3840
-2462
-1817
-831
-67
455
1147
1646
2192
1757
1448
722
-150
-1120
-2300
-2728
-3258
-3116
-3671
-3903
-3999
-3499
-2536
-1808
-811
-894
-969
-1102
-280
196
199
248
-484
-1109
-1927
-2371
-2479
-2895
-3591
-4317
-3990
-3263
-2518
-1690
-343
1021
2112
2841
3882
4938
5531
5506
5592
6088
5981
5187
4544
4550
4301
3533
2875
2469
2382
1760
1333
1212
1352
1182
500
450
900
1499
1649
2082
2927
3740
4117
4360
5023
5739
5688
4977
4725
4455
3773
2596
2073
2203
2237
2110
2005
2675
3211
3472
3716
3823
4004
3716
3269
2958
2721
1975
839
141
-240
-604
-1348
-1766
-1690
-1591
-1524
-1510
-1015
-551
-490
-466
-583
-275
-306
-550
-608
-495
-105
-259
-331
-78
401
483
315
142
137
-444
-1429
-2476
-3300
-3997
-5095
-6158
-6770
-7244
-7528
-7612
-6932
-5849
-4420
-2700
-1318
-541
-141
577
643
1093
1147
1439
1090
317
135
-470
-1218
-2283
-3134
-3596
-3506
-3314
-3949
-4073
-4298
-3831
-3335
-2794
-2184
-2481
-2760
-2987
-2308
-1985
-1972
-2081
-2673
-3313
-4050
-4401
-4545
-5064
-5527
-5546
-4977
-4070
-3247
-1978
-537
1005
1906
2589
3689
4510
4616
4519
4893
5315
4831
3866
3562
3741
3480
2800
2045
1769
1372
625
354
489
966
924
654
1099
2135
2920
3131
3912
4831
5457
5488
5646
6230
6195
5553
4257
3568
3082
2189
910
527
1234
1825
2047
2798
3964
4465
4753
4818
4866
4819
4244
3501
2922
2708
1965
849
59
-156
-618
-1360
-1561
-1528
-1446
-1616
-1611
-1441
-1284
-1244
-1386
-1226
-595
-383
-225
90
846
1343
1332
1368
1384
1607
1133
364
-370
-1191
-2359
-3483
-4648
-5445
-6364
-7255
-8000
-8246
-8248
-7747
-6730
-5574
-4254
-2292
-818
500
748
1225
1776
1718
2037
2129
2382
1720
1111
732
94
-963
-2251
-2734
-3185
-2907
-3201
-3455
-3764
-3747
-2907
-2238
-813
-402
-369
-742
-300
683
602
477
-9
-908
-1994
-3001
-3542
-4097
-4880
-5345
-5415
-4641
-3758
-2935
-1328
467
2200
3234
3732
4772
5436
5465
5309
5676
5896
4889
3850
3597
3746
3260
2413
1985
1781
1344
767
923
1627
1935
1715
1629
2544
3471
3981
3876
4102
4513
4418
4253
4183
4633
4303
3567
2699
2483
2452
1565
1408
1875
2937
3520
3882
4741
5076
4935
4384
3937
3769
2996
1902
692
199
-17
-721
-1385
-1683
-1691
-2094
-2464
-2167
-1745
-1634
-1590
-1469
-848
-491
-405
-147
286
883
961
831
705
1181
1375
1016
574
158
-190
-1242
-2268
-3087
-3616
-4573
-5565
-6182
-6398
-6446
-6847
-6969
-7159
-6622
-6055
-4987
-3982
-2099
-395
704
1085
854
1426
764
569
319
655
612
-490
-1069
-1736
-2253
-3318
-3768
-3974
-3560
-3034
-3413
-3454
-3506
-2519
-2060
-985
-57
-248
-763
-1235
-303
-156
-532
-989
-2039
-3152
-4675
-5734
-6227
-6977
-7629
-7672
-6656
-4995
-3596
-1997
81
2288
3902
4367
5128
6099
6154
5490
5083
5309
4692
3269
2353
2381
2266
1310
646
596
595
434
116
788
1680
1926
2067
2048
3070
3447
3364
3101
3160
3861
3577
3180
3750
4301
3803
2939
2723
2697
2475
1632
1700
2468
3149
3594
3455
4058
3949
3478
2560
2155
2053
1273
523
-307
19
-72
-465
-758
-756
-495
-887
-1228
-905
-659
-581
-759
-711
-216
-353
-227
-139
335
718
463
302
207
466
475
-65
-422
-877
-1499
-2331
-2809
-3089
-3457
-4031
-4689
-4940
-5550
-5750
-6325
-6162
-5754
-4800
-3817
-2116
357
1955
2186
1098
1127
724
729
19
407
1062
333
-89
-415
-151
-702
-1416
-2024
-1850
-926
-1196
-1446
-1752
-956
-619
-300
144
145
279
-466
-171
43
205
-510
-1904
-2900
-4176
-5043
-6101
-6735
-7217
-7076
-6176
-4592
-2694
-541
1417
3197
4809
5449
5797
5723
5459
4698
3808
3566
3204
2601
2059
2104
2338
1715
1058
917
675
289
-236
-206
283
643
856
1517
2278
3223
3431
3464
3624
3869
4081
3766
4112
4101
3869
2914
2285
2479
2069
1756
1386
1844
2466
2963
3551
3839
4006
3249
2653
2010
1506
927
54
-306
-350
-217
-188
-225
-343
-549
-1017
-1842
-2440
-3005
-3268
-3349
-3245
-2854
-2647
-2261
-1784
-1211
-662
-318
-219
-342
-541
-946
-1152
-1113
-1707
-2589
-3277
-3879
-4130
-4312
-4653
-5120
-5690
-6712
-7222
-7573
-7253
-6706
-6295
-4595
-2045
74
1068
736
1327
1110
626
178
497
771
258
-333
-723
-741
-1521
-2076
-2705
-2302
-1838
-2263
-2373
-2765
-2033
-1518
-863
-139
-304
-614
-1002
-389
190
-33
-466
-1508
-2488
-3745
-5192
-5754
-6371
-7068
-7302
-6359
-4433
-2787
-928
1098
2933
4313
4553
4650
4813
4571
3865
3099
3148
3427
2766
2605
3490
4582
4548
3809
3435
3031
2191
932
372
360
192
-239
235
1572
3014
3547
3657
4186
4652
4840
4109
3937
4045
3960
3488
2847
3256
3310
3231
3160
3671
4342
3997
3730
3627
3812
3329
2413
1533
1361
1288
985
1163
1675
2412
2550
2403
2610
2635
1923
606
-621
-1478
-2510
-3753
-4077
-3361
-2683
-2030
-1450
-434
575
882
905
866
764
182
-689
-1395
-1711
-1951
-2291
-2687
-2572
-2761
-3774
-4570
-4993
-5405
-6855
-7983
-7944
-7750
-6781
-5871
-3194
-586
1729
1990
1899
2567
2188
1771
488
1010
1093
687
164
-349
-50
-162
-147
-138
1001
1444
673
-372
-1007
49
587
1196
829
518
319
157
881
1397
1659
733
-920
-2419
-3835
-5021
-5928
-6958
-7671
-7415
-6063
-4482
-2854
-646
1557
3098
3678
3530
3521
3107
2351
1362
879
988
1060
740
1092
2467
3511
3279
2516
2065
1237
-283
-1902
-2340
-2320
-2354
-2688
-1789
742
2790
3852
3998
4753
4962
4358
3384
3324
3786
2937
2111
1872
2655
2998
3070
3608
4536
5609
5236
4835
4220
3551
2395
901
498
-47
-387
-465
76
1531
2435
2531
2491
2606
2483
1455
94
-1092
-2232
-3392
-4105
-3634
-2701
-2151
-1819
-1229
-325
344
472
45
-230
-728
-1668
-2134
-2416
-2517
-3209
-3518
-3341
-3191
-3672
-4519
-5045
-6256
-7069
-8404
-9128
-8964
-8523
-7297
-4697
-1777
903
1246
1093
1208
1087
921
182
122
-384
-1164
-2138
-2291
-1937
-1737
-1808
-1765
-519
-46
-137
-755
-1130
-506
-393
331
167
42
-492
-562
709
1255
1308
333
-877
-2153
-3803
-4742
-5596
-6648
-7490
-7214
-5678
-3659
-1826
8
1772
3375
3986
3507
3206
2746
2125
1116
664
1301
1756
1909
2365
3680
4927
4709
4000
3524
3070
1734
23
-1069
-1524
-1849
-1963
-1438
486
2545
3405
4275
4384
5184
4344
3103
2865
2862
2813
1793
1772
2529
3526
4251
5155
6509
7214
7394
6593
5901
5302
3805
1854
234
115
58
84
499
1564
2714
3110
3228
3358
3360
2406
938
-322
-1375
-2385
-3158
-3072
-2036
-1474
-1201
-872
-326
21
-107
-622
-1078
-1487
-2279
-3065
-3030
-2503
-2143
-2441
-2236
-2055
-2454
-3502
-4738
-5551
-6778
-7958
-9123
-8855
-7857
-6960
-4768
-1982
1444
2593
2185
2184
1876
2053
541
551
363
44
-621
-1489
-898
-345
314
-130
587
1492
1270
473
-671
-234
-6
228
-84
-390
-49
235
1213
1750
2216
1372
-249
-2074
-4049
-5172
-6286
-7624
-8328
-7766
-6403
-4377
-2226
-54
2240
3607
4319
3943
3377
2656
1422
227
-608
-162
336
641
1419
2625
4249
4379
3826
3376
2767
1703
-148
-1463
-1913
-1985
-1971
-1380
363
2823
3741
4114
4280
4599
4327
2832
1853
1343
1471
984
500
1079
2305
3190
3962
5207
6681
7290
6480
5520
5086
3864
2125
631
-90
-89
-212
-94
794
1907
2459
2151
1729
2100
1624
114
-1512
-2429
-2864
-3494
-3434
-2854
-1886
-1294
-1496
-1379
-1163
-1288
-2097
-2840
-3055
-3172
-3280
-3499
-3177
-2798
-2330
-2422
-2374
-3010
-4112
-5109
-6743
-7825
-9674
-10574
-11238
-10462
-9286
-6389
-2953
554
2780
2150
2634
1311
1203
-288
-980
-1004
-1938
-1927
-3068
-2659
-2362
-1601
-816
-375
591
218
-259
-1477
-1054
-282
511
846
448
767
865
2178
2606
2446
1891
231
-1619
-3928
-5561
-6409
-7345
-8069
-8138
-6322
-3789
-1647
430
2520
4437
4988
4151
3420
2737
1805
373
-769
-315
702
1333
1877
3107
4897
5407
4414
3243
2599
1689
-215
-1738
-1913
-1441
-1291
-535
1195
3955
4810
4784
4357
3782
3385
1711
737
361
906
394
-175
492
1863
3628
4120
5262
6642
7223
6780
5279
4634
3977
2986
1491
684
1020
1387
1377
1698
2692
3069
2409
1486
1246
1054
285
-1279
-2106
-2146
-2194
-1974
-1454
-358
282
71
-501
-1033
-1280
-1935
-2731
-3264
-3339
-3362
-3512
-2808
-2083
-1038
-1220
-1448
-2298
-3747
-5325
-7296
-8474
-9773
-10560
-10369
-9227
-7243
-3658
-526
2775
3628
4018
3599
2405
1566
104
-182
-408
-1130
-1763
-2499
-2896
-2571
-1793
-1055
105
313
63
-1195
-1291
-264
535
1966
1449
1563
1482
2232
3505
3417
3423
1835
-390
-2957
-5514
-6507
-7459
-8368
-8452
-8015
-5831
-3656
-1527
1008
2548
3895
3418
2559
1802
897
437
-857
-1091
-506
76
963
1723
3189
4279
3811
2921
1870
1038
59
-1623
-2502
-2692
-1895
-933
546
2697
4619
5716
5460
4775
4312
3787
2700
2224
2074
2397
1957
1557
2101
3177
4517
4873
5777
6269
6193
5978
5081
4925
4436
3554
2247
1872
2629
3267
3752
3908
3902
3445
2602
1745
1476
1133
115
-1252
-2080
-2017
-1756
-1589
-1260
-717
-503
-1144
-1850
-2430
-2698
-3168
-3870
-4202
-4124
-3847
-3440
-2708
-1975
-1972
-2554
-3290
-4400
-5723
-7299
-8334
-9488
-10212
-10282
-9966
-8012
-5088
-2154
670
1014
2415
2242
1777
1032
468
1193
458
-259
-1640
-2237
-2882
-3207
-3292
-3452
-2474
-2333
-2383
-2939
-2291
-745
677
2308
2635
3487
3084
3139
3652
3343
3176
1643
-132
-2263
-3771
-4065
-4659
-5222
-5080
-4214
-2674
-1464
223
2201
3449
3981
3555
3294
3175
2855
2484
1914
1987
2466
2481
2787
3349
4062
3969
2581
1626
627
-205
-1217
-2047
-2142
-2419
-2203
-1532
137
1702
3009
3295
3614
3375
2708
2312
1583
1968
1902
2335
2014
1891
1881
1552
2291
2226
3068
3038
3064
3403
3118
3771
3485
3991
3868
3573
3899
4015
4717
4419
4298
3764
3122
2652
1969
1251
864
316
-160
-821
-1241
-1128
-1478
-1373
-1724
-1811
-2239
-2928
-3155
-3400
-3228
-3390
-3135
-2862
-2337
-2134
-2159
-2172
-2857
-3234
-4850
-5868
-7430
-8730
-9762
-11755
-10896
-9982
-6840
-4452
-3307
-1012
-1333
-57
-923
-38
813
1582
2505
1646
1797
13
-158
-2015
-2180
-1738
-2909
-2627
-4518
-3348
-2821
-1421
727
1287
3144
2757
3432
3604
3296
3944
2814
1649
-95
-1590
-2175
-3447
-4028
-4027
-4062
-3317
-3344
-2464
-999
155
1724
1460
1478
1363
903
1138
935
1430
1845
1319
1504
1651
2579
3236
2407
2275
751
198
-489
-1254
-648
-1332
-930
-1255
-1188
-315
437
1689
2154
2417
2339
1935
1800
1992
2372
3345
3546
3647
3354
2757
2446
1570
1315
995
1052
1375
1345
2211
2867
3768
4181
4393
4976
5030
4934
4872
4583
4732
4341
3771
3491
3157
3448
3055
2784
2514
2069
1736
1091
868
569
-120
-874
-1523
-1412
-1328
-1506
-1724
-1574
-1271
-987
-1067
-224
124
622
18
-854
-1541
-2682
-3683
-5301
-6155
-7288
-8920
-9502
-9391
-7327
-4315
-2188
120
-300
371
212
380
936
1480
3131
3109
3040
1695
202
-1325
-2071
-2287
-3170
-3037
-4140
-4208
-4856
-4049
-1340
482
2494
2146
2323
2349
2649
3446
2655
2490
1507
-75
-1379
-2461
-1970
-1755
-2329
-2117
-1823
-710
136
719
2158
2807
3381
3002
2499
2467
2629
3705
3970
3983
4400
4030
4386
4100
3763
3755
2422
1129
-296
-946
-486
-762
-685
-1148
-831
310
484
1297
1505
1763
1768
608
1029
1833
2727
3365
3329
3969
3455
2924
2026
805
450
-339
-746
-618
137
1344
2105
2761
3302
3497
3475
3605
3517
3588
3136
2789
2422
2094
2232
1870
2026
2162
2036
1549
864
949
527
-77
-861
-1461
-2038
-2923
-3403
-3797
-4067
-4060
-4547
-4449
-3798
-3338
-2527
-2345
-1777
-1763
-2227
-2737
-3762
-4445
-6204
-7534
-9168
-10402
-10879
-10492
-7063
-5214
-2664
-3111
-2301
-2105
-2326
-1343
-756
2137
3104
4327
3149
1662
174
-1382
-1458
-2949
-2599
-4218
-4898
-5268
-5227
-2981
-1213
1719
2014
1279
1077
1099
2458
2231
1722
1033
-108
-1222
-2555
-2760
-1849
-1673
-1725
-1931
-1716
-676
-524
816
1890
2492
2409
1205
1297
1980
2840
3983
3872
4332
4135
3581
4020
3709
4116
2904
1715
1114
-2
185
198
534
594
-167
5
-189
208
651
1089
1580
1450
2099
2611
3681
4784
5850
6481
5894
4929
3682
2476
1182
594
-140
-253
-382
-214
701
1497
2328
2424
2606
2650
2695
2712
2797
3188
3354
3303
2945
2667
2423
2092
1884
1612
1300
838
454
117
120
-130
-368
-1237
-1942
-2694
-3680
-4180
-4533
-4337
-4221
-3885
-3527
-2771
-2050
-1537
-1011
-1036
-1553
-2567
-3965
-4905
-6754
-7446
-8297
-6573
-4158
-2821
-1680
-3007
-2320
-3059
-2435
-1817
-44
3010
4578
5803
4272
3650
2031
1223
281
-1102
-1521
-3314
-3677
-4976
-3749
-1778
223
2545
2203
2410
1589
1491
1544
1059
1164
532
-366
-974
-1351
-1039
-522
-268
250
398
708
891
1332
2395
2909
3112
2708
2526
2773
3349
4395
5247
5124
4792
4148
4007
4254
3806
3516
2634
2580
1642
991
988
763
951
-367
-988
-1860
-2412
-2786
-2753
-1281
-335
624
1152
2182
3286
4059
4494
4490
4442
3701
2828
1306
595
83
-552
-806
-905
-455
-297
38
180
230
281
514
1021
1632
2006
2510
2843
3060
3344
3410
3355
2709
2016
1277
857
454
447
615
494
119
-322
-990
-1225
-1768
-2585
-3342
-4435
-5028
-5439
-5434
-4315
-3649
-3137
-3363
-3718
-3672
-4181
-4254
-4515
-5619
-6272
-6998
-6338
-4210
-3055
-2061
-4311
-5429
-6673
-7662
-6662
-5144
-959
2253
3884
3803
2625
1401
259
-740
-2076
-2883
-4900
-5600
-6496
-5473
-3170
-1031
1482
1331
1040
-81
-635
-381
-1081
-1503
-2771
-3407
-3072
-2650
-1380
-442
-369
-366
-717
-580
-822
-557
631
1111
2001
2200
2663
2971
2920
3268
3341
3024
2276
1437
1204
1783
2716
3212
3191
3063
2835
2330
2219
2136
1786
726
-481
-1133
-1707
-2324
-2545
-1694
-674
-15
678
1377
2459
3192
4052
4924
5399
5623
4638
3558
2806
2617
2413
1460
846
540
451
389
643
1173
1198
1061
1027
1537
2226
2055
1803
1769
2343
2942
2998
3312
3373
3067
2448
1855
1591
1266
565
-157
-472
-356
-630
-1107
-1681
-1815
-2212
-3166
-4364
-4673
-5174
-5188
-4678
-4686
-4002
-4930
-5276
-5358
-5315
-4230
-3391
-1324
1216
2064
2151
-607
-2472
-4594
-7091
-7675
-6673
-3196
490
3058
3994
3536
2523
1199
628
-777
-1505
-3354
-3946
-3904
-2953
-398
465
2275
2301
1482
583
-832
-491
-1003
-919
-1043
-2007
-2157
-2324
-1641
-432
-42
629
827
1078
1658
2063
3577
3973
4199
4117
3652
3853
3957
4230
4398
4282
4291
3892
3580
3850
4107
4675
4404
4589
4496
3692
3399
2996
3587
3331
2516
1898
1436
1059
288
-460
-861
-1512
-2094
-1986
-983
886
2355
4230
5450
5762
5327
3862
2897
2211
2066
1748
1284
1008
41
-419
-1012
-453
-133
-461
-498
-760
-282
-175
397
537
779
971
763
1249
1771
2472
2622
2356
2222
1909
1355
831
65
-384
-941
-1463
-1581
-1601
-1452
-2197
-2630
-2571
-3245
-3727
-4529
-4687
-5353
-6081
-7000
-7655
-7720
-7014
-5187
-2304
2122
4024
4513
1425
-1017
-3437
-6297
-6780
-6709
-3615
-1317
442
1518
1146
638
-1261
-1989
-3382
-3602
-4737
-5442
-4691
-3543
-679
185
1239
881
-384
-1219
-2916
-2647
-2629
-2700
-2959
-3761
-4148
-4975
-5142
-4630
-4414
-3560
-2518
-1303
321
1594
3323
4351
4286
3437
2022
1120
814
670
1240
1824
2693
2921
2406
2814
2930
2846
1890
1092
1291
1241
1492
2180
3463
4374
4052
3557
2899
2399
1470
-119
-844
-1778
-1920
-1929
-1070
1002
2636
3703
3940
3968
3733
3141
2528
2796
3697
3786
3828
3288
2344
1363
-73
-853
-1176
-1127
-1196
-856
30
742
1307
1034
327
-405
-1269
-1934
-1688
-793
201
1230
2118
2697
2648
2255
1226
-241
-2162
-3792
-4464
-3639
-2655
-1811
-1137
-713
-564
-1160
-2139
-3070
-4033
-5542
-7158
-8243
-8468
-8011
-6459
-3343
1413
3308
3664
1211
-571
-2513
-5094
-5535
-4855
-1724
1250
2932
3326
2446
1074
-864
-2353
-3476
-3281
-3811
-4222
-3644
-2116
455
1397
1884
1390
34
-718
-1515
-794
-365
-71
305
-715
-2013
-3558
-4948
-5403
-6444
-6103
-4770
-2890
208
2401
5080
6739
6770
5529
3625
2667
2455
1941
1952
2891
4341
4931
4432
4189
3961
3073
1450
513
958
1349
1730
2956
4637
6065
6032
5161
4500
3598
1889
273
-589
395
1373
1903
2619
3292
3783
2682
897
66
-29
552
1457
3282
5130
5771
5168
4099
2898
1215
-495
-1892
-2510
-1896
-998
296
1585
2836
3105
1991
684
-903
-1858
-2834
-3176
-2282
-802
1087
2535
3705
4164
3811
2548
653
-1175
-3150
-4413
-4753
-4157
-3249
-2674
-2254
-2194
-2733
-3588
-4283
-4800
-6042
-7006
-7772
-7772
-7419
-6624
-4887
-1070
1221
1854
-300
-2336
-3349
-5847
-6519
-5721
-2389
1908
3331
3327
1714
-590
-2614
-4503
-5213
-4129
-3764
-3448
-2996
-2019
238
953
1152
680
-937
-1371
-1759
-427
668
1181
2047
913
-276
-2484
-4314
-5024
-6210
-6298
-5526
-4168
-1961
-121
2501
4943
5648
4945
3209
2474
3093
3598
3720
3994
4586
4408
3188
2233
2028
1679
517
-20
762
2310
2960
3764
4480
5683
6120
4686
3538
2200
2058
1433
1584
2849
3746
4085
3515
3710
3337
1661
-798
-1740
-1105
-3
1864
3768
5843
6406
5650
4634
3447
2619
1319
446
1024
1744
2018
1577
1263
1442
767
-474
-1709
-2206
-2414
-2660
-1854
-512
353
363
69
581
1125
1313
923
720
574
151
-693
-1098
-1336
-2114
-3088
-4137
-4505
-5223
-6001
-6754
-6521
-6597
-6868
-7391
-7652
-6972
-4677
-478
2493
3142
561
-1215
-2636
-3937
-4598
-3945
-592
2116
3159
1898
462
-885
-2839
-4270
-5511
-4311
-4059
-4420
-4590
-4178
-1662
-673
-327
-859
-2127
-2163
-2196
-590
802
1235
1540
-385
-2143
-3570
-4941
-5634
-6724
-6560
-5196
-3644
-2333
-1413
168
1636
2101
1692
974
1095
2510
3447
4215
5211
5924
5662
3722
2726
2253
778
-919
-1311
496
2114
2573
2578
2993
4096
4079
3832
3465
3533
3734
3307
3494
4579
5993
6140
5734
5310
4358
2492
551
665
1350
2508
3169
3602
4374
3656
2901
2053
1497
1473
708
660
1290
2658
3732
3565
3044
1736
85
-1701
-2743
-2364
-1915
-1726
-1405
-757
-753
-1496
-1823
-2130
-1949
-2034
-2169
-1743
-983
-86
98
7
-372
-1012
-1830
-2940
-3452
-4014
-5086
-5931
-6516
-6660
-7649
-8474
-7815
-3944
269
2442
2211
1398
1432
-58
-1544
-1235
1930
6156
7992
6903
4505
1928
-788
-2422
-2946
-1564
-392
-1448
-2172
-2985
-2352
-1496
-1456
-572
-915
-1298
-1037
-320
1706
2699
3675
3646
1605
-69
-2110
-3062
-3802
-4316
-2877
-1632
-1163
-1484
-1580
-689
-39
88
-245
56
1272
2053
2151
2925
4148
4546
3435
2545
2849
2829
1299
576
1816
3223
3231
2054
1744
1348
616
-251
-483
455
1211
1582
1727
2433
3655
4064
4286
4983
5301
4260
2417
2009
2881
3359
3713
4645
5632
5321
3612
2107
1512
1075
205
-126
484
1579
1928
1727
1790
2150
1753
374
-624
-429
176
99
-325
-121
309
-623
-1862
-2553
-3007
-3478
-4249
-4459
-3581
-2912
-2589
-2983
-3410
-3514
-3997
-4262
-4471
-4098
-4146
-5156
-5679
-6695
-6953
-7728
-6132
-3429
-2452
-3688
-6020
-6353
-6734
-6855
-6252
-3632
1208
4995
5772
4183
1751
51
-868
-1627
-1285
444
1144
253
-1555
-3178
-3513
-3974
-4048
-4231
-4014
-3019
-2101
-615
1023
2716
3156
1137
-1154
-2217
-2189
-2145
-2149
-799
1163
2400
2122
1897
1389
491
-836
-2074
-1123
535
2318
3130
3474
4525
4433
3401
1907
1302
1025
-169
-622
835
2340
2716
2372
1884
1713
1050
341
540
598
896
812
679
805
711
777
899
1906
2941
3154
2684
2488
3106
3835
4516
5589
6508
5990
4648
3661
3110
2272
1499
1065
1019
1051
948
1332
1869
1799
819
-443
-958
-417
49
879
1462
2016
2137
1296
603
-42
-653
-1592
-2250
-2375
-2753
-3157
-3576
-3533
-3348
-3797
-4403
-4618
-4630
-4625
-4358
-4316
-3969
-4344
-4725
-4135
-1257
1700
2260
718
-1699
-2791
-4787
-6446
-6830
-4948
-1298
1124
1501
-335
-2517
-3633
-3668
-2755
-986
1327
1940
1871
936
-321
-1060
-1965
-2623
-4141
-5593
-4611
-3222
-2205
-2241
-2011
-828
-854
-1635
-2475
-2144
-1587
-1446
-622
674
2336
2970
2303
1465
1083
764
-709
-1298
-138
1919
2841
2426
2504
3185
3872
3846
3993
3972
3654
3022
3025
3263
3312
2601
1004
-264
-952
-854
-679
-309
536
1317
1371
1414
1527
1521
1901
2663
3563
3585
2766
1935
1788
1741
2349
3369
4130
4421
4059
4224
4510
4091
2895
1747
1496
1918
2297
2750
2903
3370
3504
2609
2099
1604
1104
271
-182
332
742
747
853
1001
771
63
-1037
-1389
-1463
-1235
-1501
-1783
-1579
-2078
-2427
-2840
-2732
-2587
-3703
-4499
-5246
-5379
-5706
-6417
-6619
-6471
-4574
-2384
-1309
-1997
-3015
-3815
-4772
-5455
-6255
-5503
-2927
578
2181
461
-2842
-4789
-5035
-4274
-2426
-638
1041
1546
925
-76
-1168
-1366
-1222
-1952
-2499
-1975
-870
-582
-859
-1075
-1285
-1433
-1656
-1856
-2050
-1570
-458
621
1285
1651
2389
2650
2563
1985
882
-363
-1066
-279
985
1371
978
839
1562
3033
4097
4471
4077
3342
3252
3363
3241
2764
1951
1038
152
-35
-191
-999
-1748
-2100
-1996
-2695
-3037
-2088
-589
1091
2242
2753
2932
2886
3025
3319
3543
3429
3298
2597
2371
2810
2924
2027
702
251
-166
-273
-139
776
1882
2692
3933
4792
5249
4978
4617
4631
4689
4681
3841
2935
2302
1931
1055
-531
-1777
-2499
-2456
-2029
-1425
-709
-781
-887
-661
-262
-512
-1452
-2062
-1975
-1726
-2281
-3100
-3832
-4527
-5329
-5928
-5612
-5213
-5441
-6345
-6951
-6746
-5892
-5122
-4846
-4252
-2838
-1459
-1058
-1922
-2885
-3694
-3851
-2535
-1620
-1828
-2477
-2398
-1147
-264
-124
-610
-1795
-2676
-2747
-2471
-2380
-2334
-1627
-781
88
625
644
80
-191
-77
289
357
270
692
1478
2070
2119
2129
1301
183
2
432
434
212
234
1091
2717
3937
4301
3633
2852
2352
2146
2036
1999
2161
2349
2651
3342
3821
3350
2742
2142
1658
722
-331
-583
39
1203
2596
3788
4052
3881
3629
3897
4344
4374
3946
3830
4419
4984
4767
3756
2757
2069
1527
1122
871
633
575
729
1575
2624
2710
2435
2230
2910
4306
5301
5815
5769
5369
4430
3038
1572
-330
-2136
-3603
-3951
-3304
-3194
-3065
-2854
-2070
-1221
-1003
-771
-588
-625
-672
-1332
-1664
-1695
-1750
-1418
-1919
-2433
-3626
-4744
-5627
-6130
-5802
-6094
-5764
-4977
-3564
-2339
-2463
-2280
-2057
-1284
-62
666
498
-518
-1286
-1462
-1583
-1794
-2312
-2443
-2281
-1305
-423
-784
-1964
-3265
-3588
-3929
-4258
-4179
-3736
-2642
-1035
139
141
-295
-755
-534
-184
205
538
438
277
689
1628
1540
626
-249
-345
270
1044
1902
2492
2649
3134
3749
3890
3166
1756
568
-471
-320
329
1029
1825
2027
2645
2333
1915
1581
1085
1097
949
1240
1224
1088
1622
2221
2766
2957
3019
2942
2644
2343
2159
1887
1388
919
556
290
455
1074
1507
1761
2234
2499
2417
1888
1162
771
412
164
395
839
1388
2362
2835
2611
2224
1700
1191
220
-384
-981
-1437
-1807
-2355
-2762
-3489
-4087
-4416
-4114
-3019
-2184
-1704
-1187
-1277
-1146
-1900
-3124
-3971
-4115
-3888
-3837
-3392
-3266
-3082
-3276
-3518
-3822
-4803
-5290
-5232
-3938
-2364
-1210
-135
353
1069
1149
710
-246
-1074
-1284
-1968
-2104
-1880
-1468
-1264
-1505
-1726
-2286
-3058
-3321
-3379
-3207
-2412
-1575
-937
-425
-198
71
-88
-71
35
296
1043
1776
2723
3198
3058
2662
2027
1483
1170
1302
1669
1686
1945
2094
2333
2999
3454
3706
3576
2921
2742
2741
2632
2610
2595
2627
2197
2191
2280
2561
2622
2657
2620
2287
1671
427
-356
-82
1041
2340
3118
3544
3636
3361
2693
1924
1236
251
-513
-738
153
1171
927
487
222
428
790
853
1140
1517
1826
1597
1389
1638
1500
1212
655
383
45
-740
-1141
-1020
9
740
772
54
-930
-1861
-2366
-2792
-2930
-2896
-2864
-2542
-1987
-970
-739
-1151
-1728
-2081
-2121
-1717
-1044
-648
-538
-760
-834
-1007
-1208
-1369
-1775
-2370
-2343
-2383
-2721
-3038
-2560
-1760
-1265
-1499
-1812
-1800
-1758
-1362
-940
-1000
-1027
-1249
-1326
-1662
-2155
-2516
-3321
-3646
-3366
-3284
-3295
-3490
-3129
-2580
-2418
-2287
-2366
-2422
-2300
-1875
-1107
-332
259
824
1036
1571
1923
2024
1915
1607
2022
2163
2178
1741
1193
1065
1350
1508
1432
1364
1322
1719
2375
2734
2470
2151
1987
2122
2304
2726
2838
2601
2508
2418
2005
1029
143
-451
-569
-364
85
813
1079
1178
1933
2329
2257
1981
1743
2108
2573
2803
2616
2199
1971
1931
1492
835
375
-317
-871
-364
798
1872
2193
2353
2689
2869
2468
1595
1202
1134
1105
1169
962
833
460
-157
-522
-870
-1285
-2241
-2739
-2581
-2391
-2333
-2538
-2594
-2187
-1379
-897
-940
-951
-1202
-1408
-1142
-1014
-963
-1511
-1823
-1593
-1476
-1327
-1376
-1348
-1555
-2028
-2204
-2555
-2917
-3175
-3076
-2838
-2679
-2417
-2300
-2111
-1566
-1100
-1214
-1641
-1966
-1737
-1713
-1648
-1803
-2045
-2429
-2461
-1794
-1639
-1738
-1839
-1723
-1251
-459
545
1171
1181
1176
897
1152
1787
2221
2970
3690
3925
4082
3543
2667
1958
1585
1354
1193
1275
1262
1324
1583
2137
2298
1820
1325
1342
1531
1873
1979
1877
1992
2379
2110
1241
543
48
-615
-1069
-1499
-1359
-1244
-1193
-980
-828
-870
-1236
-1315
-783
323
1237
1692
1861
2297
2491
2519
2239
1868
1430
368
-429
-659
-514
-536
-841
-830
-512
-208
82
385
771
1270
900
515
398
432
827
589
392
77
-359
-756
-1334
-2089
-2583
-2770
-2553
-2514
-2419
-2252
-1867
-1012
-559
-283
-565
-813
-748
-640
-539
-683
-1060
-1553
-2165
-2276
-2270
-2706
-2821
-2884
-2688
-2440
-2654
-2919
-3423
-3658
-3283
-3154
-3278
-3114
-2761
-2346
-2172
-2051
-1751
-1803
-1780
-1573
-1168
-845
-779
-561
-297
-52
29
-247
-545
-509
35
540
953
1599
2095
2321
2470
2967
3540
3889
4125
4080
