-28
-275
-348
-338
-244
-215
-141
-168
-178
-109
-106
-79
-83
-19
203
342
177
108
2
1
44
-4
-30
5
12
153
173
208
99
169
246
96
139
-1
128
203
152
190
224
226
346
372
270
292
204
201
423
667
718
794
690
607
668
814
758
661
658
495
541
545
582
535
449
451
341
362
633
785
721
850
748
747
943
870
1029
983
904
1042
967
965
1043
1134
1186
1032
860
841
827
1003
999
931
963
734
645
458
422
421
417
410
301
320
187
146
34
38
-15
-163
-323
-155
-191
-205
-131
-238
-298
-351
-499
-550
-529
-556
-621
-687
-702
-760
-689
-651
-460
-412
-376
-269
-204
7
77
23
88
296
333
217
250
107
47
87
180
57
92
101
135
341
342
262
325
238
174
254
152
62
150
261
241
367
308
291
434
569
665
551
576
726
718
1008
960
969
918
1028
1041
996
1021
922
1007
1164
1250
1324
1383
1459
1553
1434
1306
1249
1145
1201
1168
1137
1164
1186
1254
1351
1239
1081
1053
919
945
927
849
927
1010
1045
974
968
1019
1074
1043
1049
972
814
790
803
681
470
304
293
373
198
124
18
22
114
13
10
-51
-36
-22
33
136
219
373
347
275
333
295
396
302
273
363
205
362
477
493
510
447
480
418
618
692
569
537
410
412
535
707
479
313
440
496
559
376
428
478
450
357
215
99
88
93
56
-88
-173
-153
-317
-256
-501
-722
-535
-522
-541
-564
-526
-672
-548
-656
-827
-780
-781
-711
-727
-603
-795
-844
-850
-801
-687
-736
-687
-788
-563
-523
-636
-633
-824
-764
-780
-807
-1018
-1079
-996
-972
-923
-887
-756
-631
-609
-411
-369
-389
-572
-551
-355
-406
-428
-464
-445
-182
-118
-178
-135
-210
-63
-62
-39
-83
-97
-106
81
115
44
84
183
182
167
228
196
401
548
568
517
666
861
961
1067
1018
963
1178
1197
1223
998
923
1233
1265
1209
1159
1039
1015
1150
1102
1021
1010
823
987
1205
1016
889
711
691
619
602
517
396
380
233
242
310
127
228
402
389
192
167
-15
14
84
-20
-134
-401
-329
-459
-425
-289
-214
-154
-137
-139
-302
-411
-282
-187
-6
-178
-185
-136
-97
-153
-159
-153
-92
82
-18
-4
-168
-96
-94
-155
-107
-160
-286
-325
-240
-312
-313
-370
-331
-227
-445
-368
-323
-322
-313
-333
-278
-274
-149
-58
60
137
84
-181
-215
-110
-96
-80
-144
-10
119
285
176
185
294
308
320
495
571
561
453
542
793
725
857
985
1032
995
1051
1045
1070
1056
1105
1070
1154
1091
1042
1228
1295
1349
1322
1240
1342
1334
1276
1266
1373
1340
1220
1148
1163
1212
1275
1247
1166
982
928
910
953
810
641
657
638
817
925
775
861
944
993
897
726
661
560
681
700
885
748
605
808
728
539
430
491
506
640
734
650
737
868
1021
981
841
894
909
908
927
890
831
782
767
784
784
655
707
810
968
886
802
829
907
837
663
616
529
586
643
563
458
372
412
496
664
534
445
596
483
547
501
358
356
304
337
291
252
251
469
503
324
169
41
30
144
225
232
104
-44
84
11
-161
-324
-345
-397
-337
-388
-539
-447
-356
-197
-253
-413
-527
-730
-581
-638
-658
-786
-773
-656
-673
-625
-686
-515
-704
-772
-709
-726
-754
-700
-760
-645
-583
-743
-580
-677
-767
-901
-1107
-1083
-900
-867
-875
-999
-1038
-948
-1024
-913
-934
-972
-926
-1075
-1249
-1247
-1288
-1172
-1148
-1156
-1188
-1205
-1006
-779
-872
-890
-915
-836
-793
-789
-739
-827
-729
-623
-465
-483
-501
-406
-284
-244
-197
-232
-250
-106
-203
-177
-126
-195
-50
-105
-94
19
156
189
161
194
377
368
301
484
560
500
590
700
577
706
662
641
642
695
916
838
847
901
975
970
1114
1185
1108
962
844
912
854
772
717
695
566
701
571
404
566
524
723
783
710
761
732
588
656
651
610
691
619
458
382
284
360
340
232
235
9
146
66
11
15
-211
-129
68
-42
-176
-234
-172
-175
-239
-242
-318
-245
-138
-204
-149
142
154
214
254
366
450
511
478
575
391
376
436
525
805
684
845
730
821
907
874
718
785
953
805
714
611
574
676
906
886
669
410
410
691
870
438
144
21
169
143
-135
-357
-365
-537
-612
-439
-592
-586
-747
-938
-891
-938
-835
-698
-832
-874
-796
-881
-904
-919
-777
-435
-316
-436
-651
-722
-569
-526
-563
-420
-448
-457
-570
-530
-210
-171
-142
-221
-279
-249
-222
-554
-621
-7
241
67
-45
1
189
29
-279
-427
-620
-540
-590
-565
-726
-672
-703
-1069
-1078
-1127
-1360
-1414
-1618
-1976
-1678
-1395
-1594
-1686
-1642
-1665
-1429
-1638
-1907
-1813
-1633
-1896
-2120
-2229
-2364
-2179
-1971
-2185
-2308
-2239
-2242
-2156
-2359
-2637
-2656
-2732
-2324
-2244
-2069
-2023
-1896
-1446
-1475
-1724
-1759
-1656
-1548
-1630
-1828
-1612
-1473
-764
-337
-178
174
47
2
-114
-187
-335
-213
284
371
263
477
631
571
366
312
547
1038
1567
1906
2109
2314
2309
2042
1893
1727
1661
1693
1702
1875
2258
2605
2468
2201
1913
2224
2341
2061
2004
1900
1725
2019
2311
1518
1133
951
540
366
784
664
385
384
39
8
158
374
115
-19
203
-95
-243
-433
-326
-556
-259
-91
-304
-39
339
484
654
1261
1424
1329
1407
1419
1509
2032
2189
2194
2458
2717
2894
3298
3749
3817
3911
4098
4400
4662
5182
5680
5913
5992
6104
6108
6076
6198
6438
6678
6714
6916
6507
6684
6704
6540
6397
6128
6405
6305
6240
5988
5867
5625
5646
5407
5274
5622
5736
5849
5887
5998
6133
6064
6102
6062
5956
6025
5885
5721
5688
5668
5907
5858
5926
5714
5620
5757
5726
5809
5659
5679
5840
5719
5605
5770
5483
5288
5061
4537
4235
3865
3657
3539
3314
3180
2921
2685
2389
1887
1494
1348
1065
763
468
119
-213
-430
-766
-1095
-1329
-1699
-2009
-2383
-2665
-2710
-3140
-3226
-3340
-3726
-3879
-4252
-4636
-4740
-5107
-5349
-5630
-5950
-6102
-6289
-6461
-6673
-6863
-7120
-7284
-7377
-7521
-7702
-7707
-7975
-8331
-8313
-8564
-8753
-8860
-8982
-9186
-9181
-9446
-9427
-9534
-9735
-9867
-10190
-10321
-10559
-10639
-10765
-10924
-11217
-11398
-11597
-11744
-11767
-11872
-11823
-11723
-11842
-11732
-11540
-11611
-11681
-11773
-11846
-11740
-11774
-11657
-11557
-11683
-11499
-11483
-11179
-11027
-10839
-10691
-10676
-10518
-10277
-10137
-9885
-9796
-9506
-9422
-9301
-9110
-9068
-8862
-8640
-8469
-8302
-8255
-8218
-7938
-7874
-7831
-7784
-7829
-7746
-7463
-7272
-7044
-6689
-6457
-6233
-6101
-6010
-5936
-5783
-5389
-5054
-5039
-4905
-4635
-4296
-4045
-3879
-3748
-3618
-3198
-3050
-3014
-2655
-2355
-2209
-1995
-1832
-1708
-1653
-1350
-1211
-976
-866
-698
-480
-199
158
356
688
1073
1286
1648
1924
2132
2379
2532
2740
3029
3093
3458
3636
3709
3868
4064
4209
4454
4582
4773
5164
5162
5493
5673
5802
5988
6198
6364
6753
6904
7185
7485
7660
7785
8005
8178
8241
8501
8668
8860
9029
9274
9349
9432
9462
9568
9534
9590
9553
9435
9388
9098
9168
9187
9193
8975
8907
8846
8589
8512
8392
8208
7943
7678
7396
7295
7134
6831
6655
6461
6234
6072
5840
5655
5497
5266
5107
4995
4728
4500
4351
4268
4128
3828
3696
3321
3093
2948
2729
2698
2561
2466
2353
2046
1907
1758
1475
1206
994
725
518
388
330
6
-398
-688
-914
-1061
-1292
-1454
-1712
-1897
-2058
-2233
-2438
-2697
-3131
-3325
-3476
-3680
-3897
-4096
-4328
-4563
-4701
-4878
-5192
-5347
-5571
-5826
-5942
-6199
-6386
-6677
-6660
-6804
-7279
-7354
-7607
-7667
-7951
-8182
-8171
-8441
-8654
-8781
-8958
-9127
-9229
-9462
-9521
-9499
-9721
-9935
-10032
-10108
-10234
-10415
-10499
-10663
-10678
-10796
-10791
-10798
-10858
-10687
-10759
-10616
-10516
-10566
-10374
-10346
-10324
-10202
-10045
-9975
-9889
-9845
-9742
-9500
-9337
-9328
-9085
-8851
-8709
-8249
-7990
-7830
-7770
-7605
-7208
-7028
-6777
-6537
-6216
-6091
-5845
-5563
-5396
-5106
-4888
-4579
-4304
-4083
-3882
-3754
-3661
-3412
-3325
-3085
-2805
-2491
-2251
-2194
-1877
-1539
-1257
-1007
-835
-626
-268
12
366
548
828
1124
1546
1744
1949
2117
2278
2861
3057
3217
3582
3813
4338
4554
4714
5164
5396
5780
6049
6292
6699
6748
7109
7281
7319
7679
7979
8367
8597
8858
9179
9354
9525
9771
9962
10106
10338
10485
10493
10667
10791
10932
11002
11195
11295
11325
11416
11398
11551
11598
11711
11822
11689
11653
11671
11627
11664
11572
11566
11440
11176
11070
11000
10938
10872
10799
10596
10373
10186
9946
9806
9636
9409
9299
8934
8775
8586
8244
7828
7582
7269
7178
6964
6586
6452
6170
5975
5791
5366
5061
4870
4562
4346
3826
3632
3272
2852
2788
2589
2412
2195
1874
1495
1327
1071
908
802
653
573
265
-47
-230
-370
-502
-734
-1002
-1044
-1182
-1293
-1549
-1682
-1735
-1869
-2032
-2077
-2104
-2370
-2498
-2522
-2574
-2810
-2873
-2978
-2938
-3005
-3292
-3366
-3431
-3531
-3558
-3873
-3972
-4113
-4260
-4352
-4624
-4793
-4941
-5051
-5112
-5201
-5363
-5308
-5453
-5508
-5693
-5853
-5834
-5871
-5888
-6009
-6312
-6226
-6366
-6339
-6360
-6554
-6546
-6599
-6555
-6655
-6725
-6771
-6923
-7015
-6863
-6782
-6775
-6773
-6791
-6694
-6512
-6669
-6523
-6419
-6562
-6538
-6503
-6404
-6395
-6248
-6345
-6282
-6075
-6077
-6048
-5910
-5978
-5900
-5728
-5514
-5271
-5309
-5066
-4997
-4872
-4666
-4550
-4405
-4314
-4045
-3863
-3785
-3606
-3539
-3313
-2931
-2597
-2276
-2075
-1984
-1793
-1580
-1434
-1301
-1150
-956
-807
-646
-458
-205
-45
23
263
277
558
789
937
1229
1189
1418
1553
1816
1883
1978
2230
2485
2773
2882
3078
3096
3426
3633
3808
3976
4179
4285
4399
4575
4645
4592
4623
4802
4784
4844
4873
5080
5143
5102
5153
5219
5261
5260
5401
5470
5680
5839
5903
5975
5864
5886
5906
5816
5759
5823
5712
5613
5587
5420
5663
5902
5867
5864
5617
5618
5440
5387
5473
5467
5513
5315
5220
5090
5054
5122
5185
5309
5227
5175
5030
4858
4876
4773
4898
4860
4842
4831
4658
4532
4519
4409
4156
4088
3534
3535
3668
3614
3677
3554
3400
3154
3293
3352
3318
3079
3057
3061
2834
2902
2945
2807
2684
2704
2414
2354
2274
2260
2113
1954
1768
1405
1243
1420
1482
1459
1431
1330
1177
1013
1012
825
860
810
707
732
754
701
796
807
640
523
255
269
177
133
82
-73
-152
-327
-379
-605
-681
-928
-1061
-973
-1058
-1209
-1417
-1494
-1513
-1499
-1677
-1881
-1989
-2098
-2349
-2506
-2689
-2774
-2691
-2795
-2975
-3231
-3280
-3356
-3319
-3380
-3581
-3726
-3741
-3898
-3958
-4129
-4133
-4005
-4115
-4207
-4224
-4271
-4168
-4073
-4080
-4048
-3914
-3850
-3823
-3902
-3813
-3905
-4069
-4019
-4133
-4042
-4086
-3976
-4051
-4098
-4198
-4222
-4247
-4341
-4287
-4462
-4356
-4134
-3892
-3880
-3891
-4103
-4053
-3893
-3902
-3804
-3878
-3910
-3689
-3487
-3320
-3371
-3340
-3175
-3088
-2898
-2880
-2932
-2958
-2781
-2704
-2643
-2484
-2269
-2160
-2133
-2195
-2124
-2012
-2001
-1740
-1760
-1604
-1544
-1629
-1492
-1405
-1197
-1088
-864
-685
-672
-530
-508
-196
4
42
152
136
196
264
374
325
520
723
854
874
879
945
962
1051
1168
1276
1369
1474
1351
1334
1547
1544
1701
1622
1440
1538
1708
1895
1993
2044
2142
2295
2468
2506
2520
2630
2718
2946
2946
2994
2993
3060
3103
3084
3164
3107
3166
3192
3241
3517
3540
3610
3783
3931
3900
3901
4029
4015
4014
4053
3975
3992
