58
15
0
13
17
23
9
27
74
75
7
54
89
41
32
52
65
10
42
45
42
47
31
60
-19
10
9
60
-7
-1
41
28
1
-10
39
34
16
-8
49
-8
19
31
80
16
-21
-10
-3
64
9
19
14
6
42
10
14
33
31
20
30
49
16
76
91
44
64
52
55
50
56
50
87
79
77
69
73
91
52
36
17
35
11
49
71
29
33
43
47
-22
41
41
35
18
-38
15
-40
-15
-3
-45
-37
-3
-33
-47
-41
-27
-18
-67
-29
-48
-22
-11
-27
29
-45
-44
-48
-5
33
-45
19
-8
-22
-25
-14
3
-3
-17
-11
2
27
28
60
48
22
38
52
50
54
31
81
65
33
40
74
93
39
31
22
38
32
66
38
51
61
71
84
93
72
74
61
-1
30
55
27
55
38
36
49
44
37
54
31
79
30
40
42
66
56
41
76
39
53
31
62
61
44
17
-13
-8
19
-23
-22
-6
7
6
-20
-16
7
-26
1
-29
-26
-24
-12
-19
-23
-31
-46
-42
-43
-21
15
-10
29
0
-4
-13
4
28
18
1
60
42
47
55
59
60
79
43
36
72
92
83
94
76
111
57
50
40
77
63
75
64
71
34
31
30
102
31
45
69
53
52
57
40
36
12
-25
9
14
-19
-7
-25
-16
14
-36
-5
2
-30
-45
-46
-1
-26
-43
-9
-18
-46
-96
-21
-10
-6
-44
42
8
-18
14
17
-20
-10
-33
16
-10
15
28
19
57
38
62
43
53
67
18
33
14
24
23
38
22
34
24
33
64
10
27
50
28
54
-20
3
21
9
-2
24
19
30
12
49
34
44
-7
25
54
53
33
19
35
20
44
34
90
72
40
56
50
117
86
77
82
65
92
65
86
69
46
78
70
70
91
106
84
59
86
63
61
48
50
42
13
5
7
23
16
7
-8
-4
0
-45
-24
-46
-24
-37
-44
-45
-55
-37
16
-18
-42
-2
-35
-52
-63
-52
-49
-15
-24
16
2
20
-5
4
20
13
11
33
17
66
82
62
76
85
51
42
79
46
40
34
36
65
74
65
36
73
42
47
57
19
31
28
38
30
18
11
17
7
-8
0
7
16
8
-19
-5
-13
32
-6
20
-29
18
-9
-55
-46
-1
-41
-22
9
-40
-39
-45
-6
44
-7
-18
-32
-7
-1
-8
6
26
22
17
4
14
76
10
55
56
55
51
49
72
50
72
72
67
61
35
65
42
46
92
46
74
52
55
38
35
76
-1
39
76
25
58
60
67
37
47
33
56
83
40
59
43
61
57
38
66
82
47
47
26
3
16
55
54
13
39
38
36
1
-24
11
12
-28
-16
22
-12
-21
-2
-11
-17
-48
-51
-20
-4
-29
10
18
-23
10
-34
-25
-17
2
-66
-25
-6
-27
3
7
6
-5
26
30
49
65
46
44
54
78
73
124
77
55
99
113
58
58
52
51
81
34
11
45
66
6
16
23
-10
20
6
-74
-7
21
-7
-17
29
48
39
6
14
39
33
56
28
22
110
90
70
95
90
81
69
126
103
107
64
47
30
27
25
-35
-1
-25
-56
-100
-74
-66
-97
-87
-77
-32
-68
-86
-69
-42
-15
-75
-37
-48
-45
-16
-31
19
10
46
62
74
81
103
94
118
114
84
127
112
87
57
90
35
10
23
30
34
-11
-18
23
3
-27
-28
-9
37
-32
-29
-27
-45
-40
-25
4
-28
-9
-3
40
85
30
46
114
64
51
86
75
109
115
71
65
76
110
121
105
80
45
105
101
36
86
47
56
44
26
19
26
34
18
-27
17
25
46
16
-15
-4
32
36
12
6
33
4
36
25
12
12
34
37
-31
-12
34
39
27
15
26
-7
9
-36
-4
-40
-18
12
-23
-21
11
-5
-51
-38
-52
-16
24
-1
15
16
12
50
41
61
85
68
51
26
44
83
48
61
44
42
39
42
79
25
7
-1
23
31
-43
-37
-20
-61
-26
-24
-18
-52
-49
-52
-15
7
-18
22
8
44
14
48
62
85
48
60
115
91
114
111
113
103
94
97
166
195
153
154
138
196
150
109
90
48
-27
-62
-13
-23
-65
-91
-131
-103
-126
-133
-144
-169
-135
-167
-160
-163
-118
-152
-158
-162
-80
-86
-117
-79
-36
-50
7
48
57
94
134
120
145
128
154
154
145
95
90
79
67
10
10
-14
-55
41
23
43
105
143
153
188
283
317
329
310
347
402
372
379
403
355
344
349
310
316
277
222
215
195
145
81
25
5
-85
-198
-235
-249
-348
-406
-450
-482
-545
-555
-565
-538
-539
-496
-447
-416
-332
-283
-191
-145
-142
-77
20
80
87
116
168
177
211
222
261
285
277
323
314
361
369
301
298
300
292
258
228
198
102
99
78
80
45
-48
-84
-115
-125
-221
-159
-224
-285
-264
-260
-241
-280
-275
-245
-288
-301
-260
-259
-209
-199
-157
-136
-145
-123
-77
-101
-63
-10
-3
18
60
116
116
141
126
216
339
388
446
493
597
729
720
707
786
853
807
702
775
880
857
705
686
657
642
548
481
394
268
143
85
-96
-207
-338
-394
-640
-844
-843
-818
-943
-1118
-1130
-1079
-1162
-1167
-1111
-963
-940
-893
-732
-599
-437
-323
-187
-94
18
173
315
439
469
529
600
690
699
746
756
749
718
706
719
735
616
559
486
380
318
262
153
85
-31
-178
-201
-244
-242
-328
-403
-402
-423
-410
-424
-456
-441
-368
-381
-367
-317
-260
-199
-195
-122
-98
-13
6
67
85
127
167
169
176
164
148
124
73
68
13
-30
-61
-123
-201
-177
-219
-219
-221
-195
-190
-229
-193
-114
-20
54
151
224
332
480
621
740
756
880
982
1014
1025
1174
1278
1189
1115
1131
1150
1078
927
825
724
563
429
242
112
-86
-228
-363
-644
-814
-927
-1014
-1264
-1393
-1478
-1473
-1535
-1630
-1586
-1465
-1451
-1393
-1212
-988
-909
-707
-504
-304
-141
17
201
373
431
536
721
820
837
931
986
955
944
990
1018
966
923
917
876
760
663
604
505
345
177
94
-94
-234
-364
-491
-581
-674
-697
-738
-799
-819
-773
-751
-801
-754
-651
-596
-577
-523
-374
-400
-412
-343
-219
-158
-150
-42
21
88
119
202
292
272
305
327
362
313
332
341
480
521
609
656
743
942
1006
1000
1095
1227
1356
1217
1196
1314
1488
1279
1084
1118
1090
923
660
533
451
196
-14
-194
-313
-582
-775
-903
-1144
-1347
-1479
-1549
-1729
-1884
-1858
-1787
-1830
-1841
-1735
-1507
-1412
-1340
-1085
-766
-611
-492
-224
26
255
394
598
718
776
875
981
1073
1122
1210
1284
1310
1271
1328
1453
1387
1293
1175
1177
1055
888
727
554
346
82
-127
-230
-396
-585
-774
-891
-1013
-1052
-1069
-1164
-1241
-1179
-1091
-1074
-1052
-951
-856
-832
-787
-667
-496
-471
-455
-330
-187
-107
-63
24
133
152
164
268
343
384
398
463
489
538
724
804
863
859
1052
1197
1205
1179
1386
1583
1387
1240
1501
1716
1607
1270
1249
1354
1241
899
681
633
384
95
-139
-292
-472
-719
-909
-1213
-1443
-1531
-1599
-1765
-1997
-2060
-2024
-1950
-1994
-1973
-1686
-1617
-1528
-1371
-1029
-717
-674
-489
-270
49
146
296
518
614
677
779
956
1080
1088
1130
1200
1245
1274
1317
1515
1514
1399
1321
1345
1237
1021
772
601
315
53
-211
-329
-503
-772
-1032
-1153
-1211
-1279
-1362
-1424
-1472
-1403
-1287
-1217
-1098
-1052
-930
-834
-775
-580
-421
-268
-271
-201
-15
198
327
334
488
588
679
746
839
863
816
730
928
1128
1163
1144
1267
1475
1553
1511
1595
1821
1844
1597
1554
1848
1973
1748
1368
1387
1401
1241
860
669
612
293
-29
-335
-470
-629
-969
-1369
-1683
-1855
-1942
-2101
-2354
-2566
-2596
-2517
-2540
-2598
-2505
-2213
-2151
-2018
-1738
-1347
-1089
-980
-644
-310
-26
96
334
583
697
717
828
1086
1178
1139
1224
1382
1412
1509
1709
1756
1728
1720
1697
1657
1465
1223
995
711
275
83
1
-317
-759
-973
-1086
-1214
-1376
-1486
-1531
-1527
-1548
-1551
-1399
-1336
-1289
-1224
-1185
-1012
-823
-648
-524
-380
-190
-12
241
432
613
732
834
910
1012
1098
1052
915
1030
1195
1268
1315
1323
1605
1826
1710
1677
1922
2225
2129
1868
2138
2519
2411
1929
1751
1853
1743
1263
757
792
556
65
-239
-436
-532
-974
-1320
-1591
-1837
-1972
-2176
-2360
-2607
-2807
-2739
-2727
-2902
-2977
-2736
-2553
-2520
-2386
-1932
-1454
-1297
-1107
-693
-195
83
198
426
685
776
810
981
1203
1212
1170
1252
1554
1771
1764
1894
1910
1947
1883
1837
1739
1451
1203
795
454
238
-79
-405
-873
-1167
-1395
-1416
-1570
-1814
-1778
-1844
-1723
-1708
-1645
-1506
-1455
-1365
-1398
-1188
-1039
-861
-714
-676
-469
-184
29
132
402
600
756
798
1031
1127
1191
1077
1139
1445
1538
1422
1337
1741
1872
1836
1841
1984
2454
2411
2164
2435
2948
2969
2458
2174
2298
2372
1864
1212
1023
893
421
-147
-410
-400
-786
-1232
-1591
-1739
-1861
-2121
-2401
-2643
-2869
-2937
-2939
-3104
-3186
-3116
-2949
-2920
-2738
-2373
-1922
-1565
-1517
-1154
-541
-85
62
232
552
778
778
783
1018
1201
1102
1024
1364
1684
1736
1772
2011
2138
2009
1977
1849
1738
1388
839
537
316
-68
-608
-1150
-1520
-1735
-1886
-2139
-2296
-2167
-2161
-2093
-2052
-1805
-1623
-1654
-1698
-1542
-1298
-1168
-955
-714
-584
-301
69
388
650
898
1199
1430
1516
1716
1896
1959
1648
1579
1990
1977
1674
1515
1851
2004
1897
1797
2162
2698
2536
2257
2738
3324
3408
2689
2440
2707
2687
2111
1363
1334
1101
478
-104
-341
-328
-831
-1409
-1843
-1805
-1848
-2276
-2560
-2816
-3024
-3204
-3293
-3440
-3683
-3686
-3672
-3611
-3434
-3099
-2539
-2234
-2021
-1739
-1100
-666
-470
-429
-112
154
119
213
417
649
620
756
1228
1470
1685
1967
2155
2238
2328
2322
2295
2118
1634
1335
1122
702
68
-364
-799
-1190
-1521
-1745
-1896
-1966
-1985
-1920
-1814
-1659
-1600
-1443
-1354
-1369
-1173
-1090
-970
-736
-508
-316
-52
343
600
960
1204
1530
1814
1964
2100
2194
2194
2049
2217
2304
2268
1912
1986
2287
2250
2119
1973
2564
2859
2351
2485
3085
3677
3087
2326
2612
2812
2429
1165
855
913
343
-581
-1123
-807
-1080
-1848
-2314
-2310
-2125
-2542
-2834
-2967
-3225
-3353
-3584
-3645
-3941
-4021
-3989
-3906
-3790
-3634
-2995
-2594
-2326
-1982
-1252
-529
-293
-70
220
572
628
632
737
842
983
1049
1191
1487
1833
2167
2211
2238
2398
2582
2537
2132
1957
1821
1451
738
134
-268
-701
-1338
-2019
-2244
-2333
-2493
-2662
-2673
-2510
-2225
-2143
-2026
-1857
-1607
-1366
-1403
-1210
-966
-602
-427
-299
57
620
970
1218
1609
2031
2439
2430
2538
2639
2875
3068
2948
2807
2661
2829
2816
2610
2478
2613
3126
2933
2754
3237
3937
4102
3260
2951
3352
3507
2830
1675
1544
1353
641
-537
-1070
-889
-1496
-2367
-3122
-2839
-2660
-3198
-3552
-3733
-3571
-3841
-4136
-4205
-4243
-4224
-4384
-4253
-3992
-3638
-3204
-2797
-2337
-1900
-1060
-465
-110
188
475
861
892
992
1117
1299
1271
1187
1281
1572
1794
1679
1572
1573
1685
1637
1306
1063
820
610
-36
-654
-1118
-1519
-2015
-2865
-3310
-3362
-3314
-3504
-3649
-3299
-2910
-2627
-2383
-1973
-1422
-1090
-840
-448
134
564
745
1082
1554
2065
2364
2598
2938
3223
3424
3536
3676
3744
4147
4314
4244
3972
3894
4184
4069
3564
3208
3548
3761
3123
2919
3534
4155
3785
2885
3132
3694
3572
2343
1643
1930
1388
323
-756
-824
-1086
-2163
-3032
-3448
-3250
-3661
-4383
-4722
-4795
-4770
-5068
-5213
-5390
-5361
-5342
-5355
-4976
-4837
-4453
-4017
-3579
-3111
-2454
-1467
-1052
-623
-79
545
958
1079
1512
1958
2088
1840
2017
2439
2505
2286
2013
2153
2113
1771
1612
1474
1227
765
320
-113
-788
-1340
-1950
-2610
-3456
-4004
-4138
-4313
-4583
-4797
-4499
-4115
-3863
-3471
-2883
-2161
-1700
-1106
-212
742
1462
1953
2641
3503
4065
4442
4868
5350
5505
5433
5462
5608
6203
6142
5991
5738
5866
6092
5728
5274
4830
4967
4699
3729
3578
3866
3993
2985
1946
1989
2161
1787
247
-404
-277
-789
-1720
-2779
-2795
-3303
-4431
-5435
-5869
-5569
-6118
-6832
-7332
-7234
-6922
-7010
-6894
-6798
-6259
-5917
-5616
-4898
-4221
-3275
-2909
-2256
-1456
-424
717
1178
1761
2334
3074
3467
3865
4583
4868
4997
4920
5265
5557
5235
4948
4482
3972
3237
2534
2210
1543
469
-435
-957
-1668
-2479
-3375
-4239
-4869
-5821
-6491
-6838
-7129
-7515
-7845
-7662
-7392
-6810
-6313
-5763
-4878
-4001
-2873
-1726
-420
659
1800
3060
4283
5465
6392
7094
7638
8046
8318
8350
8782
9213
9125
8771
8475
8995
9144
8555
7821
7472
7871
6979
6006
5880
6094
5582
3652
2684
2550
2170
562
-1451
-1914
-2305
-3393
-4933
-5778
-5648
-6445
-7679
-8637
-8536
-8510
-9387
-10069
-10271
-9858
-9830
-9889
-9441
-8745
-7943
-7380
-6262
-4867
-3672
-2330
-1231
22
1268
2822
3995
4683
5369
5830
6422
6658
7020
7129
7062
7097
7002
7136
6815
6509
5970
5390
4647
3655
3059
2222
1150
-115
-1328
-2171
-3263
-4391
-5729
-6678
-7471
-8370
-8949
-9448
-9557
-9833
-9936
-9663
-8994
-8079
-7632
-6728
-5420
-4108
-2774
-1416
386
1995
3368
4671
6293
7847
8758
9566
10210
10729
10794
10671
10985
11009
10683
10017
9817
10030
9582
8707
7957
7927
7559
6168
5616
5647
5576
4157
2418
2101
1824
724
-1627
-3083
-3395
-4461
-5914
-7485
-7683
-7999
-9137
-10247
-10724
-10309
-10799
-11578
-12019
-11923
-11426
-11551
-11337
-10821
-9901
-9082
-8141
-6576
-4909
-3048
-1564
132
2118
4042
5817
6957
8166
8822
9566
10162
10300
10321
10064
9996
9616
9293
8913
8464
7904
6825
5902
5069
4168
3024
1579
230
-1176
-2311
-3579
-5169
-6435
-7685
-8568
-9669
-10577
-10943
-11143
-11394
-11710
-11265
-10517
-9753
-9038
-8132
-6862
-5374
-3755
-2225
-461
1541
3115
4702
6486
8219
9604
10460
11183
11724
12147
12064
12290
12339
12024
11349
10933
11035
10568
9745
8715
8456
8164
6620
5710
5608
5446
3969
2089
1481
1236
242
-1994
-3590
-4042
-4923
-6267
-7755
-8195
-8519
-9591
-10711
-11237
-10976
-11285
-12088
-12629
-12623
-12232
-12310
-12338
-11878
-11203
-10330
-9556
-8188
-6611
-4881
-3167
-1558
477
2496
4471
5917
7273
8543
9462
10278
10718
11033
11138
11130
10928
10636
10340
9847
9052
8126
7226
6338
5170
4075
2963
1767
458
-832
-1991
-3427
-4745
-6245
-7582
-8620
-9700
-10520
-11213
-11510
-11791
-11784
-11397
-10755
-10007
-9208
-8189
-6834
-5324
-3825
-2058
-223
1675
3347
5060
6978
8496
9677
10604
11246
11611
12145
12841
12859
12547
12257
12390
12519
12051
11235
10741
10822
9812
8402
8086
8030
7353
5207
3630
2946
2356
690
-1893
-3052
-3930
-5280
-7038
-8446
-8698
-9600
-10882
-12114
-12350
-12190
-13012
-13658
-14215
-14169
-13982
-14106
-13833
-13369
-12420
-11605
-10389
-8745
-7063
-4957
-3239
-1355
853
3180
5402
6825
8362
9623
10784
11707
11902
12536
12569
12334
11852
11567
11263
10223
9239
8065
7037
5958
4695
3535
2154
820
-599
-2002
-3319
-4859
-6183
-7671
-8913
-9784
-10491
-10952
-11277
-11271
-11105
-10537
-9860
-9136
-8117
-7178
-6035
-4722
-3367
-1869
-287
1339
2783
4374
6021
7626
8735
9527
10280
10831
11121
11835
12257
12331
11864
11734
12148
11937
11230
10376
10382
9965
8423
7706
7752
7686
6213
4135
3261
2880
1824
-713
-2689
-3296
-4699
-6411
-8138
-8662
-9007
-10456
-11573
-12218
-11909
-12476
-13422
-13819
-14287
-14096
-14416
-14361
-14094
-13700
-13014
-12161
-10384
-8863
-7167
-5166
-3234
-1021
1153
3546
5491
7131
8535
9802
11307
12108
12638
13022
13131
13162
12961
12820
12552
11842
10941
9804
8980
7985
6793
5426
3940
2454
906
-553
-2196
-4105
-5761
-7410
-8823
-10000
-10808
-11310
-11837
-11968
-11801
-11192
-10469
-9533
-8537
-7477
-6204
-5071
-3601
-2232
-655
679
1855
3217
4457
5703
6789
7636
8393
8918
9558
10632
11328
11613
11451
11838
12345
12204
11585
10855
10929
10299
8691
8087
8030
7801
6225
4545
3862
3349
2379
-216
-1836
-2532
-3953
-5629
-7484
-7874
-8557
-10108
-11496
-12145
-11841
-12603
-13492
-14057
-14113
-13993
-14324
-14042
-13504
-12904
-12301
-11310
-9530
-8028
-6461
-4904
-3214
-1172
717
2793
4382
5902
7303
8554
10088
11070
11915
12412
12579
12785
12738
12673
12195
11479
10354
9114
8084
7078
5930
4424
2924
1615
383
-829
-2525
-4014
-5230
-6778
-8259
-9416
-10156
-10742
-11458
-11945
-11750
-11122
-10421
-9500
-8426
-7012
-5423
-3862
-2339
-480
1273
2772
3819
4974
6249
7053
7701
7933
8303
8292
8973
9935
10287
10682
10817
11630
12256
12144
11572
11519
11869
10534
9292
8990
8966
8109
5728
4343
3921
3202
1201
-1349
-1912
-2730
-4150
-6002
-7135
-7080
-8301
-9726
-10971
-11004
-11375
-12802
-13698
-14206
-14081
-14590
-14959
-14437
-13881
-13031
-12465
-10984
-9130
-7646
-6105
-4666
-2652
-808
859
2583
4065
5599
6781
7977
9324
10332
11133
11733
12356
12907
12975
12969
12534
12036
10948
9642
8741
7355
5767
3978
2560
1155
-281
-1652
-3227
-4390
-5669
-6933
-7789
-8748
-9647
-10514
-11014
-11341
-11428
-11154
-10661
-10036
-9090
-7575
-5653
-3966
-2278
-198
2008
3825
5223
6815
8246
8925
9238
9571
9870
9724
10131
10342
10608
10441
10470
11485
11778
11599
11022
11189
11544
10202
9479
9274
9173
7538
4939
3899
3350
2237
-651
-2860
-3184
-4202
-5632
-7317
-7676
-7665
-8929
-10109
-10993
-10530
-11288
-12761
-13661
-14123
-13989
-14755
-15048
-14655
-13905
-12994
-12254
-10340
-8454
-6636
-4988
-3455
-1312
441
2241
3413
4490
5613
6466
7628
8679
9689
10499
11198
11898
12699
13253
13250
12986
12412
11438
10270
9143
7763
5994
4106
2347
678
-687
-2181
-3778
-5296
-6520
-7461
-8330
-9168
-9834
-10374
-10966
-11521
-11527
-11215
-10798
-10510
-9761
-8375
-6640
-4946
-3133
-846
1295
3370
5322
7168
8684
9651
10258
10524
10820
10430
10993
11473
11392
10896
10620
11666
12128
11791
11090
11426
12202
10637
9631
9642
9737
8346
5163
3731
3122
2299
-593
-3723
-4131
-4901
-6315
-8165
-8823
-8336
-9191
-10474
-11506
-10979
-11087
-12404
-13644
-14409
-14236
-14660
-15120
-14891
-14229
-13286
-12419
-10768
-8780
-6800
-5051
-3522
-1535
468
2227
3494
4422
5522
6349
7295
8121
9135
10323
10927
11565
12422
13466
13906
13486
13120
12614
11615
9932
8717
7396
5421
3178
1342
174
-1383
-2902
-4700
-5865
-6706
-7796
-8592
-9255
-9671
-10511
-11267
-11593
-11393
-11171
-11270
-10932
-10051
-8782
-7355
-5693
-3654
-1477
457
2424
4472
6393
7637
8369
8992
9402
9652
9642
10502
10753
10656
10515
10851
12115
12272
11877
11580
12207
12223
10651
10413
10462
10125
7752
4922
4052
3420
1888
-1449
-3522
-3668
-4648
-5889
-7397
-7193
-7192
-8387
-9534
-10240
-9690
-10595
-12253
-13448
-14075
-13907
-14512
-14941
-14814
-13945
-12872
-11873
-9969
-8222
-6311
-4756
-3162
-1199
668
2329
3213
4162
5172
6062
6945
7649
8872
9962
10370
11173
12284
13521
13599
13254
13003
12371
11485
9600
8203
6992
5218
3020
1016
-123
-1603
-3436
-5125
-6602
-7373
-8366
-9266
-9810
-10367
-10659
-11254
-11352
-11145
-10873
-10660
-10562
-9430
-8093
-6638
-4854
-3180
-1256
535
2708
4530
6093
7387
7824
8540
8913
9333
9267
9747
10233
10251
10491
10602
11785
12105
11805
11621
11823
12308
11025
10163
10065
9461
7875
4870
3399
2590
1182
-1378
-3968
-4204
-4696
-5811
-7189
-7750
-7158
-8057
-9350
-10280
-10020
-10146
-11944
-13220
-13607
-13372
-13789
-14628
-14147
-13103
-11892
-11309
-9946
-7774
-6248
-4666
-3334
-1360
500
1850
3110
4217
5405
6333
7212
8102
8934
10048
10825
11420
12339
12888
13201
13118
12754
12043
10938
9837
8233
7019
5619
3861
2109
535
-890
-2644
-4345
-5655
-6975
-8225
-9425
-10096
-10722
-11416
-11875
-11971
-11615
-11449
-11371
-10583
-9469
-8450
-7144
-5561
-3782
-2008
-517
1238
3113
4802
5630
6532
7481
8250
8358
8387
8564
9547
10276
10275
10551
10845
11682
11809
11443
10993
10923
11175
9553
8480
8313
7918
6491
3606
2252
1732
1020
-990
-3433
-3638
-4046
-4884
-6367
-7285
-6838
-7836
-9263
-10657
-10372
-10186
-11719
-12853
-13454
-12870
-12869
-13477
-13103
-12171
-11131
-10868
-9720
-7862
-6202
-4791
-3836
-1964
-6
1767
3170
4362
5971
7182
8063
8848
9822
10956
11442
11337
11633
12116
12065
11459
10912
10189
9419
8326
6965
5972
4879
3570
1877
413
-976
-2591
-4056
-5738
-7292
-8789
-9774
-10668
-11515
-11958
-12191
-11543
-11112
-10458
-9446
-8495
-7388
-6477
-4904
-3297
-1951
-678
779
2404
3671
4705
5817
6957
7525
8133
8709
9357
9550
9822
10720
10863
10935
10566
10560
10806
10252
9149
8094
8354
7325
5196
4592
4682
4562
2424
624
520
607
-499
-3030
-3815
-3760
-4999
-6711
-8316
-8188
-8808
-10408
-11774
-11836
-10918
-11682
-12505
-12600
-11888
-11064
-11347
-11286
-10734
-9774
-9370
-9108
-7589
-6126
-4816
-3794
-2158
405
2398
4336
6004
7893
9496
10588
11507
12175
12693
12497
12320
11883
11455
11222
10429
9837
9096
8253
7495
6741
5868
4528
3346
2095
763
-855
-2876
-4623
-6274
-8093
-9980
-11343
-11985
-12451
-12808
-12727
-12002
-10693
-9841
-8814
-7778
-6490
-5198
-4483
-3418
-2123
-1137
-269
792
2320
3723
4740
5907
7413
8467
9290
10146
10719
10545
10724
11536
11494
10714
9402
9128
8911
7664
6089
5035
5050
3720
1953
2321
3272
3203
1195
18
653
943
-540
-3369
-4172
-4282
-5849
-7824
-9251
-8727
-9106
-10600
-11384
-10646
-9244
-9501
-10137
-9880
-9086
-8580
-9300
-9275
-8841
-8586
-8482
-7978
-6399
-5203
-3748
-2257
-243
2262
4603
6878
8435
9987
11102
11643
12250
12032
11466
10549
9685
9193
8401
8143
7681
7349
6702
6192
6331
5927
5208
4002
2885
1889
456
-1461
-3541
-5147
-7071
-9024
-10366
-11416
-11553
-11663
-11887
-11572
-10495
-8884
-8081
-7395
-6605
-5601
-4421
-4185
-3561
-2577
-1501
-802
-178
1495
3307
5019
6092
7301
8953
10102
10920
11001
10586
9880
10024
9501
8523
7189
6153
5700
4593
3429
2706
2901
3197
1746
1568
2891
4415
3760
1578
1048
1285
709
-1849
-4260
-4327
-5145
-6904
-8643
-8552
-7326
-8385
-9521
-9195
-7403
-6539
-7529
-7680
-7331
-7071
-7836
-8538
-8069
-7898
-7756
-7889
-6134
-3906
-2060
-238
1630
4195
6261
8009
9434
10526
10996
10340
9918
9433
8597
7311
6360
5709
5300
4888
4675
4829
4898
4789
4461
4546
4089
3413
2121
537
-694
-2346
-4078
-5932
-7497
-8544
-9619
-10629
-10874
-10340
-10047
-9594
-9048
-7884
-6877
-6357
-5586
-4911
-4042
-3408
-2795
-2121
-1091
146
1507
2916
4484
6299
7415
8872
10071
10964
10922
10851
10153
9052
7790
7204
6872
5691
4061
2640
2971
3239
2512
1479
1652
3093
2343
1815
2819
4398
4118
991
-423
197
534
-1894
-4905
-4910
-4662
-5615
-7132
-7121
-5604
-6109
-7611
-8147
-6273
-5232
-6671
-7697
-7774
-6776
-7138
-7939
-7253
-6296
-5714
-5584
-3749
-1091
704
1822
2793
4637
6235
7010
7320
7312
7346
6507
5794
5543
4878
4052
3305
2730
2882
3073
3295
3404
3410
3401
3500
3479
3036
2496
1684
678
-254
-1075
-2057
-3685
-5096
-5872
-6448
-7164
-7787
-7941
-7674
-7677
-7459
-6864
-6042
-5075
-4826
-4309
-3102
-1752
-1240
-622
379
1374
2434
3380
4793
5862
6807
7333
8034
8488
8212
7722
7217
6348
5035
3515
3503
3277
2376
1162
397
1089
1036
364
-13
444
1646
593
623
2162
3388
3172
1026
795
1368
1635
-442
-2787
-2206
-2643
-3698
-4910
-4703
-3500
-4480
-5234
-5429
-3737
-2933
-3378
-3436
-3552
-2553
-2121
-2434
-2435
-2253
-2042
-2440
-2106
-1080
-368
-87
-367
471
1470
2238
3121
3069
3383
2959
2650
2705
2065
1827
659
-129
-42
342
393
301
827
1198
1595
2342
3115
3769
3571
2915
2376
1639
669
-1178
-2891
-4226
-5570
-6605
-7336
-7420
-6932
-6692
-6617
-5489
-3836
-2773
-2314
-1549
-545
364
369
658
1147
1620
1719
1672
2396
3131
3612
3936
4526
5538
5754
5553
5486
5378
4944
3654
1974
1608
1109
-76
-1395
-2164
-1548
-1356
-1452
-1361
-392
1748
1722
1699
3761
5650
6191
4281
3444
3732
3638
1717
-1397
-1438
-1454
-2470
-3553
-3185
-810
-208
-430
-212
1755
3509
2807
2177
1702
1503
442
-1883
-3195
-4320
-5453
-7216
-8027
-7207
-6456
-5729
-5589
-4060
-2246
-1019
-279
74
879
11
-1028
-1605
-1977
-2667
-3806
-4267
-3442
-2291
-1223
239
2070
3880
5436
6598
7515
8176
7745
6391
4952
3586
1823
-702
-2599
-3825
-4715
-5611
-5946
-4959
-3805
-3376
-3095
-1565
-200
-9
-376
-476
-73
-526
-1573
-2003
-2290
-2415
-2609
-2344
-1641
-430
830
1797
3162
4321
5152
5747
5752
5095
4313
3345
1663
-453
-1706
-2071
-2560
-3055
-3218
-1918
-185
1418
2369
3461
5765
6457
5660
6334
7517
7804
5645
3300
2683
3240
2706
491
341
2139
3008
3383
3900
6436
7753
6877
5586
5122
5455
3266
-37
-2333
-4257
-6181
-9026
-10386
-10858
-11409
-12178
-12066
-10130
-8870
-7731
-7285
-6222
-5191
-4968
-4791
-4943
-4704
-5405
-6038
-5978
-5302
-4563
-4072
-3138
-1146
1310
3232
5047
6967
8329
8718
8943
9210
9265
8051
6431
5573
4722
3602
1914
1094
509
107
170
-15
378
488
907
847
28
20
-553
-1352
-2700
-3551
-4134
-4510
-4852
-5283
-4892
-4287
-3598
-2624
-1556
-123
1018
1911
2495
2761
2967
2347
1551
913
82
-678
-1743
-2436
-2945
-2176
-1938
-1360
-705
103
1927
2955
3840
4017
4974
6315
5324
5029
6156
7703
7864
6580
6832
8292
9554
8933
8069
9211
9528
8804
7375
6943
7193
5232
2487
-40
-801
-2109
-4645
-6689
-8383
-9021
-10269
-11534
-11765
-11747
-12157
-13101
-12593
-11726
-11206
-10738
-10417
-9662
-8636
-7622
-6761
-5832
-4919
-4175
-3440
-2283
-995
497
1089
1802
3109
4514
5936
6629
7434
7958
8404
8754
8732
9029
8796
8008
7444
7301
6919
5726
4535
3452
2495
1550
215
-703
-1444
-2347
-3226
-3766
-3906
-4660
-5513
-5991
-6065
-5765
-5917
-5776
-5247
-4951
-4623
-3651
-2457
-1946
-1519
-708
228
966
1354
1406
1448
1630
1474
1353
1483
1491
1093
282
338
1663
2457
2319
2272
3584
5338
6150
6701
7656
9476
9652
8855
10252
11815
12575
10659
9511
9638
9779
8888
6455
5339
4675
3164
2005
568
546
-550
-2953
-4471
-5498
-5714
-7314
-9261
-10799
-11784
-12456
-13529
-13919
-14410
-14405
-14546
-14534
-13248
-12090
-11078
-10405
-9338
-7665
-5899
-4424
-3713
-2586
-1502
-797
-111
1036
2187
2663
2974
4026
5996
7661
8562
9383
10557
11407
11758
11842
12232
12143
10577
9139
8540
8002
6489
4389
2779
1482
292
-1206
-2065
-2797
-3565
-4743
-5171
-5172
-5393
-5896
-6496
-6454
-6428
-6070
-5791
-5333
-5090
-4767
-4133
-3167
-2278
-1876
-1382
-1020
-274
578
1184
1799
2218
2388
3039
3706
4229
4656
4496
4413
3719
4641
5395
5562
5367
5137
6547
7468
7963
7849
8261
9120
8034
7518
8814
9942
9120
6401
5515
5959
5328
3031
483
487
-563
-2313
-3702
-3791
-3375
-5368
-7179
-8087
-7796
-8442
-10231
-11130
-11993
-12326
-12816
-13445
-13229
-13436
-13445
-13601
-12943
-11458
-10642
-9548
-8853
-7214
-5227
-3553
-1809
-500
1078
2149
3112
4392
5495
6322
6415
6947
7669
8991
9852
10204
10561
10932
11441
11839
12174
11702
10747
9782
8688
7652
6143
4597
2560
280
-1648
-3012
-4273
-5656
-6892
-7574
-7863
-7665
-7431
-6921
-6704
-6601
-6311
-5972
-5412
-5095
-4941
-4782
-4614
-4017
-2957
-2450
-1800
-857
509
1493
2814
4242
5662
6617
6961
7854
8382
8729
8189
7839
6896
5730
4327
3932
3815
3440
2828
2831
4113
4721
5028
5265
5958
6858
5803
5285
5615
6313
5244
2731
1711
1473
967
-1071
-3041
-2888
-3045
-4125
-4818
-4298
-3472
-4445
-5726
-6273
-6184
-6781
-8710
-9789
-11025
-11949
-13074
-13871
-13444
-13447
-13237
-13142
-11472
-9237
-7909
-6322
-5058
-3092
-1492
-156
1003
1852
2848
3057
3211
3978
4822
5512
5418
5920
7334
8744
10081
10525
11562
12144
12373
12123
11591
11483
9919
7886
5884
4933
3853
1745
-250
-1718
-2546
-3660
-4494
-4589
-4414
-4847
-5463
-5190
-4350
-3874
-4411
-5134
-5115
-4797
-4891
-4954
-4441
-3802
-3661
-3100
-1676
-353
611
1171
2358
3752
4266
4939
5486
6008
5934
5646
5686
5353
4637
3598
2853
2137
1557
853
-686
-128
664
963
703
799
2384
2629
2084
1607
2578
3455
1646
1121
1968
3147
2631
826
754
1446
1588
135
-1297
-525
-538
-1504
-2522
-2520
-1822
-3260
-4829
-5910
-5540
-6106
-8142
-9239
-9623
-9648
-10400
-10995
-10655
-10468
-10358
-10789
-9726
-8345
-7492
-6559
-5851
-4017
-2085
-272
778
1784
3503
4316
5071
6053
6792
7367
7171
7247
8046
8640
8970
8875
9113
9203
9244
9601
9643
9599
8504
7630
6843
6138
5024
3392
1759
266
-1354
-2771
-3835
-4283
-4870
-5653
-5348
-4832
-3971
-3767
-3590
-3289
-3428
-3304
-3336
-3046
-3392
-3942
-3942
-3434
-3132
-3020
-2179
-1396
-783
15
1273
3028
3878
4087
4739
5565
5994
5377
4872
4195
3253
1981
888
235
-663
-2106
-3092
-1969
-1315
-1068
-1053
260
1789
2506
2764
3381
4789
4467
3046
3069
3819
3894
2174
754
674
994
571
-474
-363
294
-192
-602
-1020
-477
-673
-2362
-3897
-4843
-5325
-6598
-8252
-9387
-10292
-10622
-11569
-11470
-10684
-10217
-9861
-9512
-7447
-5795
-4892
-4066
-3046
-1332
-201
743
1836
3001
3481
3677
4326
5683
6801
7132
7416
8146
9504
10233
10362
10801
10870
10636
10140
9623
9253
8268
6650
5243
4325
3179
2040
639
-775
-1488
-2340
-3210
-3798
-4287
-4632
-5036
-5740
-5379
-5047
-5009
-5549
-5748
-5203
-4809
-4403
-4592
-4193
-3286
-2711
-2052
-1444
-212
557
813
1117
1870
2996
3023
3012
2742
3066
3170
2492
2381
2209
2032
1548
1081
1277
1318
888
164
-169
-209
-553
-148
-326
-449
-485
-273
-111
-285
-258
-227
118
3
-578
-68
690
1471
1062
631
1213
2175
2487
1982
2203
3144
2744
2573
1847
1592
1174
-340
-1895
-2982
-3214
-4448
-5806
-6522
-7285
-7461
-8318
-8198
-7749
-7348
-7019
-6798
-5313
-4316
-3353
-2750
-1655
-459
381
1313
1850
2887
3742
4287
4501
4978
6082
6877
6873
6846
7387
7785
7074
6397
6077
5554
4558
3595
2749
2024
1498
678
281
-192
-597
-824
-1015
-1378
-1438
-1506
-1609
-1992
-2415
-2672
-3029
-3375
-4072
-4204
-4068
-4083
-4423
-4381
-3908
-3635
-3108
-2429
-1713
-833
-306
354
878
1517
1694
1903
2227
2661
2966
3239
3598
3772
3585
3151
3088
2739
2119
1375
835
240
-471
-1074
-1575
-2446
-3342
-3874
-4587
-5225
-4852
-4664
-4025
-3707
-2573
-1229
-96
832
1982
3693
4272
4159
4966
6347
6967
6328
5874
5863
6144
6032
4942
5112
4895
4346
3466
2876
3134
2477
985
-462
-1316
-1845
-3036
-4444
-5610
-6715
-7594
-8691
-8800
-9149
-9584
-9734
-9583
-8565
-7766
-6621
-5892
-5114
-3779
-2478
-1449
-628
229
840
1083
1107
1522
2212
2356
2238
2348
3332
4005
4333
4887
5443
6079
6410
6489
6718
7096
6747
5775
5074
4465
3379
2210
853
-83
-756
-1734
-1975
-2050
-1952
-1797
-1908
-1250
-878
-465
-295
-653
-469
-816
-849
-1085
-1839
-2294
-2690
-3044
-3644
-3655
-3709
-3661
-3128
-2869
-2339
-1938
-1320
-725
-325
-176
204
455
-94
-385
-807
-804
-1025
-1436
-1599
-1318
-905
-599
-73
429
1204
1637
2187
2835
3121
3116
3789
4230
4438
4147
4371
4879
4579
4514
4431
5062
5484
5081
5825
6668
7339
6956
6521
6566
6213
5115
3399
1999
1237
-527
-2476
-4039
-5041
-5867
-7404
-8360
-8837
-8802
-9112
-9434
-9204
-9458
-9155
-9336
-9620
-9733
-9614
-9574
-9870
-9244
-8637
-7572
-6640
-5637
-3881
-1906
180
1615
3273
5003
6298
7040
7646
8244
8635
8068
7571
7777
7732
7243
6617
6538
6726
6695
6487
6656
7087
6512
6003
5901
5916
5116
3557
2435
1592
267
-1390
-2727
-3372
-4318
-5221
-5479
-5315
-4902
-4860
-4877
-4310
-3829
-3520
-3546
-3393
-3267
-3472
-3639
-3388
-3449
-3431
-3827
-3833
-3324
-2751
-2354
-1784
-870
-233
614
1255
1817
2408
2772
3275
3468
3780
3754
3633
3610
3382
3192
3155
3006
2860
2581
2289
1871
1422
1062
659
148
-757
-1639
-2010
-2570
-2514
-2937
-3132
-3305
-2957
-2337
-2028
-1636
-1035
-1
339
569
1880
2964
3624
3323
3520
4044
4220
3923
3387
3228
3115
1986
1471
1240
976
320
-909
-1471
-1838
-2179
-2882
-3683
-4030
-4754
-5528
-6040
-5927
-6052
-6439
-6332
-5628
-4599
-3917
-2985
-1852
-918
150
839
1996
2688
3122
3139
3084
3400
3249
3410
3177
3136
3173
3367
3722
3707
4023
4193
4294
4269
4581
4627
4207
3909
3179
2770
1963
1349
706
-395
-895
-1221
-1426
-1681
-1830
-2010
-2171
-2178
-2301
-2428
-2589
-2981
-3135
-3069
-3298
-3408
-3498
-3638
-3520
-3321
-2787
-2379
-1880
-1737
-1044
-488
-257
-5
29
-173
-491
-727
-815
-747
-1316
-1964
-2080
-1896
-1632
-1735
-1282
-1080
-818
-508
-197
446
742
620
-45
184
222
17
-47
-299
-113
-398
-266
192
877
1247
1193
1634
2083
3102
3927
4116
4287
4743
5041
5298
5547
5535
5456
5258
4793
5115
5730
5729
5422
4972
4971
4835
4378
3617
2963
2093
809
-169
-921
-1807
-2748
-4246
-5393
-6163
-6238
-6287
-7098
-7173
-7160
-6765
-6698
-6799
-6422
-6350
-6029
-6267
-5578
-4830
-4389
-3811
-3221
-1865
-761
418
1563
2812
3771
4386
5209
5793
6334
6143
5939
5532
5254
4625
3642
3218
2626
2020
1541
1396
1277
1206
837
518
332
-195
-707
-1244
-1887
-2745
-3474
-3820
-4307
-4578
-4651
-4529
-4227
-3731
-3299
-2856
-2398
-1671
-1397
-994
-636
-451
-537
-1081
-1173
-1533
-1901
-2397
-2835
-3273
-3103
-2755
-2378
-2093
-1579
-798
-149
705
1219
2015
2552
2738
3049
3304
3578
3199
2999
2825
3047
3347
3549
4164
4513
4951
5128
5150
5303
5102
4531
3862
3100
2427
1356
222
-765
-1395
-2338
-3288
-3519
-3650
-3601
-3566
-3047
-1863
-1050
-512
535
1751
2302
2583
2790
3311
3419
2843
2611
2765
3255
3235
2816
3000
3381
3553
3545
3376
3693
3287
2549
2327
1691
1414
59
-1274
-2629
-3688
-4268
-5322
-5795
-6522
-6910
-7087
-7318
-7048
-6978
-6632
-6699
-6524
-5604
-4770
-4205
-4514
-4034
-3375
-3109
-2725
-2125
-1338
-965
-419
543
1596
2521
2719
3360
3959
4294
4328
4385
3965
3359
2697
1979
1531
544
-407
-1336
-1614
-1918
-2384
-2481
-2607
-2561
-2485
-2253
-2013
-1675
-1447
-1492
-1180
-906
-522
-412
-256
-113
94
645
1135
1482
2110
2938
3722
4448
4948
5605
5992
6292
6249
6022
5699
5367
5047
3870
3242
2742
2171
1263
465
299
-2
-541
-1050
-969
-1052
-1381
-1610
-1637
-1539
-1844
-2316
-2395
-2304
-2727
-3049
-3224
-3171
-3077
-3036
-2311
-2008
-1544
-1278
-640
101
699
912
1129
1213
1276
1133
501
378
-123
-566
-759
-833
-540
-179
34
393
1215
1944
2387
2962
3555
3223
3626
4041
4124
3732
2958
2747
2175
1840
1530
1235
950
357
93
47
261
130
-515
-782
-1340
-1732
-2217
-2954
-3946
-5158
-6037
-6906
-7412
-8072
-8756
-8781
-8845
-8356
-7409
-6462
-5407
-4721
-3385
-2092
-745
-50
542
1147
1314
1759
2170
2513
2507
2516
3101
3669
4182
4850
5464
5874
6302
6525
6598
6656
6337
5592
4747
4072
3340
2488
1625
578
-434
-893
-1433
-1941
-2090
-2244
-2236
-2120
-1813
-1758
-1552
-1557
-1457
-1299
-1353
-1384
-1452
-1543
-1672
-1386
-1061
-742
-433
-265
297
956
1410
1809
2068
2102
2047
1914
1885
1681
1213
309
14
-88
-663
-924
-1197
-1347
-1443
-1411
-1297
-1160
-896
-668
-592
-319
-98
-124
-24
0
-211
-374
-498
-209
-58
-63
17
182
600
943
1093
1191
1435
1568
1519
1208
1447
1255
557
-28
-391
-417
-499
-762
-1182
-862
-745
-561
-380
-102
774
839
825
1320
2240
2773
2325
2112
2393
2625
2535
2153
2122
2115
1511
1169
1114
1421
1277
836
435
0
-463
-777
-1451
-1878
-2736
-3208
-3570
-4081
-4031
-4149
-4133
-4538
-4177
-3584
-3078
-2884
-2925
-2175
-1965
-1531
-1280
-982
-364
-719
-456
-119
423
573
571
711
820
1134
1340
1528
1455
1194
956
837
927
764
602
343
275
332
182
189
11
-216
-258
-305
-461
-420
-184
-39
-189
-60
185
409
95
-92
-120
-138
140
207
161
191
227
347
483
680
666
601
419
529
443
629
506
694
480
147
271
227
159
-376
-641
-804
-849
-928
-1294
-691
-677
-845
-501
124
692
754
907
1047
1453
1628
1388
1735
1763
1580
1609
1884
1978
2059
2170
2382
2733
2505
2718
2819
2630
2374
2128
2005
1709
1129
584
101
-125
-395
-592
-1009
-785
-508
-408
-403
7
597
730
731
890
1462
1602
955
1090
1722
1764
931
493
474
354
-99
-313
-284
-193
-713
-1071
-755
-816
-1264
-2233
-2618
-3001
-3611
-4185
-4431
-4726
-5480
-5572
-5604
-5581
-5366
-5353
-5131
-4987
-4178
-3540
-2982
-2368
-2012
-1277
-856
-460
-18
348
356
344
423
762
861
646
571
576
858
897
894
745
908
1030
770
582
592
686
298
-156
-236
33
-307
-657
-657
-473
19
-34
452
1192
1528
1671
1996
2731
2929
3361
3519
3572
3668
3622
3683
3518
3777
3500
3085
2863
2997
2804
2500
2135
1820
1513
1172
1128
712
302
110
95
-228
-717
-1049
-1325
-1288
-1601
-1803
-1758
-1668
-1806
-1951
-1501
-1258
-1151
-896
-351
165
488
861
1260
1713
1891
1935
1880
1817
1629
1399
1252
1083
1090
921
743
565
452
432
294
317
77
-99
-91
-161
-541
-977
-1061
-1317
-1677
-2149
-1961
-1764
-1775
-1588
-1137
-596
-438
65
439
920
947
856
1121
1451
1375
873
653
234
-363
-1043
-1443
-1684
-2107
-2445
-2629
-2349
-2418
-2266
-2056
-2195
-2266
-2010
-1844
-2078
-2178
-2483
-2516
-2604
-2852
-2694
-2615
-2651
-2787
-2148
-1614
-1138
-887
-457
139
506
786
934
1168
1048
542
556
664
238
-194
-646
-744
-858
-698
-748
-760
-376
-361
28
398
646
803
758
877
947
1015
1184
1267
1217
1040
1417
1665
1822
2269
3035
3487
3717
4301
4683
4842
4918
4995
4811
4823
4338
3782
3598
3322
2724
2166
1858
1327
1043
646
679
271
205
-1
-39
-130
-529
-278
-927
-1162
-1240
-1371
-1302
-1784
-1786
-2136
-1877
-1558
-1536
-1210
-1308
-1057
-1215
-906
-1017
-1003
-995
-1631
-1906
-2048
-2359
-2726
-3135
-3475
-3725
-3978
-3972
-4071
-3902
-3498
-3119
-2528
-1989
-1452
-1120
-845
-470
-90
375
372
317
514
665
756
871
1211
1228
1669
2278
2844
3506
4107
4818
5060
5255
5375
5602
5607
5317
4751
4977
4917
4101
3441
2628
2265
1943
1127
529
7
-501
-909
-1272
-1588
-2046
-2552
-3292
-3849
-3979
-4123
-4270
-4819
-5146
-5044
-5100
-5290
-5211
-5220
-5174
-4993
-4312
-3508
-2999
-2499
-2225
-1338
-825
-518
-243
133
114
-141
71
-24
-247
-603
-662
-651
-580
-623
-779
-773
-816
-486
-265
-97
-9
-9
143
303
594
891
795
839
1083
1184
1767
2068
2350
2892
3231
3813
4350
5107
5384
5649
5878
6071
6112
5557
5259
4910
4351
3614
3151
2906
2005
1474
880
554
313
21
-272
-382
-540
-768
-879
-1145
-1663
-1920
-2336
-2498
-2694
-3130
-3105
-3119
-3249
-3096
-2827
-2603
-2544
-2150
-1492
-1486
-1095
-952
-746
-565
-639
-745
-821
-1121
-1334
-1315
-1312
-1342
-1704
-1468
-1097
-827
-684
-365
13
200
287
599
758
620
881
756
637
471
683
692
565
467
727
1153
1367
1722
1818
2534
3134
3422
3617
3869
3763
3374
3393
3005
2938
2548
2126
1775
1859
2095
1764
1586
1122
743
570
384
-25
-509
-1103
-1837
-2025
-2629
-3174
-3966
-4534
-4812
-5088
-5053
-4900
-4934
-5226
-5117
-4907
-4574
-4370
-4471
-4678
-4656
-4338
-4251
-4160
-4203
-4269
-3975
-3660
-3012
-2659
-2282
-1754
-1355
-827
-112
630
901
1099
1184
1795
2465
2426
2553
2852
3326
3692
3970
4267
4638
4751
4617
5059
5368
5396
5222
5151
5297
5006
4833
4387
4269
4002
3859
3579
3207
3074
2829
2712
2303
1888
1521
1216
985
538
-109
-432
-673
-1073
-1546
-1970
-1800
-1707
-2094
-2109
-2057
-1523
-1612
-1753
-1560
-1597
-1552
-1725
-1505
-1413
-1551
-1704
-1548
-1106
-1308
-1190
-939
-725
-658
-545
-221
-67
-326
-305
-125
-92
-70
-527
-629
-751
-915
-1013
-907
-925
-1004
-1089
-1038
-602
-523
-368
-381
-496
-625
-458
-612
-989
-1054
-1435
-1624
-1635
-1690
-1652
-1516
-1329
-1309
-958
-464
-426
-200
257
434
587
747
1025
1545
1809
1804
2137
2352
2609
3000
3311
3478
3546
3441
3495
3537
3831
3578
2964
2657
2309
1926
1239
918
517
-167
-837
-942
-951
-1218
-1727
-2173
-2533
-2597
-2667
-2899
-3112
-3381
-3745
-4017
-3919
-4026
-4341
-4686
-4707
-4275
-3781
-3254
-2805
-2281
-1807
-1339
-860
-383
-188
-274
-213
-273
-107
-125
-204
-500
-383
-237
38
321
817
1232
1553
2147
2544
2938
3009
3235
3339
3435
3348
3545
3414
3182
3346
3440
3582
3690
3830
3919
4086
4280
4275
4373
4307
3976
3767
3234
2697
2110
1471
647
-112
-632
-1311
-1866
-2366
-2506
-2809
-3156
-3287
-2999
-3073
-3078
-3251
-3375
-3210
-3702
-3785
-4087
-4182
-4419
-4717
-4533
-4392
-4044
-3844
-3453
-2888
-2304
-1802
-1129
-331
82
256
813
1491
1542
1639
1936
2095
2086
2163
2247
2451
2618
2599
2869
3161
3232
3402
3424
3678
3658
3634
3418
3449
3629
3051
2800
2543
2285
1744
1635
1278
1071
885
468
362
216
34
-391
-622
-930
-1109
-1211
-1518
-1595
-1642
-2136
-2168
-2437
-2596
-2695
-2875
-2812
-2836
-2695
-2306
-2235
-2166
-1998
-1940
-2195
-2234
-2150
-2374
-2576
-2761
-2472
-2230
-2252
-2158
-2058
-2000
-1978
-1613
-1270
-1042
-938
-607
-376
-217
-5
-1
34
-210
-169
-92
-73
31
43
13
151
161
352
431
496
574
508
1014
807
746
670
843
937
934
1014
927
1486
1464
1571
1868
2445
2815
2839
3111
3333
3697
4036
4105
4049
3990
3861
3516
3243
3220
2700
2471
2144
1849
1498
1472
1443
964
829
634
553
369
99
-122
-256
-767
-1015
-1223
-1545
-2119
-2362
-2451
-2672
-2686
-2743
-2651
-2485
-2288
-2246
-2053
-1792
-1654
-1463
-1511
-1426
-1318
-1373
-1166
-884
-852
-709
-380
-209
-181
82
378
401
560
656
928
1101
1218
891
860
725
301
97
-60
-167
-493
-609
-542
-608
-380
-383
-272
-5
-23
166
408
410
184
324
355
47
-193
-177
-181
-482
-642
-593
-423
-389
-273
70
337
274
585
780
861
844
566
714
403
172
-96
-205
-316
-771
-1088
-1313
-1427
-1460
-1485
-1407
-1450
-1349
-1226
-1224
-841
-822
-1114
-1224
-933
-1011
-1242
-1219
-1274
-1273
-1265
-1297
-1131
-907
-877
-623
-590
-148
128
-28
301
372
446
510
585
537
430
266
206
655
746
517
798
1270
1374
1335
1803
2288
2626
2361
2602
2926
2843
2594
2590
2909
2592
2578
2613
2791
2685
2444
2482
2422
2519
2557
2268
2468
2567
2253
2275
2178
1907
1378
1037
609
327
239
-204
-660
-744
-832
-1119
-1208
-1513
-1620
-1745
-2063
-1951
-2062
-2178
-2340
-2622
-2780
-3050
-3483
-3845
-3808
-4021
-4010
-4232
-4039
-4046
-3798
-3468
-3524
-2992
-2492
-2129
-2018
-1632
-1174
-1031
-799
-651
-226
89
54
211
667
929
1120
1411
1895
2197
2405
2595
2860
3081
2956
2869
2776
2950
2723
2664
2425
2064
2042
1884
1890
1650
1353
1359
1327
1107
1085
1201
1125
607
451
401
369
106
-170
-357
-640
-913
-1114
-973
-1099
-1190
-1275
-920
-568
-614
-387
-256
-276
-463
-458
-256
-425
-772
-792
-681
-693
-924
-924
-1167
-1336
-1530
-1738
-1562
-1659
-1754
-1602
-1696
-1804
-1946
-2028
-2074
-2215
-2499
-2720
-2726
-2694
-2562
-2498
-2349
-1859
-1721
-1412
-806
-426
12
410
634
1312
1549
2064
2479
2637
3119
3222
3370
3477
3562
3589
3695
4096
4199
4362
4150
4146
4205
4046
4044
3667
3502
3042
2834
2759
2668
2229
1638
1253
835
734
678
357
114
-21
-283
-388
-431
-628
-1075
-1442
-1631
-1593
-1671
-2010
-2434
-2427
-2600
-2652
-2919
-2871
-2546
-2792
-2981
-2713
-2337
-2555
-2840
-2873
-2855
-2905
-3008
-2959
-2933
-2974
-3228
-2986
-2808
-2699
-2384
-2000
-1533
-1189
-625
-145
384
895
1058
1403
1722
1936
2021
2366
2450
2391
2708
2755
2757
2951
2892
3030
3092
3152
3137
3058
2793
2769
2512
2237
1836
1582
1228
869
507
-2
-91
-277
-249
-241
-302
-394
-527
-196
59
-67
-202
-70
59
-59
-99
-148
-457
-885
-1154
-1111
-1104
-1458
-1627
-1551
-1438
-1533
-1775
-1868
-2034
-2182
-2522
-2880
-2886
-3170
-3416
-3763
-3652
-3967
-4040
-3899
-3625
-3362
-3190
-2671
-2440
-1804
-1289
-943
-396
43
563
948
1330
1961
2104
2477
2610
3003
3513
3720
3989
4263
4576
4683
5011
5158
5171
5156
4989
5021
4949
4777
4500
4308
3901
3494
3155
2893
2675
2023
1838
1602
1333
1108
655
417
210
-83
-540
-825
-832
-1186
-1492
-1836
-1790
-1990
-2236
-2274
-2304
-2243
-2581
-2706
-2854
-2731
-2909
-3204
-3216
-3335
-3425
-3625
-3713
-3785
-4153
-4302
-4280
-4152
-4098
-4273
-3819
-3659
-3456
-3255
-2762
-2282
-2067
-1762
-1430
-943
-578
57
616
1002
1524
1794
2239
2601
2857
3137
3350
3426
3457
3635
3569
3615
3563
3641
3849
3767
3580
3432
3473
3120
2593
2365
2371
1838
1330
1056
900
568
-32
-54
-211
-618
-616
-659
-776
-1039
-994
-988
-1059
-1068
-1084
-829
-1085
-981
-1207
-1237
-1141
-1372
-1194
-1225
-1206
-1118
-1073
-969
-857
-902
-917
-856
-819
-630
-540
-790
-859
-740
-695
-728
-742
-758
-764
-549
-467
-415
-134
-119
-178
-185
151
478
396
402
566
949
954
931
1111
1235
1258
1139
1333
1503
1655
1768
1892
1864
1722
1622
1423
1210
953
650
583
475
332
165
182
23
-165
-215
-236
-309
-304
-389
-371
-81
-292
-475
-512
-530
-646
-784
-715
-751
-728
-734
-754
-357
-395
-492
-385
-203
-289
-508
-474
-585
-892
-1209
-1231
-1269
-1541
-1516
-1516
-1458
-1422
-1393
-1259
-1134
-1084
-894
-1053
-1005
-1056
-1168
-1027
-907
-746
-690
-640
-417
-168
276
434
640
1099
1152
1360
1618
1746
2152
2240
2288
2176
2093
2036
1968
1773
1615
1664
1555
1637
1713
1894
1944
1947
2037
1921
1726
1628
1670
1527
1195
876
815
725
418
109
-36
40
-209
-422
-217
-110
-172
-157
-159
-139
-43
-129
-185
-412
-567
-703
-865
-1104
-1398
-1306
-1499
-1559
-1672
-1649
-1741
-1869
-1708
-1745
-1604
-1536
-1803
-1844
-1655
-1715
-1850
-1967
-1776
-1841
-1816
-1859
-1779
-1619
-1581
-1467
-1280
-1173
-1133
-710
-446
-69
124
418
267
393
720
581
696
756
1018
1012
1074
1268
1484
1593
1450
1608
1918
2072
2146
2245
2335
2183
2189
1940
1859
1665
1334
1464
1309
1395
1393
1323
1240
1074
927
820
798
798
594
469
353
511
267
48
-93
-158
-460
-671
-636
-884
-1107
-1331
-1287
-1475
-1410
-1529
-1729
-1911
-2175
-1994
-2074
-2229
-2163
-2037
-2145
-2106
-2006
-1860
-1777
-1863
-1695
-1579
-1404
-1113
-1119
-715
-347
-170
41
349
639
614
740
964
1196
1182
1255
1549
1665
1712
1838
1943
2227
2197
2149
2329
2399
2387
2387
2495
2293
2352
2326
2174
1915
1889
1797
1587
1522
1314
1215
910
864
613
635
413
252
105
-150
-130
-215
-479
-598
-740
-936
-1222
-1371
-1547
-1520
-1793
-1942
-1837
-1730
-1870
-1848
-1867
-2020
-1817
-1876
-1976
-2057
-1798
-1646
-1731
-1631
-1535
-1260
-1212
-1188
-980
-749
-507
-580
-461
-376
-144
-223
-373
-329
-134
57
-20
72
328
314
469
578
701
850
962
1025
1236
1183
1353
1552
1329
1415
1429
1489
1531
1394
1291
1259
1212
1068
928
824
639
514
412
419
90
50
46
-124
-413
-448
-320
-462
-499
-602
-494
-467
-483
-501
-511
-471
-351
-493
-460
-586
-674
-599
-867
-880
-720
-951
-986
-797
-798
-816
-870
-595
-580
-528
-431
-357
-179
-133
-38
184
139
232
156
139
129
155
224
149
227
293
422
479
689
679
702
820
722
834
867
787
873
873
915
1003
855
912
1006
962
1008
1082
1126
1244
1141
1058
1244
1012
924
1077
984
819
785
847
876
817
737
596
508
569
534
452
303
551
603
228
116
282
157
-209
-258
-196
-553
-788
-584
-684
-765
-917
-899
-917
-1194
-1257
-1241
-1323
-1558
-1641
-1797
-1697
-1880
-1989
-1898
-2184
-2113
-2068
-2064
-2064
-1919
-1545
-1523
-1516
-1381
-1129
-1059
-1015
-879
-655
-306
-411
-89
25
35
108
197
338
465
686
898
1114
1166
1456
1383
1383
1538
1237
1252
1126
1180
1139
884
812
589
565
454
302
236
478
409
461
586
855
791
872
965
951
798
631
767
660
420
303
217
101
60
-191
-163
40
-126
-76
23
-73
-85
-164
-276
-250
-262
-448
-564
-571
-659
-680
-731
-663
-644
-518
-428
-453
-144
72
102
72
73
341
284
144
285
190
405
415
442
712
656
806
780
944
998
986
953
920
920
923
1051
793
740
612
507
332
466
121
50
199
93
321
125
304
282
299
203
242
327
143
214
370
286
212
123
133
166
67
-42
-91
-166
-190
-354
-368
-323
-503
-515
-685
-795
-790
-960
-1171
-1350
-1350
-1359
-1579
-1636
-1555
-1655
-1628
-1737
-1839
-1618
-1591
-1685
-1662
-1534
-1219
-1176
-1192
-988
-947
-797
-705
-761
-538
-160
-305
-283
22
237
488
325
403
631
660
634
732
897
987
999
1039
1167
1014
1156
1333
1213
1209
1033
969
925
931
844
947
968
761
709
758
924
857
1015
1154
1123
965
1211
1264
1066
1093
1083
905
731
798
720
732
570
444
713
663
520
578
617
352
175
187
-134
-373
-643
-637
-738
-1067
-1117
-1190
-1358
-1377
-1293
-1221
-1206
-1263
-1040
-1056
-956
-891
-852
-819
-784
-919
-751
-756
-818
-503
-488
-515
-384
-248
-33
40
66
104
273
377
276
402
374
529
571
517
535
432
568
518
383
533
589
689
551
726
846
847
675
753
990
744
680
743
737
856
662
678
625
410
448
321
192
138
226
194
7
-54
-112
-287
-447
-618
-702
-894
-1024
-947
-931
-1011
-1110
-1172
-1168
-1287
-1399
-1470
-1387
-1508
-1611
-1436
-1197
-1185
-1180
-1148
-1027
-1009
-954
-868
-706
-402
-359
-237
-68
197
257
323
617
637
802
924
947
1045
1158
1124
1169
1251
1143
1105
1187
1131
1069
1242
1135
1061
1129
1308
1172
1062
1227
1116
1070
969
1021
877
907
869
623
675
615
569
339
194
281
166
1
-84
-50
-86
-331
-325
-315
-397
-520
-624
-616
-669
-749
-930
-813
-852
-1060
-1069
-1047
-782
-1007
-1132
-882
-793
-856
-880
-629
-585
-714
-680
-479
-386
-383
-304
-122
59
184
159
264
463
445
495
464
563
456
312
414
441
343
114
97
196
199
166
142
-39
-81
50
33
42
128
70
163
53
81
272
96
45
-22
75
122
277
283
298
408
539
668
617
716
819
797
679
582
540
565
499
463
445
421
281
282
132
-53
-13
-110
-142
-296
-228
-256
-655
-541
-743
-1016
-1121
-1259
-1207
-1378
-1456
-1364
-1407
-1312
-1262
-1124
-861
-833
-841
-553
-515
-510
-512
-494
-365
-418
-190
-46
43
66
134
153
118
256
499
490
510
848
799
989
1134
950
976
932
986
794
715
656
890
894
869
871
713
876
923
898
856
923
901
915
981
1093
915
924
922
890
761
717
807
766
753
914
927
830
767
686
554
541
266
269
156
-298
-410
-558
-864
-1069
-1077
-1166
-1309
-1376
-1190
-1208
-1290
-1303
-1086
-1066
-1274
-1401
-1274
-1248
-1322
-1324
-1210
-1209
-1251
-1128
-1041
-1009
-1163
-1026
-1048
-899
-666
-595
-599
-553
-492
-354
-335
-199
-133
-15
-135
-190
137
122
258
222
298
519
513
698
798
983
942
1150
1129
882
1177
1066
1131
1052
928
1125
924
982
945
890
977
746
882
788
895
812
651
770
622
567
523
560
457
268
329
256
200
159
182
44
-107
-118
-131
-140
-70
-221
-211
-308
-376
-394
-573
-678
-817
-788
-774
-763
-787
-749
-804
-844
-838
-836
-903
-851
-826
-702
-655
-712
-463
-470
-319
-195
-188
-176
65
380
496
299
543
658
622
594
712
866
767
755
880
907
922
978
1016
1150
877
1116
1086
984
892
818
900
430
571
587
430
349
258
238
42
-16
-186
-316
-332
-459
-305
-528
-686
-572
-628
-752
-1138
-1136
-1075
-1152
-1219
-1024
-1014
-1010
-944
-983
-977
-959
-1012
-993
-1019
-806
-727
-784
-573
-644
-545
-451
-362
-408
-226
-147
-160
-1
89
93
140
310
316
373
362
393
531
573
507
598
632
814
692
747
787
738
700
820
866
891
807
792
995
933
908
759
734
677
863
686
526
511
645
363
182
122
83
200
64
4
58
25
-184
-54
-222
-249
-374
-440
-420
-539
-325
-352
-450
-414
-464
-649
-576
-732
-671
-543
-612
-536
-410
-270
-250
-339
-340
-309
-301
-267
-146
-213
-57
123
63
40
-81
8
135
106
90
144
240
277
406
324
305
299
412
402
146
499
549
546
468
437
617
567
652
402
550
399
294
388
476
596
297
378
351
317
331
414
310
136
389
385
361
299
327
279
206
267
63
283
101
44
-39
-65
111
-119
-147
-240
-118
-303
-359
-389
-517
-624
-708
-639
-758
-845
-714
-775
-784
-802
-877
-584
-817
-741
-732
-723
-776
-821
-701
-654
-614
-666
-429
-427
-382
-395
-430
-336
-296
-138
-169
-236
-179
-117
50
-16
139
159
36
143
227
289
377
479
491
431
476
521
534
462
472
531
431
521
667
608
481
632
589
569
478
428
622
487
437
419
557
454
223
404
397
362
400
381
211
350
206
92
155
-9
-62
-73
-43
34
85
26
8
28
-43
167
27
81
170
-126
96
83
19
51
-159
-178
-51
-55
-118
-124
-245
-89
-225
-215
-214
-315
-346
-355
-76
-238
-76
-179
-99
94
-74
0
-187
75
138
-1
145
180
319
137
217
300
315
377
327
367
268
299
384
365
439
551
534
501
426
457
421
314
344
195
200
-147
-150
-168
-329
-313
-493
-345
-545
-761
-685
-587
-727
-827
-782
-633
-579
-665
-568
-561
-531
-638
-604
-506
-560
-573
-475
-536
-544
-344
-340
-225
-301
-309
-269
-298
-207
-201
-164
-119
-259
-66
-20
-34
44
-50
-52
-46
21
18
109
240
283
363
465
551
569
602
714
563
628
859
824
712
681
823
897
765
841
610
607
593
498
609
579
648
535
545
498
469
443
308
405
239
331
282
158
185
-28
55
274
180
31
34
103
129
-88
-73
-60
-84
-304
-324
-148
-137
-240
-203
-119
-194
-146
-293
-242
-305
-361
-324
-408
-267
-220
-401
-287
-182
-281
-329
-333
-208
-333
-332
-215
-309
-242
-226
-225
-175
-125
-275
-168
-19
-157
-152
-239
-134
-170
-34
-70
-260
-27
-31
-125
55
113
66
186
152
131
209
278
384
316
470
473
373
392
356
388
381
397
320
282
149
162
51
105
30
9
-33
-111
-67
13
100
-101
60
-53
-23
-108
-56
-21
-245
-85
-96
-139
-35
-123
-163
-151
-157
-194
-198
-345
-441
-451
-367
-395
-549
-406
-364
-366
-388
-358
-394
-310
-456
-258
-166
-198
-76
-186
3
116
124
207
241
291
237
382
369
406
614
496
557
585
609
545
620
593
447
610
584
685
518
316
450
384
526
293
266
255
241
177
7
138
137
157
46
-6
29
43
113
-79
-124
13
-34
-77
-73
-175
-174
-202
-137
-204
-312
-220
-323
-307
-209
-165
-129
-358
-363
-290
-281
-394
-385
-273
-292
-203
-375
-345
-277
-305
-444
-478
-323
-308
-292
-297
-179
-93
-227
-189
67
29
-26
70
95
107
16
141
171
335
244
255
397
585
786
708
762
805
900
851
884
932
898
923
843
883
953
793
820
739
827
881
723
566
603
605
414
382
198
233
100
-21
-179
-308
-312
-475
-567
-575
-619
-873
-709
