0.007892 0.150089 0.348934 0.292761 0.039675 0.025000 0.000000 0.000000 0.000000 0.000000 0.000000 0.000000 0.000000 0.000000 0.000000 0.000000 0.000000 0.000000 0.000000 0.000000 0.000000 0.000000 0.000000 0.000000 0.110649 0.025000 0.000000 0.000000 0.000000 0.000000 0.000000 0.000000 
0.000000 0.176813 0.423225 0.155661 0.094243 0.000000 0.000000 0.000000 0.116045 0.000000 0.000000 0.000000 0.000000 0.000000 0.000000 0.000000 0.000000 0.000000 0.000000 0.000000 0.000000 0.000000 0.000000 0.000000 0.034012 0.000000 0.000000 0.000000 0.000000 0.000000 0.000000 0.000000 
0.000000 0.000000 0.000000 0.066658 0.000000 0.058317 0.075024 0.000000 0.793550 0.006450 0.000000 0.000000 0.000000 0.000000 0.000000 0.000000 0.000000 0.000000 0.000000 0.000000 0.000000 0.000000 0.000000 0.000000 0.000000 0.000000 0.000000 0.000000 0.000000 0.000000 0.000000 0.000000 
0.025000 0.025000 0.000000 0.000000 0.000000 0.000000 0.009368 0.033485 0.112012 0.734867 0.000000 0.000000 0.000000 0.000000 0.050000 0.003126 0.000000 0.000000 0.000000 0.000000 0.000000 0.000000 0.000000 0.000000 0.007143 0.000000 0.000000 0.000000 0.000000 0.000000 0.000000 0.000000 
0.000000 0.000000 0.003846 0.007692 0.007692 0.000000 0.000000 0.000000 0.050000 0.042724 0.633690 0.161320 0.004519 0.013558 0.044188 0.000000 0.000000 0.000000 0.000000 0.000000 0.000000 0.000000 0.000000 0.000000 0.030769 0.000000 0.000000 0.000000 0.000000 0.000000 0.000000 0.000000 

0.000000 0.000000 0.000000 0.000000 0.050000 0.486127 0.000000 0.000000 0.000000 0.000000 0.000000 0.000000 0.000000 0.000000 0.000000 0.000000 0.000000 0.259706 0.054167 0.025000 0.075000 0.000000 0.050000 0.000000 0.000000 0.000000 0.000000 0.000000 0.000000 0.000000 0.000000 0.000000 
0.000000 0.027707 0.000000 0.000000 0.022293 0.000000 0.000000 0.000000 0.000000 0.000000 0.000000 0.000000 0.000000 0.000000 0.000000 0.000000 0.000000 0.034197 0.000000 0.280030 0.068182 0.011554 0.556038 0.000000 0.000000 0.000000 0.000000 0.000000 0.000000 0.000000 0.000000 0.000000 
0.000000 0.005201 0.000000 0.000000 0.016429 0.023434 0.000000 0.004936 0.000000 0.000000 0.000000 0.000000 0.000000 0.000000 0.000000 0.000000 0.000000 0.000000 0.000000 0.250502 0.000000 0.055054 0.000000 0.608722 0.000000 0.000000 0.000000 0.000000 0.000000 0.035722 0.000000 0.000000 
0.000000 0.000000 0.000000 0.000000 0.000000 0.005111 0.000000 0.000000 0.000000 0.000000 0.000000 0.000000 0.000000 0.000000 0.000000 0.000000 0.000000 0.012243 0.005453 0.215266 0.000000 0.011927 0.000000 0.562983 0.000000 0.000000 0.000000 0.050000 0.000000 0.036905 0.000000 0.100112 
0.000000 0.000000 0.000000 0.000000 0.000000 0.000000 0.000000 0.000000 0.000000 0.000000 0.000000 0.000000 0.000000 0.000000 0.000000 0.000000 0.000000 0.000000 0.000000 0.000000 0.000000 0.000000 0.000000 0.050000 0.000000 0.000000 0.000000 0.050000 0.000000 0.000000 0.406020 0.493980 

0.050000 0.050000 0.000000 0.000000 0.050000 0.000000 0.124729 0.000000 0.000000 0.000000 0.000000 0.000000 0.333604 0.000000 0.000000 0.000000 0.150000 0.000000 0.000000 0.000000 0.000000 0.000000 0.000000 0.000000 0.241667 0.000000 0.000000 0.000000 0.000000 0.000000 0.000000 0.000000 
0.000000 0.000000 0.000000 0.000000 0.000000 0.000000 0.013219 0.000000 0.000000 0.000000 0.000000 0.000000 0.000000 0.000000 0.000000 0.000000 0.936781 0.000000 0.050000 0.000000 0.000000 0.000000 0.000000 0.000000 0.000000 0.000000 0.000000 0.000000 0.000000 0.000000 0.000000 0.000000 
0.000000 0.000000 0.000000 0.000000 0.000000 0.059565 0.000000 0.000000 0.000000 0.000000 0.000000 0.000000 0.000000 0.000000 0.000000 0.000000 0.761734 0.000000 0.050004 0.128696 0.000000 0.000000 0.000000 0.000000 0.000000 0.000000 0.000000 0.000000 0.000000 0.000000 0.000000 0.000000 
0.000000 0.000000 0.000000 0.000000 0.000000 0.000000 0.000000 0.000000 0.000000 0.000000 0.000000 0.000000 0.000000 0.000000 0.000000 0.000000 0.000000 0.288583 0.611417 0.100000 0.000000 0.000000 0.000000 0.000000 0.000000 0.000000 0.000000 0.000000 0.000000 0.000000 0.000000 0.000000 
0.000000 0.000000 0.000000 0.000000 0.000000 0.050000 0.000000 0.000000 0.000000 0.000000 0.000000 0.000000 0.000000 0.000000 0.000000 0.000000 0.000000 0.228762 0.668048 0.000000 0.000000 0.053190 0.000000 0.000000 0.000000 0.000000 0.000000 0.000000 0.000000 0.000000 0.000000 0.000000 

0.000000 0.023797 0.146636 0.169295 0.020956 0.076115 0.190314 0.372888 0.000000 0.000000 0.000000 0.000000 0.000000 0.000000 0.000000 0.000000 0.000000 0.000000 0.000000 0.000000 0.000000 0.000000 0.000000 0.000000 0.000000 0.000000 0.000000 0.000000 0.000000 0.000000 0.000000 0.000000 
0.000000 0.062557 0.011111 0.000000 0.074138 0.075000 0.085521 0.000000 0.094401 0.000000 0.000000 0.000000 0.322318 0.000000 0.000000 0.000000 0.000000 0.000000 0.000000 0.000000 0.000000 0.000000 0.000000 0.000000 0.100041 0.141620 0.000000 0.000000 0.033294 0.000000 0.000000 0.000000 
0.000000 0.514767 0.000000 0.014166 0.022093 0.000000 0.073536 0.042480 0.220926 0.000000 0.000000 0.000000 0.093687 0.000000 0.000000 0.000000 0.000000 0.000000 0.000000 0.000000 0.000000 0.000000 0.000000 0.000000 0.018345 0.000000 0.000000 0.000000 0.000000 0.000000 0.000000 0.000000 
0.000000 0.000000 0.000000 0.000000 0.000000 0.000000 0.009994 0.000006 0.055613 0.850673 0.007053 0.006282 0.019289 0.025000 0.020535 0.005556 0.000000 0.000000 0.000000 0.000000 0.000000 0.000000 0.000000 0.000000 0.000000 0.000000 0.000000 0.000000 0.000000 0.000000 0.000000 0.000000 
0.000000 0.000000 0.000000 0.000000 0.000000 0.000000 0.000000 0.000000 0.000000 0.000000 0.710976 0.250627 0.000000 0.000000 0.038396 0.000000 0.000000 0.000000 0.000000 0.000000 0.000000 0.000000 0.000000 0.000000 0.000000 0.000000 0.000000 0.000000 0.000000 0.000000 0.000000 0.000000 

0.000000 0.079167 0.005556 0.018056 0.083177 0.102138 0.261291 0.150616 0.000000 0.000000 0.000000 0.000000 0.000000 0.000000 0.000000 0.000000 0.000000 0.000000 0.000000 0.050000 0.000000 0.000000 0.250000 0.000000 0.000000 0.000000 0.000000 0.000000 0.000000 0.000000 0.000000 0.000000 
0.000000 0.000000 0.000000 0.000000 0.050000 0.270471 0.000000 0.000000 0.000000 0.000000 0.000000 0.000000 0.000000 0.000000 0.000000 0.000000 0.000000 0.092219 0.000000 0.149809 0.050636 0.000000 0.386864 0.000000 0.000000 0.000000 0.000000 0.000000 0.000000 0.000000 0.000000 0.000000 
0.000000 0.000000 0.000000 0.000000 0.000000 0.000000 0.000000 0.000000 0.000000 0.000000 0.000000 0.000000 0.000000 0.000000 0.000000 0.000000 0.000000 0.000000 0.050000 0.048374 0.091701 0.065605 0.692694 0.051626 0.000000 0.000000 0.000000 0.000000 0.000000 0.000000 0.000000 0.000000 
0.000000 0.000000 0.000000 0.000000 0.000000 0.000000 0.000000 0.000000 0.000000 0.000000 0.000000 0.000000 0.000000 0.000000 0.000000 0.000000 0.000000 0.000000 0.000000 0.000000 0.192610 0.118285 0.502439 0.186667 0.000000 0.000000 0.000000 0.000000 0.000000 0.000000 0.000000 0.000000 
0.000000 0.000000 0.000000 0.000000 0.000000 0.000000 0.000000 0.000000 0.000000 0.000000 0.000000 0.000000 0.000000 0.000000 0.000000 0.000000 0.000000 0.000000 0.000000 0.000000 0.479748 0.503479 0.016773 0.000000 0.000000 0.000000 0.000000 0.000000 0.000000 0.000000 0.000000 0.000000 

0.000000 0.000000 0.050000 0.000000 0.117027 0.367851 0.112121 0.036426 0.000000 0.000000 0.000000 0.000000 0.000000 0.000000 0.000000 0.000000 0.000000 0.000000 0.000000 0.066575 0.000000 0.000000 0.000000 0.050000 0.000000 0.000000 0.000000 0.000000 0.000000 0.200000 0.000000 0.000000 
0.000000 0.040000 0.000000 0.000000 0.000000 0.000034 0.011130 0.050000 0.000000 0.000000 0.000000 0.000000 0.000000 0.000000 0.000000 0.000000 0.082580 0.000000 0.000000 0.271885 0.000000 0.000000 0.000000 0.110317 0.000000 0.000000 0.000000 0.000000 0.049999 0.384056 0.000000 0.000000 
0.000000 0.000000 0.000000 0.000000 0.032913 0.016457 0.000000 0.007039 0.000000 0.000000 0.000000 0.000000 0.000000 0.000000 0.000000 0.000000 0.000000 0.000000 0.000000 0.000630 0.000000 0.000000 0.000000 0.000000 0.000000 0.000000 0.000000 0.043823 0.000000 0.849138 0.000000 0.050000 
0.000000 0.000000 0.000000 0.000000 0.000000 0.000000 0.000000 0.000000 0.000000 0.000000 0.000000 0.000000 0.000000 0.000000 0.000000 0.000000 0.000000 0.000000 0.000000 0.008252 0.000000 0.000000 0.000000 0.000000 0.000000 0.000000 0.000000 0.128296 0.004166 0.809286 0.000000 0.050000 
0.000000 0.000000 0.000000 0.000000 0.000000 0.000000 0.000000 0.013151 0.000000 0.000000 0.000000 0.000000 0.000000 0.000000 0.000000 0.000000 0.000000 0.000000 0.000000 0.000000 0.000000 0.000000 0.000000 0.000000 0.000000 0.003846 0.072503 0.527662 0.182159 0.200679 0.000000 0.000000 

0.011688 0.012317 0.208574 0.270557 0.080747 0.009068 0.068660 0.080056 0.000000 0.000000 0.000000 0.000000 0.050000 0.000000 0.000000 0.000000 0.033333 0.000000 0.000000 0.000000 0.000000 0.000000 0.000000 0.000000 0.150000 0.025000 0.000000 0.000000 0.000000 0.000000 0.000000 0.000000 
0.001098 0.034663 0.000000 0.000000 0.000000 0.119541 0.208348 0.237447 0.000000 0.000000 0.000000 0.000000 0.050000 0.000000 0.000000 0.000000 0.000000 0.000000 0.000000 0.000000 0.000000 0.000000 0.000000 0.000000 0.348902 0.000000 0.000000 0.000000 0.000000 0.000000 0.000000 0.000000 
0.000000 0.024865 0.000000 0.000000 0.000000 0.000000 0.000000 0.000000 0.000000 0.000000 0.000000 0.000000 0.096086 0.000006 0.000000 0.000000 0.000000 0.000000 0.000000 0.000000 0.000000 0.000000 0.000000 0.000000 0.879043 0.000000 0.000000 0.000000 0.000000 0.000000 0.000000 0.000000 
0.000000 0.000000 0.000000 0.000000 0.000000 0.000000 0.000000 0.000000 0.033675 0.050000 0.000000 0.000000 0.841300 0.014573 0.024852 0.000000 0.000000 0.000000 0.000000 0.000000 0.000000 0.000000 0.000000 0.000000 0.035600 0.000000 0.000000 0.000000 0.000000 0.000000 0.000000 0.000000 
0.000000 0.022431 0.010623 0.001771 0.005292 0.000000 0.015591 0.000000 0.035283 0.007621 0.000000 0.041917 0.226710 0.535720 0.050461 0.046578 0.000000 0.000000 0.000000 0.000000 0.000000 0.000000 0.000000 0.000000 0.000000 0.000000 0.000000 0.000000 0.000000 0.000000 0.000000 0.000000 

0.009978 0.000000 0.201456 0.180780 0.022443 0.183151 0.010000 0.229692 0.000000 0.000000 0.000000 0.000000 0.000000 0.000000 0.000000 0.000000 0.000000 0.000000 0.000000 0.000000 0.000000 0.000000 0.000000 0.000000 0.100000 0.050000 0.000000 0.000000 0.012500 0.000000 0.000000 0.000000 
0.003125 0.068304 0.009127 0.159582 0.088880 0.016689 0.212088 0.142204 0.000000 0.000000 0.000000 0.000000 0.000000 0.000000 0.000000 0.000000 0.000000 0.000000 0.000000 0.000000 0.000000 0.000000 0.000000 0.000000 0.300000 0.000000 0.000000 0.000000 0.000000 0.000000 0.000000 0.000000 
0.000000 0.000000 0.054167 0.009375 0.014243 0.005556 0.040477 0.270628 0.000000 0.000000 0.000000 0.000000 0.005556 0.000000 0.000000 0.000000 0.000000 0.000000 0.000000 0.000000 0.000000 0.000000 0.000000 0.000000 0.549995 0.050000 0.000004 0.000000 0.000000 0.000000 0.000000 0.000000 
0.000000 0.000000 0.000000 0.000000 0.000000 0.000000 0.064286 0.000000 0.000000 0.000000 0.000000 0.000000 0.000000 0.000000 0.000000 0.000000 0.000000 0.000000 0.000000 0.000000 0.000000 0.000000 0.000000 0.000000 0.787994 0.123842 0.023878 0.000000 0.000000 0.000000 0.000000 0.000000 
0.000000 0.000000 0.000000 0.000000 0.000000 0.000000 0.001563 0.016667 0.000000 0.000000 0.000000 0.000000 0.000000 0.000000 0.000000 0.000000 0.000000 0.000000 0.000000 0.000000 0.000000 0.000000 0.000000 0.000000 0.066667 0.668691 0.243472 0.000000 0.001471 0.001471 0.000000 0.000000 

0.000000 0.000000 0.000000 0.050000 0.130833 0.037500 0.000000 0.000000 0.083822 0.000000 0.000000 0.000000 0.116667 0.069501 0.000000 0.511677 0.000000 0.000000 0.000000 0.000000 0.000000 0.000000 0.000000 0.000000 0.000000 0.000000 0.000000 0.000000 0.000000 0.000000 0.000000 0.000000 
0.000000 0.000000 0.000000 0.100000 0.000000 0.000000 0.000000 0.000000 0.000000 0.000000 0.000000 0.000000 0.000000 0.044385 0.000000 0.855615 0.000000 0.000000 0.000000 0.000000 0.000000 0.000000 0.000000 0.000000 0.000000 0.000000 0.000000 0.000000 0.000000 0.000000 0.000000 0.000000 
0.000000 0.000000 0.000000 0.000000 0.000000 0.000000 0.000000 0.000000 0.000000 0.040187 0.000000 0.055493 0.000000 0.000000 0.536595 0.367725 0.000000 0.000000 0.000000 0.000000 0.000000 0.000000 0.000000 0.000000 0.000000 0.000000 0.000000 0.000000 0.000000 0.000000 0.000000 0.000000 
0.000000 0.000000 0.000000 0.000000 0.000000 0.000000 0.000000 0.000000 0.000000 0.050000 0.050001 0.123238 0.000000 0.000000 0.612823 0.163938 0.000000 0.000000 0.000000 0.000000 0.000000 0.000000 0.000000 0.000000 0.000000 0.000000 0.000000 0.000000 0.000000 0.000000 0.000000 0.000000 
0.000000 0.000000 0.000000 0.000000 0.000000 0.000000 0.000000 0.000000 0.000000 0.000000 0.017866 0.734731 0.000000 0.000000 0.200546 0.046857 0.000000 0.000000 0.000000 0.000000 0.000000 0.000000 0.000000 0.000000 0.000000 0.000000 0.000000 0.000000 0.000000 0.000000 0.000000 0.000000 

0.961831 0.014272 0.000000 0.000000 0.000000 0.000000 0.000000 0.000000 0.000000 0.000000 0.000000 0.000000 0.010000 0.000000 0.000000 0.000000 0.000000 0.000000 0.000000 0.000000 0.000000 0.000000 0.000000 0.000000 0.013897 0.000000 0.000000 0.000000 0.000000 0.000000 0.000000 0.000000 
0.000000 0.000000 0.000000 0.000000 0.000000 0.000000 0.100000 0.000000 0.000000 0.000000 0.000000 0.000000 0.000000 0.000000 0.000000 0.000000 0.000000 0.000000 0.000000 0.000000 0.000000 0.000000 0.000000 0.000000 0.219916 0.680083 0.000001 0.000000 0.000000 0.000000 0.000000 0.000000 
0.000000 0.000000 0.000000 0.000000 0.000000 0.000000 0.000000 0.000000 0.000000 0.000000 0.000000 0.000000 0.000000 0.000000 0.000000 0.000000 0.000000 0.000000 0.000000 0.000000 0.000000 0.000000 0.000000 0.000000 0.000000 0.165757 0.725830 0.000000 0.108413 0.000000 0.000000 0.000000 
0.000000 0.000000 0.000000 0.000000 0.000000 0.000000 0.000000 0.000000 0.000000 0.000000 0.000000 0.000000 0.000000 0.000000 0.000000 0.000000 0.000000 0.000000 0.000000 0.000000 0.000000 0.000000 0.000000 0.000000 0.000000 0.000000 0.418713 0.555705 0.025583 0.000000 0.000000 0.000000 
0.000000 0.000000 0.000000 0.000000 0.000000 0.000000 0.000000 0.000000 0.000000 0.000000 0.000000 0.000000 0.000000 0.000000 0.000000 0.000000 0.000000 0.000000 0.000000 0.000000 0.000000 0.000000 0.000000 0.000000 0.000000 0.000000 0.354999 0.199499 0.433900 0.011602 0.000000 0.000000 

