-20
-14
-12
-34
-25
-15
-34
39
62
69
59
59
66
13
0
-5
-26
-77
-133
-110
-120
-92
-158
-182
-136
-154
-139
-123
-80
-57
-68
-30
-14
24
41
71
121
103
142
164
192
175
152
194
204
162
153
196
216
158
120
138
132
95
45
21
-28
-110
-148
-189
-210
-258
-262
-257
-260
-256
-224
-175
-166
-125
-92
-36
-14
-6
43
67
92
78
110
111
111
124
109
80
80
123
109
105
115
106
82
67
59
28
-18
-69
-76
-92
-138
-122
-133
-153
-162
-137
-126
-136
-119
-53
-20
-44
-5
52
71
53
49
133
114
89
121
97
100
58
89
97
83
71
65
53
16
26
-2
-43
-75
-75
-70
-123
-138
-120
-140
-168
-160
-123
-110
-113
-60
-41
-49
-17
6
14
-48
-44
3
1
35
2
5
9
14
54
26
18
39
76
78
88
127
183
170
138
103
143
155
115
119
148
152
115
111
112
132
130
83
92
97
62
58
2
-25
-51
-111
-156
-176
-215
-258
-280
-287
-232
-255
-248
-192
-160
-128
-130
-86
-10
-44
-48
8
17
9
15
42
47
44
42
22
27
32
32
24
34
66
41
49
40
50
53
19
-9
1
3
-46
-59
-24
-14
-46
-49
-20
-1
0
37
53
61
70
66
109
112
103
143
153
100
93
100
97
71
49
95
83
55
62
70
44
2
6
-23
1
-28
-58
-55
-70
-57
-94
-96
-76
-71
-54
-45
-38
-18
10
24
31
16
29
46
39
38
34
47
13
16
30
3
2
17
-3
-41
-70
-33
-46
-56
-53
-48
-48
-51
-9
-62
-69
-67
-63
-89
-106
-71
-74
-69
-52
-1
-4
-25
-13
-6
-36
-62
-55
-32
-28
-13
-1
-16
2
-7
9
0
20
15
-7
32
20
43
49
51
44
48
40
43
59
44
63
43
46
56
58
47
32
31
13
38
18
39
17
19
49
39
56
52
63
97
66
29
36
28
23
-18
-21
-34
-38
-58
-72
-48
-27
-44
-80
-87
-75
-94
-95
-95
-79
-77
-112
-45
-40
-61
-57
-70
-68
-71
-75
-65
-48
32
32
10
49
44
70
59
73
54
32
54
62
96
60
51
101
88
83
96
105
72
59
64
82
50
35
42
54
-1
-29
16
-1
-31
-56
-14
-32
-41
-41
-16
-43
-84
-28
-33
-56
-66
-38
-11
-64
-69
-43
-48
-79
-46
-47
-59
-28
-13
-18
5
22
15
52
32
15
27
5
-11
-34
-29
-59
-54
-35
-33
-45
-36
-17
19
16
11
34
23
113
125
137
141
175
215
204
182
143
171
104
0
-41
-28
-24
-126
-169
-168
-201
-233
-250
-280
-296
-330
-332
-319
-322
-284
-257
-221
-254
-195
-141
-87
-96
-73
4
75
149
167
245
367
397
393
468
522
554
526
527
510
502
434
357
323
246
178
57
26
-22
-78
-129
-185
-221
-271
-271
-268
-277
-301
-324
-314
-276
-290
-284
-248
-221
-222
-178
-121
-101
-66
-2
39
67
123
176
190
201
223
236
229
217
228
208
178
133
112
62
3
-24
-49
-114
-144
-172
-189
-234
-245
-267
-276
-254
-263
-238
-245
-181
-186
-184
-166
-111
-76
-65
-10
10
61
93
140
166
204
190
167
194
212
190
165
116
133
143
105
77
78
61
16
-4
5
1
-65
-62
-57
-71
-95
-94
-70
-66
-62
-58
-39
-12
2
3
3
42
31
37
77
75
113
144
161
162
149
152
124
129
85
71
76
58
30
-8
28
-26
-64
-98
-93
-54
-42
-8
-8
-38
16
-45
-39
-60
-98
-109
-172
-179
-183
-129
-191
-221
-228
-220
-186
-196
-235
-188
-140
-166
-179
-153
-129
-117
-126
-154
-92
-34
-62
-89
-61
-18
7
32
58
132
178
199
224
246
301
290
288
268
217
240
264
222
191
205
195
148
179
231
240
270
275
293
316
303
339
322
251
211
186
155
104
46
-33
-127
-202
-223
-241
-301
-333
-365
-412
-392
-388
-396
-399
-376
-340
-329
-315
-279
-227
-217
-188
-127
-27
19
62
172
220
272
327
363
388
392
378
328
318
289
210
178
97
11
-58
-132
-162
-243
-300
-278
-256
-328
-340
-283
-311
-306
-376
-349
-324
-335
-291
-281
-249
-210
-137
-116
-51
19
69
129
131
228
283
306
315
336
321
291
233
195
179
131
104
20
17
-21
-116
-101
-130
-158
-175
-203
-227
-226
-146
-103
-86
-66
29
101
123
152
155
219
227
192
231
267
301
233
197
241
273
261
155
125
96
88
26
-42
1
-40
-78
-140
-150
-92
-122
-115
-129
-116
-102
-103
-34
-48
-6
-1
27
78
105
137
107
154
81
63
68
7
-68
-161
-175
-239
-288
-334
-285
-288
-310
-256
-230
-171
-124
-27
12
121
177
254
379
397
478
467
478
427
441
498
441
406
356
327
281
203
169
87
6
-126
-201
-268
-393
-425
-459
-554
-633
-633
-626
-648
-639
-639
-600
-537
-482
-402
-279
-146
-90
25
162
274
373
427
500
580
605
609
647
641
561
459
415
337
238
122
39
-45
-163
-246
-315
-387
-460
-490
-552
-607
-601
-544
-515
-487
-464
-453
-392
-348
-272
-155
-93
-33
118
207
344
431
543
685
633
659
726
791
702
602
558
532
417
221
155
46
-91
-211
-324
-401
-471
-517
-605
-688
-659
-652
-670
-683
-662
-569
-511
-497
-473
-359
-274
-257
-188
-69
57
127
205
310
391
475
538
605
586
619
602
535
526
484
475
362
295
225
132
74
36
44
62
109
202
320
430
538
610
647
667
690
667
606
555
513
520
388
222
145
70
-54
-207
-275
-342
-451
-547
-589
-632
-692
-756
-835
-868
-895
-936
-924
-972
-956
-889
-831
-768
-680
-489
-343
-220
-92
104
277
371
437
520
598
692
665
632
632
575
494
402
331
201
121
51
-104
-192
-181
-211
-326
-426
-424
-432
-540
-614
-588
-565
-597
-601
-504
-412
-340
-185
-54
33
161
316
417
474
560
692
707
668
695
679
683
571
459
423
307
205
74
-38
-99
-192
-250
-313
-377
-413
-462
-452
-498
-528
-533
-469
-445
-449
-387
-319
-232
-169
-79
26
126
171
200
342
407
396
389
372
328
287
273
166
109
47
51
184
302
333
413
609
751
808
865
1004
1056
1003
880
929
995
847
604
443
381
180
-42
-169
-283
-436
-607
-702
-836
-929
-960
-1055
-1229
-1326
-1253
-1252
-1296
-1332
-1237
-1147
-1141
-995
-730
-527
-340
-99
191
484
760
978
1145
1286
1390
1459
1430
1373
1282
1088
831
652
459
252
14
-207
-440
-606
-716
-822
-877
-941
-1018
-1069
-1070
-1077
-1017
-1027
-1032
-957
-710
-570
-452
-242
-20
164
253
444
606
779
832
831
891
1020
1010
821
699
614
526
385
158
-49
-135
-213
-440
-602
-633
-719
-829
-927
-973
-876
-811
-828
-832
-730
-574
-493
-377
-209
37
156
254
449
651
775
837
905
924
939
915
852
742
692
477
301
225
208
410
426
377
404
738
981
926
1000
1204
1370
1091
925
1091
1214
1025
498
393
429
186
-134
-325
-387
-653
-824
-901
-1025
-1125
-1190
-1274
-1622
-1756
-1590
-1610
-1822
-1979
-1759
-1635
-1680
-1543
-1196
-817
-673
-403
47
449
798
1087
1349
1497
1623
1793
1813
1741
1588
1430
1255
931
740
534
304
57
-194
-335
-431
-550
-703
-804
-932
-1013
-1060
-1087
-982
-895
-879
-844
-727
-489
-386
-291
-92
25
219
313
413
602
790
747
610
685
750
770
599
353
312
251
97
-110
-220
-339
-565
-710
-852
-845
-925
-976
-1082
-1167
-996
-906
-767
-804
-612
-381
-268
-86
136
450
552
589
695
877
977
1002
895
843
742
667
594
548
364
349
683
677
683
811
1200
1437
1207
1236
1515
1744
1407
1013
1247
1431
1172
545
476
602
270
-101
-325
-261
-555
-833
-867
-1121
-1255
-1372
-1468
-1875
-2188
-2011
-2005
-2228
-2521
-2238
-1898
-1971
-1884
-1394
-731
-604
-346
271
836
1182
1395
1882
2042
2096
2238
2306
2222
1885
1767
1548
1229
922
744
590
208
-132
-269
-340
-592
-909
-1040
-1197
-1470
-1615
-1511
-1445
-1610
-1601
-1541
-1240
-1093
-957
-715
-599
-284
-193
71
415
648
763
640
739
898
944
946
747
601
558
474
270
135
189
-81
-319
-539
-592
-609
-820
-978
-1151
-1151
-1196
-1108
-1004
-982
-812
-665
-501
-221
136
422
517
684
834
1000
1066
1004
1004
871
770
591
519
442
406
694
827
891
966
1433
1812
1693
1657
1790
2062
1746
1209
1326
1531
1214
336
55
311
84
-424
-800
-668
-838
-1213
-1189
-1283
-1382
-1550
-1588
-1845
-2235
-2094
-2037
-2213
-2641
-2526
-1996
-1902
-1900
-1496
-636
-328
-211
469
1256
1683
1775
2195
2534
2586
2584
2621
2604
2112
1819
1590
1268
904
547
490
117
-301
-426
-378
-566
-1000
-1100
-1183
-1454
-1659
-1502
-1435
-1676
-1801
-1590
-1381
-1351
-1168
-893
-623
-670
-401
111
452
539
516
807
864
868
1045
1043
852
624
606
576
348
261
124
-137
-529
-637
-445
-601
-851
-1056
-967
-992
-1097
-987
-859
-786
-851
-698
-408
-185
6
167
350
419
567
797
882
842
849
791
676
622
590
498
502
851
1074
1077
1165
1728
2107
1938
1828
2090
2388
1776
1279
1512
1764
1162
87
140
315
-105
-747
-989
-816
-1268
-1624
-1679
-1811
-1935
-2184
-2224
-2647
-2859
-2601
-2540
-2708
-3045
-2578
-2085
-2061
-1924
-1220
-320
-192
84
847
1648
2028
2126
2658
2970
3053
3061
3067
2953
2454
2142
1781
1407
911
586
515
-9
-434
-569
-473
-744
-1220
-1260
-1279
-1549
-1699
-1433
-1279
-1512
-1518
-1153
-864
-804
-632
-160
-47
-179
174
694
946
619
690
991
853
794
855
935
614
302
284
219
17
-230
-324
-612
-1036
-1129
-1041
-1155
-1575
-1729
-1572
-1576
-1635
-1440
-1046
-952
-975
-613
-163
94
195
402
679
656
758
1014
995
891
793
750
576
422
397
413
563
840
1141
1248
1418
2073
2448
2439
2265
2596
2909
2286
1764
1934
2283
1573
417
354
567
149
-704
-876
-746
-1210
-1630
-1834
-1813
-2125
-2487
-2712
-3142
-3491
-3521
-3349
-3632
-4074
-3727
-3091
-2945
-2794
-1943
-817
-432
-83
954
2145
2588
2782
3453
3947
3934
3804
3958
3871
3312
2754
2424
2044
1340
943
813
286
-331
-545
-391
-770
-1389
-1440
-1480
-1767
-2126
-2000
-1900
-2218
-2265
-1932
-1570
-1553
-1255
-640
-463
-398
97
944
1050
761
1048
1455
1306
953
1022
1057
573
207
164
118
-186
-519
-629
-874
-1167
-1273
-1210
-1412
-1790
-1814
-1779
-1818
-1895
-1651
-1245
-1194
-1086
-702
-123
200
447
872
1271
1484
1711
2043
2116
2028
1958
1881
1655
1340
1154
943
547
676
1141
1409
1236
1463
2394
2679
2512
2566
3243
3352
2416
2124
2496
2613
1588
501
559
314
-389
-1140
-1471
-1622
-2303
-2691
-2986
-3270
-3501
-3942
-4305
-5013
-5168
-4960
-5128
-5488
-5543
-4853
-4413
-4064
-3404
-2150
-1037
-505
534
1842
3063
3863
4476
5312
5804
6173
6288
6305
6096
5519
4955
4156
3491
2744
2088
1428
555
20
-514
-924
-1514
-2069
-2505
-2983
-3316
-3632
-3718
-3988
-4089
-4006
-3851
-3503
-3073
-2431
-2047
-1716
-979
-11
631
744
1198
1855
2146
2170
2222
2607
2389
1973
1759
1646
1538
1010
681
284
-259
-606
-792
-1120
-1734
-2086
-2256
-2595
-2920
-2913
-2613
-2656
-2865
-2544
-1830
-1396
-1109
-675
-7
497
881
1420
1859
2107
2174
2226
2275
2173
2170
2014
1699
1354
1581
2220
2275
2280
2578
3513
3773
3614
3844
4322
4510
3544
3049
3211
3423
2614
1125
807
599
27
-1069
-1848
-1861
-2561
-3366
-4032
-4399
-4570
-5184
-5759
-6590
-6802
-6755
-6815
-6893
-7174
-6579
-5867
-5305
-4635
-3450
-1742
-807
145
1461
3247
4700
5374
6269
7087
7914
8083
8103
8220
7681
6923
5995
5352
4579
3570
2724
1741
712
-334
-807
-1425
-2530
-3453
-4167
-4391
-4905
-5350
-5419
-5481
-5502
-5561
-5053
-4585
-4095
-3677
-3340
-2607
-1827
-945
-394
61
687
1157
1790
2111
2430
2823
2869
2927
2723
2837
2886
2430
1899
1291
1083
570
-56
-680
-1211
-1682
-2420
-2721
-2725
-2657
-2797
-3008
-2627
-2224
-1770
-1250
-717
-238
56
545
1076
1504
1756
1867
1854
1818
1948
2091
2099
1769
1803
2595
3146
3376
3496
4592
5523
5490
5545
5845
6546
5841
4514
4192
4277
4085
2279
924
809
307
-653
-2171
-2380
-2795
-3802
-4676
-5641
-5765
-6449
-7132
-8097
-9017
-9005
-9177
-9228
-9628
-9446
-8542
-7809
-6979
-6062
-4065
-2351
-1213
293
2241
4559
5804
6985
8345
9345
10131
10386
10887
10615
9922
9145
8205
7388
6157
5208
4042
2541
1170
186
-505
-1923
-3239
-4244
-4968
-5735
-6488
-6505
-6833
-7057
-7184
-6907
-6310
-5831
-5192
-4849
-4196
-3392
-2319
-1372
-1039
-249
449
1078
1438
1786
2511
2805
2893
2766
2888
3117
2833
2455
1839
1379
901
313
-352
-1095
-1617
-2301
-2877
-3241
-3170
-3170
-3403
-3467
-2981
-2437
-1989
-1494
-802
-148
223
894
1470
1955
2131
2273
2374
2255
2254
2212
2229
2832
3501
4139
4541
5248
6892
7544
7782
7880
8636
9080
7660
6864
6753
6712
4953
2489
2025
1212
9
-1889
-3005
-3109
-4416
-5312
-6489
-6829
-7163
-8298
-8919
-10235
-10431
-10627
-10928
-11172
-11786
-10888
-10284
-9496
-8647
-7052
-4723
-3463
-1647
256
2897
4983
6307
8191
9576
11003
11515
12111
12471
11876
11182
10079
9270
7823
6297
5173
3625
1995
281
-410
-1342
-2959
-4225
-5023
-5577
-6711
-7190
-7280
-7549
-8019
-8181
-7513
-7096
-6463
-5747
-4968
-4222
-3286
-1805
-654
63
983
2238
2939
3306
4124
4821
4817
4457
4351
4628
4318
3674
3242
2758
1993
1079
639
0
-1007
-1964
-2584
-2935
-3508
-3724
-3795
-3851
-3961
-3796
-3043
-2723
-2371
-1731
-1145
-827
-554
422
1045
1305
1462
1903
2283
2051
2091
2205
2142
2640
3144
3820
4109
4917
6425
6820
7127
7362
8591
8589
7081
6744
6814
6773
4507
2686
2392
1290
-44
-2104
-2746
-3461
-4888
-5681
-7026
-7383
-8287
-9141
-9906
-11185
-11121
-11435
-11411
-11863
-11786
-10474
-9853
-8855
-7792
-5400
-3309
-1976
100
2382
5102
6600
8244
10130
11452
12582
12942
13535
13411
12713
11871
10646
9605
7980
6640
5115
3272
1706
270
-795
-2513
-3914
-5034
-6338
-7222
-7922
-8192
-8750
-9151
-8943
-8685
-8199
-7903
-7022
-6205
-5880
-4938
-3653
-2251
-1712
-1214
-63
735
1304
1764
2634
3123
3126
3553
3925
4341
4246
3883
3716
3112
2762
2299
1655
665
-434
-1074
-1886
-2569
-3100
-3195
-3360
-3755
-3584
-2989
-2292
-1944
-1623
-791
-282
46
581
1205
1407
1297
1247
1210
1113
1070
951
1078
1978
2668
3621
4365
5962
7661
8275
8801
9312
10700
10264
8922
8573
8436
7715
4741
3061
2492
1349
-463
-2871
-3293
-4111
-5441
-6570
-7793
-7910
-9107
-10097
-11270
-12215
-12261
-12966
-13196
-13786
-13302
-12245
-11548
-10197
-8721
-6072
-4008
-2079
472
3149
6009
7676
9671
11420
12898
14018
14189
14551
14032
13326
12121
10709
9597
7843
6425
4586
2948
1560
33
-1187
-2971
-4158
-5347
-6680
-7735
-8738
-9013
-9810
-10239
-10064
-9598
-8907
-8313
-7022
-5948
-4748
-3379
-1835
-257
638
1503
2558
3382
3795
4073
4719
4862
4539
4382
4642
4855
4427
4152
3922
3640
3089
2618
2270
1358
305
-673
-1362
-2187
-2974
-3510
-3980
-4488
-4718
-4397
-3995
-3586
-3264
-2566
-1759
-1301
-566
221
836
1050
1139
1354
1180
1117
914
1286
2091
2640
3542
4115
6045
7397
7981
8704
9277
10732
9951
8890
8721
8585
7591
4466
3009
2227
878
-1174
-3499
-3922
-5124
-6386
-7520
-8521
-8708
-9996
-10753
-12071
-12828
-12713
-13380
-13642
-14252
-13311
-12265
-11644
-10153
-8243
-5343
-3533
-1358
1623
4438
7065
8721
10957
12665
13931
14908
15153
15424
14668
13862
12472
10935
9619
7860
6345
4272
2725
1426
14
-1491
-3137
-4112
-5432
-6854
-8063
-8778
-9298
-10331
-10864
-10669
-10140
-9689
-9086
-7805
-6581
-5409
-3970
-2272
-612
466
1523
2475
3298
3744
3860
4184
4067
3742
3606
3818
3764
3498
3490
3365
3199
2919
2747
2493
1719
708
-43
-689
-1403
-2211
-2640
-2951
-3471
-3572
-3270
-2664
-2167
-1675
-1169
-465
293
877
1521
1763
1914
1758
1569
1349
1121
899
953
1789
2455
3279
3934
5763
7456
7991
8611
9358
10668
9719
8345
8264
8068
6906
3626
1957
1298
-158
-2029
-4353
-4645
-5665
-6923
-7714
-8726
-8698
-9790
-10585
-11883
-12758
-12601
-13305
-13684
-14462
-13582
-12443
-11925
-10454
-8493
-5479
-3521
-1359
1683
4601
7334
8900
11034
12878
14125
14882
15016
15279
14512
13563
12186
10743
9503
7874
6482
4584
3201
2045
687
-694
-2569
-3591
-4942
-6544
-7827
-8758
-9161
-10254
-10743
-10581
-9880
-9224
-8687
-7302
-6132
-4739
-3310
-1469
249
1113
2169
2976
3587
4075
4192
4254
3899
3661
3560
3465
3424
3357
3306
2810
2557
2392
2104
1490
462
-368
-1653
-2681
-3432
-4138
-4547
-5139
-5312
-5162
-4744
-3966
-2976
-1908
-1213
-225
875
1893
2597
2871
3045
2840
2478
2198
1709
1172
520
344
1386
2240
3275
4149
5648
7555
8364
9321
9733
10538
10262
8603
7908
7239
6563
4041
1691
1041
-205
-1281
-3373
-4081
-4275
-5531
-6155
-7457
-7468
-8269
-9610
-10616
-12129
-12070
-12846
-13353
-13702
-13668
-12314
-11820
-10221
-8401
-5760
-3205
-1415
1504
3988
6970
9017
10581
12206
13129
14375
14110
14096
13821
12604
11304
9578
8976
7655
6166
4771
3391
2412
663
-350
-1648
-3318
-4968
-6704
-7471
-8678
-9684
-10316
-10679
-10556
-10522
-9430
-8336
-7401
-6456
-5198
-3220
-1941
-492
510
1216
1764
1985
2777
2846
2721
2556
2585
2867
2777
3337
3621
3681
3436
3519
3837
3345
2965
2094
1070
-201
-1306
-1812
-2596
-3499
-4267
-4395
-4076
-3733
-2990
-2038
-1313
-539
356
1378
2143
2706
2908
2775
2454
2136
1937
1340
473
-169
-700
-613
918
2390
3443
3907
5800
8172
8606
9001
9440
10531
9472
6888
6559
6684
6046
2769
466
525
-519
-1753
-3482
-3609
-4164
-5838
-6373
-7538
-7629
-8655
-9991
-11309
-12863
-12275
-12574
-13090
-13717
-13086
-11101
-10353
-8946
-6824
-3669
-1429
-242
2644
5805
8561
9755
10831
12764
13847
14510
14200
14286
13672
12259
10969
9558
8908
7400
5746
3890
2312
1275
-248
-1625
-3640
-5422
-6629
-8061
-9190
-10215
-10498
-11106
-11841
-11423
-10562
-9238
-8708
-7983
-6439
-5113
-3481
-2328
-995
-133
390
1159
1587
2276
2733
3257
3594
3757
4575
5567
6237
6101
6279
6552
5931
5208
4619
3706
2198
445
-737
-1632
-2368
-3318
-4136
-4274
-4139
-3676
-3076
-2348
-1553
-790
-57
660
1428
2115
2345
2054
1789
1858
1818
1266
581
134
65
-132
364
2522
4022
4930
5347
7408
9429
9640
9399
9018
9630
7941
5670
5199
5347
4529
1303
-367
-181
-455
-1386
-3399
-3800
-4632
-5811
-6625
-8215
-8409
-9686
-10952
-12461
-13327
-12523
-12891
-13145
-13612
-12555
-10733
-9638
-7863
-5931
-3013
-1152
531
3415
6154
8825
9525
10658
12353
13608
14206
13705
14010
13342
12169
10779
9732
9061
7090
5176
3266
1901
414
-1339
-2809
-4668
-6373
-7792
-8751
-9131
-9757
-10267
-10510
-10341
-9453
-8553
-7369
-6519
-5736
-4544
-3513
-2124
-1035
-162
306
473
1300
2167
3288
3754
4036
4867
5462
6087
6277
6695
6756
6025
5067
4344
3840
2353
582
-765
-2194
-3463
-4452
-4933
-5227
-5749
-5747
-5335
-4468
-3694
-2729
-1682
-1043
-453
430
1522
1789
1770
1676
1620
1601
1360
1292
1135
979
969
1089
2597
4568
5805
6349
7017
9239
10196
9755
8996
9162
9288
6543
4788
4962
5421
3561
233
62
403
-211
-1979
-3529
-3405
-4754
-5709
-7147
-8048
-8372
-9874
-10832
-12651
-12603
-12061
-12328
-12774
-13234
-10949
-9509
-8732
-7258
-4900
-1833
-712
1102
4052
7021
8868
9389
11044
12468
13660
13571
13188
13105
12001
10958
9246
8288
7092
5323
3656
1619
384
-956
-2303
-3963
-5811
-6836
-7921
-8563
-9170
-9296
-9128
-9538
-9172
-8414
-7235
-6368
-6159
-5181
-4376
-3433
-2439
-1465
-275
4
639
1600
2775
3996
4518
5233
5671
6162
6850
7275
7181
6563
5874
4870
3719
2851
1791
492
-1071
-2428
-3258
-3944
-4128
-4604
-4824
-4809
-4478
-3495
-2765
-1891
-1388
-617
-76
411
1208
1641
1647
924
867
1141
768
135
-132
422
77
501
2898
4835
5971
5802
8016
9966
9523
8882
8371
9354
7154
4410
4388
4804
4129
575
-523
82
-448
-1270
-3157
-2787
-3774
-5233
-5729
-7268
-7383
-8742
-9656
-11254
-12624
-11688
-11890
-11962
-12932
-11837
-9619
-9035
-7479
-5825
-2406
-668
639
3633
6500
9375
10051
11382
12907
13784
14314
13349
13398
12334
10771
9316
7734
7313
5518
3833
2135
680
-63
-1509
-2727
-4553
-5817
-6920
-8048
-8575
-9236
-9420
-9877
-10122
-9621
-8865
-7837
-7408
-7132
-6487
-5397
-4007
-2852
-1805
-818
-87
989
2491
3943
5123
5550
6044
6487
7304
7743
7514
6964
5794
4854
3885
3242
2496
1172
-277
-1547
-2334
-2958
-3242
-3659
-4281
-4521
-4468
-4017
-3338
-2994
-2551
-2029
-1256
-858
-310
592
785
724
479
986
1058
700
585
467
794
366
1666
3822
5237
5781
5989
8496
9778
9350
8556
8491
9214
6759
4856
5026
5784
4433
765
360
776
226
-1667
-3632
-3385
-4851
-6108
-7143
-8090
-8290
-10038
-10787
-12361
-12479
-11389
-11937
-12106
-12669
-10684
-8987
-8216
-6467
-4335
-1228
-46
1927
5079
7960
10092
10445
11872
13088
13894
13900
12850
12462
10862
9594
7885
6394
5589
3766
2191
251
-591
-1317
-2661
-3955
-5656
-6419
-7608
-8511
-8833
-8943
-8865
-9439
-9218
-8386
-7288
-6694
-6650
-5923
-4845
-3744
-2963
-1415
183
1047
1577
2921
4930
6192
6830
7062
7633
8177
8508
8537
7686
6758
5541
4174
3090
2165
1407
-416
-1948
-3129
-3647
-3571
-4104
-4530
-4893
-4731
-4730
-4146
-3225
-2888
-2368
-2142
-1579
-953
-123
675
646
451
237
641
653
389
95
37
43
-13
2131
4356
5321
5339
6266
8742
8865
7882
7206
8019
7320
3852
3246
4223
4691
1940
-920
108
124
-646
-2768
-3504
-3325
-5491
-5937
-7354
-7735
-8464
-10034
-10676
-12562
-11706
-11068
-11124
-11678
-11654
-8898
-7649
-6358
-4675
-1935
848
1665
4384
7204
9905
11148
11542
13060
13417
14080
13194
12383
11451
9554
8309
6387
5718
4507
2772
1248
-216
-873
-2169
-3011
-4304
-5814
-6779
-7596
-7755
-8466
-8847
-9108
-9206
-8812
-8402
-7342
-6926
-6452
-5596
-4525
-2954
-1779
-422
513
1511
2789
4257
6015
6746
7215
7387
7735
8066
7714
7382
6166
4939
3551
2470
1840
731
-384
-2089
-3070
-3728
-4147
-4358
-4798
-5312
-5685
-5363
-5020
-4230
-3650
-3342
-2640
-2002
-1107
-120
906
1370
1540
1822
2110
2337
2316
1962
1727
1190
1049
1308
2508
4196
4622
4790
4909
6739
7453
6548
6124
6104
6341
4382
3193
4071
4449
3124
316
169
739
264
-970
-2753
-2923
-4012
-4972
-6341
-7807
-7898
-9075
-10163
-11855
-11581
-10187
-10718
-11333
-11623
-9651
-8104
-7439
-5809
-3570
-626
668
2735
5647
8174
9840
9940
11087
12047
12715
12220
11022
10853
9787
8711
7144
6326
5951
4289
3007
1573
1042
347
-1046
-2346
-3990
-4915
-5950
-6556
-7198
-7743
-8027
-8701
-8716
-8307
-7742
-7326
-7138
-6655
-5584
-4165
-2668
-1293
-240
820
2076
3504
4835
5714
6347
6635
6783
6860
6808
6514
5703
4547
3587
2775
1938
1271
377
-1156
-2374
-2895
-3254
-3894
-4438
-4741
-5228
-5431
-5387
-4569
-3957
-3934
-3316
-2643
-1546
-703
223
1124
1260
1203
1395
1817
1671
1105
699
690
466
297
1793
3902
4712
4773
5166
7440
8172
7524
7081
7433
7939
5676
4544
5059
5508
4461
1723
1292
1486
1234
52
-2169
-2479
-3366
-4163
-5723
-7338
-7359
-8525
-9741
-11634
-11576
-10716
-11487
-11850
-12121
-10492
-8995
-7851
-6064
-3949
-1013
758
3028
5618
8179
10106
10477
11471
12039
12717
12492
11261
10903
9721
8557
7067
6292
5745
4103
2862
1557
907
-163
-1353
-2361
-4287
-5849
-7045
-7221
-8144
-9438
-9771
-10044
-9960
-9996
-9322
-8509
-8164
-7470
-6219
-4299
-2447
-757
869
2020
3503
5246
6896
7499
7446
8083
8182
7847
7285
7177
6505
4809
3296
2723
2484
1387
125
-1159
-2009
-2642
-3337
-4233
-4882
-5230
-5863
-6539
-6528
-5985
-5534
-5289
-4758
-3648
-2638
-1628
-388
494
1068
1463
1983
2468
2417
1955
1952
1913
1751
1605
2901
4733
5074
5254
5707
7775
8363
7578
7167
7091
7725
5859
4612
4937
5349
4805
1791
1073
1483
1106
-342
-2943
-2688
-3440
-4591
-6132
-7647
-7254
-8734
-9720
-11315
-11467
-10596
-11533
-11724
-12068
-10379
-8781
-7918
-6276
-4472
-1065
643
2447
4753
7311
9672
9632
10588
11615
12428
11796
10432
10541
9721
8473
6711
6024
5699
4196
3100
1925
1005
-120
-1342
-2146
-4034
-5369
-6406
-7015
-7824
-8939
-9136
-9400
-9028
-9289
-8662
-7798
-7080
-5863
-5128
-3169
-1222
494
1670
2740
4661
5902
6924
7278
7798
7932
7141
7122
6566
6112
4954
3666
3040
1975
1666
834
-132
-1298
-2384
-2963
-4122
-4948
-5693
-6295
-6910
-7563
-7390
-6902
-6149
-5580
-4836
-3783
-2551
-1079
103
1135
1614
2173
2562
2882
2880
2623
2688
2390
2139
2174
3408
5063
5637
5655
6640
8784
8966
8228
7968
8458
8378
6178
5070
5623
5761
4072
1323
1058
1231
457
-1246
-2893
-2757
-3765
-4573
-6340
-7226
-7163
-8623
-9703
-11384
-11290
-11174
-11743
-12181
-12568
-10613
-9374
-8248
-6662
-4201
-1311
85
2234
4614
7263
8823
9127
10162
10959
11601
11008
10172
10041
9189
7914
6493
6176
5737
4413
3294
2360
1642
509
-252
-1593
-3271
-4682
-5717
-6355
-7469
-8368
-8742
-8929
-9002
-9017
-8152
-7182
-6343
-5424
-4285
-2306
-632
931
2237
3209
4646
5714
6438
6456
6278
6910
6444
5718
5220
5020
4749
3465
2532
2240
2218
1062
-267
-1077
-2175
-3008
-4089
-4887
-5706
-6496
-7197
-7773
-7329
-6779
-6144
-5557
-4612
-3269
-1880
-436
604
1442
1951
2391
2548
2542
2663
2359
2098
1933
1804
3294
4506
5316
5830
7027
9176
9375
9180
9102
9878
9362
6845
6355
6650
6583
3726
1227
1677
1243
272
-1809
-2612
-2745
-4402
-4900
-6237
-6832
-7531
-9130
-10107
-11682
-11351
-11499
-12279
-12926
-12870
-11292
-10281
-8740
-7008
-4721
-2024
-328
2287
4816
7426
9151
9649
10646
11237
11990
11154
10242
9647
8370
7563
6115
5554
5025
3869
3028
1998
1586
762
-123
-1462
-3302
-4540
-5589
-6474
-7390
-8108
-8822
-9124
-8914
-8537
-7835
-7123
-6080
-4777
-3466
-1692
225
1988
2752
3684
4937
6192
6853
6849
6994
6794
6640
6041
5816
5416
4722
3812
2745
2515
2114
1771
803
-872
-1820
-2891
-3766
-4878
-6138
-6687
-7358
-8009
-8193
-7312
-6438
-5981
-5247
-4033
-2471
-1233
-174
535
1076
1167
1077
1190
1162
755
363
350
1809
3414
4689
5437
6364
8822
10096
10263
10245
10864
11224
9072
7477
7699
8069
6228
2524
1470
1650
755
-1265
-2870
-2496
-3634
-5010
-6255
-6595
-6679
-8377
-9797
-11633
-11829
-11776
-12475
-12868
-13638
-12503
-11052
-9648
-7903
-5640
-2342
-544
1716
4512
7696
10210
10628
11588
12153
12922
12559
11444
10567
8783
7370
5653
4958
4326
3105
2192
929
493
-50
-417
-1389
-3121
-4357
-5613
-6438
-7294
-7945
-8716
-9554
-9701
-9093
-8312
-7428
-6492
-5705
-4136
-2307
-185
1681
3125
4071
4917
6085
6737
7452
7663
7210
6802
6511
6601
6204
5582
4836
4003
3239
2334
2215
1807
764
-874
-2451
-3127
-3917
-4636
-5928
-6889
-7451
-7810
-7500
-7071
-6030
-5183
-4534
-3602
-2321
-572
474
891
1116
1316
1503
1064
1002
783
397
32
1105
3085
4239
5009
6080
8071
9174
9770
9993
10586
10258
8183
7357
7224
6890
4684
1840
894
218
-543
-2391
-3427
-3572
-4554
-5495
-7133
-7281
-7474
-8951
-10518
-12305
-12285
-12248
-12684
-13119
-13344
-12219
-11062
-9386
-7342
-4675
-1784
420
2861
5348
8579
10920
11606
12433
13073
13880
13333
12285
11156
9347
7683
5802
4895
4210
3068
1908
1011
696
288
-253
-1138
-2466
-3999
-5428
-6145
-6630
-7308
-8027
-8649
-8466
-8103
-7117
-6206
-5388
-4476
-3402
-1635
226
2203
3194
3994
4858
5478
6299
6650
7001
6382
5902
5638
5515
5374
4675
4135
3152
2194
1433
1033
510
-637
-1819
-2993
-4091
-4781
-5393
-6198
-7249
-7935
-8008
-7521
-6813
-6029
-5051
-4009
-3088
-1752
-339
522
781
881
1030
927
774
456
423
-74
565
1834
3158
4013
5293
7556
8421
8818
9478
10783
11267
9052
7794
8229
8135
6068
2724
1973
1580
-1
-2112
-3119
-2461
-3858
-5095
-6224
-6645
-6767
-8291
-9115
-10719
-11371
-11722
-12459
-12771
-13227
-12103
-11681
-10741
-8834
-6214
-3142
-1482
1096
4101
7267
9785
11144
12938
13541
13976
13886
13194
12371
10433
8561
6594
4966
3925
2875
1875
684
148
13
-579
-1120
-2089
-3140
-4316
-5470
-6177
-6814
-7322
-7967
-8255
-8298
-7716
-6863
-5912
-4975
-4210
-2754
-1010
825
2155
3417
4528
4908
5537
5828
6102
6196
5723
5469
5186
4993
4686
4028
3456
2772
1975
1133
630
-211
-1163
-2081
-3465
-4171
-5026
-5648
-6289
-6837
-7175
-7234
-6686
-6153
-5458
-4683
-3447
-2304
-1290
-455
339
897
795
696
598
610
241
419
1812
2884
3598
4243
6394
8556
8806
9026
9796
11387
10930
9092
8892
9054
8726
5621
3039
2840
1722
85
-2831
-3455
-3422
-4659
-5783
-7324
-6849
-7461
-8676
-10090
-11119
-10602
-11622
-12178
-12901
-12810
-11762
-11190
-9691
-8537
-5859
-3268
-1049
1758
4259
7617
9671
11187
12642
13683
14619
13850
13091
11903
10345
8606
6308
5014
3339
1967
553
-329
-842
-1732
-1900
-2669
-3464
-4482
-5371
-5951
-6936
-7226
-7911
-8632
-8678
-8376
-7597
-7367
-6293
-5222
-4006
-2528
-1076
1080
2327
3316
4250
5362
6105
6206
6621
6247
6007
5831
5683
5435
4309
3921
3294
2831
2269
1501
1309
222
-818
-1563
-2111
-2909
-3726
-4420
-5334
-5478
-5510
-5483
-5139
-5081
-4288
-3721
-3137
-2035
-838
129
206
545
899
1362
971
550
641
1337
2358
2604
3375
4752
6842
7493
7691
8282
9492
10386
8628
7679
7835
7791
6287
3176
2222
1773
523
-1855
-3756
-3536
-4545
-5644
-7215
-7879
-7397
-8497
-9659
-11021
-11125
-11066
-11850
-12144
-12369
-11130
-10520
-10011
-8448
-6389
-3720
-2284
-163
2700
5500
7951
9282
11382
12783
13837
14089
13691
13579
12096
10533
8560
6980
5411
3498
2084
373
-580
-1429
-2213
-2961
-3965
-4468
-5188
-5803
-6588
-6958
-7018
-7448
-7789
-8061
-7301
-6294
-5944
-5140
-4166
-2918
-1649
-526
857
1950
2735
3254
4239
4655
4610
4933
4917
4637
4407
4529
4439
4051
3518
2806
2496
2040
1399
704
-70
-836
-1588
-2177
-2708
-3209
-3539
-3780
-4159
-4196
-3877
-3395
-3250
-3026
-2500
-1520
-1100
-674
43
429
615
440
207
140
-48
-154
953
1932
2711
3086
4485
6681
7039
7210
7761
9232
8784
6683
6855
7413
7001
3897
2003
2281
1229
-282
-2600
-2855
-3350
-4909
-5365
-6549
-6391
-7379
-8479
-9393
-10820
-10495
-10932
-11342
-12071
-11874
-10168
-9699
-8739
-7506
-4754
-2069
-909
1428
3980
6800
8392
9550
11279
12469
13445
13109
13030
12477
11291
10057
8125
6722
4861
3467
1825
54
-791
-1950
-2567
-3745
-5068
-5475
-6034
-6530
-7385
-7690
-7514
-7851
-7822
-7497
-6519
-5886
-5330
-4186
-3010
-1799
-819
383
1602
2302
2893
3287
3970
3993
3884
4117
3903
3872
3724
3787
3676
3312
3314
2935
2642
2283
1547
1018
237
-814
-1580
-1802
-2310
-2847
-3142
-2861
-2629
-2850
-2585
-1976
-1529
-1301
-1144
-584
-194
-59
-35
-128
-194
-600
-797
-1054
-1156
45
1007
1734
2368
3806
5937
6402
6519
7005
8344
8385
6598
6356
6720
6386
4095
1825
1559
967
-43
-2167
-2897
-2811
-3966
-4897
-6167
-5973
-6425
-7974
-9318
-10698
-10394
-10916
-11587
-12137
-12219
-10952
-10134
-8652
-7201
-4853
-2029
-201
2000
4477
7366
9079
9788
11103
12233
13321
13030
12522
12149
10733
9524
7882
6897
5654
4162
2900
1425
357
-592
-1365
-3069
-4843
-5791
-6424
-7167
-8131
-8285
-8288
-8520
-8525
-7765
-6811
-6019
-5346
-4260
-2820
-1669
-87
1152
1961
2574
2965
3454
3329
3433
3098
2867
2623
2293
2639
2498
2721
2514
2497
2494
2401
2562
2091
1472
710
15
-737
-1906
-2159
-2457
-2866
-3033
-3096
-2301
-1907
-1253
-696
-106
351
603
1102
1051
1095
616
365
-127
-934
-1105
-345
912
1457
1851
3024
5117
6102
6587
7149
8222
8551
7127
6536
6723
6631
4775
2142
1200
148
-966
-2771
-4100
-4071
-5020
-5388
-6553
-6776
-6392
-7308
-8430
-10098
-10167
-10404
-11269
-12051
-12481
-11484
-11050
-9942
-8432
-6335
-3478
-1474
1273
3929
6683
8954
10310
11748
12310
13042
12969
12414
11631
10147
9101
7526
6317
5061
3647
2803
1565
870
43
-486
-859
-2336
-3548
-4730
-5289
-6007
-7157
-7918
-8450
-8324
-8473
-7981
-6886
-5675
-4650
-3711
-1853
-45
1553
2376
3322
4330
4564
4708
4610
4367
3605
2457
1859
1368
1170
1074
1038
1106
1011
1670
1776
1912
1624
1276
999
150
-247
-1108
-1660
-2474
-3232
-3073
-3040
-2659
-2394
-1761
-1000
-267
842
1343
1836
1944
1737
1565
1136
602
-150
68
608
1052
1752
2604
4374
5217
5850
6341
7208
8140
7115
6715
6531
6626
5290
2397
1168
-120
-1553
-3700
-5797
-6191
-6908
-7682
-8672
-8776
-8227
-8664
-8863
-9823
-10002
-10164
-10556
-10761
-11436
-10851
-10266
-9330
-8065
-6054
-3304
-1221
1266
3753
6743
9195
10713
12249
13260
14015
13669
13148
12446
10959
9214
7349
5932
4578
3116
1863
637
244
-450
-1024
-1297
-1873
-2407
-3600
-4458
-5139
-5814
-6381
-7285
-7665
-7882
-7726
-7303
-6722
-5781
-4811
-3421
-1985
-342
1441
2584
3581
4433
4742
4738
4301
3755
2900
1779
958
189
-247
-691
-883
-814
-569
52
347
836
1063
1139
948
572
509
190
-509
-1026
-1310
-1407
-1443
-1428
-766
-325
-17
775
1774
2760
2891
2872
2760
2676
2030
1703
2316
2305
2500
1806
3058
4656
4452
4512
4983
6578
6258
4977
5470
5969
5623
2883
1193
926
-765
-2355
-5438
-6319
-7145
-8610
-9279
-10711
-10178
-10504
-10660
-11162
-11475
-10176
-10180
-10174
-10773
-10330
-8943
-8499
-7553
-6767
-4553
-2250
-570
2090
4542
7608
9439
10765
12518
13839
14942
14285
13483
12456
11008
9532
7286
5835
4156
2263
640
-541
-918
-1803
-2047
-2541
-2900
-3400
-3942
-3796
-4516
-5135
-5981
-6431
-6511
-7026
-7190
-7072
-6333
-5963
-5211
-3439
-1877
-335
455
1837
3299
4145
4638
4629
4699
4085
3137
2162
1561
654
-603
-1147
-1549
-1511
-1449
-1315
-893
-543
-119
65
594
960
1085
983
672
610
652
346
-187
-224
-177
-42
481
1006
1481
1838
2257
2661
2885
2695
2742
3775
3943
3932
3627
4179
5397
4966
4698
4384
5323
5548
3958
4107
4459
5108
3347
1005
737
5
-1036
-3614
-5110
-5765
-7434
-8613
-10244
-10444
-10796
-11738
-12167
-13049
-12057
-11707
-11369
-11107
-11037
-9354
-8465
-7320
-6357
-4522
-2103
-863
1369
3560
6527
8465
9932
11857
13365
14887
14812
14747
14235
13196
11998
10009
8501
6477
4561
2626
744
-501
-1658
-2232
-3004
-3678
-4146
-4538
-4562
-4867
-5301
-5779
-6018
-6136
-6508
-6357
-6065
-5651
-5500
-5049
-3875
-2666
-1524
-652
583
1796
2661
3608
4074
4144
3947
3668
3067
2007
1308
455
-566
-1717
-2415
-2539
-2744
-2860
-2987
-2528
-1971
-1544
-966
-485
38
368
363
771
1198
1381
1266
1014
1399
1768
1996
1957
2448
2597
2760
2684
2635
2969
3911
4725
4857
5102
5214
6512
6757
6309
6060
6230
6633
4942
4160
4688
5001
3745
739
251
65
-745
-2931
-4821
-4919
-6435
-7587
-9016
-9661
-9934
-11404
-12227
-13379
-13342
-13037
-13230
-12987
-13299
-12031
-10413
-9025
-7793
-6250
-3391
-1747
257
2515
5304
8037
9061
10953
12630
14182
14900
14857
14724
13814
12767
11326
9721
8207
6526
4674
2755
1226
154
-967
-1913
-2927
-3568
-3787
-3985
-4082
-4516
-4828
-5164
-5439
-5815
-6142
-5821
-5700
-5482
-5272
-4520
-3463
-2280
-1201
-741
451
1459
2387
2954
3376
3605
3181
2567
1895
1454
633
-492
-1551
-2091
-2445
-2858
-3117
-3125
-3004
-2978
-2569
-1899
-1315
-937
-475
-1
210
888
1541
1719
1817
1970
2328
2608
2758
2907
3118
2985
2666
2768
3187
4499
5006
5403
5793
6294
7459
7234
6821
6614
6575
6333
4843
4607
4687
4358
3094
1034
920
339
-604
-2658
-4055
-4197
-5689
-6821
-8524
-9288
-9761
-11138
-11940
-13252
-13180
-13135
-13814
-13890
-13976
-12703
-11780
-10721
-9248
-7683
-5023
-2876
-466
1933
4642
7069
8701
10639
12156
14163
14846
14655
14386
13651
13252
11882
10623
9289
7585
5986
4105
2801
1448
288
-940
-2351
-3127
-3685
-3542
-3814
-4280
-4361
-4615
-4271
-4605
-4820
-4655
-4814
-4647
-4860
-4122
-3249
-2580
-1895
-1599
-380
551
1515
2174
2110
2477
2312
2119
1590
1021
643
-347
-1225
-2180
-2516
-2653
-3183
-3535
-4052
-3857
-3497
-3215
-2853
-2577
-2004
-1403
-894
-143
1008
1706
2022
2476
3256
3979
4081
4024
4018
3723
3443
3644
4709
5472
5785
6003
6769
8324
8300
8197
7998
8082
7524
5739
5698
5614
5062
2990
813
563
-283
-1001
-3035
-4420
-4939
-6166
-6781
-8340
-8597
-9085
-10199
-11144
-12617
-12119
-12261
-12996
-13848
-13983
-12593
-12279
-11503
-10400
-8354
-6201
-4749
-2318
452
3516
5668
7319
9654
11480
13245
13997
14505
14422
13636
13031
11815
10879
9458
8018
6479
4670
3501
2351
1400
279
-1056
-1964
-2846
-3118
-3550
-4024
-4746
-5249
-4877
-5104
-4931
-4863
-4366
-3818
-3851
-3247
-2421
-1388
-1063
-792
-91
758
1452
1583
1667
1574
1399
1103
676
534
117
-632
-1299
-1758
-1933
-2197
-2792
-3093
-3308
-3496
-3521
-3356
-3167
-3110
-3248
-3042
-2550
-2045
-1297
-602
108
962
1883
2753
3691
4441
4716
4790
4635
5458
6831
7369
7632
7368
8153
9215
8880
8544
8218
8665
7865
6039
5881
6241
6222
3767
1505
1269
736
-231
-2896
-4010
-4476
-5931
-7171
-8927
-8865
-9425
-10807
-12189
-12929
-12191
-12558
-12920
-13432
-13433
-12532
-12019
-10965
-10227
-8635
-6686
-5278
-3120
-922
2292
4818
6420
8224
10280
12575
13103
13644
13631
13191
12490
11042
10125
8999
7610
5846
4196
3127
2121
1224
73
-1108
-1935
-2615
-3027
-3536
-3808
-4318
-4717
-4863
-4758
-4376
-4331
-3988
-3494
-2909
-2001
-1158
91
445
903
1846
2598
3138
2857
2853
2363
1978
1227
525
307
-488
-1308
-2286
-2533
-2343
-2495
-2700
-2900
-2997
-3105
-3043
-2854
-2640
-2727
-3128
-3314
-3196
-2843
-2455
-2282
-1958
-1497
-872
116
1296
2313
2991
3425
4469
6579
7960
8833
9041
9848
10857
10521
10140
9536
9866
8491
6401
5901
5917
6210
4000
2099
1796
1326
491
-1714
-2607
-3358
-4533
-6064
-7978
-8138
-8963
-10245
-11898
-13032
-12610
-12937
-12964
-13326
-12822
-11522
-11251
-10092
-9272
-7296
-5671
-4693
-2724
-1048
1410
3019
4800
6703
8314
10188
11067
11998
12323
12042
11842
10730
9711
8347
6989
5445
3890
2819
1567
394
-1124
-2431
-2682
-3213
-3808
-4185
-4033
-4047
-4336
-4037
-3741
-2996
-3012
-2996
-2438
-1844
-923
-195
699
1310
1852
2774
3545
4114
4271
4484
4380
3511
2777
2245
1625
376
-1075
-1964
-2845
-3626
-4342
-4789
-4820
-4820
-4829
-4668
-4108
-3438
-3160
-2850
-2610
-2213
-1984
-2042
-1957
-1521
-1266
-1134
-749
-175
172
771
1054
2490
4612
5898
7594
8525
10602
11954
12322
12314
11760
12137
10617
8891
7981
7503
6751
3513
1569
964
490
-727
-3047
-3293
-3875
-4477
-5128
-6548
-6659
-7579
-8808
-10519
-11616
-11166
-12005
-12744
-13868
-13481
-12171
-11669
-10557
-9632
-7360
-5731
-4355
-2033
113
2494
3295
4628
6245
7768
9268
9875
10566
10203
10048
9947
9392
8747
7551
6643
5412
4068
2974
2518
1887
168
-1448
-2229
-2395
-3126
-4282
-4751
-5105
-5150
-5431
-4903
-3667
-3479
-3088
-2570
-1155
87
1087
2137
2598
3362
3780
4469
4850
4863
4683
4049
3640
3087
2799
2429
1468
281
-928
-1391
-2394
-3184
-3850
-5005
-5791
-6370
-6169
-5939
-5789
-5442
-5348
-4946
-4526
-3947
-3301
-2800
-2474
-2189
-1174
-644
89
623
1102
1363
2376
4331
5974
7051
7493
9598
11123
11558
11594
11780
12781
11373
9476
9189
9532
9002
5867
3699
2914
2180
598
-1976
-2407
-3434
-4895
-6053
-7532
-7339
-8189
-9129
-10900
-12125
-11285
-11685
-12156
-13371
-13001
-11885
-11597
-10743
-9799
-7403
-5966
-4990
-2897
-661
1866
2947
4311
5787
7029
8683
9443
9977
9654
9388
8906
8137
7682
6746
5898
4355
3169
2340
1724
1025
-464
-1802
-2895
-3362
-3864
-4504
-5110
-5491
-5683
-5932
-5554
-4403
-3613
-3275
-2821
-1258
463
1896
2911
3643
4819
5510
6122
6425
6710
6903
6066
5628
4842
4455
3991
2846
1951
919
433
-438
-1337
-2261
-3286
-4091
-5037
-5442
-5726
-6005
-6154
-6280
-6189
-5936
-5360
-4916
-4416
-3905
-3411
-2736
-1729
-1079
-698
-514
524
2429
3865
5132
5678
7754
9371
9720
9994
10096
11521
10489
8665
8219
8552
8537
5973
3875
3158
2629
1360
-1515
-2307
-2904
-4116
-5443
-7374
-6947
-7527
-8523
-9925
-11184
-10595
-10856
-11225
-12030
-11971
-10871
-10388
-9535
-8923
-6803
-4946
-3921
-2194
-363
2532
3961
4929
6395
7948
9414
9832
10478
10423
10062
9493
8646
8081
7093
6151
5019
3683
2718
2032
1537
413
-1316
-2535
-3157
-3778
-4911
-5742
-6419
-7197
-7969
-7959
-7190
-6642
-6150
-5807
-4746
-2962
-1203
592
1651
2813
3902
4834
5964
6418
6547
6460
5924
5176
4808
4678
3913
2971
2067
1358
895
300
-282
-1011
-1725
-2755
-3446
-3594
-3874
-4156
-4764
-5017
-5125
-4786
-4454
-4208
-3866
-3541
-3034
-2736
-2025
-1424
-937
293
1648
3402
4921
6133
8135
9210
10168
10360
11042
11983
10444
9570
8872
9055
8077
5197
4118
3022
2182
10
-1791
-1862
-3330
-4565
-6130
-6948
-7065
-8023
-8614
-10327
-10750
-10599
-11228
-11268
-12331
-11499
-10958
-10690
-10022
-8838
-6144
-5081
-3669
-1752
670
2964
3858
5518
7000
8232
8779
8998
9707
9129
8657
7591
6905
6318
5182
4584
3540
2807
1719
1043
954
96
-715
-1944
-2623
-3176
-4135
-4526
-5354
-5842
-6681
-6947
-6518
-6139
-5578
-5408
-4425
-3093
-1593
52
1143
2649
3809
4842
5797
6353
7004
6684
6227
5684
5488
5203
4625
4020
3085
2464
1908
1564
813
-63
-557
-1381
-1968
-2632
-2926
-3175
-3737
-4144
-4712
-4654
-4589
-4468
-4164
-4194
-3896
-3838
-3184
-2692
-2249
-236
847
1952
2646
4188
6516
7149
7996
7938
9216
9549
8057
8186
8050
8267
6444
4016
3770
2983
2252
-174
-1633
-1825
-3307
-3877
-5447
-5920
-6376
-7414
-8096
-9598
-9164
-9458
-9821
-10245
-10995
-9895
-9505
-9098
-8530
-7205
-5236
-4163
-2415
-405
1999
3811
4808
6470
7682
8943
9348
9722
9969
9057
8680
7930
7212
6205
5234
4426
3086
2535
1831
1683
813
-299
-744
-1604
-2467
-3574
-4049
-5020
-6020
-6532
-7149
-7023
-6890
-6916
-6683
-6109
-5111
-4112
-2629
-1626
-528
795
1805
3007
3401
4214
4456
4328
4298
4162
4370
4010
3638
3115
2861
2800
2408
2075
1678
1558
1120
301
-75
-173
-589
-1515
-2126
-2460
-2850
-3167
-3196
-3122
-3042
-3050
-2852
-2203
-2023
-1749
-1642
-134
1142
2114
2668
3449
5480
6029
6400
6617
7668
8251
6661
6430
6829
7394
6125
3693
3277
2694
1999
-129
-1555
-1929
-3415
-4339
-6022
-6356
-6479
-7500
-8288
-9942
-9584
-9092
-9248
-9843
-10456
-9394
-8801
-8352
-7881
-6643
-4509
-3741
-2502
-740
1687
3739
4524
6241
7602
8932
9331
9970
10536
9758
9012
7903
7253
6085
4993
4199
2837
1998
1231
1004
975
314
-151
-768
-854
-1571
-2400
-2821
-3813
-4622
-6119
-6520
-6198
-6477
-6808
-6889
-5662
-4470
-3543
-2215
-1061
387
1419
2078
3200
3602
3863
3534
3074
2707
2324
2391
1711
1296
902
697
785
766
1141
1353
1558
1220
1158
1533
1195
541
-313
-970
-1471
-2051
-2382
-2657
-2769
-2841
-2670
-2020
-1725
-1372
-983
391
1749
2760
3331
3854
5600
5819
5718
5704
6531
6871
5068
4659
4907
5426
4461
2427
2281
1659
1343
-183
-1314
-1254
-2695
-3495
-4988
-5689
-5829
-7026
-7730
-9254
-9274
-9167
-9513
-9310
-9937
-8942
-8676
-8112
-7632
-6469
-4040
-3673
-2393
-1059
934
2694
3414
5067
6077
7382
8046
8938
9779
9398
9449
8729
8143
7273
6340
5667
4006
3170
2574
2076
1504
494
152
-572
-1104
-1715
-2387
-2716
-3515
-4103
-4973
-5025
-5047
-5499
-5354
-5319
-4770
-4037
-3233
-2081
-1148
-70
826
1485
2351
2890
3115
2896
2629
2289
1768
1352
701
134
-535
-1248
-1433
-1507
-1163
-1101
-1075
-650
-45
679
755
693
733
322
37
-515
-903
-1361
-1981
-2285
-2411
-2271
-1822
-1198
-678
912
2555
4211
5103
6125
7462
7546
8072
7428
7550
7223
5420
4815
4399
4671
3522
2087
1824
1011
1028
-120
-820
-1207
-2640
-2777
-4383
-5194
-5720
-6579
-7450
-9531
-9414
-9468
-9906
-10069
-10445
-9382
-9081
-8306
-7170
-5767
-3953
-3140
-1501
-300
1177
2655
3237
4335
4748
5713
6130
6717
7264
6949
7307
6724
6677
6322
5962
5637
4650
4087
3459
3181
2716
1728
983
107
-629
-1409
-2220
-2718
-3642
-4417
-4915
-4996
-4908
-5211
-5057
-5005
-4635
-3829
-3125
-2196
-1439
-596
377
1261
1990
2821
3280
2658
2609
2750
2422
1826
1309
745
-291
-869
-1179
-1587
-1928
-2180
-2236
-2227
-1652
-1195
-619
-293
-194
-40
29
346
106
-61
-149
-606
-669
-538
-184
13
981
2609
3711
4949
6187
7897
8679
8984
8937
8734
9049
7357
5732
5010
4619
3739
1358
170
-674
-1561
-2542
-3845
-3728
-3852
-4518
-5273
-5792
-5675
-6010
-6726
-8001
-8684
-8490
-8734
-9106
-9741
-9322
-8601
-8605
-7876
-6631
-4726
-3564
-2324
-621
1037
2600
3370
4606
5557
5868
6444
6701
7050
7028
6697
6154
5853
5820
5378
5395
4963
4538
4237
3973
3924
3437
2852
2094
1434
516
-342
-725
-1657
-2421
-3079
-3889
-4350
-4576
-4809
-5220
-4952
-4653
-4330
-3785
-3228
-2100
-1310
-506
289
938
1579
1872
2220
2133
1889
1657
969
438
-135
-695
-1446
-1973
-2299
-2638
-2703
-2943
-2909
-2554
-2256
-1862
-1558
-1166
-893
-684
-635
-850
-594
-668
-677
-840
-700
-484
227
2009
3341
4600
5508
7354
8865
9383
9866
10177
10644
9411
8015
7477
6737
5648
3428
1647
331
-805
-1959
-3282
-3787
-4564
-5247
-5769
-6294
-6155
-6177
-6343
-7332
-8092
-7609
-7453
-7615
-8192
-8079
-7571
-7321
-6814
-6003
-4096
-3035
-2254
-754
1055
2889
3528
4114
4973
5622
5868
5565
5656
5219
4686
4149
3402
3195
3009
2733
2470
2600
2662
2533
2672
2634
2240
1885
1519
1011
481
18
-687
-1078
-1248
-1728
-2214
-2443
-2546
-2909
-3237
-3166
-2796
-2604
-2409
-2010
-1708
-1174
-811
-517
6
252
269
510
771
828
888
770
168
73
-88
-603
-1000
-1344
-1228
-1514
-1848
-1740
-1542
-1285
-1281
-1300
-1160
-866
-740
-798
-768
-556
-406
-447
-346
-237
388
1523
2426
3187
4322
6149
7427
8144
8892
9751
10008
9237
8429
8132
7684
6057
4015
2325
1209
-19
-1570
-3030
-4028
-4845
-5630
-6235
-6964
-7033
-6971
-7588
-8333
-8306
-7858
-7745
-7927
-8004
-7674
-7252
-6832
-6090
-5137
-4106
-3135
-2031
-571
1145
2611
3555
4135
4621
5303
5458
5378
4904
4314
3786
3020
2665
2341
1892
1469
1236
1283
1399
1654
1663
1749
1485
1353
1529
1418
1284
748
332
30
-313
-577
-694
-736
-968
-1247
-1226
-989
-760
-725
-721
-579
-656
-615
-225
-194
-465
-212
64
31
141
178
182
-174
-444
-757
-732
-1023
-1603
-1775
-1926
-1761
-1790
-1739
-1375
-1307
-1100
-682
-356
-300
-270
-5
-137
-93
-52
-122
-213
-132
244
1086
2167
2883
3797
5110
6140
7037
7812
8430
8441
8141
7976
7756
7122
5861
4423
2939
1746
271
-883
-2160
-3527
-4717
-5644
-6109
-6855
-7279
-7658
-8181
-8570
-8525
-8089
-8243
-8162
-8107
-8002
-7643
-7101
-5948
-4848
-3945
-3014
-1450
269
1668
3004
4091
4747
5253
5651
6152
6242
5592
4713
3818
2993
2216
1566
1187
677
237
174
466
755
796
651
531
556
636
747
696
739
626
415
364
715
839
743
673
715
1086
1520
1669
1450
1359
1123
794
403
265
37
-477
-711
-902
-864
-1041
-975
-769
-1011
-1337
-1417
-1358
-1596
-2281
-2630
-2824
-3190
-3142
-3209
-3086
-3016
-2810
-2522
-2261
-1777
-1240
-701
-445
-148
239
349
786
1222
1781
2173
2544
3311
4009
4618
5257
6280
6702
6792
7002
7333
7828
7456
6504
5563
4578
3523
2163
792
-363
-1632
-2951
-4389
-5189
-5623
-5991
-6524
-7410
-7655
-7471
-6886
-6741
-6870
-6490
-6056
-5472
-5165
-4389
-3286
-2554
-1858
-1197
-23
1468
2521
3200
3760
4639
4984
4975
4964
4804
4197
3042
2148
1557
1193
314
-252
-701
-1028
-828
-875
-811
-839
-734
-694
-823
-695
-590
-503
-566
-714
-594
-241
-19
290
391
446
986
1571
1911
1968
2033
2042
2074
1806
1480
1386
1075
593
-57
-215
-206
-502
-556
-662
-803
-883
-965
-755
-922
-1171
-1293
-1706
-2066
-2256
-2179
-2469
-2927
-3005
-2828
-2284
-2195
-1928
-1458
-971
-734
-379
655
1547
2425
2997
3683
4156
4686
5438
5605
5964
5951
5828
5811
5513
5693
5259
4650
3863
2916
2274
1172
309
-542
-1545
-2448
-3383
-4220
-5072
-5749
-6505
-7198
-7409
-7843
-7858
-7766
-7660
-7286
-6989
-6141
-5470
-4530
-3298
-2307
-1121
287
1700
2439
3596
4562
5063
5408
5593
5649
5279
4524
3741
2860
2045
1172
564
92
-415
-600
-630
-410
-401
-552
-539
-499
-495
-707
-856
-661
-781
-835
-888
-1019
-704
-366
-298
138
572
1051
1828
2362
2698
2797
2972
2794
2442
1774
1265
689
221
-262
-703
-697
-804
-735
-806
-619
-551
-419
-223
-276
-97
-269
-296
-674
-1150
-1479
-1791
-2086
-2716
-3122
-3010
-2664
-2383
-2141
-1816
-1531
-1057
-309
593
1300
1800
2278
2715
3105
3383
3801
4528
4726
4751
5028
5588
6024
5571
4842
4434
3645
2570
1607
811
46
-1231
-2340
-3118
-3581
-4278
-5179
-5840
-6463
-6896
-6936
-7110
-7398
-7336
-6974
-6570
-6215
-5327
-4586
-3709
-2586
-1799
-342
1209
2252
3259
4155
5322
6074
6554
6780
6321
5702
4763
3714
2717
1663
897
-18
-913
-1528
-1456
-1282
-1402
-1557
-1181
-777
-593
-167
436
883
682
546
348
221
16
-274
-650
-915
-642
-372
76
568
839
1202
1466
1415
1394
1637
1436
640
170
-208
-471
-736
-1102
-1292
-1264
-1005
-810
-468
-213
-211
11
131
148
170
144
-80
-642
-1103
-1423
-1551
-1635
-1714
-1704
-1441
-1163
-949
-341
363
995
1339
1758
2321
2724
3128
3141
3092
3170
3085
3120
3268
3517
3901
3701
3419
3197
3166
2721
2083
1600
817
211
-837
-1726
-2460
-3265
-3985
-5058
-5775
-6210
-6394
-6598
-6837
-6957
-6911
-6548
-5976
-5337
-4888
-4022
-3138
-2244
-1111
-157
1084
1969
2731
3622
4463
5023
5121
5088
4896
4627
4230
3871
3346
2696
1858
1282
818
342
-36
-523
-835
-1124
-1146
-890
-657
-439
-188
-162
149
348
582
418
57
-201
-496
-596
-913
-830
-994
-1013
-930
-771
-353
-24
108
-156
-425
-538
-477
-669
-840
-1176
-1321
-1122
-934
-408
-2
346
593
717
987
1147
1142
889
551
112
-39
203
-39
-182
-289
-144
302
437
1049
1571
2047
2693
3092
3655
3756
3739
3672
3530
3347
3067
2851
2460
2228
1965
1928
1706
1142
802
552
360
-55
-216
-396
-855
-1387
-1989
-2486
-3134
-3883
-4562
-5046
-5918
-6373
-6387
-6643
-6931
-7084
-6753
-6404
-6106
-5648
-4966
-4131
-3107
-2092
-1437
-545
276
1072
1947
2515
3010
3323
3475
3489
3494
3706
3765
3537
3162
2836
2472
2349
2272
1882
1479
1350
1407
1583
1847
2110
2327
2470
2502
2446
2560
2413
2036
1427
973
559
140
-168
-362
-591
-881
-1014
-845
-792
-780
-878
-1153
-1365
-1517
-1296
-1530
-1742
-1774
-1735
-1535
-1117
-1022
-815
-473
-116
308
426
838
685
362
202
-136
-338
-729
-867
-1010
-1177
-1078
-989
-696
-273
358
814
1388
2218
2765
2999
3536
3888
3993
3994
3776
3568
3328
2780
2217
1806
1123
463
41
-209
-496
-784
-979
-1333
-1395
-1477
-1471
-1668
-2134
-2586
-2993
-2969
-3625
-4075
-4647
-5085
-5386
-5510
-5353
-5113
-4887
-4858
-4135
-3334
-2643
-1728
-1091
-506
-15
706
1494
1855
2050
2369
2454
2267
2585
2777
2860
2651
2439
2372
2141
2184
2129
1951
1839
1926
2262
2403
2425
2351
2284
2333
2342
2175
1856
1529
1242
821
558
150
-341
-787
-1183
-1398
-1589
-1430
-1454
-1613
-1763
-1892
-1522
-1612
-1632
-1588
-1717
-1482
-1462
-1090
-703
-464
-446
-253
220
598
768
631
809
612
261
149
87
-163
-437
-748
-705
-396
-361
-231
357
881
1016
1492
2003
2562
2607
2627
3021
3022
2993
3051
3313
3173
2793
2466
1840
1233
488
-149
-585
-1060
-1449
-1610
-1741
-1932
-2086
-2260
-2542
-2694
-2706
-2844
-3035
-3434
-3425
-3373
-3407
-3572
-3821
-3685
-3672
-3516
-3192
-2912
-2659
-2319
-1794
-1206
-603
-95
444
721
735
1046
1399
1784
2118
1973
2115
2124
2305
2225
2220
2028
1570
1330
1370
1712
1956
2175
2227
2275
2661
2866
2768
2860
2615
2238
1919
1580
1227
769
289
-565
-1049
-1300
-1278
-1323
-1548
-1883
-1984
-1445
-1446
-1468
-1695
-1630
-1788
-1855
-1524
-1242
-972
-1083
-669
-385
48
385
621
756
786
959
1009
934
840
772
575
266
3
-181
-184
-155
-101
250
391
935
1392
1701
2047
2364
2752
2797
2800
2667
2808
2772
2431
1991
1379
826
236
-306
-892
-1480
-1915
-2326
-2445
-2588
-2648
-2572
-2709
-2756
-2563
-2362
-2508
-2673
-2729
-2690
-2979
-3252
-3133
-3129
-3060
-2902
-2601
-2185
-1795
-1320
-1123
-842
-461
-229
95
183
360
643
937
1052
1318
1602
1732
1612
1905
2147
1991
2114
1988
2028
1921
2023
1966
2008
2038
1693
1796
2051
2269
2219
2379
2336
2376
2229
1904
1562
1207
847
330
43
-586
-917
-1291
-1699
-1949
-2214
-2245
-2155
-2183
-2145
-2079
-1665
-1532
-1364
-1176
-1233
-855
-590
-226
-123
184
356
453
647
543
855
1012
1011
831
933
877
711
721
588
495
566
478
659
854
946
1057
1201
1368
1238
1230
1526
1847
2084
2023
1848
1689
1361
1038
386
-40
-707
-1375
-1849
-2289
-2466
-2518
-2577
-2794
-3004
-2816
-2501
-2381
-2414
-2364
-2126
-2196
-2167
-2202
-2297
-2335
-2553
-2362
-2108
-1763
-1507
-1139
-776
-453
23
507
899
1113
1197
1350
1591
1396
1210
1204
906
702
638
604
626
535
638
515
790
1122
1201
1361
1330
1725
2307
2364
2442
2298
2209
2217
2053
1966
1637
1263
879
550
239
-52
-245
-638
-1026
-1177
-1218
-1202
-1222
-1237
-1284
-1187
-1081
-1236
-1209
-878
-796
-686
-705
-600
-124
-37
17
-85
175
424
432
841
998
1197
1145
1079
788
665
530
265
387
311
167
417
543
575
468
360
641
630
683
754
1115
1397
1366
1268
1002
1119
563
57
-124
-358
-557
-1094
-1317
-1655
-1548
-1850
-2139
-2224
-2261
-2179
-2140
-2014
-2064
-1959
-1979
-1713
-1728
-1732
-1752
-1840
-1641
-1548
-1318
-969
-900
-687
-234
97
391
816
1202
1424
1389
1418
1755
1592
1232
1040
847
562
101
-260
-445
-469
-548
-805
-596
-132
150
484
724
1007
1332
1486
1841
1958
1917
1992
1970
1778
1624
1382
1092
808
347
-47
-69
-47
-302
-450
-376
-81
-263
-324
-171
-84
79
119
189
-4
-27
-82
12
-28
-73
102
255
364
490
809
865
1028
1144
970
1053
932
884
520
332
346
-68
-398
-703
-732
-929
-1009
-1108
-1148
-1204
-988
-662
-445
-170
-39
84
-149
-63
-270
-265
-486
-603
-772
-1022
-1103
-1186
-1041
-1368
-1651
-1577
-1289
-1417
-1405
-1382
-1271
-1106
-1102
-1089
-1007
-922
-1208
-1272
-1384
-987
-577
-607
-294
-124
374
818
1130
1374
1667
1839
1777
1970
2254
2293
2046
1730
1522
1302
1169
668
285
-122
-609
-682
-704
-368
-385
-165
-51
169
668
976
1232
1154
1166
1228
1168
1068
968
479
-35
-521
-657
-754
-994
-1146
-1273
-1242
-1330
-952
-713
-910
-741
-612
-413
-243
-141
151
164
120
-46
21
146
122
94
336
662
758
1191
1404
1617
1552
1656
1800
1738
1614
1369
1412
997
703
305
172
-234
-718
-957
-914
-729
-793
-700
-682
-142
-75
-12
125
173
232
-30
-85
-226
-403
-602
-880
-1189
-1196
-1219
-1361
-1314
-1276
-1143
-1216
-1367
-1176
-1058
-1055
-1053
-1049
-916
-907
-1171
-1183
-1172
-1262
-1258
-1178
-1126
-735
-386
-75
240
555
781
754
1148
1432
1235
1401
1501
1336
1076
835
667
441
80
-150
-209
-255
-161
-289
42
296
503
857
1056
1428
1519
1636
1584
1252
1185
745
590
273
-47
-401
-604
-675
-774
-743
-800
-713
-723
-609
-298
-112
244
273
485
679
781
867
689
690
707
540
408
482
468
512
423
468
443
518
680
573
743
914
814
787
782
645
423
452
419
131
-11
-480
-910
-1017
-1217
-1573
-1753
-1491
-1597
-1431
-973
-754
-598
-717
-832
-1006
-1028
-1013
-1017
-1107
-1087
-1106
-1093
-1009
-1060
-1052
-909
-641
-661
-484
-32
360
241
98
335
364
150
-121
-47
25
-212
-401
-392
-241
-210
-356
-96
254
396
523
518
1082
1227
1120
1245
1428
1542
1377
1294
1097
1014
896
623
642
635
460
554
831
940
1025
1345
1451
1361
1197
908
757
745
379
-164
-492
-826
-1027
-995
-1253
-1356
-1203
-1136
-974
-811
-449
-223
-184
-146
85
336
236
157
130
135
1
-172
-184
-35
57
-71
-88
99
191
125
-21
-88
-131
-205
-5
-116
-172
-97
-184
-277
-261
-357
-353
-501
-693
-733
-914
-939
-1185
-1215
-1296
-1387
-1162
-1203
-1137
-987
-772
-668
-763
-714
-670
-792
-554
-459
-338
-151
-116
72
87
500
730
665
890
986
1213
1334
1477
1358
1169
1192
799
743
806
680
502
355
474
123
-38
-133
-194
-222
-355
-166
4
453
552
692
757
661
768
644
857
704
819
734
775
810
598
735
667
698
694
923
1026
920
793
750
686
186
-302
-514
-793
-1036
-1213
-1315
-1356
-1460
-1468
-1364
-1353
-979
-850
-724
-495
-344
-191
-41
98
23
4
-68
142
140
-27
-228
-222
-41
-348
-319
-161
-12
0
-141
66
318
345
199
357
399
428
439
302
307
298
45
-104
-405
-467
-502
-730
-683
-646
-802
-895
-870
-874
-1003
-1187
-1193
-935
-909
-924
-680
-525
-391
-506
-212
121
363
418
609
1044
1162
1222
1227
1176
1182
1211
1172
1028
821
652
472
194
73
-124
-145
-272
-474
-586
-729
-626
-791
-875
-905
-884
-958
-751
-591
-372
-305
-278
-88
110
151
291
398
638
867
973
1235
1408
1528
1420
1533
1632
1615
1523
1245
1172
1003
800
640
248
3
-77
-181
-402
-509
-456
-365
-517
-378
-126
45
110
138
378
393
387
378
411
318
251
213
260
319
133
74
-20
-152
-404
-405
-303
-571
-668
-573
-504
-431
-521
-421
-384
-341
-510
-555
-454
-715
-963
-1381
-1478
-1559
-1851
-1970
-2043
-2066
-2183
-2317
-2362
-2266
-2231
-2140
-2177
-2118
-1576
-1333
-1217
-906
-452
-60
314
604
821
1157
1499
1899
1915
1997
2204
2228
2333
2130
1944
2063
2018
1766
1491
1586
1707
1437
1275
1055
939
822
709
386
265
404
163
32
200
366
303
247
168
269
280
212
289
246
364
314
325
355
487
514
619
480
368
506
435
326
-82
-296
-369
-585
-755
-1031
-929
-1028
-1115
-1076
-894
-601
-729
-801
-579
-245
-419
-395
-399
-127
-128
-283
-126
-40
87
-46
59
53
19
-97
168
192
103
307
239
382
346
232
210
277
274
49
-67
-190
-182
-324
-417
-588
-921
-1012
-1088
-1235
-1468
-1304
-1385
-1595
-1647
-1611
-1604
-1749
-1708
-1523
-1438
-1500
-1167
-823
-542
-388
-369
28
407
402
465
565
887
999
1067
1149
1207
1308
1380
1454
1325
1444
1365
1442
1515
1463
1368
1362
1338
1088
1050
1230
964
717
792
690
607
478
268
191
126
58
-1
27
89
312
353
301
576
480
562
554
527
541
419
497
368
240
-35
-302
-320
-519
-430
-515
-688
-731
-840
-772
-719
-600
-964
-916
-706
-881
-805
-717
-418
-293
-583
-571
-402
-285
-362
-542
-345
-295
-173
-141
-51
51
63
65
-60
-16
20
176
8
64
100
39
-41
-20
-256
-129
-360
-422
-396
-620
-665
-956
-1067
-1384
-1569
-1593
-1559
-1627
-1686
-1663
-1421
-1269
-1014
-760
-512
-525
-324
52
461
396
439
758
996
924
810
1186
1294
1320
1382
1362
1561
1576
1606
1753
1878
1983
1785
1552
1616
1639
1420
1296
1273
1156
1000
885
982
1046
586
284
66
91
-152
-448
-326
-453
-674
-706
-451
-509
-695
-356
-335
-416
-197
3
-18
-103
-50
-438
-468
-600
-776
-878
-1003
-1030
-1151
-1076
-937
-931
-978
-841
-616
-353
-319
-269
-277
-258
-309
-398
-303
-372
-439
-435
-348
-261
-137
75
110
229
480
497
586
856
980
902
896
996
977
957
848
685
566
462
237
179
184
187
-64
-33
-151
-614
-708
-951
-1045
-1266
-1586
-1768
-1937
-1941
-2025
-1894
-1676
-1510
-1415
-1323
-955
-680
-407
-440
-233
37
109
26
184
357
139
223
495
638
690
763
940
1024
1165
1319
1328
1430
1454
1602
1705
1586
1651
1650
1584
1353
1219
1501
1540
1337
1173
1121
925
680
666
440
268
133
-32
-76
-188
-119
-20
-90
-125
115
91
110
-83
-256
-145
-304
-388
-524
-407
-530
-839
-934
-962
-1035
-1233
-1320
-1194
-1035
-971
-945
-605
-440
-484
-577
-636
-681
-776
-829
-892
-739
-783
-822
-507
-191
-135
-222
-94
189
353
357
439
719
902
806
725
725
640
483
288
343
235
162
-18
35
-154
-343
-181
-432
-427
-578
-736
-869
-858
-894
-1105
-1113
-1093
-1043
-951
-814
-740
-558
-523
-261
-179
-115
123
226
328
334
312
331
358
245
317
323
367
586
604
577
834
1035
879
872
1091
1157
1137
1006
1097
1282
964
886
886
981
782
498
567
660
386
194
305
181
74
-143
-107
-194
-119
-92
-138
55
34
-38
-20
162
54
-169
-169
-86
-203
-315
-444
-468
-473
-507
-541
-587
-426
-530
-552
-474
-364
-412
-258
-226
-422
-440
-391
-376
-482
-510
-544
-545
-575
-430
-160
78
64
67
327
417
307
492
799
771
736
737
