-17
-7
-28
-32
-40
-43
-36
-58
-66
-73
-61
-62
-55
-52
-31
-27
-30
-45
-16
-29
-49
-51
-61
-52
-52
-54
-40
-29
-34
-38
-48
-45
-26
-40
-50
-35
-27
-5
-7
-12
-6
19
23
-19
-19
9
21
4
5
7
37
33
11
4
10
0
-7
7
5
18
19
3
3
31
54
26
26
44
37
13
24
41
30
23
58
63
62
93
63
71
54
42
38
9
48
40
30
52
26
50
36
15
-19
-9
-6
-23
4
10
21
-1
-22
2
-22
-41
-20
-5
-4
-63
-59
-21
-54
-108
-85
-75
-89
-93
-99
-95
-89
-62
-102
-79
-91
-73
-52
-55
-69
-56
-35
-76
-41
-40
-24
-45
-43
-1
-7
-23
3
31
23
29
42
33
52
76
36
42
71
61
69
81
99
90
80
92
80
65
81
69
96
89
79
66
54
90
46
70
58
55
69
62
73
57
48
14
8
30
39
28
7
15
26
6
-5
-12
-23
-22
-18
-26
-29
-28
-34
-28
-42
-39
-57
-60
-40
-91
-77
-63
-61
-66
-75
-56
-55
-52
-41
-16
-12
-6
-15
-32
-27
-20
-68
-66
-25
-14
1
-18
-12
-2
-18
-36
-22
-39
-33
-35
-35
-29
-22
-13
-10
-10
-27
-11
-5
0
23
26
19
2
-3
10
9
-21
-44
-10
-7
-31
-26
-22
8
-2
20
20
2
37
55
29
38
50
47
6
18
32
17
35
15
34
29
26
13
-1
10
18
17
10
28
26
27
24
21
33
24
10
27
40
-2
-2
28
3
25
-13
7
16
10
-5
16
51
34
15
-12
54
28
10
5
-7
-7
-36
7
-6
-10
-17
-15
21
7
-26
-19
-19
-37
-45
-44
6
-41
-47
-4
20
-15
-9
5
10
4
-26
18
-12
-29
-20
1
4
-17
-19
-2
6
14
11
15
2
-6
-7
-27
-24
-19
3
-16
-18
-12
-40
-23
-26
-29
-16
-15
11
0
-14
-18
10
24
-34
-9
9
34
33
-8
33
46
19
8
-20
-4
-5
19
35
-2
42
33
33
-4
17
26
2
-7
-8
10
34
28
3
33
46
38
15
17
19
11
-21
-48
-47
-27
-17
-41
-52
-41
-24
-42
-54
-52
-34
-17
-26
-51
-22
-16
-28
-42
-39
11
-14
-27
-2
-16
-12
-14
-25
-6
-10
-3
-1
50
20
6
48
25
24
14
6
22
34
35
29
38
36
10
-5
2
18
15
17
36
22
36
11
20
27
4
14
19
27
13
6
34
7
-5
23
14
13
-5
-26
-5
-8
1
-11
-15
-12
-6
-9
-11
-9
-27
-30
36
203
266
257
225
124
-66
-291
-262
-231
-191
-155
-96
9
86
134
75
34
-100
-172
-187
-211
-183
-93
17
42
45
52
21
-48
-105
-158
-173
-192
-191
-164
-129
1
136
223
252
279
253
183
160
29
-43
-31
-21
5
-8
119
185
179
111
78
77
20
58
120
168
181
181
174
126
103
36
36
-20
-98
-122
-122
-104
-141
-74
-48
-20
-17
-16
-15
-14
-10
-43
-40
-47
-49
-51
-96
-51
-62
-92
-96
-122
-135
-143
-110
-84
-62
-57
-7
4
-36
-39
-31
-31
-89
-67
-27
-41
-47
0
0
-23
-17
5
16
-44
-40
-5
20
62
42
77
92
58
32
60
86
37
18
48
116
118
70
69
107
85
58
43
48
50
-4
-5
15
40
-8
-24
52
36
-5
-33
-19
-34
-94
-110
-69
-55
-71
-67
-42
-5
-15
-38
-64
-19
-5
-52
-54
-32
-39
-42
-21
-9
5
-17
-14
-33
-9
-25
-23
-19
-7
2
-5
1
10
32
32
33
19
41
27
3
-13
-10
37
-8
-19
27
41
31
37
62
58
54
30
11
20
1
-5
-1
4
36
46
65
66
68
83
64
30
37
41
82
79
75
86
86
115
110
98
116
146
134
121
105
111
79
55
63
17
15
9
-25
-38
-63
-58
-104
-103
-76
-110
-138
-126
-100
-129
-121
-151
-185
-194
-214
-204
-173
-146
-144
-167
-147
-142
-130
-123
-44
65
115
203
255
236
109
-25
-140
-234
-276
-270
-207
-100
-37
14
60
57
1
-87
-96
-116
-130
-99
-30
32
101
106
49
14
-27
-116
-159
-157
-175
-170
-122
-86
-13
100
187
239
281
280
239
137
55
32
-2
-12
-19
16
38
64
72
69
103
57
67
110
117
133
192
212
196
169
120
126
106
61
77
144
103
119
293
466
539
552
514
373
230
66
9
-59
-145
-142
-67
2
-20
-41
-67
-111
-208
-313
-374
-362
-297
-230
-117
-22
32
41
-22
-78
-183
-275
-407
-489
-518
-501
-450
-381
-229
-85
33
97
115
52
49
0
-62
-96
-119
-34
-34
-11
13
-6
-38
-147
-192
-178
-177
-166
-101
28
107
145
217
296
317
245
215
203
105
-14
-48
-24
-71
-93
-60
-21
-7
-13
4
52
91
84
124
158
178
175
221
262
254
239
358
593
655
572
398
133
-276
-649
-735
-723
-569
-427
-237
30
270
401
282
189
-19
-185
-328
-464
-362
-210
-61
5
88
35
-85
-180
-320
-392
-444
-509
-517
-361
-172
63
322
501
627
685
523
310
146
-109
-299
-345
-332
-288
-131
65
170
257
208
162
117
62
96
178
241
221
234
192
140
73
9
22
-49
-154
-223
-136
162
535
859
974
1014
962
647
301
146
110
-117
-331
-259
-67
-7
-124
-78
-2
-197
-411
-514
-556
-591
-436
-146
36
197
282
282
128
-60
-182
-391
-653
-858
-889
-837
-772
-525
-250
85
278
283
313
322
232
-13
-86
-122
-185
-112
-48
18
-1
-54
-89
-209
-315
-307
-281
-249
-145
6
143
223
298
402
418
329
258
149
30
-108
-161
-162
-169
-140
-132
-101
-114
-147
-104
149
515
678
680
613
348
-81
-330
-387
-378
-357
-347
-176
13
166
126
-2
-129
-319
-388
-473
-527
-307
-47
69
183
310
255
147
73
-52
-137
-229
-308
-308
-201
-40
146
358
496
661
689
487
358
184
-19
-146
-161
-171
-100
113
195
246
303
295
211
106
32
5
-9
-8
119
209
220
290
496
865
1260
1419
1248
1046
717
32
-413
-430
-389
-519
-504
-135
192
229
80
131
30
-327
-633
-736
-738
-689
-445
-90
221
374
376
310
139
-233
-646
-1004
-1332
-1576
-1545
-1364
-1056
-554
12
500
654
687
686
526
144
-172
-279
-352
-344
-225
-71
16
18
-27
-173
-405
-567
-688
-711
-668
-507
-201
106
409
693
908
933
818
626
349
51
-257
-437
-483
-403
-309
-201
6
133
347
719
958
891
659
392
-29
-392
-463
-324
-63
85
279
531
643
604
391
143
-184
-391
-563
-687
-607
-406
-159
52
283
335
210
126
20
-142
-287
-456
-557
-556
-406
-183
26
273
570
687
522
334
181
-99
-328
-415
-497
-429
-240
-101
-62
101
309
356
347
257
185
62
-35
-50
27
66
98
209
516
1155
1726
1830
1653
1437
814
-102
-550
-503
-470
-648
-455
129
525
457
312
335
106
-352
-761
-898
-822
-624
-182
361
801
944
923
845
392
-244
-897
-1396
-1793
-2058
-1964
-1655
-1088
-371
432
940
1033
1101
1048
664
8
-410
-492
-568
-561
-414
-166
-10
-85
-207
-468
-788
-1079
-1179
-1108
-1034
-717
-309
129
492
784
1001
997
816
492
107
-370
-777
-944
-928
-897
-787
-456
-184
170
760
1132
1179
1041
704
150
-326
-486
-455
-220
-1
208
480
744
806
548
291
-65
-298
-506
-759
-675
-353
-79
190
556
605
432
456
251
-63
-332
-501
-615
-555
-287
20
413
663
924
984
691
449
258
-144
-468
-500
-454
-326
-87
78
219
374
354
135
-8
-153
-206
-122
-36
141
344
428
610
1216
1974
2278
2082
1652
1198
302
-787
-1263
-950
-767
-911
-419
420
888
578
261
177
-296
-960
-1423
-1342
-1240
-932
-168
542
1051
1199
1219
1057
556
-270
-1095
-1583
-2037
-2336
-2260
-1783
-1057
-276
624
1166
1325
1423
1329
796
42
-313
-295
-336
-325
24
358
358
101
-161
-467
-817
-1099
-1286
-1321
-1322
-1021
-484
139
567
880
1142
1074
846
500
119
-345
-850
-1064
-1220
-1218
-791
-31
431
465
460
285
-142
-578
-784
-772
-613
-431
-169
353
742
868
850
456
-26
-372
-690
-924
-752
-428
-203
87
366
214
212
368
292
141
24
-72
-193
-153
24
349
703
1103
1363
1271
1044
798
471
10
-224
-346
-593
-479
-136
142
493
788
716
377
157
116
134
290
456
440
291
146
162
143
597
1685
2440
2370
2129
1998
1099
-232
-1001
-1069
-1229
-1755
-1630
-636
301
393
272
460
190
-609
-1284
-1399
-1244
-1141
-630
196
718
743
938
1268
944
86
-639
-1054
-1799
-2642
-2798
-2373
-1721
-891
80
929
1358
1622
1705
1250
471
-65
-181
-319
-421
-197
386
757
535
165
-166
-501
-1093
-1473
-1551
-1656
-1524
-1054
-380
142
657
1335
1671
1508
1105
778
371
-267
-726
-729
-353
-178
-316
-453
-788
-1157
-1330
-1304
-1142
-956
-738
-323
289
747
951
993
933
589
191
-126
-508
-728
-616
-461
-524
-626
-639
-497
-411
-307
-138
-4
7
60
115
219
579
1000
1212
1244
1201
981
698
362
29
-141
-161
-76
-34
129
292
413
379
91
-6
-35
84
331
697
976
1011
1003
825
469
485
1235
2330
2928
2816
2655
2445
1589
537
28
-129
-716
-1435
-1523
-1097
-829
-1042
-995
-851
-1086
-1565
-1934
-1773
-1417
-787
88
789
1149
1173
1390
1372
784
-10
-567
-1090
-2137
-3015
-3122
-2742
-2166
-1491
-527
366
872
1172
1223
1065
647
390
304
56
-84
204
677
695
301
-25
-313
-827
-1450
-1586
-1578
-1569
-1223
-687
-149
311
980
1601
1625
1287
949
712
294
198
635
782
649
171
-611
-1547
-1947
-1858
-1562
-1018
-737
-389
91
520
446
200
74
-243
-247
-400
-769
-508
122
446
521
582
134
-320
-658
-1256
-1547
-1424
-1037
-785
-405
377
1211
1873
2050
2017
1612
861
148
-576
-1349
-1576
-1181
-795
-144
703
1291
1718
1858
1371
703
358
116
-123
-161
-32
205
530
609
455
508
1516
3002
3604
3132
2721
2486
1088
-423
-662
228
699
217
134
835
1329
407
-793
-1255
-1736
-2778
-3809
-3930
-3344
-2214
-731
682
1740
2286
2723
2767
1729
358
-513
-1009
-2229
-3502
-3552
-2654
-1652
-868
366
1424
1726
1464
677
-421
-1548
-1829
-1572
-1391
-931
13
1256
1715
1265
792
571
142
-1012
-1839
-1949
-1702
-1288
-798
-90
491
1161
1657
1570
1044
495
122
-392
-349
272
562
655
432
-456
-1448
-1666
-1466
-1324
-860
-580
-226
525
1031
983
1041
1056
586
259
-420
-1163
-1096
-786
-935
-1037
-738
-741
-735
-453
-379
-410
-184
-26
-195
-204
225
923
1535
1942
2397
2365
1727
924
-190
-1575
-2377
-2618
-2891
-2515
-1550
-630
205
967
1430
1681
1960
1858
1493
1129
784
714
1029
1147
965
1704
3165
4070
3751
3158
2765
1241
-1066
-2614
-2445
-1614
-1511
-1281
113
1923
2079
1047
140
-205
-651
-1879
-2868
-2932
-1744
-532
-61
471
1132
1495
1117
228
-877
-1650
-1697
-2112
-2842
-2917
-1862
-484
631
1785
2654
3080
3013
1926
54
-1635
-2344
-2676
-3190
-3001
-1957
-536
519
929
941
998
935
-96
-1229
-1667
-1365
-585
116
1014
1766
2453
2647
1919
866
-23
-843
-1970
-2238
-1684
-1256
-657
-125
-211
-716
-633
-470
-315
67
163
254
831
1324
689
196
45
-125
-195
-542
-832
-664
-450
-905
-1478
-1895
-2340
-2262
-2204
-2004
-1320
-507
454
1171
1855
2577
3279
3516
3134
2563
1587
299
-947
-1901
-2581
-2671
-2479
-2226
-1703
-1184
-539
92
445
445
629
1082
1343
1653
2115
2173
1986
1796
1401
2032
4050
5953
6149
5149
4132
2226
-762
-3485
-4334
-3635
-3192
-2893
-1401
1505
2896
1658
72
-650
-1298
-3202
-4928
-4807
-3075
-848
848
2664
4403
5350
5049
3485
1294
-1289
-3259
-4816
-6331
-6770
-5512
-2872
-559
1527
3485
4776
5102
3889
1733
-223
-1377
-2292
-3015
-2652
-1177
461
1474
1390
692
-71
-954
-2242
-3528
-3811
-3420
-2688
-1526
260
2143
3756
4990
4875
3632
2255
750
-1456
-3594
-3793
-2707
-1709
-1210
-826
-712
-927
-1119
-1754
-1442
-344
-156
28
1181
2424
2417
2132
1765
604
-70
-419
-989
-1351
-1147
-1205
-1954
-2443
-2814
-2828
-2362
-1690
-1126
-633
402
1394
2293
3248
4325
4824
4584
4007
2684
1048
-490
-1781
-3246
-4276
-4797
-4994
-4314
-3148
-1839
-543
689
1524
1909
2412
3113
3882
4118
3733
2873
2319
3885
6264
7481
6769
5136
2978
-951
-4988
-6989
-5750
-4033
-3704
-2195
1712
5194
4416
1683
423
-361
-2696
-6687
-8325
-6370
-3243
-787
1390
5020
7546
7564
5745
3137
290
-2943
-5370
-7738
-9110
-7746
-4328
-424
2575
5639
8225
8855
6926
2989
-508
-3090
-5026
-6261
-5913
-3074
-155
1846
2699
2605
2008
405
-1661
-4345
-5879
-5918
-5339
-3938
-1714
1785
5111
7148
7739
7027
6062
4126
445
-3497
-6237
-6514
-5821
-4890
-3274
-1621
-471
-822
-1323
-1481
-333
1127
1523
2029
3349
5023
5301
4627
3101
1513
652
-1185
-3515
-4259
-3435
-3342
-3838
-4008
-4206
-3874
-3206
-2955
-2497
-889
1109
2364
3594
5312
6856
7443
7088
6089
4161
1997
-203
-3295
-5912
-7037
-7144
-6660
-5051
-2894
-1342
-189
526
394
131
536
1301
1856
2487
3319
4377
7648
11870
14116
13146
10529
6777
179
-6902
-11293
-11631
-10764
-10758
-9058
-3940
1658
2843
1644
2132
2855
890
-3426
-5109
-3284
-896
773
2325
5458
7553
7565
6011
3119
-385
-4494
-7366
-10143
-12008
-10579
-6319
-1594
2113
6338
10403
12083
10358
6623
3393
352
-3135
-6121
-6208
-3880
-1645
451
2291
3166
2228
299
-2258
-5298
-7058
-7115
-6659
-5870
-3644
284
4348
7249
8658
9212
9180
7314
3103
-1542
-4089
-4311
-4486
-4246
-3587
-3292
-3918
-5528
-6761
-7392
-6175
-4165
-3301
-2003
1321
5413
7670
8600
8305
6972
5353
2326
-1388
-3598
-3824
-4667
-6165
-6521
-6305
-5538
-4503
-3664
-2933
-1887
-578
244
1697
4423
7517
9684
10400
10254
8759
6256
3394
-390
-3405
-5337
-7107
-8517
-8271
-6319
-4261
-2185
-251
945
1350
1731
1754
1831
2122
2494
5341
10093
13959
14848
14459
13705
9246
1942
-4173
-6524
-8144
-11547
-13205
-10047
-4346
-2636
-3896
-3166
-1034
-1275
-5264
-7753
-6225
-3459
-1285
761
4617
8354
10210
10092
8206
5428
1589
-2384
-7359
-12589
-14196
-11990
-7974
-4370
535
7102
11331
11748
9097
6636
4010
-309
-4477
-6031
-4518
-3022
-1248
1733
4318
5575
5265
3924
560
-3744
-6469
-8692
-10900
-11215
-8046
-3335
379
3643
6702
9275
9740
7544
4813
2474
292
-1345
-1553
-1027
-1246
-1611
-2233
-3438
-4928
-5567
-4643
-5027
-6791
-6108
-2738
-632
-238
1350
3293
4780
5304
4485
4627
5830
5458
2123
-1045
-3324
-6076
-7461
-7716
-7850
-7420
-5699
-4189
-3222
-159
4404
8270
10239
11213
11076
9164
6551
3400
-15
-2493
-4202
-5775
-6492
-5666
-4549
-3582
-2280
-1625
-1688
-1063
9
408
1014
2753
6844
11978
15315
15784
14745
13256
8556
1717
-3439
-4576
-5115
-8268
-9579
-5827
-352
-121
-3610
-4379
-3363
-5301
-10827
-13376
-10474
-6755
-4304
-1694
3812
8933
10974
11487
10394
7735
3356
-1043
-6102
-11496
-13256
-11190
-7890
-5211
-730
5403
9518
9808
7637
5964
3224
-1620
-5694
-6516
-4701
-3328
-1130
2931
5180
5434
5396
5364
3135
-416
-2701
-5541
-8792
-10532
-9142
-5776
-2674
1326
5130
7902
8199
6327
4388
2401
457
-2258
-3381
-3662
-4617
-5231
-4868
-3167
-1632
684
1910
983
852
2585
3368
1514
295
16
-1373
-3261
-4464
-4103
-2177
-324
-563
-1383
-1229
-2023
-3514
-3364
-2290
-1641
-581
14
-616
-582
1795
4342
5583
7212
8754
8742
7152
5081
3140
822
-1796
-5399
-8108
-8332
-7965
-7229
-5439
-2819
-801
571
2260
3852
5334
5787
6942
10848
14431
14480
11536
9966
7890
2329
-3335
-5232
-3538
-4202
-7342
-6474
-1012
1467
-2702
-5971
-5038
-5194
-9335
-12975
-10979
-6659
-3515
-1127
2716
7231
8623
8068
6557
4076
1038
-1715
-3962
-7606
-9974
-8460
-5224
-2926
-70
4733
7875
7794
6499
5181
3460
610
-1900
-2524
-1846
-1427
-850
1700
3059
1762
656
731
-60
-2689
-3855
-3689
-4685
-5401
-4534
-2847
-1797
-106
2737
4400
4760
4614
4625
4707
3782
1769
-764
-2503
-4827
-8062
-9761
-9636
-8224
-6519
-4486
-2430
170
3721
5587
5488
6246
7820
7550
4662
2235
1016
-476
-2668
-4521
-4783
-4537
-4856
-6090
-7245
-7533
-6699
-5147
-3509
-1284
1141
3595
5820
7124
8251
9808
10645
9718
7939
6121
4237
1967
-387
-2626
-4279
-5515
-7424
-9513
-10545
-9958
-8122
-5346
-2148
1313
4740
8135
12653
16419
17531
16276
14303
11492
5987
431
-2799
-3684
-5130
-7191
-6395
-2924
-903
-3437
-6250
-6408
-7625
-11558
-14666
-12866
-9006
-5868
-2602
1552
7013
10482
12006
12212
10823
8059
3212
-2012
-7743
-11675
-11674
-9212
-6345
-3020
2018
5821
6541
5991
5224
3693
1088
-1767
-3014
-2846
-1423
856
4028
6995
7348
6049
4269
1973
-1661
-4821
-5999
-6285
-6907
-7254
-6324
-4829
-2513
-180
1272
2399
3868
4108
3245
3184
3394
2808
1230
-1348
-4306
-6727
-7966
-7682
-7677
-7698
-6902
-4181
-1422
292
1471
2805
4913
4897
3664
3029
4027
4037
2361
447
-1835
-3243
-4131
-4769
-5409
-5317
-5041
-5354
-5911
-5378
-2885
449
3651
6233
8488
9687
9968
9539
8629
7675
6429
5112
3180
832
-1325
-2653
-3959
-5561
-6690
-7677
-8280
-8334
-7379
-5285
-2726
1943
9354
15782
18048
17218
17112
15211
9411
2537
-928
-1603
-5395
-10119
-9010
-2701
-84
-3561
-4793
-3134
-4557
-10537
-15198
-13801
-10626
-8715
-7093
-2674
3821
7517
9630
11184
11587
10359
7361
3278
-2575
-6253
-6190
-5897
-5929
-4234
-25
3117
4251
5256
5643
5432
3312
322
-1848
-2216
-1642
-1410
660
2540
2385
2144
2745
2510
183
-1234
-1654
-2567
-3843
-5135
-5256
-3885
-1907
-1162
-1127
416
2631
3686
3690
3045
2027
-534
-4446
-8057
-10311
-10256
-9573
-8450
-7115
-5411
-3138
-950
697
1447
2858
4622
5348
4840
3971
4655
5033
3928
2006
31
-1248
-3539
-5831
-7164
-6816
-5716
-5387
-4883
-4066
-1830
907
3466
5842
8275
10104
9891
8378
7051
6386
5879
5577
5239
4343
2933
1219
-1092
-3491
-5133
-5933
-6400
-6797
-6687
-5920
-4393
-3101
-75
7097
14109
16766
16002
15577
14266
9093
3048
668
925
-2246
-7377
-6779
-975
1273
-2948
-5337
-3733
-5492
-12258
-17538
-16087
-11949
-9606
-7915
-3998
1973
5484
6839
8301
9598
9832
7342
3736
-1419
-5151
-4686
-2968
-1742
-254
2900
5115
4589
2984
1690
1108
-242
-2670
-4420
-4179
-2492
79
3667
6280
6276
5651
5635
4856
1875
-761
-929
-683
-2285
-4614
-4937
-2963
-1333
-1507
-1701
67
1671
2056
2445
2843
3623
2577
-135
-4353
-7390
-8097
-7914
-7912
-8500
-8366
-7221
-5774
-5187
-3968
-705
2406
3612
3913
4192
4674
5188
5223
4544
3732
2296
-968
-4378
-6884
-8124
-8779
-8921
-8383
-7655
-5759
-3181
670
4944
8362
10261
10094
8660
6719
5133
4178
4659
5207
5640
6058
5322
3899
2111
-227
-3228
-5943
-7872
-9020
-8777
-7257
-4797
-691
6647
14023
17585
17498
16205
14143
8563
1991
-1336
-902
-1641
-4785
-4472
411
3723
709
-2742
-2953
-4796
-10777
-17339
-18283
-15160
-12302
-9754
-5292
1241
5814
7851
8907
9152
8267
5237
1215
-3862
-7262
-6384
-3265
513
3750
7436
10528
10259
7197
2499
-883
-3799
-7691
-9867
-9281
-5898
-1680
3176
6968
8593
9351
8913
6719
2541
-902
-2610
-3117
-3549
-3946
-1968
2014
4355
3578
2108
1412
364
-1367
-2510
-2520
-1684
-1615
-3303
-4971
-4969
-4797
-5064
-5365
-6107
-6554
-6995
-6915
-6394
-5260
-3086
-94
2638
3844
5082
5857
5564
3389
524
-1354
-2847
-4304
-5947
-5922
-4770
-3683
-3578
-2992
-1677
-1105
-758
409
2691
4378
5654
6790
7281
6869
6309
6290
5946
5733
5141
4278
4017
3186
1072
-1238
-2941
-4203
-5163
-4948
-4155
-3742
-2656
1679
8484
13259
14846
15156
15671
12749
6101
999
373
-159
-4303
-6754
-2814
2342
1687
-1951
-2074
-1270
-4748
-11657
-16456
-15789
-13681
-12761
-11551
-7440
-1603
2029
3856
4732
5585
6229
4794
611
-4472
-5975
-4215
-1969
491
3809
8494
11308
11184
8555
5549
3263
-449
-5410
-9338
-9773
-7302
-3809
-253
2943
6230
9534
10340
8489
6170
4664
2610
-254
-3154
-4382
-2557
25
1925
2776
4330
5344
3883
1754
-176
-622
-1390
-4135
-7428
-8568
-7870
-7561
-6765
-4915
-3432
-3627
-4428
-4930
-4817
-4131
-2918
-1464
521
2225
3453
4532
4569
3322
1407
-910
-3875
-6688
-8793
-10269
-9957
-8321
-6222
-3788
-1049
1026
2518
4111
5417
6338
6446
6054
5839
5590
5041
4298
3756
3802
3683
2952
2415
1447
-140
-1332
-2334
-3424
-4302
-3724
-2465
-1858
2016
9261
14720
15874
14878
14872
12278
6131
890
76
503
-3245
-6265
-3191
2350
2303
-2266
-3431
-2736
-4822
-10922
-15132
-14416
-12700
-11646
-10733
-7540
-2946
1004
3628
3944
3966
4229
3575
-25
-4871
-6529
-5333
-3215
-1001
2043
6283
9848
11073
9059
6095
5040
3336
49
-4095
-6174
-5358
-4210
-3456
-2863
129
3689
4734
4507
4649
5687
5283
3037
1656
1047
1280
1399
2023
3667
5709
6882
5692
3731
696
-2034
-4208
-6850
-9008
-9389
-7874
-7105
-5684
-3188
-1446
-1440
-3017
-4466
-4892
-4114
-3444
-2196
477
3057
4847
6015
6872
6150
3995
851
-2884
-6832
-10452
-12455
-12818
-11576
-9038
-5346
-1199
2171
4385
5519
6321
6201
4800
2884
1548
1045
914
1459
3075
4362
4261
3498
2804
1996
87
-1993
-3431
-4053
-4511
-4490
-3595
-1846
3374
10204
15147
15885
14910
14659
11120
4669
-732
-758
87
-3549
-5530
-912
5832
5470
1046
-334
-950
-4507
-11671
-15802
-14665
-12482
-11474
-10767
-6954
-2250
1247
3761
4235
4191
3464
1960
-1323
-5695
-6449
-4236
-1897
-65
3042
7811
10926
10553
7424
4596
2413
-1147
-4684
-6410
-5835
-4008
-2081
-1388
-1212
345
2489
2771
807
270
2430
3113
1578
623
2564
5585
6405
6408
6804
7581
7036
4147
1180
-920
-2030
-3134
-5537
-7428
-7563
-6440
-5822
-5083
-3226
-1311
-963
-2994
-4752
-4776
-3460
-2223
-1794
-811
1021
3449
4604
4727
5113
4722
2686
-1356
-5087
-7677
-9119
-9874
-10547
-10297
-8234
-4666
-1569
1122
4578
7663
8588
7369
5383
3472
2397
1431
827
1174
2100
3384
4147
3703
3161
2892
1708
-1113
-4238
-5653
-5563
-5178
-2807
4163
11899
15643
15553
15532
14496
9829
4020
750
-469
-4307
-8904
-9056
-3677
763
132
-681
-289
-1165
-5773
-11649
-12957
-10601
-8500
-8725
-8588
-5342
-1796
-14
699
1516
2053
545
-2859
-7074
-8472
-6531
-3487
-181
2593
6822
10632
12347
11301
8831
7014
3885
-634
-5028
-6633
-4620
-1318
706
734
705
1416
299
-2404
-4049
-3038
-1177
-1267
-1065
1364
5758
8540
9426
11518
13706
13769
10492
6219
2914
196
-2342
-5983
-8915
-9171
-8591
-9187
-9089
-6503
-3269
-2112
-3188
-4386
-3459
-2171
-1425
21
1562
3451
4104
4357
4133
4425
4532
2648
-753
-5329
-8805
-10918
-11969
-12127
-11543
-9048
-5599
-3072
-759
2950
7002
9066
8602
7790
7231
5212
2503
547
499
772
497
194
217
338
-464
-1102
-906
-584
-524
-1150
-1363
-1665
61
6094
12286
15163
14339
14533
13599
7961
1858
-339
1023
-1801
-7391
-7701
-2178
1613
-1126
-2968
-1821
-2413
-7199
-13277
-14180
-11007
-7144
-5527
-4708
-1426
2394
4272
2333
-97
159
-566
-4312
-9648
-11513
-8570
-4819
-1338
2123
7710
13051
14592
12525
9169
7058
3646
-1317
-5678
-7373
-5620
-3043
-1350
-289
1460
3336
2819
153
-2095
-2309
-2268
-3028
-3091
-1325
1786
4324
6237
9386
12627
13571
11992
8796
4602
241
-3678
-7067
-9672
-10820
-9924
-8318
-6318
-3694
-1547
-689
-2176
-4197
-5291
-5858
-5393
-3897
-1197
1203
2854
4856
6871
8308
8535
6701
3452
-710
-5270
-9567
-11606
-11224
-10116
-8293
-5868
-2630
88
2428
5140
6371
6075
4753
3524
2703
1637
1328
1519
1855
1613
1033
1364
1930
1876
916
-8
-614
-1757
-2119
-1981
-416
5004
11043
14527
14377
13896
13081
8631
3034
-228
447
-551
-4929
-6425
-2670
1232
263
-1934
-2127
-2293
-5302
-10890
-13604
-12457
-9519
-7404
-6890
-4065
247
3277
3615
2460
2086
707
-2640
-7544
-11141
-11189
-8866
-5885
-3036
1647
7516
11750
13156
12443
10629
7301
2762
-2346
-5760
-5697
-3848
-1872
-810
217
1696
1919
1189
-210
-1272
-2360
-4303
-5908
-5966
-3592
191
4463
8653
12243
14444
14168
11428
8377
5352
1890
-2081
-6460
-9078
-9692
-8553
-7046
-4450
-929
486
-282
-2076
-3627
-4794
-5240
-4559
-3397
-2169
-549
1344
3503
5595
7553
8259
6831
3796
-404
-4253
-7847
-9441
-9757
-8839
-6776
-4995
-2881
-824
1873
3760
4615
4748
3854
2585
1308
887
527
198
-82
207
464
492
952
1414
1452
480
-418
-906
-888
2840
8493
13180
14770
14381
13868
10338
4690
18
-790
-1909
-5531
-7250
-4992
-1073
-1180
-3019
-2886
-2312
-3736
-8105
-10803
-10058
-8145
-6861
-6638
-4439
-619
2360
3737
3434
3100
2027
-517
-5675
-10726
-11392
-9695
-7600
-5585
-1018
5594
9745
10940
10976
11725
10735
6476
1500
-2481
-4207
-4578
-3979
-2769
-607
2252
3389
2981
1972
1391
499
-1707
-4398
-5924
-5748
-4635
-3249
-602
3072
7943
12240
14194
13742
11698
9147
4718
-515
-4943
-7365
-8161
-9114
-8555
-5964
-2273
215
189
-770
-2503
-4157
-6054
-7273
-6367
-3839
-1642
-286
1641
3583
4804
5251
4949
3677
923
-2222
-5348
-8333
-9520
-8534
-6605
-4194
-1274
1729
4307
5646
6426
6087
4961
2996
464
-1313
-1655
-977
-879
-869
-371
588
739
501
1065
2090
2892
2356
4606
9583
13568
14587
14068
14391
11464
5764
735
-967
-2243
-6453
-8363
-6018
-2086
-1583
-3170
-2682
-2642
-4197
-8171
-11459
-11648
-10847
-9341
-8437
-5465
-337
3697
5956
6384
6719
5506
2370
-2400
-7824
-10756
-11920
-11722
-10339
-6467
-66
5128
8323
10353
11723
11134
8316
4850
1606
-817
-2746
-3708
-3130
-2059
176
2350
3729
4102
3322
2106
-735
-3964
-6212
-6809
-5545
-3380
-656
3047
7060
9879
10413
9634
7789
4859
913
-3175
-5638
-6217
-5257
-4710
-3841
-1733
449
1751
1231
387
-598
-2125
-4106
-6073
-6216
-4607
-1979
255
1800
3564
4412
3424
1187
-1110
-2203
-3103
-4342
-5314
-4491
-2914
-1976
-974
246
1921
2530
1761
1232
1539
2603
3087
3211
3480
3176
2312
1210
169
-1021
-2322
-3256
-4129
-4965
-4472
-2442
-222
3665
9354
14521
16903
16182
14742
11561
6526
1157
-2046
-3487
-6012
-7169
-5067
-786
1082
-557
-1689
-2736
-5417
-10192
-13792
-14039
-13117
-11574
-9737
-6411
-1547
3453
7183
8419
8733
7994
5967
1419
-3879
-6766
-7427
-7237
-7130
-5331
-1344
2411
3928
4659
5264
5148
3854
1505
-476
-1126
-66
756
683
1164
3141
5012
5771
6372
6666
6570
4056
-267
-4074
-6547
-6548
-5979
-4113
-1453
1595
4588
5560
5626
5102
4686
2713
-798
-3735
-5107
-4533
-3870
-2925
-1146
701
1792
943
47
-195
-476
-1286
-3085
-4547
-4778
-4444
-4260
-3036
-682
779
1142
575
-270
-1006
-1595
-2337
-3350
-3681
-3094
-2364
-1564
-537
757
1871
2127
1651
1191
1687
2484
2951
2888
2903
2683
2292
1529
220
-373
-875
-2122
-3604
-4065
-3642
-1016
4772
10655
15156
16548
16902
14893
9833
4859
1110
-427
-3387
-6476
-6102
-2158
1554
1442
867
625
-1088
-5391
-11254
-14653
-15702
-15173
-15009
-13922
-9369
-3456
1872
4855
7009
9102
8755
5508
229
-3080
-4099
-4696
-5221
-4458
-275
3752
5415
5344
5063
4438
1597
-2197
-5518
-7155
-6058
-4358
-2754
-794
2593
6268
8052
9416
10557
10806
9068
5049
933
-2315
-3548
-3719
-4069
-2921
-796
1737
2784
2535
2135
1154
-772
-4121
-6580
-6823
-5880
-5264
-4125
-928
2631
5070
5582
5462
5143
3943
1904
-721
-2317
-2916
-3417
-3931
-4090
-3612
-2741
-2586
-3062
-3406
-3616
-3447
-3759
-3860
-3011
-955
967
1520
2016
2859
3331
2454
877
221
11
-464
-840
-939
105
1389
1938
2435
2969
3120
2100
356
-1631
-2607
-2744
417
5320
9563
12426
14232
15464
12815
8921
5637
3620
-39
-5354
-7432
-5365
-1355
249
828
2114
2574
589
-4170
-7798
-9309
-10659
-12893
-15504
-15432
-12769
-8716
-5017
-1773
2283
5145
5469
2719
-167
-1046
-1594
-2398
-3295
-1205
3104
6251
8501
10104
10946
9398
5272
214
-4863
-8272
-10233
-11486
-11242
-9232
-5258
-1253
2354
6761
10872
13128
12670
10914
8450
5228
2498
666
-55
-369
-121
1072
1904
2356
1651
480
-2004
-6061
-9326
-10881
-10220
-9553
-7684
-4059
-777
2675
5437
7983
9249
8579
7091
4677
2095
23
-1126
-1572
-2058
-2511
-3196
-3633
-4208
-5503
-6281
-6795
-7334
-7605
-6972
-5165
-3201
-872
1793
3789
4636
4914
4677
4204
3466
2677
1895
1168
246
-886
-827
-401
499
1097
1008
171
-1362
-2306
-2585
1032
6191
10664
12494
13752
15064
12848
9239
6066
4893
1561
-3770
-6384
-5690
-2850
-2397
-2058
-132
857
-102
-3617
-5083
-5390
-6231
-8293
-11255
-11869
-11554
-10242
-8693
-6292
-2831
-847
-266
-1702
-2957
-2690
-2247
-2699
-3012
-556
3336
6296
8669
11014
13359
13072
9958
5460
993
-1764
-4897
-8708
-11269
-11942
-11077
-9233
-6099
-847
4793
9757
11686
11329
10878
9886
8280
6439
5002
3625
3366
3546
3318
2837
2604
2451
909
-2805
-6703
-8707
-10141
-12294
-13354
-11572
-8607
-5899
-2803
953
4528
7430
9090
8409
7409
7065
6326
4800
3269
2120
428
-2103
-4597
-6792
-8363
-9155
-10296
-11350
-11219
-9519
-6890
-3843
-1046
1451
3089
3810
4271
4505
5199
5762
5351
4221
2866
2047
1188
418
-11
-886
-1937
-3013
-4012
-4513
-4080
48
5501
9987
12265
14143
15852
13460
9557
6195
4996
1495
-4218
-6970
-5463
-1539
-1099
-1122
861
2075
1392
-2074
-4101
-5228
-6002
-7439
-10435
-10895
-9527
-6790
-5225
-4487
-2095
-711
-832
-2838
-4661
-4952
-5367
-5712
-5787
-2959
1260
4564
7292
9502
11673
11838
10325
8065
5190
2955
213
-3603
-7247
-9418
-9748
-9488
-7757
-4213
-508
3368
5672
7246
8318
8326
8279
7101
6403
5077
4099
4092
3779
4281
3936
3500
1546
-1810
-4212
-6081
-7651
-10000
-11186
-10637
-9907
-8840
-7140
-3533
168
2834
4520
5067
6173
6540
6417
6148
6215
6196
4386
1684
-946
-2397
-3660
-5368
-7048
-8392
-8626
-8331
-7936
-6656
-4094
-1573
-486
-492
-23
1433
2977
3766
4623
5237
5040
4197
3094
2872
3048
2852
1145
-1227
-3673
-6064
-7275
-4857
682
6100
9721
12337
15027
14293
11820
9435
7954
4947
-1205
-5773
-6567
-4183
-2814
-2346
-55
1993
2421
53
-1810
-2987
-4225
-5766
-9609
-11665
-11571
-9661
-7785
-5911
-2100
864
2132
548
-1735
-2978
-4187
-5120
-6497
-5596
-2886
-61
2761
5217
8424
10212
10241
8746
6342
4447
2283
-487
-3207
-5963
-7733
-8762
-8070
-5434
-1636
2048
4384
6062
5965
5689
5908
5221
4405
3487
2868
2205
1588
1929
2845
3382
2607
834
-918
-2617
-4389
-5936
-7012
-7007
-6573
-6716
-6650
-5611
-3881
-1855
426
2393
4369
6463
7019
7290
7117
6310
5306
3151
870
-1285
-2660
-3881
-5069
-5299
-4648
-3971
-4093
-3629
-2448
-1846
-1947
-2466
-3026
-3186
-2433
-1430
-716
974
2928
4647
5258
5561
5611
5165
3610
1074
-1528
-3758
-6261
-7674
-4238
935
5590
8588
12278
14296
12223
9178
7638
6069
1186
-3737
-5626
-3930
-2574
-2487
-125
2419
4197
2922
-125
-2254
-4029
-5011
-7832
-10585
-10794
-9171
-7068
-5795
-2869
630
2937
2872
415
-1051
-2901
-5076
-7235
-7267
-4247
-1244
1258
3365
5852
8127
8478
8325
7155
5702
4040
1471
-1024
-3627
-5045
-5937
-6232
-5381
-3561
-841
1455
2767
3501
3979
4909
4221
2916
2121
2110
2342
1391
1683
2138
2320
1213
-800
-1753
-3113
-4492
-6175
-7057
-6655
-5891
-5488
-5383
-4361
-3437
-3272
-2545
-1217
924
2639
4144
5469
6332
7209
7101
6041
4441
2983
972
-1273
-3119
-3738
-4122
-4220
-3612
-2913
-1492
-477
600
818
660
693
1
-989
-2056
-1650
-288
1447
3171
4830
6507
6760
6301
5236
3857
1071
-2394
-6311
-6694
-3969
-213
3413
6039
10471
11019
9219
7070
6453
4851
-255
-3652
-4838
-2921
-2275
-1969
322
2106
3369
1036
-1525
-2699
-4183
-5525
-8812
-10427
-10136
-8603
-7024
-6249
-3351
-1111
716
75
-2226
-3018
-4512
-5369
-7206
-7230
-4147
-1267
1429
3018
5627
7897
8489
7922
6096
5272
4443
2388
-190
-2730
-3444
-3738
-3630
-2490
-618
2297
4049
4136
3043
3083
4099
3236
2328
1490
1716
1709
1141
1348
2138
2944
2405
1097
-892
-2347
-3358
-4922
-5573
-5153
-4466
-4463
-4813
-4541
-4204
-3988
-2968
-1515
-648
718
2766
4312
5288
6148
6736
6444
5440
4031
2354
528
-1202
-2462
-3353
-3508
-3045
-2263
-1634
-794
-813
-1056
-1536
-1783
-2128
-2332
-1183
-428
293
1058
2312
3311
4014
4316
4134
3322
1248
-1435
-3975
-3496
-1296
673
2229
4442
6322
5639
4896
4738
4858
2768
-844
-2801
-3347
-2703
-2197
-1566
-79
1552
2208
871
349
623
332
-1238
-4399
-5767
-6218
-6230
-6229
-5684
-3726
-2452
-1170
-1280
-1745
-1945
-2726
-4033
-5897
-5940
-4200
-2286
-55
2222
4860
7105
7997
8331
7900
7849
6691
4234
1416
-1448
-3434
-4743
-4647
-3355
-941
1837
3721
4237
3344
2473
2018
270
-1549
-2498
-2047
-1036
391
1904
3190
4478
3658
1963
342
-888
-2683
-4983
-6036
-6271
-6128
-6177
-5847
-5391
-5051
-4666
-4470
-4169
-3241
-1598
776
3068
5138
7299
8826
8837
8323
7263
5419
3365
690
-1523
-3003
-3713
-3970
-2816
-1047
615
1287
1110
981
-87
-1244
-1999
-1926
-1635
-572
947
2407
3958
5209
5791
4982
3560
1569
-455
-1303
-496
374
562
2278
3863
3527
2716
2855
3433
2252
-477
-2328
-2710
-3283
-4252
-4485
-3705
-2111
-1032
-216
548
1250
1664
283
-2176
-4100
-5497
-6613
-7865
-7809
-6212
-4567
-3298
-2384
-1134
-194
-197
-1366
-2285
-2419
-2521
-2516
-2067
-967
316
1606
2766
4058
5488
6758
7172
6222
5083
3454
1411
-93
-757
-760
-293
1117
2609
3310
4078
4773
3824
2144
75
-1502
-3157
-4151
-3847
-2920
-1330
-51
1638
2390
3169
4054
3591
2221
244
-1507
-3685
-5717
-6321
-6073
-6224
-6298
-6040
-5315
-4352
-2691
-993
347
2550
4165
4963
5552
6299
6749
6036
5102
3963
2071
245
-1162
-1963
-2447
-2132
-1172
-786
-354
-174
425
526
204
-117
-252
-118
-501
-410
162
1540
2573
2981
3252
3195
3046
2865
2918
2622
2319
1885
799
-280
-713
-158
331
229
245
205
451
-209
-1775
-3231
-4087
-4544
-4822
-3876
-2041
310
1944
2342
1981
626
-769
-3014
-5855
-8249
-9965
-9965
-9497
-8197
-5569
-2031
1131
2301
3112
3402
3200
2420
1314
592
-153
-908
-940
-401
885
2721
4419
5178
4516
4113
3380
2623
1686
1309
1517
1369
1398
1669
3156
4410
4682
4524
3617
2415
455
-1532
-3417
-4674
-5226
-5304
-4470
-3299
-829
1411
2796
3542
3394
2781
1083
-732
-2552
-3725
-4582
-5650
-6274
-6768
-6024
-4466
-3082
-1447
314
2251
3717
4287
4538
4496
4355
3347
2158
1264
701
110
-662
-634
40
390
869
1486
1791
1658
1106
1034
561
150
-183
-217
-207
-394
33
587
1312
1362
1691
2696
3718
4549
4679
4950
4436
2994
1872
876
-211
-1436
-2359
-2524
-2373
-1607
-1212
-954
-1208
-1979
-2683
-3465
-3541
-3071
-1706
-797
-379
221
674
904
-83
-1209
-3172
-5970
-8190
-10060
-10646
-10488
-8834
-5757
-2859
-9
2352
4838
6208
6158
5610
4417
2585
249
-892
-1346
-1158
24
1699
3148
3770
4286
4381
3591
2279
1002
417
-126
-171
500
1841
3336
4224
4829
4397
3524
2576
975
-746
-2333
-3695
-4894
-5491
-5462
-4769
-3054
-1243
8
1197
1630
1111
8
-1117
-2420
-3747
-3977
-4310
-4084
-3169
-1582
469
1808
2919
4044
4425
4028
3365
2534
1783
712
-121
-856
-1336
-1508
-1183
-719
-46
1131
2403
3318
3835
3748
3251
2909
2311
1541
1141
802
462
94
-286
-612
-544
279
1338
2294
3128
3995
3904
2764
1411
279
130
-810
-1705
-1917
-1934
-1532
-1579
-1524
-1690
-1551
-2049
-3254
-3782
-3812
-3428
-3287
-2620
-1489
-1111
-661
-509
-442
-1000
-1532
-2235
-3873
-5106
-6212
-6423
-6199
-5327
-3010
-1042
831
2078
3154
4070
3982
3973
3293
2337
1455
737
753
1043
1644
1961
2438
2958
2898
3232
3120
3093
2311
1582
952
396
288
341
872
790
1091
1001
734
370
69
-210
-1422
-2506
-3466
-4071
-4191
-3949
-2974
-2368
-1860
-1141
-790
-792
-711
-489
-766
-1266
-1858
-2518
-2444
-1723
-712
458
1975
3509
4484
5132
5966
5934
5102
3599
1904
104
-1681
-2187
-2173
-1471
-1082
-335
444
1196
1978
2461
2795
2841
2902
2313
1374
455
369
-258
-633
-186
466
1192
1432
2572
3134
3008
2403
1185
197
-957
-1801
-2574
-2499
-1742
-1569
-1359
-1665
-1642
-1554
-1646
-1660
-2255
-2323
-2811
-3276
-3520
-3362
-2339
-1775
-1510
-1445
-1253
-1286
-1684
-2322
-2772
-3294
-3728
-3995
-3522
-2426
-1089
366
1112
2116
2646
2512
2521
2354
2353
2665
2136
1696
942
884
976
1102
1989
2453
3416
3849
4267
4445
4431
4103
2795
1369
-235
-1149
-1622
-1903
-1918
-1624
-1424
-1471
-1488
-1368
-1303
-1299
-1605
-2072
-2195
-2194
-2167
-2328
-1545
-926
-714
-907
-1187
-957
-1227
-1390
-1769
-2310
-2998
-3336
-2868
-1911
-532
934
2459
3596
4228
5021
5492
5213
4368
3073
1865
358
-672
-1240
-1446
-1165
-838
-233
283
1081
1992
2161
2049
1627
1305
642
315
1029
1763
2563
2689
2955
2787
2955
3298
3507
3622
2971
2311
934
80
-26
-527
-1200
-2187
-2992
-3757
-4262
-4148
-4290
-3725
-3261
-3181
-3144
-3152
-3135
-3544
-3412
-3405
-3065
-2663
-2860
-2586
-2379
-2188
-1838
-1698
-1524
-1719
-1834
-1667
-1237
-454
231
1116
1207
1263
1619
1826
2131
2008
1732
1462
1183
1269
1762
2518
2890
3201
3858
4355
4864
5054
5296
5380
4854
3854
2460
1132
-381
-1853
-3290
-4079
-4621
-4676
-3849
-3068
-2120
-1355
-547
57
-104
-685
-1210
-1257
-979
-878
-286
496
490
-373
-1086
-1507
-2009
-2717
-3427
-3868
-4039
-4124
-3630
-2690
-1688
63
1768
3291
4969
6154
6662
6359
5390
3844
1885
543
-496
-1058
-1263
-1152
-835
-214
779
1498
1530
1717
2175
2110
1873
1643
2151
1902
1477
1359
1457
1904
2036
2631
2556
2743
2514
1731
855
-298
-780
-1725
-1983
-2416
-2752
-3361
-3952
-4259
-4806
-4399
-3646
-3399
-3530
-3396
-3141
-3479
-3848
-3810
-3799
-3602
-2917
-2175
-1432
-385
450
503
610
1016
1398
1218
725
846
1365
1674
1312
856
489
674
401
80
223
744
1640
1974
2133
2602
3227
3438
3167
3215
3715
4367
4217
4034
3701
2652
1438
-308
-1986
-3555
-4686
-5166
-5594
-5315
-4606
-3355
-2617
-1888
-891
-38
581
415
298
631
735
618
947
1242
1538
1208
602
-124
-990
-1667
-2622
-3650
-4420
-4434
-3494
-2596
-1421
352
2262
3819
4830
5973
6622
6840
6050
4971
3823
2659
1804
649
-26
-375
-513
-441
62
640
1043
1382
1185
940
892
769
781
609
559
1139
1294
1458
1523
1122
682
147
-571
-1206
-1422
-1725
-2005
-1872
-2102
-2358
-2657
-3370
-4346
-5058
-5439
-5459
-5381
-4904
-4540
-4445
-3675
-3447
-3190
-2934
-2215
-1707
-1296
-728
-291
473
974
1325
1471
1658
2056
2255
2332
2558
2601
2297
1728
1502
1306
1303
1572
1541
1475
1376
1515
1764
1856
1963
2292
2495
2445
2713
3031
3438
3476
3295
2645
1660
419
-974
-2179
-3230
-3971
-4338
-4559
-4655
-4256
-3402
-2525
-1567
-795
-141
427
404
190
261
816
771
810
1106
1290
1043
389
-84
-919
-1617
-2591
-3323
-3869
-3670
-3013
-2191
-947
359
2226
3939
4936
5643
6413
6664
6010
4998
3734
2570
1088
229
140
119
468
873
885
1054
1069
1289
1345
920
1017
664
866
1247
1447
1693
1483
1498
941
431
180
-641
-1739
-2849
-3444
-4101
-4265
-3569
-3153
-3000
-3015
-3008
-3294
-4197
-5034
-5461
-5606
-5327
-5079
-4520
-3462
-2398
-1660
-1254
-740
-456
-262
-415
-603
-364
62
317
498
593
1222
1981
2147
2594
2840
3098
2908
2752
2662
2466
2469
2365
2276
2000
1933
2086
1716
1440
1362
1171
758
385
495
889
1384
1666
2198
2278
1879
1285
374
-664
-1794
-2492
-2855
-2938
-2822
-2628
-2018
-1568
-1387
-1090
-703
-213
-149
64
330
774
853
858
726
559
593
-4
-974
-1551
-1694
-2186
-2922
-3021
-2640
-1957
-1215
-50
1234
2418
3480
4401
5107
5028
4528
3838
3253
2573
1957
1817
1602
1260
600
373
439
451
305
237
618
516
244
115
24
16
136
626
977
910
1009
587
117
-676
-1432
-2156
-2966
-3340
-3654
-3247
-3174
-3128
-3301
-3524
-4025
-5077
-5548
-5514
-4582
-3967
-3046
-1745
-508
217
581
962
774
898
707
432
-128
-762
-965
-1300
-1255
-707
38
1172
1927
2821
3621
3771
3559
3240
2905
2590
2066
2027
2154
2340
2342
2162
2119
1827
1444
428
-480
-994
-1127
-1014
-1016
-1005
-639
37
118
300
350
590
360
-396
-1162
-1300
-1399
-1760
-1558
-1281
-639
-249
-96
-89
-374
-482
-455
-728
-738
-581
-190
280
558
710
722
577
206
-427
-1233
-1110
-680
-680
-368
319
1299
2030
2817
3788
4499
4663
4256
3731
2756
1929
1245
405
95
-38
82
133
385
582
338
152
-73
-331
-597
-645
-788
-670
-416
-296
-450
-440
-471
-888
-953
-1503
-2090
-2804
-3260
-3857
-4121
-4028
-3851
-3612
-3573
-3490
-3198
-2904
-2656
-2216
-1900
-1290
-838
-545
-156
428
1027
1083
1209
1163
881
436
80
158
125
241
250
279
432
644
1337
2135
2548
2628
2966
2958
2685
2374
2229
2221
2033
1861
1473
1294
1123
1000
939
686
369
-125
-502
-937
-1311
-1402
-1289
-735
-388
-358
65
231
398
177
-3
64
-104
-133
-311
-154
-290
-221
-338
-693
-685
-900
-1073
-1359
-1456
-1446
-1402
-801
-615
-332
-470
-189
57
-251
-158
-64
269
332
478
911
1530
2125
2723
3300
3522
3293
2892
2126
1588
1302
773
694
865
917
908
843
920
719
-92
-472
-681
-782
-624
-617
-251
-408
-378
-279
-584
-841
-1374
-1626
-1684
-1979
-2720
-3185
-3081
-3177
-3371
-3103
-2503
-2060
-1898
-1754
-1622
-1832
-1816
-1752
-1647
-1205
-1087
-597
29
470
532
421
298
86
48
11
40
173
304
655
905
1226
1691
1805
1958
1990
1805
1482
1139
688
522
408
780
1246
1532
1793
1929
1718
1355
1013
789
750
451
-26
-242
-155
49
162
271
354
109
271
272
209
318
146
-87
-635
-653
-451
-168
-67
180
625
395
71
-405
-799
-912
-1144
-1130
-929
-767
-351
94
461
207
-204
-207
-788
-1701
-2135
-1576
-1094
-618
231
1024
1859
2097
2248
2527
2493
2200
1665
836
342
218
362
707
1065
823
626
474
190
-82
-212
-144
-347
-376
-355
-153
-255
-185
26
245
174
-491
-641
-1080
-1490
-1863
-2457
-2563
-2415
-2094
-1791
-1182
-344
-126
-448
-684
-976
-1329
-1433
-1340
-1252
-1153
-936
-434
-75
143
133
-110
-338
-766
-880
-736
-453
-229
-155
613
918
1238
1669
1883
2159
1679
1353
578
-254
-597
-628
-327
-135
355
727
1050
1466
1538
1682
1384
912
810
721
406
296
538
785
1058
902
881
956
828
431
-210
-652
-992
-1112
-1087
-684
-237
147
332
27
-88
-490
-886
-973
-1095
-1159
-1294
-1026
-626
-322
236
527
381
50
-285
-940
-1605
-1658
-1525
-1029
-512
19
1012
1801
2243
2555
2867
2701
2283
1779
1393
1101
762
703
580
463
619
946
1074
909
995
1049
810
401
153
246
-52
-315
-390
-303
-164
-523
-556
-683
-1101
-1183
-1325
-1670
-2135
-1987
-1905
-1527
-988
-940
-705
-864
-1195
-1562
-2018
-2122
-2357
-2270
-2373
-2296
-1882
-1491
-1307
-1101
-965
-1007
-1095
-1377
-1238
-1187
-709
-307
269
1096
1721
2128
2451
2890
2551
1909
1298
838
457
406
218
302
473
508
821
995
1263
1502
1643
1517
1373
1248
1214
1367
1546
1796
2190
2127
2079
1852
1289
790
-38
-849
-1422
-1526
-1510
-1400
-799
-614
-469
-443
-613
-654
-1160
-1598
-1544
-1177
-696
-307
25
269
435
459
371
238
-55
-633
-1066
-1546
-1960
-1757
-1163
-299
439
1250
1963
2523
2566
2433
2203
1689
1080
426
-133
-358
-134
215
563
1169
1322
1112
1006
720
1028
686
194
160
-235
-655
-852
-662
-576
-845
-788
-846
-1178
-1564
-1532
-1405
-1750
-1772
-1616
-1338
-1047
-799
-550
-732
-878
-1144
-1735
-1974
-2046
-1997
-2080
-2125
-2167
-1921
-1465
-997
-908
-523
-214
-192
-117
-140
-19
235
527
605
780
1284
1792
2043
2238
2451
2517
2456
2045
1805
1759
1570
1249
1130
1239
1092
716
716
840
979
1195
1186
1219
1254
1000
858
987
865
619
417
153
-181
-503
-675
-809
-622
-707
-1049
-1255
-1415
-1490
-1531
-1629
-1914
-2136
-2184
-2041
-1577
-1211
-827
-519
17
411
428
328
370
214
-335
-706
-783
-606
-287
99
706
1478
1817
1874
1693
1624
1434
1212
870
672
691
636
736
947
1377
1671
1878
1797
1555
1362
1128
1032
859
370
207
-32
-676
-1063
-1128
-1059
-1056
-1352
-1433
-1299
-1230
-1236
-1144
-995
-907
-931
-635
-544
-450
-478
-878
-1041
-1333
-1806
-2183
-2035
-1887
-2078
-2122
-1993
-1508
-1326
-1498
-1463
-1514
-1523
-1375
-1046
-621
-96
449
903
1347
1595
1774
1787
1798
1629
1395
1552
1593
1640
1527
1528
1425
1403
1190
761
428
55
-128
-210
-280
179
532
856
1329
1741
2209
2046
1883
1258
775
218
-301
-364
-680
-452
-256
-59
95
177
272
-19
-532
-846
-1080
-1346
-1645
-1835
-1707
-1205
-1044
-582
21
499
736
542
697
700
230
-64
-233
-185
71
107
338
748
1193
996
793
445
175
-392
-817
-819
-1117
-1059
-1002
-479
41
653
1016
1103
1192
1047
947
811
480
223
5
-280
-657
-932
-1002
-1100
-1166
-1195
-1103
-1031
-1191
-912
-588
-434
-218
-186
16
255
560
719
796
741
618
354
2
-107
-370
-625
-847
-1321
-1508
-1669
-1736
-1714
-1857
-1802
-1579
-1207
-791
-297
433
1495
1934
1916
2244
2304
2294
1792
1450
1282
957
558
-16
-14
46
26
-182
-501
-444
-513
-611
-428
-8
337
833
1404
1452
1665
1780
1678
1291
902
565
-10
-494
-821
-806
-686
-696
-591
-356
-211
-221
-396
-579
-695
-962
-1008
-1176
-1369
-1329
-1048
-740
-688
-325
216
421
439
284
257
186
-241
-355
-384
-123
213
462
821
1064
1239
1336
1073
712
478
152
-372
-612
-973
-1071
-772
-411
-99
166
867
935
1106
1096
884
962
809
669
470
337
311
-215
-361
-297
-633
-685
-837
-733
-777
-870
-955
-786
-444
-645
-327
-88
76
390
593
572
566
315
176
41
-77
-490
-993
-1506
-1949
-2249
-2594
-2435
-2199
-1903
-1790
-1356
-601
278
928
1338
1888
2105
2179
2342
2304
2198
1847
1656
993
512
203
82
-117
-309
-345
-583
-338
-338
-26
176
388
742
998
1234
1038
1019
907
885
712
211
200
-100
-746
-913
-896
-843
-811
-547
-410
-345
-440
-537
-543
-898
-1241
-1500
-1621
-1469
-1324
-919
-661
-155
243
458
639
542
430
221
39
-164
-179
-260
127
514
682
936
1311
1529
1222
1066
987
685
243
-248
-445
-408
-238
44
507
940
1320
1328
1517
1890
1634
1307
990
542
113
-185
-269
-496
-730
-616
-709
-895
-1194
-1105
-963
-1054
-1110
-1312
-1224
-1125
-998
-882
-633
-461
-215
-288
-444
-230
-286
-427
-760
-893
-1312
-1712
-1883
-1738
-1539
-1599
-1432
-1157
-770
-636
-351
88
594
1004
1277
1604
1896
2042
1925
1922
1656
1407
959
567
721
507
318
278
271
237
194
340
560
659
841
1004
977
910
879
661
534
472
391
233
131
-30
-207
-88
-94
5
45
-81
-138
-110
-351
-487
-706
-834
-1069
-1212
-1118
-1220
-839
-576
-626
-604
-520
-382
-339
-419
-477
-178
-290
-285
-101
-35
271
437
611
650
664
763
788
633
409
284
69
-58
-179
-295
-311
-80
348
638
951
1187
1247
1103
1023
1083
859
355
81
-100
-538
-1158
-920
-719
-739
-773
-502
-177
-187
-194
-423
-238
-423
-559
-714
-565
-346
-297
-66
-27
4
-227
-432
-501
-842
-1139
-1246
-1222
-1060
-993
-872
-735
-673
-392
-211
87
206
382
712
688
692
963
1037
961
824
944
944
852
726
727
902
633
514
339
139
-8
-15
10
25
184
347
353
325
230
295
98
-273
-377
-428
-366
-317
-162
25
140
302
638
884
841
890
666
459
251
-295
-364
-488
-475
-555
-617
-461
-366
-300
-414
-391
-210
-51
-132
-274
-232
31
2
77
236
518
611
445
449
347
201
-111
-462
-625
-557
-862
-1102
-808
-580
-323
-427
-345
-306
-57
-19
-115
100
87
230
439
104
183
271
10
-259
-383
-376
-389
-452
-464
-374
-250
-96
-86
-199
-232
-343
-476
-488
-559
-486
-305
-68
-15
-51
38
94
-31
-284
-546
-506
-569
-619
-559
-379
-17
-20
-9
264
567
716
846
1170
1392
1604
1500
1495
1577
1559
1389
1252
1087
953
720
661
518
262
214
73
131
80
200
263
491
456
379
358
372
249
-174
-199
-435
-637
-447
-657
-687
-590
-482
-168
-336
-197
-299
-563
-565
-801
-831
-1060
-1267
-1211
-925
-896
-831
-506
-463
-538
-447
-321
-264
-83
-49
-136
-98
53
60
247
452
504
832
701
794
714
307
258
142
114
61
175
317
229
405
396
380
526
457
149
-208
-145
-205
-348
-244
-91
-54
-384
-304
-99
-293
-352
-154
-66
-463
-616
-424
-356
-581
-523
-437
-551
-548
-747
-529
-496
-554
-429
-449
-422
-474
-392
-245
-109
-181
-260
-372
-343
-194
-345
-272
89
171
-6
213
707
876
872
947
1360
1377
1084
1021
1200
1043
849
784
715
647
546
675
770
646
387
348
619
773
677
893
962
835
681
512
438
72
-317
-508
-658
-933
-929
-784
-544
-295
-152
-192
35
231
138
-66
-289
-341
-673
-972
-962
-930
-940
-878
-882
-710
-605
-603
-402
-522
-468
-468
-489
-193
-10
228
423
805
826
895
740
427
326
-61
-199
-280
-357
-346
-321
-203
72
89
245
249
340
339
-31
-72
-202
-516
-670
-763
-500
-445
-441
-225
-45
76
11
-200
-192
-350
-338
-354
-566
-394
-354
93
459
497
585
835
897
754
416
359
273
121
99
204
483
337
331
121
-101
-231
-323
-298
-428
-542
-457
-390
84
288
546
658
633
824
597
502
337
82
-170
-516
-768
-746
-598
-656
-636
-451
-221
-428
-289
-80
-26
21
-21
151
210
124
-93
-125
-139
-332
-459
-474
-445
-432
-63
270
440
665
943
1186
987
752
479
272
-144
-221
-314
-173
-110
-98
30
57
197
212
427
436
273
288
399
400
506
560
808
1150
1103
1007
913
811
446
112
-242
-663
-944
-1038
-879
-538
-224
-272
53
172
290
12
-289
-309
-264
-430
-689
-523
-580
-600
-614
-558
-561
-697
-712
-801
-743
-834
-923
-869
-793
-767
-333
-40
46
490
730
690
746
478
658
674
337
254
-27
6
2
-330
-440
-260
-250
-377
-559
-417
-314
-358
-209
155
538
465
778
1117
1038
1012
823
1080
668
-43
-134
-347
-509
-775
-613
-460
-378
-161
-133
-149
89
258
380
565
643
800
742
459
651
431
79
-65
-259
-337
-310
-17
151
113
418
318
366
287
153
244
-319
-520
-619
-502
-575
-898
-781
-535
-441
-590
-416
-381
-472
-344
-158
-89
-281
-282
-243
-278
-335
-45
298
375
161
261
395
137
67
-12
-154
-297
-130
187
359
498
698
881
976
914
907
1027
817
561
552
659
589
443
282
152
23
-116
-426
-455
-472
-570
-549
-520
-670
-525
-368
-130
66
213
209
128
403
90
150
83
-116
-9
-306
-502
-639
-722
-941
-1177
-1297
-1354
-1295
-1091
-913
-550
-302
-275
82
204
404
317
363
312
219
107
67
113
-35
-43
-139
37
41
93
204
162
317
418
606
690
948
1231
1191
1145
975
976
749
396
372
364
412
368
442
467
634
556
457
595
494
460
225
279
-30
-234
-410
-703
-709
-851
-800
-679
-552
-415
-388
-426
-373
-361
-591
-849
-890
-1007
-1156
-1075
-899
-680
-723
-649
-448
-381
-314
-476
-497
-474
-581
-735
-683
-293
-130
-63
289
440
659
681
566
647
483
385
370
343
379
190
92
138
123
79
-2
26
-14
0
113
150
296
364
535
641
689
820
843
685
462
703
703
563
298
143
288
183
-55
-203
-125
-94
-249
