47
39
30
52
41
13
32
25
54
-2
54
94
65
56
36
87
72
39
21
23
58
-3
-17
7
33
49
9
-18
20
10
-19
26
29
6
-20
19
58
43
36
52
33
43
11
57
9
22
68
66
61
60
87
47
64
79
96
111
72
74
69
105
92
80
91
89
60
53
74
88
81
18
75
96
73
31
58
54
52
40
31
65
2
-6
-24
16
-9
-48
-19
31
-1
15
23
17
-1
-69
-37
-10
-24
-60
-1
34
-8
-22
-7
-10
-56
-18
-35
14
-15
6
-1
-2
14
39
10
-14
62
67
53
33
40
45
71
-2
-2
47
21
26
45
23
29
21
-27
4
-16
5
-33
-60
-47
-59
-22
-34
-77
0
-46
5
-34
-13
1
-3
61
35
47
38
88
101
115
188
158
150
184
187
228
212
236
239
207
197
185
202
162
160
137
118
86
61
52
21
31
-48
-84
-72
-82
-131
-165
-118
-182
-197
-200
-157
-186
-220
-202
-154
-188
-199
-139
-75
-73
-61
-27
1
16
27
53
80
66
89
77
133
78
99
113
123
100
100
153
105
75
63
57
95
53
41
6
21
-17
-13
1
-53
-81
-85
-52
-81
-56
-53
-8
-38
-40
-21
0
-13
-10
7
-7
23
57
85
105
70
130
111
97
125
167
172
142
171
158
210
159
165
203
165
173
180
135
141
135
102
92
79
69
30
-1
-11
-18
-17
-63
-35
-64
-142
-93
-81
-123
-81
-109
-74
-87
-87
-101
-100
-118
-118
-67
-108
-62
-93
-27
-76
-73
-42
5
-50
8
38
40
52
57
82
69
39
51
130
72
81
80
86
84
40
91
61
8
29
26
45
33
26
47
53
36
41
-5
1
-35
-22
-1
-15
-16
-21
18
-2
12
47
50
53
57
14
74
114
99
42
79
104
79
88
85
119
71
35
54
107
48
-8
59
70
64
41
55
29
36
-4
0
-17
-6
-34
-52
-14
-16
-37
-30
-53
14
14
5
0
-56
-19
-6
-19
-23
-2
21
34
32
55
49
82
77
18
60
120
69
77
66
49
93
89
46
53
54
58
42
35
83
38
5
-20
3
10
-10
-5
-14
-37
-85
-91
-68
-58
-94
-63
-68
-94
-69
-69
-24
-69
-12
25
32
29
7
86
179
143
146
171
231
262
207
235
374
336
249
190
246
323
343
248
194
202
164
115
54
99
49
1
-62
-60
-120
-126
-189
-220
-174
-252
-310
-333
-257
-224
-304
-326
-337
-305
-238
-193
-166
-131
-124
-112
-88
-21
20
55
1
98
167
136
78
175
262
201
236
192
196
184
193
200
218
169
134
130
118
78
50
31
33
-30
-59
-118
-117
-91
-120
-147
-124
-184
-184
-173
-188
-165
-143
-146
-142
-133
-138
-129
-67
-67
-82
-13
-18
22
67
120
119
134
190
171
182
220
223
241
211
270
243
232
260
226
216
243
210
194
161
158
153
138
74
66
79
39
57
-17
1
-33
-32
-31
-81
-49
-52
-99
-57
-127
-112
-62
-48
-124
-29
99
53
-76
-120
32
125
77
40
95
118
8
17
131
288
35
-147
-66
99
111
40
-105
-127
-64
-86
-130
-102
-77
-111
-190
-210
-192
-191
-191
-199
-134
-123
-194
-233
-145
23
-20
-65
-65
31
52
71
61
131
149
105
104
165
205
185
191
250
271
246
175
174
296
398
313
140
137
304
361
309
251
345
334
170
167
398
512
270
-6
31
310
323
186
11
41
100
-29
-84
-58
-29
-105
-214
-313
-290
-303
-378
-399
-349
-351
-536
-600
-456
-331
-352
-450
-474
-425
-342
-329
-260
-188
-196
-203
-162
-89
-33
-13
46
108
134
151
124
163
257
323
317
242
254
312
326
310
278
325
291
207
168
238
235
165
119
148
128
22
15
23
72
24
-62
-98
-92
-68
-53
-32
-15
-59
-52
52
37
-14
-66
69
156
99
42
85
161
130
119
166
235
164
44
137
269
243
144
59
93
171
83
79
0
15
13
5
-105
-78
-87
-136
-142
-203
-186
-202
-290
-255
-162
-160
-232
-251
-177
-167
-118
-134
-135
-55
-7
-1
-34
77
92
66
128
190
175
126
168
177
188
187
108
91
95
113
152
68
15
20
297
299
82
-149
41
270
304
95
139
321
188
97
257
708
545
92
-33
372
572
449
187
94
239
205
124
17
109
149
-5
-203
-249
-259
-295
-426
-327
-284
-485
-626
-654
-393
-366
-522
-612
-594
-483
-468
-364
-333
-259
-308
-361
-262
-161
-74
-52
14
45
113
115
38
201
337
367
328
251
273
348
450
378
350
406
316
257
306
365
417
318
220
165
118
122
211
221
155
63
-58
-62
-32
87
72
-96
-264
-165
-125
-46
-147
-260
-219
-287
-285
-188
-197
-257
-220
-211
-214
-227
-245
-159
-112
-65
-79
-167
-73
43
122
81
75
34
78
127
175
218
197
130
81
182
216
195
206
200
76
101
196
425
372
206
86
255
463
522
423
475
601
465
355
574
933
771
342
248
613
792
584
302
317
408
302
65
9
57
-25
-190
-375
-450
-516
-594
-602
-588
-629
-792
-972
-959
-742
-721
-901
-964
-830
-717
-718
-664
-525
-372
-443
-373
-240
-135
-66
-26
157
258
260
270
325
443
562
570
501
489
517
636
571
477
472
476
423
299
361
422
288
111
185
236
5
-157
-56
50
-57
-302
-294
-133
-153
-350
-443
-269
-280
-473
-418
-300
-231
-284
-504
-439
-180
-127
-257
-290
-171
-89
-88
-139
-16
50
95
78
126
272
318
262
306
435
444
322
328
436
547
468
363
311
371
366
187
153
239
203
73
-54
-32
70
120
35
244
286
-53
-242
161
611
485
121
256
583
426
290
682
1159
830
93
176
912
1059
521
54
329
523
229
-25
33
161
-31
-367
-437
-504
-596
-655
-668
-683
-812
-1006
-1181
-1044
-750
-772
-1020
-1187
-943
-674
-654
-746
-560
-324
-427
-491
-246
41
25
-20
218
383
362
318
458
724
706
662
651
591
651
741
846
771
670
820
829
492
250
431
650
516
180
105
106
-43
-216
-104
112
-135
-637
-873
-531
-205
-255
-726
-977
-921
-675
-588
-736
-717
-662
-628
-734
-719
-466
-397
-431
-364
-169
-185
-237
-77
285
436
278
84
219
505
606
588
577
590
560
545
545
659
673
489
344
342
445
400
273
245
326
737
488
-45
-270
520
1095
670
-14
160
932
702
162
536
1581
1209
-163
-249
1187
1732
720
-294
277
926
427
-258
32
594
119
-595
-657
-251
-427
-820
-889
-791
-954
-1306
-1469
-1232
-828
-851
-1337
-1565
-1268
-794
-776
-1075
-873
-479
-523
-846
-605
52
205
-259
-163
390
566
193
223
793
1038
698
440
737
987
878
900
1101
1031
674
521
724
964
916
555
391
335
341
192
134
248
127
-331
-728
-542
-192
-294
-687
-934
-889
-886
-824
-921
-865
-764
-882
-1093
-923
-726
-732
-762
-637
-493
-525
-489
-260
45
164
53
106
238
359
542
656
747
672
602
653
702
773
803
717
596
590
502
500
469
503
412
412
947
682
46
-275
664
1242
846
-68
251
1134
803
63
547
1923
1395
-428
-498
1457
2075
616
-652
221
1115
363
-594
-170
571
3
-964
-951
-390
-691
-1223
-1221
-891
-1038
-1652
-1757
-1349
-801
-931
-1555
-1730
-1351
-760
-777
-963
-762
-367
-396
-681
-351
330
496
22
98
752
958
606
504
1199
1502
968
602
1050
1448
1456
1306
1215
1060
755
792
1011
1175
798
318
193
261
127
78
181
-79
-644
-988
-945
-547
-551
-1136
-1563
-1383
-1209
-1400
-1452
-1399
-1205
-1324
-1443
-1468
-1310
-998
-858
-840
-759
-654
-649
-346
131
306
208
144
296
553
800
933
911
979
901
915
914
1091
1174
1012
891
887
789
664
611
533
561
1117
1068
227
-429
210
1393
1373
241
-303
829
1185
200
-12
1676
2338
270
-1292
433
2631
1884
-509
-643
1163
1281
-366
-749
623
819
-637
-1440
-566
-170
-1053
-1527
-970
-648
-1542
-2234
-1812
-866
-802
-1552
-1985
-1721
-1150
-970
-1079
-985
-622
-600
-848
-732
50
597
83
-310
330
1081
860
323
816
1476
1341
702
799
1456
1908
1807
1093
936
1295
1497
1237
1207
1140
903
511
317
485
745
321
-452
-648
-283
-366
-805
-735
-1028
-1351
-1524
-1367
-1391
-1535
-1698
-1692
-1495
-1514
-1626
-1595
-1280
-1192
-1277
-1126
-870
-772
-593
-217
-140
-159
1
236
465
598
720
829
940
1020
930
1001
1117
1077
917
926
1030
884
761
606
759
695
1445
1297
376
-406
374
1764
1465
305
-110
1212
1315
160
84
2029
2609
191
-1427
580
2901
1879
-762
-671
1503
1391
-753
-1113
698
888
-1020
-1857
-769
-289
-1547
-2148
-1236
-797
-1872
-2885
-2249
-1198
-1034
-1910
-2223
-1865
-1447
-1297
-1362
-978
-564
-484
-873
-829
61
685
402
-9
542
1228
1012
585
1077
1926
1806
1053
1016
1851
2521
1963
1229
1252
1965
2031
1521
1275
1390
1514
868
518
874
1314
357
-869
-632
429
167
-948
-1600
-1204
-849
-1468
-1907
-1748
-1318
-1769
-2214
-2066
-1696
-1734
-1881
-1546
-1369
-1486
-1545
-1149
-630
-358
-376
-503
-312
121
482
500
554
658
852
939
855
797
1062
1221
853
783
1024
916
734
530
742
595
1176
1510
683
-292
-126
1665
1950
826
-223
1015
1811
503
1
1887
3239
928
-1529
121
3318
2866
-451
-1354
1201
2068
-263
-1668
23
1178
-506
-2209
-1545
-633
-1390
-2548
-2038
-1289
-2071
-3305
-3099
-1742
-1296
-2267
-2861
-2389
-1821
-1499
-1586
-1355
-806
-357
-644
-935
-142
856
842
232
662
1644
1655
1019
1317
2506
2715
1681
1268
2196
3392
2778
1499
1520
2441
2697
1892
1509
1692
1840
1124
538
938
1552
633
-1017
-1168
259
376
-1082
-2089
-2133
-1322
-1489
-2359
-2690
-2169
-2042
-2506
-2707
-2336
-2140
-2282
-2277
-1878
-1600
-1642
-1599
-1157
-530
-330
-669
-547
208
655
628
513
769
1048
1325
1170
1113
1389
1390
1072
992
1412
1477
1000
546
657
746
1503
1994
932
-236
-204
1778
2286
1237
43
1193
2306
866
114
1924
3847
1751
-1371
-8
3684
3816
71
-1429
1461
2978
433
-1883
-244
1608
127
-2255
-1880
-636
-1413
-3007
-2657
-1393
-2138
-3989
-4153
-2577
-1712
-2880
-3847
-3245
-2311
-2155
-2702
-2459
-1434
-801
-1282
-1763
-869
436
525
-183
359
1671
1669
744
984
2697
3247
2060
1306
2391
3890
3469
2279
2036
3168
3448
2593
2049
2341
2564
1892
1114
1392
2003
1163
-592
-869
596
838
-882
-2271
-1853
-1148
-1824
-2720
-2641
-2020
-2321
-3174
-3060
-2478
-2414
-2696
-2577
-2118
-2162
-2411
-1938
-1067
-606
-798
-979
-651
145
678
514
667
1093
1354
1343
1314
1289
1575
1923
1648
1242
1150
1368
1404
987
812
679
1422
2354
1020
-465
-388
2006
2602
1049
-409
1077
2797
1098
-279
1792
4589
2392
-1669
-611
4195
5058
698
-2036
1306
3997
1443
-1781
-489
2110
584
-2326
-2042
-133
-1068
-3504
-3248
-1467
-1937
-4415
-5117
-3204
-1899
-3334
-4883
-4324
-3127
-2740
-3355
-3305
-2586
-1950
-1961
-2429
-1788
-309
44
-632
-378
1117
1683
831
648
2290
3362
2460
1601
2509
4690
4410
2451
2258
4124
4934
3588
2805
3007
3751
3057
1890
2221
3433
2508
-81
-748
1127
2012
-101
-2062
-2398
-1019
-1149
-2908
-3695
-2732
-2432
-3726
-4365
-3795
-3142
-3735
-3803
-3280
-2926
-3291
-3218
-2218
-1344
-1134
-1717
-1368
-131
589
398
237
992
1565
1803
1847
1674
1886
2313
2172
2139
2274
2025
1754
1396
1897
1571
2473
3070
1159
-448
146
3479
3225
858
-557
1951
3739
548
-657
2916
5805
1688
-3201
191
6172
5589
-864
-2630
2719
4589
494
-2666
309
2656
-387
-3654
-2381
-65
-1899
-4746
-4006
-2025
-3211
-5984
-6027
-3727
-2738
-5000
-6559
-5356
-3866
-3537
-4632
-4473
-3264
-2422
-2728
-3320
-2045
-137
-122
-1053
-179
1735
2036
866
1363
3676
4472
2807
2125
4058
6372
5633
3695
3625
5564
6391
5075
4507
4877
5225
4429
3480
3625
4525
3648
1409
226
1533
2261
393
-1634
-2497
-1513
-2065
-3587
-4307
-3813
-3618
-5111
-5767
-5180
-4683
-5475
-5812
-4984
-4660
-5050
-4889
-3550
-2846
-2876
-3150
-2247
-960
-389
-381
-146
919
1347
1541
2247
2543
2497
2721
2895
3017
3113
2839
2978
2571
2526
2509
4635
4240
1200
-453
1851
6015
4436
612
-540
3916
4808
653
213
5235
6868
155
-3689
2509
8521
5395
-2747
-2630
4551
4883
-866
-3545
996
2535
-1973
-5261
-2881
-526
-3719
-6230
-4831
-3435
-5559
-8440
-7471
-4449
-4302
-7718
-8902
-6652
-4533
-4816
-6086
-5541
-3874
-2841
-3499
-3531
-1636
308
18
-999
737
3295
3015
1764
2910
5738
6117
4079
3619
6745
9058
7068
4352
5383
8357
8222
6375
5657
6327
6062
4919
4431
5515
5241
2197
-183
656
2868
1612
-1609
-3990
-3285
-1492
-3261
-6111
-6639
-4447
-4659
-7431
-8728
-7198
-5781
-6675
-7542
-7036
-6046
-6413
-6118
-4051
-2617
-3377
-4876
-2757
393
1138
114
269
2236
3060
2836
2988
4155
5192
5246
3309
3778
5155
5271
3946
3541
3379
4572
7120
3171
-39
318
5757
6543
2207
-954
2144
6242
1872
-1814
3138
9727
4112
-5809
-3061
8922
10536
11
-7193
706
7810
2666
-4697
-2564
3420
416
-5835
-5812
-1258
-1834
-6939
-7637
-4443
-4619
-8759
-10550
-7032
-4017
-6119
-10503
-9874
-6226
-4101
-5432
-6684
-5272
-3219
-3072
-4228
-2386
1120
1608
-755
-353
3643
5309
2951
1830
5367
8188
5973
3300
4735
9973
9879
5162
3868
6969
8869
6875
5766
5986
6605
4592
2884
4072
6059
3898
-730
-1657
1228
2035
-1101
-4029
-5135
-3168
-2916
-5885
-7632
-6580
-5423
-6568
-8231
-8508
-7202
-6580
-6650
-6840
-6846
-6320
-5736
-4419
-2533
-2124
-3420
-3122
-436
1863
2341
1430
2426
3714
4437
4388
4576
5541
5974
5338
5117
5872
5554
4232
4350
4775
5075
7776
5139
1155
-465
4743
8478
5032
191
-122
5924
4036
-647
1469
8508
7268
-3735
-6137
4730
11248
4112
-7138
-4098
5112
4015
-3720
-5837
378
770
-5528
-8559
-5249
-3372
-6532
-9381
-8079
-6479
-8664
-11437
-10572
-7037
-6277
-9632
-11389
-9445
-5843
-5185
-6233
-6095
-3791
-2184
-3268
-3051
372
3194
1920
627
3196
6571
5711
3634
5502
9157
9586
6457
5083
9500
12163
9205
5448
7280
10354
9873
6743
6364
7822
6982
4533
4018
6494
5328
866
-2128
617
3176
748
-4769
-6712
-4603
-3086
-5170
-8268
-8191
-7228
-7389
-9063
-9504
-9164
-9010
-8027
-7628
-7775
-8236
-7885
-6421
-4034
-2606
-3723
-4744
-3145
343
2119
1330
621
1951
3952
4234
3488
3869
5587
5604
4823
5179
5801
4833
3572
4062
6239
9754
6013
754
-324
6433
10464
6342
686
1643
7975
5129
554
3156
10418
8050
-3221
-4439
6601
11705
3370
-6518
-1905
5891
2300
-5055
-5013
1086
-194
-6907
-9205
-5930
-4642
-8292
-9472
-8419
-8713
-10743
-12450
-10350
-8098
-8215
-10964
-11329
-9347
-7091
-6613
-7369
-5915
-3564
-2301
-3483
-3113
234
3127
2595
1823
4151
6479
6413
4918
6540
9687
10066
8053
7128
9954
11290
10399
7604
7849
9988
9979
7993
6245
6836
6641
5484
4172
4932
4111
681
-1752
-279
1760
-172
-4687
-7098
-5379
-4480
-6184
-8101
-8471
-7992
-8641
-9487
-8774
-8311
-9301
-9054
-7497
-6535
-7261
-7924
-6249
-3318
-1979
-2954
-3831
-2216
694
2476
2361
1657
2592
4142
5245
4875
4460
5412
5826
5733
5052
5650
5440
4536
3919
7336
9482
4272
-365
1435
9701
9823
3420
-757
3992
9221
3838
70
6205
11063
2475
-6304
850
12103
9601
-2985
-7900
2656
7907
-388
-7691
-3241
2718
-1841
-8874
-8898
-4283
-5192
-9854
-10226
-7975
-8632
-12211
-12674
-8823
-6491
-10060
-13362
-10775
-6129
-5379
-8396
-8426
-4915
-1758
-2561
-3998
-2242
1653
2774
1496
2588
5515
6533
4979
5249
8197
10211
8317
7091
8612
11785
11281
7831
7161
9110
10469
8348
7291
6948
6852
5625
4312
4907
5426
2997
-318
-1646
116
815
-793
-3814
-6819
-6576
-5922
-5744
-7397
-8205
-7935
-8502
-9798
-9766
-8445
-7554
-8044
-8897
-8054
-6561
-6212
-6098
-4117
-2093
-1920
-3072
-2706
326
2501
2482
1928
2291
3823
4670
4567
4509
5483
5542
5234
4919
5584
5323
4697
3851
5904
9439
5473
827
85
7461
9944
5400
156
3040
8996
5253
1261
4847
11224
5999
-3613
-151
10364
11069
896
-5970
1469
7490
2140
-5209
-3717
2089
-691
-6707
-8281
-5007
-4955
-9684
-10512
-8921
-8298
-11099
-13191
-11200
-8382
-9438
-12971
-12086
-8159
-5721
-8098
-9804
-7027
-2600
-1471
-3724
-3332
-28
2497
1771
2252
5690
7090
5243
4792
7457
10209
8851
7329
8455
11383
12127
8082
6491
8407
11671
10269
7715
6101
6067
6672
5467
5035
5655
3990
-702
-2912
-249
2328
104
-3833
-7603
-7429
-5509
-5868
-7643
-8797
-8262
-8827
-10313
-10460
-9283
-8101
-7362
-8212
-9034
-8293
-6569
-4944
-3684
-2428
-2255
-2901
-2583
153
3113
3191
2584
2339
3409
4682
5207
5307
5567
5510
4918
4805
5138
5314
4577
3803
4339
8290
6934
2477
-980
4586
10768
7444
786
-542
8048
8257
2625
2250
9115
9942
-1034
-4051
6560
13804
6175
-6661
-3720
7040
6319
-3025
-6697
-375
1042
-5083
-9089
-6494
-4148
-8262
-11442
-9987
-8387
-10265
-13062
-12261
-9253
-8682
-12001
-12881
-9704
-5717
-6152
-8809
-8289
-4411
-810
-1481
-2584
-530
2376
2452
1845
4884
8453
7346
4122
5323
10055
11245
8495
7096
10643
11809
9132
6902
8014
10703
10510
7708
5867
6239
5564
5542
5735
5232
2271
-795
-906
225
1363
-612
-5180
-6365
-4477
-5268
-8059
-8580
-7382
-7092
-8413
-10669
-9932
-8092
-7954
-7810
-7141
-6826
-7683
-7849
-4998
-1450
-1775
-3083
-2390
-308
907
1523
2638
3801
4021
3288
3499
4629
5851
6287
5373
4893
4624
4584
5043
4729
4015
3646
8120
7624
2419
-1445
3310
10100
8250
2612
-706
5554
7777
3420
2781
8773
9616
-549
-4907
4544
12727
8068
-3898
-4832
3918
4940
-1487
-5477
-1690
-306
-5390
-9210
-7662
-5123
-8357
-11534
-10882
-9486
-10802
-13308
-12414
-9380
-8327
-11577
-12937
-9842
-6294
-5787
-7357
-6879
-4356
-1725
-1237
-1007
760
2709
2993
2720
5341
8584
8234
5650
5558
9396
11745
10534
8189
8557
11793
11623
8627
7515
9990
11114
8999
7089
5438
6000
6851
5997
4417
2267
94
-1218
-519
1029
-1112
-4124
-6003
-6774
-5784
-6369
-7655
-9175
-8992
-8769
-9748
-10064
-9502
-8656
-8465
-8409
-8044
-7704
-7172
-6197
-4610
-3055
-2051
-2733
-2464
-545
1530
2569
2133
2524
2513
3341
3843
4088
4597
4610
4601
3462
4426
4857
4564
3115
5962
8487
4974
679
265
7803
10378
7028
827
2716
7896
6119
4205
7078
11595
5402
-3417
102
10890
13461
2378
-6265
-284
7034
4138
-4063
-3929
789
-572
-7201
-9956
-6057
-4820
-9011
-11978
-10978
-9750
-11567
-13588
-11496
-8482
-9730
-13332
-12861
-8571
-5269
-6155
-7768
-7003
-3929
-1954
-1899
-746
1530
2330
2252
2828
5819
8553
7971
5780
5937
9165
11239
10704
8931
9102
10194
10145
8838
8772
9712
9799
8555
6398
4834
4867
5776
5836
4315
1391
-1594
-2062
105
155
-2029
-4507
-6560
-6799
-6028
-5958
-7699
-8334
-8249
-8225
-9341
-10009
-8321
-6873
-6602
-7200
-7668
-6534
-5174
-4591
-3396
-1923
-660
-956
-1637
-146
2499
3454
2533
2304
2896
4068
3597
3176
4094
4477
4658
2686
2828
3150
6243
8886
4735
-127
-499
7386
9884
6083
900
3424
8789
4383
1077
6146
13652
8329
-4111
-3298
9052
14690
4196
-6363
-1091
6788
3777
-4417
-4145
1585
145
-6029
-8874
-6232
-5393
-8548
-10202
-9186
-8880
-12559
-14659
-11526
-6931
-7990
-13219
-14362
-9932
-5559
-5954
-7114
-6195
-3498
-2766
-3489
-1539
1671
3176
1830
2002
5413
6855
5873
6073
9396
11051
8081
6163
8688
12600
12091
8607
7358
8977
10273
8449
7170
7659
7533
5645
3327
3548
4333
3641
1533
-39
345
-505
-3225
-3939
-2505
-2465
-5216
-8100
-7758
-5963
-5767
-7415
-8116
-7584
-8133
-8710
-8220
-6369
-5482
-6336
-6202
-4596
-3683
-3579
-3101
-2063
69
455
-545
-874
807
2838
2969
2274
1440
1835
2502
3007
3337
2926
3188
1919
5224
7018
4147
-290
-281
6874
8790
5700
333
4145
8365
5052
2971
6938
11931
6143
-1324
1288
10159
12312
2424
-3543
2725
7259
3158
-3358
-1847
2574
-52
-5666
-6564
-4016
-5306
-8797
-9341
-7573
-8037
-11927
-13250
-10187
-7513
-9635
-12712
-12160
-9344
-7497
-8272
-7357
-5782
-4098
-3970
-4062
-2368
-38
1538
1213
2646
4926
5220
4199
4532
7792
10283
9442
7551
7002
8444
9258
9602
9169
8809
8240
6400
6142
6434
7189
6336
4659
3611
2092
830
1251
1853
1926
-231
-3396
-4309
-3400
-1670
-3065
-5128
-6309
-6374
-5771
-5656
-5398
-5392
-5895
-6752
-6191
-4658
-3586
-3844
-4046
-3002
-2437
-1784
-1104
-503
-427
86
1667
2107
1275
555
1861
3749
3290
1229
662
2780
3588
2460
783
1864
6298
4208
-202
-2479
3503
7565
4401
-189
455
7520
5398
556
2464
10203
9620
-1523
-4375
5764
14018
7964
-3698
-2798
5775
6723
-144
-3232
1578
1897
-3206
-6294
-3261
-1599
-6043
-8831
-7100
-5415
-8405
-11675
-10630
-7117
-6897
-10873
-12561
-10421
-6927
-6272
-7378
-7330
-6213
-4312
-3275
-2236
-901
-9
26
100
2824
5635
5800
4067
3919
6485
8048
8030
7887
8656
8733
6540
5995
7682
9594
8362
5219
5057
5381
4463
3366
4010
4863
1901
-1410
-1736
198
1598
-928
-3445
-4192
-2516
-1863
-4082
-5593
-5550
-3774
-3832
-5168
-6360
-5560
-3465
-3163
-4529
-5100
-3469
-2311
-2118
-1747
-1042
-484
-705
122
1536
2206
767
133
2489
4604
3491
947
685
3012
3816
2904
1226
1199
1200
3855
5533
2088
-1370
-1393
4475
6362
4221
-488
2345
6346
2807
938
4978
10293
5122
-2962
-369
8514
10493
1998
-3008
2651
6573
2141
-3454
-850
3346
214
-4946
-5606
-2936
-4171
-7554
-7720
-6047
-6237
-9759
-11409
-9057
-6181
-7666
-11039
-11268
-8712
-6906
-7248
-7030
-5862
-4833
-3945
-3419
-2537
-975
-45
566
2144
3710
3472
2910
4367
7167
8612
6975
6463
7468
8670
8582
7365
7472
7392
7734
6416
5765
5902
5488
4907
3685
3260
2100
384
-70
266
523
-1200
-4195
-4494
-3207
-2202
-3456
-5619
-6292
-5670
-4919
-5451
-5318
-4599
-4762
-5319
-5416
-3512
-1955
-2373
-2956
-2413
-974
-226
108
897
1496
1807
2527
2222
2143
2781
3604
4305
3386
1830
1667
3245
4776
3766
1556
514
4259
5218
1743
-2324
158
5984
4991
157
-2179
4860
6990
1040
-935
5056
10004
2075
-5022
1047
11047
9207
-3693
-6322
4153
9069
1374
-6239
-2301
2956
-593
-6449
-5828
-1754
-4185
-9212
-9072
-5389
-5446
-9680
-10762
-7763
-5937
-8607
-10924
-9489
-5860
-5191
-7060
-6739
-4976
-3040
-2179
-1627
-781
99
491
749
3327
5662
5912
4197
3771
6572
9028
8465
7229
8153
8972
7748
6252
7363
9273
9477
5970
4290
5094
5307
4522
3239
3447
2149
-906
-2604
-1245
691
-537
-4819
-6796
-5076
-3065
-4546
-6881
-7054
-6523
-5693
-6368
-6860
-6484
-6004
-5341
-5008
-4667
-4386
-3883
-2748
-1392
-788
-915
-925
700
2340
2902
2476
1997
3338
4851
5216
3554
2352
3326
4189
4708
4039
3757
2333
3119
6395
4915
1525
-1845
2106
5978
5327
622
-392
4533
3738
1555
2864
8001
6306
-2804
-3672
5250
11107
4742
-5229
-2720
4962
5328
-1731
-3828
428
704
-3236
-6599
-4299
-3419
-6385
-8242
-6960
-5734
-8480
-10511
-8981
-5280
-5943
-9995
-11348
-8645
-4694
-4440
-5788
-6232
-4505
-2476
-1622
-1117
-453
223
963
2517
4624
4870
4172
4124
6036
7989
7723
6232
6873
8987
9568
6930
5434
6773
8367
7676
5158
4727
4545
4411
3068
2860
3415
1481
-1495
-2596
-1081
84
-1764
-5546
-6723
-5263
-3618
-4780
-7016
-8024
-6928
-5801
-6243
-6522
-6674
-6151
-5934
-5632
-4304
-3522
-3409
-3384
-2259
-390
245
-363
311
2591
4181
3133
2113
3284
5613
6385
4217
2725
3213
4576
5540
5506
4307
2121
4579
6410
5016
1050
213
4534
6181
3940
-1347
2252
6143
3178
149
2684
8400
4135
-3756
-2094
6840
9969
685
-6279
-840
5431
4199
-3088
-3714
-650
-752
-3855
-5477
-3490
-5020
-8056
-8788
-6309
-5488
-8082
-10374
-8994
-6234
-6872
-9027
-9519
-7283
-5226
-5323
-5778
-5283
-3345
-1546
-818
-936
-709
198
1528
3504
4855
4628
3890
4190
5786
7433
7612
6708
6921
7174
7140
5948
6394
6842
6542
6017
4947
4403
3627
3212
2627
3418
1868
-909
-1692
-984
-197
-967
-3237
-5225
-4764
-3707
-4116
-6079
-6781
-6190
-5170
-5600
-6510
-6379
-5650
-4480
-4387
-4343
-3788
-2796
-2223
-1515
-665
361
766
866
2068
3038
3945
3434
3589
4685
5892
5114
3124
3256
4476
4849
3695
3692
3565
6018
5408
1556
-249
1880
5540
4206
1306
-1225
2070
4388
1258
981
5006
6551
-14
-5587
-477
8185
7835
-2230
-6806
165
4436
1535
-3690
-1691
1021
-3052
-6793
-5336
-1042
-3589
-7890
-8281
-5409
-5738
-9352
-8885
-5474
-4410
-8218
-10789
-8691
-5122
-4089
-5433
-4556
-4123
-4161
-3405
-787
1510
601
-561
6
3401
5753
5542
4474
4586
6854
7708
7211
6941
8401
9272
7821
5539
5905
8361
8350
6602
4705
4634
4593
4068
2960
3805
3221
-577
-2566
-1329
906
325
-3129
-6252
-5278
-3741
-3771
-5025
-7046
-7154
-7710
-6792
-5821
-6022
-7134
-7631
-6109
-5446
-4589
-4492
-3887
-2548
-1981
-1569
-1679
-742
901
2448
2438
1666
1619
2841
4831
5694
4556
3007
3215
4118
5017
5204
4266
6233
5405
3251
1045
3069
6998
6457
3835
343
3752
4622
1806
1985
6455
8585
599
-5607
-295
8688
8329
-1696
-6068
263
3926
292
-4151
-1462
925
-3102
-7124
-5320
-1442
-3786
-8319
-8329
-5488
-5360
-8878
-9843
-6322
-4506
-7332
-9948
-8384
-5428
-4666
-5594
-4586
-2879
-3056
-3587
-2008
1218
2082
42
-1211
2153
6472
6282
3472
3258
6736
8790
7125
5903
8388
9473
6924
4706
6376
8654
7416
4815
3718
5308
4334
2058
1890
3254
1982
-2227
-3463
-825
973
-1469
-5305
-6550
-4126
-3058
-5315
-6591
-6380
-5949
-6434
-6620
-5419
-5430
-6677
-6675
-4721
-3813
-4026
-3881
-3450
-1455
-975
-1432
-896
38
1154
1695
2299
2515
2507
2699
4176
5036
4464
3527
3885
4855
5502
4764
6788
7714
4163
492
1967
8747
9186
4471
19
3568
7342
3778
1610
5190
8798
3046
-4764
-1865
7440
9444
3
-7287
-1941
3516
1170
-4406
-3177
272
-2787
-7466
-7884
-3343
-3529
-7196
-8879
-7460
-6679
-9014
-9787
-7446
-5121
-6854
-9749
-9837
-7338
-4875
-5103
-5340
-4175
-3072
-3060
-3204
-1217
1616
2116
630
615
3638
6314
5791
4579
6298
8739
8791
7117
8353
10315
8902
6988
7435
9484
8825
6221
4199
4793
5699
4121
3158
3057
1376
-1738
-2344
-137
662
-1860
-5630
-6454
-4489
-3028
-4917
-6838
-6103
-5635
-6786
-7960
-6950
-5318
-5159
-6299
-6614
-5246
-4436
-3634
-3105
-2542
-1965
-2675
-2752
-822
1196
998
520
879
2276
3166
2447
2142
3359
4563
4012
2916
3349
4435
8213
7859
4395
1467
3189
8172
8487
5631
2353
5812
7088
3401
2721
7659
9967
2256
-3806
605
8136
7864
-1583
-5370
855
4227
-305
-5913
-2825
313
-2285
-7382
-6949
-3525
-5502
-8483
-8597
-5668
-6892
-10302
-10013
-6208
-4981
-8670
-10178
-7915
-5119
-5733
-7291
-5923
-3618
-2524
-2874
-2468
-1305
-549
184
960
2704
3805
3332
3027
4306
6962
7897
7580
7216
8788
9139
7743
7246
8926
10234
8867
6519
5263
6081
5270
4409
4855
4474
1241
-1958
-926
1387
1296
-2480
-5414
-5197
-3010
-2957
-5005
-5950
-6248
-6202
-6329
-5980
-5682
-5937
-6239
-5243
-4319
-4682
-5396
-4583
-2831
-1624
-2264
-3381
-2374
-171
960
509
-49
506
1333
2006
2042
1879
1806
2305
2842
3493
3676
3971
6557
5351
2910
2199
5913
8038
6048
3015
3558
7573
6296
3479
4372
9179
7926
508
-1634
4560
9441
4795
-3711
-3641
2251
2531
-2339
-4185
-1164
-922
-5126
-7938
-5194
-3165
-5980
-9023
-8528
-6949
-7991
-9821
-8082
-5378
-6306
-9579
-9479
-6920
-5278
-5269
-5930
-4788
-3927
-3500
-2773
-1714
93
706
-32
458
2667
3868
3132
3164
4622
6823
7300
6537
7282
7478
7413
7488
8056
8687
8604
7244
5994
6609
6329
5449
5382
4433
2134
-416
-217
1912
1789
-1048
-4386
-5209
-3335
-2337
-3506
-4717
-5129
-5245
-5905
-6068
-5079
-5082
-4945
-4969
-5355
-5315
-4466
-3821
-3431
-2626
-2577
-3016
-3179
-1899
-190
508
329
-266
-338
170
1423
1939
1477
1317
1421
2136
2704
2815
5552
5887
3707
1247
3528
7973
8081
5080
2599
6709
7979
4658
3876
8330
10777
4093
-1507
2347
9881
9433
334
-4184
658
4171
1072
-3137
-1564
-81
-3520
-6949
-5490
-2604
-5019
-8730
-8635
-6758
-7421
-9958
-9490
-5839
-5159
-9090
-11413
-8581
-5123
-5156
-6946
-5806
-4021
-4137
-4221
-2682
101
244
-897
-850
1516
3653
2951
2426
3503
5117
5288
5602
7181
7060
5564
5803
8024
8846
7775
6402
6234
6818
5896
4271
5002
6178
4055
280
-749
2058
3147
679
-3363
-4445
-2598
-2146
-3280
-4314
-3796
-4356
-5115
-5319
-4298
-4631
-5811
-5041
-3622
-3239
-4553
-4746
-2656
-593
-1548
-3174
-2660
-887
195
151
-253
-22
503
762
833
1216
1121
1004
993
1169
1880
1827
4003
4569
3003
729
2104
6220
6679
5289
2845
5241
6639
4275
3850
7278
10144
5556
-295
1247
7402
9414
3174
-2058
513
3403
1308
-2756
-1739
444
-2365
-6920
-6667
-3479
-4396
-8244
-9233
-6913
-6472
-8964
-10402
-8027
-5695
-7338
-9433
-8484
-6085
-5092
-5987
-5931
-4726
-3674
-3016
-2318
-1335
-564
-217
-102
1653
4031
4258
2891
2812
4493
6276
6479
6588
7142
6630
6116
6166
7885
8681
7922
6085
5053
5938
5879
5285
5313
4972
2242
-4
381
1942
1620
-1330
-4100
-3771
-2172
-2457
-4140
-4711
-4410
-4523
-5096
-4839
-4210
-4858
-5288
-3961
-2643
-2883
-3791
-3741
-2093
-786
-1771
-2721
-1643
-267
698
329
-413
-281
213
892
1229
488
-201
-308
-63
836
1578
3174
2524
685
-1061
1259
5127
5671
3464
1385
4158
5282
3556
3645
7835
9126
3337
-929
2886
9309
9041
1786
-1714
2647
4672
1391
-1757
139
998
-1793
-5109
-4536
-2696
-4458
-6719
-6892
-5457
-6723
-9053
-8933
-5906
-4404
-6733
-9224
-8497
-5229
-4085
-5344
-5686
-4032
-2726
-2892
-2853
-1249
412
398
-161
1107
3455
3341
2324
2902
5090
6604
5820
5385
5786
6227
6168
6152
6983
6994
6248
4796
4682
5575
5040
4085
4236
4284
1781
-733
-136
2009
2158
-1143
-4913
-4903
-2651
-2052
-3796
-4676
-4616
-4802
-4753
-4459
-3804
-3951
-4211
-3776
-2934
-2741
-3631
-2971
-558
853
-643
-2604
-1504
682
1719
1298
893
454
113
432
1200
1439
1172
287
-130
-180
1147
3518
1721
-718
-1075
2293
3882
2407
797
2104
5538
3768
1001
2730
7811
7622
1631
-436
4864
8722
5990
692
556
4073
3433
324
-183
2520
1056
-3288
-4970
-2242
-827
-4511
-7554
-6766
-4913
-5802
-7800
-7599
-6017
-5517
-6920
-7609
-6727
-5828
-5271
-4741
-3557
-3452
-3951
-3804
-1711
397
-287
-1099
-180
2025
3053
2161
1778
2844
4281
5293
5559
5637
4923
4352
4920
6623
7413
6075
4759
4209
5319
5849
4564
3409
3832
4015
1504
-607
-25
1791
2054
-1423
-3843
-3099
-1653
-2641
-4322
-3685
-2878
-4195
-5657
-4218
-2854
-3153
-4545
-4272
-2333
-1985
-3352
-3561
-1167
351
-438
-1453
-1234
166
873
1075
1724
1170
415
468
1041
1687
1179
190
7
-7
1818
3430
1329
-1657
-1368
2924
4755
2846
-298
1241
4283
3242
1859
3838
6922
4738
-65
253
6254
8008
3680
-664
1003
3817
2833
223
-237
1712
250
-2546
-3587
-2117
-2148
-4657
-6095
-5362
-4852
-6416
-7679
-6568
-5150
-5699
-7433
-7211
-5566
-4812
-4971
-5256
-3347
-2217
-2207
-3101
-2099
262
408
67
636
2483
3182
2281
2534
3967
4872
4599
4613
6151
6719
5111
3902
5117
7279
6536
4684
3496
4784
5794
4447
2519
2780
3814
1870
-650
-440
1641
1458
-1547
-4130
-2909
-1071
-2342
-4597
-4855
-3581
-3703
-4620
-4728
-3732
-3479
-4412
-4170
-2482
-1872
-2635
-3238
-1979
-672
-906
-1204
-1030
-285
326
731
833
831
1019
1116
1502
945
199
181
1060
502
875
2958
1979
-427
-1807
1695
4339
3600
400
301
3020
2720
2113
3721
6998
5090
-88
-680
4527
7784
4753
-151
746
4142
3539
527
62
2398
1906
-1334
-3531
-2073
-1215
-3042
-5346
-5476
-4397
-4804
-7123
-7961
-6000
-4638
-5860
-7440
-7128
-5804
-4974
-5236
-4086
-2634
-2481
-3277
-3006
-661
687
292
23
1823
3102
2553
2035
3137
5153
6012
5020
4396
5149
6239
5345
4621
5723
6339
5747
3987
3803
4475
4388
3307
2978
3515
2459
-59
-999
968
1517
-175
-2360
-3329
-2856
-2378
-2539
-3166
-3585
-4226
-4509
-3925
-3633
-3549
-4007
-3693
-3321
-2957
-2614
-2631
-2124
-1065
-168
-509
-1573
-1406
27
1471
1475
607
268
585
1359
1581
1183
814
815
443
785
646
1959
2284
727
-278
619
2833
2915
1765
410
2577
3445
1313
1038
4178
6168
2708
-960
443
4775
6286
2693
-766
1092
2949
2219
-152
-1
1207
-31
-2581
-3036
-1242
-1664
-4115
-5387
-4091
-3488
-5312
-7086
-5813
-3622
-4396
-6607
-6703
-4528
-3699
-4606
-4234
-2812
-2616
-3195
-2591
-415
822
-224
-1077
487
2670
2803
1611
1404
2995
4967
4801
3723
4665
6011
5850
4368
4509
5857
6015
4655
3451
3955
4338
3698
2834
3421
3776
1707
-163
313
1746
1306
-1164
-2689
-2397
-1141
-1753
-3168
-3649
-3320
-3450
-3945
-3540
-3254
-3187
-4151
-4093
-3108
-2582
-2927
-3395
-2839
-1597
-1460
-2425
-2557
-1427
-153
-66
-482
-468
113
271
349
717
868
308
153
620
1487
918
1504
2359
2223
982
950
2623
2992
2955
1997
2942
2869
1754
2218
4651
5678
2989
317
1255
4474
5459
3332
891
1064
1946
2104
1570
842
615
-124
-1159
-1335
-1353
-2007
-2555
-3015
-3445
-4107
-4722
-4444
-3923
-3873
-4691
-5599
-5274
-4302
-3757
-4235
-4071
-3567
-2959
-2794
-2252
-630
-216
-1021
-1663
-477
990
1419
1375
935
1683
2545
2765
3531
4594
4397
3339
2520
3770
5028
4977
3939
3236
3374
2862
2606
2734
3470
3392
1164
-966
-388
1180
1724
-290
-2465
-2087
-1089
-1145
-2364
-2608
-2554
-2459
-3101
-3673
-2973
-2769
-3147
-2972
-2565
-1993
-2133
-2844
-2464
-1308
-1160
-1561
-1322
-1093
-646
-266
196
603
572
152
353
617
949
1513
1218
864
927
1468
2068
2771
2327
1921
1855
2834
3158
3142
2328
2434
2897
2403
2128
2505
4002
3755
2130
838
2194
3629
3871
1862
10
455
1338
1458
206
-686
-551
-226
-1401
-2113
-2136
-2653
-3594
-4329
-3912
-3348
-4184
-5190
-4986
-4244
-4268
-4932
-5221
-4900
-4872
-4404
-3374
-3244
-3164
-3148
-2278
-1394
-1315
-1757
-1394
161
1258
1360
955
1409
2514
3231
4065
4292
3750
3303
3720
5049
5467
5426
4171
3972
4205
4137
3972
4231
4303
3035
1675
1141
1923
2573
1751
-200
-1103
-566
229
-537
-1581
-1573
-1498
-2232
-2884
-2775
-1873
-1718
-2917
-3474
-3060
-2160
-2473
-3194
-3196
-2578
-2508
-2715
-2596
-2403
-2342
-2003
-1437
-1409
-1589
-1932
-1118
-397
-91
-584
-662
115
796
679
608
1168
2364
1881
1248
1993
2569
3011
2259
2460
3390
3596
2419
1801
3247
4640
3767
2052
1894
3385
4092
3211
2085
1627
2400
2040
1847
1708
1138
424
-385
-317
-402
-1291
-1685
-1892
-1936
-2435
-3321
-3770
-3009
-2771
-3864
-5030
-5120
-4372
-3976
-3908
-3419
-3294
-3934
-4209
-3230
-1654
-1260
-2335
-2946
-1636
-21
760
209
48
730
1482
2033
2121
2611
2980
3194
2757
2625
3027
3789
3974
3243
2925
3280
3147
2571
2387
2895
2988
1418
505
1037
1717
1012
-536
-805
-21
105
-852
-1746
-1568
-1200
-1546
-1613
-1551
-1504
-1729
-2123
-2317
-2095
-1751
-2087
-2391
-2796
-2429
-2185
-2266
-2300
-2025
-1569
-1752
-1715
-1646
-729
-279
-358
-352
-333
213
523
751
876
833
1124
1503
1893
2086
2086
2119
2555
3267
3176
2698
2585
2443
2222
3167
4132
3753
1986
1369
2697
3847
3471
1767
1207
1711
2193
1661
999
543
498
403
-356
-1111
-1231
-1284
-1836
-2436
-2755
-2776
-3553
-4462
-4539
-3811
-3937
-4817
-4921
-3991
-3339
-3989
-4541
-3978
-3010
-2561
-2591
-2292
-1749
-1188
-673
-730
81
901
660
589
1501
2747
3118
2639
2914
3928
3985
3150
3149
4392
4289
3713
2515
2873
3515
3208
2784
2515
2551
1637
1107
945
1560
994
661
13
-706
-824
-617
-350
-983
-1502
-1728
-1550
-1653
-2586
-2916
-2646
-2574
-2824
-3259
-3208
-3463
-3268
-2838
-2869
-3406
-3386
-2470
-2098
-2471
-2582
-1369
-498
-650
-1297
-683
89
101
-88
201
984
764
812
1429
2293
2567
2374
2757
3187
3285
2726
2616
3581
4088
3635
3262
3280
3829
4076
3463
3369
3856
3860
3068
2286
2456
2930
2809
2065
1023
580
467
133
-630
-938
-1343
-1787
-2325
-3081
-2787
-2972
-3790
-4457
-4395
-4452
-4938
-5139
-4931
-4193
-4347
-4732
-4823
-3750
-2581
-2643
-3066
-3157
-2216
-1411
-850
-534
-308
-186
621
1581
1919
1981
2176
2694
2963
3289
3085
3181
3243
2991
3152
3361
3522
2972
2217
2358
2651
2185
1460
1264
1359
1159
560
483
551
628
20
-351
-651
-591
-694
-1249
-1057
-1390
-1898
-2293
-2038
-1795
-1982
-2181
-2604
-2622
-2424
-2152
-1916
-1990
-2209
-1921
-1526
-1650
-1732
-1571
-671
-365
-765
-958
-552
444
866
685
660
617
847
1509
2172
2391
2024
1853
2041
2771
3320
3786
3150
2398
2400
3114
3607
3425
3172
3218
3184
2727
2793
3162
3492
2885
1808
1442
1010
1190
1306
480
-170
-1137
-1828
-1667
-1812
-2710
-3424
-3794
-3927
-4176
-4648
-4687
-4462
-4959
-4986
-4662
-4434
-4679
-4865
-3711
-2587
-2298
-3196
-2907
-1704
-1038
-948
-1195
-563
338
1144
922
1026
1328
2121
2636
2601
2855
2576
2429
2358
3289
3689
3066
2191
1608
2365
2587
2133
1645
1383
1224
1002
871
697
411
742
693
-136
-199
-136
-194
-496
-1208
-974
-1254
-1705
-1601
-1226
-794
-1416
-2365
-2255
-1112
-962
-1995
-2554
-2008
-1035
-789
-1082
-1377
-891
-513
-286
108
93
314
170
595
655
771
954
1414
1915
1704
1739
1767
2039
2967
3387
3396
2577
2144
2792
3342
3583
3506
3227
2847
2564
2629
3225
3264
2636
1830
1559
1696
1665
1125
748
636
40
-1103
-1545
-1464
-1253
-2142
-3105
-3522
-3999
-4042
-4400
-4341
-4506
-5217
-5538
-5414
-4810
-4659
-4755
-4681
-4583
-4109
-3637
-3228
-2781
-2394
-2085
-1747
-1235
-566
43
643
976
1056
1196
1852
2268
2535
3124
2824
2601
2775
3568
3801
2665
2072
2471
2862
2702
2492
2069
1943
1525
1447
1699
1409
803
665
903
994
778
475
427
727
22
-363
-445
-571
-447
-628
-925
-1175
-1248
-1232
-1074
-1262
-1441
-1766
-1681
-1198
-1447
-1561
-1617
-1508
-1456
-1268
-1122
-928
-611
-533
-702
-420
-287
244
1006
1004
719
390
698
1477
2210
2553
2424
1509
1415
2301
2786
2879
3145
2957
2372
1734
2140
3153
3361
2258
1471
1543
1796
1988
1502
1056
1214
963
-160
-897
-720
-408
-786
-1759
-2807
-2578
-2498
-2975
-2980
-2955
-3106
-3736
-3959
-3725
-3391
-3384
-3570
-3286
-3035
-3084
-2968
-2366
-1733
-1686
-1644
-1148
-466
-75
-206
-48
603
802
911
1319
1556
1372
1126
1701
2071
1864
1765
1186
763
1041
1624
1770
1039
891
1166
801
428
750
971
873
869
371
348
650
987
856
793
634
340
440
517
950
748
467
-37
-254
135
-90
-110
-112
62
-584
-970
-701
-669
-700
-907
-921
-1236
-1116
-587
-119
-28
-440
-419
-116
92
136
333
296
206
358
515
1053
1675
1180
886
1232
1218
825
1087
2109
1962
1291
882
1129
1769
1758
1279
577
739
672
547
559
517
569
9
-711
-1080
-987
-747
-1226
-1946
-2234
-2180
-2463
-2614
-2635
-2250
-2295
-2871
-2999
-2904
-2625
-2405
-2191
-2122
-2129
-1737
-1746
-1503
-700
-352
-287
126
454
627
632
1048
1708
1766
1987
2257
2079
1917
2114
2905
2998
2169
1732
2257
2210
1659
1628
1570
1382
980
679
852
719
211
296
447
252
-119
-296
-113
40
-158
-487
-665
-482
-242
-369
-600
-863
-885
-926
-828
-712
-1023
-963
-904
-1150
-1354
-1149
-1284
-1600
-1914
-1678
-1288
-1194
-1405
-1104
-814
-1115
-857
-249
321
198
-273
-353
167
424
902
1223
1113
1426
1533
1753
2147
2545
2325
2107
2010
2223
2341
2166
2224
2357
2367
2082
1413
1453
1409
1492
1212
755
921
427
-289
-261
136
-203
-892
-1451
-1621
-1608
-1765
-1825
-1787
-1939
-2530
-2625
-2414
-2279
-2423
-2530
-2000
-2102
-2391
-2279
-1674
-1075
-1367
-1298
-766
-634
-679
-606
199
204
87
609
726
624
704
1150
1270
1319
1230
887
890
1065
1136
1206
903
735
673
450
663
855
362
-50
18
419
53
-142
80
507
496
112
133
425
400
-85
141
181
97
-73
-79
26
-101
-243
-274
-280
-258
-615
-665
-389
-343
-575
-1105
-503
-362
-504
-476
-791
-302
-200
-166
-231
118
347
31
-120
288
1234
1351
757
956
1134
1531
1479
1454
1729
1881
1794
1570
1492
2069
2383
1792
1086
1112
1214
1171
1173
675
766
734
420
66
-172
160
-363
-983
-1251
-1165
-1518
-1668
-1570
-1575
-1793
-2603
-2453
-1824
-2065
-2303
-2234
-1959
-1951
-2291
-1962
-1313
-1191
-1375
-1308
-1176
-778
-820
-642
-289
-15
-9
145
811
553
563
995
1048
1085
955
960
882
1118
1118
970
1226
888
724
750
682
773
840
801
657
458
158
417
653
261
19
48
237
153
203
209
242
358
302
106
-45
-59
-66
200
205
-206
-470
-290
-225
-518
-787
-671
-721
-979
-1124
-915
-488
-571
-752
-577
-419
-503
-530
-223
-208
-59
12
87
206
173
452
733
1038
1084
923
1434
1610
1680
1706
1576
1603
1760
1740
1619
1531
1394
1500
1408
1092
1084
1084
553
386
474
647
8
-383
-348
-411
-675
-1022
-1187
-1302
-1159
-1650
-1772
-1597
-1487
-1571
-1933
-1707
-1508
-1580
-1594
-1682
-1834
-1765
-1693
-1240
-1076
-1080
-1291
-1114
-706
-590
-290
-63
-42
-346
338
822
712
748
976
1205
973
698
790
1269
1371
1046
1090
1294
1496
1369
1317
1480
1313
1050
664
972
1210
1009
676
629
530
371
523
547
471
60
-195
-61
-90
-116
-55
-604
-804
-815
-665
-798
-1071
-1308
-1657
-1295
-1235
-1354
-1430
-1075
-1082
-1205
-965
-989
-1235
-1290
-981
-993
-1193
-1214
-385
242
92
-290
113
634
911
866
1004
1310
1252
987
1198
1807
1915
1778
1462
1530
1856
1847
1842
1537
1437
1218
1013
865
887
1083
831
361
205
295
43
-8
-26
-43
-189
-715
-610
-432
-582
-918
-1139
-1141
-964
-1098
-1257
-1143
-1186
-1315
-1431
-1278
-1097
-1143
-1266
-1315
-894
-794
-796
-875
-812
-580
-453
-249
-38
213
202
104
-48
304
1022
889
662
684
1092
1392
1249
1441
1888
1781
1250
1038
1341
1929
1910
1111
801
1023
1107
1034
667
541
671
257
-340
-227
64
-233
-662
-721
-910
-1131
-1192
-1184
-1221
-1393
-1528
-1734
-1578
-1438
-1399
-1616
-1857
-1845
-1487
-1269
-1071
-988
-1145
-1461
-1315
-908
-604
-512
-510
-337
-480
-482
61
509
626
728
606
755
1099
1277
1462
1498
1593
1420
1169
1266
1551
1927
1693
1062
970
1283
1460
1597
1295
1122
664
487
655
779
539
330
229
139
268
-143
-121
-105
-109
-345
-576
-318
-427
-288
-476
-794
-701
-522
-457
-791
-728
-718
-574
-749
-391
-180
-513
-664
-627
-139
-163
-207
-58
69
-293
-145
382
591
575
581
664
423
424
497
835
929
749
387
106
502
738
700
373
106
90
245
247
319
92
-386
-564
-559
-566
-477
-474
-857
-1087
-871
-845
-844
-1020
-1324
-1160
-1055
-1052
-1131
-1118
-965
-1024
-1095
-1163
-918
-514
-342
-348
-176
-244
-296
143
209
139
-62
-5
277
374
667
786
791
885
1040
918
1030
1174
1119
1193
1201
853
1040
1250
1229
1233
793
848
1063
1007
986
777
532
352
29
226
488
222
-33
-178
-6
26
-126
-152
-378
-404
-101
-111
-211
-124
103
-65
-262
-242
-193
43
-332
-216
-142
-301
-255
-210
-35
-61
-545
-579
-361
-431
-42
-280
-287
-168
-301
-109
-71
-118
-27
60
54
-24
171
468
544
311
387
386
115
449
573
414
80
178
201
1
-131
-2
-39
-156
-460
-431
-124
-352
-469
-627
-522
-747
-1029
-1055
-833
-1005
-1017
-972
-988
-742
-686
-778
-849
-704
-670
-666
-462
-187
-213
-313
-199
8
197
307
299
372
413
868
868
656
547
636
908
869
1026
578
680
947
1181
1045
624
837
1246
1198
508
458
639
925
762
375
358
90
285
255
413
473
-10
-131
47
252
463
87
-170
20
-14
-201
-232
-14
-53
-205
-252
46
112
-179
67
84
54
-42
29
-21
29
-81
-197
-116
-371
-310
-233
-174
-425
-490
-643
-465
-557
-755
-552
-501
-373
-622
-698
-367
-285
-394
-206
-146
-209
-109
131
371
353
164
389
389
167
166
152
261
59
180
118
163
171
16
216
128
77
-158
-149
-155
-363
-195
-363
-295
-286
-185
-233
-316
-198
-254
-134
-134
-488
-216
-313
-499
-122
-348
-538
-603
-356
-280
-305
-219
-421
-285
-167
-188
-161
109
137
17
94
166
252
-1
-6
237
448
347
259
603
981
1110
828
910
987
838
890
1129
1115
1146
1200
945
715
931
1266
881
786
762
761
766
842
1071
795
409
410
340
306
222
338
153
130
14
-20
-112
-212
-245
-585
-798
-649
-614
-733
-982
-878
-906
-965
-844
-1171
-1041
-931
-745
-658
-752
-514
-331
-262
-245
-244
-238
-149
-205
-226
-94
-23
58
124
26
-18
-58
0
161
19
-43
-177
-310
-174
-157
-317
-664
-757
-566
-625
-746
-804
-596
-792
-747
-847
-578
-451
-751
-580
-623
-549
-467
-204
-249
-245
-151
-107
242
263
421
437
311
534
481
575
765
741
713
587
859
1016
991
913
770
916
949
947
743
731
1170
1097
989
998
1010
1056
1093
969
933
845
917
915
856
560
621
518
393
506
387
101
-269
-281
-78
-223
-550
-617
-498
-552
-864
-656
-343
-565
-713
-739
-487
-608
-649
-533
-697
-794
-698
-482
-637
-882
-612
-215
-615
-684
-566
-334
-153
-359
-420
-175
-54
-121
66
230
160
304
264
397
432
533
645
529
629
679
871
707
697
783
535
439
398
388
262
350
204
-95
43
-33
-217
-438
-372
-500
-458
-528
-481
-435
-312
-281
-525
-440
-375
-462
-468
-481
-354
-367
-387
-280
-152
-251
-250
-244
-440
-438
-500
-156
-231
-556
-440
-388
-356
-503
-472
-190
-195
-402
-272
-19
-32
-59
46
271
252
93
55
414
493
394
274
377
497
633
442
272
470
676
536
659
887
527
393
635
895
752
498
677
835
537
361
628
812
547
424
543
482
460
584
521
467
527
265
323
538
520
416
67
216
428
422
275
110
227
348
54
-153
3
-58
77
92
-107
-125
-32
-154
-276
-175
-435
-505
-341
-506
-568
-496
-486
-466
-606
-680
-570
-823
-914
-884
-995
-1086
-1262
-1201
-1101
-1050
-1256
-1238
-1052
-882
-983
-1051
-742
-632
-802
-641
-430
-312
-479
-313
-32
38
139
214
495
575
527
611
605
558
569
575
989
810
570
869
1051
1101
805
634
1004
1174
912
783
906
1009
953
687
700
722
591
664
846
850
647
506
507
548
600
529
309
314
-48
-67
-47
-137
-243
-484
-550
-603
-373
-473
-720
-825
-534
-706
-1024
-688
-498
-793
-861
-754
-566
-619
-997
-743
-482
-306
-526
-451
-44
181
-162
-237
230
325
256
220
457
442
499
495
439
654
587
620
563
773
922
845
791
685
911
688
515
485
427
634
407
130
36
77
102
-131
-457
-534
-583
-706
-801
-799
-665
-1033
-1072
-797
-752
-755
-913
-818
-830
-901
-778
-637
-527
-630
-607
-414
-187
-143
-121
-30
54
22
-107
65
204
312
151
125
351
523
250
342
532
523
493
245
600
791
748
697
767
933
686
693
848
863
806
465
575
577
510
642
410
293
162
-66
206
37
111
