7717625.720505 6378991.986328 4082115.601017 1436219.755400 -1117139.526116 -3163814.640270 -4255911.856384 -3983113.602948 -2721445.742105 -765463.451927 1115168.452167 2446875.780050 3249074.177719 
8039393.418754 6628677.753296 4084516.285874 1080530.686223 -1797489.689461 -4043462.053436 -5237170.901505 -4981776.487532 -3477557.294271 -1164453.475848 1064128.736571 2668892.720842 3537053.190841 
8080496.902108 6567973.729079 4057367.537227 1152527.067575 -1601930.061118 -3691530.846450 -4677967.034194 -4206185.139887 -2461833.644510 -191202.572343 1930662.869166 3433542.677357 3920214.181241 
10575154.790300 8781134.068874 5651047.391959 1918114.557816 -1733805.331358 -4785921.461622 -6456515.206824 -6285788.666082 -4632201.747991 -1960776.257488 812460.056022 2848598.715785 3947802.091610 
8679750.265510 7015408.247225 4466640.060607 1584353.826910 -1219732.175899 -3646253.966059 -4881941.245183 -4738250.450780 -3652975.331338 -1648395.227888 492294.013124 1924848.788435 2790352.342967 
7688242.472803 7041088.505681 6322078.449784 5721552.372020 5380645.410495 4905822.912190 4215574.071363 3242214.915264 2101983.592477 1030407.749168 159301.923508 -504430.923376 -1264830.019865 
6261914.307038 5644586.437173 5123494.093096 4846282.204709 4594840.665316 4167327.337973 3661710.447590 3101250.740195 2439460.255231 1796174.678633 1123304.898070 602766.222121 116766.914782 
17459948.189995 16646117.181313 15477025.719023 14553169.187624 13644181.288677 12222426.901736 10353136.887103 8387376.546184 6377912.906363 4128153.448637 1758891.358992 -352480.878643 -2270931.837898 
21922605.447050 19914246.707964 17078706.669949 15966697.209067 15820264.515879 14179295.746253 11345328.715901 8748944.217464 6265940.380191 2860937.203678 -538481.210992 -2502412.399348 -4021531.237169 
35118722.536554 32049204.558277 27533401.631559 25758820.416046 25546796.749982 22882614.429846 18221680.152643 14003138.067387 9822750.390583 4137343.542814 -1485757.855445 -4680171.779255 -7077958.391076 
22609820.107049 19127733.986805 15353477.151145 15860328.821214 18097483.601541 16724621.141805 12701065.847686 11271675.356149 11937288.091438 10641497.079980 6825225.765474 4602667.896536 4899007.141853 
26268271.241252 22712742.809973 18606776.731686 19043747.585210 21694282.562627 20425182.993098 15879455.653319 13902901.435945 14716062.589180 13653700.781351 9512503.542064 6457814.739992 6551488.645852 
30006200.125099 25958712.301991 21326566.486961 21975174.987029 25134804.759005 23387174.127657 18043978.977855 15942472.994208 17152927.025672 15727768.252057 10587794.525724 6962191.694962 7284017.080996 
31154491.521256 27208801.103097 22738120.339398 23466375.152213 26420439.490294 24555071.943261 19266996.001692 17198219.824696 18318143.040159 16843165.422534 11733145.802653 8017577.508652 8130071.528350 
33390560.560927 29726277.891122 25414851.146685 25690446.390275 27749185.194787 25755821.383938 20598434.632695 17880497.735692 17915772.638182 15909634.853902 10688600.266271 6597909.063482 5691476.351539 
10765846.275231 10476403.989363 9927183.408624 9154438.384463 8147618.429796 6914948.130644 5516117.488466 4013212.507460 2412053.610369 754063.995758 -897893.847728 -2494943.829445 -3987870.566833 
11709522.090661 11395846.188444 10791358.388686 9962061.443701 8880065.064604 7535129.390630 6011993.582660 4387716.541876 2666580.234980 872220.578087 -909914.946380 -2615136.176650 -4194192.659003 
12050561.273954 11729649.064446 11100512.620260 10221966.518578 9082506.107745 7686726.636012 6115432.177787 4433159.141644 2650780.702915 802190.857257 -1030497.222523 -2794062.536097 -4463591.306759 
13882334.142458 13549673.783317 12896203.329495 11959687.976308 10721522.397623 9215035.673494 7501820.484816 5645658.024500 3657379.005021 1590675.672611 -472378.132078 -2491317.186983 -4422085.501626 
14238874.002088 13893110.216573 13253100.344053 12393632.237470 11249487.769389 9843246.750735 8241052.658206 6549933.459303 4728232.206320 2807002.608027 899405.321340 -961926.310326 -2735252.883279 
7581458.706166 7393268.094582 7141290.783008 6800140.160741 6359564.349340 5827128.417270 5207548.164935 4531217.134973 3815548.857823 3044619.362529 2238093.940660 1422723.091003 617379.219715 
8528162.292989 8313275.779478 8088008.822596 7761103.343876 7333170.870989 6808922.660621 6178806.360274 5514727.481870 4804560.915769 4016597.573023 3201495.987347 2385720.566688 1574948.703555 
10934847.992868 10656224.675550 10271260.732659 9908370.827872 9460182.608270 8789994.203568 7948145.575030 7120746.069685 6245677.998320 5241926.273875 4172156.363439 3112167.192044 2056895.095172 
14340093.219674 14038925.547848 13563355.323048 13064364.297535 12432650.892711 11535734.773757 10412528.936982 9266638.277136 8045729.706575 6676242.126257 5210434.207723 3737412.730614 2286207.534630 
16126577.430976 15838193.746953 15351845.405356 14781833.137344 14028230.885251 12997156.365207 11724692.771624 10440885.991831 9064599.130400 7476816.219106 5781987.760656 4117630.544019 2528024.041120 
4676425.229660 3902377.653068 2642645.341788 1531789.462096 393386.942092 -907142.808849 -1899219.942002 -2136019.864943 -1791730.886268 -1399057.030152 -998228.305903 -377280.018358 244443.523748 
5365399.724616 4159682.393283 2397965.050497 1340752.393164 305352.176257 -1278803.154762 -2607929.866862 -2570730.964679 -1744714.712527 -1259515.649597 -801769.069595 119452.043902 1073217.506132 
5747490.162903 4639648.700964 2835632.515152 1304166.798422 -189556.844687 -1803852.201037 -3027867.916926 -3046948.627907 -2312018.568286 -1565511.550624 -747247.468535 243884.149729 1217076.030585 
8526234.850685 7273668.851669 5046687.132271 2925356.733203 780038.677040 -1581664.915923 -3509546.199600 -4182320.125421 -3790273.897662 -3230744.391019 -2654904.211013 -1720997.445276 -661453.125067 
11487285.406807 9638890.904652 6528847.394270 4316066.667363 2327077.328461 -715935.260340 -3711575.671258 -4732719.607673 -4263093.057403 -4276991.067741 -4723748.640787 -4138575.168036 -2629346.056231 
6113204.418626 5588173.048356 4731239.639112 4192196.712195 4037319.269601 3881421.718028 3365494.123440 2608849.815030 1678354.298535 684943.496242 -138193.580971 -640447.962731 -1013726.703720 
4790269.141884 4480956.111708 3946433.630451 3537331.157195 3355781.896333 3232708.733332 2928354.632974 2358917.094005 1601137.415962 859735.659607 317803.340406 -37750.002516 -415594.684987 
2414072.319387 2127381.380933 1739972.011653 1511683.426045 1541327.725748 1662023.455086 1729297.517158 1640075.206235 1384252.195737 1072880.478458 837430.728151 799362.530970 811536.682136 
5993615.915871 4923725.619306 3435635.105222 3313692.170117 3994599.244209 3924491.027714 3310154.882498 3090329.349015 2848692.721514 1844571.843087 792755.687229 817838.346955 1266990.721608 
10966324.535872 9549899.048525 7442998.282131 7033537.092589 7515104.159175 6920618.923452 5554588.133803 4646671.755080 3606620.322327 1587673.649344 -345881.557115 -875030.153106 -956166.222920 
7674495.022423 6383641.459987 4650609.340513 4138376.502565 4914582.803552 5558839.151868 5304635.859076 4505520.736256 3540242.646937 2696752.453157 2309724.895043 2623670.703799 2776059.892538 
11311213.253159 9588556.861839 7348686.115716 7012795.838859 8128580.594500 8443075.509211 7453455.854882 6510897.496759 5738023.734714 4530835.340990 3417079.860879 3319222.054974 3559029.830010 
15915986.472824 13637587.320789 10511097.579101 10235008.156386 11844499.146607 11978965.399370 10416675.387508 9217258.333114 8376721.689377 6618214.549763 4711391.430540 4333320.125438 4724853.465665 
17586490.988312 14208285.413434 9446899.013691 9411114.159180 12400125.685906 12765849.594691 10406411.985937 9026653.601653 8691925.043044 6761115.424687 4040441.279345 3818800.719562 5371260.408602 
17961030.689147 14390626.883146 9362443.111549 9420535.238464 12540366.289722 12842788.460528 10186830.151273 8590434.494106 8287703.737699 6356637.115415 3344179.292090 2871146.370407 4495879.154606 
35924011.785877 34926704.356547 32952129.880565 30432570.785795 27087448.368219 22627124.050575 17549666.726164 12344275.505387 6885696.871452 1010086.174497 -4888196.885218 -10286755.433882 -15211779.700235 
41679687.212536 40491992.970557 38239357.838309 35328577.042599 31452564.523717 26319077.608894 20349312.440741 14299242.333848 7902506.093122 1096124.591910 -5694095.929574 -11993597.234152 -17650846.117551 
55048399.089799 53484915.616313 50484793.482743 46718103.921813 41690495.145194 34874175.220374 26878922.450938 18906497.233554 10505585.510434 1422441.965371 -7741296.802424 -16133083.270920 -23567426.068845 
67739737.778189 65875047.207248 62231893.495306 57498657.671159 51175271.152872 42638522.112706 32685005.549640 22635854.255836 12146358.378946 842801.686818 -10544686.894497 -20904872.652626 -30091632.244339 
92363745.998030 90047247.488725 85175737.031823 78620374.570336 69831187.577551 58184910.550431 44633675.707691 30752984.368280 16160348.421397 602258.161659 -14930039.391685 -29171973.520465 -41902023.901754 
11388232.870284 11162701.894116 10857435.456911 10398265.175206 9835302.505325 9106969.852463 8259763.716169 7343746.971946 6346580.551861 5254921.667017 4105964.727969 2960946.318007 1796350.024652 
17831345.513173 17591510.822391 17120803.145897 16485199.454374 15631334.129093 14524206.065543 13227299.190768 11819687.219510 10277688.227541 8568163.599453 6773049.665668 4958686.023810 3111507.198955 
21883645.184492 21600975.606968 21028737.497308 20268333.799579 19241945.572007 17879627.009686 16273666.346154 14565236.030077 12705244.116952 10623336.929952 8427265.893405 6229765.452817 4020801.664430 
24709915.990643 24379248.310835 23709826.755240 22840682.083576 21679427.623430 20115379.873820 18260375.582879 16317781.158426 14230432.436348 11884618.272869 9415351.017670 6975597.375440 4559871.593570 
29346120.734564 28945263.125239 28136375.369830 27097596.843357 25712225.904809 23836310.070119 21599462.605875 19282480.567946 16808377.700921 14029200.259297 11102298.432112 8236939.603135 5431459.161150 
10604907.971574 8461102.148643 5420250.424246 3920077.674111 2671565.873209 -397264.506268 -3754138.409594 -4475848.027449 -3596634.110116 -3330401.165364 -3452422.343391 -2516866.605518 -432397.156891 
13465498.038513 10667966.280343 6589015.997986 4711137.090634 3179256.806626 -919407.094625 -5383504.305304 -6227660.620055 -4827399.200134 -4231076.467232 -4259808.540157 -2831576.721888 -42263.312801 
17551130.945823 14012746.678198 8741618.252398 6529772.918205 4641652.525227 -747011.253807 -6459741.343751 -7536589.469460 -5574253.863027 -4853323.987183 -5039623.784929 -3245983.627456 191025.943063 
20334381.935841 16201288.349658 10110372.266640 7875376.891735 5878593.914299 -459512.257248 -7194546.817024 -8584475.354152 -6664841.148328 -6384432.963735 -7207973.996385 -5529788.729308 -1835095.200468 
31681790.647225 26155173.963787 17308822.452930 13035282.195717 8983698.683430 -791490.912370 -10962191.172469 -13752386.577975 -11706340.723288 -11321775.620086 -12148781.603562 -9475522.966161 -4038423.727729 
6192477.938984 5816760.404661 5153880.208155 4694916.254964 4510011.935170 4296106.394913 3821575.104515 3046174.652190 2100677.074559 1179273.430551 433038.213994 -133235.828149 -701665.176892 
6401817.837143 5857275.967108 4925973.544976 4399531.479523 4319465.719311 4194237.446588 3710623.304963 2904276.126618 1832895.083954 716441.459580 -71509.260878 -449929.727420 -802635.169645 
7704637.616331 6580699.197886 4794877.229611 4106249.242558 4485992.098677 4750833.008797 4340807.438253 3424442.365654 1982859.222071 409215.429263 -450211.046523 -387170.413772 -344575.278126 
8885944.002751 7286307.837323 4745647.664457 3797348.429784 4577085.265431 5330527.675219 5113435.615462 3984985.841974 2153842.630847 240962.425443 -603909.313881 -209998.375909 31952.824738 
9986698.662132 8201980.895452 5442426.321286 4674106.149150 5644135.888446 6187271.213300 5737112.254932 4789929.252979 3236282.366945 1191410.896506 47788.734422 309813.077791 549615.818578 
11177415.803566 9594652.698465 7733564.757792 7845560.538562 8935804.415076 8612416.579697 7235064.663801 6524917.564574 6289110.843819 5388808.400327 4162250.415032 3697904.470160 3588155.006539 
12818089.865038 10743538.829690 8365580.214122 8573494.916066 10008980.220152 9683541.499627 8007373.503815 7403340.763163 7340185.114722 6030157.924932 4329718.853780 4015832.224985 4346528.095182 
15055595.721739 12505949.994356 9377718.786253 9770417.609254 11672333.394982 11134267.557045 8991009.641087 8391087.671213 8417983.658035 6669625.436894 4423934.091348 4124284.813323 4709460.728740 
17204325.217399 13342532.193807 8678016.183013 9915628.957853 13396948.792079 12305106.615919 8666219.472593 8251713.857544 9424302.963654 7464950.356380 3987978.211524 3666706.172310 5448081.673746 
20307087.519461 15709439.035501 10113080.225580 11676362.389558 15915139.213639 14634779.614503 10178125.745571 9712236.345044 11287786.502632 9104768.314859 4812850.862499 4202451.856323 6396478.788895 
6133909.824758 5933791.115616 5624605.821754 5207998.825547 4687214.350880 4071684.067661 3370331.050360 2619049.549493 1818831.509753 993189.402657 157539.471625 -666590.049387 -1459658.466174 
8092945.337016 7821262.273682 7377471.110455 6799203.010640 6072152.435842 5171800.420582 4152997.844623 3122314.529737 2043098.903524 916674.027076 -212867.820052 -1271585.175701 -2270348.013333 
15410553.971828 15007602.450473 14246112.702331 13197644.381669 11824656.919762 10085542.699860 8090064.357098 6033268.496024 3865273.385385 1594011.813294 -697243.016719 -2873943.054881 -4894088.391686 
22051484.231539 21543336.319023 20467505.633283 18912744.749676 16831064.183778 14227291.383316 11232425.320284 8073279.302901 4737090.991910 1273059.088806 -2175341.389293 -5473463.544793 -8507800.246183 
31144338.326987 30394553.844959 28860872.028834 26686301.152763 23774205.840645 20039284.431627 15697447.275039 11230001.483804 6479975.761249 1517459.365799 -3447780.762291 -8132814.310143 -12389659.408530 
20174346.632021 19804980.319796 19173432.691156 18288587.893505 17164756.021701 15715059.812947 14026776.078464 12196752.965755 10202632.666594 8037980.313471 5761328.376321 3467438.185435 1168133.132294 
23840659.392732 23426543.877352 22787454.011773 21904020.710074 20817301.220689 19354076.554031 17597951.022062 15694988.755154 13620992.231513 11338380.977061 8888051.092331 6390972.519896 3886358.209476 
26821337.614489 26289558.795803 25555728.408303 24663430.940379 23434610.553799 21745332.320668 19711539.951947 17603474.150817 15340274.457837 12777255.841224 9972925.779976 7193442.462132 4478663.177072 
32771288.107155 32172516.632415 31290300.155555 30232348.297376 28770134.072549 26690261.790378 24209897.564238 21669302.521727 18960020.267580 15844948.146394 12416268.211424 9046435.601700 5760217.968653 
41335538.345613 40766529.135860 39664031.336188 38273730.052805 36408621.051125 33846918.039346 30791767.647351 27585872.952047 24151704.172682 20271416.536940 16063399.935084 11865661.257913 7730357.074491 
2299615.531664 1984783.911302 1439174.979655 842799.607236 247094.915005 -319308.967242 -678057.404921 -756444.974410 -595943.226607 -284236.535018 42470.612531 347200.087887 580287.689223 
2633667.494334 2331827.185222 1810181.371113 1244648.976992 661761.897360 66000.995219 -386462.078782 -618994.668917 -658222.842742 -562089.427335 -425097.010618 -267775.953262 -70678.114457 
3528132.058386 3170798.965841 2467875.492535 1599215.730392 659701.904874 -209009.001027 -832330.618483 -1142710.151399 -1126827.262653 -857120.829409 -459831.314662 -66585.575558 265437.114895 
4960660.518740 4492767.420924 3551805.657591 2331377.102857 987816.620423 -266143.248834 -1219254.769989 -1765792.850996 -1878397.075396 -1612311.343580 -1090390.664234 -537411.827375 -58192.014571 
5889002.438133 5265395.590304 4000272.603535 2395729.047772 679006.298190 -904715.804179 -2122056.488280 -2746442.607161 -2795210.674428 -2392824.644774 -1722716.584199 -1035997.457169 -442474.075204 
9855833.797029 8592669.238202 6575199.312923 5187235.186684 5080172.245052 5744534.978581 5716374.013506 4403384.942758 2271498.070080 269210.629204 -705102.159392 -827572.006807 -857110.498014 
10620966.491364 8767803.370861 5775515.763281 4076841.290488 4519548.551298 6087588.350900 6459112.972318 4722344.475174 1996094.530457 -215673.394658 -890932.597181 -325803.351117 199253.709432 
13068256.367529 11094852.850027 7953589.304466 6088070.735994 6503920.942908 7820426.610915 8009096.733273 6112743.002068 3188752.637848 559432.828487 -527793.658250 -393434.482359 -93689.844246 
14697395.437471 12379491.171255 8673626.226249 6651232.673662 7210576.017744 8584745.663639 8785270.777521 7100565.427844 4368783.805164 1484102.184303 -194190.004432 -394960.810053 13775.741578 
17313200.088479 14928009.267300 10997001.964906 8703910.816763 9109063.692146 10517012.571989 10654562.076407 8636288.827211 5139766.312327 1577666.279593 -386241.804707 -460716.053592 -214500.460671 
8066066.157345 7350668.462448 6541713.320087 6419316.807113 6616996.411022 6437926.435941 5768287.283218 5201807.836832 4803074.973568 4181105.228170 3485468.462579 3079860.568995 2677319.429802 
9661616.830554 8592258.494264 7353060.737884 7346944.830329 7800229.732706 7507496.477429 6565470.687505 5976933.538685 5619558.298341 4755813.980568 3740365.824980 3333170.769869 3113242.407614 
11995032.912712 10643205.098228 9010114.516347 9090796.620821 9841025.289787 9379831.166880 8046841.354999 7368799.732239 7056915.409242 5979220.384908 4640864.307933 4155434.795915 3909890.346873 
14586337.819841 12392433.783811 9768542.280667 10218496.638160 11969781.808800 11231625.256735 9104820.100212 8541807.015329 8672812.415178 7295901.015950 5272726.994817 4937984.647697 5269219.325068 
16074025.601424 13305431.760291 10011304.714909 10838268.237142 13258362.491904 12168332.939117 9290409.026130 8805089.249025 9476129.978805 7888166.935409 5177708.528209 4683807.430635 5432431.887325 
13383353.416744 12967203.690699 12234258.134685 11387576.887960 10272819.642355 8736339.669402 6969844.704554 5235642.446225 3466853.100964 1542042.861710 -395036.565841 -2170829.731856 -3749495.985763 
14806062.572279 14273691.013050 13360039.792743 12427866.409364 11218177.317659 9429719.775925 7336170.863700 5355445.417036 3393803.718733 1246524.996373 -1013797.399347 -3013158.236771 -4684730.398144 
18887990.144283 18280277.806195 17173651.936428 15966748.491127 14418034.789532 12170379.231668 9494119.713644 6944693.494996 4430076.370323 1681657.022228 -1239154.248467 -3857136.839373 -6046958.326393 
21325472.059424 20699988.222961 19473134.246561 18036087.448069 16166676.011452 13567658.756018 10556968.761001 7600801.183352 4614732.912650 1372228.355848 -1884775.093570 -4781717.473125 -7308206.661963 
25348546.048501 24570878.355336 23116055.652991 21563939.999078 19516962.660638 16484353.420796 12977342.246526 9669615.643783 6295976.029885 2458230.723413 -1434016.983750 -4806771.570878 -7773170.204641 
23473356.633505 22851564.627111 22036813.518195 20961620.542606 19676083.316418 17933883.791602 15993122.611873 13843331.578399 11485235.562871 8949548.185466 6336123.350654 3748997.539949 1170053.718306 
27453068.219238 26653881.321205 25708627.939979 24576794.341071 23145409.401495 21066699.794731 18802746.882802 16394655.078664 13716650.158828 10818716.980139 7817279.282802 4816631.184045 1864892.479053 
31125267.231435 30175322.376301 29024767.634632 27997695.862417 26405515.745426 24030833.431557 21495170.004285 18942941.711197 15995235.462378 12824246.845523 9574584.329097 6262149.991443 3045146.909062 
36853900.986135 36022544.093349 34786671.154892 33453827.257474 31774591.902284 29341603.792952 26491601.617951 23490490.097879 20247169.839275 16656892.180756 12856907.113614 9061357.459960 5401582.968719 
43719635.958116 42870383.015636 41471379.878068 39940871.838885 38131205.534148 35478751.282353 32221810.914112 28778450.988529 25132750.744626 20977965.800321 16478694.086611 12062822.156578 7827806.996628 
3295175.987392 2794621.192570 2005488.652067 1199474.428183 353465.182756 -488937.986586 -1125129.080097 -1383093.390433 -1284169.279709 -955757.504743 -503490.726788 -2318.186747 450660.206749 
6303128.076053 5415396.878506 3784626.151010 2062054.511951 249305.698170 -1625299.602493 -3036154.701195 -3517269.222132 -3121248.065017 -2187892.297524 -1045562.485462 99787.467833 1198751.927056 
7996086.255843 6761213.473252 4548499.673001 2324776.637688 111380.907640 -2253189.276052 -4028541.728803 -4391142.361554 -3528004.692258 -2191225.124370 -885770.422725 478280.509060 1810407.517305 
9432253.604532 8089808.256741 5755123.442900 3501581.335077 1278392.602683 -1320239.129946 -3583981.687947 -4544425.843707 -4286336.368973 -3695724.310600 -3143581.487275 -2186682.982951 -678816.356768 
10030723.943763 8530887.669487 5845735.372036 3470578.469933 1267327.521252 -1416795.234627 -3816775.887482 -4640420.253609 -4082579.176089 -3241355.195611 -2673315.606131 -1711677.407006 -119742.368061 
11732566.024306 10559047.095003 8970465.339232 8655607.631559 8825702.850181 8033611.672232 6506112.553622 5378144.440722 4611780.338459 3213791.823158 1304801.769020 31049.644110 -463025.975948 
12266617.461307 11028745.236820 9254298.961201 8882637.367247 9211806.271431 8533686.240358 6995306.314900 5874508.434300 5185319.980302 3838317.598130 1920672.499636 690829.720101 295779.040452 
13620602.241237 12132922.912093 9954197.349850 9408780.764208 9839993.740188 9247455.783351 7599588.400609 6347820.210012 5512759.702768 3873716.666306 1569406.147664 132312.013323 -211547.720246 
17447342.756372 15058951.382320 11527670.338952 10721145.657367 11876180.131322 11659401.108833 9643238.340101 8016493.873492 6944711.388066 4667383.417325 1582908.048846 34199.664946 261596.701377 
19684864.271723 16403392.033464 11681322.500730 10736093.576625 12756861.601573 13072036.192164 10847901.608754 8955099.495006 7827061.154006 5209863.434253 1839122.031264 573050.860307 1570381.376232 
9916586.156066 8969200.510660 7900571.256326 7869526.923789 8106553.344870 7532847.367211 6558547.066966 6032784.567750 5657698.082302 4679037.461316 3336671.246933 2498868.571087 2166041.465935 
12641650.404031 10689112.828436 8371271.872759 8752036.772541 10314578.866909 9512987.230249 7305282.365196 6652739.079098 7314350.836224 6398677.441809 3942691.724131 2654554.066534 3121373.443063 
15241445.414071 12906077.486077 10099281.032381 10683035.140044 12608515.238336 11436093.044152 8610607.608504 7961323.353551 8918790.846016 7703132.028394 4506786.347397 2984633.560089 3694939.970702 
18651579.369098 15493419.115988 11808833.624512 12804533.799983 15545593.062843 14017037.128760 10139298.486551 9448258.545384 10973686.362069 9603499.777813 5421593.079642 3603533.796880 4788231.351667 
23188330.815716 19247882.637940 14496215.868444 15812047.981223 19355705.492107 17467248.433182 12557962.434667 11660824.504122 13681539.140153 11982447.250901 6622611.552776 4207608.004920 5820034.152936 
18707164.429919 18286110.894995 17341193.728096 15957041.361297 14151817.913535 11928958.168277 9365330.142627 6576703.458356 3641017.843354 644966.654556 -2338785.084920 -5210633.158161 -7870143.272797 
22487832.606633 21990123.148827 20861408.039009 19217448.710878 17052909.480582 14368337.612403 11283952.568281 7947199.593268 4425626.772872 820420.074821 -2748745.946343 -6129635.878948 -9257802.948942 
31426511.539284 30783811.671071 29240197.728523 26985384.883777 24020619.814748 20316029.133129 16026906.878022 11375230.484050 6486237.085741 1465976.242165 -3531901.098700 -8289918.146140 -12703154.384299 
37015814.386470 36266549.917550 34455299.719887 31824233.958854 28370812.424907 24036182.329171 18988057.928086 13519821.551432 7804895.621112 1924942.635223 -3949748.936797 -9512622.351394 -14635772.767586 
44917348.165228 44031752.558215 41832991.787762 38572740.798927 34277377.245952 28923110.764429 22712174.062595 15947120.418581 8850316.019297 1579507.121622 -5646759.063441 -12497552.710304 -18798339.574521 
25560917.486277 24900140.660898 23983559.900285 23027984.841143 21823490.313623 20012524.360135 17974864.228278 15927018.759013 13642344.290908 11046769.072422 8406583.563457 5831336.366646 3254443.265241 
30303953.915782 29794842.510223 28864274.454011 27678782.701839 26161083.444794 24182188.983004 21848576.605366 19351045.665762 16693732.164861 13788782.303763 10707718.115682 7617517.599423 4576441.081612 
32223998.001742 31663486.492189 30652392.803452 29372785.032825 27734605.559158 25580407.627390 22995105.299285 20264037.067797 17385437.875718 14242886.740760 10871768.407794 7500152.967570 4248423.926255 
39804864.523564 39188919.411388 38035469.972133 36510348.072734 34563975.085892 32036909.054925 28976127.224076 25702397.016808 22221690.808876 18452041.422079 14395611.151382 10313479.588778 6347833.730122 
50559082.148321 49798725.243630 48362068.594926 46527368.730934 44174288.528899 41018244.459554 37190440.669658 33158618.518874 28899280.357964 24232759.110171 19140299.516514 14053584.624889 9119164.448459 
2897959.301443 2571242.902894 1953898.627936 1176961.633806 346633.455831 -341806.895349 -813737.067549 -1016183.679345 -843940.565571 -447564.820605 33195.050087 503819.072675 819877.439419 
3522736.061469 3130285.221925 2376216.433196 1449243.125449 457074.475358 -452674.214033 -1159986.413033 -1537620.142193 -1485180.229934 -1132306.268037 -680060.005271 -188048.362096 253311.532024 
4997772.125750 4391161.079990 3164595.156247 1700216.519980 158352.656241 -1294931.244150 -2401446.907724 -2871255.154372 -2643291.193891 -1959152.534314 -1134415.650985 -252407.610935 559369.137629 
6267240.699019 5542747.983114 4006592.720887 2080255.021892 67189.293878 -1839900.416205 -3277020.769956 -3844083.421161 -3497500.946267 -2539740.398606 -1327035.171916 -9972.265887 1165914.637757 
7386194.170279 6485042.167594 4647263.579437 2571946.430212 392804.176016 -1795716.860997 -3519562.317227 -4150870.035299 -3625779.430148 -2480625.213970 -1230429.652969 147729.643257 1398918.553407 
8799594.556528 8332406.852658 7510104.543349 6849553.520778 6354883.067154 5728155.800868 4808837.064905 3685312.441847 2437220.898769 1104330.410251 -151249.126678 -1246350.286404 -2227836.872826 
9109963.599858 8475343.597075 7401021.230430 6631931.877939 6223702.473768 5812978.902627 5057033.750276 3983569.942895 2558552.115312 1021264.849428 -262696.260102 -1222805.874378 -1998235.016161 
8864044.389307 8016809.818423 6558036.346446 5627496.220757 5491890.789436 5589637.001394 5166094.791182 4127599.847048 2539841.034756 935022.515397 -134096.118414 -686482.468263 -1101217.905504 
10102691.512345 9027735.288456 7076648.779983 5922302.475191 5993826.081719 6336579.725317 5943340.892022 4667630.216581 2840333.802498 1029485.026992 -187181.677196 -687662.104762 -968141.490970 
12674271.544288 11241254.631513 8626319.285836 7159856.652547 7419268.697374 8104056.731839 7740762.473622 6014393.283333 3465714.537842 1072485.876208 -282912.566162 -530194.055862 -649421.791455 
7280659.372949 5802123.542888 4107968.687842 4523793.099295 5822660.160482 5416081.404321 3841390.547694 3541322.269132 4145575.034954 3670317.555782 2188787.634121 1582876.321481 2117008.422753 
8501686.022287 6471441.979138 4076795.759620 4699168.678378 6670360.985971 6174364.166699 4039946.195413 3699532.765945 4600574.795078 4004138.699380 2067150.816739 1502975.212179 2516826.061671 
10198430.749963 7647229.576264 4535250.293269 5395843.844397 7985001.771985 7393969.689771 4635803.506361 4189660.651634 5445476.084342 4794627.238073 2362967.169141 1620916.146622 2934551.826016 
13967586.991767 10245931.370619 5439528.113186 6973347.138405 11129863.579359 10255963.027852 5844942.902382 5030928.531271 7608807.271768 7253195.716248 3341294.018327 1652917.940532 3867651.221748 
17067650.820456 12998608.574170 7744760.207242 9324444.725812 13785708.441537 12808354.012124 7909311.322467 6884779.626540 9480115.334445 8938874.382856 4565022.099725 2584130.253109 4814775.735517 
8453083.218135 8225645.913052 7789805.616106 7220333.308046 6479139.049577 5525242.443709 4426405.483411 3274977.116668 2071970.785054 798056.570749 -497450.645172 -1706601.199276 -2818595.506335 
11632723.042505 11341012.534758 10741422.961685 9964274.250147 8953369.725576 7630561.541763 6097656.009389 4493371.000293 2836215.035564 1082958.166283 -702721.561311 -2352967.926797 -3870990.100447 
13700088.718953 13338030.738064 12600655.303682 11683155.775562 10493737.654716 8902506.058155 7058745.562235 5167248.833205 3244413.286584 1231728.003238 -810593.344068 -2673901.366663 -4353829.237995 
17459192.600951 17022397.365159 16111369.155071 14970312.965523 13475266.283079 11471223.934018 9135746.258324 6736962.013600 4286374.298134 1687041.382816 -949287.153668 -3385793.324002 -5595519.159365 
22152069.207289 21584687.504513 20426836.692926 19028487.099399 17204223.216202 14703208.695324 11751507.828852 8787812.630609 5775462.949434 2518248.828760 -786354.113332 -3812304.601555 -6508860.449471 
20226668.946707 19795280.321504 19135265.033639 18164127.611465 16908618.936025 15373732.165393 13603566.660986 11662029.855666 9531433.443768 7258857.306603 4897412.763631 2498822.440447 88368.775246 
24645770.146859 24172693.755683 23551082.533071 22546240.643093 21252119.319832 19655993.143082 17800200.553336 15746626.723250 13475733.712476 11046077.057151 8503095.295053 5892339.041281 3244486.560541 
26442777.596211 25915255.067689 25037798.707919 23832408.166130 22302524.905488 20413601.548498 18304718.027681 16011557.385133 13527738.162022 10856682.196790 8165651.673895 5474314.710781 2794933.095702 
31333633.319863 30744768.062628 29832919.524721 28577398.762365 26941106.449264 24849640.584218 22459071.600633 19904743.155778 17097858.852264 14006615.803299 10809611.166494 7629926.620672 4416370.792444 
39917431.917066 39236590.141785 38169023.824943 36740746.941973 34840430.756430 32293320.480644 29305143.185689 26156133.042119 22675629.909399 18757263.980968 14618288.323729 10542774.233418 6397517.647929 
3757716.744915 3253679.045287 2362695.319172 1304753.253250 217908.958780 -779744.149764 -1454836.435202 -1632125.006743 -1423174.415198 -924100.118146 -259607.960782 438226.624744 957944.450206 
5604001.918837 4941283.974423 3615353.030835 1987951.682315 234665.505282 -1390348.994633 -2471260.516037 -2804275.845533 -2413314.159300 -1530313.654900 -280182.325260 1026490.193124 2030893.475130 
6433814.824032 5669558.222202 4065647.954873 2043592.992263 -140718.158293 -2134089.858654 -3482573.361639 -3879611.826964 -3329388.784202 -2136867.494217 -527386.948673 1176468.051943 2578816.408118 
8937222.527307 7956743.758962 5757084.620807 2927647.410408 -125647.415548 -2948850.541540 -4907216.061342 -5505834.622359 -4851118.177051 -3281050.478783 -1139452.975685 1139855.073959 2991182.556071 
10004528.808906 8865929.942689 6284215.427629 2964075.184563 -591777.936902 -3834365.379768 -5953243.480414 -6447532.170667 -5522944.367314 -3589505.907506 -1003122.802420 1658506.130257 3672909.709457 
11476852.015743 10476790.144144 8779842.491196 7795265.837267 7614497.778491 7273230.302978 6160337.425738 4530874.956588 2623642.424505 674742.006541 -917396.096340 -1976321.454765 -2894967.159147 
13552188.335659 12231633.928148 9870926.544763 8446881.555319 8334363.909603 8265804.894129 7226398.711217 5180542.921440 2533476.810639 -67894.806631 -1852042.638839 -2688371.871404 -3368708.376714 
16825424.931304 15007273.230386 11730705.026166 9900125.367870 10003498.776364 10203776.567915 9033136.595933 6481721.246751 3131635.650218 -129453.943644 -2246482.048529 -3051626.812685 -3721548.303983 
19044995.888840 16744754.857139 12703013.319309 10815484.553499 11338812.871388 11680178.710613 10223071.339219 7436929.847916 4039477.635889 620020.612977 -1807408.267547 -2813981.194579 -3554563.113876 
22553779.151490 19881886.784938 15319384.635328 13302677.664468 13892441.125930 14085435.856845 12399553.782929 9331206.049636 5358600.597943 1211175.387090 -1557270.683336 -2591566.233713 -3617924.442574 
12508013.760424 10953821.143388 9212202.343625 9216279.883185 9877543.202467 9303502.817395 7734219.112089 7131324.312075 6685006.911953 5293156.908982 3661301.614934 3107784.340417 3119523.054654 
14894432.695525 12978106.101811 10693034.493023 10678988.770153 11798217.253571 11369074.003244 9604459.568032 8696519.344627 8151165.487979 6727235.983461 4981148.725658 4454370.402909 4497819.841986 
17870870.953810 15710262.123125 12977884.183449 12869256.961976 14159495.711333 13684937.250966 11593240.195914 10380604.205340 9638749.705099 7905432.740957 5762973.027021 4978757.508228 4929775.653929 
19723134.893562 16628409.763010 12821236.500733 13060146.323574 15300455.427354 14773705.964661 11825178.039622 10461699.934089 10174524.132022 8305098.643529 5469037.338268 4551177.400179 5128834.573075 
21357873.440054 17833067.669212 13591154.425073 14201501.884568 16967017.793577 15795756.755724 11865051.592229 10399990.952971 10742119.920395 8798843.971516 5072747.616018 3627557.370840 4348653.449177 
12376664.834293 12086359.955529 11530005.991869 10728973.698797 9692792.837633 8426866.880684 6958250.778471 5364941.581274 3675941.409246 1919991.539752 129283.500368 -1631579.016031 -3304559.536017 
15118108.283616 14765617.115319 14054822.422952 13024752.501964 11690616.128317 10052172.559759 8160569.011316 6116521.468776 3952147.727098 1721313.405873 -499867.702703 -2642883.043013 -4653627.795190 
17593949.737256 17203925.696687 16395491.395202 15236517.634507 13710394.138866 11821144.493619 9661270.378965 7331294.494267 4849493.311780 2284355.972135 -245862.795763 -2681861.202038 -4983533.270016 
18274386.394271 17857750.066669 17004060.995004 15814753.747123 14230579.862123 12235936.744537 9958784.931545 7518982.442956 4935572.391754 2281046.999798 -377212.619230 -2930582.590256 -5332076.099064 
22415583.273384 21951070.364633 20961400.661307 19576473.583294 17727876.571153 15376052.580801 12669424.790739 9780044.977619 6716095.060759 3528553.678028 312645.266317 -2793976.591787 -5735005.964260 
12554101.722219 12331991.131391 11922022.019423 11357427.631000 10629961.701172 9723902.739388 8668535.172476 7501614.977924 6235476.178997 4869992.314080 3446501.409508 2012424.324248 568982.124724 
16001579.612780 15783892.039220 15365604.000594 14786387.063227 14032517.952135 13071646.844751 11938956.981467 10691052.195332 9331758.856274 7845288.055765 6261569.766666 4653038.997461 3030800.984589 
18806172.185009 18561190.968906 18078534.112482 17434102.471860 16585694.077596 15466688.202377 14135560.533829 12692627.268195 11124182.615015 9387501.698341 7513050.738710 5602929.494334 3693696.746224 
24561370.250256 24263624.120206 23631433.757685 22771809.711934 21654480.263390 20186815.268422 18426842.569494 16512287.795544 14450896.757939 12185849.991851 9749120.406288 7256560.733158 4775096.639602 
30303480.445435 29930396.597547 29144039.417932 28110751.751818 26764100.861881 24958792.764339 22770675.599159 20412023.367683 17898403.206094 15117989.576269 12110740.076316 9056904.092848 6040944.826027 
3586341.564126 3081641.813697 2297498.592044 1457336.743056 577992.505220 -258243.155166 -870741.375837 -1213464.624106 -1365834.475140 -1334194.910832 -1063659.613269 -807783.031786 -678824.956932 
5739786.091074 5028411.031348 3711885.094251 2154012.116165 501939.187596 -1063064.133922 -2185234.964318 -2653725.073962 -2518957.871968 -1944534.947660 -1124228.418630 -318540.596525 307899.901028 
5791217.270432 4980976.443422 3590720.880354 1910605.542066 137424.812848 -1450350.798771 -2522345.383180 -2829744.499290 -2458947.204100 -1554552.997755 -355684.289788 761812.227374 1536807.598291 
6984622.471616 6068662.065042 4359323.768713 2215526.392521 47183.076604 -1816883.865610 -3009137.288317 -3112662.341565 -2358042.853226 -970223.949817 633273.186361 2063442.338897 2991433.449138 
8665597.022765 7574142.891385 5326392.846573 2450056.751006 -440611.299583 -2858638.144906 -4335380.902768 -4422971.075277 -3446223.542585 -1630732.294482 414637.615075 2108059.778980 3072224.156097 
8572925.582992 6973879.592694 4571378.676845 3880353.659634 4796432.899776 5464639.370820 4749076.230587 3449566.384125 2262908.761100 1162240.202339 235237.085559 -92329.780760 59620.109475 
8739922.584414 7077252.084244 4602354.962061 3830949.920435 4714755.111438 5350951.646103 4915120.050593 3669298.457596 2339253.870277 1073118.553735 179324.750556 6640.895208 194625.966789 
11233391.982585 8764104.333138 4919815.437231 3511845.394240 5022417.178660 6671476.030597 6640670.489699 4894768.320023 2603969.782594 573902.245155 -261367.796240 245177.004520 974928.774400 
12453275.767422 9314063.830811 4619205.906853 3348472.492104 5354392.001023 7006450.797085 6715018.648025 5401785.348009 3448873.963336 1071922.193363 -388629.484948 75704.077912 1163938.253273 
12903359.803784 10346929.485733 6661688.023453 5989511.611716 7519791.085187 7917257.684374 6463465.412237 5228598.213609 4302913.329640 2473425.654262 369788.489662 -411596.028845 -97064.310629 
6619999.885564 5852124.596601 4933411.040354 4939020.404260 5522688.924726 5359021.527566 4410178.800390 3828458.915663 3771286.617316 3529433.043383 2739656.654923 2062065.434069 1828210.568523 
8340897.437830 7410053.914840 6216713.217662 6303250.236675 7074581.362764 6805208.356105 5606955.329956 4918293.853562 4906548.437161 4568290.835582 3570512.839423 2757186.973086 2463412.856256 
11555259.290180 10393500.192916 8887620.515664 9062609.651069 9976454.631060 9515320.121214 7974836.724807 7186269.926073 7178250.873063 6581481.477715 5190142.190857 4187940.641404 3839603.568471 
14592954.423539 12852928.436715 10605715.008404 11075212.287154 12603589.314852 11845973.322756 9542387.636725 8703834.497277 9102075.112735 8305152.490233 6183963.149827 4951278.385903 4929276.785857 
14897952.351203 12782642.656604 10064094.225169 10716081.888219 12717020.267616 11927655.242635 9145966.355073 8123597.764160 8893364.759019 8317542.873781 5847270.389116 4227148.680604 4373692.412093 
23116813.458086 22560215.307093 21498190.607469 20141514.012341 18380510.210168 16095425.484883 13460223.548075 10715329.880165 7860094.553422 4850895.377563 1784467.616012 -1156467.899392 -3886080.873573 
26235758.829621 25593472.103452 24378640.259253 22917919.212376 21014845.226557 18445299.599694 15471524.747703 12433160.113043 9260254.967672 5853352.076144 2383412.940338 -911436.273468 -3986744.908671 
32019093.097193 31236816.394070 29744090.652293 27911711.039022 25514524.835772 22316088.639805 18642345.901404 14858880.520424 10813556.316413 6470584.792035 2138129.346211 -1900203.171116 -5733212.049972 
35389615.526422 34489555.015097 32790760.384326 30828225.634414 28245836.792648 24702201.541617 20657805.596673 16589261.473912 12239884.505461 7523644.808863 2882132.955891 -1357756.785213 -5405691.297255 
37757174.202912 36794855.103860 34985188.389970 32924888.743173 30206690.453366 26430461.092609 22117759.669479 17805847.294423 13125240.163030 7987726.855082 2961989.711502 -1619705.054952 -6065515.789264 
15562539.029639 15334212.127238 14901535.834668 14287967.685417 13495817.240169 12514735.495813 11369425.672175 10092074.588221 8690237.228622 7177800.163480 5588213.753764 3943053.820294 2253895.256823 
18443424.671064 18190316.196825 17699956.178378 16989351.817845 16071356.416241 14928709.613848 13578028.522107 12074357.932625 10426213.425742 8655409.403711 6782447.359538 4840394.758315 2857377.726588 
22624645.421727 22319522.363454 21716904.013254 20848162.547382 19727616.533029 18326704.115546 16640203.613687 14760863.576687 12707920.857104 10511890.119276 8170655.076748 5738379.155808 3282154.770550 
27873706.282152 27512283.328554 26774690.730190 25734258.937534 24395841.608500 22711629.824919 20664227.243632 18371962.814095 15881111.696930 13208414.868491 10351144.540905 7372467.355717 4368185.612473 
39138850.288036 38674111.391178 37661979.604974 36229156.204299 34351808.925634 31943566.218763 29040361.696671 25820985.276473 22303411.346074 18475496.418597 14390325.730016 10173060.030520 5911314.409195 
12125762.941950 11034449.983422 8407967.160119 5070840.778416 1420985.109845 -2272260.033439 -5278702.965982 -6840237.112874 -6976562.036385 -6178199.073387 -4776327.308619 -2913289.645600 -999705.072530 
25417712.139519 22811169.583659 16399615.766234 8372056.952646 -89255.457656 -8220624.189121 -14315389.275567 -16544349.157052 -14935416.985392 -11032874.521663 -6137813.933780 -847146.846268 3866733.156631 
38617479.630003 34556831.565015 24731731.953149 12862602.517688 515378.241998 -11577701.801211 -20796682.321708 -24083957.267505 -21459903.307528 -15697165.348463 -8977163.804667 -1878768.559079 4416735.055633 
65271231.698404 58263631.016839 41502311.330851 21627818.600213 920631.818359 -19890436.878116 -36062616.829766 -41764602.569322 -37116458.032822 -27210537.692927 -15674028.581453 -3161343.159629 8227425.149225 
92453054.247649 82593424.721787 58808322.905031 30180359.630566 495267.430343 -28554989.495525 -50595086.103410 -58179162.850658 -51877907.289907 -38391657.143453 -22416107.965130 -5001035.167800 10807677.279220 
12180498.044939 10896603.775448 9060574.468575 8045688.605047 7956739.777813 7555020.712425 6290613.950978 4577039.045333 2774985.494507 993624.838459 -600980.980645 -1847835.083746 -2817657.929297 
11844486.243767 10406218.939669 8173166.237039 7165240.899217 7339313.206237 7313754.578115 6274623.062327 4553823.831786 2576184.480728 741051.262237 -543157.512343 -1270183.275554 -1952835.699929 
14199284.518774 12458473.216852 9710657.813887 8547891.805478 8879845.822136 8930278.578944 7714370.745765 5740512.128904 3473480.861387 1296655.837233 -320162.002867 -1247001.940514 -2015953.043407 
15447174.510590 13301830.597361 10019608.648025 8632281.046571 9216437.651634 9579853.533691 8379848.971512 6383478.101499 3956327.025872 1530833.537565 -239863.193408 -1108551.524060 -1641459.118319 
17281906.850697 15347709.826230 12285152.927010 10670610.545889 10886155.425755 11171598.240902 9976941.459679 7536461.665275 4513894.014291 1808313.051863 51031.409904 -786916.410423 -1600800.687207 
11092712.062842 10087679.306544 8961850.290776 8775071.529536 9079813.506837 8782410.100352 7751732.653781 6900523.597720 6289698.774948 5509929.662315 4434057.540872 3567513.263000 2927011.556274 
12850870.790958 11514113.109731 9811170.647696 9641602.993722 10231039.642762 9931766.097041 8676610.661088 7805927.579057 7200099.959272 6109739.140968 4704796.370031 3865248.785254 3541442.180516 
14427917.102888 12810565.806716 10701292.534947 10607751.949910 11480915.764538 11036001.181503 9413400.166431 8447048.603730 7843071.299917 6517724.595038 4844058.143885 3919708.129450 3555656.273030 
16420640.419400 13949735.440203 10727898.187990 10828114.307802 12743314.872355 12422013.530552 9996462.975614 8739021.046096 8573979.365957 7263702.743976 5026612.360236 3905102.400896 4052552.611285 
18864509.424762 15714612.394456 11472762.202557 11587140.823794 14319585.868222 14169922.533059 11004199.647341 9149252.918780 9133989.634174 7983451.029446 5189337.346615 3485212.553863 3784228.370654 
18358846.530617 17936802.956886 17068344.964989 15836259.879278 14216583.833829 12199072.059748 9863145.787879 7346206.329039 4675853.754900 1914819.900316 -879517.627536 -3611668.372218 -6206077.854115 
21150618.318367 20653147.334429 19637554.249348 18210407.217230 16345577.338165 14008729.372947 11288915.263403 8396794.210201 5338002.338392 2218668.402487 -917797.889823 -3932129.418735 -6748015.295423 
25188591.336364 24586014.640838 23351323.825670 21728181.496191 19636335.835256 16924870.106011 13710469.382243 10322633.472190 6800515.978347 3135252.598004 -614968.538200 -4212692.324021 -7538252.588678 
27356913.971054 26672748.576013 25309170.576496 23649004.884369 21568666.396424 18792164.249986 15430428.463578 11920766.537166 8337676.582430 4601729.722937 699224.924777 -3066657.775107 -6462432.892111 
31165414.282370 30400840.977994 28919963.040024 26996493.046704 24539945.118142 21280276.623587 17365170.490017 13319895.606647 9139135.209144 4801242.388509 279055.502234 -4046016.062884 -7961149.063644 
14432732.202941 14219021.402800 13791668.046146 13183754.144290 12374077.293867 11359604.440399 10184488.244739 8890502.818148 7473017.438049 5936089.737547 4341716.541780 2728193.693127 1088992.599282 
18859982.746999 18622401.137000 18122218.835115 17430980.060654 16503306.753601 15302573.955083 13897549.832365 12365642.448913 10699178.653516 8869637.314664 6937956.418693 4975506.783546 2989170.014308 
22957603.922500 22674645.458409 22076797.594638 21268113.165066 20197728.940912 18779264.447634 17091453.889273 15256452.815255 13272766.604368 11096656.169956 8770078.149979 6395232.819837 4002124.492848 
27257436.989518 26925854.432691 26212772.197844 25252253.736790 23999307.502826 22338290.693129 20327768.719111 18139467.312346 15790088.338595 13222316.512074 10463927.633734 7656493.703444 4850886.191913 
34950027.753823 34569008.060065 33690073.642975 32480215.649281 30893711.417980 28816666.398130 26308621.419373 23545789.072735 20577755.486734 17341705.052828 13888813.096567 10363657.434291 6829330.473267 
3110368.095023 2651982.245905 1966740.771098 1195198.342774 383891.806027 -471339.356623 -1095116.436704 -1329256.580805 -1279653.409090 -1062440.905619 -666376.748661 -118434.114465 345703.334473 
3950885.111266 3362128.308353 2353743.144850 1330941.552424 317843.831896 -788294.963966 -1593429.094694 -1792308.871236 -1528008.667363 -1061208.441596 -474208.146916 179942.398536 737944.281241 
5239939.109304 4341941.450716 2897621.059594 1770469.563376 702851.461524 -758048.370036 -1874352.931522 -1951059.947003 -1399765.152545 -852168.956639 -245922.523504 594838.811329 1257002.343429 
5690198.528144 4672720.065659 3075471.598394 1853876.255904 644256.506520 -876402.911100 -1964141.940934 -1993160.226059 -1422301.934827 -936443.094371 -326120.061559 615021.737616 1324923.273830 
8530321.630499 7092850.472829 4705433.071378 2964130.525012 1126489.023444 -1414847.711588 -3280197.399480 -3231170.823139 -2307165.576707 -1698213.439805 -782693.807111 850031.502907 1969206.422811 
9710370.593522 8751499.021352 7372935.051421 6544810.176360 6244138.956467 5771256.302229 4900123.448909 3745658.888065 2311108.995110 694034.655872 -728146.678107 -1716904.894697 -2598769.415691 
10391398.642292 8934569.610709 6846061.239306 5812750.434792 5832991.727715 5698020.584732 5121859.177423 4090021.306396 2601105.311168 757424.364320 -731034.186652 -1523692.335702 -2036873.003408 
11712437.272984 10162414.838107 7882263.903885 6871036.834204 7011682.081606 6909177.066443 6183948.072469 5065800.673518 3494947.871109 1594237.772907 80184.127790 -759298.427649 -1356615.338322 
13517460.852920 11365591.478103 8156971.087203 7060524.109369 7906325.075504 8378725.232267 7725012.095305 6323821.392853 4230346.832628 2015790.282707 627853.452916 443759.403044 285396.149788 
15640089.719270 13497418.664949 10243231.919137 9169299.785101 9825572.188887 9857150.242753 8648321.886492 6992314.420373 4878849.253192 2301718.185447 266699.565451 -397573.419396 -759031.864511 
30202634.771513 27281583.920148 23421033.905130 23047602.144132 24669852.496212 24414568.395152 21434655.508672 18559986.819713 17144695.148454 15625400.066438 13173238.711214 10867913.734234 9187428.757065 
33850835.091696 29733777.166792 24166797.981764 23536609.608668 26431935.796407 26841810.201071 23198402.315269 19540023.438192 17658842.914779 15894024.020334 13357220.196054 11160812.033835 9771978.697508 
39304015.205853 34481629.932581 27925733.406936 26794202.337701 30251634.603547 31189448.745111 27310221.541358 22799035.088609 20210613.676256 17952711.494019 15062377.645867 12580056.461015 10965613.305876 
44634051.557644 39072931.735070 31293585.602445 29541456.132526 33771337.987922 35695554.619812 31624853.684891 25956571.504352 22708339.686303 20442111.678045 17543661.447329 14862706.418372 13130961.609649 
45393630.428641 41002701.991951 34916768.611595 33334868.141946 35921956.469034 36754678.248419 32616044.008436 27482538.621903 24297803.495559 21937763.376193 18784426.289010 15324446.979187 12657254.572096 
18092688.133617 17633020.900803 16717109.948435 15413628.961965 13732695.971891 11684388.990647 9336649.826422 6805268.145654 4147049.496048 1399913.499134 -1351442.502233 -4005329.868623 -6440875.534929 
21646179.017531 21109984.280840 20005589.225220 18421162.283902 16368434.171530 13864664.253739 10992925.763876 7916870.819178 4704259.118415 1409645.938898 -1813061.631966 -4886875.068778 -7725769.253875 
27027723.649481 26408448.961431 25076751.240104 23154607.718594 20666461.890136 17592661.388875 14037498.576309 10226506.917714 6258179.325948 2181964.915943 -1854627.638588 -5716526.591887 -9290268.128997 
30575247.045652 29862750.386593 28317100.353008 26147639.825096 23343094.530528 19814516.197747 15717191.014769 11363516.204277 6867607.539202 2213629.399035 -2400356.681863 -6772909.005330 -10755677.269924 
36980369.796563 36167157.455424 34371774.948098 31813817.250028 28474741.445273 24286888.036337 19415398.491807 14216953.092550 8809416.685604 3245078.561803 -2306371.611704 -7596086.019553 -12442750.396054 
41377996.296506 40731474.021703 39520225.371915 37936965.869823 35871889.159927 33203934.748884 30068657.258621 26699269.371603 23084973.745585 19126966.250442 14920668.804577 10663048.777725 6422360.979769 
46756253.460482 45993176.090121 44589780.064515 42843856.936538 40558345.053863 37503689.089979 33887298.462764 30086181.674347 26024071.065151 21518999.103947 16729891.244792 11966892.831481 7253318.587737 
56865536.984764 56002666.999571 54353696.811373 52282864.086678 49575863.236291 45935947.322835 41613109.786465 37054549.674413 32218680.361505 26881250.540711 21168833.307044 15471526.975268 9865349.142420 
66721595.077055 65754657.715245 63814087.060471 61364386.183964 58175918.623369 53883432.438371 48777749.197950 43378192.509846 37709660.715878 31484338.993062 24823914.451896 18189032.414125 11719956.296691 
78414594.505465 77283044.659951 74921517.353556 71917097.932114 68042959.944087 62852883.901668 56657276.252910 50123717.100686 43381229.820896 36040529.197875 28166617.315651 20359892.244248 12863706.268135 
7756292.886417 6353630.340952 4072881.235492 1401191.223917 -1209905.066699 -3251391.744583 -4298982.482040 -4036763.632521 -2769400.487022 -766144.785473 1099611.915264 2396074.587234 3215171.796515 
8072755.187192 6578116.949819 4051396.560795 1020543.286895 -1851444.419169 -4058335.642442 -5203297.020093 -4881347.338317 -3430348.473640 -1120227.446498 1048165.134036 2589070.569977 3451490.128298 
8139734.898275 6502646.717866 4038196.986549 1064850.371606 -1723150.474451 -3763099.088538 -4691934.435620 -4106084.177503 -2399440.959013 -125333.771889 1959445.854682 3421549.966770 3979316.779311 
10643032.111574 8854215.109078 5722079.520226 1940429.946657 -1762295.581541 -4833824.625765 -6494990.212626 -6372470.154912 -4650734.099879 -1965079.374811 843952.871180 3007865.942551 4236246.857953 
8742654.026354 7069561.178407 4504690.290743 1585734.532982 -1219633.183251 -3652577.959051 -4878266.099540 -4757025.259436 -3641757.159830 -1609562.993248 535920.678212 2013761.657241 2937116.289200 
7673638.533178 6806933.356193 6154866.693172 5622155.657200 5341180.737771 4881435.471137 4129904.556178 3201838.473176 2036972.223921 952983.558287 96082.961030 -614467.595876 -1438049.463943 
6394939.979010 5632878.373858 5228529.365786 5005271.702285 4798229.791669 4340588.132562 3653138.563450 3255625.818885 2609785.255850 1951369.404633 1265911.886811 677694.229536 141851.349388 
17606839.313147 16760324.293099 15647263.268774 14722890.708034 13827903.518347 12380075.406588 10439790.658719 8528183.011769 6530896.539989 4271446.007423 1882383.666062 -234978.978652 -2148035.954150 
22004815.325978 19993593.333728 17168007.942379 16049188.833271 15901403.821493 14253587.591482 11410562.411408 8805913.125065 6328028.401201 2927804.641283 -476866.658599 -2450302.518985 -3977728.511376 
35139388.721190 32062025.261213 27544329.841488 25761016.040949 25548957.816157 22886678.950310 18214587.306051 13981025.595982 9816528.150535 4148496.287175 -1476103.913217 -4691872.898041 -7089955.878312 
22889179.208385 19385571.851847 15574147.663031 16055722.463222 18351351.275379 17107661.975985 13047298.238038 11507229.040712 12142092.731366 11002765.839631 7198470.018479 4985896.390411 5141361.371526 
26635733.815112 23047001.709875 19072139.637402 19563003.736087 22225354.956824 20769903.123883 16171375.428594 14433276.871164 15328151.584072 14224112.532929 9858034.722608 6945397.256786 7141442.577807 
30367267.128209 26300971.898619 21751652.965716 22429832.748405 25549381.016455 23701949.408791 18330994.356627 16373172.807575 17610456.248905 16136350.089963 10840658.683379 7299392.645006 7695982.025331 
31703945.943090 27913832.137575 23684925.984477 24166331.798257 26660370.663933 25068378.988462 19963905.427338 17808523.047271 18623740.320607 17063708.735235 12136997.997199 8440749.378191 8343724.267744 
33928934.420008 30512574.780057 26542728.035145 26486513.365804 28064953.371763 26228685.861180 21336517.476667 18586768.870022 18253135.295364 16119477.165883 11053731.251981 7032035.963650 5906824.235049 
10935288.461873 10637666.322672 10083960.372456 9303440.597359 8290713.259896 7052509.040034 5646671.795060 4128196.590072 2518693.032940 855199.183196 -814034.763570 -2403097.024052 -3899472.908138 
11841501.258743 11521742.071145 10914643.999454 10077883.860398 8994118.062038 7647625.757142 6129886.192380 4498859.341673 2780910.510054 991313.996939 -795698.577983 -2469979.636700 -4046722.367500 
12213575.898708 11874744.691179 11240296.224912 10367779.696865 9236025.739662 7833397.920607 6262630.826458 4581804.601593 2803097.810437 939377.901935 -903409.130382 -2619004.603824 -4247721.765174 
14048550.276984 13702178.770538 13042577.457949 12109331.143135 10875063.726506 9358072.403513 7640024.883617 5773714.786061 3781094.140609 1695286.539261 -385019.313544 -2375827.964856 -4283034.359025 
14470719.366483 14118741.209021 13469997.085763 12601314.890119 11449429.138538 10032976.136569 8419615.192501 6715722.821252 4886779.705620 2951666.716677 1032332.148246 -845720.045116 -2628309.599990 
8071702.073308 7883601.635661 7597232.924027 7229592.402339 6767189.761598 6211081.018341 5569024.715523 4856915.445845 4108404.701238 3306485.946951 2461759.819390 1616192.207776 778268.838634 
9169165.915575 8971529.083669 8709521.633045 8351784.539392 7894253.985102 7346952.705521 6693737.524155 5988408.913412 5234367.824492 4419807.251022 3576399.562367 2711894.369143 1858358.554604 
11567466.218637 11158824.487549 10813764.239915 10465632.330186 9994060.440948 9300530.355211 8379211.285288 7518667.639099 6636610.285553 5599718.308375 4465294.452031 3348074.755002 2279539.263490 
15050268.770920 14619321.098094 14175830.734105 13684529.180634 13033154.698637 12094807.279058 10879545.790472 9699654.452637 8460304.168953 7033846.294351 5480283.604863 3952003.571270 2478761.254504 
16855967.382005 16543321.842023 16051363.338110 15456019.276871 14675264.415673 13608191.165892 12295613.675482 10973765.098765 9548024.154811 7910887.941136 6171032.369630 4459005.564305 2813313.968944 
4724448.548290 3895259.351433 2597021.669586 1471015.809985 361236.268096 -941698.230191 -1946845.377119 -2184944.003134 -1792173.835914 -1321687.815311 -942720.121703 -333118.804309 319280.382480 
5421721.582202 4216966.458171 2418973.557172 1309221.137670 300305.926184 -1265109.493777 -2577796.063776 -2566192.734666 -1669302.301779 -1126863.005304 -753711.878632 120367.866240 1103912.652014 
5802276.277274 4720083.371808 2913913.894920 1343276.823290 -148725.429665 -1754046.069282 -2960831.122622 -2993276.088395 -2262071.519385 -1515889.866186 -751674.797924 196793.547213 1140872.757139 
8536574.280007 7295957.484181 5070317.644075 2974844.041416 909057.582755 -1460305.007506 -3463470.967092 -4171470.917125 -3848781.614168 -3347514.126341 -2838975.390763 -1994742.031320 -933219.252663 
11538617.148412 9665368.072685 6510742.651597 4353626.438308 2453920.811953 -585164.058539 -3627115.313251 -4673066.754518 -4251924.280479 -4299514.610566 -4871088.418584 -4307632.432156 -2659302.762925 
6283774.777232 5748910.155879 4872804.753070 4301755.450872 4128912.116822 3980238.538284 3467136.465075 2694757.198368 1730246.629070 717316.108814 -114519.305542 -630164.112185 -1013201.334039 
4925371.496972 4576022.220118 4005110.939474 3576613.743738 3400137.555063 3324829.524848 3036347.790478 2459493.575416 1671543.222579 914015.778070 382240.974648 44382.106851 -308970.678023 
2517057.090578 2182574.636028 1725242.304282 1466409.933452 1510620.304423 1705612.941214 1807747.730204 1715715.367673 1414725.481461 1043044.662882 792687.759389 780376.821933 846844.468108 
6213931.674342 5088857.754977 3523266.812311 3388127.125754 4076255.265372 4046119.401610 3444779.165277 3216416.668970 2928611.787230 1853096.676424 756802.962784 792401.218739 1287062.946770 
11140122.534606 9703157.668787 7591592.653027 7174716.523884 7643055.757783 7040692.914707 5659134.421904 4741754.436464 3694020.135048 1659422.766559 -300830.380830 -867399.592473 -943669.022953 
7876371.058274 6563523.253954 4871796.959970 4343569.727132 5132596.175361 5796482.172621 5514509.648623 4736627.595915 3736609.954738 2922814.919871 2515889.359457 2727307.527084 2873384.209005 
11547314.127897 9846904.888166 7688763.459443 7327272.020961 8365128.835536 8752211.815698 7766367.722783 6784250.300071 6004739.268873 4845569.734372 3746260.121320 3548582.358472 3694401.072243 
16126786.484692 13876828.412943 10830637.302540 10606365.417202 12172566.409646 12283025.129940 10619478.814225 9398121.105549 8634345.403795 6938413.827437 5007530.850625 4515078.552791 4804707.793277 
17852296.166820 14444944.910744 9789266.051855 9912570.999574 12904095.009844 13010990.414583 10410971.893074 9165301.370537 9015094.238354 7118257.445351 4210559.701174 3911541.026150 5463829.313212 
18197291.654310 14587425.518159 9596024.390305 9705275.796928 12822677.448150 13013005.844921 10261261.161763 8731369.606513 8474022.882172 6533800.547725 3421794.305802 2931072.556685 4559615.926196 
36526061.982605 35480820.768543 33461949.677483 30918204.119682 27533066.364689 22990868.853515 17828995.380460 12563820.998320 7016455.279624 1039617.747324 -4946426.639706 -10425404.167737 -15426094.707669 
42316848.413801 41014568.224067 38728187.326370 35813461.405551 31935388.507334 26697123.953687 20625779.187173 14542222.004733 8093753.047173 1182979.141065 -5728534.369764 -12071468.722356 -17763892.142757 
55702249.856087 53985487.224108 50947835.827612 47173788.816394 42137863.500697 35172322.335726 27029370.023724 18991690.994641 10526152.379238 1307420.318520 -8018384.342731 -16483572.387918 -23969016.682428 
68851133.674513 66915340.927767 63222622.063149 58423321.709063 52012166.608395 43329084.648360 33202067.626176 23019540.175885 12398288.324671 904538.171721 -10659928.318714 -21154010.285167 -30473650.694488 
93333479.240314 90921511.020263 85961679.450088 79337231.250788 70483114.342806 58678591.939593 44926666.054717 30966974.882076 16292992.183459 521354.351961 -15205578.098424 -29437734.689310 -42232193.770097 
11736789.740228 11528258.591795 11186185.525749 10745365.614516 10183457.104014 9442640.429527 8581096.259401 7652577.932418 6644826.879740 5541104.695266 4377050.721327 3215494.799221 2030215.890073 
18199425.090532 17967494.700610 17491567.956494 16828878.304131 15953876.934734 14832736.245044 13520144.550423 12072564.907188 10491205.545388 8767252.453289 6942294.623808 5091293.864246 3203405.276016 
22290732.398784 22006479.350291 21426013.461421 20643137.845198 19594779.722225 18211993.239331 16589493.955802 14847278.945581 12949451.835545 10841718.403223 8618385.888915 6385193.083842 4135911.728354 
25112949.532308 24770460.538272 24094078.749806 23205220.645635 22026117.618124 20440475.629258 18570782.033687 16608013.077495 14480620.466831 12113815.999782 9612713.096763 7146636.625772 4691712.930516 
29836750.048243 29423729.892566 28604244.854543 27545509.071196 26138692.888055 24235564.118364 21968080.021372 19626725.980250 17107944.218390 14298704.150167 11332785.117066 8433223.656435 5587470.422334 
11240933.450102 8936032.446017 5721624.268058 4179334.917883 2913304.908062 -269199.933691 -3820062.382191 -4576168.657340 -3636373.646118 -3297876.032542 -3449171.068444 -2511878.482957 -311932.056009 
13950309.695023 10932358.663856 6692181.444255 4858139.598828 3348655.622848 -891824.458037 -5604155.431626 -6377370.633914 -4834580.226900 -4240065.323381 -4336574.408901 -2860241.010153 21997.730826 
18215397.959332 14535174.647981 9130577.678368 6961032.450398 5062988.288015 -489037.466766 -6407390.255116 -7477389.474838 -5454205.066338 -4802802.111998 -5087188.372841 -3220454.505003 285511.850451 
21033467.944406 16734616.093324 10464386.264409 8214823.130870 6195083.370701 -327567.220890 -7291463.460091 -8731174.210188 -6763860.845428 -6493494.945138 -7392758.105824 -5683174.768817 -1845117.439707 
32581030.236729 26863358.342258 17772416.929593 13441131.469693 9365701.546605 -636122.451229 -11129502.878917 -14023458.296656 -11930116.302567 -11532016.161817 -12439983.270909 -9767471.248410 -4116805.794642 
6381452.475231 5975605.244052 5307860.784223 4879180.450291 4697941.974344 4463313.869295 3954935.793665 3157136.365627 2214617.617561 1289915.548114 532956.192334 -37883.891144 -619036.863217 
6576180.752534 6006823.733377 5051662.972286 4532166.111636 4471957.406912 4343788.202184 3841877.569249 3008229.047831 1933607.249376 823278.719556 29466.048428 -349455.314213 -696417.708698 
7921678.327579 6767422.000666 4940040.281925 4243375.252300 4660586.765051 4941980.581801 4518429.863905 3547160.689187 2081498.968571 519030.217077 -336575.085170 -285032.828181 -241962.833704 
9101963.951347 7474532.608760 4893492.059340 3945602.731509 4771949.389795 5573284.767584 5333021.573996 4155255.219746 2280975.573566 385856.470742 -383762.934276 32857.359475 263496.143262 
10202392.095605 8437270.901537 5667771.488905 4895240.198219 5866389.126350 6440633.187819 5983085.030799 4986017.879989 3393545.112804 1381512.842215 289124.632867 536641.870729 744804.536410 
11477351.356441 9893674.332462 8084213.201764 8217791.485027 9225177.467579 8862916.722417 7491148.088527 6778975.596138 6514901.460710 5590942.501973 4377955.525911 3920789.967566 3758559.107020 
13137110.629768 11165576.049627 8833855.781775 9070704.656826 10406160.259166 10047755.443772 8449723.212934 7787866.881460 7610932.189917 6391225.586775 4768581.187345 4387747.868949 4557596.313553 
15330870.854214 12840987.893411 9750867.275879 10129516.860807 11979569.514143 11415827.739340 9323299.604075 8682435.832856 8616313.782458 6936797.156315 4752755.193251 4394261.961835 4843072.884452 
17571229.306393 13660202.446735 8961154.922170 10208254.795235 13722017.858991 12587527.849092 8900820.990752 8501973.351643 9690662.084802 7686745.618656 4167824.431628 3845452.747356 5635797.309451 
20652423.638741 16003561.261389 10363326.812851 11928354.930003 16197537.407042 14910178.900635 10412492.308102 9940395.863670 11513567.155753 9295168.069388 4970092.295089 4350794.965817 6562148.832657 
6128076.758452 5918251.687584 5601957.665070 5186891.931517 4669539.988188 4051020.294038 3348914.680951 2593949.253164 1807557.544340 977081.579764 137737.520908 -683324.727905 -1484762.428475 
8182256.506500 7892645.008871 7441920.373826 6865255.011363 6141183.350811 5286570.366945 4284731.564899 3256039.623627 2198357.487605 1078250.208829 -58554.020832 -1139678.651283 -2129435.486971 
15457517.174009 15035715.466323 14269259.170526 13224972.378566 11855935.614584 10157653.828776 8172520.254830 6116542.095583 3956127.208732 1694629.472669 -609207.010972 -2817036.445940 -4816887.820393 
22155374.003585 21623994.871519 20539981.784003 18985530.532692 16910474.411857 14298349.788879 11282337.547278 8127175.494842 4779939.546416 1317406.505425 -2167172.866156 -5475978.198492 -8467414.451298 
31150353.665406 30390922.080437 28851271.544339 26676582.634179 23765868.515700 20031704.947778 15694154.891208 11240133.849162 6476751.099446 1503662.174378 -3466392.844894 -8155598.292403 -12395891.555367 
20927036.412746 20498220.899917 19867382.324419 18950629.417751 17767119.182252 16302038.184365 14580344.355515 12705299.087143 10644021.388282 8434487.482443 6106359.038640 3760833.699922 1404027.712513 
24585049.569837 24063132.710372 23473372.665944 22555401.405506 21369018.402936 19925726.169884 18151603.627704 16207819.979047 14053324.906876 11746597.098307 9264703.364859 6715522.977963 4160251.716968 
27577243.377382 27045373.988480 26277306.314059 25337348.258038 24043752.836605 22338890.363422 20287853.330979 18099535.993680 15741385.742477 13131036.841653 10314624.152355 7478337.825127 4689378.174457 
33546150.318479 32996179.338887 32064587.577298 30943801.027417 29410432.462641 27313585.816850 24809049.856926 22196113.936659 19391786.184420 16226406.143580 12776592.857378 9338769.879805 5972705.379354 
42223428.152619 41640370.757193 40505960.979685 39079169.353244 37169873.783749 34564230.202028 31459144.837584 28196523.764182 24705882.292241 20770883.298483 16487630.409443 12217992.613972 8016423.218291 
3093264.683835 2760299.542167 2161196.302091 1428663.998258 657531.031076 -75015.309572 -636314.780169 -927423.745073 -939502.316069 -762847.640023 -506156.736173 -233960.331061 12303.385193 
4762788.364159 4326103.434683 3427830.184453 2244908.865903 969122.884887 -229974.132181 -1139092.766306 -1628599.229761 -1678022.357764 -1370308.519057 -855475.281296 -303173.111199 147278.089752 
5384569.116721 4853032.953484 3760098.520158 2344628.265908 813787.095370 -631736.094913 -1758420.207762 -2389722.626871 -2506156.382000 -2206220.723835 -1673419.828219 -1068439.184032 -518890.769334 
7347716.924999 6600806.407563 5040340.804288 3063627.694219 952323.523537 -1068673.383413 -2656041.808777 -3482371.061812 -3599036.998417 -3142638.633121 -2389625.509377 -1526306.065969 -697957.506530 
8677377.301509 7474028.288836 5241020.027317 3279722.417585 1408107.842324 -943591.812760 -2961573.517065 -3581191.344232 -3090163.556238 -2501180.045082 -2012077.138475 -1160512.140123 -124584.931542 
10012888.960339 8619261.593501 6493730.401117 5097528.638994 5041739.294513 5782654.256759 5752264.161368 4381981.314513 2241831.692857 198246.856819 -804446.597429 -885756.369688 -908295.913533 
10943684.003681 8952803.206586 5921601.249551 4267073.258843 4757290.317266 6323627.685703 6633199.120536 4841127.770404 2151522.318045 -76957.197522 -786638.570645 -203383.403973 296337.238017 
13211807.282007 11138274.184209 7987527.915119 6191555.355630 6630765.060944 7916036.799610 8089245.520847 6189696.407137 3253304.303719 648517.183839 -434746.311354 -354130.910818 -87913.710159 
15157476.074638 12804560.830349 9163280.327561 7144134.919163 7664387.133426 9045831.323266 9231407.274658 7480960.565066 4494698.640427 1614113.405264 47104.842389 -132962.606881 183778.223856 
17479551.188372 15112482.196650 11226991.064283 8936937.096184 9324915.815492 10735418.532938 10861541.387711 8807224.987389 5212886.257994 1655667.099383 -240468.917330 -277486.658920 -65116.131356 
8263296.862215 7451652.724737 6660231.871752 6514356.778218 6741560.989768 6559319.326562 5928044.003001 5308021.648869 4890860.425861 4300617.353764 3617249.696684 3205550.798357 2787613.961566 
9854909.382115 8800203.339700 7569757.371159 7536461.358136 7978491.956944 7659034.894778 6702934.041839 6118361.717255 5766788.566591 4891947.615109 3841911.324334 3423854.858729 3201652.903772 
12145472.096174 10701242.157250 9034351.100867 9175590.540346 9955003.580316 9467288.461974 8103803.875184 7449634.634389 7163820.581075 6064247.606208 4681186.035750 4204711.472385 3983877.810753 
14786393.217374 12438347.929824 9672234.781851 10232162.970773 12101342.691671 11309896.082156 9087677.972590 8581268.753667 8800319.550850 7364883.409671 5256114.998303 4972661.268268 5371142.975791 
16268189.818266 13405743.751276 10072840.970694 11021935.495482 13481473.038434 12272040.426988 9387200.040380 8990815.279090 9730336.931060 8063951.356439 5314428.402681 4888143.613436 5636888.883127 
13545823.369508 13109097.669424 12355941.602126 11502792.468293 10386094.347306 8839920.165470 7040229.570726 5284896.460206 3496077.301113 1550562.181616 -432367.977819 -2240279.112965 -3835277.827028 
15047564.634243 14449576.334911 13500795.891916 12603220.468924 11409013.514294 9605170.679159 7454680.330164 5462255.916692 3493130.798556 1311244.481595 -1003015.152309 -3040940.751320 -4723860.517243 
19161193.834120 18523886.726536 17400371.924775 16190567.423840 14618387.750777 12339623.412329 9622602.344785 7034551.828168 4478203.487401 1676094.180160 -1290024.944513 -3954941.800460 -6194192.887489 
21615393.566143 20972938.816739 19733244.002254 18273461.569766 16384664.417786 13758822.885582 10720141.666747 7725522.018343 4703241.875872 1418865.971224 -1879100.463570 -4813097.969802 -7376296.546253 
25533746.244380 24739288.381771 23263959.682853 21711855.470431 19645698.905250 16564783.295283 13040894.387219 9701694.402940 6310224.451448 2434397.399870 -1491351.823754 -4899162.697274 -7897746.285582 
24042045.464749 23334519.383295 22402142.818382 21391338.449091 19997088.620307 18203426.797502 16204091.179510 13994629.687446 11586255.057985 9006952.891969 6318976.042403 3663454.542965 1039602.758707 
28246240.075390 27381156.944980 26257685.038605 25158014.690923 23636891.281349 21507684.473996 19062234.487681 16541927.378851 13865693.694780 10879327.435478 7713455.737020 4630153.125274 1630114.282155 
32059936.532005 31041329.500405 29713951.642113 28546718.532284 27033216.742339 24693776.634343 21824236.919843 19080195.159185 16277101.085107 13009788.319015 9546968.697362 6187262.716522 2929534.961306 
37784939.142691 36811386.717055 35501803.206414 34093813.589225 32435390.188688 30017832.883868 27175905.163459 24083157.565598 20797837.081896 17033222.978568 13232130.002798 9435994.744494 5726462.022877 
44896259.504387 43939527.971119 42493554.421156 40925299.112976 39067654.956226 36361055.636970 33135779.335924 29609200.330586 25846937.627581 21501067.089823 17002805.270500 12523383.449317 8193456.564065 
3377574.039751 2821992.769570 1993586.521484 1156602.280785 288942.415110 -563995.499164 -1218964.456095 -1446713.433224 -1312345.003569 -923029.706706 -450324.799760 51369.617452 591178.336048 
6349587.126911 5403437.963355 3788076.568211 2048908.135911 210372.605157 -1680214.381646 -3126010.392936 -3530576.154342 -3116867.298497 -2215036.103611 -1090313.339829 83371.186885 1271226.915371 
8084888.789402 6859297.240309 4633338.281136 2374903.482579 101448.726370 -2303325.422032 -4058348.385720 -4426999.311428 -3578983.386027 -2233918.202149 -863531.408515 549075.002769 1915915.047462 
9524599.558215 8156610.973362 5789650.007143 3489663.673101 1253035.804854 -1421090.544122 -3692000.113024 -4654198.647113 -4349603.670990 -3698789.366426 -3050380.406197 -2062327.894779 -541434.218035 
10127439.221078 8602765.006020 5884947.952000 3483160.090113 1270287.155540 -1448398.535944 -3859541.277816 -4678422.693167 -4100062.224310 -3235368.235570 -2632898.504632 -1658531.308453 -53579.667011 
11985732.638797 10791438.320215 9180494.989073 8847194.420767 9015447.207806 8217137.623715 6675919.572178 5525263.383772 4744896.624627 3326778.513919 1397841.178730 153599.274937 -403832.390113 
12659162.394033 11388676.294640 9565919.868290 9176021.509604 9517696.156117 8826598.304638 7253560.035098 6115177.537684 5417641.512455 4041284.329205 2083280.816660 829215.206984 422286.826138 
14015498.252181 12427999.931268 10188412.135243 9611079.424101 10041589.149519 9495313.266959 7830308.350243 6574476.425667 5725760.451116 4033416.057977 1672310.050994 195409.776585 -154796.992233 
17972032.957344 15481467.065337 11938902.860375 11126336.550627 12245331.466813 12039409.927079 9939147.734498 8290872.373338 7204533.766901 4890951.902659 1720889.058503 97323.400385 271129.885529 
20202019.222787 16869569.740892 12199762.548627 11332170.500279 13362444.709621 13512376.624249 11087351.264586 9149006.474635 8045595.994904 5488935.848358 1977525.496323 611766.558037 1486273.690018 
9986306.584673 9038568.540677 7964992.409459 7942265.380352 8174871.267383 7593992.114421 6611079.933308 6099542.002828 5735902.126652 4740973.227298 3394432.312737 2556229.617765 2227260.255163 
12706272.346573 10739445.281878 8420055.543742 8812203.059046 10388584.583169 9568364.029675 7341634.692073 6698224.341664 7384720.215459 6463106.267226 4009694.370661 2720090.085466 3189206.145928 
15295240.343447 12944336.227932 10116399.144142 10711596.537999 12663135.118009 11475954.262086 8632215.077105 7967573.698621 8967937.480646 7767369.785103 4554208.244927 2990277.223369 3714049.022527 
18755954.091982 15630236.320035 11865355.179879 12810838.195114 15618732.467158 14100594.868114 10190514.910470 9395269.828552 11033038.991968 9724414.383457 5486015.991224 3484097.227607 4692243.071442 
23306264.438445 19416792.525871 14639673.454841 15900581.034136 19445086.170494 17570111.871979 12672749.461121 11729587.361732 13763252.198552 12076881.389811 6716651.968636 4229509.075727 5839829.227886 
18984017.752087 18543776.294160 17577029.930166 16157969.867017 14319120.685281 12061412.697492 9451869.084966 6604382.631936 3616155.751318 560243.220487 -2482345.641422 -5407264.197331 -8124610.038351 
22882580.824848 22362968.101564 21206682.138643 19520088.540192 17312310.473558 14590961.009251 11448842.463675 8041053.534615 4461179.457531 787903.833210 -2854616.745732 -6295820.806369 -9486370.139837 
31770653.336552 31108853.594507 29544461.967668 27247954.768403 24228525.790490 20478638.510160 16120013.448283 11390038.174171 6429978.231663 1343462.127390 -3735920.497055 -8573061.068414 -13056221.389249 
37641563.847085 36865681.351711 35013371.966854 32325961.564978 28803267.884314 24393865.712048 19249759.951858 13673669.426634 7846915.243986 1862831.150976 -4118015.139367 -9788654.967209 -15002754.202608 
45191509.192674 44273291.171141 42025803.528788 38714036.046803 34359264.203289 28936362.420235 22651256.920497 15799026.235418 8620923.224485 1270219.938651 -6026986.705622 -12947706.794083 -19293476.979642 
26816927.783018 26167400.731147 25221166.655305 24164759.775801 22864948.789982 21106341.404325 19008547.002486 16855533.739204 14494669.789875 11893629.833240 9191893.810767 6543517.691448 3848640.810548 
31570964.478024 31034946.203291 30070751.118891 28844333.080134 27292311.426053 25260097.945802 22862658.074475 20304561.049153 17582745.545015 14614738.862682 11460597.185555 8294238.703413 5187916.019758 
33581672.442798 32998535.397305 31961511.723123 30642392.500246 28963362.906974 26752541.107115 24103970.748783 21314005.134578 18370161.639988 15158990.513893 11712776.803635 8261428.163690 4936241.866539 
41389668.335390 40752061.395928 39574582.782070 38005507.235992 35999790.950663 33401568.192554 30247870.105048 26889234.450531 23322972.281983 19462572.932974 15303656.517265 11084580.925163 7007219.027937 
52229592.354405 51438827.302989 49965813.483165 48086342.959718 45678543.104351 42439276.081514 38515926.003259 34391763.793046 30045922.407121 25292163.755102 20092922.646953 14870240.114550 9818810.057368 
4309878.938808 3791449.691312 2788662.176843 1589120.859191 335933.972948 -863295.354254 -1783240.640123 -2202398.926653 -2061792.763247 -1526090.238184 -888939.792968 -235635.292288 358549.591857 
6239533.817007 5514339.324172 3975757.666604 2043955.079666 13035.222043 -1880380.584164 -3276249.770361 -3809146.952795 -3459313.460995 -2502515.194759 -1236329.167942 87392.537998 1240401.280622 
6838728.979369 6013045.852013 4330941.276738 2375060.551915 331435.746119 -1695205.961952 -3292941.768362 -3924132.415556 -3482819.949655 -2461316.861167 -1248112.083674 82352.692350 1300353.392894 
8244367.089890 7216607.355001 5086051.661621 2658649.091753 179304.430152 -2299110.243344 -4201917.147608 -4840071.376295 -4098514.732146 -2692430.888875 -1144036.695390 480961.315944 1898231.732290 
9243518.133550 7994449.751599 5407354.913039 2581262.977189 -225484.597530 -3090020.757256 -5233154.706982 -5689645.885432 -4453761.316862 -2562335.246837 -569343.560983 1471283.714911 3227238.704595 
9040354.039465 8555056.881917 7722664.695253 7056478.289505 6555931.546887 5912691.592815 4967937.228376 3822533.230057 2564364.780502 1213290.097449 -62734.664645 -1183783.541610 -2185547.229107 
9407655.113717 8788970.733551 7747595.514402 7007363.292721 6606181.613866 6156871.423604 5318331.299476 4190403.871714 2794615.550107 1285078.496176 -8364.020201 -987820.261119 -1791898.695998 
9131903.326551 8300300.274902 6900799.165421 6003415.964995 5849002.177364 5886281.737185 5356702.211963 4268504.747642 2726432.584095 1158952.503717 61884.972393 -530452.194894 -977314.808462 
10392268.176151 9302171.827398 7379256.419417 6222198.194143 6259252.587467 6559278.068615 6119603.807289 4834482.865796 3020891.965633 1207762.709757 -48665.140243 -601283.905063 -903222.756864 
12927429.785197 11488351.308159 8901868.446595 7402344.192056 7638375.810565 8282271.186566 7893260.997860 6141492.319005 3573823.351303 1172035.018249 -211639.069016 -493920.578485 -633777.625985 
7375693.709418 5886556.479880 4170132.906132 4599295.116666 5905864.571250 5504539.042966 3930999.712598 3618999.893784 4206527.261331 3738563.289596 2275692.626596 1676393.998539 2190670.735180 
8629667.088364 6586088.635500 4156048.650019 4804310.911620 6779313.472852 6274593.093678 4136329.170503 3791386.664611 4685807.888984 4082089.814380 2158500.409499 1591476.597984 2587557.023658 
10297396.784425 7755039.332849 4671837.205591 5523712.335841 8091369.882802 7475633.768785 4714367.854214 4256695.704292 5511395.390810 4875802.847145 2445185.994258 1661792.754902 2931995.098630 
14091860.385090 10398718.824949 5656809.242212 7175334.329927 11332732.305369 10426868.599909 5977636.387242 5089399.841947 7701009.141625 7483553.922796 3580910.242990 1759632.340722 3837197.994581 
17147135.749219 13085435.331826 7861390.167546 9433928.020518 13888784.630583 12909218.814833 7997016.263907 6946064.304529 9541142.558127 9046448.630193 4688480.160888 2663454.471332 4834496.763041 
6794290.274495 6577060.767319 6256759.313622 5805263.118878 5223524.932442 4482973.714854 3631588.013957 2738430.096240 1790110.689580 795029.627506 -223504.399424 -1173530.105513 -2085350.263011 
8616617.117012 8377158.628086 7942238.270125 7364228.487348 6607957.140251 5646570.602457 4534250.971206 3358874.368421 2131248.361913 840710.050606 -455887.756253 -1690548.863496 -2823179.248275 
11717236.907928 11416305.879775 10815333.669378 10037974.203738 9022194.100079 7694483.713479 6153672.444118 4543126.003746 2878321.743568 1110180.784267 -669032.335413 -2338706.892433 -3866312.460225 
14007140.295398 13632080.728703 12881088.177140 11954739.512579 10753322.847495 9139187.123329 7265547.970604 5356176.781882 3436370.358852 1387295.842385 -699040.596351 -2603064.179008 -4304166.224544 
17564155.146858 17113888.020453 16194485.264021 15044212.525752 13543489.884265 11536681.576266 9185619.385974 6776936.840096 4319020.900647 1695593.970781 -963905.134442 -3416409.633862 -5630993.312514 
21200768.354146 20779332.124379 20049899.900139 19043577.278418 17749504.525738 16165558.870874 14344357.100097 12325110.725858 10151157.926434 7829822.405398 5387497.216940 2914030.027083 431193.289137 
25657950.608106 25246945.909367 24502424.331967 23465886.305943 22140941.094304 20512716.534929 18628399.964634 16515062.434720 14211621.262634 11736579.234772 9127539.402842 6464448.222880 3754206.469220 
27491968.694761 26950676.066672 26023059.093671 24756459.292146 23162459.710563 21208328.914033 19040393.391980 16678760.753768 14133563.400350 11391653.985569 8553589.122154 5810528.902536 3067345.168746 
32492930.239377 31869682.791155 30937550.170789 29624958.608326 27930422.166192 25782848.908013 23334907.542613 20715721.793949 17843128.081281 14675389.272625 11362691.782195 8102763.646734 4801836.936874 
41258586.422140 40542522.407882 39456519.197224 37974183.126870 36012910.927698 33403860.161369 30336995.466889 27113992.340537 23549270.702509 19545899.147449 15316663.134327 11142408.037200 6890192.719007 
3824039.592269 3283687.346002 2371066.242346 1308360.020825 173524.088630 -806514.321539 -1451737.375003 -1623993.287198 -1360669.539087 -856918.767019 -189804.823797 507304.796110 1026645.877028 
5705352.221982 5032040.077803 3715460.002892 2072711.296620 296988.284246 -1319030.661524 -2388204.700164 -2704337.970730 -2302047.302567 -1434361.373467 -179471.546594 1105847.310665 2090016.473206 
6536841.045360 5749876.210585 4132532.357399 2091204.308374 -113299.632303 -2125291.589788 -3481792.065516 -3872458.484939 -3311774.575547 -2100024.566929 -473722.473819 1252121.221570 2666910.175526 
8985276.259202 7952823.176510 5727998.775849 2884190.727078 -186307.848998 -3002713.779471 -4971653.017564 -5546215.203820 -4859411.866543 -3259334.353629 -1106404.866975 1208551.174396 3062242.525456 
10093500.923241 8920459.447533 6328055.856192 3001812.055665 -571212.339626 -3772140.914074 -5915117.825560 -6425113.076988 -5485892.378442 -3521973.001975 -907314.766927 1799327.853705 3837328.922015 
11587383.058367 10577681.608703 8880588.586824 7879213.335685 7675555.292857 7342008.253514 6241499.713985 4594363.491861 2650192.719497 672793.859185 -928435.241989 -1988683.444691 -2909236.725892 
13671403.985638 12309178.827271 9924725.836161 8483744.716913 8397895.633826 8335073.362429 7299368.430481 5223544.247636 2541508.185043 -77718.452566 -1869293.187956 -2715898.062317 -3404150.292431 
16890590.091103 15039218.519258 11735535.307104 9864212.586856 9982357.649748 10213052.370384 9066195.614594 6500744.601945 3131999.706149 -133255.883426 -2261089.892597 -3097417.040108 -3762700.794534 
19210788.565323 16891438.660761 12823961.010025 10876575.782085 11383916.546693 11762358.477324 10329832.146669 7528965.851966 4117919.413144 705083.262538 -1747595.725065 -2815025.148951 -3563774.918394 
22751689.571464 20057317.754386 15455341.096862 13414986.465902 14006740.760034 14210819.977404 12522985.701353 9419742.466201 5408540.110500 1241577.898592 -1542509.585111 -2596456.073544 -3635668.682271 
12683093.524824 11232623.749983 9495150.097994 9418993.055983 9986470.471918 9403279.997822 7944915.092756 7364744.668011 6880247.580496 5436531.517890 3796462.441942 3283413.575769 3285066.679787 
15105038.926350 13226554.169427 10909668.723398 10852246.511859 11967313.123922 11494183.525683 9703875.356297 8818116.501849 8297984.290321 6835310.801250 5021390.541159 4463773.134071 4518573.611749 
18061467.608278 15878097.368266 13108888.614884 13005634.768998 14301392.609302 13799559.877962 11681237.521342 10481964.209984 9745726.723911 7978357.230469 5788591.122568 4980081.823346 4926198.489262 
19911043.609735 16800055.571521 12997015.824195 13223888.278688 15447385.683136 14914343.400395 11963180.614792 10607009.174698 10306977.743297 8417584.438833 5559612.123708 4615743.696014 5186611.607745 
21539711.443719 17936094.445745 13667481.654113 14325974.517697 17103633.384690 15861874.709849 11965114.619786 10526749.308469 10851963.801362 8786091.424725 5044180.420909 3728503.732204 4481517.916844 
12508274.306277 12201593.745701 11627467.828440 10812302.957992 9754690.365368 8465172.114407 6986754.267736 5377427.377455 3667878.013164 1880164.226070 57383.414048 -1704897.316329 -3388753.377956 
15273809.517828 14905489.774214 14172390.083554 13124306.932150 11769469.337555 10106601.288222 8194637.017739 6128820.319119 3936595.468778 1677963.144174 -575538.990225 -2739590.746179 -4764957.358097 
17804228.640129 17395592.712830 16567016.220811 15378406.448582 13826656.565183 11912808.126502 9713976.653769 7349677.732192 4825979.229717 2224834.263569 -336305.834380 -2810942.663025 -5137517.855128 
18492430.499747 18070318.357732 17207479.839989 15982684.580110 14376511.056008 12368628.359689 10060050.652397 7580519.349691 4965104.223959 2279863.890631 -405707.549281 -2998623.046506 -5427334.081494 
22579572.174330 22116335.144478 21115273.938126 19701016.944394 17809303.808701 15435586.223197 12709068.877896 9779638.735844 6674669.679856 3444517.165831 200935.584895 -2931960.424343 -5909923.413616 
12710812.212258 12486905.782039 12079603.232945 11510070.775545 10782203.343817 9882445.254278 8823549.776680 7654846.922903 6380029.098102 5017026.532692 3592586.155330 2146846.005222 699090.487192 
16284682.712277 16066345.421944 15653524.190483 15061010.658356 14287714.707165 13309447.235465 12163289.506300 10893966.863357 9513508.727863 8013511.842455 6420805.968066 4795948.558291 3145113.228717 
19142901.870006 18848148.364913 18394164.966070 17735800.612104 16866188.401582 15724935.460064 14369896.433011 12902990.439825 11313128.773217 9552244.583240 7653565.639512 5734288.704190 3809171.659724 
24880088.038360 24550892.828453 23935997.931407 23064613.649121 21928820.262373 20456013.474123 18681919.055366 16753587.717190 14676412.184147 12400201.696098 9947887.296568 7440646.329758 4951479.895860 
30583793.162786 30223327.848917 29447810.929054 28393212.869793 27022888.483713 25214821.157163 23022666.302548 20641424.609652 18097819.766436 15319959.225830 12312666.069826 9231422.866771 6183211.044960 
5833986.955467 5071987.696655 3688283.324839 2106503.756028 427232.827001 -1186560.086777 -2328971.781642 -2801484.595552 -2695599.531750 -2095543.859530 -1238836.863305 -393004.204157 270408.299106 
5950903.562001 5176829.462005 3744148.942630 2056513.521056 279473.075716 -1325563.395259 -2375519.824646 -2671556.638812 -2342579.514258 -1467912.001484 -261490.215303 867652.792017 1645429.056192 
7241696.513643 6350199.826579 4574178.212984 2353242.026337 39601.509624 -1905141.539502 -3079574.743123 -3163343.472986 -2410301.805693 -1017487.516484 730133.215313 2244669.378219 3200750.308556 
8868945.973260 7749522.764806 5471351.346203 2593541.796699 -371130.076741 -2842600.106449 -4351624.527495 -4423042.956189 -3510108.149666 -1771972.750763 349794.249408 2082461.522804 3070500.835115 
9848802.153789 8824378.460930 6764473.057301 4141691.385567 1353083.131900 -1231141.197455 -3126287.914973 -3952532.403657 -3948725.409057 -3171442.029365 -1988007.306193 -806226.411115 64225.347325 
8738878.687595 7131894.427858 4708762.306998 3984157.356432 4891231.674816 5583368.232589 4862465.351587 3545415.667925 2324704.335949 1173514.880456 242194.754873 -85168.468940 60887.394613 
9012990.817884 7319526.799736 4817247.135203 4021323.750409 4903856.697479 5597708.001707 5103424.703031 3847189.341856 2500937.126681 1225861.900377 299241.050068 105182.077036 285461.897157 
11429638.129041 8845735.391059 4910391.148285 3512166.530482 5021890.587535 6748626.635109 6660937.322933 4928741.217086 2611555.744853 550721.561077 -370581.917655 157033.433378 891231.861531 
12695969.932876 9463301.645728 4687539.223728 3420375.663169 5425960.451529 7140682.347747 6807176.191523 5494128.076321 3518258.181975 1117022.108833 -413228.612267 56380.324969 1141659.512061 
13077501.221328 10501866.874710 6839478.186419 6181555.623243 7675597.512023 8055253.803464 6594658.141753 5239942.053997 4289872.295590 2547838.140817 420874.284775 -401521.374122 -132839.193292 
6738078.897714 5946768.503647 5019109.939140 5092670.510422 5664995.325414 5450289.815641 4462262.925420 3890634.782998 3899848.264030 3661516.920278 2830423.766668 2081987.915320 1885590.849045 
8512178.507793 7573867.258091 6373677.506659 6456705.548865 7225543.657889 6943426.486958 5729315.353451 5026869.785674 5013654.252051 4675462.138312 3656753.439112 2813627.747953 2511915.904819 
11722225.585169 10591360.736509 9094768.491176 9225442.929310 10119381.803334 9655203.070031 8121425.045687 7310758.840008 7272781.850888 6676111.968264 5276402.739653 4245829.202048 3866094.991833 
14743723.814705 12995099.110891 10733142.715200 11185273.233797 12727377.793548 11967668.648167 9656886.579207 8804494.014293 9194337.060586 8390569.217914 6254945.516260 5008852.506301 4972833.295019 
15049352.393005 12910535.748844 10155268.371964 10776374.039840 12815972.120328 12037928.833365 9238858.810111 8196185.872778 8946942.775757 8352774.491963 5869984.239118 4243471.772161 4401659.653067 
23205962.619504 22644835.513957 21582914.349578 20223579.080910 18454518.641734 16157864.897402 13503130.818564 10744122.278363 7882083.959143 4863409.248907 1788101.554934 -1171227.021191 -3911114.318367 
26370488.472190 25717104.518526 24492152.204235 23037178.265670 21136354.994558 18554734.010426 15556804.397370 12506898.092083 9328707.315304 5909161.056368 2417056.289365 -893509.843694 -3972268.997090 
32141809.409159 31349923.662068 29848438.799917 28019308.120665 25618752.475117 22408383.980710 18720178.924466 14925917.399944 10865743.881692 6503403.706562 2151114.237702 -1908552.784350 -5757049.281325 
35450391.569587 34544623.371585 32841472.468554 30883045.106441 28298104.967381 24743178.630151 20700759.797686 16636813.098798 12280753.492735 7556811.815481 2915647.836896 -1323430.005539 -5380547.097383 
37824584.131832 36852386.809033 35043145.100116 32987315.423863 30260057.661513 26470662.261912 22151104.922389 17837684.988448 13147036.089014 8004287.671547 2973189.350867 -1608712.619825 -6070671.842725 
16015371.402178 15775547.224453 15323534.571243 14687843.931539 13871569.469795 12853716.371936 11688585.436022 10374142.679658 8933794.365604 7383475.932536 5765173.086904 4079550.801551 2350355.846887 
18932896.975676 18668323.799906 18160117.170422 17426129.317490 16479552.084322 15296360.124495 13920939.818008 12377203.251454 10691154.492617 8883171.301350 6979462.017101 4998731.061000 2968875.627007 
23146271.670509 22830771.120893 22211407.838553 21316219.601315 20158091.711056 18705618.803407 16967201.714583 15033953.859976 12928345.462562 10672077.513403 8281259.876130 5790490.142789 3277988.445708 
28498271.130270 28125105.059816 27367001.494611 26300296.918431 24920321.816643 23181560.587741 21075254.594114 18725942.286071 16172224.347711 13429143.136087 10509478.687474 7457404.190900 4384375.565802 
39935403.425286 39452373.465224 38416053.218930 36946274.208136 35021825.292343 32555870.047059 29590894.181953 26304800.339459 22710579.664904 18801717.015893 14631793.705216 10321611.403645 5967981.503503 
12118972.580768 11020643.899254 8390442.140411 5053052.821947 1401008.046363 -2299649.241469 -5316776.083732 -6881276.090848 -7022327.671188 -6230362.675463 -4828841.112522 -2960095.964082 -1039411.071412 
25412850.785045 22795108.097482 16370188.514648 8336777.875836 -136630.715561 -8280832.760844 -14387655.059472 -16617872.455398 -15007155.491614 -11104188.664150 -6204517.981999 -903434.786353 3820492.195343 
38616875.618228 34544274.718156 24703935.247253 12821959.721528 454907.069497 -11661603.872043 -20908484.993994 -24215026.083995 -21595181.589708 -15823599.229345 -9088044.749707 -1971326.091698 4337504.650583 
65345662.988027 58312606.097541 41511708.076930 21590946.793107 832865.053992 -20026402.282595 -36254298.192599 -41990406.763724 -37344411.492721 -27408509.119766 -15843500.597557 -3303930.918906 8117614.002793 
92580790.323655 82668741.434746 58805785.284910 30124803.206054 396576.973216 -28716185.636142 -50830168.112782 -58433577.115928 -52101865.483198 -38579573.662892 -22591431.294942 -5157811.466036 10702282.345658 
12469220.225398 11064537.468087 9188437.258368 8181184.425924 8017174.148496 7711752.295008 6479104.099170 4731784.396647 2826049.550514 1025020.249775 -536595.231440 -1747498.821240 -2750671.478884 
12225027.539111 10740850.701600 8544881.558877 7528778.871196 7605456.875011 7582766.308760 6520966.476409 4770953.045149 2854599.920189 1010126.618694 -327886.198553 -1192404.047731 -1916668.585849 
14477052.251725 12688171.863077 9941948.461345 8771503.201025 9059358.994627 9098617.186501 7856663.158587 5859219.860237 3636670.743618 1453015.079624 -207273.528202 -1239992.422936 -2041234.486138 
15778544.808635 13586412.775059 10286427.059495 8897687.056055 9474532.258574 9804538.160313 8571635.639501 6578731.698957 4145694.145007 1679699.846648 -127853.200652 -1030492.264375 -1588357.300401 
17592611.626925 15610228.465686 12528391.116697 10878821.003560 11143704.733207 11375736.475834 10131409.914600 7688864.725311 4673967.739971 1932915.409955 118808.347162 -767217.640796 -1623467.219592 
11304664.191562 10291016.730630 9166485.740659 8944998.576637 9153183.578646 8937171.258511 7960290.545270 7101059.784064 6418114.005633 5518138.184957 4515935.497839 3695716.915223 3053168.753911 
13090747.043775 11749685.905432 10064985.679096 9885384.586671 10410466.891480 10114587.856506 8869921.572799 7994627.508516 7380149.632976 6260455.436806 4845951.014159 3986375.180342 3650812.773862 
14668910.342356 13079938.261879 11040684.675345 10925314.880872 11685380.469501 11252851.864012 9645776.150824 8649743.085125 8029317.237071 6726948.869859 5062724.793816 4084186.880621 3661979.376222 
16754605.573156 14382760.267649 11212062.054437 11255362.252930 13047454.633532 12787398.213956 10457271.294444 9104241.985859 8800267.760683 7587610.533595 5465827.090140 4308639.277216 4317064.902881 
19165099.108447 16018084.595383 11772257.356675 11869370.899363 14587420.872013 14448633.908177 11288388.632109 9385461.772455 9326130.276356 8192747.438198 5419015.372940 3685967.124390 3929854.419848 
18384771.068787 17950515.477559 17073057.264056 15820353.240764 14183397.595492 12161648.582160 9811161.887029 7270023.853644 4575944.927679 1806310.835609 -1005115.273918 -3753249.015300 -6355155.606889 
21280662.322521 20768834.054606 19749874.979321 18308751.691696 16399926.404077 14029439.221828 11304951.334105 8412795.555506 5302134.358480 2123176.604608 -1022549.447113 -4037262.414847 -6878117.456646 
25308274.856324 24694351.079396 23457050.250387 21823689.554161 19698080.475146 16961035.354124 13737422.525417 10336591.124578 6765490.039781 3053394.717499 -712392.239997 -4332209.466936 -7691307.089034 
27566671.650347 26870572.514780 25490293.841811 23822417.315512 21730906.332118 18936300.201787 15547255.943935 12013629.608367 8410294.133948 4657075.698885 733125.128543 -3062797.996446 -6481234.882714 
31352340.188662 30570797.381195 29076918.357327 27147220.485564 24676284.990109 21396131.799005 17448695.827413 13380678.597285 9179953.882820 4824635.378731 277602.548073 -4077833.363646 -8010567.540843 
14813747.965752 14589884.106461 14152837.684478 13529156.876941 12700292.870994 11666323.682212 10470303.430949 9147005.758098 7698302.072894 6133662.279614 4511318.355373 2866476.342292 1201885.255126 
19346996.728059 19100771.044618 18587497.903551 17881013.383344 16935085.046549 15707574.255693 14275563.292736 12711579.257954 11013963.878782 9146994.632955 7179031.515318 5182104.706475 3163416.751677 
23457157.331977 23166890.649438 22558264.842021 21735240.043564 20646763.471785 19207922.054470 17493786.815576 15627734.863533 13614406.964975 11403466.819369 9039170.782281 6624437.512895 4194172.288576 
27774993.687984 27430636.645910 26709255.716106 25735644.099500 24467854.349483 22785406.980883 20752502.402120 18533080.111340 16151399.489247 13548401.350858 10753481.695037 7909537.075627 5067492.596638 
35473271.312668 35070908.464525 34171934.930906 32956763.759144 31362367.158201 29268020.825441 26742846.587726 23953660.859199 20952149.173774 17684388.385046 14196948.254075 10635984.694038 7070028.571573 
3157404.321039 2687758.177303 1990615.799321 1232457.916978 427682.726844 -441710.900148 -1091714.884985 -1331424.001923 -1261908.676724 -1035966.142025 -613240.876108 -82694.507059 395976.656146 
4026711.166632 3408937.144674 2376376.626466 1364917.388465 345513.266575 -775229.930471 -1605516.625506 -1812567.932991 -1534905.438032 -1051197.153646 -455796.929152 221028.735501 812162.715371 
5334575.958555 4387625.887558 2900031.192566 1748068.932814 642304.458324 -819785.028338 -1956732.832297 -2074732.624813 -1531957.385514 -904344.934029 -235770.434000 630712.009441 1352700.609814 
5790989.155752 4721109.712183 3080136.974298 1827857.151847 561347.498027 -941780.470672 -2038630.408422 -2116582.264256 -1520396.364982 -962773.534667 -305548.715438 638805.095859 1382059.596833 
8626598.617270 7152737.087452 4729528.973614 2967426.164782 1083090.922916 -1488810.790356 -3371503.423103 -3325417.210966 -2385906.069455 -1761369.360096 -817732.426020 850922.335776 1986680.105627 
10133355.078519 9132586.295401 7706213.992204 6851499.803715 6508855.810855 5999063.643097 5067854.472258 3906816.980017 2427617.103264 737018.879442 -737891.812329 -1753300.464964 -2682000.954639 
10832378.464262 9349055.859201 7204896.615777 6174555.261958 6085557.569677 5933576.774852 5364659.130904 4471885.040663 2937965.458848 881410.635027 -724662.789842 -1367422.606558 -1854254.159336 
12030334.541190 10348263.127859 7930755.526288 6958794.337537 7054158.385120 6937839.527945 6348552.660379 5358203.289628 3582384.326944 1291662.905897 -245679.486936 -683706.891637 -1276253.812210 
14213113.680716 11882256.412204 8473231.858057 7343599.286866 8182182.767577 8674845.638738 8182365.683916 6855535.715610 4466390.794441 1821226.936630 472102.976286 643730.470377 524954.377127 
15887410.716817 13674914.153009 10360856.700472 9270155.460403 9880159.446647 9868389.091335 8675595.175320 7034590.238370 4882211.691790 2157176.530849 82099.166067 -533382.719137 -876245.048863 
