SAMPLES:	15846
BITSPERSAMPLE:	16
CHANNELS:	1
SAMPLERATE:	16000
NORMALIZED:	FALSE
134
419
268
299
351
336
731
620
345
168
205
37
88
474
379
536
317
-2
-260
-655
-340
-385
-722
-642
-583
-332
-390
-304
-213
386
241
-103
-189
-145
206
326
257
106
61
-199
-135
-28
4
386
492
343
362
374
301
38
-76
-196
-328
-174
-51
-15
336
681
776
938
678
647
692
479
514
326
802
698
564
529
718
957
831
984
1169
1533
1670
1776
1484
1344
1345
838
931
1160
1232
1099
1185
1411
1242
1273
1022
1186
1244
1126
1278
1177
1087
827
824
1005
1133
1186
1523
1612
1693
1784
1504
1821
1554
1164
1259
1392
1630
1720
1849
2025
1855
1613
1549
1664
2125
2118
1877
2058
2393
2623
2436
2347
2071
2192
2212
1958
2230
2146
1957
2144
2075
1995
2162
2184
1941
2083
2223
2223
2093
1776
1481
1334
1878
2161
2081
1754
1646
1771
1693
1444
1469
1284
1213
1250
1323
1163
818
840
728
950
734
764
700
609
443
559
706
670
766
589
750
657
495
376
107
-266
-471
-369
-231
-334
-402
-719
-845
-1048
-1212
-1245
-1216
-1017
-1009
-760
-655
-680
-633
-625
-816
-937
-963
-1316
-1642
-1727
-1468
-1230
-1168
-1105
-1016
-1059
-1084
-1153
-998
-1075
-1001
-821
-1052
-1154
-1194
-996
-883
-793
-843
-564
-479
-664
-438
-569
-452
-552
-797
-630
-554
-352
-540
-607
-485
-578
-434
-471
-303
-346
-531
-491
-207
-85
-254
-233
-205
-371
-756
-729
-746
-1144
-1404
-1349
-1323
-1230
-1580
-1934
-1835
-1822
-2065
-1996
-1908
-1795
-1699
-1770
-1563
-1735
-1940
-1791
-2058
-2158
-2057
-2128
-2387
-2692
-2460
-2487
-2159
-2135
-1996
-1716
-1427
-1297
-1367
-1218
-1105
-894
-782
-659
-880
-788
-786
-523
-317
-579
-858
-938
-563
-635
-705
-771
-501
-107
-208
-227
-205
-256
-27
187
184
209
470
248
224
189
321
-160
-380
-185
-345
-117
-191
-125
89
95
-32
-22
-97
-339
-317
-219
88
383
674
404
195
182
184
546
515
477
563
479
474
520
486
352
190
123
52
-306
-108
176
151
477
307
413
285
121
-104
-324
-571
-806
-749
-959
-737
-386
-425
-551
-624
-329
-423
-479
-442
-334
-236
-367
-705
-409
-333
-614
-858
-613
-150
-374
-156
-84
-156
-417
-525
-228
-252
-203
-358
-349
-198
-64
246
506
959
687
617
715
366
423
201
192
712
616
389
537
673
731
796
866
1091
1067
1200
1005
977
961
595
944
1175
1451
1506
1475
957
718
1070
1360
1312
1345
1485
1420
1372
1105
1350
1416
1337
1127
948
639
483
768
621
632
659
559
745
479
780
1023
1016
1119
972
891
821
873
689
452
615
768
811
563
509
467
713
917
522
705
443
234
35
45
223
269
305
194
245
-214
-102
161
-84
254
176
13
34
-167
21
-20
-112
-349
-667
-916
-1098
-989
-966
-941
-696
-435
-836
-1135
-955
-1126
-1159
-1228
-1405
-1446
-1520
-1704
-1719
-1682
-1380
-1294
-1541
-1575
-1467
-1324
-1483
-1225
-1251
-1250
-1708
-1721
-1440
-1070
-791
-899
-656
-548
-481
-656
-615
-702
-405
-262
-504
-497
-783
-959
-980
-590
-693
-623
-734
-806
-740
-829
-441
-607
-319
-524
-891
-983
-1356
-1224
-1605
-1433
-1601
-1881
-1925
-1889
-1619
-1747
-1551
-1552
-1613
-1829
-1805
-1919
-1689
-1526
-1716
-1724
-1804
-1807
-1866
-1833
-1550
-1540
-1677
-1544
-1202
-1431
-1765
-1867
-1798
-1556
-1167
-1070
-1376
-637
433
1310
620
-525
-966
16
1519
1921
1579
1394
1719
1146
128
434
1883
2312
2009
1026
-291
-1424
-1379
-504
465
640
-538
-1870
-2419
-1700
-852
-186
-447
-1425
-1803
-1191
-635
-534
-768
-692
123
701
369
-246
-478
-497
-795
-770
-196
85
-334
-740
-900
-1046
-1004
-1182
-1468
-1465
-1470
-1526
-2087
-2413
-2944
-2975
-2838
-2906
-2790
-3092
-3111
-3241
-3485
-3507
-2903
-1943
-976
-494
-706
-889
-751
208
1167
1603
1974
1990
1996
2095
2528
3221
4269
4683
4277
3574
3115
3036
3001
3097
3433
3128
1868
1132
816
1112
1562
1964
1261
630
306
229
551
436
450
272
437
1192
1340
909
655
894
1192
1597
1821
1749
1779
2158
2925
3245
3190
3088
2954
2513
2207
2192
1819
1583
1597
1189
581
609
155
153
424
24
-254
-921
-939
-1054
-1119
-1318
-1274
8
1233
653
-1341
-1253
564
2245
2339
1218
919
1909
1749
633
1219
3531
4466
4050
3095
1606
527
941
2176
2999
3444
2177
134
-938
-93
927
1274
305
-1283
-1561
-1441
-1190
-951
-1384
-2194
-2005
-1557
-1532
-1728
-2728
-2391
-2085
-1900
-1939
-2303
-2711
-2672
-2374
-2046
-1898
-2733
-3113
-3403
-2970
-3184
-3875
-4870
-5606
-5453
-4710
-5280
-6236
-6188
-5163
-3637
-3284
-4504
-5648
-4747
-2924
-2140
-2453
-2013
-1385
-1252
-1763
-1620
-263
1685
2611
2629
2288
2071
1306
1511
3148
4187
3541
2194
915
590
1847
2730
3159
1787
447
261
821
991
830
286
-412
-292
536
524
-485
-626
325
1370
1431
1124
727
741
1358
1902
2190
2424
1830
1423
1607
1862
2073
2034
1782
1488
1124
964
673
348
330
186
21
-394
-352
-1019
-1135
-788
-540
-709
-857
-1297
-1264
614
1846
1474
-900
-1115
1094
3402
3987
2754
2591
3083
2605
1257
2182
4808
6435
6057
4396
2655
1227
1873
3822
5099
4689
2364
-244
-1131
312
1651
1769
483
-1422
-2189
-1682
-940
-902
-1193
-1617
-1802
-1361
-1332
-2021
-2791
-2439
-1605
-1150
-1296
-2533
-2814
-2158
-1643
-1362
-1704
-2543
-3474
-3746
-3481
-2724
-2991
-4102
-4750
-4782
-3995
-3696
-2814
-2620
-4039
-5553
-4838
-2829
-1752
-1798
-1539
-536
-449
-1380
-1525
310
2477
3541
3245
2239
1485
1041
2625
4938
5600
4260
2164
1412
1262
2192
3528
3439
1564
58
23
478
821
749
744
423
176
366
680
451
20
549
1160
1012
372
214
-58
-147
-15
138
314
-88
-478
148
1004
1039
1191
1226
554
128
270
621
675
801
630
151
-429
-910
-1113
-1659
-1885
-1870
-2254
-2577
-2499
-1874
-1639
165
1555
528
-2014
-2581
429
3451
3879
2597
2626
3237
2349
565
1329
4736
6188
5024
2796
700
-373
382
2544
3621
3176
881
-1214
-1951
-151
1704
1553
-471
-2406
-2659
-1749
-900
-485
-1152
-2181
-2592
-2280
-1905
-1894
-2426
-2169
-919
-1204
-1529
-2455
-2815
-2012
-1213
-672
-1133
-2344
-3622
-3730
-2882
-2574
-3255
-4447
-5315
-5509
-5188
-4480
-3843
-2867
-3121
-4555
-5495
-4360
-2276
-937
-145
452
714
-41
-591
136
2850
5275
5689
3993
2385
1738
2106
3838
5649
5865
4057
2669
1667
1565
3036
4205
3846
1888
639
224
967
1579
1595
1156
607
588
517
694
565
731
1196
1314
1191
806
1106
1406
2110
2905
3384
3072
2084
2463
3163
3736
3940
4187
3474
2819
2716
3081
3173
2849
2680
1869
1478
640
376
125
-238
-66
-178
-505
-1515
-954
-898
740
4084
4410
1437
-2282
-315
3470
6338
5190
2743
3386
3507
1849
733
4657
7792
6794
4441
1856
568
278
2335
4016
4382
2682
-1156
-3991
-3016
-62
451
-713
-3368
-5252
-4941
-3144
-2120
-2807
-3968
-4968
-4639
-3487
-3289
-4338
-4527
-2923
-2164
-2686
-3737
-4260
-3286
-2255
-2254
-2745
-3553
-4977
-5200
-4332
-3858
-3930
-4830
-6198
-6569
-5814
-5262
-4951
-3884
-2655
-3913
-6519
-6208
-2925
-1004
-849
-656
595
1213
-124
-972
769
5146
7168
5675
3538
1986
1421
2387
5684
7495
6026
2978
1083
1181
2570
4931
5510
3417
434
-599
199
1007
815
31
-794
-1585
-1775
-1551
-1545
-1799
-1430
-142
294
-503
-826
-531
-3
807
1795
2158
926
-448
22
1699
2545
2429
1832
1063
569
1167
2213
2117
1700
1132
680
232
155
370
256
-104
-236
1445
2142
197
-1888
-781
2249
3945
3864
2547
2277
2785
3496
3052
3311
5621
5847
4832
3590
3087
3229
3698
4415
4117
3435
1543
132
-423
375
822
-565
-1789
-3093
-3208
-2650
-2582
-3422
-4803
-5712
-5688
-4693
-4164
-4906
-5701
-5609
-5141
-4918
-4922
-4731
-4255
-4344
-5071
-5086
-4379
-3995
-3620
-3316
-3524
-4601
-5660
-6008
-5343
-4032
-3228
-4115
-6239
-6883
-5130
-2523
-1427
-3081
-4904
-5295
-3404
-1721
-965
-206
637
1562
516
-102
730
3709
6695
7000
6234
4818
3893
3693
5587
8068
8644
6415
3956
3432
4138
5556
6004
5510
3794
2734
3056
3588
3365
2964
2774
2249
2397
2188
1746
1125
1228
2105
2546
2313
1524
1515
1588
2163
2768
3066
3253
2145
1272
1586
2586
2899
2719
2333
1540
972
1187
1757
1603
1273
691
356
377
-84
70
1366
1721
10
-2198
-1413
960
2128
1903
844
1207
2633
2755
1073
1363
4103
5701
5765
4757
3185
2040
2802
4657
5927
5466
3329
808
-201
1567
2895
2328
294
-2198
-2832
-1835
-1153
-2288
-3729
-4445
-4083
-3334
-3959
-5890
-7014
-6310
-4480
-3900
-4374
-5094
-5544
-5349
-4833
-4177
-3880
-4598
-5606
-5767
-5271
-4660
-4951
-4825
-4848
-4285
-4140
-5217
-6532
-6704
-4877
-2180
-1783
-4274
-6538
-6372
-2844
-1115
-1125
-1017
-412
-582
-1909
-1579
-53
2347
3868
3266
1767
610
737
1043
3076
5129
5211
2652
508
305
1378
3298
3384
2258
16
-746
-146
391
746
418
169
154
351
986
1007
829
1266
2216
2907
2510
1591
1577
2285
3501
4303
4010
2972
1880
2645
3958
4247
3943
3444
2800
2429
2458
3198
3282
2573
1957
1456
1430
1276
1449
1395
1909
2043
783
-930
-1496
-3
1443
1851
1298
852
1706
1624
610
612
3283
5249
5050
4206
3201
2924
3460
5058
6080
5917
4210
1779
697
1920
3451
3229
1221
-740
-1397
-709
-528
-1256
-2173
-2967
-2943
-2852
-3090
-3879
-4128
-3968
-3604
-3898
-4567
-5320
-5595
-5148
-4331
-3836
-4162
-5126
-5650
-5514
-4682
-4300
-4724
-4877
-5388
-5173
-4285
-3556
-4289
-4904
-4414
-3627
-3004
-3174
-3602
-3814
-2518
-787
-194
85
139
290
-171
-383
581
2944
5405
4941
3373
2327
2636
3229
3961
5212
5078
3158
1199
1393
2529
3521
3355
2493
1461
711
1157
1816
1869
1217
805
745
1251
1956
1943
1898
1739
2081
2933
2979
2226
1531
2372
3690
4202
3398
2345
2329
2832
3942
5126
4628
3073
1971
2376
3280
3401
2924
2444
2149
2262
2379
2701
2339
1505
1612
2246
2944
2388
929
468
1122
3272
4747
4216
3252
3477
4228
4119
4268
5864
6760
6449
5949
5701
5986
6303
6338
6136
5926
5419
4046
3180
3296
3466
2602
1042
39
-350
-709
-1077
-1132
-1841
-2683
-3698
-3950
-3418
-3190
-4015
-5202
-5554
-5078
-4681
-5191
-5180
-4786
-4678
-5046
-5564
-5956
-5899
-4871
-4326
-4376
-4723
-5404
-6272
-6376
-5483
-5177
-5980
-7278
-7592
-6142
-4946
-4503
-5846
-7005
-6771
-5856
-3557
-2375
-2696
-3707
-3789
-3139
-1955
-1456
-206
1494
1473
761
185
707
1698
2399
3381
3460
2052
540
165
881
1930
2754
2553
1188
-478
-884
132
1050
463
-252
-732
-937
-789
-485
-96
-324
34
764
810
98
-385
201
771
809
593
529
8
22
579
1177
1853
1478
1333
1401
1193
757
988
1560
1316
934
268
172
17
174
295
709
1910
1789
870
-527
77
2449
4159
4117
2827
2593
3080
3498
2669
3345
5585
6559
6115
4151
2886
2827
4333
5289
5571
4625
2730
1290
1146
2719
3575
2440
-22
-1523
-1522
-357
703
-141
-2019
-3500
-3803
-2887
-2698
-3273
-4569
-4924
-4867
-4811
-4796
-4270
-4153
-4196
-4289
-4791
-4871
-5012
-4897
-4629
-3983
-4129
-5103
-5687
-6060
-5721
-5535
-5750
-6331
-6833
-6454
-5859
-5305
-4602
-4463
-4875
-5058
-4209
-2472
-1310
-619
-669
-386
356
465
115
1620
4160
5052
3909
2471
2335
2522
3662
5260
5442
4272
2181
1498
2235
3284
3474
2887
2186
1562
1489
1869
2217
1881
1668
1881
1736
1507
1294
1019
957
1996
2856
2216
1634
1337
1768
2305
2812
2991
2951
2656
2569
2886
3094
3254
3181
3358
3324
3009
2833
2645
2702
2252
2104
1967
1516
1081
824
935
1384
2260
2353
1058
-148
260
1786
2698
2639
2000
2251
2859
2067
1619
2735
4812
5256
4370
2808
1710
1894
3239
4494
5279
3995
1562
114
448
1732
1703
762
-1056
-2020
-1910
-1633
-1986
-3244
-4608
-5092
-4898
-4879
-5381
-6485
-6858
-6181
-5392
-5610
-6357
-7392
-7611
-7104
-6330
-6267
-6804
-7131
-7323
-6632
-6323
-6458
-7528
-8127
-8126
-7363
-7035
-8368
-9336
-8781
-7194
-6384
-6744
-7222
-7120
-6722
-6735
-5639
-3773
-2199
-2069
-2957
-2747
-1614
-1437
-1142
893
2992
2888
1026
-37
557
1634
2737
3507
2407
861
-375
-1
1391
1875
1175
249
-175
-356
-38
447
373
-352
-826
-891
-1057
-1366
-1337
-807
-859
-739
-672
-985
-731
-332
541
587
695
952
1569
1921
1545
1453
1530
1639
1337
1069
1278
1085
987
891
312
194
136
50
-207
-153
-291
167
1741
2419
1747
254
342
1993
3927
4010
3255
3511
4299
4195
3295
3839
5979
7162
6966
5583
4489
4856
5921
7150
7700
6871
4777
2629
2012
3368
3914
3199
1363
-623
-1441
-1027
-326
-1042
-2645
-4402
-4904
-4269
-3988
-4663
-5570
-6133
-5665
-5200
-5400
-6168
-6612
-6238
-4583
-3712
-5501
-7048
-6865
-4969
-3698
-3795
-5339
-5933
-5993
-6623
-6626
-5705
-4390
-5319
-5988
-5853
-6371
-6411
-5071
-3992
-4497
-5366
-5426
-3799
-1916
-1303
-1907
-2074
-1469
-1879
-2034
440
2657
2370
1229
329
815
1749
2410
2503
2333
2093
1634
1586
1733
1287
767
945
1087
619
636
606
-68
-354
457
1410
952
644
465
36
660
1582
1773
1158
436
398
696
1497
655
190
396
487
359
-39
-34
110
808
908
972
320
-556
-965
-700
-259
-227
-688
-1427
-1746
-2024
-1458
-218
423
-324
-2338
-2536
-1219
1094
2453
2071
1751
1738
1456
1378
2718
4580
5884
5311
4151
3261
3320
4066
4519
4633
3596
2520
932
158
501
1128
810
-538
-1748
-2824
-2909
-2615
-3091
-3885
-4622
-4877
-5108
-5260
-6012
-6310
-6037
-5824
-6327
-7095
-7290
-7239
-6489
-6200
-6265
-6703
-7084
-7298
-6889
-6175
-5939
-6339
-6829
-6558
-6106
-5850
-6188
-6684
-7002
-6506
-5600
-5242
-5491
-5255
-3825
-3590
-5826
-7252
-4973
-863
237
-984
-1604
-894
-687
-1338
-259
3209
6095
5049
2525
1036
153
581
3053
6102
6661
4341
1517
517
1671
3963
5252
4380
2256
694
1077
2713
3954
3897
2983
1849
1898
3254
3886
3161
2529
3549
4119
3754
3212
3002
3026
3357
3660
3691
3435
2743
2337
3119
4069
4181
2853
2137
2180
2880
3727
3413
2601
1810
1360
1065
1054
980
1062
392
769
1908
1550
11
-775
1083
3451
4816
3498
2841
3858
4164
3535
3801
5827
6393
5829
4803
3598
3077
3328
4109
4836
4839
3308
1359
757
1756
2338
1419
-354
-2090
-2488
-1373
-532
-1406
-2763
-3466
-3616
-3000
-2770
-3599
-4819
-4694
-4065
-3891
-4547
-5019
-4612
-3980
-3088
-2810
-3126
-3828
-4010
-3330
-1620
-1205
-2532
-4257
-5009
-4530
-3806
-4051
-4771
-5729
-6348
-6313
-5916
-5510
-5604
-5000
-3919
-3850
-5354
-5849
-4465
-2381
-1290
-1243
-1483
-1383
-636
117
2028
4296
4672
3485
1823
1446
1712
2612
4072
4638
4076
2896
2347
2570
3599
4316
3811
2856
1690
786
1207
2045
2533
2080
815
-49
-42
463
778
895
692
629
664
398
230
-137
262
1071
1321
1396
1086
651
741
1251
1725
1980
1455
1124
1113
1267
1566
904
262
-237
-325
-643
-707
-310
-229
-372
-1
281
-697
-986
-355
1273
2468
2554
1899
2018
2687
2834
2542
3159
4174
4443
3938
2930
2242
2603
3432
4032
3563
2694
1604
893
796
793
1051
430
-561
-1561
-1671
-840
-952
-2143
-2950
-3330
-3392
-2824
-2783
-3053
-3290
-3420
-3374
-3456
-3487
-3323
-3056
-3219
-3502
-3457
-3160
-2933
-2719
-2108
-2253
-2465
-3440
-3891
-4087
-4329
-4365
-4779
-4974
-5865
-5984
-5941
-5624
-5450
-4643
-3943
-4488
-5485
-5298
-3021
-758
341
-329
-837
-614
25
1239
2684
4817
5139
4486
3520
3350
3962
4873
5970
5895
5335
4274
4343
4527
5372
5752
5191
4363
3139
2366
2421
3482
3876
3010
1806
1458
1319
1728
2080
2253
2461
2326
2039
1595
1770
2468
3052
3005
2200
1971
1999
2401
3396
3743
3671
2767
2502
2637
2841
3412
3503
2894
1812
2004
2224
1897
1509
1424
1069
1286
2231
2607
1814
835
1502
2998
4391
4883
3943
3704
4296
4580
4642
5577
6480
6569
6490
5610
4612
4436
4974
5638
5794
4934
3620
2608
2586
3242
3374
2134
249
-1614
-1814
-857
-404
-1236
-2837
-4054
-4182
-3070
-2419
-3093
-3609
-3474
-3261
-3375
-4018
-3857
-3221
-2339
-2344
-3340
-4129
-4076
-3442
-2549
-1711
-2436
-3790
-4968
-4673
-3587
-2783
-3403
-4579
-5321
-5715
-5122
-4521
-4051
-4124
-3921
-4520
-5414
-5923
-4794
-2700
-1491
-1275
-1489
-1175
-1284
-1048
575
2835
3580
3105
2146
1361
1693
3013
4584
4682
4079
3038
2731
3427
3907
4692
4766
3957
3083
2591
2974
3130
3077
2662
2309
1776
1621
1866
1580
1940
2576
3135
2924
2452
2150
2155
2778
3303
3426
3348
3094
2713
3148
3555
3691
3540
3159
2867
2835
3191
3371
2688
1688
1436
1585
1791
1571
1084
624
-296
-503
154
1198
1176
-75
-705
-373
1372
2564
2777
2437
2830
3163
2849
2767
3503
5071
5259
4533
3381
2459
2358
2427
2892
3041
2235
552
-822
-1019
-529
-229
-365
-1208
-2227
-3060
-2889
-2780
-3005
-3627
-4192
-4162
-4152
-3685
-3927
-4002
-3910
-3395
-3464
-3851
-3377
-3347
-2775
-2618
-2378
-2455
-2379
-1368
-992
-1872
-3095
-3880
-4021
-3710
-3575
-3827
-4442
-5601
-6030
-5542
-4946
-4986
-5579
-5255
-5008
-5308
-5788
-4963
-2751
-880
-895
-1921
-1698
-996
-513
135
1960
3701
3217
2118
1646
2784
4152
4998
4719
4181
3795
3146
3222
3932
4422
3915
3009
2028
1887
2348
2750
2227
1377
632
211
716
922
992
490
274
393
656
960
976
1462
1714
2077
2145
2207
2025
2351
2710
3113
3331
3504
3607
3139
2884
3185
3306
3056
2776
2518
2421
1953
1019
578
694
1054
1490
1413
1120
1596
2704
2871
1604
985
2435
4154
5292
5070
4740
5042
4918
4184
3804
4832
6020
6813
6265
4640
3152
2637
3031
3821
4090
3111
1273
112
-138
187
-327
-1310
-2361
-3019
-3115
-2512
-2077
-2772
-3703
-4396
-3866
-3308
-3202
-3850
-3853
-3301
-2694
-2567
-3150
-3359
-3052
-2194
-2020
-1801
-2301
-3327
-3659
-3724
-3320
-3878
-5221
-5941
-6301
-6372
-6482
-6621
-7703
-8680
-8443
-8067
-7799
-7410
-7090
-7540
-7736
-6566
-4567
-2892
-2412
-3183
-3285
-2401
-1244
-238
429
1581
1930
2148
2496
2840
3109
3367
4117
4362
4456
3880
3591
3603
3439
3306
2897
2585
1796
753
91
-118
-178
-215
-588
-1110
-1582
-1065
-832
-1008
-592
-496
-300
164
798
1159
1235
1036
933
1171
1617
2251
2860
2685
2327
1886
1736
1910
2167
1737
1122
786
248
457
446
-33
-479
-752
-529
-95
-576
-888
-1350
754
2646
2108
258
-1092
126
2239
3940
3291
3134
3725
3218
2166
2219
4939
6397
6394
4605
2295
1460
1510
2869
4207
4203
2429
-43
-1319
-586
344
510
-615
-1883
-3019
-2546
-1472
-1257
-2068
-2611
-2160
-2052
-1512
-1921
-2513
-1694
-500
21
-677
-1609
-1443
-736
28
103
-535
-1617
-2775
-2630
-1767
-1154
-2228
-4311
-5224
-5826
-5852
-6215
-7123
-8006
-8430
-7903
-7653
-7853
-7834
-7304
-6803
-7308
-7854
-6835
-4744
-3515
-3563
-3407
-2509
-1951
-1730
-1003
826
2723
2835
2087
1444
1654
2211
2981
3676
4055
3565
2184
1518
1559
2151
2166
1435
531
190
501
362
202
3
-333
-1177
-988
54
300
216
127
823
1216
1500
1767
1876
1877
1677
2137
2661
3184
2720
2274
2182
2449
2648
2431
2129
1523
1666
1526
1312
896
165
-429
-714
-356
-382
-537
-1262
-1617
-1751
-1610
-402
935
797
-767
-1293
-257
2150
3597
3618
3102
3197
3502
2934
2690
4018
5672
5779
4763
2969
1582
1650
2003
2765
2462
1289
-891
-2294
-2260
-931
-24
-1036
-2392
-3446
-3337
-2583
-1729
-1953
-2645
-3086
-2976
-2272
-2100
-2232
-2237
-2097
-2080
-1872
-1598
-2295
-2216
-1630
-1471
-1947
-2466
-2435
-2344
-2458
-2402
-3481
-4440
-4673
-5450
-5274
-5403
-5596
-6602
-7795
-8065
-8280
-7193
-6770
-6730
-6371
-6343
-6837
-7563
-6089
-3566
-1954
-2375
-2928
-2411
-1282
-645
-266
1570
3146
3167
2246
1611
2024
2851
3288
3728
3309
2583
2204
1443
1759
2129
1745
848
-161
-748
-654
-260
-449
-458
-710
-630
-225
392
974
959
1113
1638
2378
3058
3592
3865
3972
4462
4684
4641
4794
4808
4626
4846
5067
4760
4375
3957
3541
3298
3390
3354
2861
2379
1890
2009
2009
2084
1989
1426
961
1122
1782
2852
3635
3031
1411
629
2474
4417
5125
4307
4330
5040
4715
4191
3997
5595
6799
6661
5256
3213
2055
1771
3128
4024
3652
2248
389
-262
438
925
439
-336
-1762
-2763
-2390
-1728
-1094
-1518
-2502
-2724
-2115
-1509
-1329
-1584
-1365
-877
-351
-306
-710
-1081
-956
-673
-882
-1279
-2429
-2624
-2467
-2112
-2037
-2681
-3417
-3996
-4442
-4814
-5470
-6003
-6678
-7447
-8012
-7658
-6775
-6262
-6537
-5814
-5461
-5644
-6226
-6223
-4090
-1845
-669
-1296
-1693
-955
208
1014
2468
4314
4743
3726
2692
2775
3202
3923
4335
4416
4184
3117
2337
1514
1639
2154
2002
1336
325
-137
-93
265
108
-15
-410
-534
-312
357
130
-483
-196
214
765
537
354
326
342
871
1457
1520
949
1175
1767
1899
1836
980
563
420
946
549
103
-619
-1162
-1163
-1488
-1248
-1560
-1793
-2387
-2901
-2558
-1956
-672
820
438
-1119
-1925
-894
1382
2994
2820
2338
2565
2208
1325
1082
2195
3594
3819
3016
2076
1022
482
666
1790
2334
1656
-41
-1873
-1706
-428
536
319
-1347
-2584
-2584
-1672
-947
-880
-1856
-2498
-1986
-1677
-1550
-1942
-2104
-1760
-979
-689
-938
-1584
-1812
-1404
-1029
-911
-1649
-2468
-2886
-2329
-2060
-2963
-4151
-5098
-5621
-5517
-5557
-6005
-6646
-7206
-7663
-8038
-7777
-7325
-6998
-6798
-5956
-5274
-5431
-5576
-4422
-2624
-775
-414
-795
-777
-437
532
1785
3630
4885
4297
3412
2819
2755
3049
3933
5136
4892
3875
2617
2807
3660
4614
4622
3372
2257
1506
2307
3291
3429
2531
1506
981
1112
2125
2658
2119
1766
2404
2920
3052
3122
2937
3213
3451
3286
3105
3165
3391
3849
4516
4351
3637
2665
2330
2812
3291
3106
1968
1015
795
1154
1614
1846
1336
684
149
83
1025
1679
2716
3165
3006
1744
1668
2332
3435
4414
3937
3946
3533
3165
2449
2850
4153
5171
5780
5000
2953
1455
1635
2815
4480
4654
2803
475
-503
408
1538
2036
895
-988
-1982
-1599
-682
-202
-848
-1960
-2196
-1783
-1200
-1579
-2219
-1954
-1009
-528
-878
-1630
-1906
-1959
-1659
-2144
-3018
-4104
-4899
-4913
-4590
-4428
-4866
-5939
-6615
-6296
-5978
-5897
-6906
-7982
-8894
-9212
-8757
-7970
-7711
-7790
-7069
-6699
-6896
-7011
-5841
-3974
-2242
-1778
-2620
-2588
-2087
-1187
-361
1391
3323
3364
2238
1081
1344
2097
3599
4887
4560
3155
1499
1571
2552
3927
3945
2966
1639
1000
1626
2743
3161
2533
1686
714
1387
2321
2851
2493
1865
2196
2544
2854
2534
2579
2924
3170
3324
3041
2994
2834
3166
3355
3651
3097
2476
2125
1993
2460
2906
2598
1967
1545
1697
1744
1340
1118
745
471
-25
-137
-394
-273
126
642
1329
1183
539
142
1552
3498
4603
4411
3319
2892
2990
3050
3186
3881
4770
4501
3140
2020
1852
2406
2691
2506
1975
862
-281
-1039
-410
628
301
-1278
-2912
-3031
-2306
-1617
-1248
-1996
-3191
-3478
-2679
-1672
-1280
-1833
-2400
-2573
-2318
-1859
-1443
-1839
-2340
-2426
-2679
-2997
-3326
-3277
-2891
-2585
-3322
-4455
-5263
-5374
-5334
-5051
-5446
-6278
-6873
-7085
-6597
-5867
-5978
-5847
-6055
-6455
-6401
-5477
-3594
-2363
-2163
-2764
-2366
-1670
-1427
-766
525
2597
3364
2678
1674
1298
2185
3339
4456
4243
3250
2011
2114
2834
3513
3642
2999
1976
1283
1807
2474
2664
2120
1180
566
683
1210
1862
1780
1359
1104
1459
1922
2080
2353
2758
2614
2265
2660
3196
3687
3795
4230
4279
3988
3470
2963
3025
3068
2985
2779
2224
1681
1836
1711
1844
1764
1363
1353
939
568
939
1180
702
1559
2555
2525
980
303
1384
3746
4989
4587
4094
4265
4416
3591
3469
4497
5695
6065
5122
3530
2297
1883
2598
3482
3392
1952
245
-1243
-1148
-103
194
-847
-2562
-3616
-3203
-1862
-1749
-3262
-4619
-4714
-3618
-2629
-2752
-3746
-3907
-3631
-3588
-3466
-3772
-4086
-4275
-4433
-4676
-4559
-4789
-5074
-5457
-5122
-4690
-5356
-6394
-6902
-6777
-6575
-6591
-7056
-8079
-8563
-8160
-7457
-6870
-6534
-6496
-6852
-6765
-7008
-5886
-4006
-2722
-2310
-2748
-2086
-1466
-696
3
1933
4320
4701
3596
2295
2728
3845
5072
5245
4941
4247
3291
3395
3983
4927
4509
3255
2324
1927
2759
3494
3364
2887
2229
1873
2113
2777
3258
2944
2154
2158
2573
3477
3860
3856
3619
2965
3219
3661
4185
4191
3899
3464
3537
3704
3306
2972
2546
2865
3168
2802
1643
1051
675
274
363
472
208
-675
-1177
-1579
-1383
-929
-1148
-859
-604
-446
-485
-81
582
1413
2489
2942
3032
2698
2890
3072
3365
3704
4070
4122
3111
2322
2147
2226
2181
1998
1363
694
152
-303
-80
-332
-720
-1197
-1979
-2496
-2573
-2595
-3038
-3441
-3447
-2954
-2693
-2383
-2385
-2726
-2619
-2551
-2225
-2329
-2382
-2138
-2538
-2577
-3008
-2925
-3057
-3155
-3089
-3498
-4351
-5209
-5397
-5446
-5508
-5989
-6521
-7260
-8238
-8950
-8923
-8171
-7640
-7572
-7504
-7755
-8055
-8055
-6334
-4112
-2937
-3142
-3534
-3257
-2631
-1811
-888
929
2588
2495
1400
906
1705
2671
3735
4554
4409
3467
2492
2905
4066
5077
4761
3715
2829
2833
3614
3841
3356
2084
1577
1794
2465
3147
3086
2108
1332
2182
3578
4128
4054
3896
3654
3610
3780
3979
4042
3781
3634
3833
4035
3829
3179
2407
2601
2758
2540
1679
568
-17
165
452
463
60
-762
-1553
-1733
-854
-75
-183
-16
871
1334
737
-53
148
1425
2918
2930
2552
2426
2399
2430
2070
2641
3545
3904
3293
1849
491
109
624
1458
1666
686
-671
-1886
-2104
-1566
-1194
-1889
-3089
-4116
-4211
-3368
-2919
-3269
-4041
-4520
-4436
-3535
-3265
-3777
-3745
-3397
-2776
-2512
-2925
-3256
-2885
-2274
-1811
-2187
-3010
-4087
-4374
-4011
-3883
-4408
-5533
-6598
-6861
-6570
-6366
-6579
-7708
-8962
-10094
-9879
-9585
-9056
-8838
-9015
-8379
-8286
-8751
-8809
-7138
-5072
-3385
-3494
-3818
-3479
-2579
-1298
-99
2041
3657
3182
2336
2357
3372
4755
5637
5563
5175
4531
4158
4042
4148
4256
3745
3159
1944
1687
2158
2920
3327
2604
2339
1964
2566
3263
3448
3180
2736
3114
3343
3820
3645
3638
3247
3336
3599
4005
4146
3915
4167
4030
4032
3509
3181
3339
3534
3507
2965
2573
2283
2263
2368
2034
1482
1062
843
495
516
312
259
-496
537
2338
2554
978
-52
1262
2921
3974
2652
2235
3201
3351
2471
1548
2856
3914
4218
3477
1759
506
-67
848
1827
2109
881
-1413
-2905
-2113
-632
-381
-987
-2303
-2950
-2436
-1314
-781
-1408
-2172
-2328
-1898
-1867
-1898
-2739
-2806
-1820
-1240
-1334
-1654
-1925
-1996
-1690
-1720
-1775
-2459
-2942
-3088
-2946
-3019
-3645
-4640
-5278
-5203
-5298
-5680
-6595
-7511
-7862
-7978
-8172
-8547
-8165
-8145
-7386
-6210
-6040
-6793
-7478
-6130
-3988
-1800
-1213
-968
-870
-1177
-677
503
3083
4946
4532
3230
2522
3193
4018
5053
6190
6088
4806
3840
3581
4266
5338
5454
4571
3449
3044
3314
3819
3925
3658
2954
2676
2410
2258
2038
1664
1787
2645
3405
2954
2459
2321
2758
2877
3582
3986
3763
3376
3058
3484
3367
3059
2283
1752
1862
1659
1265
1051
990
956
866
478
-244
-104
-129
-256
-554
-819
-1040
-1090
756
2104
1983
927
419
1237
1977
2050
1375
1761
2850
2690
1160
793
2679
3800
4120
3474
2168
854
328
1037
1932
2069
841
-1461
-2610
-1712
-865
-686
-1734
-2877
-3444
-3421
-3044
-3086
-3265
-3183
-2988
-3010
-3274
-3567
-3548
-3070
-2145
-1403
-1504
-2293
-2904
-3207
-3052
-2894
-2875
-3043
-3554
-4038
-3714
-3697
-4512
-5373
-5169
-5117
-5795
-6361
-7158
-7543
-7832
-7882
-8334
-8621
-8152
-7482
-6854
-6094
-6173
-7562
-8506
-7270
-4480
-2202
-1324
-1516
-1493
-1011
-103
1100
3391
5918
6652
5646
4165
3853
4261
5723
6991
7255
6197
4831
4504
5340
6591
6289
5136
3606
2848
3247
3847
3767
3494
3197
2742
2933
2635
2531
2427
2326
2898
2900
2400
1916
2155
2696
3057
3518
3737
3323
2772
2666
3172
3556
3681
3315
3330
3336
3044
2749
2723
2531
2263
2060
1397
1169
862
924
941
631
423
251
76
976
1977
1846
1243
1364
2130
2793
3583
4089
4521
4953
4355
3226
2826
3775
4179
4531
4431
3875
3176
2452
2780
3012
3148
2389
844
93
753
1120
845
-87
-1338
-1671
-1439
-1113
-1894
-2640
-3203
-3075
-2365
-2356
-2958
-3617
-3719
-3359
-2928
-2982
-3427
-3706
-3685
-3574
-3473
-3482
-3635
-3882
-3951
-3901
-4029
-4409
-4709
-5104
-5217
-5430
-5952
-6589
-7348
-7767
-7977
-8065
-8554
-9064
-9243
-8615
-7771
-7189
-6258
-6258
-7072
-7679
-5914
-3103
-1468
-1733
-2017
-1136
31
605
966
2821
5086
5736
4838
4010
4168
4899
5972
7295
7271
6377
4699
3815
4455
5357
5237
4258
2910
2071
2500
2779
2745
2302
1971
1760
1501
2005
1987
1827
1791
2039
2170
2271
2439
2740
3437
3705
3503
3516
3844
3917
3969
3724
3675
3108
2115
1877
2134
2214
2316
2106
1543
876
572
533
343
191
222
-112
-445
-590
-512
-412
375
2678
2902
1715
356
1058
2980
4363
4391
4024
4674
4512
3733
3286
4784
6398
6938
6037
4627
3808
3225
3605
4079
3850
2613
1169
139
39
317
134
-640
-1942
-3072
-3232
-2493
-2091
-2727
-3628
-3961
-3762
-3297
-2994
-3219
-3476
-3215
-2938
-3175
-3258
-3111
-2812
-2612
-2622
-2974
-3260
-3339
-3112
-2926
-2921
-3297
-3880
-4327
-4177
-4506
-4913
-5402
-5897
-6585
-6934
-6945
-7589
-7306
-6847
-6249
-6002
-5144
-5005
-5533
-6179
-5816
-3384
-656
872
247
-105
884
2029
2587
3583
5539
6597
6123
5038
4767
5467
6460
7213
7254
6941
5714
4602
4629
5464
5736
5089
3809
2839
2672
3380
3864
3287
2057
1238
1317
1459
2059
2135
1338
1071
1261
1526
1898
1699
2035
2445
2203
2261
2320
2662
2966
3308
3381
3045
2050
1570
1623
1272
946
487
41
-559
-586
-755
-914
-1150
-1147
-1465
-1655
-1443
-1314
-1170
-221
1120
1482
914
384
1243
2919
3795
3462
3455
3753
3830
3233
2989
3901
4613
4865
4311
3338
2705
2109
2320
2698
2396
1204
-78
-945
-811
-646
-1009
-1507
-2423
-3319
-3574
-3361
-3408
-3526
-3794
-3858
-3774
-3477
-3339
-3208
-2863
-2630
-2106
-2248
-1959
-1631
-1658
-1798
-1987
-2008
-2013
-1961
-1816
-1627
-2083
-3376
-4381
-4869
-4862
-4754
-5801
-6539
-7191
-7497
-7037
-7069
-7556
-8379
-8951
-8708
-7122
-6101
-5787
-6204
-7154
-7518
-6409
-3586
-1390
-971
-1402
-1333
-686
-46
1139
2642
4415
5394
4907
4078
3862
4276
4936
5739
5990
5477
3900
3370
3740
4308
4728
3887
2511
1325
1238
2316
3292
2812
1458
381
161
1209
2212
2115
995
544
1043
1749
2129
2218
2635
2704
2192
2294
2566
2876
3252
3239
3277
2876
1906
1052
1242
1715
1800
1544
1116
364
-157
-103
316
633
729
700
423
-125
-42
110
272
694
1570
2564
2611
1625
1407
2806
4548
5433
4746
4174
4514
4350
3266
2581
3619
4362
4168
3049
1746
590
-491
-393
-49
285
-712
-2254
-3429
-3040
-2048
-2225
-3133
-4280
-4591
-3653
-2283
-2295
-2942
-3593
-3277
-2552
-1849
-1742
-2192
-2313
-2024
-958
-245
-227
-1054
-1626
-1173
-204
148
-66
-969
-1294
-1042
-1502
-2105
-2861
-3782
-4433
-4569
-4826
-5470
-6377
-7084
-7371
-7550
-7789
-8066
-8446
-7717
-6841
-5025
-4236
-4879
-5663
-5597
-3091
-40
1967
1187
493
694
1637
2651
3862
5692
6498
6439
5316
4772
4989
5463
6670
7689
7068
5382
4405
4046
5045
5658
4798
3514
2285
1921
2286
2380
1793
1002
702
677
534
684
948
877
1229
1905
1827
1995
2136
2074
2524
2862
3106
2698
2382
2419
2420
2586
2754
2606
1710
1203
1278
1206
1460
1481
1291
804
755
798
787
767
403
289
-5
-336
-649
-542
-787
-298
951
1467
450
-1023
-497
1220
2618
2402
1348
1247
1395
1112
19
785
1794
1822
702
-935
-1966
-2667
-2690
-3043
-3093
-3511
-4093
-5030
-5141
-4014
-3867
-4464
-5484
-6155
-5794
-4660
-3841
-3675
-3980
-3948
-3522
-3260
-2635
-2499
-2511
-2377
-2393
-2406
-2415
-2689
-2101
-1327
-1473
-2440
-3346
-4009
-4185
-3538
-3411
-4282
-5852
-7144
-7372
-6945
-6331
-6046
-6967
-7937
-8631
-8801
-8526
-8427
-8450
-8662
-8580
-7676
-6481
-5642
-5399
-5416
-5050
-3493
-1840
-1063
-751
-3
1276
2069
2003
1866
3342
5420
6344
5995
4879
3779
3384
4445
5751
5946
4308
2610
2250
2512
3301
3320
2597
1442
489
525
774
1387
971
641
540
588
1078
1146
903
647
938
1341
1725
1647
2081
2665
3059
3151
3117
2825
3186
3366
3548
3377
2591
2151
1786
1978
1932
1763
1340
688
394
78
-128
-507
-516
-470
-723
-1462
-1354
-325
229
59
-419
-94
928
1546
1407
1601
2104
2089
1259
776
1787
3043
3057
2192
1208
993
933
917
1060
558
-185
-606
-1067
-1361
-1172
-975
-1116
-1885
-2598
-2700
-2887
-2613
-2555
-2477
-2542
-2727
-3326
-3373
-2958
-2392
-1615
-1502
-1447
-1796
-1994
-1618
-918
-762
-894
-1180
-1466
-1703
-1833
-1498
-1317
-1292
-1749
-2663
-3059
-3340
-3622
-4340
-4750
-4974
-5491
-6076
-6334
-6259
-6164
-6314
-6693
-7132
-7393
-7510
-7049
-5348
-4003
-3054
-3097
-3630
-3909
-2589
-132
1349
1955
1513
1765
1972
2586
3527
4569
6513
6895
6072
4731
3963
4485
5614
6797
6893
5543
3530
2815
3104
4243
4624
3885
2512
1255
1203
2223
3203
3442
2532
1516
1693
2092
2247
2251
1872
2075
2430
2503
2603
2417
2916
3230
3255
3172
2954
2561
2035
1733
2156
2518
1934
1050
477
623
489
195
-21
-509
-1289
-2319
-2507
-2204
-2146
-2034
-2273
-2019
-1827
-1723
-1897
-1450
-1275
-1155
1152
2395
1603
-431
-634
1351
3368
3326
1214
1057
1871
1276
-10
516
2514
2618
1903
613
-222
-871
-822
234
1031
123
-1396
-2615
-2698
-1044
-581
-1286
-2296
-3153
-3101
-2329
-1451
-1112
-1644
-2047
-1604
-502
313
248
-563
-474
338
454
592
402
303
438
581
281
-826
-1652
-2311
-2587
-2580
-3090
-4345
-5340
-5497
-5160
-4769
-4674
-5340
-6473
-6316
-5954
-5853
-5827
-5600
-5097
-4456
-3319
-2648
-2408
-2607
-2807
-1747
476
2171
2248
2004
2359
3257
3455
3519
5123
7193
7563
6497
5545
5725
6363
7139
8046
8113
7463
5808
4717
4904
5589
5810
5140
3757
2884
3130
3575
3587
2653
2082
1724
1842
2390
2789
2448
2214
2498
2897
3302
3294
3335
3414
3710
3572
3175
2753
2465
2545
2664
2774
2309
1568
695
847
1368
1127
683
-41
-807
-981
-729
-266
-251
-587
-807
-1157
-1294
-1296
-495
-254
164
-30
721
2816
3057
1716
117
1012
3060
4312
3415
2175
2563
2814
1675
855
1994
3417
3200
2174
674
-613
-1875
-1747
-699
61
-253
-1484
-2614
-2392
-871
-279
-209
-1724
-2503
-1879
-561
373
-121
-770
-998
51
1123
1261
103
-551
125
522
739
494
77
-387
-5
5
-334
-834
-1643
-2011
-1954
-1477
-2549
-3981
-4912
-4573
-4175
-4058
-4619
-5906
-6479
-6923
-6342
-6430
-6886
-7236
-7203
-5859
-4416
-3147
-3219
-3520
-3766
-2574
-308
1456
2113
1835
2572
2744
2281
2328
3976
6134
7139
6467
4985
4343
4244
5013
6367
6462
5371
3377
2289
2855
3523
3861
3340
2211
1496
1280
1001
1014
1142
1234
940
767
964
1159
1491
2015
2478
2767
2544
2375
2680
3292
3631
3370
3191
3015
2703
2248
1877
1256
794
570
597
459
311
177
-75
-378
-753
-738
-1129
-1876
-1873
-1271
-1236
-1610
-2013
-2404
-2266
-2055
-1478
-1697
-671
1104
1036
-581
-2095
-945
1168
2577
1616
670
948
795
135
-214
1727
3435
3184
1961
578
-39
-588
155
1671
1854
841
-1266
-2213
-1164
455
589
21
-894
-1434
-554
821
1806
1600
1104
752
1121
2014
1905
1392
1291
1967
2057
1756
1273
709
864
947
724
155
-720
-1750
-2553
-2577
-2107
-2623
-3659
-4169
-4061
-3762
-3854
-4300
-5178
-5644
-5969
-6290
-6935
-6732
-5776
-4939
-3922
-2782
-2884
-3367
-3566
-2296
17
1670
2348
1974
2373
3091
3294
3271
4621
6762
7711
6943
5314
4562
5063
5943
6613
6507
5776
4331
3052
3323
4271
4513
3771
2607
1722
1662
2016
2041
1763
1448
1348
1598
1580
1688
1740
1432
1560
2188
2209
1726
1532
1722
2287
2624
2879
2602
2177
1924
2050
2420
2603
2315
1641
1233
576
373
414
484
531
224
-222
-697
-340
113
-109
-952
-1378
-1395
-1015
-995
-646
-169
792
2628
2205
364
-1360
-203
2003
2970
1939
387
918
1090
218
-765
744
3311
3422
2505
759
-170
-428
162
1624
2037
1426
-727
-2358
-1711
20
448
-366
-1197
-1887
-1798
-426
313
-85
-727
-1173
-569
542
1042
366
-170
760
1446
952
46
-473
-234
64
-99
-464
-1100
-1783
-2434
-2174
-1502
-1695
-3126
-4265
-4278
-4223
-4261
-4560
-5067
-5833
-6141
-5912
-5813
-5793
-5863
-5787
-5116
-3832
-2808
-3338
-4149
-3644
-2056
35
1581
1588
1427
1997
2161
1780
2264
4453
6461
6292
5136
4141
4069
4582
5675
5990
5246
3369
1626
1341
1912
2142
1519
587
-217
-424
-21
361
71
-371
-583
-742
-1108
-832
-698
-1063
-1395
-1055
-586
-648
-574
-676
-13
598
887
725
276
-65
14
695
784
749
336
100
418
446
224
-109
-501
-950
-1391
-1603
-1731
-1642
-2147
-2247
-2044
-2368
-2460
-2522
-2487
-2173
-2130
-1274
-77
-417
-1421
-2135
-454
1057
1449
489
-177
658
568
-326
-964
301
1847
1285
208
-914
-1354
-1852
-1110
203
306
-414
-1920
-2822
-1655
-687
-833
-884
-1828
-1949
-1480
-471
119
-135
-634
-271
879
1976
2375
1502
1074
2051
2804
2635
2200
1669
1583
1755
2109
1728
840
295
-413
-212
22
-723
-2277
-2764
-2476
-2535
-2859
-3413
-4103
-5117
-5199
-4781
-5103
-5788
-6428
-6566
-5444
-4038
-2755
-2846
-3599
-4117
-3694
-1976
81
1050
888
1170
1011
648
1065
2908
5474
6443
5561
4034
3289
3536
4394
5360
5926
5263
3587
2521
2386
3171
3498
2820
1707
258
-745
-397
-60
-400
-1004
-1380
-1189
-730
-25
303
482
828
1781
1751
1465
1464
1673
2334
2325
2586
3057
2356
1516
1425
1754
2079
2019
1395
839
474
404
527
322
-193
-1162
-1547
-1680
-1579
-1393
-1707
-2004
-2357
-2465
-2599
-2871
-2919
-1947
-385
-635
-1741
-2864
-1887
-294
626
-109
-653
467
329
-935
-1776
-42
1408
1256
399
-1062
-1614
-1649
-920
27
-97
-1362
-3307
-4151
-2923
-950
-583
-1345
-2450
-2618
-1476
-259
388
25
-567
-803
31
939
1290
730
638
1440
1943
1988
1545
1130
1575
2148
2304
1893
1291
384
-538
-838
-575
-1170
-2498
-3552
-3712
-3923
-3998
-3881
-4330
-4714
-5386
-5856
-6087
-5757
-5631
-6133
-6970
-7195
-6020
-4687
-2724
-2301
-3390
-4088
-3003
-744
884
1688
1409
1612
1450
923
929
2232
4359
5261
4456
2998
2070
1703
2350
3745
4838
4390
1881
-391
-897
316
1840
1563
-35
-1956
-2136
-1418
-878
-966
-1811
-2365
-2425
-1968
-1387
-1123
-1506
-1408
-320
255
304
484
615
1160
1718
1939
1461
492
412
1166
1953
1772
689
-171
-445
146
459
213
-610
-1124
-1530
-1312
-1246
-1718
-2278
-2704
-3174
-2943
-2278
-2233
-2392
-2950
-2544
-2185
-1837
-1871
-2386
-2272
-1645
-1410
-1105
-763
-773
-1062
-909
-998
-592
-385
-337
-256
-564
-729
-1114
-1227
-1001
-1012
-1720
-2112
-2167
-1903
-1432
-1104
-1102
-750
-595
-299
258
1032
1686
1532
1612
1783
2249
2592
2367
2453
2841
2768
2290
1838
1614
1837
2065
1972
1675
615
-761
-1038
-1244
-1556
-2115
-2688
-3543
-3952
-4385
-4955
-5080
-5113
-5400
-6236
-6590
-6801
-6663
-6911
-6637
-6576
-7052
-6383
-5265
-3723
-2947
-3424
-4174
-3524
-1235
757
1119
728
995
1570
1177
1002
1443
3255
4817
5106
4431
2852
1980
1809
3208
4209
3099
867
-697
-895
-182
701
284
-673
-1747
-1874
-960
-440
-456
-1444
-1635
-1174
-535
220
246
-184
-294
437
946
901
846
1192
1386
1545
1827
1759
1850
2305
2591
2377
1769
618
355
475
529
976
190
-691
-1373
-1385
-1467
-1893
-2349
-2860
-3038
-3199
-3096
-2291
-1393
-1558
-2233
-2375
-1261
-333
-400
-1203
-1222
-604
-891
-1602
-1746
-887
-141
11
-89
-259
-659
-684
-106
409
409
-181
-1103
-1657
-1414
-706
-362
-598
-1191
-1712
-1324
-564
-397
-541
-811
-595
-329
-33
-39
-378
-74
555
1173
1614
1708
1186
999
955
1010
898
799
698
30
-507
-1026
-1561
-1825
-1833
-1938
-2180
-2726
-3182
-3718
-3879
-3806
-3877
-4168
-4458
-4853
-4815
-4768
-4809
-4536
-4935
-5161
-4707
-3840
-2539
-2053
-2773
-3364
-2661
-21
1754
2450
2282
2522
2428
1889
1841
3023
5128
5817
5029
3110
2172
2104
3269
5308
5857
4786
2605
956
1049
2517
3201
2511
1189
329
203
813
1487
1528
965
564
1206
1783
1749
1243
729
918
1696
2023
1735
2104
1985
1276
1128
1246
1892
2274
2146
2079
1794
1738
876
637
998
1060
735
292
3
-678
-1149
-1318
-1174
-1316
-1400
-1859
-1823
-1596
-1549
-1550
-1427
-953
-681
-385
-792
-588
-91
4
87
353
748
721
515
527
749
709
901
1224
990
737
98
-591
-422
-272
-330
-781
-947
-1143
-965
-612
-52
-268
-977
-1247
-938
108
580
482
384
655
571
1076
1594
1620
1735
1415
1555
1602
1427
1331
1274
1452
1541
1387
659
92
-456
-425
-240
-578
-1245
-2052
-2385
-2364
-2255
-2788
-3007
-3486
-3941
-4292
-4494
-4425
-5027
-5109
-5503
-5686
-4933
-3727
-2165
-2242
-3417
-4305
-3200
-794
792
1006
731
1065
1057
775
919
2584
4798
5506
4765
3075
1760
1542
2496
4144
4845
3967
2075
644
844
2409
3549
3124
1719
221
-99
402
1410
1676
1083
331
76
341
666
1091
1134
1088
1132
863
837
1176
1764
1906
1490
1156
1327
1569
1740
1941
1794
1659
974
575
601
640
387
28
134
-101
-423
-658
-752
-631
-719
-1166
-1461
-1881
-2288
-1871
-1524
-1537
-1572
-286
461
-458
-1445
-1506
483
1566
1528
51
-486
497
610
-278
-588
1293
2431
1821
753
-311
-890
-1124
-207
526
324
-703
-1651
-1729
-444
783
915
264
-636
-266
658
1382
1380
821
574
822
1199
1931
1842
825
1052
1924
2292
2010
1928
1602
1708
1657
1313
869
383
510
251
-522
-1541
-2330
-3412
-3992
-3933
-3817
-4461
-5109
-5411
-5312
-5049
-5812
-6512
-6837
-6491
-5944
-4544
-3245
-3886
-5188
-5754
-3609
-989
51
-111
-319
450
809
65
242
2606
5209
5536
4900
3833
3151
3375
4937
7021
7121
5811
4106
3464
4472
5545
5377
4200
2789
2323
2478
2750
2721
2120
1830
2205
2544
2554
2481
2452
2333
2756
3258
3049
2792
2656
3048
3287
3770
4102
3453
3048
3017
3477
3853
3458
2738
2113
1762
1787
1741
1427
1028
378
133
231
-112
-492
-1010
-1511
-1419
-1436
-1593
-1353
-784
-353
472
1192
317
-1047
-1717
27
2158
2800
2123
823
710
1225
876
665
2100
3584
3350
2371
1408
962
895
1324
2079
1706
772
-188
-456
920
2109
1950
369
-462
44
879
1835
1875
1364
799
1464
2427
3320
3514
3035
2692
2774
3098
3058
2446
2037
2229
2029
1931
1323
464
445
617
390
149
-608
-1789
-2441
-2773
-2975
-3349
-4274
-5382
-6665
-6668
-6281
-6477
-6769
-6927
-6328
-5508
-4356
-4918
-5705
-5925
-4118
-1547
-719
-566
-617
-218
-445
-370
583
2756
4920
4661
3622
3055
3431
3363
3770
5124
5323
4303
2814
2335
2678
3545
3254
1908
403
-62
707
1211
616
-325
-862
-444
627
959
444
-841
-1375
-429
596
763
309
370
735
1005
1336
1569
1434
1255
1635
1911
1519
1233
567
141
66
4
-348
-1037
-1235
-1241
-1139
-1205
-1226
-1248
-1527
-1062
-848
-948
-1304
-1257
-351
265
591
264
31
-114
-257
-321
412
1330
1665
1317
937
1249
1436
1592
1411
957
473
-83
-361
-55
519
266
-306
-671
-493
-415
-137
-202
-804
-1215
-1387
-1176
-655
-341
-345
-983
-1170
-655
-39
-167
216
876
1024
1645
1487
1024
953
1078
1263
1809
1553
927
184
-295
-244
-319
-780
-1503
-2086
-2282
-2660
-3244
-4041
-4594
-4858
-4703
-5025
-5629
-6148
-7162
-7256
-7086
-6382
-5790
-4815
-4620
-5700
-6776
-5954
-3189
-1126
-650
-999
-707
-375
-667
-575
1059
3844
5305
4390
2938
2398
2612
3229
4840
5932
5544
3261
1498
1490
2983
4197
4473
3233
1535
970
1199
2109
2239
1502
518
446
1015
1604
1868
1482
1395
1783
1921
1808
1835
2154
2218
2349
2417
2617
2725
2451
2378
2225
2126
1879
1543
1664
1809
1581
748
-57
-80
-106
-271
-634
-1159
-1316
-797
-416
-654
-1121
-1276
-500
293
247
-244
-111
989
1600
1174
853
833
1225
1845
1709
1411
1363
1217
513
360
907
1062
559
-109
-167
-385
-489
-1047
-1125
-1262
-1439
-1531
-2099
-2408
-2683
-2460
-2295
-1731
-1666
-1813
-1786
-2193
-1977
-1706
-1377
-1076
-756
-276
-405
-476
-394
-411
-95
560
604
122
-641
-1406
-1245
-425
-403
-1112
-2287
-3172
-3424
-3444
-3721
-3969
-4562
-5502
-5870
-5894
-5636
-6285
-6750
-6901
-6373
-5260
-3636
-2569
-3402
-4602
-5112
-2860
-428
650
464
877
1995
948
-256
415
3439
6160
5945
4438
2933
2594
3187
4795
6069
6045
4546
2084
813
1356
2759
3355
2310
216
-978
-699
231
544
151
-163
-679
-643
-517
-241
-724
-843
-517
-229
-108
72
518
526
842
1094
1476
1433
1463
1427
1260
1268
726
408
180
-91
-142
-188
-302
-371
-505
-1042
-585
-262
-320
-208
-234
-388
-527
-516
-466
-148
-48
826
1413
1012
27
92
1619
3184
3428
2161
1991
2492
2644
1808
1447
2752
3373
2603
1270
36
-657
-789
-370
132
-169
-1242
-2656
-3468
-2576
-1674
-2047
-3186
-4124
-4219
-3162
-2342
-2198
-2242
-2643
-2462
-2011
-1100
-391
-528
-825
-588
-611
-514
-227
236
526
167
-450
-1735
-2437
-2303
-1871
-1524
-1923
-3117
-4254
-4959
-4662
-4166
-4549
-5362
-6415
-7126
-7014
-6823
-7575
-7575
-6928
-5481
-4828
-5611
-6445
-6201
-3815
-1642
-927
-761
60
1054
766
474
1434
3767
5787
5722
4438
2946
2558
3011
4228
5414
5447
4004
2074
1354
2075
3254
3427
1983
-17
-771
79
778
490
-591
-1886
-2213
-1285
-378
-494
-1049
-1516
-1278
-675
-349
-297
-210
402
763
1148
1118
770
831
1080
1813
1716
1160
537
262
212
158
460
55
97
39
-409
-583
-638
-231
-290
-149
23
218
175
68
495
1174
1292
918
1292
1782
1879
1623
1763
2717
3374
3355
3121
3100
3180
3342
3167
3171
2496
1816
1146
697
555
247
-78
-883
-1327
-1691
-1619
-1344
-1540
-2122
-2431
-2371
-1987
-1299
-1347
-1868
-1921
-1711
-1218
-731
-405
-538
-544
-47
200
435
-147
-453
-287
-312
75
123
-221
-1050
-1708
-1889
-2109
-2442
-2566
-2947
-3910
-4447
-4638
-4624
-4705
-5324
-5542
-5691
-6061
-6097
-5858
-6116
-6254
-5831
-3923
-2686
-3660
-4686
-4311
-1539
445
853
1195
2145
3030
2196
1373
2798
5708
7123
6314
5355
4614
4367
4645
6250
7740
7694
5939
3676
2531
3320
4883
4778
3356
1322
482
1216
1666
1372
993
547
562
1024
1679
1585
939
775
1721
2013
2181
2008
1904
2219
2313
2738
2792
2531
2221
2587
2965
2645
1725
1030
724
785
975
679
172
-559
-832
-907
-1031
-760
-1257
-1298
-710
-923
-1123
-1812
-1262
-125
350
70
-233
294
1000
1131
1089
2012
2625
2675
1903
1623
1698
1565
1562
1201
614
-248
-685
-1451
-1092
-542
-646
-834
-1885
-2389
-2174
-1256
-1460
-2405
-3095
-2995
-1852
-1423
-1290
-1778
-2490
-2303
-1565
-769
-868
-875
-825
-362
590
772
403
76
-104
-20
366
837
52
-1183
-1642
-1725
-1766
-1937
-2413
-3476
-4073
-4278
-4253
-4650
-5477
-6342
-6821
-6640
-6554
-6743
-7278
-7941
-7671
-6343
-4289
-3444
-4678
-6163
-5610
-2474
-362
30
-48
893
1649
1180
349
1961
5023
6480
6019
4706
4088
3815
4051
5326
6591
6341
4927
2937
2003
2610
3659
4043
2788
1369
604
596
916
966
570
679
695
214
-52
-581
-488
-63
200
-59
-204
379
957
1501
1899
2230
2059
1632
2240
2440
2260
1798
1159
716
715
1064
1013
731
484
257
28
-84
-199
-328
-110
-51
193
628
445
46
-163
976
3012
3494
2357
914
815
2945
4996
5539
4256
3195
3061
2519
2084
2797
4360
4525
3036
1049
11
-90
-60
423
472
121
-1109
-2771
-3129
-1823
-723
-1137
-2403
-3639
-3602
-2268
-1316
-1453
-2293
-2468
-1648
-871
-613
-1027
-1578
-827
93
485
38
-543
-423
-160
631
788
45
-953
-1172
-1489
-1417
-1389
-2473
-3439
-4638
-5105
-5218
-5268
-5493
-6419
-6992
-7400
-7564
-7821
-7621
-6857
-5486
-4438
-5212
-6638
-6725
-4040
-916
249
-47
463
1382
1226
708
1839
5022
7224
6708
5391
4552
4552
4828
6224
7662
7597
5449
3330
3375
4653
6027
5667
4159
2383
1934
2425
2619
2177
1557
1098
924
1127
1664
1704
880
703
1189
1661
1910
1568
1696
2027
2239
2391
2462
2089
1688
1847
2047
2514
2266
1534
1595
1815
1594
885
713
425
139
-152
-374
-937
-1007
-333
-192
-658
-1406
-1093
-659
-388
16
136
507
640
968
995
1762
2986
3092
2814
2284
2411
2509
2393
2523
2600
2036
1255
439
291
331
202
-286
-944
-1140
-1479
-1636
-1689
-1736
-1920
-2341
-2592
-2880
-2812
-1947
-1459
-1531
-1628
-1840
-1690
-955
-201
164
77
171
156
188
717
1264
1299
1171
694
656
663
457
-55
-792
-1386
-1703
-2205
-2752
-3427
-4081
-4623
-4842
-4568
-4674
-5123
-5907
-6378
-6673
-6651
-6638
-5894
-4001
-3417
-5236
-6976
-5092
-1550
425
102
-404
519
1429
803
562
3012
6462
7548
6254
4674
4070
3843
4549
6681
7416
6408
3837
1673
1265
2797
3958
3200
1343
-462
-443
326
943
394
-531
-943
-604
69
708
298
-587
-822
-612
-492
-459
-352
-254
-332
-313
502
1039
853
480
725
759
600
292
-309
-279
-129
1
-277
-656
-743
-936
-1095
-1698
-1823
-1887
-1667
-1609
-1654
-1036
-567
222
1152
1595
1287
646
1018
2490
4031
4587
4703
4398
4120
3675
3236
4157
5096
5394
4242
2763
1722
1027
1293
1651
2057
1359
8
-1582
-2101
-1247
-614
-883
-2237
-3178
-3236
-2571
-2081
-1932
-2501
-2811
-2710
-2618
-1841
-1543
-1306
-1277
-763
-439
-541
-428
-307
-141
-408
-153
-22
-389
-807
-1318
-1678
-2093
-2620
-3138
-3472
-4166
-4916
-5378
-5863
-5566
-6253
-7229
-8247
-8622
-8276
-7708
-6190
-4779
-4654
-6973
-8343
-6300
-2311
-23
-269
-482
-230
-94
-828
-226
3337
7209
7822
5429
3184
2367
2967
4559
6606
7147
5277
2641
1304
1998
3706
4740
4020
1558
-295
14
1666
2451
1592
7
-471
-502
-29
86
-454
-547
-553
64
65
247
980
1439
1370
1012
1256
1385
1319
1250
1574
1620
1772
1353
975
1067
516
218
172
251
117
-472
-1149
-1637
-1524
-356
-228
-1118
-2423
-2680
-1781
-699
271
420
405
603
744
905
1740
2618
3134
2877
2418
2173
2005
2009
2426
2666
2024
1216
372
184
713
1203
802
-403
-1762
-2452
-2733
-2319
-2042
-2364
-3089
-3574
-4095
-3900
-3144
-2683
-2354
-2474
-2718
-3118
-3059
-2834
-2359
-2424
-2019
-1771
-1651
-1465
-1445
-1101
-1041
-700
-628
-689
-515
-649
-1266
-2230
-2558
-2120
-2087
-2591
-3633
-4355
-4719
-4569
-4281
-4989
-6005
-7349
-7602
-7180
-5321
-2850
-2586
-5117
-7582
-5979
-1751
1204
1097
1139
2503
2829
1433
1083
4769
9348
10833
9348
6998
5188
4713
6298
9297
10916
9201
5961
3385
3505
5410
7245
7026
4603
2191
1497
2739
3733
3585
2273
1394
1100
1478
1613
811
467
887
1929
2067
1725
1314
1525
1813
1688
2219
2589
2103
1485
1087
1382
1527
1635
1641
1392
643
-477
-854
-504
-28
-132
-605
-1376
-2077
-1247
35
563
-286
-1713
-1408
-761
295
941
1123
1852
1759
803
459
1368
3059
4069
4406
3807
3358
2751
2827
3711
4806
5108
3696
1619
709
1490
2478
2608
1575
355
-1112
-1343
-1387
-1265
-1327
-1947
-2609
-3504
-3930
-3805
-3476
-3009
-2279
-2466
-2756
-3189
-3758
-3784
-3217
-2259
-1752
-2103
-2126
-2246
-2744
-2446
-2216
-1581
-1604
-2477
-3740
-4806
-4882
-4345
-4283
-4726
-5691
-6613
-7081
-7343
-7204
-7475
-8042
-8900
-9461
-8347
-5414
-3772
-4942
-7269
-7258
-4474
-1605
-792
-754
710
1637
-131
-2722
-1086
3644
6852
6974
5344
3988
2558
2724
5029
7702
8279
5990
2838
1427
2440
4457
5762
4758
2822
1526
1514
2105
1952
1647
1752
1354
907
750
641
-90
-217
908
1836
1461
626
766
1076
1400
1923
2414
2159
1762
1588
2052
2143
2042
1723
1564
1816
1159
620
252
9
-73
-224
-400
-716
-679
-439
279
52
-226
28
156
300
417
965
1350
1736
1471
1754
2293
2996
3444
3406
3293
2854
2734
2880
3371
3481
2896
2091
1266
941
1011
536
-377
-879
-1224
-1685
-1815
-2167
-2422
-2667
-2680
-2487
-2259
-2467
-3009
-3281
-3182
-2425
-1993
-2012
-2404
-2516
-2349
-2413
-2406
-2083
-1760
-983
-855
-836
-1014
-1663
-1915
-1643
-1447
-1521
-2202
-3270
-3512
-3305
-2858
-3180
-4203
-5171
-5542
-5482
-5739
-5790
-6107
-7007
-6769
-4462
-2847
-3624
-6350
-7052
-4176
-1075
-34
-396
651
2062
910
-1305
-176
4336
7024
7025
5418
4416
3575
3201
5273
7451
8406
6317
3471
2447
3190
4958
5834
5040
3663
2571
2718
3398
2972
2320
2458
2392
2294
2287
1877
1085
979
2253
3058
3172
2217
1898
1636
1595
2641
3267
3500
2927
2565
2475
2720
2477
1786
1697
1742
1417
579
40
-346
-232
-291
-452
-1155
-1091
214
605
-118
-1146
-839
-79
440
955
983
1502
1979
1620
1477
2244
3425
3714
3792
3570
2974
2338
2187
2524
2200
2073
1479
668
102
144
188
-402
-1064
-1530
-2022
-2122
-2066
-2484
-3095
-3203
-3379
-3271
-3270
-3532
-4031
-3945
-3057
-2803
-3107
-3523
-3182
-2868
-2308
-1985
-2121
-2386
-2254
-1958
-1793
-1643
-2068
-2549
-2641
-2033
-2099
-2853
-3551
-4071
-4034
-3836
-3740
-3877
-4666
-5604
-6489
-6272
-5878
-5835
-4732
-3302
-3215
-5675
-7353
-5239
-1456
-143
-1204
-845
1315
1683
-592
-1270
2532
6657
7584
5876
3618
2550
2056
3915
6812
8225
7536
4205
1633
1799
3817
5937
5865
3980
1881
1712
2754
3284
2554
1738
1791
1885
2044
1713
969
134
491
1833
2922
2933
1771
250
-908
-31
1314
2233
1882
615
-367
-1138
-688
169
532
83
-828
-1895
-2120
-1640
-1413
-1440
-2046
-2237
-2473
-1398
75
9
-148
-608
-335
94
562
872
1337
2679
3207
2898
2399
3253
4226
4851
5617
5747
4649
2757
2092
2822
4107
4128
3157
1538
945
1040
992
865
11
-1129
-2287
-2410
-1842
-1891
-3060
-3682
-3779
-2961
-2271
-2739
-3237
-3258
-2859
-2493
-2065
-2216
-2859
-3352
-3225
-2606
-2167
-1820
-1700
-2162
-2398
-2390
-2315
-2712
-3006
-3301
-3836
-4015
-4462
-4808
-5375
-5506
-5660
-6119
-6727
-7211
-7140
-7474
-5551
-3370
-3114
-6052
-8441
-6903
-3849
-1620
-1252
-199
761
-502
-3330
-3327
1368
6319
6949
4582
2170
320
-235
2192
5857
7313
5641
2412
275
648
2541
4394
4377
3106
2087
2641
3222
2927
2326
2038
3081
3541
3519
3277
2567
2018
2798
4490
5212
4873
4380
3770
3069
3177
3773
3703
3383
3132
3263
2563
1884
1425
1276
1496
1118
311
-255
-789
-1724
-2196
-1724
-1725
-1337
-1037
-1345
-2246
-2732
-1403
-82
1100
915
731
1174
1429
1279
1810
3404
4389
4560
4251
3991
3516
3410
3737
4420
4350
3459
2441
1637
1839
2156
2440
1565
309
-342
-941
-1159
-1078
-1131
-1135
-1613
-2085
-2265
-2101
-1811
-2313
-2514
-2253
-2020
-1999
-2023
-2122
-2266
-2132
-2172
-2396
-2644
-2918
-3032
-2520
-2345
-2730
-3461
-3776
-3950
-4335
-4633
-4749
-4491
-5393
-6262
-6917
-7153
-7510
-7892
-7967
-6506
-4276
-4406
-7241
-9305
-7053
-3024
-690
-779
-869
617
-4
-2376
-2300
2144
6883
7348
5037
2629
1356
693
2337
5544
7161
6073
2881
980
1278
2759
4415
4140
2724
1509
1739
2677
2489
1299
1249
2760
3469
3823
3058
2017
1624
2607
4517
5246
5110
4499
4257
3543
3580
4494
4899
4654
4092
3462
2353
1782
1442
1665
1884
1449
668
-835
-1327
-1147
-995
-610
-801
-1245
-1885
-2521
-2940
-2576
-1648
-1378
-1257
-918
-162
510
691
613
944
1598
2247
2498
2668
2682
2115
1903
2614
3133
2921
1810
834
800
1180
1176
281
-590
-899
-1228
-1445
-1356
-1041
-1373
-2154
-2688
-2592
-2345
-2268
-2422
-2614
-2390
-2481
-2495
-2686
-2856
-2260
-2090
-1711
-1817
-2093
-2293
-2647
-2848
-3227
-3556
-3308
-3054
-3298
-4033
-4608
-5439
-5794
-5874
-5890
-5829
-6698
-7789
-8223
-8167
-6975
-4088
-2147
-3316
-7364
-8432
-4739
-865
-148
-1167
-264
873
-860
-3250
-1677
4379
8360
7847
4697
2581
1522
1414
4207
7133
8022
5680
2634
669
983
2929
4606
4357
2417
1008
1215
2035
2009
1238
1386
2327
2742
2784
2538
1929
1918
3062
4203
4491
4290
3948
3289
3257
4086
5041
5088
4419
4258
4043
3606
3178
2957
3216
3372
2530
1039
114
-91
-142
-2
179
-173
-1225
-2017
-1530
-424
34
-20
-255
319
927
852
812
1094
1836
2262
2895
2978
3197
3003
2626
3175
3222
3421
3187
2849
2055
1533
1757
1237
980
269
-35
-557
-1086
-1783
-2437
-2444
-2090
-1740
-2501
-2566
-3339
-4002
-3644
-3064
-2438
-2451
-2539
-3292
-4041
-4046
-3865
-3554
-3363
-3523
-4063
-4649
-4990
-4864
-4247
-4423
-5135
-5792
-5858
-5999
-6956
-7281
-6769
-6079
-7180
-8499
-9973
-9589
-6334
-4187
-4453
-7580
-8525
-5960
-2890
-1350
-952
1374
2550
225
-3069
-1683
4464
8435
8799
6386
3979
1305
751
3672
7558
9178
6894
3243
778
691
3383
6051
5746
3190
1457
2177
3971
4589
3457
3558
4292
4559
4243
4013
3652
3215
4384
5785
6337
6080
5928
5940
5276
5989
7206
7349
6635
6085
5878
5359
4762
4306
4882
5358
5006
3706
2709
2415
1974
2262
2512
2176
892
43
736
1275
1727
2120
2228
2243
2015
2227
2528
3543
4178
3975
3999
3867
4067
4147
4851
5575
5619
5430
4844
4146
3854
4082
3716
3056
2705
2352
1555
648
351
150
226
34
-548
-1779
-3240
-3527
-3141
-2592
-2587
-2965
-3517
-3278
-2951
-2926
-3385
-3868
-3867
-4155
-4181
-4235
-4558
-4792
-5234
-5477
-6077
-6511
-6377
-6672
-6775
-7394
-8127
-9049
-9549
-9718
-9566
-9346
-7673
-5709
-5326
-8233
-10946
-8757
-3956
-751
-1749
-2416
-741
445
-1693
-3603
-92
5468
7408
5281
2483
1277
-220
263
3448
6378
6524
3432
105
-847
671
3508
4437
2555
376
-428
499
1111
52
-1000
3
1697
2045
1727
1390
695
765
2382
4294
5154
4958
3817
2126
1448
2868
4902
6042
5469
4019
2286
1772
2709
4234
4965
4154
2229
242
203
1339
2190
2317
1458
-212
-1138
-559
331
543
250
569
710
632
430
1103
2146
2488
3110
3391
3682
3595
3601
3499
3888
4291
4212
3366
3107
3009
2626
2509
2541
2329
1493
751
210
-255
-699
-1066
-1656
-2044
-2463
-2784
-3887
-4278
-4007
-3705
-3797
-4013
-4361
-4281
-4048
-3692
-3424
-3641
-3877
-4107
-3897
-3618
-3263
-3731
-4249
-4712
-5184
-5100
-5175
-4838
-5251
-6255
-7766
-8626
-8468
-8448
-5159
-2501
-2445
-6577
-9446
-6998
-2888
-447
-1290
-641
952
-172
-3940
-4828
809
6626
8174
5805
2975
1058
-861
903
5327
8697
7911
3564
-583
-1320
1111
3867
4759
3252
842
87
966
1512
740
1116
2755
3601
2511
1178
841
661
1178
2381
3716
3964
3208
2360
1537
2446
4832
5880
5388
4645
4055
3211
2400
2952
3776
4163
3841
3097
2690
2710
2453
2780
3609
3456
2628
1307
1801
2724
2680
2488
2724
3728
4228
3647
2732
2723
4782
6377
6808
6202
5411
4815
4769
5930
6727
6868
5889
5054
3896
3475
4234
4439
4439
3594
2516
1672
1053
360
-539
-489
-187
-608
-1670
-2719
-3686
-3568
-3354
-3235
-3573
-4440
-4962
-5284
-4797
-4179
-4254
-4976
-5747
-6057
-6261
-6086
-5538
-5422
-5504
-5941
-6857
-6874
-7041
-7101
-7645
-8040
-8853
-8592
-5878
-4077
-5054
-9461
-11345
-8061
-3228
-1425
-2830
-2707
-1222
-2779
-5943
-5973
-765
3922
4116
1591
-1050
-2601
-3187
-946
3022
5346
3487
-393
-3018
-2909
-609
1547
1644
-351
-2214
-2531
-1351
-733
-1672
-1663
-749
196
-78
-373
-518
-925
-506
900
2054
2157
2113
801
-939
-397
1657
3518
3034
1676
580
287
806
1547
2620
2853
2055
590
-442
74
1087
1925
1895
1123
139
-167
1094
1794
1653
1363
1609
1421
983
954
1787
2469
2781
3316
3124
3002
2499
2067
2870
4047
4405
3597
2352
2235
2784
3101
3200
2867
2509
2034
1830
1537
1317
742
-68
-822
-1340
-1620
-1904
-2135
-2049
-2259
-2277
-2941
-4320
-4926
-4897
-4057
-3677
-3954
-4732
-5768
-5744
-5296
-4649
-4106
-4885
-5791
-6652
-7206
-6632
-6290
-6314
-7109
-7892
-7777
-5152
-2443
-2812
-6426
-9402
-7276
-2324
1308
821
302
1094
-424
-3735
-4272
1149
6951
7631
4486
1623
126
-1285
120
3803
6276
5562
2001
-1355
-2207
-345
2055
2400
874
-1144
-1332
-416
-404
-1065
-1110
23
1021
806
551
465
177
306
1338
2613
2938
2067
1491
852
1273
2693
3194
2539
2166
2815
1931
841
421
1106
2176
2282
1772
105
-673
-220
534
1576
2242
1948
1085
690
843
2123
2953
2771
2312
2001
2462
3012
2695
2686
3438
4140
4005
3886
3684
3397
3504
3458
3234
3600
3800
3364
2444
1763
2314
2391
2223
1426
1448
1442
376
-404
-652
-296
-279
-971
-2072
-2302
-1832
-1312
-1312
-1662
-2041
-2470
-2402
-3146
-4245
-4210
-3859
-4035
-4947
-5983
-6740
-6810
-6352
-5827
-5577
-6476
-7749
-8478
-8763
-8570
-8702
-6300
-3162
-2310
-5964
-9861
-7995
-3178
627
857
1250
3078
2255
-2378
-5055
-559
6425
8943
6967
3304
-29
-2547
-1035
4080
8068
7092
2415
-2042
-3455
-2009
999
2796
1750
-1131
-3107
-2237
-971
-1254
-2395
-1938
-841
-722
-1180
-1933
-2515
-2086
-354
1092
1013
618
106
-964
-1611
-168
1629
2097
724
-402
-1168
-1455
-1221
-921
-269
-518
-993
-2305
-3166
-2590
-1739
-1254
-1436
-963
-844
-1071
-1322
-1157
309
1445
1675
537
51
1072
2266
3300
3582
3959
3651
3163
3066
3398
4671
5076
4564
3728
3606
4097
4239
3758
3244
2416
1510
1350
1569
1754
682
-644
-998
-552
-313
-813
-1582
-2318
-2304
-1979
-1988
-2033
-2569
-3453
-3584
-3510
-4227
-5162
-5435
-5175
-5431
-5975
-6569
-6595
-7501
-8935
-9109
-8613
-8520
-9317
-10074
-10107
-6829
-4194
-5226
-9672
-11464
-7692
-2952
-1179
-2348
-877
800
-1337
-4712
-3823
3304
8224
7638
4367
2141
298
-899
1738
6202
8287
6015
1492
-1420
-1646
612
3461
3735
1703
-566
-936
-478
-460
-1002
-890
665
934
-148
-846
-1339
-1216
-239
1188
2225
2146
1701
947
-307
337
2316
3504
2525
1660
1435
1192
1413
1989
3202
3265
2072
865
109
828
1936
2335
1578
960
745
1385
2581
2620
1907
1155
1201
1458
2172
4152
5369
5032
4279
4178
4707
5479
6287
6342
5707
5432
5392
5119
5106
5874
5692
4447
3447
3324
3360
2979
2896
2755
2174
1670
1070
675
813
392
-419
-726
-403
-360
-458
-654
-1377
-1917
-2021
-1955
-2384
-3656
-4521
-4956
-5470
-5019
-4706
-5342
-6666
-7088
-7089
-7203
-8087
-8804
-9309
-7691
-4211
-3139
-6316
-10717
-9512
-4692
-898
-833
-1459
382
671
-3116
-6036
-2747
4955
9240
8177
4723
2016
130
684
4831
8664
9389
6405
1882
-615
152
3745
6087
4797
1460
-951
-839
638
679
-251
197
1396
1860
747
207
-94
10
993
2296
3505
3115
2289
739
-1270
-749
1529
3413
3047
1406
-436
-1924
-2199
-775
1629
2081
223
-2350
-3109
-1561
161
1965
1701
-305
-2462
-2155
33
1214
1182
544
1571
2400
1059
-228
126
2435
4046
4527
3915
2468
1249
1262
3124
4614
5364
4345
3281
2593
2869
3955
4851
4191
2648
1765
1752
2266
1669
482
-121
288
1108
1104
30
-898
-1219
-832
-305
-359
-377
-933
-2629
-4141
-4639
-3462
-3077
-3688
-4706
-5737
-6210
-6811
-7302
-8324
-8864
-9454
-10369
-11039
-7920
-3978
-3917
-9109
-13952
-11701
-5860
-1620
-2325
-2702
-903
-1510
-6051
-8613
-2990
4895
7677
4355
286
-2173
-4029
-1987
3417
7931
8083
3713
-1454
-3081
-813
3352
5109
4147
1680
33
333
563
514
844
2416
3808
2852
960
72
24
1004
3427
5135
4972
3512
2415
1582
1512
2833
4187
4251
3456
2603
1423
585
622
1996
2609
1827
932
-550
-827
10
1045
1798
2037
1461
-835
-1670
-514
1568
2458
2191
2090
2017
1914
1165
1536
2816
4807
5927
4725
3567
2562
3265
4357
6092
6392
5133
3082
1545
2194
3621
4960
3756
2141
842
351
847
1206
1558
1692
2149
1265
-298
-1511
-992
381
1288
864
-389
-1576
-2219
-1895
-1352
-647
-1160
-2640
-4577
-5489
-4747
-4302
-4194
-5288
-6839
-7901
-8611
-7115
-2493
701
-1914
-8843
-11825
-7403
-916
1864
1180
1951
2567
-1643
-6783
-5920
2786
9865
9987
5824
1494
-2055
-3940
-88
6251
9488
6851
1298
-2569
-2724
492
4324
5507
3129
-93
-920
775
853
-298
478
3304
5176
3529
1487
99
362
1685
3876
5807
5752
4587
2488
940
1712
4490
6761
5714
3303
1453
707
139
498
2134
2896
2603
688
-1230
-1129
-32
257
-442
-446
174
783
743
82
346
1219
2664
3023
3204
4020
4810
4197
3274
3651
4892
5859
5548
4690
3966
3956
3990
3900
4010
4101
3784
2424
1234
1120
1642
1654
1156
597
-28
-547
-1005
-1043
-1115
-1351
-1704
-2470
-2891
-2941
-2676
-2447
-2653
-3210
-3468
-3577
-4511
-5293
-4928
-4111
-4100
-5111
-6673
-7419
-7721
-7670
-7762
-5762
-2094
-1204
-4521
-9951
-9878
-4298
1869
2735
773
1308
1235
-1810
-4857
-1255
7935
12322
9639
3920
947
-577
47
4536
9219
9737
5099
-758
-2987
-1182
2521
4391
3617
1458
-269
-354
50
-324
-1327
-699
1984
2965
1172
-385
-1544
-1352
404
3404
5510
4849
3324
1766
1390
2643
5037
6863
6450
5485
4145
2688
2064
3172
4781
3832
2204
633
372
965
390
-251
-740
-344
444
477
-274
-952
-1232
-727
678
1226
817
922
1945
2300
1895
2169
3053
3857
3884
3744
3433
3304
2821
3048
3664
3956
3695
1954
911
676
1173
1484
1115
82
-1640
-2604
-2582
-1530
-1233
-1662
-2491
-3633
-4268
-4204
-4212
-4890
-5641
-6232
-6835
-6602
-6368
-6179
-6751
-7058
-7392
-7744
-8061
-8430
-8421
-8422
-4820
-1836
-1388
-6265
-10774
-8723
-2817
1814
1563
1303
2695
1249
-3985
-6054
735
9827
12506
8198
2746
-1033
-2748
-281
5021
9056
7995
2800
-2812
-4455
-2210
2320
4292
2353
-1449
-4132
-3199
-1644
-1769
-2689
-1802
349
-214
-2161
-2909
-1473
121
1419
2610
3228
3278
2238
699
305
2263
4224
4595
3554
2555
2182
1793
1427
1986
3056
2702
1441
-320
-735
-171
60
-522
-812
612
855
7
-796
-183
1231
1976
2073
1912
2682
3374
3592
3723
3784
4562
5205
5846
5518
5536
5188
4732
4878
5347
5805
5509
4590
3143
2563
2527
2524
2262
1732
1720
845
-304
-1492
-2047
-1752
-1916
-1817
-2109
-2975
-4334
-4946
-4674
-4556
-4609
-5805
-6800
-7663
-7782
-7793
-8342
-9128
-10707
-10350
-10268
-8088
-3791
-1604
-3353
-9955
-11856
-7103
113
3045
2150
2946
3213
-764
-6101
-4000
5135
11956
12259
7642
3304
-4
-1466
2135
8371
11137
8407
2072
-2629
-3550
-1504
2210
3842
2839
-612
-2649
-2466
-3447
-4778
-4480
-1189
466
-1312
-3601
-4315
-2942
-1723
130
2555
3356
2072
-109
-1195
278
3048
5098
5426
4416
2300
233
-326
906
3367
4215
3174
1788
1046
1031
796
1415
2018
2425
1087
-1007
-1563
-258
1327
965
154
372
1210
1714
1403
1636
1890
2397
2200
2044
1762
2016
1850
921
942
1130
1907
2457
2483
1898
987
689
548
998
1140
963
-342
-2010
-2603
-1672
-199
-600
-2136
-3720
-4318
-4026
-3928
-3839
-3996
-4563
-6001
-7088
-8028
-7927
-8214
-9283
-10872
-11357
-11410
-9601
-6030
-4502
-6759
-12339
-13352
-8949
-2912
-958
-2264
-1320
-427
-2789
-6390
-4458
4224
10232
9961
5534
2164
-651
-1501
2234
8410
11070
7594
859
-2561
-1990
370
1953
1485
-37
-2210
-3187
-3518
-3603
-4903
-5477
-3638
-2213
-3406
-5123
-6598
-6683
-5435
-2183
667
477
-1175
-2824
-3002
-1746
862
2810
3380
2882
1601
602
493
1761
3618
4324
4149
3426
1991
808
889
2349
3780
4251
3033
1570
696
1052
1543
2037
3974
5342
4520
2516
1718
2438
3865
4897
5493
5322
3619
2721
2909
4110
5568
6178
4830
2884
2118
2418
3496
3426
2839
1901
909
456
375
-57
-264
610
824
137
-1048
-2167
-2923
-2895
-2375
-2469
-3143
-3717
-4517
-5393
-6266
-7570
-8602
-9619
-9565
-10182
-6809
-2629
-1687
-6600
-12757
-10898
-4416
1068
80
-1151
366
-44
-3870
-6826
-1639
6740
10651
8585
4294
1834
-813
-836
4097
9955
11145
6630
708
-1992
-1626
617
3305
4126
1639
-1208
-1967
-2063
-2941
-4150
-2869
161
65
-2371
-5032
-5977
-4764
-3862
-1552
867
614
-2410
-5157
-4885
-2879
41
1604
1487
364
-1653
-3220
-3534
-1157
1765
3062
1604
-880
-2486
-2009
-330
295
1340
994
585
503
-149
19
5
719
1352
2294
2653
2351
2132
1162
811
1337
3691
5319
4755
2588
1234
1482
2082
2395
1922
1367
563
-190
-741
-626
-263
-749
-1666
-2387
-2895
-3241
-3361
-2866
-2501
-2546
-3196
-3525
-3509
-3279
-3387
-4115
-4974
-5610
-5851
-5616
-6143
-7431
-8276
-8319
-8146
-4809
-1582
-1580
-6442
-10918
-9089
-3592
209
445
1189
4098
3117
-2265
-6204
-1294
8002
13026
11617
6600
3082
-484
-325
4784
10441
12580
9285
4087
1616
1684
3726
5825
6332
5631
4566
4050
2610
207
-1567
-308
2852
3553
1094
-2600
-4742
-4977
-4210
-937
1368
263
-2611
-5321
-6053
-5278
-2719
-933
-605
-1824
-4113
-4720
-4327
-2319
-847
25
-74
-1486
-2222
-1794
453
1391
1210
1378
2317
2778
1534
588
382
1088
2741
3425
3592
3363
2917
2741
2567
2777
3529
3750
2647
1659
648
513
470
675
685
558
871
170
-1255
-2463
-2517
-1981
-1273
-1489
-2512
-3902
-4630
-3918
-3401
-3538
-3978
-4166
-4610
-5340
-5417
-5529
-5331
-4948
-5120
-5743
-8026
-9243
-9521
-6027
-340
1638
-1966
-9535
-11365
-6802
-328
2144
2075
4100
3663
-1742
-7487
-4528
5565
12507
12160
7652
3383
-861
-2481
1792
9127
13048
10029
2921
-523
-280
2618
6862
8686
7856
4405
2161
1517
1780
1931
2636
4884
5283
2929
-22
-1648
-1526
-984
898
2903
3022
1330
-932
-2697
-3027
-1628
738
1866
1213
-732
-3153
-5090
-4006
-309
1968
1839
-850
-3531
-4236
-2966
-522
1600
2266
1633
-347
-1749
-717
1509
2841
3019
3265
2951
2321
2413
3717
5036
5292
5395
4746
4248
4854
5287
4700
3054
2261
1642
1479
1291
798
357
-648
-698
-703
-1282
-2377
-3990
-4777
-4808
-4026
-3887
-4908
-6064
-6947
-7454
-7906
-7754
-6940
-7280
-8510
-9741
-10934
-11346
-11169
-6678
-1095
98
-5103
-12332
-12011
-5165
1025
1694
1145
3824
3319
-2552
-7362
-2669
8144
14203
12471
6654
2355
-1024
-608
4183
10595
12978
9090
2575
-1086
-281
2815
5737
6599
5250
3454
2593
1897
889
842
3781
7686
7888
4478
1315
777
2060
2800
4264
5908
5539
3503
932
-161
27
588
1005
922
97
-1467
-3513
-5326
-4872
-2906
-2064
-2685
-4096
-4923
-4898
-4038
-3452
-2994
-2456
-2372
-2342
-2167
-623
751
735
916
1452
2039
2894
3892
4624
4584
3642
4088
4493
4863
5063
4479
3945
3550
4163
3894
3259
2627
2493
1778
1120
859
297
130
-730
-1415
-2245
-2925
-3119
-3424
-3404
-3248
-3598
-5002
-5744
-5570
-5750
-6697
-7637
-8141
-9054
-11100
-10267
-4489
-790
-3620
-11042
-13795
-8754
-2116
-261
-1678
495
2844
-554
-6325
-6515
1518
8365
10068
7684
4870
888
-3102
-759
5384
10475
10540
5675
986
-1500
-549
2995
5799
5808
3823
2352
1460
115
-1491
-416
3999
7910
7210
4427
1499
371
272
2676
7405
9013
6954
1918
-1521
-1073
2030
4674
4821
3347
1572
-407
-3545
-4516
-1075
2141
2450
-516
-3834
-5358
-5152
-4302
-2704
-941
-512
-2008
-3962
-3942
-1573
63
285
506
921
1305
1226
2056
3135
3235
3971
4488
4068
3992
3449
3234
3057
2883
2754
2165
2062
1862
1545
63
-1415
-1859
-1276
-765
-1383
-2830
-4316
-4302
-3605
-3004
-3011
-2895
-3886
-5627
-6896
-7106
-6455
-6034
-6148
-7450
-9479
-7006
-1754
1136
-2119
-7975
-8266
-4021
-436
35
1960
6071
6212
-615
-7793
-4718
4756
10896
10679
7103
3541
-1605
-4711
-1400
5566
10067
8321
2676
-1530
-2799
-561
2387
3392
2743
1850
2316
1625
-405
-1853
-935
2981
5509
5646
4010
1586
-14
-222
3170
7311
8884
7807
4350
2229
1856
3796
6278
7383
6131
3469
703
-1472
-971
1456
3027
2237
-72
-2059
-2930
-2620
-1662
-596
-61
-820
-2390
-3346
-3145
-1583
374
1665
1264
713
578
827
1399
2106
3697
5051
5282
3828
2568
2309
3085
4087
3827
2758
1616
974
641
22
-128
-141
-639
-1843
-3031
-3621
-3946
-4530
-4791
-5016
-5764
-6985
-8049
-7987
-6856
-7160
-8237
-9665
-9423
-10527
-9183
-4311
-1015
-2559
-8943
-10688
-6467
-730
369
-520
2577
5224
1719
-5144
-5286
3107
10991
12471
8670
4971
1561
-806
1083
6535
9975
8894
4660
1486
28
218
2309
3647
3967
2078
937
605
-754
-2961
-3740
-142
3328
3439
231
-2168
-1601
-486
1376
3228
4309
3642
2069
319
118
1411
2738
4326
5040
4437
2341
-192
-287
2267
3998
3642
2662
1674
172
-1412
-870
938
2105
1252
-563
-1003
-653
172
906
1449
1492
1304
1654
1633
1754
2187
2741
3153
3782
3978
4431
4843
3859
2779
3329
4869
4997
2889
1484
1238
623
199
602
1967
1869
-876
-3026
-3521
-2358
-823
-1439
-3574
-6447
-7461
-6585
-5409
-5666
-6958
-10028
-10363
-5741
-2293
-2527
-8156
-10948
-8292
-3049
-538
-1307
427
2416
165
-5214
-6217
1194
7951
9440
6528
3279
649
-2030
-27
5601
9900
9383
4462
815
43
1884
4867
6113
4753
2757
2432
3496
3421
1336
-283
1516
4317
4225
2468
11
-804
-810
418
3059
4351
3413
397
-1888
-2455
-1433
374
1227
-202
-3409
-4650
-4422
-3189
-2050
-1881
-2097
-3175
-3918
-3716
-2958
-1658
-1479
-2433
-3379
-3193
-2491
-1686
-1324
-1239
-699
-398
-447
-695
-452
405
1641
2117
2345
2791
2887
2460
1396
1361
1807
1928
1828
1757
1339
434
-133
-541
-558
-626
-1289
-2403
-3719
-3474
-2893
-2954
-3834
-5164
-5556
-5760
-6507
-7023
-7944
-7417
-7917
-7848
-4321
-1256
-1965
-8139
-11395
-7742
-1717
1260
-931
-901
1092
-231
-4010
-4821
1869
8578
9765
6114
2468
1110
-25
827
3732
6202
6126
2962
506
-29
1337
3693
4011
2794
948
1042
2712
3360
2339
520
1218
3786
4808
5055
4166
4358
4118
2721
3902
6655
7985
7044
4302
2112
1051
1519
3031
3790
3162
2219
9
-2418
-2864
-2279
-800
-168
-729
-1815
-3698
-5333
-5349
-5094
-4638
-3726
-2645
-2764
-4168
-5530
-5759
-3798
-1150
791
796
-157
-721
-339
248
1276
2778
3975
3770
2226
950
207
811
1923
2021
1238
-87
-1181
-2243
-2611
-2507
-1988
-2318
-3403
-5364
-6714
-6607
-5568
-4672
-4802
-5464
-6258
-8726
-10292
-6345
-489
2179
-2514
-8568
-9245
-4867
45
1842
3649
6017
4767
-849
-4773
-640
7102
11789
10950
7641
4359
1153
457
2829
6915
9330
7572
4012
889
-205
910
2272
3023
3331
3539
3654
2527
-893
-3453
-1360
3759
6789
5001
759
-705
-541
785
4445
7133
7007
3783
945
846
1992
3303
4332
5359
4913
3762
916
-1720
-1820
-725
1003
1657
1353
-434
-3488
-5301
-5138
-3951
-3251
-2875
-2863
-3884
-6145
-7258
-6932
-5696
-4503
-3839
-3443
-4025
-5167
-6508
-6178
-4100
-1955
-1350
-2537
-3294
-3311
-2600
-1452
-508
-412
-1419
-3007
-4455
-5242
-4951
-4565
-4822
-5826
-7214
-7832
-8515
-8618
-8908
-9830
-10547
-11261
-11387
-11494
-9328
-5557
-3542
-5543
-9146
-9622
-6263
-2300
-195
2117
4841
4744
-21
-4131
-1386
6407
12699
13262
9919
5508
1802
1224
4732
9428
11015
8548
4499
1289
-191
1683
4151
5164
3898
2030
1494
644
-526
-1908
94
3988
5851
4595
1825
580
630
1995
5050
8040
8398
6056
3605
2589
3467
5669
7879
8179
5958
2994
1648
1622
2947
4214
4322
3142
1007
-978
-1733
-1641
-1173
-556
-872
-2080
-3652
-4915
-5391
-4794
-3702
-3165
-3640
-4264
-4846
-5166
-4287
-3530
-3395
-3638
-3893
-4035
-3536
-3081
-2915
-3836
-4879
-4860
-4478
-4493
-5087
-5622
-5695
-6150
-7011
-7242
-7396
-7897
-8927
-10014
-9962
-9433
-9734
-11194
-12442
-12474
-10166
-7078
-5950
-7231
-9804
-9605
-6278
-3224
-2044
-1048
1987
3293
935
-2036
-859
4403
9606
11280
9766
7063
4351
3406
4683
7781
10713
10762
7846
4052
2694
3364
5264
6053
5968
5257
4133
2513
310
-846
397
2914
4549
3841
1799
790
601
1293
2946
4795
5861
5785
4146
3466
4554
5555
5850
5962
7129
7355
5505
2988
2461
3938
4958
4830
3494
2280
1065
-534
-916
212
1156
-306
-2423
-3477
-3404
-3234
-4011
-3767
-2727
-2099
-2697
-3954
-4388
-4432
-3707
-2638
-1659
-1501
-2649
-4137
-5257
-5088
-3772
-2441
-2444
-3772
-5736
-6878
-6241
-5572
-5402
-6129
-7085
-8807
-10431
-11049
-10429
-9578
-10685
-12225
-12111
-9884
-6761
-6630
-8379
-9910
-9306
-7120
-5719
-3914
-788
943
-126
-3239
-4389
-1068
4064
7897
8608
8093
6350
4405
3705
4831
7903
9108
8795
7226
5483
4632
3919
4951
5694
5190
4675
5532
6369
5762
3948
2889
4174
6192
7035
6740
5495
4078
3324
3629
5810
7809
8074
7641
6459
5934
5616
6207
6604
6801
6476
5161
4911
4381
3758
2986
1997
1519
1347
1701
1940
785
-469
-1201
-1157
-857
-731
-604
-1005
-1923
-3093
-3247
-1945
-715
-838
-2678
-3750
-3367
-3516
-2893
-2592
-2144
-2373
-3658
-4362
-4521
-4259
-4292
-4895
-5798
-5896
-5972
-7246
-8649
-9549
-9319
-9181
-10321
-11636
-12060
-12620
-12593
-11330
-9423
-7002
-7215
-9164
-11427
-11213
-8240
-5302
-3024
-1764
-741
-1476
-3111
-3400
-993
3786
6944
7186
4783
2617
2077
2314
4251
6603
7569
6838
4482
2793
2807
3026
3654
3616
3564
3892
4316
4092
2830
2143
2718
4716
6300
6330
5172
3660
4034
6005
7807
9162
8905
8233
7355
6454
6734
7947
9468
9681
8649
6774
5483
5362
5236
4906
4387
4004
2872
1868
1539
267
-358
333
1063
824
-445
-983
-1683
-2247
-2402
-1725
-734
-456
-1098
-2023
-2040
-868
-448
-1264
-2000
-2061
-1094
-854
-1557
-2317
-2758
-2936
-3207
-3487
-3694
-3750
-4776
-6231
-7183
-7486
-8140
-9872
-11363
-11539
-11224
-11506
-11587
-10753
-9754
-9517
-8948
-8431
-8385
-8134
-7430
-5289
-2741
-1478
-1001
-1199
-1180
-605
1489
3993
5721
5666
3715
2822
3268
3884
4827
5966
7444
7296
5145
3405
2356
2898
3428
3276
3537
3702
3542
1934
517
957
3181
5151
4952
4182
3981
3575
4114
4714
6242
8365
9668
9413
7773
6073
6006
7177
9149
10292
9921
8425
6218
4102
2626
3675
5718
7296
5919
2364
-895
-2621
-2157
-323
1443
781
-1666
-4150
-5095
-3870
-1824
-509
-590
-1552
-2612
-2856
-2878
-2345
-1459
-842
-532
-897
-2076
-3323
-4043
-3956
-3012
-2411
-1971
-3141
-4923
-5461
-4933
-4735
-5176
-5937
-6759
-8482
-9522
-8806
-7157
-5890
-5417
-6137
-6749
-6908
-7123
-5841
-2552
1026
1679
-418
-1744
-660
1504
3758
6078
7485
7423
5924
5001
5226
6738
9334
10459
10188
8545
7379
7053
6856
6957
7564
8128
7136
5931
4593
3890
3589
3618
4348
5337
5136
4266
2874
2234
3031
3551
4243
4456
4638
4842
4715
4158
3730
3528
4034
5687
6697
6091
5062
3921
3207
2669
3157
4445
4782
3779
1526
24
-400
422
1541
1817
989
-389
-1673
-2632
-2037
-1063
-794
-1257
-2089
-3333
-4174
-3976
-3339
-2616
-2231
-2508
-3121
-4279
-5315
-5905
-5624
-4342
-3714
-4754
-6519
-7860
-8922
-9061
-8451
-7305
-7205
-9267
-11717
-11989
-10153
-8257
-8029
-8689
-9438
-9892
-9368
-8312
-6011
-3454
-3252
-4765
-5701
-4507
-2997
-1511
747
2666
3306
2386
1447
1449
2323
4223
6398
7450
7300
6149
5616
5694
6644
7571
8096
8400
8104
7671
6841
7382
8290
8325
8412
8767
9636
9599
8911
8589
8554
9526
10373
10560
9961
8937
8145
8185
8780
8494
7760
6895
6152
5951
5057
4533
4343
4000
3544
2719
2322
1915
1333
69
-1267
-810
217
327
-341
-1364
-2002
-1542
-893
-348
-426
-956
-1725
-2441
-2274
-2206
-1639
-1592
-1612
-1810
-2536
-3602
-4762
-4556
-4410
-4779
-6403
-7626
-8039
-8020
-8788
-9414
-9507
-9799
-10544
-11780
-11706
-10812
-10044
-9993
-9902
-9599
-8875
-8184
-8033
-6169
-3853
-3012
-3878
-5185
-4483
-2572
66
1397
1900
1387
761
927
1343
2897
3267
3653
3998
3625
2822
2465
3040
3752
3715
3065
2877
2858
3173
3473
4424
5263
5301
5464
5597
6812
6836
6293
6311
7277
9029
9915
10157
9881
9936
10119
10393
10742
10059
9861
9449
8918
7608
7139
7557
7678
7345
6436
5910
4730
3957
3131
2708
2290
1612
984
-173
-1156
-1482
-1332
-1631
-2107
-2585
-2721
-2255
-2566
-3412
-4193
-3715
-2836
-2497
-3199
-4038
-4257
-4468
-4480
-4656
-4225
-4824
-5797
-6828
-7777
-7896
-8171
-7915
-8175
-8968
-9553
-9233
-8730
-9243
-10446
-10872
-9454
-8133
-8061
-8495
-7199
-5684
-5434
-5992
-5655
-3067
-1117
-714
-1310
-806
419
968
2003
2411
3120
3815
3831
4301
4425
5357
5226
4596
4134
4130
5264
5776
5433
4286
3634
4093
5185
6176
5945
5471
5367
5883
6674
7203
7533
7895
7713
7579
8230
8880
9227
8212
7916
8009
8503
8471
7899
7898
7378
6663
5742
5669
5765
4607
3398
2438
2584
2409
2104
1221
456
19
-490
-594
-1387
-1515
-1663
-1680
-1294
-1294
-1319
-2169
-2315
-2714
-2510
-1878
-2298
-2951
-4477
-4884
-4680
-3946
-3860
-4462
-5904
-7243
-7624
-7652
-7429
-8148
-9293
-10001
-9916
-9539
-9301
-9409
-9658
-8873
-8194
-8175
-8181
-6495
-5157
-5220
-6440
-7109
-5851
-3960
-2310
-2228
-2625
-2970
-2798
-1848
-1435
-645
-153
-103
-200
-144
557
1224
1224
1010
776
1354
2406
2178
1080
918
1889
3025
3285
2973
3155
3902
4295
4985
6045
5983
5595
5198
5668
7201
8092
8109
7448
6627
5340
5415
6258
7159
7103
6458
5779
4738
4298
4052
4561
4979
5490
4610
3393
1918
1290
1619
1804
1486
888
229
-482
-1122
-1455
-1307
-315
97
-407
-1386
-1757
-2122
-2843
-2856
-2860
-2483
-2966
-4004
-5279
-6142
-6480
-6081
-6045
-6521
-7424
-8888
-10367
-11140
-10284
-8823
-8662
-9755
-10679
-10927
-10465
-8598
-7271
-6213
-6401
-6919
-6986
-6067
-4740
-3935
-2671
-1354
-869
-1343
-1306
-349
1194
2153
2699
2633
2500
2418
2781
3655
3896
4397
4433
4041
3607
3381
3838
3825
3611
3479
3986
4235
3984
3876
4364
4913
4974
4616
4554
4860
5472
5935
6484
7010
7076
6672
6253
6394
6871
7660
7808
6803
5110
4229
4116
4258
4501
4972
4640
3505
1556
577
1239
1662
1518
510
-162
-777
-1978
-2877
-3374
-2811
-2225
-2716
-3590
-4765
-5213
-5309
-5032
-4397
-3950
-4474
-5827
-7019
-7697
-7694
-6960
-6123
-5769
-6424
-7894
-8848
-9156
-8446
-7439
-6547
-6552
-7088
-7950
-8747
-8348
-7242
-5981
-4725
-4470
-5147
-6435
-7020
-6188
-4662
-2800
-2158
-2287
-3322
-3979
-3590
-2541
-412
786
1353
936
180
845
1664
2728
3546
3990
4366
4311
4465
4336
4330
4569
5035
5581
5930
6349
6208
6030
6318
6885
7605
8259
8050
7776
7017
6625
6563
6208
6034
6450
6973
6939
6218
4962
3907
3134
3111
3167
3595
3343
2372
1320
268
-66
271
392
113
-7
-1052
-2219
-3105
-3586
-2933
-2374
-2103
-2615
-3789
-4845
-5504
-5831
-6164
-5760
-5331
-5377
-6391
-7795
-8310
-8570
-7959
-7576
-7239
-7656
-8622
-9889
-9950
-8519
-7597
-7530
-8650
-8767
-8325
-7609
-7589
-7273
-6102
-5645
-5892
-6343
-5833
-5289
-5347
-4679
-4090
-3431
-3166
-3048
-2680
-2484
-2431
-2097
-1175
-485
-303
63
498
599
599
1366
2665
3790
4073
3659
3172
3819
4755
4967
5135
5152
5674
6114
6694
6425
6300
6706
6513
7254
7615
7478
6959
6662
6843
7630
8381
8509
7930
7586
7573
6738
6187
6607
7107
6608
5543
5235
5102
4436
3645
2831
2848
2683
2884
2181
820
-1207
-2153
-2059
-2366
-1912
-2105
-2704
-4279
-5910
-6507
-6502
-5982
-6113
-6862
-7572
-8182
-8960
-8636
-7697
-7483
-7629
-8812
-8958
-8103
-7514
-7336
-7337
-6780
-6582
-6560
-6632
-6434
-6186
-5407
-5133
-5186
-4923
-4638
-4229
-3918
-2879
-2216
-1817
-1656
-2009
-2171
-1897
-1305
-1154
-816
-919
-639
-177
-161
226
48
656
1461
2027
2450
2543
2653
3148
3850
4363
4915
5201
5238
5163
5301
5770
6415
6653
6309
5697
5523
6311
7025
7186
6803
6293
5742
5469
5602
5345
5643
6149
6043
5594
5109
4511
4138
4202
3923
3957
3931
3849
3450
2135
1436
1770
2615
2971
2059
789
-305
-939
-1316
-2041
-2228
-2354
-2986
-4386
-5905
-6984
-7131
-6454
-6688
-7362
-8356
-9404
-9888
-10003
-9819
-9128
-9090
-9412
-9880
-10476
-10601
-10155
-9273
-8482
-8138
-8055
-7579
-6881
-6627
-6160
-5603
-5053
-4467
-4917
-5006
-4508
-3705
-3187
-3169
-2649
-2240
-1783
-1632
-1208
-734
-439
-98
-51
502
1140
2097
2806
3445
3815
3928
4654
5241
5771
6015
6808
7477
7631
7496
7167
7215
7210
7977
8811
9202
9086
8572
8085
8114
8850
9237
9131
8621
8256
7790
7561
6936
6156
5926
5855
5918
5931
5818
5322
4992
4646
4370
4019
3196
2501
1995
1735
1079
405
-18
-579
-1217
-1673
-2554
-2927
-2986
-3724
-4895
-5547
-6286
-7128
-7515
-7666
-7322
-7920
-9005
-10004
-10375
-9849
-9298
-9162
-9996
-10477
-10618
-10187
-9538
-9400
-9380
-9442
-9538
-9406
-9324
-8372
-6771
-5831
-5415
-5682
-5696
-4882
-4408
-3904
-2866
-1991
-1625
-1503
-1068
-645
-140
451
1248
1444
1626
1692
1346
1341
1749
2475
2866
3306
3638
4051
4074
4545
4988
5523
6305
6354
6549
6753
7236
8117
8264
7974
7534
7774
8003
8173
8736
8899
9094
8494
8278
8095
8510
8457
8063
7883
7515
7505
6998
6228
5775
5640
4974
4802
4576
3750
2757
1941
1637
998
378
-407
-891
-898
-1483
-2254
-2694
-3270
-4011
-4542
-5290
-5555
-5550
-5830
-6625
-7122
-7219
-7097
-7112
-7544
-7673
-7877
-8289
-8589
-8279
-7363
-7470
-8143
-8236
-8166
-7811
-7187
-6917
-6854
-6989
-6690
-6329
-5570
-5445
-5538
-5269
-5146
-4551
-3861
-3233
-2808
-2725
-2898
-2622
-2103
-1510
-662
-200
312
534
415
708
1523
2295
2866
3017
3251
3567
3012
3170
3643
3848
4616
4936
5437
5856
5812
5917
6037
6328
6648
7162
7420
7357
7485
7801
7724
7528
7448
7450
7892
8530
8735
8508
8052
7809
8130
8130
8033
7367
6750
6362
6087
6273
6444
6230
5430
4446
3240
2511
2313
2568
2268
1257
113
-463
-995
-1473
-2198
-2741
-2414
-2557
-3290
-4316
-5100
-5367
-5615
-6014
-6344
-6359
-6566
-7562
-8811
-9204
-8950
-8519
-8375
-8148
-8081
-7814
-7620
-7908
-7989
-7836
-7139
-6547
-6360
-6251
-6138
-5606
-5179
-4795
-4148
-3770
-2966
-2695
-2310
-2018
-1531
-685
-202
480
924
1369
1774
2320
2511
2809
3366
3888
3811
3154
3208
4210
5398
5584
5293
5399
5330
5199
5328
6384
7471
7851
7644
7105
6445
6425
7121
7977
8650
8325
7793
7236
6772
6841
7249
7611
7495
7118
6301
5464
5271
5595
5634
4985
3895
3121
3082
2968
3061
3029
3189
2237
821
-275
-605
-436
-320
-176
-732
-1103
-1819
-2489
-2839
-2939
-2488
-2862
-3455
-4245
-4401
-4151
-4267
-4869
-5449
-5022
-5090
-5319
-5704
-5606
-5663
-5649
-5167
-4869
-4850
-5441
-5958
-5433
-4213
-3915
-3746
-4041
-4270
-4505
-4339
-3635
-3265
-2881
-2799
-2480
-2106
-2097
-1622
-1507
-882
-477
-282
38
535
865
904
1368
1727
2542
2592
2340
2361
2499
3051
3564
4157
3948
3810
3497
3445
3683
4251
4732
4456
4756
5162
5124
4722
4827
4861
4924
4534
3756
4010
4396
4799
4856
4264
4060
3998
3857
3706
3812
3584
3397
2810
2054
1896
1751
2191
2075
1358
721
558
665
119
71
338
219
-378
-705
-640
-921
-1488
-2235
-2314
-2307
-2421
-2664
-3137
-3608
-3728
-3487
-3247
-2534
-2628
-3159
-3810
-4059
-3999
-3650
-3464
-3590
-4062
-4017
-3452
-2911
-2508
-2328
-2516
-2547
-2531
-2201
-1746
-1344
-1022
-1152
-1233
-1552
-1217
-992
-1405
-1352
-735
-299
-423
-829
-732
-413
122
419
824
1372
1664
1800
1887
1757
1794
2126
2172
2510
2649
2880
3241
3784
3704
3405
3859
4239
4222
3995
4062
4117
4603
4672
4490
4325
3844
3816
3865
4216
4283
4014
3524
2910
2806
2787
2599
2328
2071
1302
874
547
65
-178
-453
-1078
-1129
-878
-616
-644
-1218
-1879
-2293
-2247
-2216
-2141
-2166
-2010
-1970
-2385
-2697
-2720
-2228
-2315
-2577
-3044
-3349
-3389
-3454
-3388
-3530
-3860
-4188
-4124
-3769
-3575
-3318
-3199
-3081
-3156
-3060
-2791
-2676
-2223
-1642
-1345
-1230
-1600
-1656
-1537
-1502
-1046
-411
-6
-201
-373
-146
685
1039
1062
1286
1447
1930
2248
2690
2841
2861
2782
2307
2481
2641
2790
3244
3445
3678
3990
4171
3728
3554
3325
3499
4186
4490
4726
4730
4857
5015
5156
4867
4943
4753
4463
4423
4297
4323
4416
4202
3676
3488
3580
3583
3574
3148
2821
2421
2151
1887
1701
1433
782
244
-275
156
4
-633
-1171
-1773
-1518
-1243
-1338
-1527
-2122
-2369
-2624
-2476
-1729
-1416
-1364
-1899
-2223
-2359
-1907
-1676
-1731
-1673
-1660
-1666
-1774
-1641
-1657
-1646
-1743
-1853
-1892
-1774
-1803
-1847
-1794
-1703
-1606
-1216
-1215
-1556
-1578
-1672
-1792
-1741
-1920
-1761
-1495
-1519
-1635
-1464
-1003
-799
-476
-753
-703
-525
-613
-447
-202
-7
24
437
566
737
783
543
130
-19
263
553
994
1124
994
606
332
122
252
383
555
606
490
198
-98
-43
290
541
671
874
496
66
-65
-129
111
637
506
142
-578
-739
-830
-797
-742
-613
-827
-1742
-1848
-1681
-1300
-1352
-1724
-1637
-1755
-1991
-1934
-1884
-1681
-1697
-1500
-1642
-1946
-1747
-1478
-1393
-1811
-2105
-2159
-2018
-1998
-2101
-2200
-2296
-2274
-2233
-1924
-1937
-2001
-2086
-1923
-1499
-1430
-1131
-938
-361
-170
-168
-583
-1288
-876
-279
67
-70
135
46
-341
-212
-109
262
212
39
-396
-828
-680
-237
75
218
189
248
427
19
-390
-656
-446
-80
261
226
-261
-455
-624
-525
-105
279
105
-120
-134
-257
115
485
933
1238
833
223
256
244
485
900
1064
1121
1014
439
173
154
15
232
26
-127
-312
-364
-719
-1072
-1602
-1583
-954
-656
-790
-1283
-1499
-1471
-1346
-1048
-770
-714
-444
-212
-89
13
16
-106
238
235
55
421
372
989
1084
1030
808
666
902
900
660
328
174
287
927
846
658
759
542
667
665
764
546
89
-588
-809
-406
-32
166
-324
-945
-1400
-972
-409
-42
-366
-1111
-1238
-1602
-1369
-1572
-1618
-1810
-2096
-1895
-2127
-2234
-2085
-2009
-2291
-2478
-2575
-2156
-1591
-1887
-2168
-2202
-1851
-1496
-1331
-1606
-1767
-1496
-1018
-282
69
577
500
391
137
242
974
1013
1006
680
750
1016
1140
1146
1108
1333
1477
1584
1493
1236
1049
1511
1788
2149
2054
1467
1028
740
1311
1791
1743
1019
420
53
23
576
987
1487
1378
996
445
275
278
125
626
950
725
-88
105
265
356
104
-745
-654
-613
-195
-628
-797
-366
-253
-290
-725
-617
-765
-769
-1208
-1541
-1940
-1936
-1884
-2198
-2372
-2544
-2374
-2488
-2621
-2871
-2809
-2340
-2572
-2833
-2961
-2687
-2865
-3394
-3468
-3245
-2603
-2362
-2613
-2666
-2473
-2245
-2253
-2409
-2354
-1941
-1626
-1750
-1650
-1211
-847
-513
-652
-652
-764
-1071
-708
-614
-278
164
277
262
445
519
490
560
637
838
957
994
1094
1223
1210
1585
1720
1927
1822
1618
1663
2019
2350
1968
1696
1720
1932
1570
1251
982
690
1095
1289
974
782
283
49
11
78
340
267
18
-248
-570
-485
-248
-132
-30
-114
-296
-570
-689
-436
-325
-471
-623
-874
-885
-342
-96
-83
30
127
105
-5
522
1031
1135
998
843
765
1137
1033
420
322
61
-40
-37
-250
-298
-300
-462
-688
-609
-846
-915
-1265
-1445
-1602
-1902
-1431
-983
-881
-1199
-1428
-1465
-1576
-1466
-1211
-998
-1013
-1162
-1478
-1192
-921
-843
-747
-876
-663
-177
69
348
492
450
665
680
971
1139
1293
1329
1100
1251
1424
1437
1144
1160
1417
1468
1352
1335
1600
1575
1671
1778
2081
1898
1725
1770
1572
1530
1328
1413
1570
1469
1487
1365
1377
1530
1021
403
422
469
748
383
-255
-787
-1186
-951
-1013
-1185
-1320
-1250
-1333
-1339
-1033
-1284
-1305
-1446
-1638
-1556
-1649
-1771
-1748
-1702
-1677
-1797
-1716
-1887
-1867
-1651
-1875
-1773
-1764
-2244
-2019
-1912
-2108
-2114
-2056
-1559
-1932
-2342
-2453
-2122
-2032
-2343
-2202
-1973
-1562
-1998
-2075
-1628
-1057
-833
-789
-797
-678
-319
-63
441
535
593
710
775
896
1172
1369
1335
1887
2318
2453
2975
3406
3750
3537
4019
3920
3739
3981
3843
3981
3869
3984
3779
3771
3493
3798
3774
3441
3120
2815
3065
2892
3045
2671
3115
3333
3006
2769
2557
2790
2238
2063
1432
1331
1298
892
746
397
164
-322
-310
-248
-447
-393
-808
-977
-1217
-1114
-1202
-1266
-1520
-1646
-1919
-2271
-1996
-2272
-2447
-2731
-2425
-1978
-2144
-2211
-2205
-1966
-1853
-1611
-1904
-1896
-1867
-2155
-1710
-1007
-456
-607
-988
-1105
-1022
-948
-1207
-1445
-1228
-1049
-1248
-1429
-1419
-1179
-1163
-921
-554
-487
-917
-1693
-1574
-1208
-848
-787
-631
-296
-200
-271
-312
-290
175
697
875
950
1242
1119
820
615
952
1357
1692
1978
1513
1246
1658
1748
1989
1843
1735
1557
1399
1032
869
1163
1146
1103
930
1613
1727
1878
1930
1646
1634
1768
1899
1825
1837
1364
1083
880
981
1031
978
1169
819
684
387
298
409
371
584
159
32
-422
-760
-683
-529
-469
-598
-701
-1023
-1352
-1561
-1262
-1236
-1007
-1102
-990
-640
-712
-447
-469
45
-327
-729
-767
-380
612
573
567
13
77
618
921
1289
830
388
-105
-189
38
532
1062
884
842
438
483
762
829
857
538
366
733
954
1355
1623
1715
2052
2280
2324
2604
2782
2641
2387
2412
2485
2666
2892
2633
2682
2625
2498
2284
2265
2012
1848
1930
1876
1736
1566
1700
1540
1242
731
609
659
903
799
576
458
222
391
229
-66
-411
-190
-51
-230
-321
-462
-873
-820
-651
-719
-672
-816
-803
-1090
-1446
-1537
-1224
-1015
-1142
-956
-1098
-1213
-1164
-1494
-1727
-1876
-1548
-1348
-1265
-1077
-1366
-1650
-1537
-1053
-786
-320
-237
