SAMPLES:	11454
BITSPERSAMPLE:	16
CHANNELS:	1
SAMPLERATE:	16000
NORMALIZED:	FALSE
-553
-535
-554
-493
-718
-1010
-860
-751
-884
-701
-830
-681
-527
-961
-1262
-1176
-1293
-1715
-1712
-1738
-1696
-1529
-1343
-1462
-1536
-1348
-1687
-1617
-1214
-1283
-1499
-1449
-1215
-1135
-1022
-1126
-1334
-1219
-1113
-1204
-1199
-847
-908
-1033
-1089
-1046
-973
-926
-950
-925
-328
-184
-403
-462
-304
-270
-284
-440
-466
-263
-282
-223
-180
-158
328
575
316
-116
-356
-222
-39
-350
-481
-272
-163
254
311
666
870
718
860
898
667
753
977
834
767
551
649
283
328
719
1091
1152
948
1031
932
1001
820
797
530
439
871
1113
1149
1057
945
1142
1094
1104
1053
1154
1121
1293
973
794
642
451
1025
1393
1392
1464
1606
1687
1293
1368
1349
1484
1243
1350
1573
1949
1926
1912
2164
2021
2317
2244
2543
2792
2571
2332
2573
2409
2166
2170
2381
2657
2490
2105
1910
1913
2081
1923
1841
1519
1034
1061
813
1004
1081
975
674
433
290
-168
-250
-206
-127
-304
-554
-499
-568
-922
-1100
-913
-746
-714
-585
-496
-563
-254
-5
-101
327
474
352
79
-28
329
414
157
-364
-286
-67
238
651
1134
1180
947
674
666
660
567
1152
1708
1854
1780
1741
1400
1111
977
994
807
785
949
1295
1590
1717
2248
2202
1567
962
740
714
694
906
1116
1398
1778
1507
1178
659
318
537
628
571
988
1292
982
938
1061
1123
1223
1060
854
546
345
709
953
1398
1326
1022
959
906
1098
900
765
959
880
707
682
505
554
431
487
832
516
416
82
-94
-78
-143
52
41
315
257
42
381
309
163
46
170
346
417
904
397
-45
345
555
486
586
598
600
985
1023
1025
1421
1406
1125
892
843
956
631
989
1375
1735
1877
1807
1328
1621
1663
1487
1385
1307
1535
1572
1414
1698
1977
1880
1550
1562
1529
1851
1812
1538
1354
1102
1496
1535
1364
1168
1420
1263
1438
1127
1358
1643
1512
1323
1082
959
524
514
564
424
686
884
764
568
228
304
450
775
829
955
698
599
423
541
477
279
241
411
755
512
543
76
239
-40
123
-264
-30
219
643
1132
801
1271
1064
1317
890
508
642
775
956
1082
1207
1081
883
618
788
782
974
843
948
1268
1103
1138
1267
1387
1375
1249
1133
1179
1079
1114
1120
898
1034
1049
1267
1232
1269
1337
1245
1068
914
674
579
871
1122
1294
1179
1045
1472
1445
1209
759
983
1247
825
687
527
818
584
817
1203
1160
1207
1216
1155
1118
1007
1093
1053
885
1051
922
1033
954
871
1229
1314
1513
1072
903
996
1042
935
974
1241
1511
1525
1340
1308
897
1245
1016
1145
863
807
616
282
219
85
-118
-476
-485
-763
-444
-312
-338
-68
-297
-197
-80
-447
-772
-1223
-1031
-650
-701
-775
-921
-799
-848
-881
-802
-763
-820
-957
-786
-406
-103
-303
-324
-291
-307
294
649
509
408
151
361
374
362
402
526
759
1176
1471
1166
867
731
880
721
560
672
896
898
644
473
829
792
627
406
-17
-86
-368
-214
-408
-25
471
669
442
-145
-365
-668
-927
-720
-634
-570
-851
-1167
-962
-788
-610
-600
-287
-431
-413
-576
-939
-613
-383
-754
-759
-708
-552
-272
-367
-398
-633
-582
-577
-877
-546
-898
-1124
-884
-807
-1067
-1109
-1023
-894
-511
-634
-143
-302
-257
-294
-438
-661
-909
-742
-838
-796
-460
-540
-621
-511
-611
-529
-568
-406
-252
-274
-214
-209
-189
57
86
-113
-395
-404
-285
-518
-488
-599
-464
-301
-172
-342
-491
-566
-1299
-1052
-869
-1141
-1043
-1036
-1246
-913
-859
-948
-737
-967
-1106
-1112
-1301
-1585
-1498
-1281
-1114
-710
-602
-431
-302
-456
-734
-919
-1084
-1300
-1219
-1262
-839
-652
-780
-670
-318
-359
-414
-717
-1032
-1117
-1054
-810
-522
-354
-289
133
228
-105
-278
-346
-365
-157
-148
117
76
-64
-64
152
-604
-623
-605
-689
-559
-261
39
-196
-223
-364
-454
-609
-737
-635
-551
-369
-439
-462
-652
-1015
-1224
-1399
-741
-126
-65
288
305
191
104
-326
-248
68
271
376
180
20
199
198
120
-438
-586
-962
-806
-675
-275
257
408
391
166
218
180
266
341
274
277
359
207
-76
15
382
600
487
167
-170
-20
59
208
142
498
495
612
749
908
1260
785
774
631
469
597
473
409
360
343
257
293
917
1468
1477
1348
1177
1014
890
674
611
630
729
669
498
170
6
294
571
823
676
1033
644
56
-146
-563
-672
-368
-348
-101
-89
-569
-709
-1026
-751
-1195
-1461
-1421
-1856
-1758
-1463
-1168
-955
-1124
-1028
-1522
-1615
-1680
-1677
-1547
-1400
-1314
-1548
-1555
-1411
-1400
-1279
-1249
-1474
-1491
-1855
-1987
-2051
-2191
-2108
-2131
-1849
-1729
-1698
-1775
-1676
-1550
-1510
-1475
-1465
-1583
-1516
-1282
-1367
-1311
-1256
-1116
-1291
-1680
-1771
-1781
-1695
-1708
-1522
-1248
-1350
-1106
-746
-808
-997
-1295
-1276
-1219
-1585
-1684
-1948
-2257
-2049
-1911
-1694
-1559
-1321
-1455
-1320
-967
-1017
-1125
-1357
-1375
-1463
-1799
-1490
-1119
-1271
-863
-922
-789
-841
-1083
-961
-913
-981
-829
-747
-862
-743
-696
-661
-581
-753
-694
-305
-92
81
117
363
383
219
158
403
-13
3
230
285
155
107
252
201
92
-110
15
7
-159
-320
-8
119
-148
-13
-268
-690
-683
-873
-833
-800
-603
-275
92
270
366
310
174
-118
-563
-975
-1183
-994
-891
-744
-550
57
572
470
175
-355
-728
-833
-896
-1179
-970
-562
-290
-459
-506
-516
-879
-1170
-1269
-733
-631
-595
-602
-443
-501
-197
-117
-170
-459
-683
-529
-817
-775
-564
-295
203
429
248
571
829
1002
1215
1445
1908
2326
2413
2608
2905
3129
3321
2877
2631
2434
1821
1678
1373
1068
712
351
274
703
579
623
836
702
662
232
94
-396
-1044
-1836
-1639
-2202
-2555
-2788
-2840
-2389
-3248
-3922
-3953
-3767
-3961
-4211
-4448
-4396
-4330
-4341
-4008
-3421
-3154
-3049
-2654
-2247
-2106
-2040
-2093
-1697
-958
-688
-847
-183
182
153
432
600
1024
1222
1647
2109
2202
2171
2137
1801
1326
705
187
349
536
422
645
378
142
300
329
158
42
90
73
329
396
546
478
242
-82
-409
-260
-309
151
484
681
1284
1659
1605
1737
2003
2248
2549
2319
2477
2743
3123
3337
3859
3789
3148
2914
2290
1824
1245
1279
1187
1272
989
758
829
956
719
193
-449
-1042
-1256
-1498
-2434
-3310
-3829
-5128
-6328
-7152
-8046
-8785
-8944
-8840
-8579
-8346
-7554
-6871
-6228
-5399
-4617
-4008
-3558
-2967
-2206
-1474
-1260
-546
-35
231
313
593
1076
1188
1284
1374
1541
1878
2120
2061
2280
2848
3159
2879
2726
2363
2391
2248
2051
2269
1838
1472
842
587
467
121
-35
189
672
958
1300
1537
1770
1797
1641
1910
2121
1927
1954
2214
2224
2047
1947
1869
1862
2217
2544
2857
3062
3276
3617
3418
3023
2772
2963
2501
2136
2152
1832
2007
1393
729
758
548
258
36
514
829
624
289
567
822
1120
1277
1074
1284
1091
984
970
701
147
-279
-176
-268
-362
-516
-46
431
744
808
757
1343
1884
2194
2021
2264
2306
2486
2257
1889
1709
1151
83
-478
-195
-228
-391
-338
119
261
-343
-731
-436
-778
-1326
-1521
-1570
-1317
-1542
-1746
-2248
-3029
-3962
-4788
-5401
-5982
-6585
-6575
-6006
-6219
-6049
-5538
-4516
-3375
-3102
-2773
-2142
-1204
-925
-743
63
500
715
283
491
1382
1427
435
817
1765
2586
2106
2256
3045
3333
3120
2735
3598
3605
2857
2449
2749
2553
1620
601
882
1437
799
151
583
909
338
-448
-162
604
573
48
300
999
1058
704
599
804
864
546
127
38
-96
-447
-983
-1155
-1447
-1322
-1336
-1298
-811
-638
-983
-1520
-1436
-1008
-968
-1690
-1636
-1192
-1377
-1900
-2422
-2154
-1456
-1789
-1719
-1036
-463
-159
-144
908
1844
1898
2014
2606
3397
2928
2980
3653
4214
4171
3825
3705
3667
3349
2476
2053
2486
2704
2326
1611
1373
1403
1114
250
-326
-167
-560
-1106
-1465
-1199
-1447
-1703
-2216
-2155
-1982
-2583
-2794
-2896
-2875
-3487
-3799
-3711
-3607
-3799
-3658
-3167
-2764
-2334
-1994
-1234
-682
-458
-267
439
1096
1726
1771
1971
2259
2019
1695
1992
2322
1789
1513
1604
2269
2410
1603
1424
1521
1539
1132
590
947
856
96
-181
401
374
-425
-965
-196
109
-628
-488
273
1104
745
483
1119
1577
1816
1577
2015
2208
2145
2040
2632
3239
3082
2546
2033
2083
1574
1714
1666
1663
1901
2220
1932
2392
2593
2259
2404
2560
2509
2421
2419
2346
2362
2525
2847
2720
2554
2443
2051
1725
1984
2308
2251
2206
2663
3713
4749
4779
4576
4682
4427
4046
3403
2962
2302
1839
1229
621
331
162
-589
-1435
-1672
-1980
-2243
-2938
-3632
-4193
-4867
-5834
-6291
-6327
-6703
-7452
-7800
-7474
-6752
-6707
-6495
-5221
-4238
-3558
-3055
-1947
-547
368
662
1509
3284
4175
4481
4967
5744
5828
5479
5545
6366
6788
6088
5604
5525
5483
4733
4058
4456
4728
4279
3714
3747
3863
3067
1916
1552
1619
897
120
-250
-205
-465
-1060
-1260
-883
-975
-1569
-1855
-1541
-1592
-1575
-1504
-1218
-840
-796
-864
-625
-298
-162
35
94
713
1318
1746
2494
2834
3184
3610
3773
3766
3635
3469
3367
3388
3258
2611
2266
2150
2207
1888
1285
1084
808
824
101
-68
-192
-608
-1037
-1425
-1562
-2029
-2956
-4151
-4954
-6029
-7668
-9151
-9793
-9884
-10251
-10791
-11060
-10113
-9131
-8471
-7837
-6799
-5121
-3801
-2985
-1656
-172
632
1373
2059
3292
3983
3718
3553
4575
5165
4930
4769
5151
5814
5673
5298
5648
6532
6435
5447
5242
5792
5645
4520
3510
3218
2782
1089
53
125
13
-906
-1703
-1227
-670
-305
-651
-338
763
851
584
658
1488
1386
918
890
1329
1943
1592
1251
2083
2786
2928
3178
3596
4453
4947
5428
5999
5924
5930
5582
5048
4869
4554
4250
3929
3469
2891
2429
2060
1833
1494
1376
762
294
261
-32
-170
-839
-1418
-2055
-2686
-3451
-4287
-5183
-7089
-8188
-8954
-9902
-10409
-10516
-10790
-11015
-10852
-10100
-8656
-7929
-7269
-5867
-4230
-3301
-2767
-1634
-312
130
64
800
1717
2364
2403
2856
4392
5256
5110
5446
6481
7165
7000
6970
7681
7914
7429
6595
6667
6554
5296
3687
3112
2875
1757
596
72
358
-506
-1531
-1588
-869
-242
-838
-817
26
386
300
282
433
1138
903
689
1294
1689
1665
1964
2675
3701
4512
5000
6034
6870
7066
7044
7209
7752
7824
7297
6518
5817
5063
4429
3784
3138
2648
2182
2082
1818
1120
495
34
-238
-859
-1996
-2803
-3563
-4028
-4818
-6095
-7263
-8274
-9532
-11143
-12589
-13504
-13455
-13306
-13606
-13516
-12829
-11330
-10015
-9111
-7799
-6397
-4626
-3386
-2179
-965
244
401
247
918
2200
2636
2369
2724
3737
4378
3924
3887
5302
6188
5721
5935
6817
7328
6393
5304
5769
6379
5108
3206
2480
2642
1460
-352
-328
865
890
-275
-516
912
1543
441
165
1383
1747
1297
878
1785
2588
2196
1393
1141
2807
2838
2454
2918
3939
4712
4828
5401
6862
7522
7184
7190
7503
7737
6955
5598
5356
5415
5044
4114
3705
3654
3264
2563
1632
1567
770
-89
-677
-560
-805
-1652
-2295
-2912
-3663
-5454
-7032
-7832
-9172
-11053
-12488
-13001
-12854
-13438
-13763
-13338
-12255
-11531
-11659
-10640
-8504
-6914
-6793
-6461
-4758
-3354
-3425
-3816
-3346
-2298
-2008
-2493
-2169
-918
-200
-450
-289
1518
2962
2881
2740
4364
5994
5377
4728
5204
6347
5593
3927
3855
4653
3904
1948
1614
2292
2372
919
116
1438
2459
1802
1170
1830
2516
1751
1143
2158
2872
2587
1282
1682
2552
2161
1610
1625
2683
3264
3537
3555
4719
5514
5385
5602
6160
6757
6276
5446
5521
6064
5960
5541
5542
6001
6088
5321
4558
4732
4635
3365
2001
1232
997
-141
-1859
-3008
-4224
-5784
-7971
-9927
-10716
-12116
-13815
-13875
-14044
-14296
-15052
-15265
-14072
-13424
-12932
-11980
-9959
-8299
-8130
-7589
-6256
-5274
-5156
-5008
-3496
-1875
-1828
-1704
-280
1786
2170
1454
2302
3984
4438
3737
4398
6686
7230
5361
4765
6120
6195
4420
3080
3170
3375
1691
-49
519
910
-674
-2318
-1855
-620
-1146
-2330
-1939
-702
-647
-1960
-2462
-1483
-1284
-2283
-2441
-1364
-391
-219
377
1824
3358
4003
3910
5166
6351
6759
6590
7118
8241
8023
7268
7040
7999
7686
7077
6756
7145
7305
6595
6069
5894
5793
4516
3168
2100
898
-582
-2598
-4230
-5569
-7807
-10162
-11947
-13515
-15435
-16466
-16736
-16928
-17303
-17880
-16766
-15121
-14636
-14416
-12964
-10904
-9696
-9466
-7974
-5929
-5603
-6358
-5555
-3851
-3029
-3451
-2551
-352
1291
1068
1411
3437
4907
4499
4299
5462
6592
6007
4421
4471
5077
4237
2324
1358
1967
933
-820
-972
-48
-137
-1909
-2402
-1713
-781
-1746
-2595
-1803
-997
-1621
-2384
-1706
-1127
-1285
-1857
-767
840
1586
1631
2685
4734
6114
6807
7739
9482
9899
9224
9187
9593
9470
8128
7446
7142
7421
7080
6482
6421
6329
6187
5489
5590
5904
5567
4385
3351
2985
2195
-144
-2602
-4118
-5801
-8261
-10801
-12241
-14020
-15860
-16993
-17736
-17394
-17527
-16933
-15773
-14358
-13244
-11692
-9792
-8387
-7616
-7120
-5131
-3975
-4259
-4067
-3341
-2445
-2561
-2512
-1057
547
874
1426
3834
5830
6686
6225
7230
9001
8908
8376
8396
9300
8334
5760
4750
5228
4186
1952
571
1000
1020
-641
-1209
5
1129
131
-697
505
1103
-294
-1487
-1162
-325
-802
-2815
-2381
-914
-272
-466
-5
2238
3292
3103
3690
5581
7129
6900
6461
7063
7468
6236
5436
5691
6403
6065
4754
4765
5327
5410
4597
4824
5642
5603
4867
4385
4243
3258
1473
-580
-1872
-3193
-5826
-8704
-10827
-12799
-13928
-15698
-16757
-17152
-17094
-16746
-16376
-15672
-14528
-12988
-11554
-10445
-9479
-8048
-7023
-6981
-6969
-5793
-4726
-4668
-5317
-4799
-3255
-2696
-3360
-2102
600
2192
2228
3174
5621
7113
6834
6182
7446
8125
6505
4368
4296
5321
3611
1331
1054
2120
1353
-891
-1389
-163
-222
-2186
-2704
-1523
-1073
-2714
-3755
-3072
-2376
-3648
-4827
-3959
-2483
-2464
-3260
-2392
-218
783
980
1464
3176
4032
3405
3085
4088
4804
3483
2637
3303
4286
3398
2518
3173
3784
3753
3314
3570
4618
4296
2737
2562
3056
2653
878
-1230
-1998
-3580
-6470
-9274
-10771
-11292
-13088
-15033
-15469
-15206
-15227
-15812
-14900
-13184
-11736
-10550
-9620
-8482
-7410
-7149
-7243
-6817
-6458
-5714
-6021
-6184
-5339
-3956
-3174
-3507
-2475
-995
134
394
1201
2903
4328
4456
4306
5765
6330
5717
4780
5076
6141
5122
3443
3266
4243
3805
2966
2426
3022
3616
2882
2690
3645
3802
2637
2220
2695
3082
1777
610
684
993
174
-630
313
2063
2978
2562
3211
4554
4955
4239
3936
4645
5225
4822
4158
4705
5045
4746
4473
5083
5847
5738
5459
6027
6987
6766
6225
6043
6190
5714
4023
2350
1637
79
-2798
-4839
-5453
-5968
-8237
-9958
-9928
-9372
-9907
-11290
-10844
-9248
-8361
-8320
-7634
-5766
-4780
-5260
-5616
-4845
-4420
-5294
-6490
-6511
-5741
-5554
-5978
-5249
-3728
-2610
-2214
-1798
255
1824
1885
1873
3390
4513
4299
3738
3785
4415
3874
3014
2589
3759
3738
2634
2297
3047
3844
3135
2739
3156
3970
3506
2489
2501
2679
2102
873
892
1242
920
209
-278
725
1024
957
1223
2002
2656
2727
2692
3236
4367
4002
3692
3926
4479
4001
3552
3724
3995
4335
3812
4158
4909
5180
4839
4777
5297
5074
3997
2770
2033
1051
-844
-2842
-3593
-4331
-5785
-7364
-7988
-7928
-8283
-9102
-9242
-8539
-7401
-6893
-6691
-5505
-4073
-4360
-4910
-4192
-3215
-3415
-5078
-5205
-3665
-3468
-4993
-5479
-4183
-2887
-3122
-3156
-1040
830
766
249
1685
3282
2786
1926
2301
3563
3098
1581
1520
2632
2797
1528
1156
2383
2995
2318
2114
3266
4052
3633
3393
4142
4305
3462
2634
3166
4234
3740
2707
2487
3422
2980
2203
1959
2831
3205
2162
2071
2804
3407
2937
2550
2950
3357
2967
2088
2379
3378
3035
2304
2452
3142
2763
2193
1980
2237
2445
1609
1212
1057
302
-1449
-2760
-2539
-2761
-4409
-5751
-5678
-4913
-5578
-6749
-6412
-5391
-4757
-5286
-4982
-3734
-2967
-3385
-3647
-2441
-1472
-2028
-3235
-2884
-2061
-2214
-3490
-3361
-2861
-2922
-3509
-2799
-839
138
75
69
1357
2274
2261
1688
1940
2789
2604
1515
1968
3114
3032
1897
1724
3079
3444
2945
2717
3280
4271
4283
4299
5196
5635
5250
4478
4557
5127
4743
3597
3238
3858
3755
2777
2169
2150
2164
1215
972
1441
1940
1846
1469
2148
2977
3064
2555
2841
3475
2866
2011
1872
2128
1427
194
-297
-155
-346
-1047
-1377
-1666
-2021
-2203
-2762
-2660
-2385
-2644
-3258
-3017
-2474
-2208
-2980
-3011
-2329
-1930
-2046
-1924
-999
-186
-605
-730
-147
534
290
-146
517
1410
1318
435
446
848
931
-297
-550
20
456
-340
-781
485
1563
1235
711
1575
2932
2370
1295
1582
2373
2284
1811
1925
2815
3341
2686
2119
2717
3024
2546
2246
2595
2799
2481
2499
3205
4416
4690
4131
3882
3998
4134
3464
2520
2082
1099
31
-553
-493
-316
-218
-320
-366
105
475
602
864
1675
2165
1602
1452
1439
1436
955
573
29
-324
-1233
-2325
-2644
-3124
-4152
-4694
-3876
-4047
-4297
-4433
-3607
-2824
-2886
-2655
-2231
-1537
-1135
-1508
-1657
-1408
-1782
-2084
-1848
-958
-332
-1080
-1460
-1057
-371
-784
-919
32
472
631
319
714
1710
1575
846
868
1496
1299
696
825
1855
2291
1554
1713
2819
3634
3240
3669
4795
6147
6396
6137
6302
6687
6773
6025
6082
5974
6217
5526
5656
6325
6173
6024
5879
6261
6067
5664
4770
4661
4696
3746
2999
2461
2337
1238
427
41
201
429
-39
452
1270
1768
1631
1580
1942
1789
1069
361
103
-215
-1079
-2225
-3056
-4086
-5718
-6931
-6589
-6832
-7372
-7513
-6961
-5380
-4875
-5085
-4394
-3014
-2216
-2159
-1939
-1281
-1176
-2219
-2497
-1475
-759
-1198
-2050
-1320
-611
-528
-1198
-456
937
1215
1208
1377
2603
3480
3196
2600
3531
3989
2880
2031
1954
2613
1633
639
846
1397
1189
358
906
2100
3053
2551
2683
4033
4635
3954
3632
3853
4159
3619
2282
2526
3326
2818
2193
2057
2987
3050
2177
2048
2431
2295
1140
625
915
1526
820
-22
143
632
42
-1025
-822
-342
-229
-652
-643
11
-393
-1139
-1425
-1353
-1527
-2941
-4129
-4790
-5880
-7093
-8040
-7945
-8206
-8735
-8677
-7541
-6665
-6443
-6144
-5393
-3765
-3226
-3362
-2198
-887
-926
-1344
-790
465
817
-573
-746
93
703
78
144
1238
2192
2145
2221
3408
4614
4255
3479
4513
5046
4529
3153
3144
3901
3827
2176
2032
2482
2647
1489
1173
2180
3030
2534
2560
3574
3848
3921
3302
3650
4339
4413
3557
3504
4097
4269
3802
3261
3513
3796
3348
2575
2799
2831
1814
1525
1777
2101
1786
942
362
532
445
-724
-1353
-1392
-1283
-1766
-2309
-2110
-1813
-2628
-3340
-3330
-3381
-4163
-5433
-5851
-6530
-7751
-8571
-8756
-8879
-9636
-10247
-9786
-9048
-8809
-8762
-7195
-5491
-4988
-5178
-4696
-3283
-3023
-3023
-2134
-932
-427
-1044
-882
304
765
-233
-417
613
1076
762
170
1158
2402
2240
1670
2288
3439
3276
2214
2136
3093
2808
1091
926
1859
1797
1223
1134
2097
2967
2391
2388
3318
4097
4295
4013
4917
5896
5494
4763
5206
6236
6631
5764
5410
5887
5747
4908
4126
4300
3994
3285
2906
3113
3558
2606
1974
2198
2472
2311
1649
1448
1371
998
-170
-170
263
-350
-1305
-1710
-1712
-2245
-3433
-5009
-6032
-6967
-7882
-8179
-8627
-8722
-9022
-9304
-8440
-7705
-7721
-7928
-6680
-5049
-4081
-3778
-2994
-1757
-1611
-2404
-1874
-840
-613
-1654
-1765
-124
447
-865
-1137
386
1099
115
-549
951
2176
1272
-25
1049
2195
1587
-78
270
1633
1303
-332
-317
1124
959
-717
-845
712
1482
477
115
2103
3295
2989
2598
3945
5237
4597
3816
4546
5897
5789
4821
4983
6130
5728
4350
3997
4696
4296
2763
2359
3055
3185
1963
1385
1925
2288
1603
490
489
580
138
-647
-808
-204
-1013
-2211
-2562
-2470
-2947
-4473
-5409
-6192
-7085
-8184
-9180
-8846
-9205
-9877
-10246
-9419
-8732
-9059
-9193
-8278
-6594
-5959
-6172
-5379
-4068
-4498
-5082
-4305
-3244
-3034
-3649
-3301
-1724
-1052
-2002
-2717
-1741
-1037
-1526
-2466
-1501
-301
-561
-1238
-742
876
275
-1129
-1338
-333
157
-1426
-1701
-473
485
-659
-1266
-616
126
-160
-499
404
1585
1765
1128
2229
3629
4107
3308
3495
4348
5113
4805
4623
5395
5657
4924
4438
4160
3778
3051
2190
2056
2476
2386
1975
2306
2940
2835
2345
2392
2802
2878
2009
1737
2293
2391
1351
331
-319
-793
-1886
-3110
-4004
-4797
-5819
-6443
-6585
-6572
-6740
-7133
-6332
-5455
-5042
-5182
-4461
-3471
-3626
-4186
-3753
-2544
-2537
-3365
-3450
-2457
-1829
-2463
-1766
-19
536
-126
-327
742
1809
1481
769
1405
2516
2058
856
1098
1903
1401
319
441
1556
1231
-272
-114
1098
1818
1123
591
1585
2235
2016
1823
2195
2810
2685
2139
2747
3596
3377
2648
2332
3105
3605
3024
2818
3616
4024
3825
3628
3448
3197
2173
1048
1174
1188
804
833
855
1390
1688
1771
1793
2193
2557
1982
1634
1704
2112
1780
969
703
409
-635
-2131
-3209
-4945
-6318
-7137
-7485
-7732
-7893
-8142
-7677
-7041
-6941
-6280
-5163
-4176
-3807
-3781
-3633
-3076
-3193
-3369
-3364
-3197
-3179
-3748
-3442
-2251
-1925
-2311
-1882
-383
553
397
525
1771
2671
2458
2057
2357
3007
2293
1214
1329
2006
1373
41
-287
561
258
-435
-230
634
921
679
1014
1519
1979
1890
2000
2382
2388
2034
2057
2122
2282
2394
2105
2262
2791
2442
2308
2380
2352
1565
1155
860
126
-39
-250
251
53
-253
-465
-158
270
192
179
261
243
577
655
412
575
247
-75
-1561
-2561
-3396
-4677
-5587
-6059
-6658
-7360
-7577
-7150
-6730
-6911
-7135
-6296
-4834
-3975
-3759
-3566
-3000
-2714
-3483
-3747
-3179
-2795
-3251
-3885
-2973
-2184
-2388
-2673
-2092
-900
-671
-1026
-423
694
1257
881
1412
2075
2012
1175
836
1701
2022
1530
1192
1576
1650
813
328
629
1485
1669
1135
2041
2991
3390
2997
3578
4076
4050
3600
3219
3647
3724
3187
2769
3622
3677
3029
2765
2978
2868
1743
715
835
644
-57
-324
-221
29
15
-579
-393
16
23
-826
-689
10
259
251
-9
2
-403
-1509
-2324
-2728
-3328
-4338
-5207
-5186
-5356
-5210
-5239
-4820
-4270
-4122
-3718
-2877
-1898
-1410
-1050
-550
-114
-269
-610
-452
235
80
-333
123
745
849
444
355
1086
1392
1148
1159
2022
2499
2232
2410
3548
3829
3088
2940
3479
3653
2922
2264
2548
2594
2199
1696
2180
3176
2739
2137
2096
2981
3005
2314
2152
2712
3036
2569
2542
2831
3050
2749
2729
3055
3142
2603
1937
2033
2426
1704
750
710
894
707
-268
-409
495
585
343
489
1634
2026
1534
1617
1869
2386
1782
1471
1354
1262
713
-435
-1274
-1876
-3185
-4751
-5711
-5567
-5585
-6780
-6967
-6304
-5521
-5298
-5197
-4646
-4096
-3787
-3515
-3201
-2192
-2025
-2591
-3024
-2181
-1108
-1541
-1811
-1237
-565
-648
-1027
-444
797
1448
1448
1473
2174
2856
2626
2188
2972
3482
3366
2828
2941
3196
2645
2004
2013
2660
2629
1860
1678
2167
2357
2644
2506
2513
2903
2739
2343
2686
2823
2497
1914
1533
1989
2368
2345
2554
2958
3364
3328
3319
3137
2864
2428
1458
1037
1116
587
-148
-394
-47
213
442
1273
1292
1337
1333
1906
2621
2538
2650
2050
1787
1765
1307
261
-737
-1974
-3999
-5200
-6257
-6379
-7204
-8250
-8282
-8378
-7829
-7722
-7618
-6986
-5625
-4373
-3683
-3262
-2874
-2976
-3013
-2747
-2060
-1644
-1563
-1837
-1577
-598
32
574
1048
1566
2184
2520
2753
3682
4049
4017
3615
4196
4681
4203
3389
2869
2801
2467
2047
1843
1862
1825
1458
1637
1940
2398
1663
1085
1549
1462
1535
1144
1253
1101
827
248
487
1043
1160
880
829
2052
3260
3236
3504
3885
4129
4368
4277
4400
4192
3146
2579
2775
3058
2979
2660
2630
3141
3454
3439
3872
4437
4461
3806
3736
3740
3348
2027
747
-640
-1924
-3691
-5571
-6342
-7031
-7028
-7592
-8215
-8020
-7611
-7809
-7850
-7407
-6154
-5188
-4725
-4718
-4172
-3065
-2646
-2511
-2602
-2103
-1724
-1489
-1358
-745
258
350
267
1056
2252
3641
3008
3327
4142
5052
5015
4569
4665
4527
3376
2210
2558
2828
2314
1160
1260
1918
2264
1202
944
2035
2044
1258
1374
1979
2284
1414
876
1030
798
293
-554
-291
844
1221
1390
2259
3282
4022
4027
4876
5979
5974
5315
4964
5236
4861
4072
4070
4083
4406
4157
4046
4453
5001
5074
5025
5389
5801
5843
4984
4375
3576
2935
1539
479
-287
-1885
-3892
-5071
-6107
-7332
-8241
-9872
-9873
-10124
-10222
-10066
-9036
-8031
-7389
-6345
-4711
-4062
-3534
-2943
-2152
-1925
-2326
-2008
-1831
-1674
-2192
-2203
-1551
-556
-181
344
1311
2409
2629
3088
4037
4824
4440
3804
4077
4241
3418
2474
1996
2118
1549
648
656
1192
1119
229
506
1223
1881
1426
1494
1989
2211
1749
966
909
1176
602
-53
580
1422
1671
1534
2075
3239
4360
4397
4743
5873
6227
6106
6364
6822
7105
6074
5170
5102
5300
4618
3881
3773
4154
4101
3502
3707
3791
3582
3125
2959
3130
2676
1410
153
-768
-1973
-3751
-5364
-6781
-8556
-9356
-10535
-11327
-11241
-10787
-10537
-9810
-8637
-7127
-5657
-4527
-3508
-2597
-1103
-344
-822
-1039
-819
-716
-599
-974
-385
280
288
-205
689
1247
1994
2120
2652
4003
4836
4604
4231
4567
4256
3627
2596
2751
2017
640
-693
-774
-138
-609
-1501
-1796
-933
-348
-740
-551
57
199
-405
-404
163
66
-858
-1491
-803
144
495
-67
589
2364
3429
3827
4559
5914
6185
6335
6408
6887
7169
6500
5983
6231
6203
5242
4252
3981
4210
4174
3810
3705
3704
3533
3228
2903
3194
2692
1783
845
186
-774
-2746
-4706
-6200
-7508
-8742
-9912
-11332
-11820
-11999
-11356
-10613
-9743
-8254
-6901
-5610
-4668
-3847
-2737
-1975
-2200
-2398
-1637
-980
-1375
-2387
-2457
-1537
-674
-744
-577
650
1364
1523
1797
3049
3964
3684
3085
3805
4473
3977
2842
2339
2526
2282
799
295
653
828
374
-94
900
1532
1053
481
1271
1637
1811
1322
1502
1652
1146
389
537
1353
1613
1821
2446
3689
5019
5869
6075
7043
7822
7687
7576
7614
7579
7098
6739
6576
6527
5810
4865
4658
4433
4787
4775
4869
5270
4953
4598
4432
4541
4113
3161
1928
1089
196
-1919
-3750
-5592
-6973
-9072
-10446
-10964
-12121
-12317
-12317
-11115
-10228
-9625
-9449
-8626
-7154
-6365
-6015
-5344
-4555
-4579
-5042
-4979
-4366
-4237
-5006
-4757
-3641
-3105
-3028
-2930
-1298
-384
237
429
1791
2727
2463
1746
1952
2703
2543
1393
236
751
530
-549
-969
-114
78
-434
-695
-149
735
526
-154
450
1047
1095
103
-3
-2
-248
-677
-603
540
730
770
1277
2573
3631
3952
4142
5136
5810
5504
5146
5063
5096
4539
3520
3551
3178
3019
2402
2488
2970
3104
3375
3408
4060
4115
3942
3620
3730
3558
3074
1922
1050
498
-866
-2194
-4172
-5880
-7563
-9274
-9511
-10217
-10553
-11070
-10458
-9726
-9328
-9225
-8686
-7081
-5900
-5464
-5659
-4682
-4415
-5159
-5203
-4617
-3954
-4138
-4655
-3449
-1984
-1586
-2044
-865
363
1322
1010
1737
3312
3662
3298
3286
4739
4975
4116
2932
3423
4037
3026
1688
1609
2484
1981
1300
1411
2172
2213
1233
1585
1664
1694
993
582
744
617
102
-330
151
658
1352
1311
1961
3034
3233
3286
3767
4725
5080
4737
4980
5078
4680
3914
3391
3510
3629
3026
2743
3427
3558
3892
4132
4613
5311
5453
4986
4919
4957
4519
3473
3036
2276
478
-1096
-2988
-4693
-6748
-8925
-10302
-10717
-12186
-13066
-13819
-13043
-12166
-11903
-11729
-10832
-9406
-9093
-9037
-8537
-7339
-7621
-9020
-9114
-7941
-7370
-8276
-8067
-6323
-5079
-4533
-4532
-3009
-1905
-1140
-1013
461
2016
2378
1733
1915
3566
3786
2979
2212
2520
2707
1327
921
1877
2619
1949
755
1661
2578
2469
1493
1743
2187
2518
2053
1504
1842
1855
964
417
1049
1638
1771
1655
2641
4014
4772
5163
5793
6221
6235
6289
6413
6498
6628
6274
6389
6423
6426
6210
6196
6776
7404
8025
8053
8591
8805
9223
9220
9194
8840
7771
6550
5294
3926
2374
253
-2148
-4824
-7334
-8970
-10949
-11432
-12703
-13902
-13814
-13428
-12597
-12467
-12562
-11924
-10545
-9763
-10019
-9941
-9776
-9769
-10328
-10573
-9860
-9457
-9536
-9548
-8369
-6689
-5489
-5394
-4277
-2385
-766
357
1416
3179
4410
4480
4189
5547
6210
5087
3384
3053
3833
3915
2714
2207
2655
2463
1490
1495
2751
3648
3099
2511
3065
3106
2305
999
792
981
457
-829
-550
315
791
430
746
2844
3903
4390
5002
6515
7474
7305
6736
6800
7157
6248
5303
5637
5972
5994
5507
5809
6665
7195
7055
7390
8172
8191
7502
6565
6423
5747
4284
2205
724
-1361
-4014
-6517
-8726
-10668
-12830
-14838
-16019
-15806
-16529
-16823
-16292
-15402
-14335
-14115
-13745
-12833
-11611
-11033
-11015
-10699
-10157
-9928
-10271
-10167
-8745
-7339
-6556
-5865
-4352
-1938
128
906
2195
3784
5294
5934
5853
6595
7046
7052
6262
6670
6740
5927
4747
4140
4330
3940
2705
2181
2810
2760
2199
1926
2620
2844
1776
735
673
480
-248
-1578
-1767
-1982
-1926
-2463
-2343
-941
-182
398
1180
3101
4430
5060
5621
6308
7099
7110
6807
7269
7421
7359
7101
7182
7578
7948
8031
8697
9183
9571
9535
9370
9899
9820
9198
7764
7299
6042
4261
1751
-59
-1715
-3817
-6065
-8427
-9527
-11181
-12842
-14676
-14943
-14905
-15784
-15984
-15441
-14400
-14255
-14820
-14510
-13228
-12422
-12315
-12338
-11260
-10301
-10279
-10242
-8958
-7455
-6178
-5451
-3913
-1361
429
813
1495
3535
5033
5098
4212
5218
6216
5734
4875
4884
5419
4753
3627
3358
4205
4053
2645
1804
1815
2030
790
-489
-613
-263
-869
-2135
-2089
-1865
-1909
-3427
-3511
-2621
-2184
-2408
-2317
-1345
-273
319
189
1567
2963
3939
4063
5037
6321
6556
6159
6554
7711
8044
7711
7426
7914
8683
9007
8937
9589
10102
9931
9506
9457
9376
8434
6688
5681
5295
4033
2128
387
-907
-2723
-4738
-6076
-7422
-8794
-10543
-11930
-12686
-12484
-13726
-14588
-14680
-13888
-13211
-13919
-13448
-12498
-11444
-11218
-10462
-9375
-8039
-7211
-6455
-5174
-3314
-1854
-1144
-489
1037
3111
3856
4322
5010
6153
6829
7028
7123
8279
8805
8674
8404
8524
8975
8659
7061
6407
6214
5181
3816
2944
2805
2445
952
-166
2
287
-378
-1435
-786
-210
-10
-480
-470
371
871
762
1263
2231
2806
3173
3240
4072
5085
5639
6200
7173
7694
8145
8347
8785
9452
9655
9611
9711
10078
9938
9611
9355
9452
9260
7998
7164
7041
6283
5220
3694
2853
2252
633
-1294
-2995
-4094
-5438
-7270
-8802
-9724
-11293
-13319
-14721
-15502
-15543
-16549
-17303
-17030
-16677
-16481
-16268
-15193
-14104
-12418
-11046
-9772
-8501
-7114
-5943
-5264
-3926
-2509
-1267
-456
241
1757
3188
4436
4856
5472
6238
7039
7565
7533
8309
8326
8023
7143
7143
7192
6723
5159
3542
3390
2580
892
-706
-929
-1060
-1943
-2926
-2552
-1549
-1514
-2150
-2142
-1260
-593
-793
-493
-275
-292
-246
-73
1169
2400
2627
2681
4025
5353
6212
6579
7614
9065
9909
9977
10444
11505
11435
11303
11315
11736
12113
11552
10766
10438
10256
9634
8402
7547
6475
5432
4088
2905
2188
1174
-203
-1851
-3123
-4440
-5943
-7268
-8895
-10839
-12770
-14115
-15585
-15922
-16453
-17079
-16897
-16474
-15084
-14567
-13948
-13355
-11524
-9791
-8482
-7807
-6307
-4771
-3807
-2528
-1295
491
1159
1203
2061
3836
5161
5122
5506
7345
8733
8832
8447
9058
9800
9419
8292
7810
7887
6990
4831
3465
3410
2901
994
-767
-758
-1186
-2136
-2936
-2588
-1344
-1480
-2005
-1738
-880
-879
-1821
-1517
-710
-911
-1327
-1224
163
1410
1703
1655
2944
4559
5344
5773
6802
8452
9392
9816
10789
11697
11516
10884
10860
11397
11039
9726
8871
8643
8072
7249
6233
5851
5497
4362
2974
1795
950
-82
-1475
-2795
-3966
-5324
-6807
-8190
-9684
-11625
-13420
-14551
-15523
-16193
-16208
-17158
-16770
-16233
-15308
-14570
-13772
-12460
-10647
-8583
-7168
-6238
-5311
-3251
-1997
-1615
-614
1106
2267
2588
3328
5288
6724
6912
6912
8268
9289
9663
8710
8018
8979
8733
7287
6302
6453
5659
3922
1845
1281
865
-737
-2492
-2857
-2501
-3099
-4342
-4243
-2801
-2993
-3545
-3203
-2019
-1324
-2202
-2792
-1880
-761
-1069
-1346
-206
1705
2881
3460
5181
7351
8385
8788
10332
12222
13367
13040
13304
14019
14272
13213
12516
12596
12450
11352
10369
10025
9714
8908
7369
6760
6346
5430
3993
3177
2576
1272
-644
-2461
-3665
-5529
-7485
-8839
-9903
-11103
-12737
-14287
-14846
-15371
-15778
-15619
-15861
-15307
-15198
-14353
-13223
-11948
-11289
-10009
-8126
-6918
-6184
-4833
-2900
-1704
-1486
-660
1307
2881
3617
4251
5962
7580
7799
7351
8086
9068
9144
7578
7199
7580
6554
5226
3930
4168
3690
1927
117
-88
-225
-1756
-3125
-3140
-2895
-3934
-5174
-5489
-4635
-4551
-5419
-5422
-4987
-4660
-5021
-4933
-3868
-2917
-2695
-2453
-697
1118
1747
2068
3872
6009
6829
7408
8098
9420
10240
10107
10354
10942
10741
9693
8806
8800
8846
7852
6765
6618
6625
5829
4831
4047
3648
2118
116
-771
-1335
-2453
-4193
-5456
-6464
-7365
-8746
-10175
-10953
-11873
-13165
-14437
-15266
-15751
-16350
-16223
-16153
-15490
-15054
-14467
-13515
-12711
-11425
-9892
-7737
-6334
-5160
-4020
-2394
-720
164
1070
2305
3602
4240
4342
5623
7164
7810
7344
7688
8549
8430
7350
6605
7061
6985
6163
5457
6014
5920
4516
2869
2770
3138
1835
-112
-899
-416
-703
-1618
-2312
-1327
-1126
-1808
-1535
-1041
-166
41
566
2062
3305
4102
4674
5978
7268
7987
8394
9017
10383
11043
11416
11606
12991
13518
13013
13099
13580
13481
12444
11592
11385
11434
10607
9540
9198
8967
7704
6011
5243
4595
3247
1722
516
-90
-1072
-2701
-3896
-4188
-4541
-5573
-6841
-7264
-7649
-8931
-10094
-11065
-11824
-13114
-14040
-13500
-13399
-13188
-13333
-12047
-10780
-9709
-9006
-7721
-5397
-3533
-2792
-1714
539
1929
2055
2075
3399
4358
4243
3557
4350
5562
5190
4421
5104
5748
5625
4554
4069
4785
4633
3267
2685
3065
2396
443
-1332
-1916
-2397
-4161
-5836
-5800
-5373
-5837
-7094
-7093
-5793
-5306
-5329
-4582
-2989
-1944
-1331
-758
705
1975
1959
1926
2704
3913
4261
4335
5025
6089
6849
7313
8003
9511
10287
10437
10654
11366
11568
10199
9340
8738
8129
6911
5586
4687
3909
2403
1076
490
-350
-1273
-2387
-3019
-3250
-4157
-5367
-6144
-6652
-7428
-8253
-9021
-9879
-10820
-12094
-13071
-14290
-15239
-16647
-16832
-16510
-16279
-15773
-15288
-13477
-12168
-11663
-10619
-8633
-6393
-5240
-4698
-3392
-1821
-1332
-1339
-688
532
958
325
547
1750
2457
1699
1450
2657
3888
3550
2679
3308
4051
3557
1742
1301
1854
1316
-689
-2350
-2034
-2376
-4026
-5088
-4510
-4014
-4357
-4351
-3095
-925
-585
-330
754
2395
3551
3376
4332
5838
6311
5885
6059
7168
7298
7248
7606
8809
10286
10980
11345
12472
13407
13417
13640
13876
14353
13554
12341
12165
11726
10346
8442
7050
6431
5770
4479
3509
2734
1616
-10
-827
-1048
-1514
-2676
-3858
-3774
-3639
-4525
-5760
-6559
-7301
-8562
-9982
-10863
-11749
-12976
-14313
-14576
-13529
-13759
-13772
-13471
-11906
-9929
-9263
-8573
-6691
-4511
-3622
-3504
-2394
-676
-47
-383
-64
1197
1840
1559
1505
2333
3031
2347
1920
2977
3989
3810
2835
3769
5239
4948
3345
1972
2340
1627
-424
-1792
-1821
-1642
-3096
-3982
-3187
-2254
-2517
-2848
-1707
-4
1233
1034
1794
3214
3726
3339
3698
4771
4722
4230
3795
4690
5837
5862
5934
7235
9024
9701
10041
11019
12443
12873
12864
12873
12843
12062
10573
9580
8809
7657
5525
3606
2803
2089
873
-417
-937
-1415
-1769
-2452
-2486
-2658
-3297
-3969
-4342
-4527
-5243
-6362
-7645
-8330
-9375
-10758
-12105
-12779
-14194
-15198
-15501
-14617
-14054
-14279
-13432
-12540
-10959
-10008
-9516
-8466
-7003
-5935
-5224
-4785
-3349
-2489
-2954
-3577
-2744
-1291
-1271
-2005
-1391
377
1134
576
811
2016
2620
1863
970
1681
2124
628
-1333
-1170
-277
-1127
-3035
-3454
-2366
-2424
-3648
-3839
-2523
-1747
-2539
-2251
-572
864
612
537
1615
3257
3304
2809
3244
4706
5232
4915
5719
7489
8866
8479
8899
10298
11930
12031
11532
12203
13007
12609
11678
11482
11054
9682
7474
6291
5801
4300
2752
1339
929
563
-599
-1123
-1304
-1773
-2816
-3387
-3574
-3467
-3905
-4728
-5216
-5876
-6785
-7839
-8528
-8857
-9507
-10545
-10945
-11530
-12227
-13103
-14078
-13402
-12472
-12789
-13069
-12473
-10927
-9734
-8914
-8627
-7654
-6283
-5943
-5537
-4792
-3601
-3271
-3643
-2918
-1813
-978
-1271
-1353
-399
520
346
-154
303
1326
1235
591
1251
2132
2244
1362
726
1038
1147
279
-386
-207
545
-92
-945
-208
982
1177
1046
2185
3955
4873
5352
5805
6823
7933
7621
7666
8621
9050
8823
8838
9329
10269
10334
10195
10887
11551
11616
11183
11116
11856
11934
10784
9975
9955
9745
8425
6644
5740
5015
3804
1962
725
182
-771
-2038
-2345
-2139
-2398
-2781
-2907
-1939
-1865
-2622
-3377
-3751
-4283
-5232
-6195
-6824
-7073
-7890
-8901
-9592
-9612
-10432
-11614
-12203
-11229
-10594
-10942
-10360
-9275
-7592
-7321
-7345
-6676
-5747
-4520
-4479
-4469
-3560
-2436
-2443
-2835
-2004
-869
-521
-1019
-178
1485
2261
1977
2321
3491
4079
3615
2416
3024
3702
3298
2064
1908
2314
1662
511
57
1006
1562
882
701
2149
3348
3078
3003
4040
5577
5283
4823
5319
5944
6073
5269
5239
5951
6228
5786
6156
6743
7282
6921
6587
7459
8444
8737
8150
8218
8562
8251
7407
6407
5808
4849
3357
2404
2379
1712
41
-629
-952
-1044
-1703
-2464
-2364
-2685
-3165
-2991
-2750
-2457
-2803
-3234
-3298
-3768
-4731
-5825
-6526
-6578
-6855
-7576
-7807
-8208
-8924
-10109
-10871
-11065
-11411
-11230
-12007
-12172
-12127
-11529
-10360
-9931
-9623
-9660
-8892
-7252
-6643
-6769
-6290
-5278
-5013
-5226
-4449
-3402
-3282
-3268
-2252
-819
22
-678
-458
565
1735
1433
1109
2155
2862
2750
1816
2520
3449
3265
2173
2504
4069
4510
3225
3018
3726
3732
3029
2703
3849
4711
3932
3896
4879
6165
6386
5979
6872
8041
7913
6862
6878
7223
7306
6404
6530
7354
7448
6973
7064
7956
7768
6700
6214
6292
6104
5013
3839
2959
2265
1406
538
55
84
-620
-1559
-1665
-1299
-870
-1137
-1230
-710
-569
-1372
-1920
-1877
-2498
-3644
-4708
-5228
-5580
-6688
-7514
-8102
-8499
-9203
-10040
-11042
-12032
-12748
-12562
-12347
-12216
-12155
-11984
-10896
-10449
-10143
-9797
-8798
-8130
-8087
-7842
-6892
-5629
-5667
-6089
-5179
-3270
-2599
-3217
-2204
26
1735
1622
1871
3434
4755
4375
3800
4816
5720
5095
4100
5158
6262
6092
4558
4553
6209
6169
4527
4130
5668
6155
5333
4931
6340
7797
7158
6782
7958
8766
8806
8281
8951
10231
10102
8625
8336
9131
9211
7937
7616
8774
9438
8986
8486
9256
9756
9263
7887
7839
7609
6005
4355
3321
2650
2018
744
-68
-343
-477
-1067
-1416
-779
-477
-700
-1500
-1830
-2085
-2818
-3571
-4218
-4464
-5132
-6323
-7173
-7506
-7526
-8214
-8848
-9193
-9772
-10346
-10745
-11050
-11292
-11550
-11463
-11826
-11798
-12164
-11763
-11261
-11680
-11490
-11174
-10118
-9749
-9966
-9434
-7667
-6316
-6457
-5555
-3685
-1836
-1171
-706
860
2138
2402
1715
2645
3626
4050
3045
2663
3592
4338
3953
3367
4484
5443
5538
5009
5641
6449
5968
5202
5758
6698
6734
5848
5717
6999
7884
7187
7029
7265
7328
6943
6518
6882
6931
6448
5694
6140
6644
6686
6211
6188
6842
6746
6488
6105
6227
5668
4629
4140
3947
3007
1682
656
-257
-426
-902
-1473
-1499
-1623
-1564
-1769
-1432
-1155
-1611
-2181
-2596
-2515
-3128
-3689
-3842
-4049
-4227
-4232
-4014
-4125
-4352
-4900
-5064
-4928
-5526
-5581
-5770
-6237
-6696
-7743
-9003
-9705
-10787
-11794
-12543
-12939
-12008
-12301
-12370
-12016
-11061
-9587
-8312
-7523
-6262
-4620
-3773
-3073
-2024
-611
288
-36
445
1862
2611
2797
2893
3455
4065
4378
4239
5439
6678
7342
7149
7779
9244
9686
9387
8850
9331
9226
8122
7506
7469
7362
7246
6668
7190
8459
8516
8139
8303
8603
9113
8956
8863
9340
9002
8083
7583
7756
7187
6236
5134
4738
4874
4826
4576
4571
4368
4134
3717
3536
3231
2299
1434
919
732
429
-313
-1161
-1914
-2274
-2601
-2922
-2751
-2626
-2802
-2890
-2257
-2070
-2671
-3170
-3234
-3332
-3633
-4152
-4336
-4345
-4617
-4823
-5268
-5422
-6129
-7029
-7955
-9201
-9881
-11320
-12812
-13995
-14423
-15164
-15639
-15337
-14965
-14502
-14783
-14517
-13697
-12503
-11190
-10166
-9624
-7720
-6035
-5203
-4529
-2861
-876
-242
190
1526
3248
3775
3600
4122
5594
6476
6185
6025
7431
8687
8882
8512
9403
10315
10071
9338
9509
10525
10209
8809
7937
8557
8838
7525
6910
7832
8470
8179
7599
8223
8720
8281
7365
7057
7292
6203
4700
3657
3992
3919
2901
2397
2367
2937
1766
898
1453
1328
832
339
448
503
-318
-1396
-1578
-1394
-1578
-2522
-2853
-2428
-1912
-1905
-2164
-2041
-1727
-1939
-2671
-2617
-2288
-2610
-2876
-2763
-2521
-1980
-1863
-2700
-2674
-2469
-3535
-4788
-5215
-5708
-7336
-8702
-9357
-10248
-12114
-13678
-15292
-15910
-15680
-16553
-16814
-17108
-16479
-15443
-14902
-14303
-12493
-10764
-9484
-8245
-6621
-4621
-3434
-2953
-2283
-674
926
1635
2085
3476
5271
6756
7552
8630
10230
11068
10853
11345
13456
14533
13657
12839
13778
14753
13925
12100
11900
12242
11283
9835
9549
9519
9134
7805
7048
7760
8259
7475
5861
6296
6726
5564
3729
3558
3490
2265
796
281
198
-689
-2023
-2501
-1667
-1541
-2199
-2841
-2126
-1570
-1572
-1441
-807
-333
-733
-1321
-999
-571
-910
-2058
-2431
-1877
-1697
-1895
-1961
-1689
-1890
-1907
-1525
-876
-699
-1137
-853
-578
-691
-1468
-1956
-2423
-3431
-4567
-5110
-5805
-6872
-8271
-9267
-9856
-10389
-11262
-12164
-12872
-13087
-13727
-13950
-13273
-12916
-12814
-13201
-11885
-10625
-9766
-9593
-8266
-6216
-4232
-3318
-2025
687
2684
3360
4507
7397
9669
10238
10247
11698
13289
13271
12341
13163
13983
13935
12980
12874
13275
12980
11525
10863
12082
12498
11107
9358
9935
10056
8297
6635
6523
6572
5278
3155
2807
3776
3073
1305
1141
1739
1412
-122
-513
273
351
-622
-1242
-8
322
-465
-1524
-1314
-381
-1036
-1300
-781
427
689
188
899
1776
1824
930
510
531
597
-36
-753
-529
-828
-1335
-2126
-2246
-2090
-2869
-3886
-4082
-3302
-3831
-4975
-5240
-5159
-5518
-6340
-6600
-6113
-6394
-7229
-7460
-7195
-7181
-8621
-9903
-10530
-10705
-11100
-12117
-12190
-11915
-12036
-12630
-12281
-10754
-10553
-10627
-10281
-8021
-6250
-5638
-4464
-2805
-334
1155
1699
2854
4653
5512
5473
6063
7785
8864
8566
8161
9330
10525
10556
9610
10263
11139
11371
10536
10010
10779
10407
9382
8455
9167
8770
7037
5482
5359
5732
4557
2632
1891
2149
1329
-108
-110
768
679
-374
-553
231
608
347
-205
3
193
-473
-1583
-1542
-881
-1342
-1964
-1629
-518
-314
-592
-388
152
214
-200
-378
-3
-674
-1420
-2047
-2121
-2324
-3430
-4065
-4172
-3879
-4128
-4334
-4229
-3639
-3537
-4018
-4098
-3973
-3970
-4457
-4481
-3920
-3742
-4058
-4478
-4295
-3927
-3939
-3854
-3682
-3528
-3688
-4403
-4593
-4111
-4379
-4669
-5024
-4832
-4956
-5963
-6726
-6751
-6161
-6648
-7021
-6792
-5828
-5334
-5597
-5021
-3024
-1261
-438
84
1342
3074
3935
4051
4589
6286
7168
7150
6882
7886
8785
8448
7556
7540
8314
8533
7565
7512
8505
8328
7701
6713
7203
7098
5968
4367
3606
3904
2538
1240
999
1129
929
-70
-378
770
1271
687
479
796
1042
815
-43
255
387
-547
-1419
-1355
-889
-1244
-2327
-2764
-1954
-1300
-1496
-1759
-955
-793
-823
-1034
-716
-336
-926
-1375
-1558
-1412
-1800
-2665
-3148
-3251
-3208
-3755
-4077
-3611
-3564
-4080
-4037
-3508
-2593
-2179
-2494
-2107
-1202
-539
-534
-520
-467
-217
-556
-1174
-1387
-1720
-2237
-3057
-3204
-3034
-3463
-3767
-4231
-4366
-4548
-5305
-6112
-6771
-5823
-5798
-5759
-5719
-4816
-3753
-3241
-2263
-968
578
1853
2575
3530
5194
6498
6839
6661
8017
9324
9424
7881
7718
8228
7907
6249
6019
6762
6180
5063
4394
5671
5759
4779
3822
4673
5329
4610
2917
2476
3099
1718
184
-574
-303
-970
-2695
-3388
-2614
-2218
-3168
-3361
-2407
-2006
-2282
-2616
-1332
-555
-1409
-1738
-1385
-431
-763
-1828
-2066
-1407
-1596
-2206
-2099
-1158
-1339
-2149
-2207
-1522
-1097
-1833
-2171
-1845
-1602
-2628
-3383
-3308
-3086
-3785
-4016
-3541
-2897
-3068
-3195
-1967
-515
266
247
1134
2210
2849
2381
2289
2869
2956
2283
1508
1900
1822
541
-407
-489
-205
-623
-1365
-1354
-955
-1590
-1995
-2059
-2511
-3409
-4777
-4134
-3786
-4390
-5332
-5015
-3763
-3497
-3805
-3080
-1549
-675
-656
-230
1678
2810
2358
1930
3374
4751
4500
3353
3700
4799
4793
3584
3746
5057
5359
4778
4165
5573
5820
4899
3736
4560
5461
4310
2610
2353
2956
1639
-108
-385
588
-116
-1671
-1926
-427
151
-1051
-1636
-201
692
263
-192
746
1289
599
-486
-332
354
-672
-2585
-3579
-2701
-2782
-3749
-3857
-2703
-2256
-2677
-2909
-1858
-974
-1765
-2277
-1847
-918
-1197
-1650
-1326
-430
-171
-388
172
1542
1861
1735
2356
3549
4605
4312
4041
4925
5336
4877
4182
3806
4256
3542
2804
2580
2278
1844
1063
829
818
538
-332
-1008
-1411
-1639
-2586
-3810
-3949
-4521
-5629
-7204
-7506
-7455
-8464
-9121
-9231
-8105
-7772
-7511
-7037
-5748
-4198
-3244
-2497
-1096
276
679
392
1013
2291
2486
1839
2063
3044
2962
2092
1721
2220
2147
1895
1211
1921
2501
2274
1764
1928
2849
2372
1199
586
939
566
-1016
-2063
-1810
-2002
-2621
-3012
-2746
-2315
-2832
-2508
-1663
-1129
-1005
-1498
-1372
-629
-512
-915
-1118
-1302
-1756
-1920
-1658
-1421
-1065
-841
-899
-459
127
462
470
881
1628
2095
2722
3143
3104
2755
2814
2817
2624
2622
2228
2095
2461
2582
2726
2883
3458
3735
3987
4520
5067
5690
5772
5510
5202
5365
4634
4207
4009
3203
2400
1646
1060
747
123
-611
-1036
-1404
-1325
-1877
-2472
-2995
-3536
-4306
-5214
-5652
-6455
-6551
-7362
-7390
-7948
-7916
-7040
-6745
-6670
-6573
-4886
-4053
-3752
-3581
-2698
-1885
-1877
-1512
-425
868
898
438
1215
1960
2012
1272
928
1936
2647
2313
1698
2948
3618
3545
2916
3324
4053
3811
2656
2486
3966
3574
1891
1127
2118
2341
1907
1351
2183
2927
2287
2193
3364
4486
4101
3118
3821
4179
3984
3346
2898
3659
3204
2098
1769
2143
2304
1427
879
1312
1844
1999
1633
2400
2992
2623
2264
2462
3010
3011
2409
2250
2671
2827
2338
2158
2844
3303
3385
3447
3781
4145
3845
3565
3685
3678
3465
3205
3208
3280
3431
2711
2128
1784
1234
51
-829
-1142
-1745
-2230
-3239
-3668
-3684
-3976
-4352
-4582
-5247
-5834
-6835
-7747
-8513
-10263
-11195
-11962
-12641
-13390
-13434
-12595
-12318
-11686
-10976
-9643
-7947
-7018
-6043
-4106
-2310
-1523
-1386
-1099
25
531
-128
-99
615
980
429
265
1016
1807
1783
1588
2797
4217
4326
3329
3621
4602
4756
4174
3792
4474
4511
3403
2926
3458
3249
2355
1650
2278
2765
2282
1599
1687
2234
2052
1487
1349
2157
2126
1130
610
719
325
-447
-1034
-1149
-1338
-1850
-1792
-1456
-1192
-1043
-1225
-906
-233
301
267
420
549
641
343
5
22
-252
-158
62
316
802
1160
1190
1968
2628
2565
2073
1669
1930
1850
1887
1826
1355
537
338
-237
-954
-1121
-1507
-2199
-2809
-3258
-3202
-3818
-4375
-4787
-5128
-5350
-6060
-6191
-6867
-7690
-8485
-9296
-10649
-11839
-12393
-12693
-12773
-12498
-12117
-11340
-10123
-9204
-8352
-7228
-5737
-3960
-2757
-2105
-851
52
294
776
1913
3067
3043
2654
3491
4556
5111
5060
5484
7039
8066
8045
8473
10001
10371
9698
9087
9522
9730
8813
7350
6692
6967
6095
5081
4885
5691
5301
4039
3759
4784
5105
4387
3986
4319
4810
4118
3261
3278
3105
2043
887
643
738
-4
-1086
-1891
-1097
-718
-1388
-1389
-783
-516
-745
-500
-92
142
-442
-737
96
260
-832
-1360
-1144
-909
-898
-1280
-694
143
-32
-194
143
919
1004
569
605
939
1111
693
603
967
605
-98
-630
-99
-215
-1039
-1970
-1921
-1334
-1932
-2528
-3257
-2793
-2942
-3885
-4448
-4462
-5087
-6398
-6863
-6696
-6671
-7641
-8500
-8615
-8533
-7759
-8063
-7353
-6542
-5931
-5372
-4544
-3442
-2713
-1787
-779
275
1075
1899
2161
2771
3088
3854
4662
4857
4936
5137
6120
7555
7673
7512
7855
7994
8251
7837
8186
8271
8057
7346
6809
7233
7107
6266
5547
5839
5335
4141
3234
3296
2957
2352
1736
2230
2326
2009
1478
1466
1591
1203
828
546
742
122
-678
-707
-490
-1617
-2872
-3450
-3129
-3407
-4393
-4845
-4852
-4540
-4982
-5504
-5394
-4524
-4430
-4533
-3841
-3074
-2987
-3387
-3120
-2587
-2245
-2440
-1946
-1099
-871
-1060
-1076
-744
-299
-372
-240
370
856
1233
1462
1713
2022
2114
2170
1981
2104
1812
1415
1370
823
642
61
-200
-259
-486
-955
-1288
-1491
-1564
-1387
-1740
-2195
-2435
-2796
-3425
-4076
-5611
-6870
-7709
-8402
-8422
-8960
-8611
-8448
-7773
-6723
-6122
-5285
-4104
-2743
-1407
-355
438
1728
2659
2778
3305
4207
4665
4902
5170
6083
6666
6834
6465
6816
7284
7361
7039
6948
7915
8071
7518
7347
8010
7677
6523
5932
5785
5402
3847
2324
1867
1237
-11
-1232
-1700
-1504
-1925
-3347
-3746
-3288
-3969
-4577
-4852
-4201
-4300
-5082
-5428
-5413
-4992
-5446
-5987
-5781
-5049
-5545
-5829
-5374
-4448
-4353
-4415
-4044
-3036
-2091
-1866
-1094
-80
676
743
1206
2229
2985
2724
2785
3024
3306
3573
3227
3694
4105
4249
4525
4923
5608
5749
5601
5728
6568
7239
7222
6863
7068
7062
6305
5912
5308
5084
4425
3696
3373
3201
3045
2532
2223
2176
2047
2014
1798
1335
770
-274
-951
-1430
-1886
-3343
-4628
-5106
-5748
-5453
-6052
-6167
-6277
-5663
-4622
-3700
-2920
-1884
-323
593
1586
2001
2925
3521
3365
3206
3727
4437
3868
3293
3744
4504
4690
4000
4384
5507
6041
5820
5980
6919
6958
6187
5211
4918
4624
3193
1671
838
95
-1639
-3346
-3518
-3553
-4308
-5802
-5960
-5318
-5383
-6274
-6493
-6138
-5793
-5900
-6262
-5709
-5971
-7099
-7424
-6334
-5744
-6271
-6799
-6232
-5487
-5377
-4970
-3791
-2731
-2195
-1702
-1014
546
979
866
1269
1689
2106
1851
2044
2727
3238
3269
3720
4389
4949
5256
5177
5800
6775
7380
6811
6851
7236
6922
6621
6151
5935
5448
4849
4559
4241
3950
2998
2447
2281
2283
1917
1578
1588
903
845
454
397
389
-305
-786
-1385
-1973
-2555
-3695
-4518
-5099
-6176
-7193
-7946
-8092
-8415
-9121
-9851
-9024
-8662
-8727
-8804
-8128
-6699
-6060
-5715
-5094
-3798
-2575
-2462
-2366
-1143
-272
-209
-502
533
1633
1829
1249
1686
3288
3478
2849
2598
3728
3987
3009
2341
2674
2829
1753
733
741
1079
-327
-1595
-1709
-1536
-2118
-3702
-4012
-3695
-3635
-4523
-4629
-3485
-2981
-3302
-3058
-1726
-1101
-802
-709
-348
238
-54
-345
-241
524
957
1184
1681
2675
3088
2971
3381
3861
4306
4047
4300
4345
4249
4417
4329
4535
4648
4502
3919
3727
3809
3096
2697
2787
3230
3592
3752
4216
4589
4757
4494
4831
5280
5202
5112
5041
5039
4333
3981
3628
2953
2616
2483
2430
2095
2126
1923
1552
1398
1430
1161
644
812
582
22
-765
-953
-975
-1588
-2348
-3080
-3347
-3867
-4795
-5863
-6305
-6947
-7748
-8412
-9101
-9465
-9785
-9425
-9589
-9935
-9908
-9650
-9053
-8695
-8634
-8383
-7292
-6194
-6132
-5798
-5116
-3904
-3303
-3039
-1801
-616
-38
343
1039
2412
3033
2897
3406
3894
4077
3366
2887
3985
4838
4504
3796
3425
3695
3110
2057
2394
3093
2783
2044
2547
3185
2882
1933
1611
2410
2238
1639
1487
2064
1952
1352
1516
1959
2348
1631
1263
1696
2073
2229
2046
2384
2738
3048
2808
3111
3433
3139
3095
3320
3707
3412
2286
2033
2312
2324
1947
2039
2039
2303
2378
2372
2624
2635
2504
2160
2289
2339
2316
2040
1905
2142
1570
1180
1142
979
649
398
583
751
511
439
338
438
-35
-753
-1112
-1250
-1280
-1719
-1850
-1966
-2331
-2865
-3728
-3958
-4106
-4803
-5229
-5379
-5512
-6066
-6761
-7058
-7013
-7324
-8239
-8551
-8482
-8795
-9759
-9879
-10149
-10406
-10042
-9809
-9014
-8588
-7768
-6886
-5849
-4809
-4002
-2253
-468
727
1579
2844
3647
4117
4052
3938
3927
4109
4107
4070
4616
5166
4865
4736
5031
4938
4579
3899
3563
3233
2844
2538
2731
2720
1823
844
372
1
-767
-1611
-2208
-2206
-2226
-2752
-2514
-1673
-1306
-1172
-882
-417
541
1115
1495
2287
2440
2390
2216
2291
2655
2303
1899
1724
2333
2532
2420
2148
2439
2591
2217
2527
2555
2692
2202
1932
2193
1959
1101
507
74
-79
-219
-774
-580
-300
147
326
356
1042
1313
1101
1162
1889
2691
2793
2411
2400
2834
2701
2586
2555
2246
1639
1653
1724
1982
1815
1641
1876
1387
879
152
127
-16
-967
-1277
-1663
-1631
-1908
-2584
-2913
-3198
-2665
-2709
-3142
-2917
-2555
-2827
-2481
-2037
-2000
-2130
-2623
-2873
-2670
-2984
-3634
-4170
-4869
-4376
-4323
-4300
-4366
-4080
-3774
-3540
-3001
-2284
-1560
-1331
-1031
-730
31
48
-766
-1248
-1206
-1095
-1787
-2820
-2758
-2523
-2651
-2621
-1966
-1549
-1614
-1867
-1439
-392
94
-16
76
822
878
-19
-328
93
363
-148
-255
720
1543
1396
1138
1579
2585
3091
2971
3013
3187
3186
2796
2462
2228
1717
398
-411
-399
-616
-1487
-1933
-1261
-803
-971
-1152
-649
-405
-515
-811
-274
-13
-681
-1618
-2044
-1909
-1846
-2356
-2357
-2079
-2092
-1694
-737
454
1047
1521
2576
3375
3370
3321
3597
3760
4084
4201
4280
4582
4592
4254
4070
3987
3912
3511
2768
2433
2185
1815
1519
1049
618
17
-703
-1162
-1196
-1338
-1991
-2622
-2659
-2681
-2329
-2067
-2116
-2613
-2867
-2774
-2638
-2388
-2167
-1974
-2310
-2098
-1976
-2191
-2065
-2870
-3391
-3973
-4785
-5860
-6424
-7083
-7295
-7285
-7519
-7683
-7612
-7356
-7421
-6586
-5779
-5051
-4559
-4081
-3703
-2628
-1642
-1342
-960
-251
291
570
546
946
1536
1875
2147
2418
3317
3924
4027
4373
5563
5907
5868
5842
5959
6193
5925
5374
5160
4686
3965
3314
3137
3021
2283
1393
1327
1870
1615
984
1201
1743
1413
655
859
1462
1585
1110
896
1275
1229
793
246
200
327
419
200
578
580
504
929
1571
2051
2227
1780
2093
3005
3277
2784
2534
2652
2288
1636
1458
1764
1365
869
933
1418
1689
1557
1295
1487
2166
2169
2237
2306
1881
1213
873
1080
1124
1177
927
846
881
792
742
487
717
934
1098
1223
1291
915
455
283
-176
-347
-718
-1453
-2282
-2937
-3455
-3599
-3466
-3655
-3846
-3607
-3308
-2933
-2817
-3078
-3397
-3671
-3992
-4001
-3742
-4382
-5076
-5563
-5699
-5694
-6342
-7135
-7381
-7722
-7598
-7401
-7553
-7628
-7323
-6266
-5009
-4062
-3541
-2853
-1656
-1019
-868
-73
345
675
539
779
1479
1661
1478
1539
2295
3036
3020
3048
3807
4344
3787
3447
3903
4143
3858
2977
3054
3449
3010
2038
1197
680
-27
-882
-1252
-585
-448
-982
-1302
-830
-170
-489
-778
-471
-385
-586
-267
154
308
-306
-743
-737
-626
-453
-569
-292
123
380
245
314
625
545
220
3
369
501
-65
-250
220
336
399
370
390
878
845
1078
1126
1611
2082
1813
2081
2896
3719
3755
3859
4158
4377
4517
4347
4673
4749
4574
4230
4099
4090
3581
2837
2209
2124
1871
1394
1125
1334
1148
787
549
278
97
-532
-1113
-1269
-1265
-1253
-1438
-1746
-1469
-1369
-1382
-1499
-1375
-1568
-1890
-1768
-1202
-1022
-1506
-1260
-1118
-1123
-1661
-2057
-1812
-1504
-1647
-2150
-2409
-2486
-2706
-3144
-3276
-3605
-4137
-4555
-4830
-5122
-5539
-5583
-5743
-5921
-6104
-5816
-4842
-4134
-3986
-3731
-2989
-2421
-2375
-2361
-1738
-1356
-1374
-1548
-972
-1
244
408
1073
2215
2749
2802
3217
3988
4629
4648
4789
5238
5621
5091
4866
5143
5094
4578
3859
3489
3572
3629
3188
3417
3488
3440
3227
3397
3691
3513
3365
3084
2956
2902
2797
2526
2412
2270
1912
1649
1261
939
658
530
451
406
320
93
56
229
491
644
207
-115
-321
169
925
1272
1655
1536
1241
1127
1309
1807
1929
2025
2559
3288
3733
3974
4169
4543
4288
4315
4805
4744
4221
3660
3026
2282
1723
1415
993
329
-357
-880
-1136
-1825
-2110
-2355
-2379
-2080
-2211
-2817
-3268
-3520
-3854
-3988
-4208
-4049
-4048
-4196
-4142
-3923
-3766
-3672
-3348
-3186
-2992
-2402
-2226
-2025
-1793
-1605
-1535
-1269
-586
-619
-1035
-1236
-1041
-743
-743
-1344
-1691
-1279
-1423
-2278
-2575
-2328
-2226
-2748
-3341
-3205
-3249
-3570
-4294
-4622
-4543
-4754
-4903
-5166
-4845
-4405
-4266
-3991
-3141
-2098
-1082
-667
-156
745
1003
874
801
1190
1494
1307
1301
1568
1650
1731
1684
1992
2211
2043
1977
1782
2651
2697
2506
2863
3189
3329
2800
2944
3206
2968
2163
1740
1991
2294
2075
1644
2176
2546
2266
2343
2628
3123
3063
3309
4051
4668
4280
3622
3578
3595
3431
2875
2509
2009
1417
678
499
738
328
-121
-393
-36
-294
-688
-887
-842
-692
-845
-1231
-1283
-1418
-1407
-1414
-1626
-1106
-996
-1182
-1189
-840
-465
-253
-24
251
278
133
348
913
1576
1810
1880
2376
2682
2892
2877
2871
2976
3276
3553
3856
3942
3793
3698
3567
3516
3352
3259
3188
3275
3415
3619
3388
3139
2926
3082
2954
2591
2423
2456
2421
2101
2239
1945
1654
1227
682
-163
-402
-1025
-1796
-2533
-3308
-3654
-4090
-4494
-5275
-5227
-5489
-6057
-6275
-6113
-6116
-6195
-6529
-6773
-6669
-7204
-7657
-7357
-6819
-6758
-6296
-5809
-5713
-5086
-4413
-3597
-2694
-2036
-1220
-236
1032
1785
2226
2751
2902
3222
2970
2689
3003
2762
2590
2512
2470
2435
2252
2179
2271
2153
2378
2355
2528
2300
1843
1570
1176
863
114
-132
-160
-52
-340
-822
-978
-923
-699
-524
-147
475
951
1095
1395
1428
1437
1441
1180
983
738
212
226
-5
-91
102
174
298
586
899
1018
1147
1051
1140
1298
959
902
716
480
12
-530
-1030
-1113
-920
-838
-678
-544
-21
393
725
1092
1698
2181
2413
2742
3034
3334
3316
2854
2728
2550
2102
1275
686
399
70
-249
-621
-665
-822
-1400
-1859
-1945
-2394
-3147
-3680
-3790
-3637
-3465
-3820
-3749
-3600
-3685
-3970
-4223
-3548
-3517
-3325
-3218
-2439
-1975
-1989
-1916
-1834
-1738
-1776
-2173
-2355
-2294
-2318
-2456
-2478
-2230
-2530
-3121
-3645
-3551
-3589
-4100
-3985
-3622
-3773
-3821
-4029
-3593
-3205
-3450
-3992
-4120
-3957
-4011
-3894
-3973
-3985
-4339
-4824
-4252
-4078
-3994
-3804
-3540
-2735
-2068
-1366
-862
-209
509
568
699
1177
1484
1564
1684
2187
2735
2669
2689
3004
3339
3351
3264
3369
3061
2922
2316
2156
2614
3157
3222
3040
3430
3557
3371
2778
2453
2576
2309
2037
2215
2228
2280
2300
2523
2494
2578
2155
2014
2064
1923
1847
1501
1625
1410
1229
573
650
942
461
-37
-369
-314
-633
-543
-635
-489
-685
-1063
-1158
-1197
-1210
-1690
-2089
-2587
-2574
-2504
-2554
-2423
-2474
-2165
-1800
-1361
-942
-675
-720
-618
-408
60
215
316
413
885
1066
1261
1239
937
967
861
1106
1323
1992
1992
2460
2710
2776
2696
2789
2749
3170
3067
2864
2955
2867
2952
2308
2407
2343
2211
1461
1383
1725
2514
2597
2243
2437
2348
1553
896
428
199
245
-581
-673
-633
-990
-1252
-1515
-2007
-2465
-2747
-2843
-2790
-2677
-2640
-2296
-1832
-1940
-1919
-2235
-2394
-2532
-2802
-3148
-3508
-3967
-4599
-4771
-4620
-4498
-4948
-4990
-4710
-4359
-3756
-3120
-2780
-2269
-1706
-1373
-644
-130
-134
-55
30
-293
-53
-94
-428
-387
-231
288
402
543
866
811
747
834
729
631
145
-111
125
116
-266
-308
-497
-928
-1290
-1577
-1605
-1667
-1663
-1883
-1716
-1169
-954
-1068
-948
-818
-820
-842
-619
-459
-586
-768
-708
-777
-1065
-1266
-1430
-1499
-1626
-1572
-1446
-1464
-1212
-1376
-1519
-1365
-1089
-1035
-1532
-1748
-1892
-2025
-1857
-1794
-1323
-1384
-1273
-1133
-986
-703
-402
48
374
941
1380
1689
2075
2294
2123
1946
1685
1253
910
1162
1234
1529
1458
1078
703
776
1003
1459
1386
1154
613
550
870
814
782
398
257
237
712
382
167
-83
-421
-301
-676
-642
-161
211
359
768
1240
1581
1172
754
327
-217
-682
-1060
-897
-1007
-970
-1220
-1154
-940
-1333
-1647
-1872
-1817
-2063
-2029
-1854
-1739
-1718
-1724
-1698
-1930
-1949
-2154
-2495
-2202
-2095
-2269
-2359
-2208
-2293
-2390
-1909
-1519
-1387
-1115
-714
-418
91
591
973
771
493
214
-4
191
683
1083
1310
1842
1973
1880
2105
2140
2095
1868
1569
1788
2357
2629
2577
2889
3106
2939
2370
1912
2008
1986
1820
1625
2041
2377
2705
3008
2820
2731
2893
3059
2858
2571
2257
1979
1751
1591
1612
1294
1165
1080
871
1071
1087
951
1025
708
342
226
62
-35
-94
-276
-746
-640
-437
-716
-1063
-1426
-1692
-1804
-1770
-1675
-1247
-952
-861
-470
-89
116
254
401
569
409
684
937
1074
1591
1799
1829
1734
1383
1225
1089
701
980
1077
1002
1274
1811
2077
2207
2220
2145
1821
1620
1476
1330
1479
1251
1025
1013
1276
1722
1978
1946
2130
2198
2241
2356
2164
1855
1436
1136
1051
955
425
127
-223
-329
-454
-856
-1534
-1821
-1979
-2224
-2436
-2810
-3016
-3135
-2911
-3401
-3485
-3748
-4281
-4747
-4852
-4694
-5036
-4877
-5219
-5061
-4687
-4525
-4159
-4197
-4059
-3854
-3794
-3740
-3193
-3288
-3412
-3367
-3545
-3570
-3599
-3396
-2853
-2437
-2499
-2146
-1716
-1147
-677
-381
93
641
1114
1260
2034
2375
2429
2431
2570
2649
3087
3362
3429
3712
3389
3369
3329
3427
3359
3297
3413
3862
4026
4117
3935
3995
4375
4360
4306
4561
4253
3603
3285
3349
3218
3286
3286
3308
3482
3062
2903
2894
2792
2183
2016
1808
1848
1793
1335
1015
886
988
887
683
530
792
821
820
1050
1520
1362
1069
1398
1886
2194
2285
2603
2920
3126
2963
2701
2888
2909
2740
2664
2683
2963
2964
2833
2867
3084
3469
3580
3220
3310
3256
3040
3097
3074
2840
3096
3137
2946
2661
2131
1769
1379
882
299
-222
-195
-238
-519
-667
-678
-649
-518
-856
-724
-694
-1042
-1391
-1572
-1595
-1841
-1773
-2157
-2242
-2191
-1928
-1874
-1911
-1745
-1866
-1787
-1667
-1559
-1693
-1829
-1901
-1813
-1624
-1621
-1824
-1991
-2022
-2162
-2509
-2821
-2847
-2857
-2928
-2916
-2824
-3037
-3560
-3505
-3761
-3822
-3781
-3622
-3427
-3488
-3540
-3557
-3088
-2766
-2383
-1744
-1277
-781
-714
-628
-18
459
975
1398
1629
1817
1962
1928
2201
2492
2598
2758
2633
2135
2366
2629
2579
2782
2674
2690
2430
2315
2202
1791
1550
1213
885
924
874
698
484
255
104
-368
-410
-756
-884
-1087
-1267
-1132
-662
-307
-429
-627
-838
-840
-1229
-1275
-1462
-1922
-1914
-1598
-1185
-939
-966
-912
-711
-237
-63
-287
-410
-853
-1004
-1122
-905
-569
-719
-558
-295
-36
380
442
363
336
581
821
1189
1518
1941
2038
1864
2171
2544
2639
2702
2959
3413
3483
3317
3040
2940
3037
3073
3095
3037
2861
2941
3130
3271
3462
3249
2829
2417
2377
2639
2499
2150
1815
1358
898
778
790
574
598
460
253
-111
-542
-923
-1137
-1335
-1657
-2299
-2204
-2047
-2102
-2303
-2678
-2735
-2424
-2165
-2021
-2046
-2089
-1839
-1663
-1464
-1913
-1744
-1817
-1889
-1929
-2045
-2032
-2354
-2128
-2061
-2328
-2680
-2711
-3053
-2866
-2998
-3206
-3402
-2998
-2727
-2579
-2052
-1925
-1296
-1148
-1226
-1128
-1043
-868
-622
-493
21
193
468
768
987
1595
1756
1894
1974
1892
1984
1701
1950
2226
2271
2231
2268
1807
1376
1334
945
907
1023
1052
1031
1258
1435
1663
1353
1277
1229
889
1191
1350
1570
1287
1467
1307
936
821
714
750
570
606
635
903
890
1007
1087
1171
1039
1482
1602
1327
1538
1023
1286
1420
1464
1598
1236
1051
491
139
298
163
149
233
825
1504
2189
2124
2199
2164
1683
1874
1984
1785
1819
1776
1658
1782
1809
1819
1833
1414
1177
1003
923
1244
1371
1343
1295
1310
1240
982
658
237
215
-52
-1002
-949
-968
-1158
-1565
-2296
-2382
-2790
-3236
-3312
-3600
-3863
-4007
-4225
-4036
-3952
-4010
-4034
-4161
-4050
-4774
-5222
-5393
-5580
-5638
-5384
-4829
-4340
-4095
-4287
-4103
-4170
-4049
-4513
-4513
-4535
-4592
-4461
-4697
-4346
-4032
-4280
-4385
-4266
-4031
-3926
-4018
-3929
-3562
-2893
-2808
-3059
-3196
-3105
-2922
-2683
-2792
-2764
-2677
-2689
-2559
-2532
-2201
-1526
-907
-698
-505
-327
-222
59
-194
-397
-463
-35
81
548
860
1009
1276
934
622
404
173
-200
-371
-43
387
653
352
578
891
1039
1186
1198
1273
806
732
481
657
939
271
127
520
1015
1286
1170
1113
686
806
1029
1267
1249
918
625
505
957
1067
932
602
466
245
336
152
-82
212
537
711
977
1467
1435
1424
1384
1511
1910
2357
2122
2335
2567
2617
2635
2391
2659
2363
2504
2606
2913
2948
2838
2624
2587
2727
2833
2846
2522
2456
2193
1961
1804
1437
638
437
464
-3
-86
-98
-465
-439
-566
-1074
-1596
-1689
-1915
-2071
-2063
-2117
-2041
-2195
-2194
-2273
-2544
-3116
-3607
-3795
-3768
-3620
-3613
-3664
-3601
-3322
-3167
-3506
-3815
-3698
-4043
-4404
-4478
-4629
-4027
-3938
-4542
-4342
-4201
-4348
-5048
-5412
-5162
-5006
-4947
-4671
-4195
-4508
-4349
-4245
-4320
-4300
-4616
-4940
-5148
-5122
-5348
-5154
-4667
-4323
-3519
-3519
-3311
-2698
-1923
-1315
-785
-745
-394
-317
91
765
824
1118
1273
1469
1753
1753
1697
1511
1408
1337
1322
1748
2235
2384
2567
2549
2663
2534
2573
2829
2610
2409
2191
2223
2466
2265
2261
2777
2862
2328
2462
2651
2680
2591
2908
3366
3657
3616
3508
3342
2878
2560
1908
1940
1863
1802
1669
1504
1394
912
778
310
-38
127
9
-76
112
408
637
857
450
107
59
36
-149
475
840
612
755
273
204
135
-43
-97
140
400
463
838
1151
1176
524
421
503
553
308
-81
-224
-208
56
112
267
-215
-131
-411
-595
-1060
-1454
-1517
-1528
-1478
-2023
-2106
-2584
-2977
-3297
-3300
-3537
-3559
-3596
-4119
-4013
-4166
-4168
-4149
-4410
-4365
-4233
-4441
-4069
-3622
-3534
-3685
-3643
-3533
-3641
-3973
-4558
-4479
-4566
-4574
-4205
-4134
-4016
-3786
-3658
-3409
-3479
-3597
-3458
-3543
-3303
-2844
-2262
-1995
-1743
-1601
-1751
-1514
-1421
-1058
-805
-786
-752
-874
-793
-694
-851
-767
-632
-505
-317
-338
-422
-379
-289
-356
-570
-940
-1250
-1069
-759
-699
-386
-239
92
3
-188
-14
107
153
316
915
1116
988
1045
1521
1851
2092
1944
2164
2259
2086
2221
2350
2376
2575
2921
2986
2969
2757
2900
3153
3341
3718
4017
3877
3849
4103
4059
3758
3944
3829
3818
3905
4122
4368
4585
5102
5054
4681
4878
4766
4779
5007
5040
4969
4712
4533
4588
4736
4481
4362
4502
4303
4306
3889
3363
3266
3347
3376
2694
2413
2371
2135
1844
1450
1008
943
581
219
342
312
184
87
-44
-319
-914
-1323
-1711
-1838
-2131
-2532
-2726
-3483
-3957
-4194
-4146
-4428
-4689
-4771
-5411
-5732
-5860
-5796
-5652
-5675
-5198
-4853
-4521
-4335
-4515
-4863
-5105
-5194
-5296
-5402
-5327
-5527
-5445
-4971
-4684
-4331
-3992
-3361
-3017
-3184
-3009
-3111
-3223
-3056
-2554
-2158
-1562
-1038
-1078
-703
-583
-138
517
941
1180
1050
1850
2174
2009
2037
1541
1734
1784
2411
2172
2067
1566
1483
2158
2140
2352
2340
1897
2395
2654
3138
2841
2704
2905
2988
3082
3187
3280
3181
3191
3170
3264
2991
2543
2222
2172
2133
2220
1866
1817
1891
1876
1944
1783
1504
1291
1257
1210
1382
1232
820
600
327
270
-53
-427
-551
-147
244
-121
76
-224
-204
-397
-128
-66
-103
99
116
-40
-279
179
-92
-306
-159
122
292
423
595
737
1146
1267
1492
1394
1287
1413
1601
1380
1596
1888
2159
2084
2304
2397
2329
1809
1551
1335
1260
1634
1254
897
1150
1830
2100
2084
1872
1700
1529
1680
1972
1917
2043
1856
1919
1924
1635
1175
1027
1037
1382
1154
784
801
835
923
1022
1267
947
690
589
325
57
133
-4
-356
-582
-585
-1060
-1802
-1987
-2084
-2015
-1808
-1721
-1669
-1492
-1371
-1544
-1635
-1886
-1868
-2011
-2154
-2113
-1701
-1499
-1233
-942
-913
-1299
-1603
-1352
-1737
-1873
-1413
-953
-617
-327
-200
12
122
-173
-336
-343
-306
98
252
501
1035
1235
1657
1563
1208
1238
1257
1834
