256
278
94
82
39
84
180
111
84
-15
-75
-83
-58
55
276
337
211
167
216
143
269
178
124
86
-110
-53
-56
-13
-34
113
80
-114
-107
-26
-93
-59
-66
-184
-87
-136
-140
-190
-111
-188
-195
-258
-402
-393
-354
-199
-110
-116
-160
-128
-137
-108
-126
-320
-277
-247
-172
39
-74
-295
-422
-321
-265
-424
-495
-361
-137
-93
27
-115
-57
-19
-43
22
-25
101
-10
-2
-170
-365
-415
-183
-101
-222
-448
-441
-253
-340
-355
-375
-444
-531
-452
-492
-639
-483
-632
-706
-574
-491
-494
-498
-637
-728
-823
-834
-769
-789
-786
-863
-726
-709
-624
-636
-844
-776
-875
-841
-808
-749
-670
-687
-604
-683
-651
-724
-800
-752
-818
-831
-581
-434
-452
-604
-826
-802
-807
-651
-690
-756
-703
-589
-341
-345
-351
-298
-250
-272
-108
-31
-189
-90
82
66
-96
-93
-7
-132
-285
-170
-264
-263
-117
-197
-176
-233
-275
-319
-404
-540
-455
-452
-281
-235
-323
-225
-258
-210
-85
171
88
226
346
433
611
473
469
508
429
423
565
592
757
801
786
918
633
797
729
590
704
667
748
520
418
420
410
229
175
166
92
132
249
167
6
31
129
114
-187
-198
-355
-356
-347
-485
-421
-225
-296
-356
-335
-444
-603
-594
-539
-593
-479
-489
-336
-204
-169
-194
-193
-150
-18
23
10
-72
-140
51
-16
85
105
131
134
147
58
136
159
40
101
36
-6
-128
-108
-247
-289
-228
-170
-247
-308
-400
-403
-445
-359
-450
-645
-647
-506
-322
-312
-316
-293
-345
-428
-299
-61
-183
-192
21
-65
-85
-17
78
164
174
74
-43
82
142
335
209
275
504
247
134
110
-91
-193
-96
-180
-246
-191
-161
-196
-235
-361
-371
-319
-210
-29
12
-31
-12
86
73
-57
-150
-123
-62
39
60
-81
-47
-103
-55
-134
-217
-215
-115
22
-95
-23
24
144
389
406
351
307
419
413
253
247
412
514
492
384
367
419
414
394
546
433
359
349
545
672
428
353
372
282
148
305
295
288
269
379
401
557
666
483
381
276
299
126
175
106
41
47
-34
-279
-444
-509
-569
-585
-720
-830
-806
-691
-813
-900
-929
-864
-1013
-994
-1016
-817
-851
-964
-857
-970
-942
-1214
-1090
-1236
-1306
-1112
-1262
-1255
-1057
-1021
-1165
-1004
-1001
-973
-884
-782
-758
-676
-421
-281
-229
-251
-214
-206
-368
-208
-223
-228
-23
-56
-12
68
104
-19
-35
46
15
19
-33
44
138
143
-19
-53
-68
-156
10
96
-76
-221
-158
-95
-182
-239
-343
-388
-187
-232
-185
-218
-211
-232
-103
-69
-140
-202
-255
-363
-253
-333
-293
-372
-565
-457
-441
-367
-415
-204
-445
-532
-509
-634
-699
-596
-475
-773
-826
-879
-786
-643
-639
-745
-818
-778
-789
-880
-881
-762
-523
-310
-271
-234
-308
-263
-193
-107
-157
-173
-139
-221
-132
-6
-11
127
-91
0
-42
-67
53
93
199
169
294
86
237
211
343
331
238
236
288
403
404
430
327
202
198
212
237
435
458
319
297
196
177
244
220
70
300
289
240
258
283
363
389
306
140
178
180
386
380
436
521
635
667
663
850
744
686
835
794
782
795
654
711
692
893
1044
956
943
861
1044
1098
1006
973
884
833
959
832
806
932
862
874
954
851
819
1042
1106
1182
1188
1160
1064
887
913
822
858
802
763
760
715
603
478
562
720
627
314
365
158
46
-68
-148
-252
-314
-334
-295
-332
-386
-268
-411
-382
-313
-404
-369
-423
-552
-540
-541
-444
-500
-451
-596
-604
-422
-514
-371
-284
-163
-101
-179
52
56
124
142
86
10
95
46
75
165
100
44
-124
-71
-208
-180
-347
-458
-354
-409
-312
-357
-363
-221
-221
-454
-532
-463
-426
-509
-649
-527
-377
-183
-46
-277
-357
-368
-202
-232
-157
-26
17
90
178
144
-11
93
110
294
298
243
160
248
247
222
260
281
273
339
340
339
227
55
-11
-30
-18
-134
-40
-140
-174
-171
-287
-415
-334
-394
-354
-319
-431
-473
-501
-664
-411
-234
-335
-363
-249
-214
-164
-134
-192
-116
-285
-239
-325
-318
-393
-445
-200
-193
-45
-162
-83
33
55
77
6
59
-49
-30
-204
-320
-268
-181
-168
-166
-10
-210
-30
106
13
40
28
58
141
276
101
-27
-35
-128
-139
-130
-165
-277
-143
170
82
109
36
34
41
143
182
93
88
111
59
151
82
8
127
185
247
192
144
62
259
312
311
434
575
679
616
481
255
264
311
308
287
154
163
68
231
230
304
326
331
651
484
556
476
460
393
300
309
329
212
171
194
107
215
188
288
280
331
496
492
395
365
502
404
367
320
221
303
300
186
244
376
413
362
511
485
558
655
745
828
904
1003
886
980
1001
951
949
781
803
846
840
890
799
848
869
796
703
719
728
686
745
657
620
641
539
621
645
597
528
351
428
465
219
197
175
206
231
287
438
408
399
410
468
427
605
558
504
483
451
395
391
483
584
533
285
257
389
523
631
724
630
602
552
535
537
522
514
341
286
194
239
367
377
552
408
423
370
452
419
231
266
119
13
-164
-235
-254
-167
-266
-296
-362
-391
-419
-337
-354
-516
-653
-709
-627
-636
-749
-685
-507
-658
-821
-938
-805
-695
-696
-827
-728
-654
-499
-656
-677
-485
-498
-410
-431
-372
-375
-352
-241
-221
-181
-81
-195
-88
-256
-2
147
-45
-164
-142
-2
-173
-158
-182
-27
77
196
151
19
249
140
143
115
-68
-16
-41
-134
-106
-242
-368
-365
-249
-380
-471
-344
-451
-446
-501
-468
-557
-562
-386
-320
-111
-242
-342
-109
-25
-136
-149
-192
-97
-113
-91
-37
-289
-338
-243
-267
-327
-519
-581
-463
-223
-93
-273
-222
-129
-1
-8
-95
-41
-118
-114
-137
-77
-113
-248
-358
-316
-208
-181
20
110
241
365
480
446
501
475
391
447
385
330
357
357
429
588
432
215
212
213
333
230
302
247
196
260
118
259
111
236
263
122
122
-211
-64
-37
-79
7
-143
-45
60
35
-205
-351
-323
-195
-269
-301
-320
-364
-482
-326
-331
-409
-590
-618
-431
-272
-209
-263
-182
-122
-155
-244
-144
-203
-21
-122
-174
-133
-195
-118
-88
25
141
-49
-253
-116
-135
-264
-250
-97
-171
-202
-90
-92
-85
-81
55
148
139
105
-19
116
293
239
141
-44
19
87
144
157
129
5
183
405
43
24
7
-13
65
82
53
-55
125
-78
-115
-60
-88
-92
-153
-86
-74
88
69
6
45
9
-35
-46
-50
-156
-278
-344
-492
-447
-476
-193
-100
34
55
39
171
190
50
224
426
324
487
522
506
639
720
799
935
819
845
902
999
941
1082
1076
1065
1124
950
795
777
926
921
1043
1117
1024
987
920
919
960
892
778
660
694
704
623
422
198
217
272
-32
-47
-100
-173
-310
-240
-252
-239
-246
-355
-252
-355
-263
-497
-411
-459
-454
-245
-365
-274
-145
-278
-112
-114
-125
-208
-215
-325
-259
-46
-151
-181
-246
-380
-332
-352
-358
-260
-322
-230
-210
-163
-145
-68
-180
-21
60
6
119
44
29
-14
17
-212
-225
-204
-350
-145
-185
-260
-143
-111
-181
-208
-243
-278
-143
-130
-173
-239
-116
-117
-103
102
-60
-226
-309
-116
-147
-111
-30
-161
-187
-211
-281
-322
-326
-607
-658
-677
-827
-653
-503
-300
-275
-293
-429
-567
-462
-532
-489
-511
-600
-606
-744
-724
-563
-487
-708
-1029
-981
-892
-703
-663
-720
-779
-778
-669
-820
-802
-771
-683
-726
-696
-736
-860
-669
-438
-377
-435
-640
-737
-723
-473
-262
-179
-363
-349
-285
-388
-353
-191
-82
68
89
83
-127
-222
-41
62
92
-4
31
157
482
625
700
679
876
761
690
742
713
929
866
822
759
739
571
528
450
451
389
192
166
222
526
494
464
504
568
493
479
325
278
246
341
531
582
622
519
619
687
806
652
629
797
894
990
1055
1011
944
997
955
975
924
934
1087
944
811
894
885
939
930
877
830
672
605
556
450
384
245
326
405
281
175
95
29
-178
-280
-291
-351
-379
-341
-442
-302
-279
-359
-412
-277
-220
-183
-234
-274
-202
-138
-199
-266
-280
-205
-256
-241
-95
-121
-101
-276
-76
-97
124
156
-102
-70
-17
25
161
114
2
107
64
85
41
-54
12
116
78
36
-56
67
195
160
144
61
-136
-308
-238
-220
-397
-374
-363
-448
-415
-419
-380
-502
-542
-410
-324
-282
-297
-261
-202
-123
-19
-82
95
266
206
111
60
141
202
263
195
78
184
132
118
266
362
414
447
426
607
630
635
758
650
633
742
737
715
816
741
657
621
547
508
501
460
473
375
348
332
329
158
92
58
211
164
54
-8
-88
-18
-34
-121
-188
-130
-99
-253
-372
-329
-353
-334
-505
-544
-620
-667
-632
-686
-734
-809
-799
-714
-683
-630
-524
-503
-367
-267
-282
-227
-237
-284
-314
-140
-307
-304
-309
-506
-408
-473
-403
-505
-488
-372
-363
-351
-396
-283
-271
-289
-198
-100
-3
-68
-135
23
92
156
20
-90
-19
54
120
69
90
76
-18
61
131
80
55
152
242
274
219
191
141
98
199
140
509
403
787
1339
1757
1976
1506
847
116
-782
-1099
-889
-248
822
1290
611
-777
-2099
-2927
-2842
-2477
-1900
-1420
-1089
-627
-498
-623
-860
-745
-375
-696
-483
-146
471
732
840
314
55
-516
-341
32
69
14
114
124
-128
515
282
706
-41
-528
-1515
-1685
-1487
-636
-67
337
177
-196
-663
-1017
-703
51
970
953
1085
467
515
103
320
529
600
610
240
52
-464
-60
123
429
364
296
288
157
131
85
-119
-373
-309
-152
258
620
485
213
-90
-247
-250
-276
-177
-191
199
398
306
8
-5
127
82
-182
-410
-75
347
598
885
568
386
-143
-309
-491
-396
0
375
972
1140
1151
684
41
-542
-768
-780
-480
96
740
1292
1088
83
-610
-1367
-1248
-806
-279
382
822
926
632
25
-624
-1073
-749
-504
-26
21
-72
-85
-327
-466
-695
-861
-1140
-1169
-1086
-746
-434
-504
-671
-1088
-1035
-858
-882
-704
-807
-904
-1040
-989
-1179
-887
-846
-793
-1106
-1369
-1509
-1630
-1759
-1745
-1742
-1951
-1631
-1527
-1214
-1134
-1119
-1203
-1071
-1020
-980
-880
-737
-330
95
454
641
704
810
870
1162
1027
988
1078
1389
1559
1706
1842
1614
1760
1689
1595
1337
1242
1488
1682
1920
2087
2022
1833
1682
1579
1341
1027
1059
1053
1161
1309
1234
1075
921
725
517
371
462
707
985
1092
1235
1348
1315
1326
1220
1363
1288
1254
1288
1443
1546
1346
1321
1155
979
634
275
2
-103
-291
-368
-598
-744
-764
-1296
-1501
-1857
-1825
-2064
-2376
-2641
-2629
-2684
-2622
-2957
-3081
-3073
-3556
-3882
-4306
-4395
-4596
-4950
-4879
-5097
-5105
-5327
-5489
-4585
-3569
-2241
-2049
-1972
-2456
-2253
-2470
-1303
-23
2257
4258
5087
4376
3474
2986
3883
5211
5503
5513
4655
4307
4189
4486
4396
3868
2641
1148
47
-606
-1045
-668
-963
-1163
-2048
-3142
-3920
-3821
-3529
-3143
-3500
-3891
-3676
-2748
-1403
-48
142
64
-190
-484
6
621
1416
2266
2879
3261
3704
3989
4296
4504
4181
3629
2938
2811
3365
3881
4223
4319
3632
2761
2294
1795
1594
1335
1012
560
397
64
132
70
-97
-461
-1154
-1728
-2004
-1851
-1304
-892
-603
-388
-314
-64
157
592
644
791
1080
1291
1852
2535
3171
3831
3963
3901
3682
3397
3490
3539
3637
3569
3340
2937
2652
2373
1892
1313
617
-181
-935
-1486
-1811
-1790
-2225
-2491
-2908
-3702
-4265
-4901
-5177
-5513
-5584
-6082
-6430
-6629
-7050
-7026
-6763
-5357
-4516
-3540
-3438
-3507
-3656
-3723
-3018
-1242
1104
3113
4182
4004
3597
3761
4414
5065
5274
4512
3788
3052
3294
3496
3750
3308
2190
711
-789
-1908
-2675
-3184
-3529
-4399
-5023
-5817
-6092
-5813
-5698
-5755
-6354
-6731
-6467
-5449
-3880
-2536
-1532
-1013
-671
-163
395
1226
2061
2653
2847
3100
3799
4894
5894
6435
6361
5773
5069
4876
4974
5328
5094
4612
4159
3749
3563
3261
2773
2093
1040
35
-939
-1159
-1358
-1106
-1136
-1756
-2390
-3150
-3268
-3138
-2874
-3010
-2976
-2660
-2155
-1458
-410
285
347
394
522
715
1264
1940
2531
2949
3152
3035
3206
3434
3692
3790
3640
3483
3243
3034
2717
2348
1941
1354
788
87
-586
-1276
-2050
-2599
-3099
-3652
-4191
-4510
-4991
-5403
-5851
-6298
-6929
-7513
-7769
-7856
-7806
-6641
-5421
-4055
-3505
-3491
-3494
-3569
-3207
-2639
-988
1252
3646
4443
4380
4279
4599
5967
6620
6234
5284
4228
3976
3790
3757
3403
3015
1635
155
-937
-1636
-1889
-2983
-4275
-5455
-6378
-6540
-6524
-6077
-5769
-5804
-6194
-6418
-5759
-4618
-3175
-2083
-1234
-625
87
1120
2463
3657
4260
4604
4650
5060
5749
6755
7827
8075
7924
7579
7185
7347
8012
7976
7374
6637
5892
5499
5032
4879
4414
3658
2783
1834
875
364
-130
-818
-1307
-2056
-2603
-3016
-3283
-3054
-3003
-2986
-2597
-2235
-1639
-1185
-583
-50
290
602
729
999
1324
1935
2537
3199
3761
3959
4094
3909
3993
4014
3874
3556
3046
2673
2555
2115
1525
1042
444
-283
-883
-1543
-2177
-3091
-3743
-4479
-4986
-5376
-5731
-6171
-6618
-7091
-7696
-8224
-8671
-9104
-8356
-6975
-5845
-4276
-4400
-3449
-3487
-2760
-2551
-1341
453
2761
4267
4179
4777
5177
6332
7271
6692
6190
5171
4551
4033
3480
3382
3009
2107
441
-464
-1489
-2281
-2960
-4442
-5794
-7130
-8090
-8379
-8472
-8180
-8371
-8658
-8980
-8189
-7345
-6028
-5065
-4545
-3657
-2698
-1856
-837
188
967
1383
1701
2509
3519
4362
5170
5627
5784
5714
5571
5418
5635
5743
5519
5093
4838
4320
4278
4018
3208
2639
1695
893
638
198
-341
-1091
-1613
-1848
-2219
-2589
-2781
-3073
-3082
-2790
-2585
-2295
-2039
-1619
-1107
-516
101
857
1373
1696
1974
2307
2769
3304
3931
4415
4577
4665
4779
4865
4925
4889
4516
3963
3364
3038
2855
2520
1775
787
30
-506
-981
-1643
-2146
-3003
-3736
-4584
-5063
-5440
-5309
-5717
-6333
-7076
-7444
-7790
-7718
-8478
-7734
-6559
-6040
-4627
-5071
-3837
-3884
-2888
-3139
-1723
-334
2128
3497
3512
3982
4618
5667
6968
6461
6270
5217
5005
4095
3880
3244
2783
2110
435
55
-959
-1160
-1939
-3193
-4463
-5696
-6508
-6964
-7163
-7040
-7577
-7551
-8004
-6858
-6143
-4775
-3750
-3011
-2290
-1432
-828
225
899
1403
1327
1640
2341
3388
4247
5071
5604
5759
5875
5894
5780
5791
5802
5408
4708
4363
4126
3943
3910
3453
2934
2480
2034
1652
914
33
-870
-1681
-2079
-2299
-2305
-2394
-2331
-2459
-2373
-2100
-1863
-1486
-1236
-887
-241
314
1018
1433
1958
2379
3017
3652
4189
4936
5440
5906
6064
6085
6024
5634
5407
5140
4843
4711
4764
4598
4202
3418
2683
1449
640
-284
-893
-1533
-2059
-2612
-3252
-3706
-4202
-4701
-5613
-6138
-6795
-6935
-7560
-7422
-8319
-6930
-6948
-5394
-5137
-4600
-3757
-3441
-2896
-3047
-1549
-320
1998
1855
2083
2709
3937
5709
6166
5948
5773
4606
4580
3123
3101
2262
2148
661
-325
-670
-1103
-1483
-2495
-3531
-4469
-5635
-6132
-6812
-6983
-7012
-7367
-7900
-7913
-6862
-5718
-4348
-3606
-2799
-1843
-959
-307
558
919
1280
1307
1821
2506
3700
4511
5235
5887
6631
7070
7558
7506
7624
6742
6097
5238
4444
4272
4025
3755
3557
3260
2929
2614
2093
1180
254
-877
-1640
-2195
-2907
-3081
-3280
-3092
-2724
-2328
-1866
-1312
-932
-901
-747
-311
-24
238
391
937
1500
2332
3212
3748
4323
4859
5129
5403
5539
5702
5377
5120
4826
4608
4401
3959
3602
3186
2782
2246
1692
994
60
-734
-1741
-2469
-3351
-4101
-4495
-5112
-5510
-6174
-6197
-6538
-6904
-7499
-7434
-8159
-7337
-7078
-6486
-5461
-5155
-3910
-3861
-2856
-2915
-1029
-173
1900
2417
2464
3049
3857
5313
6049
5672
5870
5084
5060
4405
4031
3340
2690
1496
7
-18
-692
-1074
-2339
-3570
-4363
-4915
-5488
-5982
-6654
-6468
-6979
-7272
-7397
-6275
-5383
-4410
-3653
-2999
-2159
-1015
-366
594
1206
1990
2210
2308
2788
3471
4351
4671
5353
5948
6640
7226
7352
7461
7375
6831
6172
5248
4988
4549
4041
3655
3029
2663
2320
1975
1359
863
277
-676
-1604
-2512
-3031
-3288
-3392
-3248
-2978
-2483
-1905
-1524
-1241
-793
-125
177
490
522
928
1237
1570
2314
2836
3719
4307
4855
5362
5567
5582
5393
5206
4935
4713
4620
4310
4063
3724
3388
2747
2118
1365
674
299
-337
-693
-1393
-2144
-2716
-3540
-4413
-4862
-5556
-5635
-6132
-6437
-7101
-7170
-7940
-7533
-6735
-6426
-5089
-5501
-4335
-4192
-3123
-3214
-1982
-1005
1157
1787
1676
2425
3587
4909
5883
5514
5575
5203
4892
4282
3906
3414
2569
1843
358
174
-518
-975
-1989
-2789
-3480
-3818
-4947
-5547
-6042
-6277
-6806
-7397
-7872
-7006
-6297
-5891
-5448
-4975
-3925
-2783
-2120
-1308
-562
-338
-297
76
721
1610
2469
2657
3325
4075
4719
5351
5845
6308
6563
5977
5398
5148
5357
5215
4890
4162
3836
3313
2716
2399
2032
1538
1043
192
-526
-927
-1298
-1464
-1918
-1946
-2003
-1808
-1617
-1502
-1284
-1032
-652
-289
7
577
726
1233
1711
2408
2946
3546
4151
4631
4861
5106
5477
5999
6181
6496
6359
6182
5958
5751
5563
5343
4722
4059
3228
2600
2016
1284
474
-374
-998
-1801
-2385
-2921
-3124
-3920
-4486
-5097
-5758
-6431
-6966
-7533
-7999
-6978
-7063
-5856
-6122
-5156
-4495
-3783
-3535
-3064
-1943
-1109
317
84
1085
1803
2865
3763
3743
3698
3882
3207
2930
1812
1747
866
513
-1127
-1599
-2212
-2566
-3033
-3612
-4096
-4432
-5179
-5598
-5966
-6178
-6512
-6804
-6884
-6457
-5875
-5828
-5469
-4935
-4031
-3178
-2684
-2070
-1137
-633
116
510
1483
2229
2957
3198
3534
3837
4217
4610
4960
5398
5796
5536
5620
5380
5660
5523
4836
4164
3693
3141
2641
2349
1550
1307
919
369
-39
-163
-248
-154
-325
-226
-148
-237
-126
-134
-182
-340
-203
-61
220
644
1123
1834
2632
3232
3753
4061
4248
4433
4412
4642
4997
5175
5345
5483
5459
5567
5618
5391
5268
4838
4259
3632
2729
2109
1249
309
-321
-1004
-1747
-2057
-2649
-3289
-3817
-4377
-5146
-5753
-6266
-6384
-6943
-7358
-7721
-7867
-7064
-7335
-6071
-6114
-5116
-4856
-4206
-3647
-2911
-1624
-927
160
63
971
1619
2571
2964
3215
3112
3190
2918
2672
2020
1822
1077
526
-537
-826
-1391
-1716
-2291
-2938
-3292
-3948
-4536
-5015
-5182
-5166
-5237
-5674
-5836
-5541
-5203
-4890
-4419
-4153
-3566
-3280
-2726
-1859
-864
-24
649
1384
2213
2779
2950
3338
3758
4134
4072
3956
4168
4487
4515
4436
4485
4728
4991
4943
4466
3984
3498
2778
2046
1181
359
-480
-874
-1129
-1035
-742
-996
-1070
-867
-855
-873
-1063
-1199
-1312
-1400
-1449
-1385
-1081
-589
-21
572
1491
2284
3002
3642
4069
4279
4366
4383
4631
4884
5086
5024
5053
5127
5394
5501
5345
5272
4745
4352
3526
3076
2541
1646
839
-57
-697
-1361
-1834
-2606
-3007
-3466
-4104
-4701
-4953
-5049
-5257
-5857
-6552
-6871
-6802
-6385
-6431
-5284
-5341
-4605
-4360
-3718
-3206
-2130
-1304
-263
615
864
1659
2223
2986
3286
3081
3061
2873
2451
2286
1826
1801
1190
903
-90
-505
-1188
-1535
-2335
-2903
-3586
-4078
-4624
-4823
-4831
-4983
-4986
-5500
-5545
-5324
-5080
-5203
-5092
-4797
-4151
-3199
-2356
-1475
-232
726
1606
1992
2562
3090
3231
3499
3663
3830
3918
4031
4258
4495
4431
4454
4315
4571
4563
4466
4114
3815
3542
3024
2292
1522
1051
457
113
-231
-597
-730
-1057
-913
-898
-864
-896
-888
-867
-1117
-1254
-1515
-1514
-1409
-1260
-715
-176
523
1444
1853
2281
2645
3121
3338
3493
3815
4134
4452
4938
5162
5074
5009
4997
4610
4332
3957
3539
3132
2863
2269
1822
989
394
-395
-1248
-2040
-3020
-3622
-4370
-4397
-4723
-4676
-4512
-4722
-5083
-5554
-5693
-6134
-5990
-6100
-6047
-5486
-5575
-4533
-4352
-3558
-3618
-2635
-1981
-633
-279
-2
510
1127
1699
1719
1628
1471
1413
841
544
112
80
-354
-870
-1541
-1401
-2015
-2305
-3116
-3490
-3937
-4169
-4604
-4893
-5022
-5025
-5272
-5527
-5468
-5247
-4940
-4842
-4413
-3966
-3473
-2815
-2081
-1119
-284
465
1130
1649
2513
2884
2906
2633
2586
2581
2423
2536
2641
2915
3338
3531
4024
4120
4010
3661
3273
3131
2645
1960
1185
1075
1043
669
235
-58
-114
-83
-24
-38
-195
-41
108
204
96
78
50
-52
-20
250
579
745
1106
1512
2216
2841
3432
4213
4475
4967
5216
5657
5838
5806
5742
5458
5277
5063
4764
4662
4341
3993
3517
2967
2803
2337
1643
878
-13
-832
-1786
-2652
-3256
-3914
-4493
-5049
-5275
-5108
-5251
-5417
-5590
-5849
-5895
-6536
-6082
-6425
-5831
-6316
-6107
-5786
-5184
-4605
-4363
-3119
-2198
-764
-715
-143
209
762
1077
983
753
1035
775
763
483
809
834
644
12
-387
-588
-944
-1263
-1623
-1976
-2171
-2522
-2976
-2869
-2966
-2951
-3298
-3482
-3384
-3102
-2872
-2725
-2304
-1737
-1149
-572
-50
650
1402
1953
2278
2661
3012
3180
3254
3000
3114
3014
2705
2980
3179
3391
3379
3735
4018
4287
4197
3832
3591
3193
2640
1934
1538
1260
1010
547
365
364
450
266
190
158
214
167
214
104
156
173
77
-94
-53
61
145
449
555
1002
1593
2144
2646
3111
3381
4064
4477
4769
4863
4632
4388
4096
3757
3638
3168
2776
2537
2434
2254
1927
1480
1000
423
-279
-923
-1674
-2434
-3043
-3688
-4332
-4843
-5061
-5015
-5239
-5085
-5598
-5913
-6415
-6465
-5962
-6114
-5951
-6611
-5917
-5924
-5611
-5355
-4670
-3625
-2622
-2076
-1901
-906
-229
505
603
388
120
165
-165
-284
-362
-348
-256
-366
-806
-735
-630
-906
-1587
-2113
-2395
-2708
-2844
-2901
-2764
-2619
-2788
-2981
-2956
-2670
-2397
-2343
-2141
-1873
-1271
-642
227
1201
2001
2501
2797
3207
3673
4053
4086
3843
3587
3502
3440
3460
3581
3612
3560
3423
3573
3996
4074
4193
4144
3930
3571
3177
2615
2162
1826
1213
523
227
281
392
345
389
386
458
671
520
805
760
601
402
267
234
129
117
400
940
1370
1722
2231
2725
3265
3617
4221
4441
4483
4626
4666
4484
4270
4168
3899
3618
3165
2653
2205
1842
1738
1691
1378
1062
718
350
-420
-1285
-2211
-3055
-3593
-3884
-4341
-4423
-4435
-4396
-4701
-4967
-5439
-5449
-5216
-5571
-5290
-5685
-5317
-5325
-5103
-5229
-4456
-3764
-2737
-1863
-1606
-752
-288
365
501
886
939
941
768
429
498
795
412
-58
-682
-859
-1188
-1531
-1861
-2139
-2248
-2306
-2409
-3017
-2978
-3149
-3284
-3471
-3698
-3683
-3598
-3507
-2953
-2456
-1887
-1213
-614
197
820
1385
1675
2135
2559
3103
3230
3308
3256
3358
3548
3387
3543
3695
3956
4044
4410
4807
4808
4906
4690
4416
4216
3840
3351
2999
2797
2722
2574
2159
2241
2183
2089
1936
1981
2080
1905
1792
1845
2034
1792
1567
1482
1555
1431
1441
1606
2238
2783
3109
3489
3809
4462
4701
5010
5096
5224
5233
4943
4784
4464
4393
3974
3379
2961
2456
2254
1841
1485
1099
587
-5
-540
-1149
-1359
-1846
-2615
-3221
-3786
-4447
-4829
-5049
-5443
-5507
-5988
-5960
-6426
-6018
-6165
-5942
-5881
-6102
-5964
-6242
-5868
-5964
-4816
-4285
-2901
-2562
-1960
-1335
-533
178
185
358
263
456
355
112
-16
118
226
-54
-475
-641
-1131
-1064
-1583
-1872
-2207
-2488
-2766
-2588
-2520
-2895
-3182
-3669
-3753
-3606
-3239
-3171
-2702
-2178
-1337
-655
8
595
1105
1610
1878
2145
2453
2756
3019
2949
3136
3405
3522
3843
4050
4224
4043
4162
4506
4895
4890
4688
4339
4073
3904
3328
2884
2182
1655
1170
802
725
918
935
741
876
818
765
763
657
668
623
594
357
271
252
476
687
657
1104
1525
2008
2261
2708
3221
3639
3945
4179
4386
4524
4671
4465
4391
4255
4109
3479
2925
2602
2224
1865
1501
962
394
218
-52
-599
-1019
-1757
-2458
-3002
-3396
-3978
-4378
-4785
-5028
-5649
-6076
-6292
-6380
-5887
-6056
-5830
-6224
-5788
-5645
-5114
-5024
-4391
-3825
-2944
-2133
-1814
-870
-326
548
956
1512
1696
1531
1404
1212
905
667
199
-408
-1044
-861
-1140
-1418
-1882
-2205
-2308
-2412
-2555
-2955
-3121
-3090
-3158
-3906
-4082
-4076
-3791
-3546
-3265
-2956
-2452
-1638
-764
168
946
1560
1770
2070
2591
3038
3251
3185
3329
3400
3189
3343
3629
3880
4024
3872
3919
4008
4119
4216
3809
3638
3286
2603
2034
1587
1016
577
136
-259
-478
-575
-611
-659
-699
-662
-490
-443
-518
-294
-322
-53
80
-165
18
312
636
1121
1682
2175
2731
3237
3651
4069
4289
4509
4807
5033
5184
5190
4984
4935
4703
4354
3805
3225
2584
2181
1854
1218
538
-221
-663
-979
-1495
-2095
-2677
-3264
-3828
-4546
-5104
-5503
-5574
-5446
-5938
-5738
-6335
-6276
-5907
-5749
-5186
-5404
-5134
-5084
-4489
-4037
-3371
-2928
-2343
-1926
-1448
-736
-141
740
1501
2025
2309
2653
2532
2321
2039
1765
1437
479
-402
-600
-966
-1236
-1673
-1965
-2218
-2361
-2468
-2670
-2541
-2752
-3205
-3818
-3911
-3874
-3717
-3665
-3360
-2928
-2392
-1658
-905
-84
361
812
1091
1556
2225
2569
2805
3010
3156
3394
3361
3477
3604
3602
3403
3194
3364
3482
3660
3217
3185
2939
2590
2098
1480
1039
473
169
-190
-303
-573
-467
-632
-680
-613
-586
-579
-291
-169
-360
-324
-163
101
298
413
465
855
1247
1889
2447
2830
3455
3793
4158
4519
4844
5184
5114
5019
5043
4972
4795
4352
4153
3588
3064
2408
1884
1517
1033
644
-59
-308
-547
-766
-1098
-1519
-2109
-2825
-3547
-3724
-3986
-4136
-4597
-4872
-4871
-5205
-5238
-5339
-5068
-4641
-4671
-4465
-4230
-3724
-3410
-3217
-2690
-1955
-1240
-888
-388
182
956
1228
1392
1707
1976
2123
1926
1492
1458
1152
424
-52
-638
-1048
-1482
-2106
-2381
-2377
-2333
-2629
-2798
-2771
-2683
-2963
-3304
-3430
-3539
-3286
-3141
-2694
-2384
-1862
-1096
-216
435
1220
1806
2364
2947
3224
3571
3759
3927
3995
4142
3865
3723
3717
3772
3674
3591
3375
3334
3449
3106
2834
2592
2377
1972
1527
962
528
-275
-690
-1181
-1528
-1621
-1859
-1861
-1883
-1493
-1160
-953
-807
-556
-412
-336
-264
-128
-7
234
679
1123
1612
2047
2416
2878
3333
3793
4186
4675
4885
4934
4956
5083
4951
4749
4155
3552
2911
2345
1959
1369
898
238
-352
-1130
-1282
-1787
-2265
-2794
-3178
-3597
-4212
-4480
-4647
-4862
-5139
-5464
-5713
-5464
-5873
-5792
-5774
-5558
-5390
-5155
-4687
-4190
-3560
-3134
-2799
-2180
-1220
-559
-238
31
697
1376
1708
1895
2186
2364
2286
1967
1563
1241
852
187
-455
-941
-1256
-1792
-2078
-2266
-2303
-2506
-2795
-2776
-2630
-2691
-2757
-2960
-3084
-3091
-3022
-2810
-2595
-2070
-1678
-1170
-243
721
1319
1891
2492
3089
3710
4123
4256
4465
4448
4240
4108
4136
4221
3918
3596
3591
3560
3478
3356
3152
3205
2943
2609
2283
1749
1401
1102
620
172
-203
-299
-437
-375
-242
-267
-225
-145
-26
191
304
547
747
1077
1304
1409
1749
1853
2175
2372
2974
3296
3601
3860
4063
4600
4943
4998
4831
4858
4714
4458
3976
3292
2902
2613
1966
1137
670
237
-157
-596
-816
-1229
-1809
-2310
-2790
-3125
-3583
-4131
-4720
-4894
-5070
-5275
-5628
-5521
-5594
-5762
-5884
-5650
-5291
-5038
-4750
-4530
-4035
-3716
-3187
-2551
-1940
-1212
-1086
-930
-491
-177
336
678
1153
1373
1616
1612
1510
1190
739
297
-241
-762
-1013
-1479
-1938
-2217
-2429
-2707
-3024
-3007
-3052
-2795
-3003
-2976
-2883
-2568
-2392
-2057
-1809
-1576
-1398
-970
-481
62
733
1160
1952
2452
3004
3464
3826
3946
3891
3672
3519
3528
3456
3424
2962
2644
2534
2492
2350
2447
2449
2226
2134
1886
1707
1285
832
128
-331
-710
-770
-682
-722
-463
-251
48
286
479
598
676
1065
1470
1844
2003
2116
2222
2302
2434
2759
2721
2860
3191
3557
4078
4453
4993
5255
5595
5546
5258
5014
4738
4239
3858
3366
2779
2184
1565
1259
985
415
-122
-541
-630
-770
-1347
-1877
-2155
-2482
-2843
-3160
-3701
-3856
-4226
-4623
-4686
-4917
-5134
-5476
-5387
-4861
-4521
-4327
-4243
-3806
-3188
-3018
-2647
-2290
-1829
-1495
-1192
-786
-397
91
204
512
723
820
792
556
391
214
-91
-571
-1274
-1620
-1975
-2330
-2582
-2858
-2937
-3202
-3029
-2911
-2891
-2763
-2882
-3002
-2901
-2722
-2675
-2555
-2199
-1874
-1596
-969
-398
287
1018
1794
2303
2751
2989
3258
3430
3334
3325
2981
2902
2683
2661
2347
2315
2247
2061
2292
2218
2288
2111
2118
1895
1790
1431
728
173
25
-200
-528
-659
-689
-653
-461
-129
261
664
809
1091
1352
1653
1778
1954
2028
2160
2135
2210
2264
2420
2611
2685
2794
3031
3617
3873
4106
4358
4264
4155
3978
3701
3444
3012
2529
2219
1630
1322
1191
847
467
171
-79
-500
-782
-1290
-1435
-1760
-1954
-2332
-2641
-2797
-2943
-3421
-3508
-3691
-3808
-4317
-4483
-4466
-4622
-4377
-4296
-3814
-3593
-3158
-3024
-2611
-2261
-1851
-1754
-1341
-688
-137
103
376
896
1152
1144
1129
855
590
467
194
-47
-312
-544
-817
-1136
-1414
-1431
-1647
-1823
-1934
-2043
-1915
-1970
-1887
-1951
-1894
-1842
-1665
-1678
-1717
-1622
-1413
-792
-439
-61
549
1297
1751
2203
2632
3148
3361
3326
3242
3208
3386
3040
2819
2677
2508
2595
2781
2813
2717
2623
2525
2629
2710
2629
2266
1977
1736
1627
1498
1298
1053
1015
885
919
1081
1304
1652
1586
1785
2003
2066
2389
2644
2621
2707
2652
2577
2790
2936
3088
3071
2944
3129
3405
3561
3563
3603
3591
3526
3574
3436
3308
2842
2292
1882
1393
960
546
51
-510
-752
-755
-945
-1410
-1609
-1909
-2132
-2701
-3156
-3262
-3501
-3682
-4151
-4404
-4417
-4620
-4920
-5244
-5256
-5169
-5116
-4862
-4651
-4444
-4081
-3831
-3493
-2980
-2552
-2071
-1746
-1390
-1083
-729
-409
-188
-15
207
328
500
496
283
114
57
-96
-492
-892
-1103
-1266
-1390
-1744
-1906
-2107
-2264
-2390
-2517
-2253
-2104
-1819
-1746
-1749
-1690
-1562
-1540
-1326
-961
-797
-652
-258
183
657
1189
1864
2401
2699
2833
2680
2683
2469
2392
1979
1851
1681
1591
1666
1878
1911
1955
2018
1944
2208
2163
1965
1710
1510
1308
1268
979
721
587
514
561
583
645
926
1286
1576
1802
1884
1882
2185
2198
2235
2497
2474
2565
2503
2441
2466
2630
2805
3105
3404
3430
3546
3529
3614
3554
3368
2997
2687
2337
1844
1617
1322
1149
572
-41
-440
-719
-968
-1382
-1831
-2104
-2438
-2855
-3147
-3555
-4035
-4465
-4767
-4918
-5149
-5439
-5684
-5882
-6292
-6190
-5930
-5677
-5367
-5199
-4686
-4301
-3781
-3264
-2639
-2108
-1397
-753
-91
413
662
802
848
1132
1387
1337
829
424
148
197
211
16
-610
-1154
-1523
-1676
-1724
-1971
-2307
-2612
-2836
-2777
-2569
-2433
-2461
-2926
-2955
-2558
-2183
-2033
-1942
-1630
-1043
-516
139
856
1281
1713
2100
2819
3242
3360
3282
3113
3406
3352
3094
2810
2710
2565
2240
2235
2122
2077
2023
1990
2183
2253
2090
1872
1512
1298
1072
759
543
401
349
267
384
826
1008
1215
1254
1597
2022
2363
2376
2500
2715
2761
2882
2856
3046
3112
3065
3029
3288
3605
3693
3810
3838
3942
3929
3604
3313
3172
3012
2562
2216
1910
1618
1362
894
534
22
-376
-701
-1232
-1654
-2049
-2501
-2911
-3248
-3392
-3458
-3805
-4147
-4218
-4381
-4354
-4604
-4859
-4922
-5211
-4973
-4990
-4733
-4762
-4518
-4140
-3785
-3381
-3343
-3027
-2630
-1902
-1658
-1147
-815
-544
-430
-462
-256
-211
-312
-528
-806
-1052
-1231
-1375
-1617
-1818
-2209
-2422
-2424
-2565
-2631
-2769
-2890
-2874
-2773
-2450
-2394
-2399
-2363
-2331
-1978
-1797
-1524
-1220
-1124
-876
-503
-14
564
853
1060
1344
1829
2054
2244
2385
2400
2327
2128
2081
1969
1749
1360
1164
1130
1283
1365
1259
1373
1517
1625
1473
1394
1476
1336
1247
1246
1284
1317
1422
1467
1454
1560
1557
1997
2032
2266
2325
2570
2942
3126
3181
3291
3268
3456
3699
3427
3534
3575
3766
3961
3956
4020
4112
3992
3833
3684
3515
3121
2711
2127
1660
1207
698
217
-431
-928
-1484
-1919
-2192
-2712
-3185
-3790
-4321
-4592
-4708
-4865
-5297
-5546
-5584
-5714
-6086
-6166
-5648
-5438
-4958
-5179
-4587
-4280
-3601
-3161
-2717
-1876
-965
-285
213
933
980
999
911
1544
1666
1516
778
146
106
-100
-188
-766
-1401
-1683
-2013
-1916
-2003
-2309
-2815
-3397
-3544
-3268
-2812
-2936
-3405
-3703
-3477
-2715
-2020
-1691
-1457
-1285
-444
353
1028
1511
1781
2163
2581
2877
3394
3417
3228
3149
3067
3247
2933
2506
2120
1711
1599
1527
1438
1270
1176
1001
892
788
721
443
-202
-468
-597
-582
-814
-743
-781
-683
-628
-538
-285
-169
223
602
872
995
1211
1430
1817
2291
2416
2583
2573
2632
2770
2924
2707
2510
2563
2604
2900
2947
3114
3148
3325
3332
3042
2604
2390
2182
1844
1439
879
445
5
-450
-760
-1096
-1310
-1612
-1737
-1660
-1801
-1837
-1984
-1971
-2045
-2164
-2310
-2425
-2299
-2443
-2733
-2820
-3077
-3047
-3126
-3447
-3621
-3728
-3710
-3572
-3544
-3516
-3490
-3184
-3142
-3109
-2970
-3097
-3183
-2891
-2685
-2322
-2097
-1965
-1989
-1669
-1511
-1260
-1004
-1042
-1217
-1389
-1310
-1063
-997
-1180
-1276
-1184
-859
-786
-592
-600
-660
-619
-319
39
211
168
37
104
409
631
619
394
402
430
884
1264
1465
1706
1737
1982
2136
2515
2588
2364
1899
1535
1625
1650
1194
657
442
295
232
381
212
166
396
410
548
628
810
871
943
761
718
938
879
780
930
875
972
1179
1060
964
936
1083
1538
1782
2146
2319
2373
2403
2587
2628
2631
2570
2444
2462
2597
2713
2550
2405
2147
2018
1850
1436
1102
612
433
-104
-518
-973
-1180
-1343
-1852
-2358
-2915
-3173
-3437
-3806
-4353
-4460
-4715
-4685
-4966
-5223
-5072
-5385
-5339
-5495
-5636
-5923
-5907
-5360
-4767
-4559
-4681
-4448
-4297
-3812
-3601
-3437
-2907
-2278
-1435
-645
-165
-32
-69
-233
80
615
620
20
-651
-839
-733
-401
-720
-1381
-1873
-2064
-1774
-1395
-1213
-1521
-1743
-1513
-747
-219
-321
-427
-609
-457
69
394
382
276
367
1006
1870
2240
2419
2795
3077
3625
3885
4159
4040
3742
3347
3057
2933
2501
1938
1343
964
943
862
820
589
678
933
1042
1332
1225
1054
1048
1194
1385
1470
1231
1137
1121
1229
1253
1315
1328
1246
1556
2058
2543
2678
2795
3192
3587
3852
3767
3635
3637
3659
3517
3229
3012
3365
3414
3235
3072
2898
2764
2599
2511
2035
1705
1120
954
876
596
214
-298
-639
-1040
-1524
-1901
-2055
-2110
-2345
-2581
-2351
-2144
-2080
-2089
-2102
-2175
-2010
-1901
-2156
-2412
-2419
-2497
-2524
-2577
-2924
-3110
-3333
-3310
-3485
-3863
-4188
-4450
-4528
-4520
-4551
-4662
-4605
-4675
-4709
-4897
-5099
-5053
-4773
-4561
-4269
-3836
-3418
-3155
-2824
-2449
-2401
-2114
-1887
-1629
-1318
-1494
-1685
-1372
-1220
-841
-752
-845
-543
-403
-347
-202
-36
16
71
232
316
306
592
706
773
713
808
1013
1079
1138
1021
1023
1136
1356
1541
1509
1562
1482
1325
1426
1681
1760
1690
1504
1487
1607
1902
2138
2266
2386
2616
2839
3056
3136
3194
3190
3236
3462
3533
3371
3383
3563
3449
3513
3334
3220
3327
3083
2924
2961
2680
2465
2418
2529
2620
2473
2453
2489
2538
2189
1840
1628
1393
1379
1105
730
510
378
432
411
217
-239
-465
-488
-535
-552
-704
-1023
-1193
-1219
-1371
-1625
-1830
-2154
-2408
-2641
-2730
-2762
-2521
-2356
-2316
-2359
-2393
-2482
-2424
-2656
-2625
-2526
-2866
-3056
-3451
-3826
-3940
-3989
-3997
-4047
-4005
-3954
-3623
-3427
-3332
-3315
-3022
-2578
-2155
-1732
-1491
-1416
-1175
-897
-798
-727
-657
-335
-25
91
265
296
406
671
638
749
598
759
873
876
763
694
639
772
677
531
460
291
150
141
167
25
73
159
342
376
323
206
54
-14
33
-87
-251
-156
6
91
223
648
956
1287
1460
1450
1874
2202
2570
2679
2552
3106
3728
3966
4001
4053
4040
4161
4141
4072
3951
3932
4029
4157
4097
4083
3865
3591
3548
3544
3375
3035
2939
2806
2860
2790
2814
2595
2387
2132
1952
1898
1766
1397
954
617
667
541
332
269
-5
-65
-235
-393
-588
-762
-979
-1125
-1166
-1313
-1390
-1314
-1413
-1412
-1294
-1367
-1414
-1392
-1425
-1270
-1500
-1579
-1513
-1378
-1317
-1571
-1867
-2066
-1935
-1930
-2229
-2567
-2760
-2738
-2766
-2668
-2939
-3289
-3274
-3099
-2994
-2988
-3155
-3199
-2830
-2423
-2163
-1768
-1339
-1203
-1005
-724
-555
-193
-130
-224
-217
-160
-14
-69
-187
-520
-527
-713
-713
-802
-949
-976
-913
-803
-823
-1164
-1296
-1319
-1286
-1498
-1947
-2163
-2240
-2281
-2279
-2510
-2640
-2708
-2710
-2465
-2128
-2127
-2194
-1937
-1517
-968
-719
-489
-140
227
542
710
989
1186
1505
1781
1945
2228
2472
2636
2841
2855
2713
2804
2905
2857
2607
2701
2663
2773
2762
2615
2734
2503
2323
2245
2254
2197
2230
2268
2217
2081
1975
1977
1867
1602
1434
1428
1515
1597
1462
1116
1024
1274
1176
939
722
470
523
749
668
475
32
-236
-136
-347
-747
-885
-1042
-1134
-1285
-1496
-1617
-1693
-1670
-1812
-1967
-2117
-2152
-2213
-2324
-2431
-2660
-2673
-2811
-2777
-2848
-2874
-2707
-2740
-2540
-2666
-2770
-2924
-2797
-2660
-2407
-2590
-2426
-2182
-2175
-1840
-1951
-1950
-1452
-1069
-824
-537
-460
-191
48
281
376
397
396
418
282
436
482
442
424
373
499
456
514
619
585
387
159
120
224
256
9
-117
-12
-166
-152
-374
-432
-350
-337
-187
-63
29
128
376
623
693
873
1297
1582
1823
1961
2102
2166
2554
2799
2952
2964
3082
3252
3276
3475
3353
3097
3139
3152
3173
2954
2896
2789
2676
2490
2307
2084
1878
1766
1328
962
661
529
295
229
-7
-398
-403
-437
-473
-534
-636
-759
-782
-833
-824
-755
-812
-626
-358
-431
-589
-621
-643
-511
-579
-433
-524
-542
-462
-613
-738
-656
-406
-472
-577
-802
-789
-736
-740
-972
-1331
-1500
-1768
-2034
-2104
-2328
-2363
-2284
-2057
-2144
-2343
-2312
-2426
-2377
-2490
-2664
-2528
-2489
-2350
-2399
-2321
-2081
-1690
-1355
-1468
-1459
-1220
-858
-635
-474
-454
-227
41
281
198
-58
-181
-230
-106
-51
-148
-83
-216
-70
218
336
209
30
-222
-577
-569
-666
-797
-930
-1156
-1422
-1481
-1445
-1399
-1537
-1500
-1464
-1232
-737
-562
-338
29
294
594
810
1145
1180
1301
1317
1448
1802
1880
2009
2064
2378
2508
2508
2608
2868
3090
3115
3011
2853
2753
2703
2657
2260
2093
1905
1540
1352
1056
743
634
598
255
100
75
123
113
-76
-192
-250
-315
-386
-495
-782
-907
-1033
-999
-1079
-1299
-1280
-1212
-1261
-1345
-1186
-1195
-1160
-1344
-1354
-1454
-1668
-1769
-1956
-1903
-1963
-2005
-2160
-2147
-2236
-2273
-2373
-2574
-2559
-2582
-2731
-2918
-2771
-2658
-2573
-2588
-2571
-2408
-2127
-1810
-1869
-1820
-1847
-2019
-1991
-1912
-1907
-1787
-1637
-1554
-1453
-1201
-937
-898
-1014
-892
-672
-479
-355
-420
-465
-239
24
126
-40
-204
-360
-290
-175
-117
-239
-270
-399
-607
-494
-617
-646
-825
-789
-661
-563
-699
-849
-805
-790
-809
-960
-1040
-972
-878
-768
-556
-390
-87
158
444
818
1107
1126
1225
1495
1842
2032
1972
2021
2279
2423
2384
2510
2572
2684
2760
2724
2946
3203
3415
3275
3340
3539
3450
3385
3202
3119
3086
2713
2440
2166
1989
1665
1506
1336
1228
1082
931
1001
973
896
768
589
612
746
429
275
187
335
172
28
3
-202
-68
-5
-96
-138
-166
-70
-161
-147
-318
-438
-486
-636
-741
-899
-1103
-1223
-1343
-1374
-1544
-1847
-1939
-2168
-2303
-2543
-2686
-2834
-2934
-2854
-2885
-2919
-2890
-2831
-2941
-2901
-2804
-2583
-2410
-2435
-2477
-2402
-2294
-2053
-2035
-2083
-2053
-2062
-1728
-1491
-1474
-1443
-1226
-1029
-910
-929
-954
-996
-991
-884
-1018
-1158
-1286
-1423
-1501
-1476
-1362
-1238
-1242
-1357
-1332
-1240
-1061
-1027
-950
-684
-569
-576
-535
-385
-391
-233
-148
-16
71
85
209
274
322
537
768
1097
1338
1463
1442
1531
1677
1662
1866
1762
1723
1802
1777
1900
1987
2103
2209
2160
2149
2224
2298
2208
2263
2218
2173
2197
1929
1901
1853
1778
1571
1441
1445
1444
1481
1312
1241
1164
1169
1039
981
995
819
694
826
1012
1160
976
906
765
382
405
225
-78
-102
-145
-199
-47
-165
-326
-472
-518
-299
-378
-425
-521
-492
-412
-521
-719
-765
-874
-1040
-1315
-1614
-1555
-1501
-1458
-1593
-1683
-1583
-1472
-1427
-1337
-1259
-1119
-953
-967
-841
-812
-827
-759
-671
-496
-388
-167
-74
110
6
-89
-256
-239
-255
-272
-259
-397
-485
-630
-748
-672
-503
-616
-742
-822
-781
-609
-695
-992
-978
-968
-1044
-1169
-1039
-1001
-857
-921
-1005
-746
-422
-3
275
452
542
593
808
979
982
1077
1226
1257
1275
1413
1501
1629
1714
1905
2070
2141
2175
2139
2340
2359
2482
2439
2582
2454
2355
2325
2278
2042
1803
1661
1497
1372
1193
963
906
891
1052
906
787
890
943
999
979
983
995
1002
933
931
742
626
519
396
429
281
311
372
185
210
438
519
611
482
574
778
742
843
731
746
920
771
502
668
595
723
842
642
468
482
516
421
478
582
740
761
540
438
451
442
429
266
146
64
-14
-15
37
25
11
163
104
146
344
200
197
159
40
-10
-64
-148
-321
-601
-1002
-1326
-1513
-1608
-1579
-1638
-1518
-1496
-1505
-1479
-1466
-1467
-1445
-1513
-1447
-1487
-1565
-1719
-1821
-1646
-1536
-1458
-1349
-1138
-1023
-809
-474
-101
358
432
494
705
925
1092
1126
1258
1259
1311
1405
1448
1475
1355
1321
1457
1632
1558
1522
1531
1496
1774
1715
1545
1372
1348
1374
1310
1193
980
864
749
777
706
699
735
737
808
806
976
838
954
1063
1201
1156
1164
1088
961
1024
1021
1056
1030
1020
841
877
892
855
664
735
875
1128
1041
931
883
650
664
555
476
245
309
197
241
285
96
23
-48
-57
-162
-281
-495
-657
-544
-571
-677
-680
-602
-646
-779
-795
-778
-771
-681
-592
-751
-524
-563
-640
-639
-733
-651
-706
-659
-557
-502
-256
-282
-464
-402
-446
-420
-243
-307
-560
-749
-917
-862
-893
-970
-1018
-1257
-1213
-1135
-1273
-1326
-1427
-1408
-1304
-1452
-1435
-1360
-1304
-1200
-1103
-1086
-1046
-925
-780
-671
-527
-528
-374
-149
21
139
139
365
652
856
980
1087
1113
1182
1243
1288
1142
1322
1332
1360
1374
1358
1254
1149
1007
821
794
681
722
600
575
672
599
739
726
614
502
276
401
343
265
173
133
94
95
-53
-181
-151
-84
51
-94
-30
-94
-139
-41
-114
-164
-170
-178
-99
-29
-85
-170
-183
73
100
63
32
36
70
26
187
181
87
112
133
105
24
-129
-207
-106
105
92
104
-56
22
89
315
519
385
315
228
285
442
491
458
317
70
158
176
310
132
13
9
174
223
177
-13
-212
-104
-173
-248
-335
-159
-206
-200
-93
-179
-315
-277
-286
-247
-262
-219
-115
-110
-81
-55
21
104
53
241
317
323
548
651
953
1037
1076
1132
1208
1377
1325
1329
1440
1450
1488
1569
1499
1411
1415
1513
1395
1372
1225
1004
933
835
767
756
593
609
586
519
604
419
470
311
344
270
117
83
-111
-219
-478
-566
-608
-517
-466
-418
-305
-416
-356
-376
-514
-512
-333
-456
-584
-570
-727
-582
-484
-474
-397
-350
-434
-394
-423
-446
-208
37
29
-250
-306
-362
-141
-148
-224
-283
-350
-292
-384
-448
-447
-592
-533
-343
-98
45
86
138
134
328
461
443
444
546
516
684
813
747
757
518
555
574
692
650
535
471
438
447
314
101
-20
-162
-268
-432
-505
-582
-677
-707
-751
-766
-959
-1107
-1278
-1212
-1299
-1190
-1210
-1407
-1488
-1133
-1099
-1229
-1274
-1168
-953
-867
-859
-834
-729
-686
-483
-345
-288
-134
40
92
33
98
105
165
266
294
242
224
351
389
448
357
405
368
326
319
329
202
311
255
164
189
68
-2
-70
91
26
-60
82
-8
117
67
-88
-74
-65
22
-23
31
-113
-181
-361
-439
-559
-609
-526
-452
-456
-520
-506
-568
-539
-685
-712
-579
-598
-542
-638
-550
-468
-475
-332
-168
-293
-271
-33
100
252
297
461
559
644
653
798
901
772
809
792
900
1040
1116
1163
1117
1098
1135
1193
1241
1171
1071
1148
1298
1309
1244
1067
952
1043
862
925
810
718
686
425
463
261
164
210
83
23
-207
-343
-550
-596
-499
-751
-881
-944
-1076
-1053
-1095
-1427
-1566
-1432
-1355
-1392
-1356
-1277
-1211
-1089
-1012
-925
-783
-764
-784
-762
-567
-321
-360
-287
-222
-215
86
132
-60
-105
142
175
196
124
-49
174
206
73
175
75
124
181
217
392
307
302
120
68
-9
25
-35
-153
-20
63
101
-11
18
27
104
219
169
111
-123
-58
-139
-230
-204
-102
-175
-348
-401
-510
-521
-616
-766
-751
-1031
-1029
-1218
-1178
-1099
-1279
-1321
-1287
-1330
-1344
-1304
-1503
-1449
-1513
-1526
-1808
-1728
-1800
-1771
-1570
-1537
-1491
-1464
-1222
-1106
-1002
-924
-882
-981
-809
-677
-403
-313
-393
-163
-90
-4
72
190
530
672
821
789
875
1239
1460
1461
1259
1215
1209
1113
1085
1075
1012
856
633
552
425
354
311
268
324
118
-15
113
62
142
24
71
243
121
159
217
245
412
282
123
262
296
444
614
614
693
790
1224
1398
1404
1379
1150
953
1150
1077
1020
1094
876
773
838
579
633
794
611
606
571
529
514
525
338
434
251
257
154
123
179
56
-23
-146
-91
-120
26
18
113
60
124
156
140
177
98
128
180
158
105
92
-44
-51
16
-91
-79
-192
-301
-473
-579
-731
-702
-773
-903
-893
-1005
-945
-1179
-1104
-1025
-1096
-1134
-1130
-1113
-1219
-1149
-993
-1065
-1029
-983
-974
-911
-848
-831
-690
-555
-450
-488
-382
-450
-313
-199
-91
83
-116
-35
9
168
108
120
-45
-91
-149
-150
242
147
194
129
141
294
239
203
193
184
214
195
208
175
139
217
88
76
24
-41
-63
79
151
146
184
305
484
375
533
560
425
566
520
579
652
720
828
916
1112
866
828
796
859
965
771
758
810
984
1084
1023
1026
923
751
634
582
585
365
255
456
574
540
482
360
339
493
681
606
404
354
484
784
713
553
365
447
666
568
485
283
291
332
384
412
322
463
358
551
697
594
410
348
376
266
220
112
-117
-143
-65
-82
16
-268
-362
-230
-228
-354
-374
-469
-485
-397
-735
-759
-685
-838
-939
-988
-1161
-1320
-1341
-1360
-1146
-1044
-1101
-1186
-1097
-857
-859
-994
-1101
-968
-733
-650
-728
-634
-768
-747
-713
-742
-634
-824
-1038
-1072
-797
-916
-845
-852
-852
-836
-734
-653
-737
-878
-907
-787
-836
-751
-794
-732
-580
-599
-514
-464
-334
-136
40
142
248
185
340
515
350
329
492
639
834
926
942
888
950
931
881
938
898
783
827
766
789
662
488
602
597
542
416
334
320
242
245
369
391
169
27
169
142
124
276
296
195
106
294
220
275
696
668
596
472
534
595
501
688
639
642
704
704
666
744
834
720
519
516
631
669
595
597
619
602
585
573
511
460
527
506
243
114
-24
8
209
242
235
26
-187
-10
96
304
327
182
151
43
60
122
143
53
