-355
-257
-206
-179
-259
-233
-245
-215
-250
-251
-168
-191
-244
-55
-159
-126
-135
-209
-242
-349
-444
-358
-430
-529
-518
-664
-691
-783
-851
-808
-718
-783
-773
-487
-428
-261
-259
-201
-106
28
210
64
197
259
325
451
391
371
426
390
418
478
318
206
74
-2
47
250
130
-27
56
133
129
149
106
142
265
198
461
195
40
145
91
84
-55
-35
33
0
-135
-157
-290
-251
-282
-331
-312
-483
-525
-455
-624
-646
-621
-472
-404
-388
-601
-530
-319
-190
-135
-236
-164
-192
-180
-57
82
280
201
147
134
158
267
213
234
331
318
166
326
335
252
442
405
417
300
252
260
379
250
95
-15
-78
-149
-324
-476
-491
-377
-650
-802
-810
-851
-901
-831
-805
-806
-875
-763
-731
-817
-895
-918
-1083
-1126
-964
-935
-1063
-1136
-1170
-920
-792
-794
-715
-590
-570
-624
-571
-649
-704
-648
-762
-872
-703
-718
-722
-761
-820
-692
-661
-762
-990
-812
-684
-773
-673
-699
-687
-633
-520
-569
-451
-320
-172
43
-117
-127
-173
-164
-105
140
152
53
19
-64
-98
15
14
10
-97
-119
-182
-212
-78
-105
41
-34
-65
4
-16
-55
-39
-117
-45
85
-98
-173
-169
-79
133
28
271
240
190
188
5
-76
-211
-420
-568
-659
-769
-735
-656
-777
-891
-790
-993
-956
-1015
-1180
-1271
-1241
-1157
-1263
-1253
-1281
-1368
-1526
-1348
-1323
-1221
-1284
-1216
-1209
-1352
-1322
-1287
-1346
-1311
-1113
-870
-651
-687
-899
-950
-926
-867
-670
-728
-715
-607
-587
-557
-552
-514
-527
-549
-481
-272
-90
11
56
98
296
204
124
17
23
76
150
339
286
261
177
46
-86
-199
-86
123
206
132
9
-189
-202
-158
-242
-330
-486
-367
-379
-471
-455
-409
-340
-315
-308
-322
-176
-176
-84
-58
-51
-27
-175
-262
-378
-268
-247
-186
-113
19
83
-112
65
-48
-113
-33
139
213
245
199
29
50
77
40
-50
-187
-184
-43
-25
56
-11
74
211
238
138
1
-59
195
372
212
562
507
377
650
662
690
692
908
937
841
963
811
807
1092
993
930
904
844
900
839
690
572
493
431
491
456
311
245
246
336
223
260
206
83
62
-50
34
81
-58
78
186
33
-168
-98
-189
-289
-415
-523
-351
-367
-385
-576
-722
-495
-497
-539
-496
-468
-507
-478
-446
-338
-216
-333
-388
-443
-434
-180
-286
-301
-231
-153
-64
80
108
95
291
214
13
-52
-79
-68
-35
15
-169
-316
-551
-617
-561
-606
-502
-405
-645
-693
-457
-611
-608
-614
-838
-796
-639
-644
-622
-633
-761
-920
-860
-833
-695
-753
-886
-820
-709
-770
-812
-831
-948
-891
-864
-911
-942
-982
-940
-927
-803
-950
-993
-942
-941
-891
-897
-820
-835
-934
-876
-670
-575
-745
-721
-594
-497
-259
-158
-156
-127
-37
-210
151
277
258
257
326
478
375
408
462
302
466
542
505
665
612
577
609
657
400
647
377
503
537
640
341
215
203
199
145
64
-162
-138
-249
-184
-112
-68
-23
-394
-305
-451
-483
-495
-691
-844
-739
-749
-681
-699
-966
-938
-948
-1030
-1071
-1020
-766
-899
-706
-922
-846
-925
-779
-869
-807
-651
-695
-468
-532
-324
-371
-187
-300
-184
-252
59
141
222
331
267
436
334
279
413
499
576
543
579
760
973
957
848
957
846
1184
1025
1347
1277
1488
1140
1077
1115
979
977
941
1057
932
1009
804
900
862
906
763
574
567
752
826
935
779
593
292
230
-19
158
-141
86
-178
-192
-336
-430
-419
-498
-615
-635
-846
-785
-718
-755
-644
-749
-603
-379
-243
-142
-230
-390
-248
-308
-462
-263
-178
51
-76
-152
-80
-15
190
256
390
476
366
568
435
447
537
529
613
507
606
751
849
898
1065
1121
1007
1136
772
1097
1095
1200
1217
1113
1222
1056
954
938
1247
1275
1194
1207
993
911
941
977
969
916
913
1203
847
878
847
935
942
757
504
651
653
705
584
637
376
337
265
527
341
279
220
215
215
178
308
-20
351
114
485
138
336
-154
57
23
116
340
141
329
477
435
656
373
594
527
617
411
662
506
623
564
523
601
668
808
552
533
527
681
744
811
654
542
587
426
310
24
10
-13
-205
-246
-37
-76
-106
42
-2
-28
-307
-102
-252
-282
-310
-15
-277
-179
-498
-160
-500
-342
-373
-203
-290
-306
34
-271
-212
-337
-309
-292
-196
-424
-211
-761
-419
-493
-524
-404
-627
-623
-635
-670
-540
-345
-406
-499
-213
-655
-468
-686
-677
-691
-807
-1006
-767
-959
-1099
-970
-1111
-780
-1200
-1058
-1064
-1130
-1108
-1030
-1074
-1097
-988
-1166
-912
-831
-768
-625
-747
-650
-623
-337
-326
-216
8
151
324
265
381
137
667
482
638
711
801
1016
864
1035
1023
1048
959
767
758
648
731
694
593
590
450
704
313
539
413
468
468
238
328
157
272
240
288
-66
94
111
181
60
-48
51
8
211
221
230
370
302
282
406
270
353
521
495
593
345
137
224
341
723
1091
780
1020
595
743
597
697
832
1104
1163
1029
898
593
939
428
903
437
511
597
542
842
677
660
754
841
740
741
590
587
497
537
624
649
568
535
401
780
598
671
470
560
328
816
515
577
355
346
538
250
482
409
505
716
586
783
568
739
602
550
207
408
320
325
407
-93
183
-250
11
-185
-401
-226
-365
-192
-74
-168
-155
-397
-271
-248
-201
-116
-180
-177
-78
-23
-20
151
124
248
261
46
507
185
580
339
524
300
310
-37
39
-24
35
102
-229
-37
-180
92
-163
-210
-96
-426
-151
-242
10
-277
-386
-354
-272
-283
-433
-107
-268
-180
-65
-168
-220
-197
-376
-79
-447
-400
-560
-668
-744
-574
-645
-255
-493
-786
-839
-1071
-875
-1006
-852
-814
-865
-791
-914
-814
-806
-657
-291
-406
164
-114
-130
-75
-346
88
140
741
648
754
426
762
587
578
812
450
1031
735
984
724
926
1025
781
905
838
1268
835
1232
942
1223
843
690
697
819
1065
988
911
439
499
656
911
707
738
171
264
1
484
332
502
5
139
-70
-164
-164
-324
-100
80
-90
-293
-589
-614
-334
-779
-498
-732
-734
-458
-577
-338
-483
-372
-275
-30
-137
-286
-53
-584
37
-519
-174
-147
-63
-245
-86
-456
-509
-60
-156
132
-172
-46
32
-259
-367
-170
-242
-161
-192
-224
-282
-187
-119
-102
-180
17
-40
-278
-261
-303
232
5
252
-15
159
183
104
178
372
271
500
446
81
-109
-292
-215
-72
-115
65
-157
-474
-694
-691
-483
-744
-409
-775
-683
-873
-555
-681
-662
-592
-678
-485
-927
-682
-929
-448
-499
-8
-211
-58
-178
-68
-262
-428
-129
-578
-59
-354
40
-80
232
-1
-63
-374
-443
-274
-125
-16
-173
113
-123
322
-265
29
193
549
764
764
282
-23
-92
-233
246
277
650
715
126
179
-4
34
247
324
610
594
534
139
446
-174
190
-103
-344
58
-12
600
286
41
-365
-276
-393
-314
80
198
344
-366
-82
-305
-513
-147
-296
47
-189
219
-280
-256
-448
-249
-284
-539
-380
-130
-298
-438
-420
-186
-178
-57
-525
-481
-249
-437
-197
-458
-281
-183
116
-188
-142
-324
-409
-429
-592
-473
-417
-279
142
-228
-74
-36
-23
-188
-82
-196
120
-4
-159
-121
-1
-83
296
-165
-95
62
-176
-42
-713
-269
-436
-207
-385
-245
-302
-561
-433
-601
-185
-552
-199
-113
-108
-211
-615
-240
-422
186
-18
-59
31
-213
299
28
483
-64
85
-213
338
423
365
439
485
364
353
399
-75
353
69
569
199
208
279
357
385
94
330
152
251
164
434
622
519
535
535
681
973
1079
998
785
884
567
1168
521
703
610
425
654
575
695
424
578
303
823
521
407
438
315
579
156
-21
134
-122
237
236
420
410
22
151
-83
186
-112
31
-207
-454
-321
-824
-337
-706
-234
-412
-399
-730
-691
-746
-819
-628
-922
-494
-884
-493
-1119
-578
-574
-480
-551
-525
-655
-457
-394
-175
59
-209
-110
-302
-385
143
498
280
369
189
213
324
37
340
9
253
173
335
421
171
139
618
-147
388
-570
694
282
195
497
-709
-264
-485
553
293
447
-303
-25
-419
-798
-452
-767
-194
-375
-619
-807
-1116
-679
-481
-546
-775
-707
-553
-562
-610
-646
-543
-929
-1028
-1455
-1174
-865
-824
-762
-1324
-1015
-1457
-1175
-1321
-984
-1148
-1020
-1327
-1460
-964
-1342
-640
-935
-316
-942
-811
-1115
-1126
-715
-703
-494
-631
-864
-781
-512
-1087
-599
-1104
-1008
-805
-787
-260
-561
-369
-387
-736
-926
-970
-550
-551
-358
-94
74
-194
-95
-121
-205
-67
-182
18
43
306
872
668
783
685
567
416
340
622
698
772
930
797
592
454
469
451
556
558
608
401
149
238
520
480
595
275
254
179
129
69
176
419
485
530
406
122
484
481
976
831
609
485
-33
176
365
411
168
-44
102
265
-94
42
2
-157
-166
-390
-435
-81
-132
352
747
247
737
460
212
202
-149
-355
6
138
509
482
-166
33
-147
-237
-328
-931
-649
-986
-589
-635
-717
-639
-981
-719
-1039
-624
-667
-656
-558
-488
-325
-679
-715
-972
-738
-905
-645
-1017
-640
-532
-423
-107
-456
-423
-960
-977
-853
-549
-689
-927
-1106
-996
-904
-945
-734
-585
-284
-97
-432
-284
-113
101
101
173
294
401
546
533
545
469
605
625
356
345
422
242
498
552
555
524
315
706
476
586
476
42
36
-195
303
608
635
665
861
473
412
269
290
514
475
636
664
528
186
151
335
404
153
136
126
292
664
617
785
478
574
746
502
514
709
924
1019
1127
885
814
538
727
478
369
395
132
180
5
-103
0
-79
-158
-149
-111
-134
-165
-221
-27
-429
-388
-298
-364
-435
-828
-655
-656
-436
-392
-311
-353
-186
128
-113
54
44
254
126
169
220
440
524
481
505
560
526
425
563
585
655
608
486
331
358
261
76
-54
-107
-180
-168
-257
-291
-375
-345
-349
-304
-428
-581
-155
-310
-376
-433
-488
-549
-526
-720
-772
-832
-1129
-1178
-1243
-1447
-1336
-1464
-1422
-1379
-1416
-1166
-1351
-1142
-1120
-1135
-869
-1030
-780
-1087
-1041
-992
-923
-793
-640
-923
-900
-585
-425
-252
-264
-114
-247
-236
-298
-100
41
132
57
-32
-29
-86
-96
-204
-243
-497
-363
-191
-127
34
-51
-144
90
-33
-48
24
41
103
130
76
1
45
-172
-151
-258
-169
-293
-450
-311
-430
-303
-185
-405
-611
-475
-369
24
-213
-570
-532
-440
-168
-409
-557
-698
-891
-1008
-877
-1070
-1011
-1011
-1262
-1323
-1552
-1679
-1600
-1821
-1823
-1713
-1859
-1598
-1417
-1469
-1467
-1224
-1304
-1152
-998
-624
-172
29
256
601
912
1070
962
911
1204
1494
1491
1448
1222
1095
981
1137
1060
863
735
614
371
11
-25
-165
-246
-319
-380
-484
-189
-100
26
476
833
1396
1852
2046
2277
2498
2596
2697
2919
3354
3682
4010
4012
3808
3602
3261
3289
2976
2666
2294
1648
1130
621
278
275
267
398
255
122
5
51
274
372
531
54
-66
-353
-433
-280
-50
26
167
57
-182
98
-138
-259
-419
-534
-863
-1222
-1733
-2237
-2625
-3079
-3191
-3407
-3899
-4303
-4680
-5059
-5610
-6096
-6246
-6152
-5637
-4566
-3429
-1851
-359
668
1436
1878
2468
3363
4383
5477
6202
6273
5969
5275
4482
3755
3154
2377
1321
-448
-2437
-4110
-5461
-6331
-6618
-6594
-6326
-6410
-6113
-5957
-5297
-4247
-3106
-1891
-1262
-713
-510
-167
659
1593
2972
4458
5838
6683
7343
7670
7883
7333
6609
5935
4551
3063
1120
-431
-1694
-2141
-2748
-3148
-3111
-3384
-2997
-2621
-2030
-1482
-1291
-1075
-814
-680
-238
391
1067
2056
3235
4402
5187
5805
5970
5710
5411
5014
4603
4142
3716
2584
1726
805
127
-4
-346
-206
-297
-643
-828
-1117
-1049
-620
-295
152
567
1084
1698
2342
2900
3402
3529
3525
3116
2486
1727
1291
505
-216
-775
-1355
-2042
-2736
-3158
-3768
-3950
-4489
-5249
-5972
-6316
-6863
-7288
-7539
-7809
-8214
-8664
-9014
-8954
-8258
-7209
-5080
-2622
59
2272
3531
4185
4269
4575
5347
6533
7645
8469
8390
7551
6011
4221
2727
1682
21
-1704
-4050
-6702
-9250
-11057
-11483
-11248
-10472
-9644
-8987
-8244
-7395
-6409
-4749
-3034
-1066
13
773
1111
1429
2207
3400
4987
6705
8190
9168
9430
9173
9003
8041
6562
4606
2105
-470
-3063
-5285
-6903
-7672
-7944
-7645
-6772
-6026
-4924
-4049
-2831
-1320
-52
1040
1870
2569
3106
4037
5124
6004
7017
7268
7293
6745
5538
4601
3494
2424
1705
802
-673
-1982
-3250
-3854
-3621
-3525
-2675
-2322
-1878
-1432
-1181
-490
-125
679
1557
2187
2738
3451
4260
4909
5404
5574
5519
5117
4436
3451
2698
1841
990
-154
-1243
-2479
-3403
-3862
-4359
-4469
-4953
-5245
-5678
-5795
-5807
-5913
-5797
-5784
-6066
-6101
-6438
-6785
-6448
-5585
-3822
-1412
1494
4172
6155
7110
7196
6683
6172
6162
6940
7928
8660
8218
6436
4076
1777
265
-1280
-2868
-4718
-7291
-9777
-11905
-13243
-12870
-11687
-9870
-8071
-6682
-5109
-3878
-2454
-675
1211
2731
3565
3412
2951
2913
3211
4399
5856
7553
8749
9393
9391
8777
7687
6165
4166
1800
-734
-3569
-5868
-7533
-8018
-7641
-6858
-5541
-3932
-2462
-938
402
1919
3298
4511
5333
5639
5837
5754
6456
6884
7463
7508
7242
6570
4825
3339
1649
420
-290
-1046
-2126
-2890
-3862
-4398
-3765
-3166
-1492
-486
487
1478
2055
3164
4286
5532
6403
6727
6861
6575
6218
6033
5819
5593
5328
4660
3425
2369
1290
499
-424
-1426
-2248
-3242
-3950
-4375
-4519
-4340
-4071
-3675
-3118
-2891
-2313
-2175
-2007
-1907
-2197
-2807
-3623
-4562
-5561
-5558
-5249
-3475
-642
2370
5339
6742
6738
5888
4204
3440
3857
4994
6767
7093
6069
4205
2045
898
129
-940
-2315
-4193
-7033
-10104
-12627
-13203
-11927
-9888
-7637
-5855
-4754
-3895
-2630
-1208
592
1958
2412
2079
935
-242
-688
-111
1410
3342
5130
6132
6044
5446
4403
3130
1589
-437
-2582
-4985
-7109
-8583
-9213
-8807
-7318
-5515
-3559
-1826
-530
891
2300
3636
4812
5650
6228
6339
6429
6331
6120
5900
5285
4335
2682
810
-1262
-2733
-3364
-3651
-3780
-4015
-4340
-4680
-4528
-4206
-3183
-2008
-716
624
1483
2831
4006
5419
6726
7245
7294
6697
5670
4340
3145
2331
1832
1102
65
-998
-1611
-2019
-2362
-2675
-3024
-3522
-4025
-4420
-4642
-4176
-3436
-2784
-1859
-1186
-475
-163
-281
-328
-858
-1224
-2343
-3818
-5171
-6818
-7405
-7141
-5860
-2616
961
4388
6362
6189
5457
3346
1835
1825
2823
4853
6164
5710
4293
2005
230
-345
-1569
-2376
-4103
-7023
-9592
-12399
-13047
-11665
-9298
-6056
-3693
-1882
-918
-590
79
784
1573
1815
1550
716
-493
-863
-366
1382
3720
5702
6971
6897
6357
5094
3540
1985
206
-1303
-2788
-4309
-5364
-5567
-5086
-3787
-2229
-646
392
1033
1588
2348
3488
4915
6043
6607
7000
7222
7264
6859
6416
5319
4015
2058
-154
-1954
-3251
-3310
-2592
-1739
-1384
-942
-898
-773
-848
-222
1123
1819
3023
3634
4733
6208
7443
8935
9688
9816
9043
7564
6079
4420
3214
2339
1306
115
-1032
-1884
-2389
-2510
-2609
-2489
-2426
-2573
-2542
-2146
-1385
-219
983
1919
2455
2707
2508
1837
1126
53
-1251
-2726
-4574
-6578
-8780
-10044
-10146
-8634
-4530
-366
4041
7012
7013
5815
2701
503
1188
3512
7583
10348
9705
7846
4284
1387
-162
-2356
-3311
-5634
-9312
-12858
-16687
-17045
-14725
-10998
-6120
-2827
-987
-635
-1094
-816
-271
707
1101
560
-195
-1194
-1379
-820
1225
3612
5617
6624
5947
4928
3546
1968
926
-311
-1258
-2412
-3904
-4501
-4716
-3783
-2662
-1403
-19
631
896
1030
1927
3496
4951
6561
7700
7921
7439
6907
6005
4919
4044
2146
338
-1890
-4053
-4817
-4880
-3933
-2325
-1653
-1373
-1730
-2361
-2069
-1921
-614
869
1877
2976
3595
4759
6004
6992
7628
7216
6269
4740
3051
2079
1479
978
280
-660
-1798
-2758
-3410
-3643
-3509
-3242
-3088
-2882
-2884
-2127
-901
393
1794
2627
3176
2666
2035
1124
140
-893
-2373
-4186
-6083
-7852
-9475
-10984
-10963
-9723
-6170
-1379
2723
6786
7748
7142
5167
1984
1384
3197
7160
11970
13238
11704
8507
3922
1407
-1019
-3348
-4536
-8218
-11750
-14881
-16895
-14668
-10835
-5815
-1368
738
1322
345
-807
-806
-436
429
621
555
79
-472
-211
485
2208
3916
5066
4780
3769
2531
1084
144
-720
-1259
-1751
-2575
-3337
-3653
-3219
-2315
-1409
-589
298
776
1179
1813
3471
5197
6737
7914
8271
7795
6494
5848
4855
4060
3224
1417
7
-2095
-3549
-4037
-3790
-2018
-686
-278
-356
-1163
-1509
-1148
-684
1380
3028
4442
5562
5992
7142
7806
7823
7611
6656
5433
3852
2568
1811
1340
952
88
-1078
-2016
-3049
-3588
-3968
-3802
-3455
-3047
-2714
-1874
-268
1489
3192
4105
4505
4072
2947
1519
-109
-1801
-3718
-5535
-7046
-8381
-9311
-10161
-10486
-9845
-8728
-5925
-911
3668
7875
8833
7740
5596
1773
881
2952
7558
12800
14624
12214
8423
3241
-49
-2462
-4822
-5192
-8246
-11452
-14419
-15935
-13059
-8923
-3632
704
2032
1870
-173
-1654
-1410
-365
1448
2084
2315
1825
723
536
865
2547
3968
4071
3434
1530
425
-396
-1242
-1313
-1689
-1812
-2791
-4019
-4366
-4423
-3407
-2550
-1644
-275
-94
618
1802
3470
5447
6485
6983
6597
5351
3908
2637
1882
1398
460
-404
-1801
-3332
-4685
-5381
-4752
-3657
-2876
-2860
-3097
-3528
-3359
-2608
-1082
982
3017
5216
6240
7010
7769
7796
8039
7279
6027
4524
2985
1950
1171
1116
652
-211
-1072
-2172
-2872
-3378
-3356
-2977
-2326
-1564
-813
596
2405
4138
5660
6295
6591
5674
4022
2083
-121
-2293
-4639
-6541
-8062
-8977
-9498
-10149
-10366
-10589
-10087
-8158
-3837
2091
6592
9550
9413
7316
3988
684
771
4612
10214
14352
13593
9448
3639
-1850
-4881
-7086
-7946
-8909
-11525
-14091
-16351
-15494
-11634
-6792
-1759
1022
1587
128
-1902
-2207
-1119
1295
2832
3143
2555
953
-139
-660
-278
926
1324
1204
-115
-1523
-1904
-2345
-1776
-1814
-1899
-2451
-3778
-4692
-5467
-4662
-3280
-2190
-496
507
1665
2991
4596
6766
7972
8583
7797
6079
3917
2255
2002
1612
1939
1405
173
-1180
-3434
-4440
-4545
-3792
-2228
-1874
-2072
-2158
-2333
-845
823
2998
5629
6957
8325
8530
8473
8817
8611
8003
6828
4915
2924
1238
-126
-777
-1133
-1842
-2594
-3727
-4304
-3999
-3649
-2820
-1787
-757
571
1766
3225
4977
6250
7082
6863
6007
3962
1446
-1106
-3499
-5415
-6795
-7915
-8667
-9104
-9610
-10240
-10765
-10958
-9903
-7508
-2772
3435
8392
11610
11219
8961
5713
1771
1746
4942
9456
13934
13239
9133
3470
-2827
-5500
-7681
-8578
-8533
-11112
-12694
-14358
-13727
-9697
-5775
-825
1756
1659
895
-1127
-1462
-133
1841
3634
3758
2613
962
-530
-1233
-1104
-410
-329
-701
-1508
-2432
-2276
-2044
-1213
-866
-1490
-2429
-4185
-5350
-5550
-4637
-2614
-970
709
2255
3402
4605
6116
7789
8635
8168
6476
4078
1855
-353
-1064
-521
-645
-490
-1936
-3518
-5071
-6595
-6315
-5422
-3863
-1859
-1557
-1848
-1334
-447
2206
4172
6012
7845
7838
8284
8118
7910
7914
6924
5198
2548
-278
-2847
-4544
-5101
-4645
-4192
-3716
-3725
-3613
-2662
-1533
-132
1194
2558
3727
4789
5805
7132
8267
8701
8460
6867
4645
1623
-1500
-4337
-6754
-8237
-9477
-10284
-10756
-11120
-11310
-11411
-10778
-9644
-7539
-2349
3903
9433
12870
11858
9621
4835
-89
-31
3059
9656
15017
13995
9679
2003
-4809
-7717
-10584
-10237
-10099
-12469
-14122
-16798
-15704
-11333
-6499
-603
2453
3175
2185
76
-39
1247
3216
4804
4424
3164
1314
-271
-1370
-1812
-1327
-1140
-1550
-2417
-2654
-1989
-1369
-453
-909
-1842
-3316
-5428
-6273
-6074
-4307
-2364
-398
1967
3777
5445
6648
7860
9191
8893
7612
5153
2649
300
-1000
-468
-454
45
-983
-2440
-3396
-5302
-5725
-5258
-4388
-2505
-1805
-1764
-935
251
3035
5395
7602
9682
9943
10267
9890
9663
9864
8869
7156
3960
215
-3037
-4942
-5384
-4647
-3288
-2358
-1846
-1686
-1028
76
1280
2445
3258
4061
4895
5738
6789
8221
9123
9165
8072
5664
2939
-263
-3229
-5825
-8101
-9558
-10845
-11310
-11156
-10576
-9681
-9078
-8514
-7698
-6200
-1997
4196
9477
13103
12707
10007
5775
819
248
3139
9103
14179
13224
8165
221
-6793
-10178
-12109
-11857
-11339
-13202
-15209
-17271
-16672
-12195
-6936
-1175
2528
3209
2047
-425
-1005
235
2445
4322
4597
3176
1373
-220
-1539
-1986
-1711
-1336
-1493
-2260
-2586
-1872
-1235
-961
-2055
-3271
-5110
-7052
-7665
-7238
-5068
-2465
-191
2351
4394
6355
7746
8456
9227
8850
7213
4959
2518
920
-7
-198
-541
-893
-1872
-3672
-5161
-6907
-7454
-7159
-6412
-4885
-3418
-1837
27
2064
4265
6442
8154
9108
9766
9752
9809
9663
8916
7627
4351
997
-2549
-5541
-6656
-6742
-5907
-4688
-3729
-2883
-2239
-1332
-105
743
1670
2543
3650
4860
6039
7510
8452
8323
7371
5255
2863
363
-2286
-4869
-7459
-9198
-10589
-11327
-10620
-10032
-8915
-8697
-8810
-8817
-8618
-5709
310
7727
13835
15768
13563
9512
3925
681
1726
6704
13661
16300
12826
5040
-3763
-9418
-12007
-12956
-12379
-13106
-15354
-17480
-18677
-15325
-9454
-3457
1411
2727
1727
-715
-2463
-1429
1327
4215
5369
4312
2226
289
-1287
-2083
-1825
-1426
-1629
-2327
-2955
-2556
-1417
-740
-1022
-2531
-4663
-6809
-8169
-8067
-5970
-2781
-116
2019
4232
6271
7950
9195
10527
11335
10612
8531
5981
3758
2211
1295
767
81
-1457
-3237
-5355
-6747
-7659
-7327
-5942
-4222
-1866
-300
1409
2862
4840
7015
8684
10187
10783
11015
11094
11063
11006
9912
7716
4103
-166
-3981
-6686
-7766
-7243
-5721
-4007
-2843
-2294
-1828
-775
490
1558
2786
3885
5357
6564
7542
8602
9019
8857
7318
5137
2690
-518
-3592
-6106
-7748
-8833
-9392
-9167
-8669
-8511
-8823
-9500
-10008
-9966
-8792
-6403
-1101
6748
13597
17674
16577
13409
9048
3693
1883
3790
9174
14310
13637
8131
-58
-7541
-11170
-13504
-13995
-13057
-14188
-15197
-16503
-15313
-10428
-5776
-885
1159
450
-1142
-3375
-3094
-467
2851
5734
5808
4074
1994
-105
-1480
-2792
-3298
-3621
-4108
-5033
-5010
-3968
-2880
-2704
-4004
-5714
-7682
-9265
-9444
-7763
-4578
-1110
1406
3800
6068
7955
9476
10350
11248
11084
9276
6595
3898
1590
26
-1448
-3192
-4587
-6661
-8978
-10482
-11029
-9590
-7396
-4674
-1498
619
2508
3799
4863
6503
7884
8898
9763
10320
10969
11382
11097
10193
7523
3704
-969
-5413
-8378
-9479
-8752
-6849
-4634
-2699
-1296
-145
1234
2509
4040
5178
5920
6626
7151
7763
8342
8412
7765
6439
4018
1018
-2160
-4971
-6733
-7808
-8389
-8898
-9114
-9404
-10315
-11145
-11415
-11319
-10286
-8644
-6032
-837
6759
14095
18839
18436
14733
9607
3215
457
1999
7563
14446
15423
10321
1433
-7659
-11906
-13834
-13888
-12293
-12703
-13618
-15273
-15032
-10844
-5968
-1731
403
-187
-1703
-3380
-2968
392
4669
8079
8248
6035
3124
598
-1389
-3239
-4371
-4819
-5059
-5338
-4899
-3084
-1330
-1189
-3134
-5965
-8424
-10000
-9881
-7599
-3482
251
2824
5004
7303
9847
11666
12393
12986
12407
10263
7036
3904
2040
529
-910
-3182
-5778
-7985
-10429
-11514
-11098
-9416
-6453
-3578
-827
1604
3381
4642
5964
6987
8328
9481
10299
11384
12257
13217
13392
11976
8813
4108
-1370
-6002
-8911
-9604
-8226
-5798
-3060
-1263
-237
314
1218
2599
3626
4652
5526
6174
6770
7568
8453
9108
8730
6910
4289
1098
-1502
-3472
-4435
-4817
-5506
-6807
-8584
-10402
-11670
-12200
-11954
-10808
-9253
-7498
-5446
-2123
3727
11399
17081
18604
15125
10070
4579
-349
-446
3774
10631
15296
12755
5202
-4248
-11401
-13769
-14176
-12921
-11542
-12322
-13174
-14075
-12127
-7345
-3595
-1317
-1806
-3376
-3910
-3418
-575
3852
8207
10005
7937
4300
847
-1680
-3445
-5108
-5460
-5003
-4252
-3342
-1960
-171
-112
-1999
-5841
-9357
-10803
-10427
-7519
-3480
997
4679
6520
8836
10555
12266
13103
13028
12889
11219
8544
5514
3197
1451
-678
-3558
-6422
-9049
-10976
-11682
-10993
-8769
-5806
-3101
-515
1729
3324
4752
5389
5956
7076
7896
9324
11012
12672
13900
13365
11421
7862
3025
-1806
-5847
-7815
-8062
-7094
-5199
-3211
-1408
-395
518
1546
2270
2936
3485
4469
5651
7108
8130
8784
8615
7158
5092
2608
510
-821
-1692
-2021
-2523
-3721
-5901
-8549
-10493
-12021
-12629
-12376
-11035
-9124
-7564
-5614
-3487
233
6475
12168
15748
14236
9057
4290
-743
-2576
545
6942
14513
16399
10975
1788
-7468
-12228
-13096
-13094
-11019
-10497
-11857
-13318
-14474
-11662
-8145
-6301
-5790
-6913
-6588
-5101
-2592
1869
6492
9401
8773
5058
1354
-878
-2133
-3264
-4039
-3944
-2937
-1747
-703
697
657
-1789
-6315
-10737
-12716
-12059
-9114
-5118
-936
2380
4216
5606
7574
9969
12026
12697
12544
11555
9715
7056
4581
2590
32
-2957
-6434
-9383
-11056
-11316
-10164
-8154
-5610
-3252
-1449
-17
1432
2637
3501
4336
5242
6876
9177
11755
14193
15072
14595
12477
8679
4363
-124
-3353
-5237
-5975
-5797
-5103
-3825
-2333
-1317
-608
-91
652
1395
1961
3349
5091
6973
8017
8293
7834
6360
4612
2861
1906
1597
1076
81
-1577
-3976
-6772
-9751
-11721
-12134
-11742
-10865
-9923
-8329
-7394
-7137
-6366
-4501
-769
5153
10749
13436
12566
8186
4098
320
-1151
2064
7645
13887
15669
10338
1802
-6336
-11110
-11580
-11842
-10835
-9999
-11409
-12317
-13491
-12338
-9396
-8429
-8025
-7898
-6827
-3906
-690
3132
7049
8939
8425
5461
2524
787
-263
-1283
-1943
-1224
305
2095
2666
2104
19
-4319
-9234
-13054
-13541
-10880
-7192
-3374
-274
2189
4157
5445
7589
10409
12461
13137
12442
11335
9852
8383
6612
4052
719
-3135
-6499
-9100
-9856
-9050
-7374
-4882
-3606
-2735
-2221
-1703
-475
742
1635
3093
4839
7370
10077
12354
14267
14480
12699
9717
6087
2742
-119
-2248
-3188
-3937
-4238
-4356
-3948
-3327
-2533
-1533
-715
-49
596
1914
3263
4653
5782
6151
6106
5200
4404
3487
2761
2495
1599
331
-1179
-3347
-5653
-7633
-9202
-10282
-10903
-11372
-10840
-9789
-8448
-6762
-4967
-1734
3745
9265
12398
11421
7599
4363
1240
757
4566
11427
18884
20912
14959
5115
-4134
-9364
-10044
-9708
-8249
-7580
-9334
-11152
-13345
-13033
-11358
-11305
-11107
-10775
-8203
-3632
951
5594
8339
8441
6242
2954
995
1331
2296
2764
2335
1855
2205
2805
2919
2429
337
-3692
-8620
-12499
-12562
-9931
-6174
-3062
-1565
-1591
-2324
-1903
1061
6068
10910
14423
15990
16053
14678
11896
9129
5997
2141
-1984
-5575
-7098
-6859
-5740
-4281
-3598
-3201
-3898
-5323
-5109
-3769
-1311
1047
2987
4872
6729
8841
10611
12248
13439
13613
12853
10923
8824
6723
4086
1019
-1599
-3434
-4154
-4610
-4111
-3344
-2338
-1372
-779
514
1709
2519
2653
2607
3422
4170
5274
6136
6501
6387
5362
4307
3104
1617
79
-1942
-4242
-6684
-8910
-9900
-9802
-8919
-8202
-7956
-7880
-8551
-8341
-6535
-1610
6300
11265
12249
8730
4421
1932
207
2854
9601
17310
21952
18599
8963
-464
-7044
-8601
-8075
-8370
-7455
-8211
-9934
-11141
-12261
-11821
-12327
-13818
-13757
-11459
-6322
-304
4264
6917
7499
5674
3189
1312
1493
3279
3880
3645
3354
3700
4669
4529
3262
588
-3722
-8040
-11286
-11195
-8456
-5739
-4744
-5011
-5534
-5699
-4285
-1236
3674
8565
12068
14334
15009
14746
13440
10292
6627
2184
-1421
-3392
-4317
-3414
-2295
-1574
-1999
-3313
-4874
-6067
-6044
-4619
-2380
-458
855
2174
3575
5927
8187
10238
12128
12742
12759
11910
10345
8288
6058
3699
1390
-359
-1333
-2018
-2811
-3183
-3186
-2832
-1987
-737
445
1269
1279
562
410
1201
2445
3796
4460
4623
4111
3256
2337
1197
54
-1683
-4079
-6562
-8364
-9383
-9743
-9605
-9570
-9785
-9756
-9067
-6645
-1136
4900
8417
7794
3584
333
-1520
-703
4605
12466
20480
22506
16077
5941
-2398
-5919
-5195
-4135
-3638
-3574
-6037
-9052
-11984
-14016
-14212
-15497
-16349
-14733
-10771
-4430
684
3072
3918
2130
-34
-1365
-505
3136
6630
8206
8062
6969
6228
5606
4114
2523
886
-1186
-3364
-4972
-5064
-4536
-5129
-6705
-8576
-9554
-9207
-7581
-3992
931
5571
9132
11656
13194
13250
11835
9664
7310
5436
4336
3279
2338
1684
292
-1399
-3270
-4566
-5162
-6027
-6381
-6069
-5180
-4150
-3202
-2093
-789
1018
3262
5264
7666
9946
11666
12709
12387
11456
9539
7282
5028
3022
1758
608
-512
-1969
-3257
-3999
-3958
-2954
-1534
-272
-44
-271
-574
-4
1289
2897
4314
5108
5304
5071
4766
4366
3606
2443
922
-837
-2527
-4024
-4571
-5232
-6083
-7434
-8622
-9656
-9458
-7920
-4929
1159
5756
7229
4343
92
-1496
-1473
1337
7389
14861
21210
20836
11673
1770
-4736
-5628
-3374
-3319
-2563
-3432
-6035
-9250
-13171
-15005
-15755
-16756
-16246
-13089
-8136
-3103
-557
-385
-609
-1484
-2605
-2150
160
4500
7950
8431
7898
6478
5379
4455
2933
2030
781
-524
-2457
-4053
-4707
-5365
-6737
-8281
-8540
-8037
-6686
-4346
-1519
1900
4501
6750
9012
10515
11392
10550
9198
7675
5915
4814
3774
2724
1612
363
-700
-1614
-2640
-3318
-3692
-4012
-4176
-4720
-4788
-3930
-2471
-83
2384
4369
5946
6863
7724
8531
9484
10022
9535
8488
6883
4994
3060
1226
-626
-2146
-3341
-4251
-3881
-3243
-1988
-997
-776
-642
-1161
-1061
-455
341
1345
1880
1857
1718
1420
1378
1244
510
-478
-1579
-2601
-3412
-4099
-5297
-6461
-7208
-7908
-7518
-7021
-4691
227
3771
5099
2491
-1091
-2152
-2137
736
6793
13864
19836
19492
11720
3241
-2062
-1823
1510
2492
3185
1174
-2644
-6789
-11629
-14176
-14822
-14914
-13982
-11635
-8174
-4832
-3961
-5010
-5839
-6435
-5685
-3840
-560
4079
7476
7933
6437
4107
2712
2715
2379
2822
3436
3002
1275
-1457
-3606
-5104
-7208
-8532
-8538
-7957
-6864
-6041
-5057
-3221
-1128
1120
3557
5825
7728
8404
8093
7451
6508
5342
4381
3411
2594
2240
1741
1345
864
-442
-1888
-3256
-3837
-3317
-3190
-2379
-1726
-1037
201
850
1770
3002
4887
7276
9178
10312
9966
8182
5628
3602
2082
1323
861
-95
-860
-1993
-3080
-3560
-3143
-1973
-801
-9
653
1095
1198
1022
488
178
39
-141
234
723
904
769
-78
-1098
-2217
-3087
-3639
-4127
-4893
-6003
-6677
-7154
-7242
-7573
-6974
-6127
-1437
2865
4371
2761
-934
-2084
-1515
524
5160
12042
17811
18971
11193
1021
-4566
-4620
824
3427
4168
3030
-848
-5268
-10334
-13565
-14362
-13422
-11898
-8750
-5277
-3179
-2957
-5677
-7603
-7229
-5649
-2851
1024
5130
8457
7969
4859
1834
496
1767
3014
4492
5502
4944
1954
-1907
-4618
-5831
-6495
-7219
-6750
-5921
-5290
-4383
-3631
-2339
-936
462
2810
5185
7161
7447
6027
4533
3302
2399
2141
2002
2043
2128
1879
1607
865
-274
-1016
-746
-242
317
211
-128
750
1750
2841
3535
4007
4920
6093
7705
8920
9191
7964
5895
3744
2568
1999
1502
1003
280
-211
-830
-1015
-125
1372
2970
4366
4954
5019
4537
3354
2267
1532
1314
1317
942
889
827
178
-869
-2311
-3292
-3311
-3434
-4285
-5261
-6594
-7613
-8265
-8365
-7455
-6118
-5365
-2105
1038
2844
1331
-1974
-2283
-643
1815
5593
9652
13585
14333
7452
-1128
-5827
-4549
1761
4325
3652
1306
-2923
-7294
-12099
-15625
-15368
-12515
-9917
-7219
-5853
-5532
-6841
-10344
-11475
-8899
-4559
38
3075
5052
6385
4631
1428
-622
-479
2428
5236
6538
7085
6166
2685
-1405
-4384
-5128
-4790
-5184
-4726
-4291
-4549
-4724
-4827
-3686
-2003
-383
1621
3642
4963
4677
3646
2102
1360
784
694
1143
1810
2061
1444
668
-303
-1119
-1976
-1433
-143
1094
1323
241
-508
-633
600
2209
3586
4447
5309
6054
6105
5427
3479
1570
-55
-737
-536
-444
-564
-1036
-2001
-2886
-2801
-1412
646
2829
4448
5469
5936
5329
4112
3107
2626
3169
3266
2975
2479
1762
959
-222
-1019
-1709
-2556
-3698
-4432
-5146
-5946
-6084
-6255
-5836
-5801
-6238
-6430
-6186
-5607
-2854
1592
4536
5243
2512
1085
1724
2672
3715
5574
8607
11474
9027
1335
-4034
-4751
-33
3364
1995
-1
-3296
-6360
-9960
-13268
-13391
-10944
-8344
-6242
-4542
-4848
-6065
-8887
-10065
-6658
-2036
2214
3542
2466
1305
-147
-2122
-2521
-1264
1945
5444
5854
4496
2387
-340
-2885
-4445
-4176
-1754
-310
149
277
-261
-403
-248
-311
915
2954
5405
6877
6110
3754
786
-1337
-2110
-1331
302
1910
2250
1217
188
-487
-488
-228
300
1526
3056
4384
5001
4282
3172
2613
3177
4801
6623
8120
8453
7175
4862
2373
281
-673
-1107
-1122
-962
-1032
-1599
-2154
-2251
-1377
306
1837
3417
4993
6355
6788
5921
4679
3753
3343
3166
3381
3721
3393
2670
1577
563
-145
-913
-1617
-2510
-3673
-5015
-6106
-6204
-6173
-6130
-6104
-5643
-4651
-4440
-3732
-4246
-2124
2272
4709
5091
2120
253
987
2162
2994
5500
8095
11119
9329
1564
-3468
-4670
-289
4026
3061
1032
-2395
-5266
-8041
-10213
-10576
-7521
-5027
-4014
-3669
-5413
-6708
-8442
-9230
-5805
-1564
299
-208
-3309
-4756
-3990
-3431
-1704
257
2335
3611
2413
314
-610
-1222
-1875
-1487
-897
303
969
659
1181
1265
1394
1942
1950
2514
2879
2661
2097
812
-1172
-3126
-4191
-3250
-1841
-1088
-1109
-1747
-2786
-3295
-2641
-1531
-209
796
1468
2187
2034
1674
1333
1703
3509
5488
6756
7174
6759
5194
3002
641
-997
-1759
-2065
-2058
-1762
-2001
-2211
-2777
-3196
-2512
-1110
1128
2785
4341
5534
5846
5330
4453
3476
3032
3285
3879
4782
5274
4983
3992
2938
1491
-154
-2021
-3817
-4615
-4995
-4899
-5107
-4999
-5380
-5883
-6635
-6604
-5732
-4795
-4281
-3662
-3282
-1137
2012
2463
1328
-1917
-1962
193
1622
2062
2992
5057
7389
4789
-1984
-6014
-5053
442
4176
2679
102
-2939
-4669
-5853
-6597
-6509
-4631
-4036
-4853
-5129
-5493
-4836
-5859
-7277
-5957
-3652
-1460
-1611
-3331
-4195
-3139
-2781
-2116
-971
655
2303
1919
711
283
-530
-971
-588
629
3277
5463
6384
6334
5175
4071
3976
3785
3877
3500
3367
3089
2006
728
-352
-608
-350
-228
-387
132
764
975
1257
1260
767
219
-408
-183
641
1969
3411
4431
5423
5585
5350
4654
3914
3545
3034
2408
1829
1022
553
-40
-675
-1315
-1551
-1031
-500
166
1272
2528
3190
2882
2247
2004
1998
2168
2448
2870
3508
4190
4587
4235
3245
1956
902
73
-805
-2294
-3853
-4409
-4177
-4092
-4111
-4145
-3793
-4073
-4925
-5554
-5827
-5176
-4517
-4694
-3891
-3749
-793
1053
1946
972
-1345
-1574
-1113
-325
-308
1070
2925
5331
3313
-1776
-4421
-3554
1654
4070
2865
721
-1945
-3147
-5070
-6139
-6014
-4166
-3044
-3047
-3209
-3910
-4296
-6131
-7373
-6470
-4417
-2473
-2427
-4117
-4855
-4028
-3450
-2456
-1799
-431
76
-1190
-2041
-1579
252
2373
3810
4794
5635
6317
6001
5479
5150
5560
6138
5597
4288
2796
2137
1906
1491
927
760
1181
1405
1073
528
54
-400
-1226
-1971
-2477
-2289
-991
1012
2850
3787
4126
3936
3626
3316
3015
3426
4056
4460
4126
3435
2494
1596
506
-412
-701
-326
399
869
1357
1289
1032
782
571
727
967
1618
2330
3085
3726
3917
4145
4172
3981
3436
2397
1132
42
-312
-297
-535
-1182
-1751
-1943
-2316
-2987
-3678
-4537
-4879
-4809
-4027
-3107
-2326
-2347
-2486
-3570
-3366
-3661
-2713
421
1598
1549
-1904
-4047
-4539
-3607
-2969
-924
1639
4380
4613
-321
-4093
-4504
-819
3191
2437
322
-2548
-2973
-3005
-2775
-2762
-2124
-1846
-3318
-4666
-5593
-5486
-5357
-6044
-5693
-4664
-3405
-3841
-5261
-6264
-5866
-4643
-3867
-3592
-3283
-2731
-2487
-2047
-1113
419
2223
3489
4248
4469
4757
4878
4846
4568
4202
4244
4170
3500
2500
2110
1943
2326
2428
2478
2565
2055
807
-748
-1882
-1422
-712
-783
-226
636
2042
3314
3281
2989
2691
3356
4045
4641
4712
5084
5588
5344
4401
2490
1165
422
463
1397
2429
3402
3653
2850
1475
1000
927
1915
2758
3086
4190
5131
5820
5790
4905
4303
3956
3926
4142
4334
3734
2635
1279
347
-79
-564
-1383
-2003
-2297
-2444
-3331
-4451
-5036
-5000
-4605
-3892
-3030
-2213
-1908
-2041
-2756
-3704
-4569
-5462
-3878
-2571
-1573
-2993
-4432
-4518
-3866
-3521
-2865
-1591
309
1411
-1219
-4837
-6230
-3848
715
2067
1061
-932
-1945
-2296
-3105
-4574
-4877
-3523
-3627
-4315
-5242
-5286
-4842
-6010
-6982
-6650
-5447
-4629
-5161
-6608
-7417
-7058
-6680
-5909
-5159
-3689
-2534
-2073
-1601
-324
1562
3200
3610
2951
2294
2417
2799
3388
3365
4041
4299
3522
3130
2839
2760
2849
2196
1129
-117
-958
-1531
-1616
-1475
-576
375
554
507
54
-20
276
740
1657
2713
3641
3753
3252
2509
2046
1614
1214
813
275
265
978
2101
2832
2562
1929
1268
729
229
533
1524
2980
4257
4527
4583
4473
4368
4413
4331
4240
4371
4169
4138
4054
3365
2372
1153
156
-526
-1079
-1143
-737
-530
-730
-1176
-1910
-1909
-1708
-1182
-750
-741
-604
-1166
-2286
-2968
-3958
-4402
-4913
-4120
-1499
288
722
-1938
-4008
-4997
-4370
-3972
-2662
-542
2152
2817
-262
-2946
-2881
681
4868
5079
3077
-140
-1792
-2306
-2218
-1918
-395
726
-296
-2079
-3450
-3236
-1996
-2347
-2954
-3445
-3309
-3229
-3963
-5010
-4944
-4127
-3109
-1663
-160
1126
1208
349
297
1499
2926
4225
4213
4092
4085
4438
5194
5913
6140
5930
5157
4382
3514
2728
1995
1283
880
595
586
741
716
532
37
-201
-147
-12
618
1456
2673
3434
3407
2882
1925
1136
520
409
460
1017
1732
2063
2052
1418
775
490
320
297
597
1121
1487
1688
1648
2126
2873
3933
4438
4391
4526
4647
4862
5024
4797
4276
3688
3381
2900
2336
1456
893
509
-27
-329
-339
-348
-485
-938
-1117
-875
-364
284
85
-892
-1387
-1963
-2192
-2678
-3098
-3335
-3335
-3394
-3521
-3813
-4238
-3551
-4155
-4190
-5411
-5683
-5492
-5020
-4250
-2770
-806
1111
1625
-918
-4102
-5415
-3317
731
2607
2270
96
-1746
-2342
-2089
-1737
-1248
-144
-482
-1585
-2940
-4120
-4205
-4867
-5332
-5253
-4409
-3374
-3354
-3973
-4803
-4883
-4521
-3975
-2994
-1778
-620
141
268
307
645
1989
3433
4467
4347
4094
3510
2778
2077
1629
1638
1730
1770
1619
1311
934
357
-91
-699
-576
386
1865
2792
2464
1823
1149
1117
1395
945
468
71
-290
-31
357
698
1096
525
-142
-576
-706
-280
-22
-213
-36
319
812
1292
1508
1402
1652
2411
3855
5124
5492
4685
3564
2965
2843
3114
3123
3181
3219
2877
1688
373
145
445
1050
1090
1187
1534
1478
1025
157
-76
292
603
494
-24
-157
-4
-3
-271
-517
-1239
-1913
-2865
-3586
-3538
-3280
-2976
-3708
-4928
-5136
-3973
-2823
-1772
-2699
-3356
-3937
-4249
-4204
-3489
-1606
1129
2177
515
-1761
-2527
-486
2890
4371
4344
2578
510
-889
-1365
-876
325
1261
644
-464
-1575
-2008
-1997
-1934
-1985
-1969
-1431
-716
-581
-1469
-2171
-2079
-1117
556
2009
3031
3398
2827
2260
1772
1912
2554
3108
3486
2963
2500
2037
1751
1799
1841
2180
2582
2800
2727
2885
3689
4676
5138
4360
3166
2342
2146
2734
2885
2771
2705
2465
2419
2138
2236
2220
1875
1261
788
646
917
1431
1260
1144
1050
1223
2296
3359
4061
4478
4448
4041
3689
3607
3631
3816
3740
3823
3898
3530
2807
1852
1395
1192
887
624
1073
1809
2226
2235
1590
1040
514
-136
-506
-270
325
843
729
137
-716
-1535
-2069
-2312
-2585
-2754
-2769
-2687
-2915
-3264
-3627
-4482
-5301
-5941
-5452
-4966
-4400
-4628
-5451
-6600
-6843
-6396
-5340
-4507
-4204
-3843
-3921
-3760
-3611
-2797
-1564
87
504
-728
-2336
-3027
-1954
-23
632
451
-947
-1997
-2317
-1893
-866
49
243
-213
-1019
-1399
-826
39
423
422
-30
137
733
1206
1005
614
-58
-394
-452
-43
580
758
294
-602
-1230
-1253
-701
189
967
1544
1854
1571
1577
1866
2191
2562
2434
2106
1834
1636
2206
2984
3490
3401
2863
2656
2483
2355
2248
1871
1731
1491
1104
1302
1712
2287
2232
1650
1333
1476
2081
2364
2470
2575
2349
2054
1795
2223
2898
2930
2375
1594
1034
928
1186
1372
1754
2192
2391
2078
2054
2333
2402
2153
1912
1768
2038
2421
2137
1848
1481
1095
1094
959
752
438
35
-132
-259
-275
-446
-1286
-2578
-3367
-3701
-3483
-2856
-2627
-2514
-2902
-3793
-4756
-5392
-5346
-4962
-4685
-4201
-3876
-3254
-3238
-3612
-3810
-4237
-3686
-3409
-2970
-2906
-3201
-3548
-4067
-4509
-4900
-4290
-2882
-1025
-590
-1480
-1997
-1941
-420
900
1192
1424
1719
2016
2173
2306
2369
2763
3213
3160
2708
1976
1326
1023
658
345
-533
-859
-1171
-1476
-1625
-1607
-1442
-1395
-1043
-360
-32
-124
-600
-860
-849
-697
-307
215
869
1177
1507
1685
1827
2120
2244
2863
3154
3018
2519
2275
2506
3114
3695
3788
3706
3304
3324
3642
3974
4411
4602
4384
4108
3692
3557
3707
3647
3038
2770
2722
2789
2438
1917
1679
1768
1967
1924
1950
1965
1979
1600
1566
1911
2086
2170
2124
2028
1821
1998
2192
2555
2711
2658
2708
2856
2877
2864
2254
1897
1930
1719
1158
598
410
648
629
91
-610
-1650
-2119
-2253
-2350
-2195
-2314
-2080
-1543
-1223
-1042
-1338
-1861
-2060
-2069
-1925
-1715
-1731
-2201
-3069
-3895
-4067
-4057
-4197
-4054
-4239
-4127
-3867
-3634
-3544
-3659
-3231
-2613
-2287
-1937
-1680
-1632
-1260
-604
634
1776
2120
1823
739
-287
-620
-295
21
232
-120
-588
-785
-1096
-1403
-1469
-1077
-528
-600
-806
-534
-511
-903
-1963
-2442
-2474
-2071
-1345
-785
-394
-624
-1286
-2105
-2106
-1510
-653
-61
-268
-387
-663
-223
624
1503
1945
2066
2192
2503
2922
3306
4049
4647
4705
4447
4283
4244
4432
4303
3822
3194
2683
2750
2864
3189
3136
2784
1981
1387
1051
1033
1430
1652
1449
1084
644
515
292
377
436
596
662
851
1165
1415
1487
1146
897
889
1060
887
730
736
945
1063
670
521
428
663
446
-337
-1435
-2082
-1943
-1280
-583
-459
-586
-800
-764
-722
-563
-330
-333
-673
-1091
-1619
-1676
-1562
-1802
-2185
-2471
-2601
-2218
-1935
-2091
-2108
-1739
-1220
-998
-1229
-1567
-1173
-368
276
934
1338
1599
1712
1243
871
273
-322
-382
-92
122
23
-309
-1087
-1460
-2057
-2228
-1781
-1191
-576
-347
-586
-920
-1176
-921
-608
-640
-704
-655
-427
-342
-177
151
369
221
-564
-1235
-1605
-1518
-864
-323
-66
-92
-181
-425
-438
-490
-151
-38
644
1420
1870
2392
2447
2383
2201
1971
2286
2507
2407
2522
2526
2541
2638
2686
2422
1937
1707
1694
1916
2101
1983
1644
1322
954
517
359
536
832
1051
1151
982
872
837
815
674
631
685
912
956
606
328
296
298
-18
-93
78
95
-133
-715
-1185
-1270
-1157
-1096
-1370
-1396
-984
-734
-500
-467
-358
-530
-829
-1007
-1285
-1342
-1391
-1825
-2252
-2422
-2736
-2532
-2557
-2676
-2746
-2811
-2631
-2563
-2820
-2859
-2635
-1995
-1220
-696
-178
190
500
631
1034
1612
1878
1776
1402
1043
647
533
302
39
-202
-484
-837
-1168
-1138
-983
-882
-1050
-1340
-1647
-1931
-2207
-2536
-2668
-2508
-2104
-1855
-1473
-1205
-1627
-2067
-2705
-2793
-2503
-2264
-2167
-2092
-1984
-1767
-1380
-1277
-1108
-1164
-1019
-661
-368
177
431
294
791
1244
1727
1929
1770
1720
1619
1615
1513
1434
1539
1704
1674
1437
1080
1008
649
506
497
748
1241
1384
1071
218
-267
-400
-290
219
593
895
930
486
224
96
338
774
984
1171
1043
860
678
957
1164
1444
1380
1083
765
190
-114
-551
-639
-317
-15
552
901
628
511
796
1182
1474
1174
671
184
-288
-549
-738
-707
-913
-1319
-1660
-1437
-1217
-1210
-1345
-1750
-1742
-1654
-1694
-1759
-1958
-1817
-1251
-527
-98
92
284
322
649
810
1363
1484
1372
1705
1582
1332
1027
532
422
368
237
436
749
985
1288
987
321
-395
-1135
-1414
-984
-389
-27
76
-243
-559
-1091
-1461
-1541
-1520
-1469
-1721
-1591
-1455
-1429
-1696
-2275
-2417
-2247
-1768
-1605
-1408
-1465
-1315
-995
-900
-746
-679
-636
-546
-432
-54
288
397
302
134
67
202
654
1004
1149
914
523
148
219
704
1200
1499
1248
776
418
120
143
455
1195
1579
1146
542
85
-238
-81
185
526
963
1163
880
536
459
544
498
208
-213
-527
-550
-696
-879
-1075
-1107
-1091
-971
-772
-510
-1
313
426
116
155
157
182
88
-410
-702
-800
-903
-675
-375
-214
-565
-1317
-2000
-2535
-2444
-2163
-2253
-2244
-2064
-1697
-1768
-2079
-2202
-2139
-1967
-1426
-1007
-668
-373
-345
-391
-596
-503
-554
-613
-283
-5
344
686
834
1018
689
399
375
140
124
221
332
636
411
401
681
661
784
694
578
893
1158
1084
1153
1163
988
683
140
-124
-46
-129
-136
-126
318
647
678
477
0
-261
-45
280
663
914
1033
1211
874
477
282
360
621
981
1160
1024
541
-54
-344
-273
-28
259
577
541
408
-20
-531
-666
-784
-411
-127
243
426
335
149
-230
-214
-145
263
463
280
-22
-192
-336
-403
-293
-431
-630
-1184
-1610
-1751
-1831
-1796
-1667
-1245
-849
-469
-81
-54
7
166
334
170
181
71
-16
161
155
272
340
368
455
462
384
401
140
-31
-136
-43
37
28
38
-58
-36
-73
6
4
8
-92
-1
46
5
42
-247
-337
-533
-737
-574
-380
-415
-656
-694
-453
-346
-457
-836
-1185
-1406
-1512
-1393
-1117
-901
-594
-674
-740
-885
-740
-464
-329
-224
-310
111
342
463
12
-396
-554
-474
-425
-545
-304
-306
-352
-663
-794
-1023
-854
-587
-513
-338
218
696
709
656
378
353
661
686
841
867
1003
910
564
397
488
862
889
840
310
77
319
588
535
238
-224
-327
-116
-365
-326
-33
97
298
211
-132
-364
-534
-535
-648
-818
-685
-571
-996
-1449
-2040
-2344
-2220
-1874
-1494
-1194
-1285
-1248
-937
-1089
-919
-559
-303
8
68
-31
-230
-494
-547
-418
-122
532
679
674
586
279
27
-409
-530
-213
295
666
672
449
241
-95
-502
-590
-370
150
895
1175
1276
1202
752
482
244
192
410
853
1320
1417
1500
1248
754
49
-99
-292
121
564
360
67
-264
-125
-178
-135
-219
-234
-203
-342
-365
-75
127
101
-26
-462
-613
-362
-302
-122
-462
-551
-566
-1068
-1395
-1315
-950
-1059
-1020
-1400
-1419
-978
-710
-578
-562
-493
-117
29
238
609
600
631
384
116
24
366
684
855
1052
1207
1332
1229
1039
1077
1090
1411
1235
1009
1028
952
1255
1569
1763
1447
1310
1115
1074
717
347
208
276
397
238
19
-680
-1301
-1724
-1882
-1875
-1793
-1783
-1934
-1662
-1599
-1642
-1787
-1733
-1612
-1618
-1435
-1232
-955
-1019
-1179
-1359
-1130
-684
-442
-408
-636
-614
-716
-770
-636
-565
-706
-746
-975
-915
-1101
-1310
-1257
-1520
-1312
-1118
-1049
-1006
-936
-902
-1161
-1266
-1347
-1541
-1437
-995
-206
240
349
-8
-429
-678
-752
-423
-132
153
333
480
387
209
44
-224
-133
-26
178
583
806
1094
1093
935
884
545
671
619
844
1053
1106
1067
873
557
177
14
-11
90
384
375
270
-154
-365
-476
-329
-125
-181
118
318
579
477
302
66
-233
-170
-164
74
285
480
736
765
686
596
296
262
396
610
1198
1490
1544
1174
703
787
976
1160
1060
796
731
837
648
474
18
-495
-831
-996
-1079
-1260
-1652
-2108
-2335
-2178
-2014
-1838
-1533
-1516
-1477
-1813
-2178
-2191
-2272
-2179
-1886
-1579
-1326
-1245
-1452
-1592
-1352
-1217
-843
-606
-554
-328
16
327
319
156
124
525
462
416
519
467
577
567
629
838
1084
928
628
290
434
596
386
539
525
764
1015
861
666
624
279
188
228
234
357
358
404
222
67
9
131
222
229
126
103
296
289
191
62
202
439
363
661
919
673
391
107
193
393
559
540
356
283
89
293
387
116
-174
-24
-30
-78
-77
-113
83
136
-55
-393
-736
-1008
-815
-625
-204
131
231
163
80
99
-9
-72
-113
9
454
692
928
1050
1045
981
780
978
1297
1673
2059
2098
1684
1563
1428
1194
1091
950
867
687
396
176
202
-110
-494
-544
-382
-228
-58
-328
-885
-1025
-1153
-1140
-1376
-1272
-1232
-1272
-1285
-1424
-1500
-1586
-1693
-1647
-1250
-845
-618
-664
-740
-730
-909
-681
-653
-635
-181
-108
138
236
58
-99
-110
-240
-242
-160
-144
89
-57
49
527
558
705
739
677
857
1222
1404
1396
1486
1304
1259
965
913
966
834
830
831
665
373
242
39
160
233
196
160
204
406
523
360
444
696
598
320
247
107
179
281
364
437
152
-26
-106
-171
-158
-45
-119
54
296
434
448
-58
-305
-512
-274
-300
-367
-328
-232
11
38
-23
-442
-508
-680
-556
-491
-459
-363
-199
-66
99
304
354
451
349
334
261
513
777
1224
1185
1008
731
780
690
492
428
518
661
546
443
395
698
801
719
494
606
384
214
24
-18
44
-46
-102
-533
-673
-912
-888
-912
-1018
-1111
-1123
-975
-910
-612
-649
-790
-893
-956
-892
-483
-264
-364
-613
-983
-943
-783
-798
-948
-1253
-1172
-1235
-1327
-1003
-916
-679
-443
-318
-231
-247
-177
-97
140
341
460
278
140
27
-71
144
325
397
269
294
263
321
118
122
398
571
583
606
717
847
884
714
526
493
613
861
919
730
555
286
30
-26
30
318
652
691
566
320
350
573
601
387
159
95
303
477
828
1117
1171
982
584
466
590
658
608
624
418
425
392
433
227
118
211
227
181
188
675
945
937
820
651
667
1026
931
724
489
342
149
68
155
222
498
411
456
721
857
952
651
681
694
824
999
974
960
611
256
-14
-147
-97
-41
-30
27
18
-193
-241
-385
-496
-376
-227
-147
-260
-607
-569
-463
-592
-451
-555
-608
-659
-732
-884
-917
-937
-1073
-902
-726
-680
-557
-742
-586
-729
-644
-357
-227
-285
-294
-415
-680
-449
-414
-439
-376
-335
-545
-717
-834
-644
-553
-465
-475
-433
-326
-234
17
173
246
407
324
132
139
-47
-71
16
-106
-134
-165
-256
-400
-592
-630
-561
-406
19
181
-42
-52
-34
36
22
152
365
464
719
869
756
700
431
136
-8
110
269
400
369
-52
-277
-348
-284
-224
-102
57
-154
-302
-334
-222
44
95
179
299
302
52
-279
-552
-653
-674
-645
-372
-257
-169
-83
-200
-222
-236
-190
-67
37
235
164
173
183
52
-160
-392
-500
-654
-385
-179
-181
-430
-423
-427
-389
-329
-346
-451
-494
-329
-148
-53
-141
-336
-484
-557
-525
-489
-467
-400
-649
-885
-833
-722
-603
-376
-444
-357
-243
-402
-311
18
192
3
271
37
-85
45
79
247
226
110
75
-58
2
83
-21
26
202
260
-30
-72
-210
-257
-46
314
359
395
305
60
91
202
248
177
151
-7
-171
-121
-68
64
68
-147
-109
32
205
137
278
477
588
635
714
819
875
900
719
723
512
472
327
273
187
136
310
484
523
369
149
226
207
324
521
670
692
334
109
245
356
456
501
460
333
53
-138
-265
-145
-149
160
324
434
554
69
-83
-145
-82
60
239
395
231
30
-220
-374
-591
-544
-359
-307
-198
-285
-597
-820
-861
-1017
-1022
-915
-697
-441
-610
-758
-689
-546
-616
-676
-692
-630
-535
-619
-682
-917
-1221
-1423
-1316
-744
-544
-347
-241
-263
-315
-543
-640
-635
-496
-407
-361
-459
-353
-220
-37
-157
-247
-475
-335
-80
-83
6
-103
-115
-364
-351
-361
-443
-295
-342
-103
-176
-290
-466
-514
-357
-375
-404
-434
-716
-723
-664
-522
-449
-501
-503
-490
-384
-230
-247
-121
4
-17
101
296
526
577
654
371
239
389
438
436
365
272
258
427
373
414
502
601
674
640
977
1012
1028
1171
1096
1165
1028
793
737
666
851
835
524
439
388
335
443
644
753
643
485
595
822
1085
1170
1229
1194
1241
1159
1107
1190
1004
1125
925
923
917
840
693
590
694
702
605
391
303
114
211
503
604
525
457
200
-82
-331
-328
-347
-496
-630
-920
-864
-784
-591
-474
-389
-474
-524
-435
-327
-411
-512
-632
-551
-448
-282
-133
-326
-366
-494
-536
-333
-209
-125
53
-24
-246
-400
-211
-165
-30
100
283
486
422
375
204
111
165
234
123
-37
-83
-124
-68
-205
-448
-449
-362
-209
-238
-167
-268
-257
-142
-148
-156
-89
58
26
107
160
97
4
13
101
168
248
232
348
383
568
534
533
448
456
384
378
568
619
920
814
881
918
689
675
576
455
354
238
124
155
214
-92
-169
-76
-76
-47
148
65
-154
-130
-222
-139
71
107
223
133
72
-26
-23
176
143
136
25
-28
-18
3
64
88
179
321
280
285
563
654
663
783
561
647
597
527
458
197
63
-18
-120
-193
-199
-245
-431
-460
-497
-830
-984
-1053
-1010
-1009
-1062
-1078
-978
-911
-861
-1035
-1367
-1242
-1421
