-375
-314
-307
-159
-260
-320
-210
-226
-400
-169
-55
-36
-63
-116
-103
-141
-283
-285
-254
-345
-226
-197
-276
-276
-328
-355
-419
-415
-537
-579
-543
-723
-878
-895
-914
-910
-821
-988
-1080
-1040
-1005
-943
-1042
-949
-852
-743
-719
-783
-930
-945
-895
-775
-783
-866
-600
-600
-586
-482
-304
-271
-271
-192
-150
8
135
155
244
336
425
351
481
657
696
783
826
938
994
1020
963
1202
978
952
902
751
681
600
552
458
525
412
539
619
491
479
508
460
478
523
367
148
184
72
71
-4
-207
-329
-285
-100
-137
-178
-267
15
76
-41
-10
26
10
222
224
319
364
389
460
395
531
609
660
640
547
507
605
652
715
686
690
720
974
910
818
972
945
991
1145
1091
930
991
905
916
928
1087
1084
883
929
906
854
882
859
961
1027
985
990
1177
1092
1038
1092
1026
942
780
890
806
834
998
883
761
683
619
645
585
514
447
274
270
268
107
-43
-104
-205
-234
-325
-328
-523
-559
-588
-528
-457
-423
-549
-619
-489
-601
-548
-611
-546
-545
-447
-556
-550
-555
-299
-290
-369
-329
-406
-255
-322
-281
-164
-224
-101
-152
-140
-51
-101
-178
-278
-69
-35
130
13
47
146
155
251
93
87
122
113
133
124
74
155
278
358
319
328
179
184
266
146
213
140
-118
7
78
127
277
306
199
210
159
63
66
6
-17
136
227
58
303
151
68
144
8
183
129
173
-8
-216
-172
-124
64
258
190
235
171
290
343
298
257
141
145
91
134
121
73
148
85
-34
3
38
106
20
-76
-3
-108
-187
-296
-346
-195
-105
-230
-241
-226
-467
-479
-568
-750
-740
-785
-883
-940
-682
-618
-584
-649
-612
-647
-751
-791
-717
-612
-601
-620
-745
-664
-632
-613
-626
-756
-630
-636
-344
-346
-333
-386
-162
77
-98
13
143
130
305
398
341
366
510
617
485
590
550
727
823
833
906
862
834
907
724
707
807
723
917
903
812
749
796
939
930
902
727
734
893
1001
912
988
716
655
688
586
583
692
667
617
630
584
731
640
527
527
259
358
457
327
356
434
481
542
428
450
497
717
611
817
998
982
1064
1007
1011
799
824
723
654
476
450
504
528
390
445
531
592
452
369
313
148
280
466
269
219
73
-107
51
-146
-73
-275
-388
-286
-465
-472
-592
-590
-567
-530
-790
-878
-864
-901
-959
-1144
-881
-849
-941
-912
-810
-841
-763
-600
-587
-417
-103
-29
-6
60
-37
81
87
295
451
453
729
885
894
1046
1109
1087
1126
1071
1218
1106
1115
1113
892
767
550
500
596
575
537
427
489
550
563
565
398
450
424
460
603
630
634
689
782
704
655
688
753
741
863
848
955
1120
1065
1093
958
1021
997
940
1101
926
991
806
705
820
782
658
521
462
366
311
38
42
104
17
-170
-108
-69
-195
-242
-281
-352
-349
-369
-520
-565
-306
-131
-79
-130
-208
-275
-338
-54
-1
-175
-160
-24
-38
-22
106
65
70
35
31
36
14
-17
-54
-47
-33
-124
-243
-212
-289
-420
-547
-671
-687
-694
-721
-885
-1059
-942
-1004
-1224
-1388
-1349
-1270
-1304
-1213
-1159
-1051
-890
-964
-861
-881
-751
-520
-471
-213
-49
-200
-201
-157
-223
-176
31
-93
-146
-55
-137
-100
-210
-269
-234
-273
-251
-213
-185
-106
-208
-293
-268
-309
-519
-440
-348
-377
-449
-402
-267
-357
-191
-161
-77
-48
47
331
381
689
712
622
727
865
1084
1299
1534
1581
1656
1698
1780
1612
1601
1729
1619
1605
1650
1648
1571
1337
1092
960
775
660
680
590
496
445
121
-100
-332
-386
-374
-470
-472
-407
-379
-349
-471
-474
-561
-684
-550
-610
-595
-519
-378
-225
-153
-152
-126
101
12
149
338
120
12
-104
-110
-55
-129
-298
-239
-295
-417
-502
-608
-736
-1139
-1255
-1378
-1596
-1677
-1686
-1840
-1773
-1980
-2101
-2099
-2263
-2221
-2252
-2152
-2149
-2290
-2452
-2421
-2408
-2420
-2582
-2613
-2317
-2235
-2213
-2249
-2176
-2232
-2132
-2018
-2007
-1786
-1323
-1050
-916
-826
-892
-777
-738
-614
-497
-418
-273
-246
-158
-165
-241
-223
-251
-99
-74
22
178
469
666
588
560
527
550
528
683
723
699
672
684
811
726
790
843
961
1103
1215
1528
1565
1731
2015
2115
2176
2291
2395
2379
2388
2333
2357
2431
2511
2554
2685
2726
2747
2773
2704
2555
2586
2509
2400
2315
2189
2119
2027
2133
2012
1876
1854
1906
1701
1585
1507
1353
1253
1161
1000
981
875
525
460
454
402
294
272
383
299
389
540
582
711
621
402
225
259
274
152
102
125
146
159
149
36
-250
-444
-477
-614
-583
-794
-839
-885
-976
-1234
-1365
-1526
-1766
-1660
-1633
-1758
-1823
-1784
-1962
-2122
-2295
-2326
-2218
-2338
-2375
-2254
-2418
-2505
-2700
-2838
-2793
-2875
-2677
-2611
-2575
-2598
-2544
-2701
-2826
-2747
-2594
-2226
-2054
-1818
-1684
-1717
-1884
-1754
-1661
-1602
-1312
-951
-697
-637
-390
-451
-545
-587
-355
-218
-109
68
138
220
108
15
-103
-89
-94
-55
4
12
-23
-59
-4
111
137
-18
161
372
302
458
552
597
604
803
1002
1081
1165
1305
1425
1520
1566
1506
1559
1885
2065
2220
2366
2446
2498
2669
2716
2747
2880
2875
3219
3140
3048
2920
2747
2890
2980
2791
2756
2545
2310
2140
1808
1648
1290
1170
1120
992
953
861
612
356
259
178
86
250
244
304
260
249
287
251
282
121
429
621
682
862
674
619
489
203
34
-66
46
-41
-251
-290
-521
-876
-890
-968
-1039
-953
-1276
-1215
-1788
-1958
-1811
-2225
-2125
-2372
-2354
-2211
-2494
-2656
-2836
-2925
-2900
-3035
-2816
-2930
-3103
-2921
-3411
-3535
-3697
-3623
-3663
-3788
-3692
-3160
-3048
-3382
-3050
-3185
-3237
-3511
-3101
-2674
-2006
-1700
-1424
-1325
-1722
-1361
-1142
-1086
-636
-333
38
48
-5
303
181
185
109
518
934
909
945
833
587
499
53
195
29
-62
304
298
464
417
81
102
-8
10
402
657
1061
944
983
1155
1079
1092
1220
1748
1850
1881
2026
2275
2472
2507
2405
2545
2582
2794
3082
2963
3148
3174
3261
3202
3051
2998
2806
2845
2692
2631
2428
2153
1868
1657
1642
1622
1440
1127
1020
985
880
552
224
266
589
475
574
690
602
625
883
858
1054
1240
1284
1664
1293
1381
1536
1305
1724
1707
1533
1524
1718
2006
1767
1294
1233
1142
712
969
608
423
221
23
-61
-626
-730
-860
-804
-894
-1365
-1407
-1732
-1961
-2195
-2187
-2279
-2464
-2691
-2616
-2969
-3034
-2835
-3128
-3062
-3403
-3149
-3148
-3435
-3482
-3526
-3711
-4235
-3820
-3406
-3487
-3613
-2980
-2878
-3146
-3169
-2997
-2726
-2680
-2081
-1438
-1287
-1093
-854
-620
-626
-690
36
637
809
1209
1301
1132
928
608
663
678
765
965
1045
996
778
663
460
419
634
529
779
868
719
837
884
689
829
1033
1188
1452
1408
1942
1972
1723
1933
2204
1960
2253
2328
2577
2616
2427
2689
2619
2496
2466
2409
2380
2479
2211
2378
2544
2434
2312
2211
2345
2096
1983
1797
1585
1390
1144
1149
904
784
855
774
638
532
465
691
673
551
460
694
784
883
597
700
616
625
633
825
885
882
891
1005
1085
806
1054
679
836
795
993
895
1114
803
745
633
187
372
258
273
-173
-242
-561
-313
-764
-1193
-1024
-1263
-1310
-1713
-1887
-2140
-2259
-2292
-2373
-2878
-2808
-2950
-3179
-3391
-3628
-3553
-3711
-3706
-4009
-3834
-3939
-3911
-4263
-4445
-4427
-4517
-4696
-4396
-4376
-4150
-3896
-3916
-3828
-4012
-4110
-3444
-3550
-3100
-2268
-2036
-2132
-2154
-1793
-1341
-1307
-820
-225
-112
463
690
798
927
850
1200
1265
1460
1606
1424
1543
1525
1258
956
841
1063
1130
849
1029
859
780
797
598
675
824
951
1224
1214
1222
1371
1458
1474
1641
1945
2303
2621
2712
2666
2680
2541
2751
2713
2661
2711
2691
2717
2700
2442
2484
2440
2268
2386
2195
2372
2552
2207
2025
2020
1557
1368
1411
1316
1290
1104
985
683
322
242
171
-194
-51
156
10
58
-8
-286
-262
371
284
466
316
532
863
676
1101
787
844
1011
1112
914
986
801
1171
1068
494
642
372
657
435
571
519
58
74
-321
-874
-783
-856
-735
-854
-1506
-1392
-1476
-2048
-2234
-2682
-2483
-3004
-3351
-3127
-3352
-3554
-3466
-3567
-3993
-3925
-4080
-3835
-4228
-4234
-4543
-4229
-4186
-4401
-3997
-4176
-3902
-3952
-4050
-3769
-3682
-3386
-2736
-2585
-2215
-1910
-2245
-1705
-1349
-1027
-612
-390
19
391
64
64
429
643
669
714
1137
1189
868
674
900
784
510
846
687
788
917
712
594
399
346
671
564
991
1414
1415
1532
1570
1415
1643
1980
2287
2278
2166
2445
2606
2525
2658
3159
3036
3045
3006
3035
2949
2859
3033
2749
2868
2791
2555
2338
2377
2407
2198
1867
1657
1382
864
885
987
565
298
-59
-323
-331
-422
-372
-464
-693
-718
-771
-729
-755
-941
-775
-753
-502
-574
-240
-26
-37
132
81
461
556
761
822
1137
1152
1240
1545
1375
1686
1157
1453
1350
978
1001
1012
1296
800
900
759
354
-76
200
-249
-467
-656
-673
-1031
-1812
-1755
-1765
-2345
-2325
-2682
-2591
-2461
-2844
-3037
-3452
-3593
-3653
-3943
-3989
-3616
-3882
-3257
-3406
-4125
-4154
-4243
-3826
-3704
-2852
-2034
-1560
-1830
-1518
-1495
-1559
-745
-405
442
413
766
1091
355
440
567
777
773
1138
1667
1634
1171
839
663
287
179
346
387
160
104
-176
-562
-669
-682
-234
49
161
552
566
266
443
503
504
894
1224
1643
1737
1812
1876
1862
1984
1894
2122
2630
3108
3242
3021
3029
2948
2796
2719
3218
3405
3316
3328
2881
2389
2037
1855
1791
1827
1909
1652
1085
573
65
-271
-442
-350
-509
-840
-923
-969
-1337
-1555
-1422
-1092
-1114
-988
-871
-843
-891
-900
-927
-720
-245
-19
286
215
301
308
375
386
506
546
524
749
430
254
243
304
-239
-271
-93
-120
-416
-576
-566
-1165
-1646
-1391
-1810
-2096
-1931
-2038
-2331
-2799
-2998
-2865
-3846
-4195
-3876
-4129
-4575
-4820
-5153
-5099
-5176
-4999
-4148
-5146
-4964
-5054
-4817
-4950
-4779
-3943
-2715
-2391
-2414
-1961
-2584
-2217
-1368
-496
449
64
763
468
254
141
124
198
202
373
964
558
-39
-511
-800
-804
-890
-444
-362
-790
-948
-1325
-1409
-1447
-1649
-1214
-805
-629
-138
-74
-278
-456
-317
355
762
1094
1577
1778
1918
2000
1985
2274
2530
2686
2984
3473
3603
3782
3297
2964
3023
3253
3585
3811
3808
3602
3405
3072
2718
2553
2517
2762
2725
2699
2401
1755
1401
869
782
955
1133
1185
1062
732
603
442
408
545
648
1059
1418
1408
1272
1066
1051
956
1124
1468
1656
1719
1922
1797
1524
1261
1340
1674
1871
1860
1621
1441
1144
748
296
702
520
417
-112
-135
-406
-768
-1282
-1838
-1748
-1818
-1933
-2351
-2764
-3088
-3505
-3746
-4078
-4375
-4491
-4785
-5357
-5892
-5722
-4847
-4114
-4237
-4462
-5413
-5581
-5692
-5187
-4344
-2430
-1122
-1027
-2395
-2792
-2299
-1869
-765
725
1193
1156
327
-108
-212
-630
-932
-234
326
998
589
-274
-1136
-2295
-2599
-1956
-1197
-801
-1242
-1764
-2213
-2838
-3280
-2939
-2210
-1414
-922
-379
-52
-60
-638
-897
421
1400
2272
2692
3128
3369
2771
2527
2841
3626
3926
4247
4421
5099
4842
3654
3472
3419
3633
4042
4298
4564
3950
3123
2586
1960
1982
2138
2214
2651
2671
2135
1284
392
55
86
342
927
1145
851
236
-433
-628
-526
-54
259
452
726
719
560
372
417
492
743
1027
1367
1777
1570
1270
1061
925
891
1324
1586
1539
1330
954
703
166
-87
-147
-148
-322
-451
-945
-1683
-2103
-2099
-2233
-2346
-2343
-2657
-2837
-3420
-3675
-4266
-4673
-4868
-4945
-5476
-5257
-3463
-3479
-3499
-4799
-5544
-5255
-4717
-3988
-2455
-750
935
1087
-1428
-2245
-1933
22
2875
3208
3683
3043
1412
935
382
266
691
880
1187
1707
1405
151
-1916
-3595
-3472
-2105
-1419
-1216
-1850
-3182
-4031
-4844
-5113
-4122
-3003
-2269
-1866
-1355
-791
-1352
-2143
-1388
-16
1727
2944
2961
2765
2670
2142
2334
3132
4321
4815
4583
4740
5207
4386
3800
3494
3613
4338
4496
4532
4243
3298
2534
2294
2248
2630
2359
1666
1551
1447
1250
592
-26
-9
61
393
844
733
-159
-587
-322
216
825
1106
1083
755
703
1182
1553
1822
1874
2057
2345
2430
2282
2180
2030
1911
1942
1889
1917
1694
1065
403
238
-29
-318
-638
-998
-1126
-1528
-1771
-1815
-2212
-2863
-3049
-2932
-3054
-3590
-3861
-3891
-4117
-4050
-4774
-5415
-5957
-6154
-7028
-4730
-2640
-1942
-3225
-5666
-5438
-4680
-4012
-2508
-112
2090
4256
1590
-1745
-2397
-1337
3185
4615
4874
5404
3332
1746
150
-771
-23
1124
1363
2183
1901
331
-2097
-5161
-5819
-3409
-1951
-1061
-1572
-3447
-4701
-5629
-6619
-5388
-3260
-1452
-716
-1151
-923
-510
-1820
-2220
-468
1915
4342
4593
3998
3804
3053
2847
3607
5099
6621
7447
6593
6810
6548
5666
4986
4525
5937
7183
7527
6575
5015
3602
3057
3254
3221
4238
4282
3779
2935
1714
1353
777
717
1407
2050
2407
2160
1337
433
90
419
1537
2375
2956
2773
2040
1253
1302
2185
2971
3496
3520
3460
3204
2659
2361
2128
2208
2586
2635
2642
2294
1521
444
-363
-674
-368
-438
-955
-1226
-1835
-2351
-3146
-3980
-4234
-4401
-4286
-4481
-4743
-5151
-5690
-6850
-7225
-7733
-7646
-7192
-4480
-3551
-3544
-5970
-7440
-6223
-5186
-3213
-1950
741
2822
3967
-58
-2081
-1461
2203
6751
7250
6744
5065
2679
1903
906
1859
2850
3766
2372
1732
618
-536
-2437
-4668
-3484
-1570
-1043
-1835
-4149
-6031
-6650
-6575
-5906
-3752
-1968
-1193
-2087
-3387
-3114
-1958
-1744
-853
472
2393
3681
2798
1869
1891
2612
3671
5009
5658
6982
6214
5026
4937
5127
5121
5311
5363
5821
6176
5717
5411
4131
3393
3262
2977
3032
3700
3477
2492
1572
1294
1289
215
326
745
1707
2502
1976
1040
-203
-12
584
1367
2064
2703
2599
1632
1766
2252
2659
2782
2835
3133
3303
3298
3003
2607
2399
2516
2522
2172
2260
1998
1371
694
592
523
71
-207
-994
-1676
-2595
-2364
-2528
-3200
-4001
-4232
-4491
-5042
-5319
-5749
-5794
-6310
-6897
-7735
-8378
-8248
-4920
-3590
-3452
-5913
-8170
-7196
-5582
-4136
-2829
-1176
2286
3577
-670
-3579
-3443
1164
6819
7430
6436
3845
2050
1364
329
933
2394
3844
2341
992
-339
-1519
-2947
-5249
-4731
-2298
-311
-921
-4464
-7010
-7455
-6700
-6107
-4684
-2673
-1376
-2330
-4230
-4244
-2871
-1575
-712
176
1975
3522
2540
588
136
1638
3267
3785
4647
5297
4780
3402
3000
3134
4213
4730
4840
4717
4387
4607
3576
2776
2349
3045
3639
3899
3824
2811
2021
1411
1667
1909
2822
3386
2961
2204
2032
3106
2806
2799
2972
3424
3901
4062
3882
3082
2901
3421
4045
4655
5226
5070
3717
2857
2931
3685
4292
4107
3161
1946
1266
1077
1014
924
566
327
-608
-1048
-1247
-1896
-2835
-3667
-3404
-3106
-3242
-3839
-4427
-5960
-6509
-6951
-6403
-6171
-6088
-7570
-8589
-9480
-7391
-4524
-4100
-4362
-7486
-7612
-6608
-5105
-3981
-2147
335
3212
1641
-2939
-4324
-1963
4074
7673
6157
4132
1353
407
-332
-663
384
2169
1877
-126
-1943
-3220
-3575
-5413
-6697
-5142
-3179
-1915
-4418
-7758
-8953
-8111
-6608
-5014
-3622
-2018
-2033
-3837
-4906
-3250
-1346
310
1166
1833
3460
3563
2392
1411
2054
3947
5422
5675
5508
4761
3795
3334
3157
3481
4720
4858
5034
4008
2824
1868
1259
1448
2086
2595
2407
2222
636
-448
-717
-365
1231
1477
2426
1779
596
212
638
1897
2554
3179
3610
3731
3585
3588
3479
4006
5141
6045
6638
6742
6407
5720
5077
4870
5630
6778
7086
6618
5115
3192
2330
2413
2839
3142
2687
1627
180
-1276
-1841
-2354
-2645
-2571
-2498
-2627
-3399
-4902
-6198
-6112
-6710
-5770
-5956
-5545
-6579
-8343
-10448
-8638
-4681
-3014
-3418
-7553
-7903
-7847
-6129
-4852
-2760
361
3440
1427
-3446
-4703
-3352
2930
6516
5555
4688
970
-354
-1426
-1484
-631
862
14
-1136
-2318
-4277
-5402
-7264
-8343
-5380
-4376
-3862
-5449
-8617
-9316
-9023
-8551
-6672
-3995
-2140
-2045
-4026
-4932
-2911
-1679
-251
1544
3009
4827
3928
2271
2450
3526
4949
6014
6452
7342
6642
4238
3345
3508
4731
5268
5130
5077
4307
2486
844
24
275
1538
1880
1414
-214
-1669
-2684
-2895
-1749
-630
-169
-389
-982
-1604
-1907
-1351
-413
549
1370
2188
2349
1835
1566
1603
2294
3721
5221
5800
5017
4309
4003
4232
4685
5200
5830
5992
5759
4549
3076
2303
2621
3314
3612
3209
1636
-106
-1721
-1884
-1362
-1172
-1286
-1484
-2397
-3290
-5055
-5487
-5666
-5255
-5014
-5012
-5754
-6028
-8047
-7505
-4491
-3032
-1676
-5858
-5893
-5732
-3923
-3066
-420
2316
5984
3520
-1689
-3295
-977
5744
9365
7541
6125
2357
989
-297
46
1130
2883
2389
397
-1510
-3247
-4432
-6458
-8095
-5158
-3134
-2584
-5354
-8983
-9939
-9604
-8789
-7145
-4267
-1900
-1985
-4285
-5908
-4089
-2150
-529
800
2580
4867
4079
2020
1136
2471
4485
5895
6439
7045
6664
4684
3003
3232
3982
4703
3821
4114
4222
3777
2159
-99
-965
-727
374
914
491
-460
-1413
-2166
-2253
-2021
-2083
-1103
-678
87
17
-210
-260
-353
274
1515
2938
3277
2823
2117
1710
2488
3911
5216
5674
5161
4189
3213
3174
3691
4277
4684
4820
4095
2863
1937
1064
907
1329
2015
2163
966
-599
-1672
-2058
-2632
-2765
-2871
-2217
-2337
-2760
-4193
-5330
-5938
-5989
-6077
-5849
-5879
-6066
-2267
-2327
-850
-4480
-6713
-6013
-3951
-1547
839
2876
5672
5651
-455
-3816
-3308
2554
10267
10204
7829
3769
238
-589
-1284
-136
2322
3386
889
-1606
-4295
-5629
-6553
-9308
-7960
-4596
-3133
-3759
-8248
-10750
-10912
-10912
-9840
-6464
-2875
-861
-2417
-5598
-5890
-3643
-2077
869
2286
4928
5558
3157
1465
2265
3750
5338
5981
6987
7994
7001
4679
3592
3036
3274
3672
3701
4497
4478
2726
986
-1050
-1796
-1387
-1062
-474
90
-626
-1788
-2823
-3569
-3248
-2903
-1405
-160
830
1222
792
-289
-1144
304
2406
4288
4359
3581
3117
2571
3353
4060
5386
6146
6005
5288
3910
3706
3692
3892
3946
4495
4376
3255
2176
979
511
275
171
317
323
-184
-1583
-2819
-3203
-3018
-3558
-3954
-3717
-3417
-3854
-4998
-6175
-7175
-7629
-7672
-7112
-2157
-784
226
-4101
-6975
-6415
-4664
-2842
502
3830
7560
7951
1131
-2970
-4042
1177
9040
10639
10341
6573
1921
-1189
-2463
-265
2285
3734
1467
-529
-2931
-4656
-6269
-9855
-9937
-6999
-4295
-2909
-6241
-9131
-11011
-11440
-10459
-6957
-2841
445
-115
-2892
-4010
-2655
-1290
703
2356
5932
7862
6369
3755
2987
4181
5769
7305
8729
9187
8457
6101
4969
4642
4954
5171
4136
4881
4950
4284
1701
-706
-1607
-1501
-762
-103
300
-1180
-2537
-4354
-5011
-3999
-3584
-1907
-1513
-1244
-1089
-1388
-1201
-776
186
1635
3182
4439
4291
2881
1523
1999
3116
4800
6084
5940
5111
3410
2353
2243
2449
3158
3572
3215
2254
1221
-21
-783
-1352
-1847
-1895
-1594
-1766
-2918
-4354
-5204
-5933
-6013
-5737
-5178
-5430
-6473
-7256
-7488
-7146
-7933
-8793
-9290
-4685
-1913
-314
-3709
-6599
-6815
-5595
-3633
-114
3826
8001
8049
2352
-2378
-2748
1936
8253
9719
9937
7759
4221
581
-1897
-1267
1303
2963
1847
50
-2271
-3972
-6323
-9701
-10080
-8329
-6255
-4744
-6207
-7341
-9399
-11948
-12631
-10194
-4959
-458
75
-1628
-2692
-2667
-2107
-179
2550
6419
8056
7060
6034
5627
5695
5536
5716
7760
10075
10390
8934
7178
5833
5398
4537
4682
5418
6085
5262
3351
906
0
-141
-224
-248
-604
-863
-1140
-2120
-2798
-3642
-3652
-3045
-2066
-897
-63
-223
-543
-525
230
1549
2521
3449
3831
3713
3556
3865
4306
4687
5459
5704
5995
5407
4442
3794
3404
3390
3337
2997
2788
2279
1263
609
-87
-1091
-1738
-2459
-2342
-2468
-2985
-3822
-4992
-5947
-6425
-6551
-6413
-6701
-7589
-7971
-8507
-8465
-10066
-8676
-5648
-3178
-3091
-5966
-7121
-6944
-5457
-3981
-213
3664
8076
6102
125
-3047
-2175
3928
8391
9459
9516
5816
2985
91
-757
170
1337
882
-155
-900
-1870
-3397
-6626
-9713
-9676
-9042
-6884
-5654
-6431
-6625
-8746
-10940
-11552
-9209
-4614
-1537
-818
-474
137
-509
-827
-137
2399
6386
7936
7531
7151
6819
7141
6223
5698
7158
8261
8952
9298
9318
8620
6589
3959
2724
3583
4989
5753
4217
2276
832
-203
-703
-486
-605
-1073
-1137
-1095
-597
-1746
-3190
-3638
-3121
-1057
781
1713
1512
1222
1322
2267
3531
4313
4708
4119
4500
5460
6180
6379
5918
5401
5112
5345
5955
6294
5678
4681
3408
2420
2909
3122
2843
2332
1485
549
-327
-1076
-1042
-1330
-1841
-2202
-2636
-3787
-4325
-4918
-5320
-5996
-7130
-7292
-7227
-7654
-8268
-5319
-3407
-1812
-4580
-7309
-7627
-6325
-4426
-2645
1124
5957
7974
2875
-1821
-3609
-909
5137
7092
9029
8347
4340
832
-2565
-2745
-667
-142
-1298
-2063
-2331
-3171
-5531
-9978
-11522
-10958
-10351
-8671
-8103
-7535
-7047
-10041
-12488
-12311
-8767
-4147
-1855
-1164
-273
319
-924
-1121
-272
2884
5470
5351
5893
7231
7760
6559
4004
3613
5329
6397
6652
7272
7532
7050
4583
1792
1031
1352
2293
2268
2044
1830
946
-947
-2544
-3033
-3127
-2265
-1762
-794
-466
-1496
-2229
-3463
-3828
-2317
-552
1696
2787
3183
2833
2314
2554
3252
3971
4465
5690
6782
7384
7462
6566
5133
3941
3850
5032
6749
7629
6888
4468
2110
1461
1375
2337
2814
2544
1330
-317
-1069
-1378
-1681
-2127
-2408
-2541
-2680
-2729
-3054
-4668
-6141
-7425
-7187
-6727
-6715
-7934
-5089
-3369
-1836
-4131
-7392
-7689
-6985
-5553
-2947
878
5444
7980
3122
-1704
-3491
-1529
3891
5521
7571
8002
5095
1898
-1939
-2571
-1500
-1292
-2694
-3406
-2726
-1913
-3002
-7448
-10144
-11321
-11875
-10301
-8887
-6415
-4509
-6650
-9879
-11250
-9162
-4822
-2098
-858
903
2254
2242
1827
1907
3674
5170
4748
5540
7631
9460
9368
6802
5313
5097
5189
5441
6322
8294
8348
6201
2886
1872
1884
1790
1557
1369
1590
2025
1396
192
-1151
-2219
-2748
-2190
-1114
514
328
15
-488
-1112
-1253
-628
725
2650
4194
4941
5303
4644
3630
3142
3365
4802
6355
7379
7332
6860
6066
4947
4290
4373
5167
6174
5956
5405
4016
2886
2000
1425
1797
2039
2183
1398
853
334
-20
-797
-1692
-1903
-1668
-1566
-1744
-2692
-3310
-4766
-5399
-5908
-5382
-5829
-5723
-3841
-2545
-781
-3325
-5014
-7254
-5942
-5133
-2421
363
5200
7481
4242
-348
-4124
-1522
3002
5835
6565
5035
4216
1712
78
-2744
-2263
-2604
-3515
-4879
-5753
-3643
-2930
-5005
-9066
-12408
-12750
-11667
-9570
-7996
-5920
-6110
-7798
-9841
-9301
-6301
-3168
-1609
-1051
-92
747
1743
2276
2795
3429
3066
3034
3669
5239
6482
7073
6276
4839
3516
3487
4682
5615
5566
4502
3243
2098
1870
1432
861
354
-209
-445
-562
-647
-1204
-1927
-2642
-2938
-2919
-3188
-2701
-2268
-1827
-1650
-1560
-897
-476
230
1182
1912
2579
2492
2063
1993
2834
3659
3932
3832
4113
4814
4594
3736
3765
3987
4632
3958
3219
3141
2969
2532
2008
1960
1955
1474
180
-233
5
238
-167
-987
-1106
-1100
-1597
-2081
-2376
-2763
-2975
-3643
-4016
-4441
-4959
-6179
-4902
-3772
-782
-596
-1521
-4571
-6202
-6702
-4363
-1787
2054
6244
7143
4901
-307
-3199
-1311
3216
6538
7019
5238
3036
2056
413
-557
-1574
-3043
-4641
-5645
-4795
-2841
-2408
-4840
-8548
-11599
-12556
-11479
-10213
-7856
-6351
-6499
-7419
-8347
-7421
-5732
-4153
-2769
-1260
-395
59
326
1338
2915
3722
2995
1812
1357
2470
4457
6071
6719
5873
4445
3939
4285
4946
5328
4959
4160
3374
2983
2900
2940
2299
1903
777
-208
-799
-1002
-786
-209
-162
-950
-2185
-2953
-2277
-1576
-1104
-302
452
1316
1745
1925
2289
2198
1880
1930
2186
3122
4162
4311
4615
4323
3714
3331
3034
3879
4695
4740
4415
4345
3921
2705
1666
1267
1730
1647
1049
725
795
858
235
-638
-617
-1069
-1527
-2599
-2639
-2196
-1493
-1890
-2842
-3600
-4610
-5641
-5433
-4350
-2311
-183
458
-385
-3059
-5221
-6177
-4813
-2153
2326
6041
7632
5233
896
-2311
-2071
660
3999
5618
5473
3443
955
-969
-1393
-2082
-3609
-5709
-6537
-5272
-3542
-3492
-4944
-7485
-9666
-10687
-10845
-10005
-8444
-7519
-6433
-6044
-5526
-5488
-4568
-3417
-2657
-2032
-1269
-117
820
2080
3409
4195
4359
3559
2554
2566
3792
5473
6407
6635
6527
6343
5709
5233
4900
4615
4132
3602
3310
3658
4042
3816
2964
1784
449
-398
-431
-325
-119
86
-241
-901
-1275
-1403
-1192
-503
24
739
1388
2284
2881
3023
3111
3671
3657
3338
2714
3018
3883
4487
4841
4858
4654
4540
4176
3958
3852
4209
4095
3759
3789
3601
2950
1621
761
213
509
773
866
762
532
-193
-1206
-2279
-2701
-2403
-2193
-1708
-1502
-1468
-2730
-4245
-5430
-6185
-5468
-3758
-1140
520
722
-1484
-4185
-6142
-5970
-4006
-163
4222
6702
5269
2074
-1075
-1940
-500
1954
4061
4588
3104
1165
-1189
-1815
-1996
-2333
-4082
-5791
-6672
-6856
-6330
-6220
-6213
-7080
-8629
-9833
-10909
-10679
-9733
-8580
-7529
-6498
-5124
-3843
-3282
-3229
-3193
-2513
-1703
-779
237
1258
2062
2390
2782
3470
4181
4429
3886
3759
4107
4912
5386
5900
6094
6042
5278
4004
3030
2303
2265
2240
2362
2143
1869
1520
1156
712
-128
-1172
-1912
-2142
-1788
-981
-15
818
1712
1840
1714
1311
1125
1744
2516
3705
4571
5121
5077
4539
4053
3678
3959
4343
4931
5401
5095
4828
4442
4125
3874
3477
3397
3355
3107
2195
1791
1129
1353
1570
1497
1458
1163
496
-290
-809
-878
-879
-1347
-1307
-1140
-917
-1023
-1519
-2597
-3687
-5147
-5792
-4896
-2676
660
1801
1158
-737
-2975
-4935
-4733
-2821
1052
4776
6974
6957
4751
1605
-235
-185
2043
4370
5075
3703
1615
-91
-751
-974
-1264
-2094
-4278
-6433
-7791
-7692
-6619
-5255
-4804
-5570
-7122
-8875
-9557
-9453
-8563
-6847
-4936
-3415
-2692
-2712
-2402
-1611
-628
359
492
220
-112
237
1696
3867
5781
6678
6330
4763
3137
1963
1948
3031
4521
5734
6050
5360
3685
2161
767
95
-136
-290
-56
26
370
557
323
-227
-1420
-2672
-3595
-3512
-2387
-748
681
1577
1825
1481
1488
1641
1745
1685
1705
2445
3222
4092
4487
4539
4114
3805
3957
3973
3652
3339
2499
2036
2364
3195
3986
4043
2828
1319
-174
-808
-823
-569
136
712
659
-365
-1044
-1719
-2356
-2879
-3336
-3474
-3292
-2901
-2467
-2195
-2669
-4278
-6061
-7436
-7204
-5599
-3245
-991
278
-387
-2398
-4407
-5078
-4410
-2208
1253
4644
6411
5847
3327
1074
435
1790
3173
3143
1636
-164
-1235
-1269
-673
-732
-1874
-3920
-6625
-8398
-8957
-8010
-6820
-6204
-6514
-7162
-8138
-8790
-9100
-8673
-7439
-5800
-4180
-3398
-2730
-1940
-401
1227
2298
2467
1887
1513
1579
2364
3872
5725
7245
7897
7314
5907
4326
3163
3157
3681
4094
4493
4179
3232
2389
1564
1345
956
468
-337
-994
-1577
-1681
-1004
-465
-464
-1113
-1840
-2034
-1525
-1018
-562
26
932
1925
2750
3745
4301
4272
3650
3026
3170
3771
3857
3835
3956
4885
5709
5908
5384
4052
2828
2179
2150
2984
3758
3562
2807
2152
1699
1274
872
455
-15
-464
-746
-825
-893
-1101
-1348
-1649
-2249
-2890
-3442
-3594
-3515
-3151
-3869
-5034
-6288
-6589
-5336
-3196
-816
429
101
-1380
-3239
-4002
-2906
-546
2789
5708
7203
7013
4751
2721
2327
3454
5181
5192
3243
409
-1528
-1821
-559
76
-624
-2941
-6246
-8584
-9554
-9217
-8141
-7426
-7238
-7826
-8645
-8830
-8495
-8213
-7568
-6484
-5239
-3982
-2728
-1392
359
2250
3561
3660
2956
2771
3149
3909
4950
6006
6880
7164
7064
6625
6182
5647
5075
4476
3782
3403
2889
2002
1400
1312
1280
1371
1253
727
206
-745
-1453
-1741
-1540
-1064
-893
-948
-767
-404
172
698
885
1002
1402
1655
2405
3306
3989
4372
4492
4222
4106
3628
2967
2573
2652
3658
4476
4975
4485
3263
2008
1414
1579
1695
1860
1006
419
3
-58
-186
-589
-730
-1035
-1268
-1843
-2474
-3149
-3475
-3710
-3956
-4098
-4747
-5288
-5527
-5293
-6213
-6784
-6957
-5861
-3448
-1545
-255
-554
-2066
-3579
-4355
-3019
656
4415
6602
6442
4392
3138
3031
4156
5188
4361
1967
-599
-2482
-3098
-2521
-2005
-1956
-3671
-6406
-9042
-10945
-11391
-10725
-10415
-10958
-11867
-12436
-11672
-10064
-8563
-7648
-7831
-8093
-7611
-5846
-3138
93
2444
3728
4016
3237
3349
3471
4140
4894
5364
5487
5483
5399
5556
5893
6064
5596
4720
3562
2759
2106
1984
1976
1772
1047
174
-389
-782
-449
-266
-7
-125
-725
-1432
-1725
-1375
-578
-228
-172
-177
130
756
1458
2368
2998
3151
3174
3428
3652
3737
3760
3405
3488
3237
2887
2824
2975
3603
3765
3481
3092
2347
1833
1268
1037
929
525
53
-172
-106
-212
-192
-650
-820
-1187
-1448
-1527
-1864
-2370
-2726
-3182
-3574
-3777
-4234
-5322
-6417
-6287
-4805
-1853
412
955
44
-1545
-2475
-2076
-1012
1473
4295
6311
6999
5998
5419
5524
5668
5848
4870
3277
1526
-45
-1068
-802
-364
-610
-2290
-5246
-7172
-8092
-8129
-8019
-8479
-9414
-10347
-10920
-10859
-9683
-8416
-7120
-6493
-5855
-4642
-3167
-1322
300
1756
2641
3196
3739
4958
6367
7092
7475
7021
6331
4845
3840
3755
4232
4602
4688
4301
3758
3272
2308
1809
1414
1221
811
226
-155
-171
0
131
274
281
149
235
557
979
964
572
200
298
482
788
1250
1893
2415
2413
2263
2130
2625
3359
3709
3562
2916
2414
1954
1889
2396
3076
3479
3070
2689
2287
2257
2349
2190
1768
987
125
-351
-217
177
265
209
-260
-725
-1016
-1190
-1303
-1391
-1833
-2629
-3515
-3725
-3804
-3455
-3798
-3764
-3536
-2239
-867
-238
-157
0
166
341
735
1725
3827
6018
7070
6670
5666
5714
6431
7249
7573
6110
3710
756
-1091
-1284
-791
-819
-1703
-3311
-5138
-6478
-7417
-7903
-8330
-9057
-9844
-10510
-10354
-9424
-8269
-7243
-6861
-7035
-6363
-5390
-3393
-1016
807
2084
2605
2584
2489
2925
3638
4389
4829
4652
4419
3617
2896
2132
1494
1161
689
437
306
609
679
782
97
-82
-200
-309
-101
5
304
174
-21
37
24
372
904
965
1047
1013
742
427
215
-123
-256
-196
103
651
778
1206
1738
1719
1367
921
391
264
483
850
1349
1486
1254
856
670
1076
1859
1849
1174
11
-909
-977
-796
-396
-640
-1206
-1637
-2115
-2284
-2131
-2024
-2084
-2753
-3551
-3979
-4304
-4372
-4342
-4435
-4738
-4190
-3285
-1156
321
1459
1434
968
910
905
1394
3155
5640
7540
8485
7554
6419
6086
6576
7337
6698
5169
2669
142
-1294
-1485
-1168
-1338
-2132
-3616
-4740
-5376
-5492
-5512
-6648
-7966
-9239
-9965
-9423
-7823
-6161
-5205
-4984
-4457
-3666
-2617
-1436
-105
1499
2396
2826
2998
3419
4030
4259
4107
3314
2948
2278
2067
2410
2520
2196
1074
46
-497
-611
-330
-56
558
1153
1575
1291
1365
1460
1701
2137
2369
3098
3586
3655
3707
3508
3325
3448
3471
3509
3197
2711
2345
2098
1857
1714
1729
2017
2277
2420
2357
2286
2140
2173
2423
2923
3258
3090
2809
2396
2387
2717
3080
3024
2621
1856
1023
511
92
-77
-282
-939
-1076
-1482
-1430
-1369
-1728
-2393
-3144
-3915
-4609
-4767
-4990
-4929
-4866
-4977
-4628
-3467
-1774
-113
581
839
1023
1064
1270
1622
2626
4074
5468
6033
5868
5582
5483
5454
5304
4778
3485
1664
72
-1161
-2106
-2790
-3364
-3965
-4349
-4832
-5107
-5339
-5236
-5245
-5595
-6147
-6345
-6304
-6193
-5824
-5660
-4950
-3636
-2125
-795
477
1363
1927
2155
2263
2667
3022
3266
3131
2834
2456
1798
1631
1445
1587
1077
292
-389
-662
-17
193
383
174
-135
-336
73
956
2108
2939
2839
2655
2189
1798
1770
2145
2659
3006
2547
1673
1143
1131
1814
1970
1688
1002
54
-508
-530
70
832
1257
1392
981
817
952
1654
2100
2558
2976
3015
3135
2999
3052
3257
3169
2433
1623
504
-44
-436
-859
-1302
-1552
-1884
-2368
-2967
-3329
-3431
-3643
-4028
-4321
-4517
-4718
-5035
-5404
-5863
-5810
-5004
-3790
-2199
-691
886
1500
1834
1845
2094
2196
2735
3540
4375
5238
5513
5566
5289
5191
4807
4118
3052
1538
-198
-1530
-2270
-2793
-3129
-3574
-3773
-3646
-3747
-3582
-3482
-3710
-3939
-4267
-4464
-4605
-4401
-4209
-3546
-2932
-2626
-2640
-2620
-1981
-748
376
1218
1677
1423
972
197
-39
-23
-61
-19
-396
-598
-721
-1324
-1761
-1781
-1481
-925
-596
-464
-365
-209
161
634
892
878
913
860
1015
1181
1511
1850
1753
1344
803
183
-28
260
239
174
173
-180
-565
-786
-712
-320
-7
461
1221
1812
1939
2063
2043
2277
2534
3086
3480
3935
4065
4099
3995
3725
3368
2436
1749
1220
499
-259
-1012
-1653
-2207
-2777
-3190
-3213
-2930
-2591
-2671
-2995
-3116
-3164
-3470
-3675
-3681
-3638
-3176
-2679
-1884
-663
575
1646
2330
2839
3117
3280
3567
3935
4280
4454
4349
4442
4860
4666
4623
3984
3381
2800
2071
1423
574
-437
-1337
-2165
-2610
-2559
-2292
-2109
-2084
-1936
-1800
-1722
-1783
-2172
-2556
-2917
-3186
-3123
-2723
-2242
-1666
-1113
-933
-885
-855
-710
-44
390
762
568
125
-445
-728
-592
-198
194
162
5
-13
190
386
469
856
1224
1133
1100
952
938
912
1033
1319
1517
1476
919
356
-113
4
321
514
498
47
-395
-747
-802
-461
-145
34
148
153
496
1008
1300
1667
1984
2413
3144
3548
3987
4131
4099
4026
3754
3596
3430
3259
2908
2523
2116
1815
1515
858
218
-532
-792
-1122
-1771
-2431
-3026
-3096
-2981
-2671
-2227
-1901
-1811
-1825
-1784
-1784
-1825
-1505
-841
120
882
1469
1760
1814
2078
2542
3282
3553
3830
3855
3446
3181
3069
3016
2774
2472
1695
1139
519
107
-156
-617
-941
-1104
-889
-582
-321
-232
-423
-665
-770
-889
-1086
-1213
-1390
-1400
-1411
-1407
-1373
-1188
-1111
-1138
-942
-578
-154
-85
-217
-566
-846
-1154
-1170
-792
-522
-310
-622
-1014
-1152
-964
-558
-33
43
57
-145
-290
-374
-305
-209
-159
-189
-434
-575
-490
-325
-293
-594
-825
-1257
-1615
-1620
-1673
-1695
-1682
-1600
-1532
-1346
-1180
-625
-246
54
82
-185
30
244
560
769
718
615
505
696
776
970
1406
1396
1054
476
-18
-528
-859
-903
-1168
-1615
-1870
-2136
-2574
-2799
-2878
-3323
-3727
-4042
-3949
-3694
-3235
-2747
-2362
-1840
-1450
-1178
-756
-570
-364
-196
-152
115
691
1147
1364
1324
843
815
873
1238
1648
1813
1566
763
38
-476
-294
-182
13
-73
-113
200
352
605
478
333
-23
-69
-85
249
1034
1396
1389
1317
1035
737
530
357
542
833
1199
1370
1478
1259
740
156
-227
-347
-212
-109
-387
-351
-235
-134
225
524
541
408
95
-81
-62
163
23
-274
-510
-481
-203
64
250
-87
-459
-779
-1040
-1083
-878
-856
-1168
-1346
-1368
-1165
-697
-173
-129
-119
-375
-360
-171
145
432
498
473
194
107
-26
25
192
341
426
343
163
-111
-311
-181
1
360
714
639
222
-399
-908
-1248
-1176
-1065
-1055
-1047
-1180
-1038
-527
-40
402
781
863
723
621
753
1124
1471
1869
2007
1986
1660
1420
1355
1483
1592
1740
1590
1077
635
0
-88
33
183
287
0
-153
-16
577
1062
1280
1015
600
160
-182
-39
196
777
1155
1569
1173
987
1085
1144
1600
1922
2486
2635
2301
1802
1225
1058
904
784
647
476
493
642
640
729
502
118
-283
-562
-424
-279
-194
-116
-252
-452
-639
-1077
-1147
-1208
-1114
-1115
-1278
-1666
-2268
-2583
-2885
-2740
-2606
-2488
-2468
-2413
-2088
-1847
-1632
-1752
-2030
-2165
-1961
-1481
-1010
-691
-699
-810
-628
-807
-862
-782
-554
-135
-122
-222
-648
-754
-796
-876
-896
-964
-892
-732
-890
-1057
-1115
-1006
-916
-818
-494
-238
-312
-394
-549
-482
-106
-192
-95
-48
95
232
457
593
1052
1263
1406
1689
1498
1471
1338
1145
822
436
42
-251
-434
-407
-29
143
36
-387
-735
-1181
-1215
-936
-605
-299
-261
-253
-560
-665
-578
-193
286
551
727
752
585
629
531
463
612
791
1054
1308
1626
1767
1607
1328
980
659
680
642
444
165
219
152
103
327
474
519
346
156
2
-132
-359
-567
-668
-662
-575
-581
-499
-387
-482
-423
-557
-837
-1451
-1935
-2205
-2114
-1741
-1465
-1553
-1943
-2208
-2305
-1935
-1322
-820
-580
-775
-1017
-1000
-1106
-1215
-1360
-1292
-941
-665
-561
-568
-510
-332
-347
-675
-1048
-1119
-1285
-1540
-1808
-1815
-1676
-1793
-2022
-1851
-1421
-807
-496
-56
23
125
248
109
308
576
912
1274
1334
1523
1761
1825
2072
1989
1881
2122
1956
2010
2059
1785
1859
1839
1831
1729
1721
1304
925
421
181
532
815
966
1070
859
384
195
246
311
546
579
640
779
1116
1439
1437
1087
1017
878
736
1244
1757
2123
1852
1484
1087
814
998
1153
1247
1380
1601
1774
1844
1473
1115
802
658
1001
1152
1147
1010
963
874
776
573
373
-13
-205
-616
-774
-786
-540
-214
-279
-393
-763
-800
-492
-149
313
416
148
-399
-712
-566
-358
-88
111
244
288
131
52
33
282
263
77
102
324
376
95
-158
-497
-717
-519
40
338
571
711
403
-143
-630
-979
-1240
-1384
-1407
-1178
-941
-528
-120
261
503
840
959
938
1082
1142
918
935
980
1092
1358
1337
1464
1338
1488
1392
882
632
326
210
267
263
137
70
-180
-364
-156
-80
163
179
-265
-540
-938
-1152
-1035
-840
-847
-805
-753
-220
118
381
618
460
580
583
549
544
652
857
695
639
586
635
761
753
885
966
964
1252
1483
1526
1607
1664
1593
1303
1273
1356
1424
1440
1337
1149
852
862
793
544
195
-382
-853
-1176
-1264
-1337
-1315
-1191
-1380
-1196
-1050
-960
-926
-921
-861
-1196
-1598
-1881
-1565
-1242
-898
-982
-1285
-1546
-1666
-1812
-1749
-1288
-1279
-1475
-2005
-2242
-2305
-2217
-1863
-1598
-1230
-1174
-1426
-1569
-1604
-1493
-1517
-1306
-1080
-941
-804
-861
-683
-503
-372
-295
-45
160
657
994
1165
1377
1300
1224
1065
1212
1331
1363
1365
1338
1248
1154
1345
1444
1451
1108
826
549
454
381
490
556
410
315
206
270
567
941
1112
1027
758
335
85
-155
-229
-116
-145
-289
-527
-318
168
716
987
1097
1010
933
557
251
16
-69
-107
-259
22
553
953
1166
1281
1359
1722
1995
2436
2549
2646
2584
2260
2163
1846
1668
1201
949
789
707
959
1042
960
728
629
549
585
440
197
-91
-431
-591
-489
-304
-291
-354
-229
-15
-79
-158
-667
-1194
-1583
-1614
-1558
-1299
-1029
-759
-768
-856
-1002
-1173
-1582
-1805
-1883
-2102
-1973
-2161
-2183
-2381
-2545
-2687
-2931
-2623
-2162
-1783
-1784
-1743
-1647
-1518
-1424
-1243
-1157
-846
-707
-751
-784
-831
-695
-358
-82
181
298
173
330
425
344
441
610
628
729
595
518
368
570
586
567
653
444
671
921
1119
1314
1619
1435
1262
1139
1187
1551
1574
1624
1240
1051
833
560
577
478
296
267
161
193
186
208
220
145
47
-31
-126
-281
-584
-729
-860
-881
-578
-374
94
455
899
997
740
721
474
320
292
338
276
144
239
433
337
303
190
-3
-261
-275
-179
21
11
-292
-492
-619
-484
-76
243
350
215
99
126
79
171
391
555
771
596
397
127
-227
-408
-564
-608
-418
-157
-74
-156
-205
-474
-848
-1030
-1247
-1451
-1286
-1334
-1327
-1366
-1414
-1119
-909
-727
-671
-692
-704
-879
-974
-763
-569
-472
-413
-384
-432
-329
-355
-20
232
286
277
20
56
311
206
55
-333
-453
-573
-327
5
-48
131
70
-10
-105
-113
-49
372
915
1256
1078
954
942
1005
1108
1176
897
546
358
464
613
910
1037
723
204
134
148
99
240
68
-80
-141
-67
50
134
29
5
-126
-264
-264
-140
41
105
259
243
259
488
719
947
927
684
298
165
79
-37
59
12
-83
-294
-388
-313
-283
-307
-170
-237
-453
-416
-243
-57
-274
-462
-549
-623
-582
-545
-434
-519
-660
-1020
-1058
-1218
-1076
-1083
-1196
-1248
-1297
-1180
-1276
-1062
-850
-841
-987
-1129
-1186
-1103
-1068
-794
-684
-697
-861
-1058
-1030
-789
-417
-275
11
44
-43
68
144
191
317
280
107
-4
-23
-46
149
216
314
254
-5
-363
-514
-565
-572
-436
-142
51
-3
13
-200
-319
-416
-361
-253
-201
-23
45
233
325
360
603
545
638
721
646
717
751
772
781
514
82
-218
-137
-104
113
254
133
19
-137
-313
-305
-279
-321
-274
-237
-265
-258
-201
-88
-137
-178
-384
-396
-284
-146
252
460
596
471
404
255
130
5
102
-140
-512
-562
-731
-680
-623
-550
-327
-400
-681
-636
-616
-485
-220
-58
1
121
-75
-268
-383
-474
-417
-489
-488
-529
-530
-530
-687
-661
-558
-446
-530
-587
-505
-446
-325
-176
-231
-367
-447
-538
-404
-185
29
114
130
165
336
399
486
442
272
315
121
265
213
173
347
267
243
-29
-294
-460
-467
-590
-577
-489
-465
-574
-640
-776
-946
-929
-903
-694
-596
-443
-401
-359
-249
-39
-83
-80
-160
-112
185
647
1170
1261
1150
749
723
607
761
752
623
466
116
117
99
112
-56
-173
-367
-281
-420
-512
-482
-554
-674
-716
-802
-1054
-1253
-1254
-1272
-1085
-1099
-1009
-698
-694
-511
-423
-295
-161
-37
7
-54
-157
-136
-246
-257
-144
20
226
8
-198
-304
-157
135
440
493
372
187
276
245
251
232
213
350
221
266
149
-164
-417
-626
-847
-987
-920
-805
-850
-1028
-1103
-1300
-1382
-1164
-1215
-1010
-774
-1014
-1165
-1153
-886
-564
-156
-12
293
113
-5
149
186
393
401
647
652
664
804
781
685
708
620
591
640
781
946
905
685
452
364
364
376
386
238
288
373
390
502
493
388
522
644
695
826
1147
1192
1230
1349
1359
1477
1455
1460
1547
1579
1384
1183
1149
995
861
1060
966
873
808
663
466
308
247
115
40
-121
-361
-624
-749
-468
-478
-772
-1060
-1098
-1035
-1013
-948
-878
-784
-832
-1050
-1059
-718
-418
-132
-92
-91
-300
-414
-271
-90
265
232
275
394
210
185
457
581
483
350
184
146
347
628
1029
919
666
391
168
25
75
25
-208
-220
-419
-441
-465
-339
-138
-178
-307
-587
-717
-864
-788
-735
-797
-696
-582
-529
-580
-469
-268
-81
82
371
639
1084
1131
1160
1109
1037
1244
1451
1448
1291
1248
943
622
521
649
630
761
658
659
692
598
429
73
-122
-260
-363
-530
-464
-314
-69
2
48
-53
-40
67
335
341
361
376
222
258
461
676
757
778
582
432
324
265
170
282
481
410
395
185
53
48
21
-37
-175
-403
-727
-793
-880
-1039
-1234
-1437
-1342
-1416
-1463
-1535
-1560
-1376
-1258
-1378
-1420
-1413
-1487
-1262
-1164
-969
-956
-1097
-998
-868
-714
-592
-524
-464
-465
-420
-298
-162
156
366
582
829
829
876
834
772
686
531
433
526
467
409
253
-76
-284
-372
-329
-372
-398
-519
-653
-627
-612
-584
-439
-546
-796
-994
-824
-736
-725
-404
-71
278
483
422
462
554
687
925
1337
1556
1729
1639
1321
1491
1578
1449
1331
1142
1140
1124
1131
1399
1146
969
738
440
403
354
375
188
35
-224
-430
-407
-249
-121
-170
-160
-185
-82
-90
-18
-67
-92
-139
-273
-201
-264
-171
-103
-61
160
88
-48
-271
-581
-439
-453
-355
-474
-608
-750
-576
-678
-810
-1067
-1248
-1198
-1318
-1325
-1388
-1488
-1837
-2114
-2350
-2404
-2392
-2328
-2389
-2507
-2607
-2686
-2509
-2325
-2173
-1857
-1798
-1746
-1484
-1399
-1306
-1189
-1015
-779
-767
-533
-325
-91
365
593
655
711
413
533
774
784
912
884
806
869
1028
1011
998
854
711
588
294
197
125
-116
-52
-59
-24
73
41
59
20
-104
47
202
54
28
339
560
577
775
979
1142
1186
1134
1117
1148
1079
1217
1458
1662
1824
1770
1495
1265
1189
819
832
842
869
854
536
397
176
-52
-143
-353
-723
-955
-1117
-1024
-846
-604
-496
-479
-635
-690
-577
-474
-470
-549
-393
-240
-195
-69
-129
-132
42
73
196
214
404
546
524
484
336
233
244
198
320
297
277
40
-68
-231
-628
-643
-810
-872
-1089
-1227
-1192
-1264
-1250
-1300
-1319
-1520
-1617
-1670
-1533
-1457
-1455
-1298
-1311
-1432
-1457
-1257
-878
-530
-279
94
286
573
587
669
728
1046
1107
1100
1184
1148
1333
1335
1387
1372
1259
1273
1409
1571
1518
1397
1247
963
840
643
653
507
376
467
270
262
301
290
396
228
84
-11
82
170
431
405
639
754
837
972
858
763
799
1042
1148
1310
1136
971
919
904
882
799
736
764
743
716
705
493
363
200
133
-1
-238
-510
-633
-817
-922
-901
-936
-830
-807
-814
-712
-559
-393
-428
