-499
-563
-470
-410
-567
-415
-471
-306
-261
-356
-264
-172
-99
-135
-153
-248
-206
-212
-378
-373
-384
-277
-339
-340
-249
-283
-338
-467
-358
-502
-399
-371
-492
-549
-631
-724
-595
-640
-739
-673
-536
-427
-465
-413
-644
-470
-417
-510
-487
-503
-498
-471
-409
-259
-211
-251
-189
-111
-123
-175
-42
-68
88
129
225
188
498
649
430
520
556
717
834
736
647
915
956
888
879
921
1007
969
962
927
837
924
925
948
937
816
973
810
759
747
807
801
690
789
638
665
788
866
866
896
811
824
908
805
898
822
762
664
646
611
600
605
480
303
178
262
215
197
289
382
156
150
238
125
175
184
164
152
-24
-62
-88
-211
-213
-330
-306
-443
-514
-408
-428
-517
-554
-455
-359
-247
-127
-105
-233
-160
-258
-232
-333
-372
-370
-562
-452
-455
-486
-500
-458
-497
-448
-408
-259
-416
-475
-370
-513
-531
-528
-623
-677
-595
-671
-608
-623
-548
-540
-488
-245
-330
-392
-369
-338
-247
-269
-292
-381
-338
-228
-198
-99
-95
-152
-160
-85
71
-45
-39
-29
-88
-76
-134
-28
42
74
193
316
319
136
105
73
171
287
164
233
275
273
397
433
506
633
531
367
298
274
323
505
649
766
749
684
583
752
770
755
736
650
502
674
688
685
675
574
563
555
565
638
700
669
765
420
305
265
178
239
212
185
163
208
91
130
-47
-72
-99
-314
-389
-340
-288
-264
-257
-237
-456
-491
-630
-743
-621
-803
-703
-716
-769
-749
-708
-681
-750
-921
-1028
-908
-645
-476
-245
-358
-304
-347
-374
-308
-246
-232
-244
-248
-129
88
26
49
123
111
118
142
161
379
433
445
559
529
601
558
488
659
639
712
751
681
662
557
683
663
812
721
597
741
709
570
547
438
358
288
396
444
425
533
448
502
368
394
299
181
197
141
-135
-72
-39
-253
-191
-365
-284
-322
-380
-462
-366
-365
-422
-286
-340
-328
-430
-565
-653
-606
-513
-426
-407
-480
-359
-238
-312
-174
-184
-271
-384
-348
-210
7
-53
-160
-63
53
231
78
49
99
232
72
-31
43
137
196
190
226
425
293
142
125
161
-23
99
-15
-67
98
-124
82
33
-47
-121
-265
-9
118
8
-229
-342
-317
-357
-325
-289
-294
-341
-403
-279
-155
-169
-247
-204
-104
20
11
7
-6
-41
-54
-14
-21
129
291
179
291
98
149
434
488
549
442
377
452
413
372
350
425
333
198
260
308
285
294
317
238
222
296
182
159
275
289
331
214
56
15
108
-39
-7
9
-20
94
224
349
366
329
109
17
-114
-144
-181
-186
-131
25
-56
-93
-215
-170
-27
-189
-142
-166
-230
-109
11
49
11
-38
-154
-323
-278
-124
-259
-318
-385
-340
-113
-300
-98
54
109
221
274
343
391
418
511
589
758
780
830
858
895
953
955
1021
1143
1299
1388
1417
1497
1565
1645
1617
1503
1629
1593
1465
1466
1523
1387
1401
1348
1339
1350
1268
1185
1226
1131
991
1088
972
974
818
789
711
706
588
553
686
554
539
426
440
487
459
575
467
281
261
324
420
334
304
329
328
375
192
238
300
389
420
184
228
210
-39
-10
-52
-97
31
-91
-115
-96
-127
-87
-81
-108
-189
-144
-371
-321
-395
-479
-296
-365
-315
-367
-362
-457
-517
-502
-452
-475
-529
-452
-360
-285
-323
-440
-541
-456
-444
-561
-486
-475
-334
-232
-311
-412
-502
-436
-444
-434
-334
-530
-653
-667
-599
-530
-665
-640
-764
-704
-801
-897
-871
-727
-520
-521
-638
-726
-757
-672
-392
-569
-617
-754
-773
-634
-548
-367
-411
-435
-514
-574
-525
-335
-259
-346
-303
-524
-511
-633
-634
-647
-544
-537
-739
-697
-597
-539
-684
-808
-840
-757
-563
-396
-403
-205
-301
-350
-433
-469
-309
-241
-156
-41
-48
-54
-84
-67
174
127
27
-29
108
229
439
572
560
661
637
770
830
866
915
942
1041
1075
1053
1202
1213
1104
1115
1274
1161
1044
1110
1236
1312
1171
1078
970
1078
1146
1144
1220
1057
1009
946
950
1037
1044
1191
1124
1260
1181
1056
1150
1061
1087
1035
980
916
809
831
889
836
749
514
515
492
418
408
147
173
314
199
93
-128
-265
-253
-282
-417
-316
-403
-377
-419
-409
-319
-386
-505
-577
-477
-471
-450
-465
-450
-458
-389
-170
-69
-66
-111
-82
123
193
248
223
248
318
355
405
493
538
599
762
807
720
692
675
683
645
734
819
802
973
979
1036
830
715
763
753
719
551
552
598
644
703
748
652
640
631
702
555
456
434
454
389
350
317
243
257
162
93
129
69
-43
-5
-43
-57
-22
24
54
-163
-191
-130
-141
-92
-117
-87
-133
-217
-217
-190
-266
-305
-413
-365
-328
-295
-306
-194
-167
-305
-369
-487
-499
-588
-514
-521
-500
-425
-584
-539
-514
-569
-518
-736
-761
-721
-746
-842
-853
-855
-1026
-1166
-1153
-1084
-1010
-1004
-1008
-906
-956
-878
-845
-936
-1003
-1113
-980
-885
-941
-947
-824
-728
-619
-450
-321
-178
-138
-71
-117
-61
204
197
312
278
386
506
581
751
663
773
828
976
872
829
809
867
815
890
1051
1173
1094
1018
1075
1087
1042
966
911
920
998
1227
1078
992
988
808
898
754
819
828
775
687
737
651
568
563
414
256
148
108
-8
-222
-264
-404
-546
-493
-566
-702
-922
-1075
-1268
-1475
-1566
-1609
-1635
-1739
-1682
-1738
-1859
-1859
-2092
-2172
-2195
-2374
-2233
-2317
-2380
-2577
-2582
-2530
-2779
-2816
-2809
-2833
-2962
-2771
-2861
-3058
-3240
-3228
-3280
-3387
-3308
-3185
-2775
-2445
-2144
-2107
-2177
-2361
-2240
-2091
-1830
-1527
-1234
-602
12
439
466
67
-20
326
778
1285
1363
1338
1636
1860
2158
2251
1856
1525
1423
1473
1645
1896
1804
1838
1966
1994
1873
1538
1340
1214
1320
1313
1243
1271
1399
1583
1879
1810
1612
1492
1369
1484
1612
1814
1682
1575
1663
1700
2060
2006
1496
1400
1324
1551
1587
1432
1250
1140
1203
1100
938
768
966
947
1010
1052
1005
991
1108
1054
863
1101
1084
1164
1134
1341
1569
1420
1314
1283
1539
1682
1806
1885
1792
1759
1847
1784
1754
1969
1904
1870
1896
1786
1586
1579
1668
1463
1372
1335
1072
1063
991
806
689
728
516
411
415
398
571
279
36
-134
164
193
199
253
65
-137
26
170
-15
-128
-425
-319
-313
-379
-459
-621
-731
-881
-1017
-1103
-1222
-1362
-1552
-1808
-2137
-2105
-2288
-2485
-2508
-2691
-2790
-2937
-3255
-3487
-3600
-3603
-3368
-3027
-2825
-2910
-3103
-3257
-3335
-3197
-2989
-2758
-2333
-1648
-937
-458
-518
-878
-1044
-959
-555
-111
164
82
133
345
612
538
279
-217
-295
-175
-74
14
-133
-200
-284
-193
-401
-716
-904
-961
-1006
-775
-705
-649
-473
-238
104
202
334
159
-51
28
412
560
799
736
711
939
1180
1054
894
679
662
868
748
809
672
543
483
485
421
169
-33
-194
-349
-351
-242
-36
-154
-386
-466
-507
-253
-52
-165
-13
294
617
794
460
294
29
17
488
913
958
505
473
713
846
941
610
376
243
546
622
630
305
2
90
-16
59
-176
-452
-526
-441
-488
-601
-765
-1067
-1090
-943
-994
-1052
-1191
-1368
-1184
-1010
-1080
-1197
-1499
-1603
-1365
-1317
-1490
-1828
-2031
-2052
-2034
-2070
-2049
-2372
-2343
-2390
-2508
-2708
-3070
-3296
-3637
-3518
-3528
-3617
-3747
-3836
-3525
-3196
-2910
-2739
-2944
-3315
-3242
-3096
-2923
-2623
-2333
-1729
-950
-220
-97
-235
-543
-432
-55
488
696
831
989
1088
1408
1415
1342
897
630
509
664
709
766
764
902
823
685
754
416
304
264
383
372
585
678
832
1183
1284
1384
1471
1396
1455
1837
2086
2307
2478
2453
2524
2630
2833
2551
2249
2260
2115
2339
2350
2415
2329
2362
2376
2433
2452
2149
1917
1751
1731
1956
2212
1942
1586
1572
1355
1297
1789
1846
1612
1659
2095
2479
2472
2044
1843
1795
2189
2906
3130
2699
2366
2437
2589
2613
2377
2016
1727
2056
2430
2501
2302
1845
1857
1806
1585
1234
879
883
1087
1142
1034
857
366
139
298
349
184
-117
-233
-411
-512
-414
-464
-863
-1012
-1135
-1373
-1496
-1632
-1819
-2223
-2263
-2308
-2534
-2826
-3266
-3485
-3590
-3842
-4074
-4206
-4508
-4724
-4725
-4999
-5334
-5382
-5175
-4953
-4472
-4249
-4388
-4720
-4981
-4760
-4529
-4041
-3644
-2977
-2363
-1772
-1606
-1939
-2018
-1775
-1278
-724
-361
-210
-133
-32
577
568
337
-237
-654
-604
-507
-148
-177
-338
-253
-75
27
-96
-573
-844
-1062
-1069
-786
-795
-700
-502
-92
162
218
82
7
183
191
309
403
524
693
966
1333
1520
1296
914
574
469
513
737
821
532
357
103
6
-25
-187
-452
-626
-671
-550
-510
-149
216
221
-129
-378
-797
-995
-371
76
372
411
770
1467
1578
1445
821
198
487
1517
2442
2602
2156
1896
1760
1834
1966
1515
1098
902
1376
1876
1868
1606
1277
1214
1269
1279
1135
848
1000
1081
1345
1182
550
368
458
676
831
567
137
-219
-111
229
217
-205
-703
-999
-1082
-951
-1098
-1590
-2311
-2853
-3119
-3414
-3692
-4163
-4463
-4571
-4818
-5049
-5372
-5651
-5797
-5477
-5092
-5128
-5535
-5944
-5833
-5333
-4831
-4670
-4248
-3591
-2916
-2003
-1444
-1937
-2147
-1867
-1050
-168
643
1175
1143
1250
1573
1791
1748
1487
1194
1290
1576
1792
1956
2012
2070
2079
2023
2034
1749
1615
1605
1723
1769
1879
2097
2198
2249
2645
3053
2734
2306
2149
2501
2741
2918
3001
2827
2689
2767
2895
2720
2307
2122
2038
2097
2247
2428
2270
1850
1738
1731
1551
1478
1194
1051
1151
949
821
626
827
1280
1540
1343
929
346
198
747
1154
1350
1432
1804
2077
2328
2245
1646
957
1257
2201
3042
3313
2724
2385
2282
2534
2503
2064
1399
1209
1741
2305
2335
2144
1607
1447
1569
1480
1300
1038
974
958
1454
1509
1264
936
969
1351
1364
1308
834
594
621
786
699
374
117
-176
-114
-189
-540
-1107
-1859
-2589
-2902
-2980
-3092
-3615
-4183
-4695
-5153
-5381
-5470
-5749
-5690
-5333
-5207
-5627
-6053
-6401
-6438
-5965
-5686
-4924
-4199
-3663
-2787
-2408
-2684
-2901
-2842
-2523
-1554
-601
50
142
83
473
767
801
442
57
-258
-18
411
695
768
691
696
642
612
471
62
79
333
607
962
1185
1258
1551
1793
1922
1867
1667
1784
1817
2102
2668
3092
2900
2703
2751
2863
2680
2451
2140
1888
1927
2080
2230
1977
1409
1201
1045
836
557
382
311
86
174
470
707
446
157
-114
-665
-785
-321
-62
-52
190
765
1245
1149
606
62
-203
240
846
1408
1184
772
921
1003
1216
919
423
98
145
611
810
791
524
217
554
696
566
314
42
117
263
604
606
374
150
402
677
641
416
318
450
647
1143
1043
751
482
373
653
498
56
-415
-859
-1027
-1237
-1330
-1630
-2216
-2686
-3125
-3522
-3942
-4336
-4496
-4657
-4305
-4095
-4417
-5195
-5812
-5816
-5896
-5401
-5032
-4646
-3934
-3341
-2427
-2195
-2597
-2856
-3030
-2440
-1732
-934
-459
-494
-193
19
250
136
-395
-690
-778
-506
-277
-131
111
90
325
545
287
-68
-170
118
589
823
1197
1410
1576
1859
2231
2802
2843
2408
2722
3023
3528
4039
4168
4276
4133
4287
4493
4535
4312
3991
3828
3903
4114
4117
3874
3420
3054
2898
2770
2331
1899
1570
1460
1968
2184
1874
1539
1099
640
566
588
463
247
211
876
1631
1695
1313
712
393
803
1363
1762
1660
1134
1121
1302
1771
1671
1396
1278
1106
1373
1501
1701
1296
1032
1344
1418
1214
988
785
932
1274
1329
1379
990
876
1028
1406
1575
1259
1071
840
865
1346
1372
1249
678
443
549
683
639
129
-326
-727
-860
-983
-1221
-1550
-1947
-2415
-2895
-3705
-4218
-4669
-4630
-4440
-3963
-3831
-4344
-4924
-5285
-5561
-5829
-5621
-5495
-4946
-4151
-3182
-2326
-2517
-3006
-3265
-3021
-2307
-1718
-1241
-1224
-1071
-664
-257
106
-171
-816
-1282
-1498
-1359
-968
-1020
-975
-890
-683
-580
-936
-1316
-1468
-1340
-1311
-1097
-697
-302
372
880
1043
1175
834
816
1150
1633
1970
2288
2545
2611
2907
3264
3298
2968
2808
2665
2650
2741
2808
2751
2546
2450
2186
1971
1713
1359
1400
1340
1266
1152
1010
925
768
759
699
599
506
569
586
328
241
126
14
162
473
897
827
605
659
601
573
423
213
258
302
482
691
665
462
295
214
223
49
-82
-266
-323
-321
-261
-196
-202
-367
-425
-307
-228
-281
-380
-538
-565
-591
-532
-525
-473
-180
-140
-212
-243
-456
-522
-846
-1215
-1275
-1489
-1730
-1811
-1740
-2119
-2427
-2870
-3429
-3812
-4140
-4157
-3601
-3054
-2911
-3280
-3829
-4311
-4551
-4308
-4157
-3795
-3265
-2560
-1463
-899
-1141
-1613
-1910
-1525
-650
-88
326
-38
-232
202
656
1021
585
-30
-575
-661
-240
-5
293
321
231
379
394
140
-102
-314
-303
41
150
330
394
973
1414
1587
1875
1511
1611
1658
1944
2296
2272
2683
2736
2820
3006
2982
3156
2887
2569
2420
2329
2488
2542
2327
2173
1867
1658
1567
1317
1089
988
1231
1637
1678
1546
1231
954
611
797
1049
997
1084
1332
2048
2415
2120
1530
894
823
1504
2396
2867
2195
1686
1530
1697
1959
1861
1578
1260
1392
1651
1899
1792
1363
728
718
1236
1585
1619
1588
1537
1210
803
304
103
670
1490
1911
1641
1033
176
-673
-677
-636
-490
-325
-803
-1147
-1352
-1497
-1159
-1407
-1910
-2667
-3125
-3009
-3196
-3427
-3649
-4082
-4589
-5190
-5609
-5345
-4017
-2685
-1446
-1285
-2105
-3029
-3869
-4196
-4274
-3245
-1733
140
1197
471
-949
-2171
-2391
-1801
-1497
-1445
-1775
-2508
-2707
-2399
-1647
-1090
-1234
-1249
-1618
-1925
-1679
-1438
-1024
-913
-939
-867
-1328
-1524
-1481
-1387
-1396
-1524
-1312
-677
138
1355
2587
3111
2808
2414
2300
2535
2888
3016
3218
3493
3754
4344
4862
4856
4526
3879
3294
2700
2481
2422
2048
2033
2007
2142
2267
2469
2203
1697
1090
634
536
510
597
1094
1887
2477
2736
2389
1735
1429
1684
1946
2160
2109
1739
1770
2001
2120
2244
1813
1001
370
160
302
713
1067
1086
872
670
219
132
-19
-228
-397
-569
-730
-666
-410
-163
266
328
44
-241
-566
-602
-256
14
340
366
343
209
266
221
-140
-657
-1116
-1260
-1363
-1354
-1272
-1432
-1731
-2323
-3264
-4204
-5230
-5854
-6028
-6358
-6838
-7565
-7726
-7144
-5079
-2565
-653
-378
-1322
-2710
-4773
-6285
-6482
-4867
-1803
1226
3198
2740
402
-2024
-3278
-3199
-2422
-1530
-1144
-1360
-1539
-1295
-820
-261
-699
-1622
-2491
-2958
-2533
-1480
-282
217
123
-559
-1601
-2477
-2962
-3030
-2744
-2225
-1288
-117
993
2394
3520
3823
3475
2587
2012
2164
2642
3382
3826
4239
4598
4595
4553
4031
3127
2362
1409
865
692
1041
1446
1363
1034
305
-75
-38
224
567
583
484
309
119
177
558
1091
1643
2328
2341
1647
1030
804
1282
1783
2320
3076
3200
3277
3133
2573
2248
1820
1357
1105
1147
1481
1777
1749
1265
808
262
-346
-525
-467
-320
-292
-274
-222
-197
-236
-102
55
159
305
361
379
555
725
973
1029
933
655
419
206
140
277
131
-38
-194
-393
-378
-777
-1474
-2300
-3007
-3952
-4794
-5267
-5890
-6170
-6319
-6414
-6763
-6929
-5967
-3402
-1238
123
1
-1064
-2792
-5287
-6652
-6149
-3757
-174
2856
3579
2263
195
-1498
-2155
-2273
-1365
-448
-322
-735
-1083
-722
282
506
-130
-904
-2030
-2060
-1485
-184
1046
1205
715
-701
-2064
-2646
-2823
-2259
-1544
-669
483
1682
3168
4596
5659
5926
5409
4710
4307
4264
4467
4788
5139
5256
5110
4866
4564
3940
3275
2813
2478
2516
2550
2656
2380
1992
1571
821
190
-472
-741
-753
798
2008
3051
3136
2118
1200
-324
-1030
-870
404
2816
4600
5345
4211
2329
864
783
1753
2584
3867
3580
2774
1667
333
260
251
243
592
122
261
126
-151
-125
-306
-368
-1273
-1643
-1640
-1861
-1574
-1191
-670
-321
-189
30
149
581
819
642
358
-321
-869
-1223
-1300
-1077
-734
-510
-456
-503
-670
-926
-1625
-2294
-3086
-3527
-3689
-4482
-5334
-6685
-7455
-8263
-8684
-9044
-9042
-8322
-7533
-4739
-2219
-485
-48
-1757
-3151
-5314
-6673
-6556
-5308
-2421
411
2362
2688
1357
-483
-1411
-1838
-1697
-839
-382
-490
-623
-1077
-440
126
-224
-554
-1613
-1791
-1436
-875
211
899
1039
247
-872
-1685
-2361
-2507
-2136
-1522
264
2391
4035
5524
6494
6966
6808
5756
4731
4390
4049
4168
4699
5283
5614
5530
5306
4923
4388
3863
3637
3488
3258
3409
3286
3143
2788
2145
1118
670
1380
1387
1507
701
172
8
-385
-188
8
885
1970
2917
3209
2404
1834
1266
1801
2352
3029
3914
3589
3156
2088
1025
943
499
287
6
-390
-227
-123
75
-59
-83
-334
-1017
-1314
-1520
-1688
-1617
-1471
-1000
-650
-318
-86
-77
234
392
503
348
255
324
118
270
93
-111
-482
-583
-554
-416
-245
-564
-863
-1440
-2115
-2497
-3240
-3973
-4684
-5440
-6048
-6593
-6840
-6894
-7293
-7534
-8105
-8887
-8676
-8568
-5965
-2791
-677
375
-1297
-2979
-5624
-7894
-7985
-6109
-2144
1881
4813
4709
2687
135
-1594
-1734
-1681
-651
-213
-568
-1213
-2341
-2423
-1559
-1215
-657
-834
-964
-556
-387
354
1140
1458
913
-211
-1278
-1874
-1901
-1299
-21
1480
3063
4343
5343
6106
6304
6225
5245
4214
3780
3533
3878
4646
5308
5655
5527
5332
4947
4404
3832
3442
3479
3609
3610
3816
3166
2295
1212
284
-303
53
1240
1649
2130
1351
725
-183
-791
-427
369
2522
4321
5746
5234
3693
2056
990
1469
1941
3351
4141
3674
3110
1649
700
411
31
508
636
1170
1719
1704
2207
1561
1065
37
-1179
-1680
-2309
-2232
-1705
-974
-106
428
680
643
940
1438
1815
1575
899
412
-359
-652
-465
-164
296
561
736
427
-158
-982
-1878
-2351
-2329
-2663
-3107
-4023
-4923
-5823
-7289
-8135
-8877
-9010
-8850
-8693
-8525
-8371
-8196
-7330
-4754
-2605
-1344
-1723
-3378
-5197
-7713
-9050
-7854
-4710
-406
3054
4025
2877
442
-1971
-2531
-2945
-2077
-854
-1056
-1302
-1999
-2107
-1162
-679
-90
-170
-851
-824
-618
8
941
1570
1431
230
-1241
-2107
-2237
-1527
-380
1013
2383
3301
4079
4679
5319
5762
5417
4747
4029
3564
3614
4107
4798
5462
5658
5447
4924
4152
3426
2917
3024
3064
2890
2709
1920
1419
1259
865
802
290
-312
-487
-958
-439
143
888
2005
2022
2238
1741
1005
1011
817
976
1103
1316
1272
1647
1902
2226
2622
2592
2079
988
36
-740
-653
-16
698
1308
1556
736
-149
-1122
-1970
-2239
-2555
-2395
-2112
-1913
-1510
-1114
-573
-100
152
310
467
381
425
342
327
156
-265
-597
-1005
-1088
-912
-554
-147
15
-203
-902
-1932
-2976
-3787
-4206
-4303
-4268
-4362
-5003
-6082
-6830
-7719
-8562
-8628
-8748
-8444
-8565
-9034
-8915
-7406
-4889
-2822
-1681
-2587
-4280
-5928
-7728
-7528
-5633
-2044
2087
4665
4589
2428
-330
-2150
-2241
-1958
-787
-165
-680
-1491
-2215
-1645
-94
1047
1767
1551
1257
1195
1097
1617
2033
2009
1077
-414
-1304
-1774
-1452
-372
840
2138
2800
3395
4070
5084
6159
6898
6841
5749
4466
3375
2921
3133
3903
4572
4959
5002
4741
4437
4191
3966
3665
3273
2723
2200
1741
1373
1038
708
642
-358
-228
133
397
1798
2035
2450
1734
521
96
-222
1004
2036
3244
3720
2960
2481
1787
2302
2951
3959
4562
3792
2813
1133
-58
34
539
1531
2504
2601
2351
1586
635
-139
-685
-985
-1486
-1564
-1688
-1356
-635
286
818
949
1188
1013
1113
1239
1441
1245
741
-1
-776
-1264
-1342
-1181
-832
-371
-201
-384
-819
-1519
-2029
-2743
-3646
-4527
-5593
-6341
-7022
-7375
-7642
-7642
-7989
-8460
-8868
-9375
-9234
-9795
-9802
-9331
-7137
-4497
-3208
-2731
-4030
-5373
-7055
-8190
-7291
-4590
-362
3520
5514
4398
1907
-1108
-2362
-2275
-1712
63
541
-13
-795
-1160
-77
1325
2244
2598
2191
2063
1677
1025
1474
1547
1419
679
-381
-613
-711
-211
259
1043
1904
2585
3451
4406
5765
6750
6750
5897
4842
3676
2767
2707
3262
4200
4808
5167
5421
4957
4293
3843
3175
3277
3188
3275
2987
2135
1494
284
-342
-336
-439
-188
-149
-29
430
424
815
681
593
779
801
1257
1216
1243
1394
1878
2571
2943
3718
3886
3695
3044
2084
1752
1039
777
722
793
1331
1362
1266
672
-35
-289
-604
-513
-504
-426
-267
-465
-399
-412
-293
166
592
1089
1430
1550
1091
537
-114
-792
-1203
-1525
-1110
-519
-84
-88
-543
-923
-1510
-1886
-2221
-2798
-3211
-3997
-4482
-5076
-5777
-6386
-7137
-7694
-8187
-8370
-8564
-8594
-8751
-8786
-9582
-10417
-11433
-10955
-8383
-5953
-3424
-2896
-2828
-3454
-4970
-5107
-4668
-2224
1003
3366
3906
2105
52
-1590
-1620
-1345
-649
-273
-856
-1527
-2123
-1336
803
2215
3093
2931
1802
823
-504
-1075
-600
89
568
473
14
-493
-929
-860
-209
660
1475
2122
3064
4440
5286
5695
5075
3898
2848
2118
2220
2632
3581
4810
5308
5907
5481
4696
3821
2967
3105
2927
2700
2135
1080
294
-137
-299
-381
-839
-811
-1236
-137
1037
1945
2785
1730
736
-731
-1262
-1281
-52
2398
4224
5852
5214
3551
2124
1487
2154
2565
3562
3558
2838
2126
1193
1208
1601
1675
1648
1164
1121
838
785
918
796
675
262
0
-325
-206
498
1253
2172
2513
2562
2325
1617
1217
481
70
-297
-697
-416
-58
658
1099
1262
1254
709
167
-351
-874
-1410
-2435
-3455
-4790
-5604
-5902
-6185
-5822
-6045
-6568
-7412
-8319
-9052
-9422
-9666
-9800
-10148
-8774
-6060
-3510
-1096
-474
-578
-1828
-3883
-4918
-4831
-2382
1435
4942
6147
4508
1756
-815
-1799
-2025
-885
471
1034
1094
394
680
1873
2544
3114
2616
1822
1034
81
353
862
1716
1925
1126
603
-286
-808
-746
-292
628
1677
2700
3803
4639
5286
5457
4967
4560
3913
3566
3836
4166
4874
5256
5368
5619
5133
4711
4216
3826
3685
2847
2409
1586
713
195
-322
-40
-66
221
214
-3
-267
-632
-282
331
1063
1272
1277
1158
752
737
579
772
1423
2064
2952
3308
3374
3272
2889
2542
1893
1934
1499
1020
891
592
1002
1006
1138
1096
388
81
-503
-691
-534
-333
37
107
191
163
71
82
-237
-487
-683
-888
-925
-1073
-987
-954
-716
-630
-712
-607
-670
-896
-1099
-1186
-1363
-1753
-2489
-3453
-4713
-5822
-6629
-6953
-7043
-7027
-7059
-7306
-7737
-8879
-9776
-10531
-10509
-10685
-10668
-10588
-9880
-6601
-3955
-1559
-875
-1753
-2829
-4907
-5858
-5641
-3347
1073
4372
5649
3729
460
-2015
-2776
-2437
-1166
450
714
628
-205
-606
768
1687
1990
1728
574
-330
-1187
-1296
-627
166
651
113
-788
-1653
-1902
-1097
-136
1164
2554
3496
4396
5091
5667
5961
5672
5076
4495
4264
4441
4893
5154
5599
5977
6204
5892
5446
4937
4423
3972
3157
2605
2076
1689
1195
1218
1287
1190
1192
762
386
-77
-220
27
519
1399
1970
2387
2459
1810
1538
1305
1641
2525
3449
4573
4900
5204
4835
4129
3563
2598
2183
1882
1792
1866
2082
2328
2616
2332
1894
1054
195
-398
-856
-694
-269
461
796
1041
924
639
664
268
106
-328
-882
-1051
-1143
-1084
-935
-848
-762
-401
-213
-65
-387
-446
-518
-991
-1345
-2004
-2849
-3952
-5212
-6594
-7438
-7438
-7420
-7019
-6698
-7133
-7860
-8977
-10325
-10717
-10686
-10254
-10110
-8719
-5312
-2557
-353
-869
-2044
-3535
-5651
-6414
-5485
-2039
2987
7081
8384
5787
1781
-1483
-2490
-1788
-439
934
1737
1581
861
646
1203
1577
1462
573
-466
-921
-1596
-1334
-720
71
549
32
-792
-1726
-2068
-1713
-1454
-585
368
1540
2870
4019
4985
4974
4427
3625
2886
2754
3242
3897
4368
4865
5061
5163
4916
4515
4148
3612
3003
2253
1723
1546
1239
1204
896
345
88
-196
-385
127
1016
1862
2307
1822
1334
299
-160
-125
306
1708
2893
4278
4886
4816
4540
4182
4247
3651
3439
3314
2851
2754
2341
1870
1614
1285
1783
1571
1498
1675
1107
971
372
451
457
240
669
592
826
831
791
729
559
757
982
1034
1045
602
-47
-629
-1026
-634
-411
17
304
254
224
-55
-138
-927
-1767
-2747
-3878
-4987
-5964
-6517
-6960
-7303
-7750
-8261
-8869
-9762
-10246
-10192
-10245
-9464
-9185
-8096
-4997
-2760
-987
-1977
-3788
-5312
-7570
-7687
-6418
-2593
2826
7087
8639
5692
1824
-1743
-2874
-2246
-1467
212
910
978
894
127
461
503
246
92
-830
-830
-929
-1015
-516
-511
-875
-1932
-2992
-3259
-2872
-1672
-789
-126
916
1800
3174
4411
5367
5464
4517
3541
2763
2986
3832
4782
5780
6087
5767
5526
5358
5207
4765
4369
4082
3643
3193
3026
2768
2403
2085
1718
1184
624
445
633
627
677
413
444
846
1110
1475
1407
1116
1087
1068
1699
2883
4058
5060
5606
5353
4435
3399
2810
2354
1941
1734
1438
1210
828
673
266
206
-230
-668
-948
-1206
-841
-523
169
741
739
515
-176
-422
-388
-375
-195
-354
-453
-761
-1085
-1422
-1364
-1117
-942
-944
-879
-793
-433
42
-15
-340
-1082
-2217
-3624
-4956
-5883
-6588
-6978
-7084
-7203
-7062
-7171
-7597
-8479
-9391
-9844
-9956
-9768
-8767
-7801
-4660
-2111
-1343
-2234
-5093
-6430
-7529
-7216
-5153
-1917
3288
7099
8483
5955
1198
-1975
-3002
-1637
-318
994
2017
2021
1777
726
-244
-263
-495
-245
14
593
1261
1405
1580
559
-690
-2504
-3841
-3493
-2556
-910
497
1198
1864
2314
3143
4117
4915
5057
4345
3581
3161
3515
4443
5539
6074
6045
5318
4707
4437
4436
4750
4700
4626
4303
3727
2980
2198
1576
1065
353
-204
-371
-333
23
139
5
-347
-758
-1017
-991
-882
-465
236
701
1152
1583
2071
2433
2891
3470
3939
4383
3889
3075
2048
1172
764
381
395
273
184
460
270
152
25
-317
-224
-158
-311
-322
-463
-329
-63
332
879
902
813
709
672
290
30
-540
-1006
-1177
-1078
-621
-188
204
602
597
722
865
295
-417
-1317
-2347
-3183
-3896
-4432
-5265
-5949
-6601
-7453
-7947
-8338
-8356
-8312
-8542
-8642
-9394
-8761
-7514
-4324
-1529
-1167
-2553
-5609
-7226
-8549
-7866
-5468
-1700
3319
6256
6793
3130
-1144
-3335
-2746
-117
1210
1720
1815
1544
1167
-209
-1589
-2009
-1940
-813
-263
964
1833
2251
1990
149
-2086
-4162
-4530
-3289
-1309
955
2154
2553
2386
2334
2877
3544
4126
4229
3905
3778
3936
4798
5604
6005
6242
5738
5285
5232
5419
5613
5876
5901
5620
5027
4325
3625
2479
1976
1461
1220
964
626
769
946
971
627
651
444
495
456
-126
-230
-430
511
1528
2141
2277
1937
2201
2955
3948
4421
4496
3995
2962
2063
1033
10
-489
-584
-159
222
203
-40
-301
-302
-524
-681
-926
-1068
-784
-142
644
1105
1076
690
-14
-476
-551
-384
-243
-595
-924
-1291
-909
-407
-201
273
497
896
1081
837
117
-947
-1900
-2435
-2616
-2686
-2690
-2968
-4110
-5636
-6866
-7376
-7836
-8072
-8210
-8287
-8463
-8752
-8274
-5708
-1804
44
-505
-3525
-6369
-7736
-7369
-5275
-2219
2525
6557
7580
4522
-1039
-3839
-3128
-20
2167
2623
2877
2915
2305
702
-1622
-2493
-2345
-962
208
839
1836
2415
2632
956
-1773
-4242
-5403
-4157
-2004
262
1854
2166
1989
1308
935
1382
2263
3509
3962
4186
4571
4683
4875
4593
4262
4310
4589
5421
6239
6316
6178
5825
5392
4580
3729
2998
2368
2050
1559
1450
1145
611
337
-260
-401
-651
-659
-249
126
534
107
-775
-1409
-1712
-1259
-505
118
222
556
1529
2574
3399
3446
3330
2557
1667
759
-80
-489
-507
-274
157
23
-430
-858
-1315
-1369
-1486
-1251
-897
-625
-245
-204
166
600
390
410
14
-237
-82
-295
-217
-575
-799
-612
-553
-24
240
964
1372
1295
1384
1127
873
567
37
-561
-1398
-2018
-2349
-2919
-3271
-4082
-4589
-5327
-6209
-6906
-7576
-7639
-7430
-7533
-7490
-4699
-1358
70
-1299
-5481
-7939
-8047
-6559
-4512
-2153
2005
6100
7535
3545
-2971
-6287
-4010
1334
4305
4587
3792
3144
2495
154
-2395
-2989
-1719
1281
3123
3278
2726
2358
2107
875
-1122
-2875
-2755
-1145
679
2094
2526
2206
1784
1328
1285
2175
3870
5186
5831
5408
4789
4740
4515
4501
4423
5003
6046
7253
7877
7575
6633
5658
5022
4494
4171
4425
4612
4397
3419
1949
550
-79
196
502
602
690
463
378
342
-317
-1212
-1854
-1818
-1302
-861
-734
-721
-655
134
963
1639
2175
2324
2219
1884
1162
182
-667
-1139
-837
-313
-139
-114
-440
-1253
-1975
-2577
-2592
-2175
-1501
-807
-406
-419
-522
-481
-532
-529
-652
-384
-35
41
-280
-883
-1384
-1567
-1654
-1303
-767
-211
343
237
180
-363
-976
-1336
-1816
-2061
-2119
-2113
-2502
-3510
-4431
-5500
-6790
-7626
-8393
-8193
-7966
-7682
-8136
-8209
-5121
-2774
-2015
-4288
-7291
-8209
-7695
-6113
-5415
-2729
1621
5495
5876
254
-5079
-6831
-2602
2601
3946
4032
2850
2800
2010
-1107
-2662
-1918
1164
4583
5087
3630
1713
1017
839
175
-626
-707
263
1280
1598
1195
538
262
378
1286
2057
3980
5493
5681
5099
3928
3843
4154
5051
5476
5250
6229
7120
7625
7254
6755
6695
6479
6881
6698
6347
6149
5347
4735
3492
2172
1443
1304
1818
1688
1192
728
393
888
1122
1105
844
634
483
-404
-1512
-2549
-2612
-1567
-696
467
1085
1260
1381
1139
732
228
138
294
457
371
120
-171
-757
-1391
-2216
-2814
-2935
-2760
-2034
-1832
-1741
-1742
-1971
-2240
-2238
-1665
-1045
-556
-235
-400
-711
-1206
-1799
-2110
-2211
-2464
-2388
-2267
-1976
-1746
-1438
-1312
-1300
-1565
-1959
-2283
-2386
-2217
-2363
-2866
-3557
-4703
-5664
-6470
-7184
-7892
-8805
-9153
-9346
-8211
-4917
-2495
-2010
-4029
-7089
-8435
-8363
-6685
-5069
-2024
1790
4218
4050
-552
-4573
-5034
-980
3786
4685
3400
1756
1559
1320
-72
-1074
-718
1635
4200
4578
3243
1480
1393
1499
1528
1285
1197
1805
1751
1275
260
-622
-336
569
2061
3214
4351
4694
3746
2684
1891
2528
4373
5915
6729
6201
5678
5494
5390
5250
4949
5258
6309
7327
7411
6513
5568
4876
4324
4053
3829
3690
3553
2845
1385
206
-497
65
1228
2199
3022
2956
2705
2149
1081
78
-700
-440
307
916
1233
1328
1505
1723
1658
1046
926
1721
2561
2770
2334
1317
461
214
255
152
-281
-463
-656
-1131
-1569
-1669
-1482
-1000
-815
-912
-899
-973
-752
-419
-437
-706
-709
-904
-1050
-1610
-2271
-2842
-3165
-3023
-2866
-2669
-2349
-1950
-1805
-2405
-3374
-3789
-3835
-3348
-3339
-3835
-4270
-4902
-5500
-6589
-7797
-8279
-8589
-8813
-8808
-7685
-5177
-3841
-4158
-6361
-8058
-8044
-6855
-5641
-4314
-1882
1055
2823
1168
-2642
-4516
-2688
1859
4384
3707
1725
807
1217
1230
721
738
1815
3151
3641
2693
1183
1202
2612
3369
3577
2591
1927
1687
1008
-42
-886
-304
1289
2718
3538
3638
3657
3283
2591
1901
1925
3646
5317
6268
5758
4233
3924
3861
4621
4943
5144
5564
5694
5544
4662
3828
3333
3574
3902
4243
4615
4669
3871
2478
369
-796
-560
181
1143
1798
2076
2066
1869
1028
110
-662
-692
18
147
-97
-259
-399
-201
-112
-126
-157
250
1000
1715
1714
810
73
-213
-194
-148
-450
-814
-1018
-1308
-1746
-2405
-2694
-2470
-2152
-1854
-1866
-2063
-1932
-1653
-1514
-1136
-406
360
406
-453
-1760
-2718
-3015
-3060
-3146
-3162
-2851
-2530
-2232
-2631
-3291
-3655
-4038
-4001
-4230
-4650
-4823
-4856
-4794
-5181
-6091
-7240
-7973
-8190
-8314
-7196
-5092
-4384
-5187
-7049
-8477
-8331
-7134
-5803
-5189
-3644
-1361
133
-516
-3025
-3447
-1682
2140
3710
1885
-133
-1041
-103
1258
1581
1857
2478
2859
2381
1069
-569
-89
2208
3893
4948
4504
3570
2658
1138
67
-599
-512
1409
3050
3877
3744
3053
2100
1435
1478
2110
3420
4571
4812
4210
3295
3024
3446
3892
4212
4249
4494
4642
4411
4085
3577
2959
2514
2330
2542
3129
3558
3708
3147
1897
574
-180
-448
-333
321
1023
1740
2210
2023
1840
1112
975
855
723
826
769
1134
1194
849
594
42
-175
84
476
882
1295
1730
1998
2020
1476
686
135
-127
-462
-655
-997
-1083
-1134
-1070
-1009
-1343
-1739
-2229
-2259
-2109
-1584
-529
574
1150
987
-4
-1122
-1821
-2103
-2232
-2440
-2410
-2387
-2387
-2747
-3483
-3922
-4085
-3630
-3614
-4222
-4713
-5234
-5062
-5221
-5483
-6059
-6548
-6770
-7558
-7841
-6844
-4824
-4034
-5691
-8326
-9991
-9239
-7354
-6042
-5479
-4560
-2814
-1570
-2214
-3891
-3568
-828
2775
3561
973
-1641
-2096
-340
1584
2193
2526
2593
2434
1705
121
-1042
221
2790
4589
5117
4330
3674
2939
2213
1424
887
1362
2749
3987
3973
3403
3057
2835
2876
3237
3872
4671
5255
5095
4131
3206
2908
2935
3467
4055
4365
4539
4709
4875
4322
3438
2965
2520
2583
2712
2990
3289
3354
3434
2706
1787
838
148
132
509
840
1428
1898
2120
1905
1268
593
231
440
697
1225
1401
1337
1202
1166
856
506
188
-292
-319
81
1016
1941
2310
1679
1009
416
-51
-257
-532
-842
-854
-673
-434
-757
-1104
-1712
-1873
-1616
-1344
-661
-209
284
696
611
122
-452
-921
-1188
-1673
-2016
-2184
-2313
-2687
-3190
-3691
-3918
-3700
-3687
-3687
-3876
-4109
-4442
-5126
-5601
-6046
-5854
-5607
-5645
-6088
-6670
-6627
-5558
-4160
-4420
-5562
-7121
-7749
-7182
-6519
-5799
-4909
-3226
-1549
-971
-1730
-2750
-1806
840
3394
3459
1367
-451
-612
653
2106
2553
2875
2654
2023
859
-345
-334
1120
3542
4541
4226
3111
2099
1800
1644
1982
2143
2412
2962
2836
2333
2155
2260
2669
2924
3365
3825
4512
5113
4765
4003
3125
2787
3099
3466
3883
3919
3972
4338
4453
4281
3614
3296
2824
2306
2401
2603
3023
3061
2463
1709
644
-25
-259
-428
201
683
788
808
212
-68
-323
-615
-290
127
316
604
622
251
267
229
116
-287
-701
-948
-919
-248
282
588
391
-46
-163
-143
-295
-396
-485
-66
187
-140
-462
-1080
-1261
-1205
-1209
-883
-689
-374
-280
-250
67
276
444
288
-74
-465
-777
-994
-1496
-2064
-2587
-2767
-2738
-2907
-3179
-3358
-3125
-2910
-3292
-4331
-5102
-5172
-4837
-4487
-5072
-5720
-5707
-5804
-5651
-5582
-4870
-4031
-4001
-4959
-6257
-6789
-6077
-4896
-3895
-2836
-1892
-994
-857
-1418
-1502
-347
1789
3586
3133
1283
178
785
2464
3755
3668
3053
2151
1561
1060
1207
1926
3450
4536
4324
3441
2343
1832
2329
3142
3557
3499
3281
2796
2526
2279
2460
3317
3700
4396
4595
4484
4516
4444
4251
3655
3373
3731
3932
4242
4428
4081
4258
4714
4929
4625
4044
3736
3387
3565
3626
3151
2780
2702
2238
1892
1633
1546
2044
2141
2004
1568
1093
889
799
586
468
445
585
1075
1193
1099
908
805
821
523
40
-247
-453
-255
-95
120
158
-59
15
-231
-512
-571
-381
-5
51
-287
-871
-1466
-1536
-1264
-1251
-1384
-1419
-1416
-1447
-1455
-1412
-1188
-691
-279
-287
-761
-1143
-1544
-1832
-2039
-2215
-2723
-3050
-3198
-3312
-3379
-3485
-3580
-4001
-4500
-4792
-5023
-5193
-5317
-5502
-5342
-5270
-5244
-5591
-6198
-6821
-6830
-6295
-5753
-5185
-5401
-6143
-6604
-6720
-6210
-5075
-3758
-2742
-2002
-1624
-1724
-1740
-1759
-415
1379
2555
2523
1529
901
1194
1891
2730
2818
2578
2539
2473
2214
2141
2275
2741
3517
3737
3569
3300
3197
3302
3307
2896
2510
2303
2852
3257
3904
4310
4175
4194
4170
4120
4103
4183
4310
4349
3968
3836
3844
4011
4176
3921
3684
3878
4250
4748
4978
4834
4230
3590
2751
2371
2367
2483
2714
2405
1765
1151
789
791
954
714
454
165
4
-129
-29
-386
-389
-47
149
454
151
-330
-844
-1036
-958
-794
-693
-889
-1123
-1174
-1327
-1462
-1597
-1653
-1084
-664
-424
-861
-1497
-1729
-1706
-1374
-1107
-1239
-1456
-1314
-1271
-1124
-1011
-976
-837
-934
-1077
-1052
-1041
-1170
-1283
-1508
-1834
-2108
-2647
-2997
-2984
-2864
-2842
-3183
-3493
-3988
-4091
-4260
-4363
-4404
-4377
-4178
-4343
-4611
-5019
-5197
-5198
-4989
-5012
-5428
-5907
-6267
-6021
-5736
-5476
-4908
-4395
-4287
-4091
-4243
-4578
-4026
-3332
-2128
-1101
-990
-695
-663
-77
1239
1987
2172
1748
1152
1057
1315
1904
2461
2555
2739
2604
2465
2225
2543
3260
3843
4164
3678
2805
2323
2241
2680
3014
3241
3245
3192
3144
3245
3319
3521
3733
3845
3756
3199
2931
3023
3229
3396
3323
3417
3673
4014
4390
4508
4699
4729
4501
4119
3674
3229
3107
3102
3100
3014
2818
2745
2468
1940
1477
1022
1054
1519
1822
1428
843
463
618
1187
1392
1355
796
539
351
121
-94
-258
99
289
358
-204
-1096
-1293
-1237
-856
-546
-553
-717
-921
-868
-843
-695
-566
-585
-620
-905
-1124
-1001
-705
-510
-278
-352
-624
-689
-654
-560
-453
-722
-747
-834
-1418
-1920
-2124
-2212
-2076
-2228
-2570
-2846
-3002
-3215
-3655
-3856
-4044
-3768
-3450
-3605
-3956
-4370
-4427
-4274
-4052
-4029
-4200
-4591
-4928
-5358
-5709
-5700
-5330
-4620
-4144
-3995
-4224
-4401
-4351
-3913
-3623
-3114
-2465
-1850
-1110
-601
-548
-571
-410
-70
454
849
636
206
-47
314
1203
1890
1797
1783
1661
1846
2281
2003
1655
1685
2093
2300
2222
1828
1660
1902
2428
2667
2438
2210
2161
2453
2637
2684
2675
2668
2564
2315
1794
1497
1813
2662
3567
4067
4517
4778
4698
4085
3501
3325
3368
3808
4154
3934
3663
3515
3424
3359
3109
2471
1936
1906
2167
2152
1682
999
656
788
930
1113
1065
787
565
173
-160
-639
-620
-242
11
164
-173
-639
-979
-1179
-1160
-999
-921
-755
-803
-1013
-1258
-1298
-1188
-995
-899
-870
-895
-939
-844
-1204
-1225
-1348
-1344
-896
-463
-291
-528
-916
-1418
-1727
-2061
-1983
-1887
-1877
-2025
-2165
-2296
-2414
-2722
-3378
-3901
-4234
-4254
-4215
-4047
-4343
-4429
-4285
-4087
-3982
-4212
-4349
-4292
-4192
-4307
-4388
-4330
-4144
-3964
-4044
-4246
-4523
-4640
-4564
-4238
-3759
-3316
-3033
-2816
-2198
-1605
-1349
-1328
-1005
-481
-160
-35
-268
-282
-241
390
919
973
760
742
1203
1852
2349
2397
2303
1850
1758
2008
2079
1906
2260
2759
3179
3218
2862
2457
2376
2394
2355
2641
2864
2958
3024
2529
2013
1526
1264
1623
2319
3166
3676
3685
3530
3223
3045
3030
2939
3205
3508
3536
3260
3226
3110
3021
3002
2438
2026
1888
1937
1927
1814
1676
1421
1244
1142
1130
974
1169
1214
1118
601
51
-127
-304
-51
126
198
-182
-396
-701
-797
-711
-419
-205
-369
-326
-256
-394
-554
-536
-366
-95
124
373
222
-200
-557
-744
-371
58
387
710
883
653
301
-227
-545
-335
-14
229
138
-122
-410
-330
-361
-349
-659
-1056
-1238
-1513
-1801
-2086
-2244
-2242
-2004
-1882
-1968
-2196
-2273
-2409
-2400
-2230
-2229
-2158
-2101
-2197
-2496
-2871
-3068
-3312
-3516
-3521
-3482
-3168
-2540
-1932
-1532
-1378
-1870
-2112
-2049
-1943
-1721
-1622
-1655
-1510
-1257
-1159
-1078
-1314
-1442
-900
-185
154
44
-381
-632
-519
151
795
1135
1078
1030
1150
1238
1506
1737
2068
2312
2496
2569
2490
2551
2170
1793
1544
1279
1174
1231
1313
1609
2068
2241
2108
1939
2164
2261
2529
2340
2245
2427
2770
3164
3039
2624
2070
1746
1818
2128
2193
2194
2145
2092
2017
1873
1886
2020
2156
2005
1787
1436
1109
1099
1174
1223
1077
793
495
153
179
215
69
-106
-180
-277
-363
-374
-648
-774
-927
-788
-655
-351
-161
-337
-526
-753
-834
-845
-674
-471
-380
-554
-570
-590
-672
-774
-789
-625
-716
-725
-692
-827
-661
-863
-907
-708
-761
-797
-993
-1378
-1659
-1911
-2112
-1879
-1557
-1547
-1656
-1671
-1642
-1548
-1516
-1566
-1448
-1270
-1059
-1223
-1620
-2041
-2448
-2527
-2496
-2333
-2417
-2316
-2171
-2129
-1995
-2148
-2268
-2119
-1731
-1268
-1025
-1089
-1562
-2039
-2018
-1865
-1746
-1652
-1723
-1285
-920
-843
-1044
-1399
-1704
-1511
-922
-213
71
-109
-121
-156
115
577
885
942
1047
1182
1660
2056
2289
2206
1894
1613
1144
964
937
952
1150
1391
1658
1782
1908
1913
1820
1562
1511
1470
1739
2162
2299
2463
2178
1797
1390
1560
1732
1718
1635
1752
1567
1509
1631
1824
2264
2163
1762
1531
1513
1765
2207
2216
2250
1982
1477
1294
1075
913
819
972
854
704
700
546
442
263
162
-106
-159
-77
136
397
415
409
393
186
140
29
16
31
82
72
98
156
211
139
183
315
380
525
527
482
610
537
678
681
578
604
384
220
12
-145
-164
9
299
422
300
255
79
102
284
539
834
979
767
496
433
54
72
59
37
66
-130
-152
-376
-459
-570
-565
-424
-402
-245
-28
-321
-481
-435
-516
-350
-443
-715
-517
-331
-235
-615
-894
-1181
-1283
-1227
-1110
-835
-776
-829
-969
-670
-372
0
-22
-244
-155
136
817
1270
1207
1051
588
398
388
473
612
722
748
822
941
1108
1299
1231
1266
1204
1254
1316
1397
1457
1608
1658
1694
1575
1335
1369
1268
1459
1472
1326
1146
887
1034
1285
1501
1411
1138
1203
1021
1151
1282
1636
1720
1515
1551
1182
1103
1182
1066
971
880
741
509
378
-5
-314
-425
-490
-190
-233
-457
-809
-834
-725
-640
-751
-1037
-1296
-1277
-1257
-1200
-1185
-1414
-1630
-1643
-1353
-1362
-1267
-1292
-1266
-1308
-1282
-1069
-1036
-1013
-1113
-1058
-1164
-1341
-1396
-1404
-1117
-1040
-1211
-1539
-1639
-1624
-1386
-1000
-822
-664
-617
-582
-384
-632
-728
-825
-939
-940
-735
-594
-381
-417
-636
-896
-1311
-1301
-1372
-1257
-884
-799
-678
-825
-1106
-1294
-1346
-1446
-1531
-1331
-946
-752
-955
-1229
-1701
-2039
-2051
-2036
-2047
-1950
-1735
-1507
-1277
-1064
-977
-1064
-1091
-1169
-1013
-670
-313
-29
169
285
230
178
21
-31
-31
-134
-110
196
496
543
526
713
890
914
1075
1142
1154
1279
1342
1444
1457
1388
1479
1441
1293
1158
797
586
643
825
1061
1184
1072
943
651
441
555
783
967
1254
1503
1409
1055
977
736
666
671
468
364
458
577
554
346
322
319
109
10
71
94
45
-11
-50
-281
-336
-501
-522
-600
-768
-731
-759
-843
-934
-901
-951
-960
-1138
-1323
-1061
-867
-703
-643
-613
-610
-716
-612
-520
-603
-449
-167
68
160
-295
-494
-849
-662
-328
-187
-106
-48
312
251
216
129
37
12
113
365
469
504
574
649
536
377
351
405
420
391
357
406
498
431
304
49
106
236
411
440
256
172
-88
-345
-640
-744
-673
-574
-535
-449
-649
-928
-823
-723
-386
-214
-230
-147
54
184
179
218
381
427
551
535
443
437
192
97
-58
83
338
417
545
538
607
503
650
777
845
916
971
1246
1421
1504
1557
1549
1311
939
612
429
671
1026
1137
1114
1103
844
497
296
328
557
913
1206
1282
1026
616
434
389
545
584
736
733
493
181
-17
-30
-207
-96
115
391
481
434
505
432
185
149
-2
1
65
-43
-116
-306
-455
-497
-503
-625
-817
-901
-752
-833
-714
-652
-680
-722
-989
-1430
-1233
-960
-652
-447
-632
-689
-805
-911
-922
-1092
-1055
-874
-946
-980
-880
-833
-817
-934
-1014
-1059
-1069
-990
-722
-427
-537
-513
-655
-489
-266
-361
-301
-344
-115
-28
-197
-392
-460
-446
-328
-169
-279
-284
-62
24
42
-2
-72
-214
-391
-742
-798
-683
-672
-711
-814
-986
-1087
-977
-718
-673
-858
-890
-840
-816
-851
-782
-641
-425
-261
-97
-183
-102
-433
-686
-537
-461
-264
-422
-515
-523
-659
-693
-769
-791
-623
-391
-84
155
470
502
438
387
69
-89
-144
-187
-53
233
295
252
28
-234
-57
-1
-53
47
142
164
129
72
-112
-97
-167
-139
-124
-200
-192
-275
-388
-769
-984
-841
-674
-574
-499
-473
-402
-369
-367
-494
-397
-418
-231
-228
-492
-314
-127
46
-89
-391
-533
-700
-641
-482
-279
-276
-360
-314
-370
-447
-461
-505
-214
-222
-182
30
-24
332
301
365
319
186
-9
-162
6
202
358
508
387
397
546
581
575
587
673
593
526
555
707
837
807
760
582
579
561
484
429
430
564
620
674
677
696
815
873
989
1045
974
949
803
746
656
553
534
413
389
454
291
427
592
565
590
412
181
225
234
143
163
20
-52
-116
-78
-34
-93
-117
8
33
31
46
-103
-244
-348
-465
-296
-325
-483
-567
-524
-423
-299
68
269
260
359
424
441
551
577
659
553
495
669
668
544
632
793
838
813
801
744
844
953
1005
1046
1025
1004
1025
1087
849
599
289
142
102
19
28
18
181
85
35
3
14
194
393
297
219
24
-24
193
331
378
325
238
9
2
160
280
539
518
312
294
216
304
175
222
108
259
237
48
336
256
399
417
309
334
223
218
213
342
384
276
336
260
145
144
312
208
134
51
124
170
321
354
249
354
296
330
149
-114
-181
-230
-126
-230
-163
-26
-88
-33
-36
75
0
12
-63
-46
59
-90
-126
-215
-327
-314
-233
-209
-23
-164
-157
-239
-318
-252
-310
-497
-585
-695
-814
-873
-957
-905
-814
-761
-665
-716
-769
-775
-1065
-1233
-1277
-1316
-1243
-1275
-1312
-1337
-1335
-1228
-966
-833
-811
-639
-460
-356
-246
-135
-347
-353
-402
-452
-322
-329
-294
-261
-317
-330
-164
-6
95
269
123
308
464
408
589
633
491
362
401
237
128
85
97
30
-122
-359
-520
-594
-481
-371
-485
-458
-620
-848
-730
-660
-451
-278
-98
89
21
4
-31
-227
-265
-40
143
149
15
52
181
87
-93
-276
-431
-407
-213
-219
-52
-29
-127
-314
-419
-397
-195
-53
-71
56
50
13
-14
66
243
347
218
262
172
233
339
326
320
398
723
878
860
727
517
613
672
663
776
754
915
907
922
1069
1012
1039
1057
1006
1064
1023
1023
955
804
911
763
811
952
671
604
477
509
531
647
742
689
618
603
413
339
487
477
777
800
735
803
709
385
213
62
-165
-178
-335
-408
-577
-711
-706
-704
-728
-567
-320
-213
-286
-336
-260
-176
-167
-363
-640
-803
-690
-576
-655
-867
-1179
-1243
-1159
-1230
-1087
-1061
-885
-776
-932
-892
-739
-522
-545
-563
-566
-611
-484
-508
-584
-476
-498
-403
-147
-244
-199
-173
48
-59
-138
-259
-396
-518
-660
-407
-387
-219
-129
-218
-167
-133
116
287
344
283
157
351
414
423
549
584
435
308
374
269
358
441
324
318
401
292
302
139
130
135
111
290
226
350
620
673
737
907
924
706
534
556
581
841
905
962
990
1028
1114
1054
1090
975
965
1241
1293
1320
1422
1327
1321
1156
1228
1175
1164
1097
1121
1166
930
768
579
721
669
638
332
279
357
319
294
420
506
428
433
260
175
125
240
278
225
281
154
141
97
172
145
52
-89
-257
-436
-484
-515
-326
-257
-190
-182
-422
-423
-546
-566
-470
-376
-496
-430
-611
-748
-846
-1016
-984
-990
-963
-1099
-928
-915
-981
-1184
-1166
-1207
-1164
-1057
-1119
-985
-971
-878
-1031
-1203
-1220
-1212
-1361
-1363
-1439
-1399
-1330
-1318
-1269
-1078
-1043
-1086
-1072
-1394
-1382
-1428
-1352
-1353
-1296
-1099
-1169
-1393
-1443
-1289
-1220
-1120
-1090
-1146
-1096
-1156
-1236
-1135
-1124
-995
-819
-693
-746
-817
-681
-515
-427
-243
-207
-24
162
244
162
124
105
164
201
264
446
553
589
557
584
448
224
56
47
79
232
475
670
583
815
865
959
966
951
1041
1065
1248
1402
1406
1305
1267
1161
1449
1416
1167
1224
1240
1472
1544
1643
1557
1533
1414
1398
1408
1310
1343
1227
1277
1209
1266
1174
1075
1071
920
826
730
738
599
690
739
710
721
648
454
147
14
-46
-51
-90
-254
-224
-219
-242
-359
-375
-431
-451
-319
-292
-138
-319
-385
-526
-541
-524
-581
-696
-779
-647
-693
-948
-732
-646
-751
-596
-627
-388
-329
-152
-155
-294
-197
-347
-116
-155
-477
-760
-873
-747
-750
-845
-1028
-914
-870
-826
-1041
-1295
-1505
-1734
-1774
-1626
-1596
-1642
-1597
-1761
-1898
-1904
-1873
-1955
-1988
-2018
-2099
-2115
-2190
-2068
-2172
-2262
-2113
-2029
-1856
-1926
-1961
-2010
-1996
-1701
-1456
-1349
-1201
-1052
-948
-997
-1064
-917
-698
-345
-177
96
213
243
188
183
350
448
489
664
671
781
843
859
823
992
1157
955
808
966
1259
1488
1644
1606
1514
1374
1270
1506
1634
1560
1486
1233
1027
1045
987
1052
1344
1140
912
760
852
778
700
627
576
411
415
357
494
580
400
431
373
562
545
500
355
374
266
192
127
160
316
400
706
418
302
467
436
537
646
744
637
632
609
526
534
500
368
313
296
224
229
58
42
14
-98
-188
-320
-387
-470
-599
-565
-522
-623
-762
-810
-846
-788
