-228
-181
-152
-151
-140
-123
-105
-65
-83
-33
-91
-94
-65
-67
-86
-74
-37
-30
-36
-67
-64
-25
-41
-103
-28
-61
-82
-74
-20
-77
-113
-133
-132
-115
-152
-88
-156
-130
-77
-49
-76
-148
-165
-200
-166
-144
-67
-64
-49
-48
-87
-75
-124
-107
-112
-104
-120
-111
-118
-84
-112
-143
-128
-150
-159
-178
-79
-83
-72
-61
-100
-107
-75
-57
-81
-175
-147
-91
-70
-16
-74
-5
-8
-21
-25
-48
11
-40
-67
-61
-71
-75
-53
-6
-15
-20
-44
-65
-73
-57
-52
-23
-5
-75
-101
-33
-37
-47
-23
-27
-70
-56
-74
-36
-33
-70
42
-10
-19
-32
-38
-96
-102
-126
-106
-113
-129
-83
-118
-147
-99
-71
-91
-11
-39
-24
17
50
33
-73
-102
-114
-125
-82
-24
12
26
-47
-135
-91
-43
-81
-27
-22
-92
-67
-150
-146
-174
-170
-120
-107
-91
-126
-106
-96
-64
-24
-72
-11
-9
-23
-91
-166
-97
-71
-68
-104
-95
-106
-67
-51
-33
-50
-80
-73
-59
14
45
-36
-76
-27
19
-19
-23
-21
-132
-210
-170
-76
-62
-46
-59
-35
-50
-86
-73
-107
-121
-78
-98
-66
-31
-79
-47
-35
-54
-32
-69
-90
-72
-78
-72
-80
-135
-150
-97
-10
-81
-133
-86
-109
-99
-106
-71
-132
-145
-128
-80
-77
-116
-74
-71
-76
-92
-95
-150
-161
-119
-65
-63
-58
-119
-80
-102
-127
-94
-61
-69
-119
-106
-140
-155
-179
-122
-92
-120
-94
-125
-128
-156
-142
-47
-31
-45
-47
-36
-70
-145
-89
-164
-125
-56
-58
-60
-47
4
-24
-39
-108
-150
-153
-35
-57
3
-23
3
6
-36
-100
-183
-169
-61
42
7
-42
-63
-32
-152
-174
-138
-152
-141
-91
-9
44
23
61
12
-68
-127
-143
-80
-56
-15
1
19
-10
-49
-1
4
-39
-13
65
95
11
-45
-105
-145
-107
-101
-62
-130
-122
-31
25
-14
46
57
53
0
-38
11
-88
-79
-101
-81
-26
25
54
-32
-77
-6
41
26
26
49
82
12
6
12
122
146
132
62
-39
-70
-48
-18
45
13
19
-23
-38
48
11
31
-24
-21
-17
64
-8
-49
-24
-105
-106
9
57
30
8
31
111
89
37
-125
-229
-129
30
71
69
53
-85
-226
-201
-122
-63
-31
68
111
82
64
-50
-268
-315
-126
-51
-35
-87
-69
-71
-43
59
-2
-95
-142
-128
-171
-100
10
64
42
18
-31
-134
-87
-34
134
155
104
-1
-113
-71
-71
-45
-62
-114
-119
45
160
60
-30
-2
-30
-92
-22
-55
-190
-251
-35
202
78
-34
-149
-147
-69
-25
-13
-93
-214
-156
-60
-62
-29
-76
-86
-28
15
-102
-160
57
188
92
-35
-25
-69
-61
97
82
-66
-196
-11
100
5
-51
-37
149
235
39
-110
-4
86
87
111
83
-113
-198
164
113
-149
-255
28
150
-11
16
-45
-77
-15
159
149
-82
-239
-72
33
16
-52
-89
84
130
57
-71
-123
-119
35
203
19
-167
-42
178
85
-163
-169
53
63
77
77
-62
-63
2
86
92
-76
-48
96
0
-59
-109
-4
5
-134
-49
-4
-138
-269
-77
10
-44
-113
-8
58
-145
-97
5
87
10
-33
79
-53
16
153
63
54
-37
-76
48
118
18
-133
-140
-30
-37
-98
-217
-208
26
15
-91
-202
-75
149
-92
-194
-34
-124
-109
95
-7
-43
171
201
-72
-144
150
165
12
-123
-14
97
146
135
-172
4
73
-160
-282
-37
68
-125
26
64
-17
-74
74
-21
-82
47
-25
-200
-16
239
-11
-103
-84
-36
-27
188
206
-152
-9
351
39
-156
39
58
-241
-180
84
-190
-83
288
115
-256
-105
18
-272
-70
165
53
-47
76
-83
-58
171
127
-191
-69
259
-80
-136
73
53
65
222
104
-72
25
73
59
16
-17
-87
54
36
-144
47
77
-173
8
251
-61
-76
202
172
-67
159
250
-132
-245
-134
54
114
86
-11
34
-177
-172
123
252
70
-25
10
-265
-183
179
242
-146
-120
27
-195
9
67
-71
-247
-293
-381
-99
206
-60
-218
-64
-80
-254
53
170
-161
-162
99
60
12
-5
17
169
182
-146
-17
178
-70
-30
99
-109
-222
92
67
58
19
-184
28
237
-39
-107
234
1
-244
201
406
-250
-385
145
111
-120
-135
-84
-83
-13
69
121
25
-165
-166
-123
27
125
127
19
-134
-139
70
133
-76
-43
272
-42
-178
158
87
-165
-184
26
203
48
136
195
-256
-387
174
329
30
-97
-144
-34
-17
104
128
-154
-440
-147
286
-91
-170
-136
-148
-168
-122
241
132
-143
-94
194
1
-75
-93
61
38
-296
160
312
279
-241
-125
187
-46
-172
124
178
-383
-203
149
-4
-503
-59
139
-127
-320
34
342
-229
-106
24
-1
-128
-133
-21
-89
9
45
-46
-80
289
192
2
-42
-262
-127
216
60
-386
-18
60
-97
89
144
-85
-222
-33
190
143
-93
76
-242
-208
132
125
-187
-40
-174
-340
-186
-256
203
151
-257
-62
71
-175
-8
33
-230
-78
-72
-39
128
-258
-135
-54
-389
93
44
-148
116
-251
-59
320
-92
-47
-215
-235
-123
-191
156
449
-187
-310
-233
-77
267
-149
9
-31
-140
82
-8
-47
-43
-173
97
-195
-198
90
-449
-450
136
124
-245
-244
213
226
-307
-62
-216
47
-224
-98
23
28
-63
-233
-178
60
25
-274
-16
-241
112
-134
-53
-256
-358
-217
53
-18
-97
-82
-158
-89
4
40
-271
-286
-203
66
-56
130
-122
-143
-214
-95
-18
164
144
-182
51
-25
13
-104
367
98
-234
-208
5
-117
-259
4
155
-178
-426
-49
44
-126
-331
41
-234
-359
-103
-15
-109
-268
-65
215
-209
-165
-197
55
177
-296
-73
310
-24
-346
-160
435
72
-380
-289
-101
-297
-120
273
-257
-356
94
-28
-485
-361
34
-71
-210
50
164
-179
-258
-115
-283
-20
-233
-402
-252
-211
-293
-85
64
-145
-308
101
95
-152
-293
3
-114
-244
213
-48
-347
-397
-162
-4
-316
-56
165
-303
-134
230
-48
-455
-10
57
-426
-136
267
-119
-507
-27
407
-361
-418
187
-154
-477
-116
207
-367
-332
14
-91
-254
-159
-111
-191
-136
-173
-219
117
-222
-473
108
106
-150
-410
300
140
-519
-85
-76
63
-389
65
180
-299
-295
-277
-1
-349
-356
-72
-61
-78
-249
51
59
-240
-289
-19
79
-319
-162
89
-169
-220
-177
98
-326
-258
47
-1
-22
20
269
-209
-275
34
98
-378
-345
33
-235
-420
-170
-70
-353
-87
-58
-311
-181
-58
-203
-154
9
-75
-96
-31
-43
-369
-162
14
-278
-225
17
1
-138
-130
2
-77
-332
-104
-5
-249
-420
19
-32
-381
-166
169
-166
-182
92
-83
-117
-133
17
-205
165
-50
-332
-121
251
-61
-255
170
-58
-293
-149
167
-160
-296
-19
-54
-136
-81
-46
-208
-181
-123
-207
-48
-29
-100
-90
-114
-41
-72
-48
-128
-164
-87
-127
-219
-126
-93
-100
-99
-188
-89
-154
-121
-190
-25
-76
-144
22
-73
-44
-127
78
-106
-80
-11
-136
-217
-130
-22
-101
-102
-25
73
-55
-153
-169
-18
-47
-134
50
-72
-26
0
-125
-133
-148
-125
-107
-90
-192
-257
-119
-215
-153
-291
-208
-84
-107
-102
-180
-6
-84
-141
-41
-128
-74
-126
-177
-144
60
55
-270
78
2
-126
-80
-57
-54
-235
-12
-38
-75
-200
-111
116
4
-128
-201
89
-228
-386
33
37
-47
-125
6
-359
-116
-32
-280
-123
200
-49
-360
84
186
-244
-304
205
-148
-333
46
262
-204
-257
6
-25
-323
-69
-191
-187
-139
-47
-115
-241
-135
-65
-98
-222
23
-147
-217
59
245
-175
-291
30
123
-229
-193
20
-323
-341
-34
-93
-374
-323
-4
-362
-348
-226
-159
-101
-39
-70
-60
-64
-213
-217
-253
-194
-131
-122
81
-100
1
102
-16
-24
-63
18
-268
-15
132
-208
-18
167
-274
-111
216
-5
-321
114
13
-192
-54
18
-100
-310
222
22
-398
-322
141
-173
-304
-13
-38
-15
-116
121
8
-113
-33
160
-96
-201
-48
-94
-194
-263
-32
-154
-178
9
-287
-216
-242
-157
-234
-234
-11
-78
-45
-149
-89
-156
1
-8
-77
-38
144
-185
-342
-25
-76
-189
-211
166
-249
-280
15
-130
-385
-148
216
-445
-255
-28
-142
-221
61
-177
-559
-45
20
-226
-39
-278
-240
-114
-51
-451
-192
106
93
-292
-120
-177
-409
179
-38
-351
51
103
-223
-195
192
48
-492
33
-117
-213
-334
148
46
-198
-8
65
-85
-135
30
-95
-181
-8
79
-141
-127
-249
50
-35
35
-62
-156
21
27
-162
25
-56
18
-122
-116
8
-297
-67
28
-76
-16
99
-211
-21
158
-124
-292
-82
79
-172
-46
56
-153
-175
204
-89
-282
106
88
-518
-431
235
-196
-782
-49
100
-156
-420
190
105
-354
-141
37
-162
-280
39
-190
-155
-205
-215
42
-64
-49
-55
-402
-152
250
16
17
386
-12
-683
-326
292
-338
-444
405
-31
-646
228
417
-528
-318
138
-84
-74
393
-57
93
-113
348
90
-113
145
-6
83
-413
-47
701
-296
-507
-117
231
70
-129
58
-72
-136
-139
-30
-235
170
201
-483
-236
214
-89
-141
-265
388
-506
-303
-117
-110
-26
-372
141
-147
180
169
162
-44
-135
88
-374
-230
449
163
-528
-234
-17
155
-122
-347
-17
22
207
42
119
-299
36
97
142
172
261
204
-111
-183
-357
-330
381
151
-780
-449
311
-285
-560
47
485
-87
-273
618
478
-368
-469
-136
-235
-189
-73
445
-214
-442
34
510
8
47
-190
-50
-244
-240
395
-334
-240
-13
157
-104
198
534
139
-366
-45
363
59
-446
-217
-220
296
360
73
194
-68
-345
-100
210
-538
-144
42
404
45
-224
-28
87
180
-299
594
280
-579
2
659
-233
-740
-115
564
80
19
477
68
-316
82
575
-42
-534
-296
362
-129
-267
158
277
-263
-332
513
826
-2
-504
-388
-114
-350
-317
169
162
-530
-34
593
614
121
-80
146
232
533
755
532
139
-189
-156
235
-122
-112
93
45
-492
-463
-15
-37
-342
-658
-261
-357
-154
353
-30
-471
-719
17
6
-303
-242
-353
-291
-38
168
289
476
680
88
318
679
106
216
683
307
-218
8
538
367
316
510
311
618
1060
888
429
494
648
755
1228
912
151
-733
-514
-1005
-1102
-823
-1502
-1920
-1304
-443
-1388
-1639
-321
-341
-538
224
503
111
-58
400
-72
-403
157
97
-265
221
514
359
-80
-326
-103
-13
-204
-550
-253
-100
-64
-155
-141
553
150
-241
23
435
681
903
543
160
-133
328
354
17
245
283
326
478
668
402
887
1122
288
33
550
269
-50
283
145
-31
53
-118
-170
-298
-239
161
253
260
463
202
202
221
193
54
-555
-133
126
137
118
194
88
-106
15
-761
-1450
-669
-46
182
-112
28
365
45
99
267
-521
-1028
-102
11
16
1379
2209
1143
69
-57
88
471
927
1709
1735
1661
1550
1533
1174
741
805
929
532
282
674
605
7
-427
-124
-802
-972
-1261
-1561
-2441
-3084
-2868
-2318
-1579
-1939
-2440
-1709
-489
136
366
548
222
-16
1056
1878
1162
899
1283
1344
1469
2209
3615
3801
4058
6467
8557
9865
11590
13937
14457
12132
7107
1949
-3352
-8108
-8959
-7723
-5727
-4490
-3198
-1513
-645
-629
-885
-2042
-3293
-3310
-2274
-1152
99
1448
2397
3995
5955
7490
7315
5506
3794
2087
639
-194
-504
-339
-87
-589
-1745
-2391
-2130
-2439
-2903
-1856
363
2260
3774
4382
3101
565
-1706
-2120
-1654
-182
5012
8231
5230
1851
1666
1755
60
-2205
-3484
-4992
-7401
-8253
-7017
-4326
-1187
1790
3249
1768
-793
-2087
-2410
-2242
-1697
141
2839
5493
6213
4448
2186
2416
3408
1797
-251
-228
1971
4243
6028
10460
15409
14505
5906
-3872
-10196
-14465
-15679
-14231
-11017
-7054
-3098
806
3731
5546
5982
4547
2177
239
279
1960
3888
5583
5686
2815
-426
-2065
-2761
-3253
-3191
-2695
-849
1573
3686
5564
6895
7367
6735
5595
4295
3347
2477
213
-3226
-8006
-11968
-12689
-10466
-7136
-4570
-2080
-116
910
1473
1559
1568
1853
1670
845
-366
-2294
-4163
-5393
-5878
-5728
-4254
-1982
-27
1823
3756
5401
5891
6040
7287
8980
9422
6930
3077
93
-1987
-1879
-69
994
1181
547
-809
-614
5133
10835
9994
1821
-7920
-10476
-8905
-6446
-2361
2557
7054
9985
16003
25310
29719
12988
-3338
3940
10392
2148
-13362
-18730
-18090
-19482
-15059
-5565
-448
1473
3573
4157
1884
-3965
-11163
-15117
-14315
-12028
-9589
-7512
-5456
-3632
-2598
-2294
-2643
-3141
-3267
-3324
-3442
-3224
-2699
-1953
-1703
-1722
-1587
-1897
-2167
-2190
-1860
-1543
-1354
-628
305
768
576
79
-385
-854
-808
-235
660
1619
2205
2391
1806
634
116
25
-243
-1030
-873
894
2188
2799
3346
3029
1354
-475
-1189
-1318
-1677
-1798
-1668
-1851
-2294
-2360
-2140
-2219
-2468
-2310
-1895
-1755
-1838
-1884
-1766
-1990
-2365
-2487
-2203
-1956
-2223
-2172
-1925
-2006
-2095
-2058
-1735
-1872
-2211
-2225
-2269
-2953
-3272
-3628
-3853
-4007
-3418
2047
10539
15995
14342
9352
8532
8140
4927
2800
4268
4874
1085
944
6319
8169
2150
-4981
-7103
-8294
-10179
-7632
-541
3532
1324
-578
951
1136
-2573
-6611
-8295
-9863
-10933
-7675
-205
4844
4253
2317
1644
828
-131
1224
4434
5425
4324
4643
6438
6426
3828
1153
-402
-1795
-2503
-1212
918
1054
-871
-2695
-3745
-4915
-6268
-6927
-7063
-7383
-6973
-4882
-2462
-1517
-1839
-2133
-2120
-993
1052
4148
6927
6886
5794
4811
4868
4248
2276
1555
689
-518
-1023
19
580
-1412
-3770
-4852
-4953
-4918
-4080
-2760
-2490
-3003
-3156
-2274
-1578
-1760
-2125
-2085
-1464
-763
235
1185
1078
-134
-1042
-972
-618
-457
-642
-1230
-2681
-3789
-4297
-4677
-5686
-6766
-7598
-8910
-10082
-8927
-6859
-3847
5555
15397
18026
11071
5838
8390
6251
1602
1624
7316
8702
4139
7116
12896
10258
-1323
-8238
-7350
-8587
-10746
-6780
1509
1556
-5004
-6449
-3517
-5096
-11261
-11509
-6269
-3897
-3090
2299
9219
8459
2342
37
1732
1896
1046
4188
8555
8349
5981
6345
7774
4924
-569
-3281
-3389
-3936
-4244
-1977
80
-1453
-4788
-6056
-5597
-6416
-7381
-6719
-5053
-4147
-2566
524
3605
3813
3542
5622
7668
8398
7871
8785
8153
5350
3811
3546
3110
381
-1335
-2111
-3142
-4141
-4411
-3843
-4203
-4774
-4866
-3580
-2264
-2111
-2240
-2201
-2094
-2300
-1847
-398
251
-116
-428
-78
-81
-644
-910
-944
-1076
-1711
-1683
-1220
-1500
-3019
-4777
-6428
-7615
-9006
-9595
-10239
-10293
-8615
-3020
10709
21609
21905
12977
6825
7807
3885
686
3107
9250
9293
4961
9363
14054
8933
-4842
-12479
-11781
-12101
-11248
-4383
4455
2709
-5660
-8171
-5588
-6671
-11565
-10197
-4040
-784
950
6583
13091
11041
3402
15
2030
3738
3907
7061
10616
9465
5841
5203
6613
3958
-2082
-5769
-5703
-5193
-4705
-2088
336
-1144
-5220
-7174
-6406
-6105
-6630
-5939
-3808
-1686
427
3699
6462
6407
3882
4217
7439
10116
10462
9744
9690
6447
2578
682
241
-1658
-5137
-5730
-4986
-4344
-4478
-4308
-4385
-5484
-5842
-4355
-1453
105
138
-165
-17
177
-31
463
1192
801
-218
-315
407
296
-624
-1541
-2418
-3030
-3204
-2765
-2798
-3654
-5771
-8165
-9726
-9987
-9803
-10249
-11422
-11961
-9730
-2634
12199
24834
26102
16978
9308
9142
6162
2720
4084
9479
10013
6083
9207
13450
7949
-7455
-17474
-17113
-15113
-12549
-5704
2721
1212
-7742
-11271
-7990
-6757
-10112
-9220
-2955
1598
3930
8909
14938
13499
5936
1605
3514
6040
5886
6964
8937
7793
4144
2873
3991
1388
-5441
-10507
-10706
-8854
-7056
-4001
-1288
-1935
-5508
-7505
-6196
-4792
-4466
-3525
-633
2522
5213
7634
9298
8135
6734
7753
9551
10950
10611
10190
6873
2147
-921
-2834
-4015
-5913
-6349
-6793
-6819
-5927
-5131
-4578
-4613
-4042
-3190
-1035
1251
2304
2330
1883
1538
1125
1597
2254
2117
1266
487
201
-91
-510
-1125
-2237
-3361
-3660
-3508
-3448
-4822
-6323
-7561
-8977
-10133
-10268
-9955
-9946
-11753
-11454
-7505
2438
19605
30269
28845
17454
11071
10720
5425
2249
4640
11038
9634
6118
9885
10967
930
-16183
-22428
-19150
-15607
-11668
-3893
3215
-1546
-10355
-11607
-6621
-5520
-8456
-5616
1433
5825
7846
12973
17874
14435
6340
2770
5036
6341
4996
5444
6969
5733
2456
1100
769
-3654
-11080
-15126
-13217
-9131
-5883
-2757
-754
-2040
-5476
-6710
-4867
-2449
-1173
628
3880
7223
9314
10285
9863
8775
9143
9518
10300
10371
9049
5012
-856
-3545
-5028
-6248
-7084
-6845
-6873
-7872
-7313
-5880
-4485
-3716
-2558
-1055
945
2912
3464
3371
2758
2011
1277
1689
2806
2630
1519
398
-494
-1329
-1877
-2244
-3052
-4144
-4936
-4857
-4643
-5518
-6467
-7943
-9126
-10065
-10217
-9968
-10339
-11351
-11010
-7086
3129
20216
30684
28165
16829
10629
9485
3387
47
3388
9911
8388
4429
7666
8452
-1715
-17635
-22528
-18009
-14090
-10487
-2872
3759
-831
-9206
-9665
-4083
-2821
-5743
-3313
3231
7092
8580
13125
17894
14573
6166
1770
3355
4244
2491
2790
4755
4173
737
-1085
-1683
-5695
-12305
-15367
-12290
-7380
-3928
-1218
567
-538
-3590
-4598
-2339
493
1841
3013
5445
7904
9296
9491
8818
7635
7136
8226
8884
7279
3942
78
-3428
-5843
-6184
-5547
-5518
-6116
-6336
-5961
-5389
-4323
-2947
-1543
15
1674
3137
3977
3901
2788
1447
929
1210
1669
1766
1434
394
-911
-1819
-2125
-2401
-3093
-3974
-4752
-5089
-4921
-4543
-4702
-6085
-7805
-9069
-9177
-8983
-8242
-8589
-9089
-6812
1476
18495
30577
29945
19046
10969
9414
3194
-1037
1606
8482
8300
3464
5560
6670
-1652
-17254
-23702
-19262
-14237
-10075
-3442
3802
1003
-7270
-9025
-3663
-587
-3209
-2193
3426
7734
9648
13238
17901
15527
7008
767
823
2208
1175
1200
2929
3130
243
-2543
-3671
-7015
-12609
-15615
-12591
-6747
-2440
232
1424
674
-1832
-2896
-980
2057
3951
4557
5909
7925
9418
9486
8072
6182
4547
4722
5907
5622
3266
-449
-3648
-6011
-6731
-6048
-5675
-5799
-5894
-4949
-3659
-2163
-861
-290
163
1071
2693
4060
4659
3991
2266
990
644
940
1051
706
-187
-1529
-2392
-2742
-3042
-3886
-5052
-5575
-5588
-5293
-5088
-4867
-5298
-6705
-8276
-8488
-7836
-7157
-7977
-8389
-5510
2984
19261
30650
29858
18793
10179
7640
1111
-2919
-56
7557
8103
3450
4387
4132
-4336
-19107
-24073
-18274
-12297
-8123
-2497
3982
1375
-6079
-7557
-2237
987
-1791
-1244
4203
9038
10994
13725
17401
14506
5765
-1023
-1368
267
-455
-158
1794
2358
-446
-3852
-5708
-8891
-13206
-14848
-10885
-4552
-353
1571
2021
1346
-353
-870
867
3437
4814
5037
5998
7769
9209
8889
6920
4956
3560
3892
3956
2607
324
-2542
-4804
-6756
-6342
-5150
-5011
-5165
-4610
-3108
-2192
-997
145
1036
1652
2472
3615
4218
4101
2712
1112
393
473
655
532
259
-643
-1999
-2975
-3356
-3710
-4763
-5642
-5672
-5229
-4757
-4358
-4512
-5663
-7027
-7500
-7348
-6984
-6893
-7394
-6798
-894
14771
29017
30495
20172
10450
7981
2052
-4043
-2480
5718
8666
3372
2877
4487
-1398
-16024
-23818
-18577
-11767
-8241
-4146
3121
3619
-3363
-6553
-1974
2443
-469
-2277
2204
8152
11042
12840
16290
14976
6747
-1546
-3276
-1045
-858
-1045
498
1970
116
-3486
-5675
-8097
-11561
-13656
-10778
-4772
-135
1912
2259
2132
1147
583
1526
3222
4315
4429
5297
6983
8748
8720
6443
3725
2035
1970
1887
1135
-90
-1898
-4130
-5760
-5498
-4585
-4499
-4779
-4061
-2523
-1273
-246
676
1486
1943
2373
3180
3889
3585
2178
806
355
465
408
286
-58
-1042
-2331
-3096
-3135
-3348
-4422
-5377
-5350
-4908
-4605
-4110
-3857
-4642
-6184
-6794
-6523
-6437
-6208
-6719
-5705
-1774
11451
27069
31243
22657
10399
7158
3110
-3583
-3997
3185
9190
4387
1513
2690
-496
-12977
-23476
-19673
-11688
-7109
-4898
1141
4401
-985
-5334
-2570
2870
1179
-2382
725
7481
11963
13031
15140
14501
7384
-1387
-4632
-2065
-836
-1300
-568
1149
537
-3128
-6002
-8252
-10901
-12701
-10502
-4682
176
2274
2423
2355
2084
1762
2255
3233
3987
4241
5037
6845
8612
8570
6031
2168
-124
213
1637
1845
525
-1210
-3648
-5542
-5905
-4879
-4137
-4142
-3427
-1817
-42
601
638
684
1192
2115
3058
4009
3812
2358
667
37
473
633
220
-641
-1660
-2481
-2868
-2740
-2805
-3815
-5220
-5989
-5668
-4858
-4024
-3317
-3620
-4777
-5981
-6021
-6049
-5914
-7030
-7051
-4169
6500
23672
31837
26369
12972
6958
4602
-2604
-5578
-359
8220
6475
1827
2648
1373
-8854
-22494
-22415
-13572
-7091
-5078
-884
4682
1707
-3941
-3846
1802
2723
-1874
-1299
5475
12192
13925
14565
14480
9092
93
-5519
-3768
-940
-907
-1149
238
1061
-1714
-5567
-8390
-10592
-12074
-10962
-5903
-257
2769
2982
2400
2337
2409
2562
2797
3318
3934
4958
6695
8380
8797
6430
2002
-1209
-1527
375
1615
1636
449
-1983
-4373
-5883
-5554
-4860
-4320
-3451
-1737
533
1477
1314
755
834
1348
2165
3253
3548
2806
1377
643
796
763
27
-1212
-2153
-2633
-2619
-2243
-2130
-3116
-4935
-6056
-6024
-4929
-4047
-3440
-3649
-4129
-4951
-5801
-5989
-5675
-6173
-6887
-5203
2684
18900
30502
28960
16669
7406
5353
-687
-5735
-3003
6116
8534
3140
1927
1561
-5619
-19606
-23973
-15847
-7452
-4683
-2799
2992
3289
-2096
-4443
58
3395
-556
-2437
3233
11601
14892
14400
13898
10108
1957
-5241
-5091
-1367
-285
-1070
-517
926
-806
-5073
-8554
-10492
-11409
-10693
-6600
-1057
2428
2856
2317
2462
2829
2865
2569
2663
3407
4848
6960
8708
9033
6555
2016
-1674
-2730
-215
2223
2498
586
-1923
-3768
-5883
-6115
-5069
-4009
-3261
-1698
748
1704
1374
388
157
831
2100
3129
3181
2899
1945
1163
1024
970
-1
-1802
-2783
-2729
-1975
-1322
-1334
-2609
-4894
-6452
-6766
-5609
-4368
-3455
-3296
-3438
-4292
-5516
-6169
-6085
-5989
-7086
-5693
-114
14641
28691
30484
20183
8187
5486
854
-5438
-5087
3564
9907
5109
1909
1355
-3225
-16306
-24611
-18123
-8574
-4199
-3791
1228
4332
142
-3882
-1898
2638
242
-2952
1278
10237
15707
15011
13649
10522
3469
-4240
-6191
-2443
-105
-290
-426
745
-9
-4199
-8373
-10833
-11361
-10518
-7234
-2008
1880
3188
2671
2541
2781
2735
2245
1871
2846
4939
7503
9244
9151
6926
2228
-1709
-3233
-933
2496
2810
1076
-1482
-2735
-4846
-6360
-5519
-4493
-3596
-2506
305
1976
1868
920
246
875
1695
2441
2287
2541
2628
2014
1769
1426
306
-2062
-3428
-2995
-1974
-1229
-1310
-2344
-4455
-6195
-6585
-5571
-4403
-3649
-3583
-4220
-5024
-5394
-5278
-5127
-5770
-6938
-6139
-462
14746
28758
30047
18836
7861
5519
665
-5632
-4819
4457
9932
4911
1500
1038
-3833
-16913
-23833
-16804
-7415
-4264
-4249
865
3771
-21
-3605
-1253
2474
-511
-3324
1607
11243
16395
15134
12955
9263
2417
-4661
-5618
-1487
731
193
-135
841
-404
-4770
-8961
-11059
-11070
-9704
-6210
-1539
1859
2819
2397
2397
2623
2401
1650
1396
2807
5594
8441
9790
8981
5901
1162
-2586
-3032
266
3257
2753
401
-1546
-2954
-5104
-6195
-5393
-4359
-3549
-1989
510
1906
1714
664
177
979
1868
2023
1919
2411
2647
2357
2162
1629
-141
-2459
-3381
-2596
-1321
-917
-1592
-2902
-4596
-5961
-6431
-5302
-3938
-3456
-3918
-4159
-4517
-5116
-5625
-5289
-5298
-6355
-6032
199
16609
30039
29338
16595
6838
5365
-152
-6386
-3975
6669
10659
4275
838
596
-4882
-18264
-23552
-15065
-5917
-4202
-4594
951
3822
-200
-3987
-1354
2021
-1318
-3298
2906
12958
17141
14848
12025
8093
1366
-5016
-4955
-608
1461
669
144
841
-1023
-5636
-9778
-11499
-10973
-9162
-5437
-1096
1818
2661
2320
2209
2085
1670
1022
1202
3386
6790
9646
10172
8368
4807
372
-2900
-2074
1826
4170
2734
-222
-1925
-3929
-6113
-6721
-5705
-4332
-3187
-1238
756
1873
1395
193
26
1203
2184
2056
2242
2811
2999
2521
1861
851
-1212
-2990
-3191
-1871
-506
-598
-2024
-3915
-5505
-6291
-6120
-5305
-4237
-3790
-3780
-4260
-5030
-5894
-6247
-6147
-6830
-6285
-2022
12242
27556
30807
20375
8114
5403
1755
-4706
-4951
4268
11528
6657
1279
272
-2945
-14589
-23336
-17878
-7976
-4046
-4982
-812
3768
1183
-3633
-3520
435
-946
-3533
1040
11075
17466
15966
12535
8722
2992
-3486
-5248
-1373
1769
1844
900
1075
-172
-4614
-9312
-11862
-11584
-9832
-6440
-2043
1183
2546
2258
1894
1499
1014
525
736
2901
6593
9840
10686
8963
5512
1365
-2094
-1725
1843
4575
3251
140
-1746
-3656
-5890
-7191
-6423
-5047
-3630
-1535
564
1788
1274
143
-234
909
2105
2170
2329
2816
3190
2812
2235
1226
-799
-2639
-3010
-1779
-500
-389
-1756
-3749
-5350
-6038
-5794
-5409
-4753
-4216
-4044
-4808
-5627
-5484
-5207
-6056
-7937
-7284
-1908
12705
27612
30751
20394
8211
5074
1624
-3962
-3817
4946
11600
6995
1565
-91
-3527
-14594
-22535
-17183
-7701
-4142
-5449
-1550
2963
1040
-3493
-3688
-172
-1542
-3711
1051
11360
17855
16132
12182
8253
3056
-2886
-4404
-668
2310
2257
1107
1193
-53
-4473
-9472
-12171
-11724
-9765
-6456
-2372
852
2124
1882
1504
1091
532
-87
400
3084
7248
10472
10919
8761
5148
1230
-1554
-1014
2485
4870
3295
120
-1782
-3326
-5586
-7272
-6851
-5572
-4031
-1844
378
1562
1097
7
-383
690
1868
2019
2157
2972
3539
3028
2184
1132
-711
-2419
-2621
-1424
-370
-592
-1916
-3706
-5043
-5752
-5727
-5304
-4664
-4302
-4512
-4873
-5134
-5399
-6047
-6501
-7167
-6369
-3517
8591
24991
31176
22421
8565
4812
3236
-2534
-4688
2940
12158
9098
1901
-739
-2347
-11568
-21691
-18693
-8540
-3356
-5360
-3365
2229
1889
-2981
-5134
-1717
-1240
-3422
-173
9348
17212
16505
12116
8087
3902
-1270
-3795
-999
2351
3060
1859
1384
415
-3349
-8206
-11694
-11931
-9944
-6725
-3094
-89
1709
1821
1156
318
-175
-407
-22
2260
6311
10148
10970
8677
5266
1944
-286
139
3142
5392
3808
265
-2195
-3586
-5258
-6723
-6754
-5691
-4173
-2271
-431
609
554
-248
-469
598
1951
2367
2342
2838
3366
2975
1961
804
-524
-1695
-1895
-912
44
-379
-2074
-3912
-4974
-5163
-4976
-4550
-4160
-4259
-4758
-5200
-5585
-5570
-5942
-5925
-6627
-6799
-5926
3139
20438
30852
25862
11404
5421
4735
-834
-5104
456
11563
11323
3346
-548
-1020
-7737
-19365
-20019
-10603
-3587
-5096
-5000
1015
2798
-1652
-5613
-3139
-1307
-3622
-2374
5958
15480
16939
12844
8660
5043
574
-2956
-1457
2079
3697
2667
1579
984
-1620
-5944
-10154
-11564
-10247
-7559
-4420
-1568
766
1672
1179
-28
-732
-815
-627
912
4601
8927
10738
8965
6034
3093
1419
1020
3182
5929
5148
1716
-1819
-3106
-4590
-6435
-6920
-6102
-4464
-2970
-1207
-243
-27
-417
-840
-40
1422
2626
2590
2855
3493
3198
2062
624
-419
-1293
-1363
-630
186
104
-1448
-3331
-4558
-4505
-4289
-4332
-4602
-4642
-4780
-4758
-4801
-4948
-5420
-6038
-6058
-6257
-6575
-4649
8185
24766
30288
20027
7548
5782
3609
-3017
-4692
4791
13275
8301
809
-662
-1323
-10815
-20038
-16426
-7083
-3785
-6473
-3301
2597
2159
-3285
-5502
-2372
-2495
-4156
-650
8793
15847
14720
10540
6976
3890
-162
-2075
8
2845
3680
2398
1650
682
-2067
-6240
-9942
-10709
-9122
-6401
-3896
-1426
876
1582
629
-937
-1286
-1075
-615
1387
5216
8935
9438
7446
5052
3353
3121
4435
5923
5031
2136
-625
-2324
-3419
-4352
-5148
-5791
-5534
-4419
-3025
-1974
-1296
-878
-532
414
1598
2169
2236
2353
2562
2512
2068
1229
143
-682
-824
-435
-33
-210
-1315
-2519
-3066
-2959
-2990
-3357
-4114
-4815
-5406
-5452
-5519
-5583
-5744
-6452
-6732
-6917
-7169
-5702
6087
23025
29793
20527
8086
6285
5074
-1398
-3944
4572
13548
9504
1725
-17
73
-8294
-18477
-16814
-8089
-4436
-7220
-4763
1853
2643
-2713
-6201
-3906
-3332
-4769
-2008
6787
14567
14599
10641
7061
4682
1490
-750
406
2925
4241
3303
2348
1556
-516
-4321
-8650
-10438
-9427
-7038
-4914
-2837
-236
1149
376
-1549
-2234
-1841
-1344
275
3875
7819
8839
7291
5465
4652
5613
6946
6705
3922
888
-537
-1457
-2186
-2653
-3439
-5100
-6211
-5607
-4318
-3246
-2361
-1423
-336
992
1668
1285
1133
1528
1799
1729
1637
1313
519
-114
-147
98
-6
-792
-2110
-2601
-2205
-1995
-2370
-2996
-3790
-4876
-5814
-6102
-6166
-6148
-6522
-6667
-7118
-7297
-7910
-3924
10511
24915
27052
15340
6599
6604
3908
-1930
-1796
8269
13522
7386
883
613
-231
-9867
-17326
-13824
-6158
-5454
-8233
-4079
1833
1666
-4123
-6412
-4349
-4533
-5273
-1521
7662
13831
12974
9155
6381
4645
1732
291
1435
3808
4628
3515
2806
1967
101
-3906
-7965
-9601
-8747
-6754
-5265
-3283
-853
581
-436
-2326
-2817
-2467
-1759
-143
3633
7088
7790
6561
5350
6160
7597
8009
6406
3832
1768
-131
-1531
-1998
-1954
-3144
-5148
-6001
-5547
-4511
-3841
-3114
-1964
-408
772
900
948
1225
1406
1163
1126
1220
750
222
46
389
573
196
-823
-1847
-2078
-1978
-2019
-2248
-2556
-3425
-4716
-5660
-6101
-6304
-6635
-7158
-7836
-8339
-8680
-6276
5818
21130
27137
18309
7323
5597
4625
-455
-2693
5462
13757
10705
3368
1259
1891
-5095
-14474
-14792
-7745
-4789
-8054
-6520
-176
2621
-1765
-6061
-5485
-5442
-6768
-5208
2648
10876
12859
10245
7344
5765
3203
917
1003
2927
4458
4252
3951
3613
2504
-499
-4835
-7994
-8886
-7783
-6490
-4915
-2514
-143
336
-1504
-3167
-3637
-3328
-2322
282
4124
6428
6612
5636
5882
8749
10901
9398
4813
1239
-144
-1490
-2043
-1125
-487
-1957
-4335
-5643
-5673
-5079
-4601
-3794
-1814
829
1704
875
713
1077
767
-126
-301
-54
-170
-58
682
1682
1831
436
-1681
-2670
-2139
-1692
-1752
-1969
-2162
-3038
-4148
-5412
-6416
-7285
-8058
-8500
-8901
-8710
-6667
4329
19063
25570
18126
7174
4991
4003
-654
-3155
4165
13511
12017
5233
2199
2975
-2634
-12023
-13962
-8193
-4488
-7618
-7130
-1199
2773
-249
-5303
-5887
-5988
-7347
-7188
-978
7717
11411
10085
7368
6168
4244
1648
634
1943
4066
4445
4225
4171
4157
2446
-1636
-5596
-7696
-7623
-7071
-6084
-3795
-881
658
-661
-2640
-3688
-3943
-3680
-2276
901
3674
5082
4865
6526
10635
12713
10004
4428
1267
-476
-2023
-2049
-175
1482
427
-1969
-4352
-5401
-5682
-5858
-5108
-2626
559
1278
514
472
1015
600
-850
-1659
-1750
-1317
-865
-27
1612
2618
1526
-967
-2209
-1928
-1585
-1638
-1844
-1626
-2053
-3025
-4593
-5718
-6629
-7397
-8522
-9257
-9871
-6497
6116
19920
24003
15094
6731
5339
2622
-3065
-4272
4726
12467
10407
5130
4319
4956
-1906
-10406
-11677
-6760
-5546
-8779
-7079
-833
3353
698
-3049
-4243
-5797
-8259
-8832
-3060
4743
8948
8734
7229
6601
4954
2648
812
1222
2701
3250
3319
3639
4888
4598
1700
-2277
-5089
-6070
-6983
-7233
-5406
-1831
458
-119
-1481
-2387
-2885
-3782
-3486
-1484
733
1994
3486
7458
12026
12984
9139
4188
847
-1371
-2717
-2115
265
2193
2246
423
-1843
-3520
-4763
-5719
-5312
-2974
-732
-129
-220
376
1114
696
-690
-2149
-2945
-2822
-2285
-1171
591
1860
1455
122
-567
-683
-1076
-1886
-2347
-2416
-2405
-3070
-3833
-4615
-5259
-6288
-7921
-9262
-9319
-1354
11619
20361
17628
9777
7451
5855
392
-5110
-1840
6686
8916
5673
3912
6386
4591
-2898
-8062
-6915
-4809
-7970
-9675
-5878
323
2555
584
-712
-2171
-4659
-7945
-7646
-2920
2236
5202
5530
5899
6184
5687
3956
2007
1543
1619
1736
1268
2025
4105
4964
3365
233
-1784
-3318
-5299
-6859
-5820
-2662
-870
-1111
-1743
-1324
-1150
-2078
-2618
-1912
-418
1201
3575
6713
8722
8404
6090
3528
1484
-40
-1015
-1045
11
1062
1093
295
-506
-1127
-1990
-2657
-2670
-2264
-2003
-2018
-1728
-1052
-312
-234
-756
-1439
-2037
-2466
-2687
-2325
-1601
-884
-403
96
443
512
105
-723
-1797
-2763
-3664
-4440
-5056
-4870
-4733
-5230
-6961
-7398
-312
10784
17452
13643
7471
6950
6479
1617
-3816
-1141
5525
6668
3381
2241
5474
4843
-848
-5283
-4193
-2706
-6303
-9125
-6927
-1309
1346
429
-268
-720
-2007
-5139
-6435
-4195
-378
2030
2204
2903
4264
5498
4928
3268
2493
2310
1821
193
7
1880
3889
3899
2260
1171
192
-1754
-4359
-5110
-3471
-1872
-1858
-2468
-1895
-962
-793
-1357
-1515
-194
1093
1664
2223
3953
5622
5047
3341
2277
2125
1581
512
-198
-122
447
171
-585
-810
-47
236
-614
-1233
-1279
-1395
-2140
-2658
-2406
-1565
-1070
-1419
-1788
-1587
-1497
-2218
-2757
-2252
-1537
-1226
-1119
-505
267
455
-411
-1328
-1962
-2689
-4104
-5239
-5593
-5476
-6348
-6644
-708
9049
15505
12783
7141
6150
6006
2068
-3298
-2350
2936
4779
2627
1563
4710
5806
2245
-2050
-2490
-1655
-4557
-8019
-7938
-3632
-54
744
485
165
-65
-2154
-4302
-4706
-2943
-997
-772
-509
955
3636
5119
4606
3543
3041
2614
641
-1244
-952
1290
2890
2730
2490
2659
2189
18
-2216
-2658
-2043
-2145
-3244
-3339
-1923
-456
-123
-45
708
1437
1307
704
850
1576
1851
1474
1202
1728
2400
2205
1430
953
830
225
-662
-942
-484
131
414
437
261
-187
-856
-1643
-2184
-2241
-2043
-1865
-1919
-1828
-1599
-1421
-1393
-1447
-1409
-1327
-1349
-1264
-895
-521
-442
-813
-1280
-1691
-1958
-2590
-3450
-4295
-4574
-5408
-5554
-1401
5999
11167
9716
6517
6270
6284
2946
-1604
-1480
1796
2975
1197
721
3688
5548
3869
1116
776
743
-2193
-5855
-6756
-4055
-1468
-483
-149
351
730
-348
-1853
-2550
-2010
-1598
-2113
-2490
-1767
383
2271
3173
3348
3483
3408
1962
31
-843
27
1135
1294
1284
1908
2685
2220
1023
516
602
28
-1661
-2840
-2631
-1585
-1032
-661
215
1209
1735
1517
1286
993
511
-147
-700
-558
132
848
1048
1103
1253
1050
390
-287
-478
-334
-22
165
60
30
70
-42
-363
-537
-644
-1036
-1501
-1684
-1655
-1501
-1051
-690
-804
-812
-769
-548
-767
-828
-946
-940
-1193
-1512
-1654
-1486
-1561
-2130
-2727
-3257
-3900
-5103
-3840
486
5773
7452
5728
4888
5262
4213
916
-943
398
2044
1568
103
1153
3596
4470
3315
2396
2559
1243
-1538
-4059
-4093
-2475
-1234
-618
-460
26
232
-224
-1066
-1562
-1328
-1448
-2246
-3001
-2422
-657
826
1413
1692
2452
2655
1563
178
-124
544
777
492
490
1313
1984
1813
1517
1649
1782
996
-507
-1577
-1652
-1102
-999
-997
-401
711
1494
1311
1024
929
798
145
-802
-1040
-528
20
96
247
724
970
578
13
-15
194
253
-61
-374
-251
39
55
-286
-241
-14
-109
-571
-897
-1023
-1096
-982
-1173
-1062
-803
-600
-442
-166
-274
-527
-467
-828
-1259
-1512
-1283
-1372
-1615
-1785
-2099
-2801
-3919
-5050
-3874
-60
4193
5635
4566
4219
4596
3659
933
-602
526
1858
1446
353
1216
3218
4093
3389
2859
3280
2325
-384
-3005
-3432
-2219
-1267
-991
-703
162
481
-138
-947
-1159
-879
-1264
-2229
-2958
-2527
-1215
-79
722
1406
2222
2383
1479
390
96
573
842
632
549
939
1254
1166
1136
1504
1856
1308
54
-981
-1343
-1144
-1022
-952
-705
-100
481
858
1356
1736
1647
749
-179
-649
-707
-567
-383
-100
327
722
630
322
178
314
376
142
-5
-169
-211
-314
-331
21
441
341
-356
-915
-850
-637
-803
-859
-794
-721
-803
-1053
-997
-630
-287
-326
-425
-400
-721
-1179
-1535
-1618
-1681
-1858
-2081
-2566
-2940
-3986
-4203
-1841
2189
4930
4459
3498
3718
3759
2031
-113
69
1597
2016
726
357
2159
3848
3886
3011
3049
2831
845
-2036
-3551
-2703
-1476
-835
-711
-226
348
52
-813
-1339
-973
-941
-1628
-2577
-2695
-1571
-296
520
1081
1800
2288
1850
889
268
460
713
459
106
224
760
999
1008
1154
1572
1407
377
-863
-1431
-1211
-885
-764
-597
-38
515
576
550
950
1529
1360
424
-257
-284
-65
-177
-207
121
494
429
-24
-171
52
310
199
-14
-272
-231
-298
-450
-558
-424
-15
63
-354
-534
-572
-529
-636
-864
-768
-702
-632
-769
-553
-193
-30
-467
-854
-699
-721
-1053
-1484
-1448
-1416
-1630
-2167
-2914
-3598
-4530
-3746
-799
3204
5089
4429
3865
4071
3586
1366
-291
301
1625
1629
553
948
2710
3841
3404
2627
2748
1921
-460
-3029
-3689
-2535
-1368
-734
-545
25
200
-331
-1128
-1350
-870
-942
-1675
-2431
-2052
-801
274
1018
1677
2416
2507
1602
429
-96
257
492
365
372
796
1111
860
625
879
1262
963
46
-837
-1126
-993
-967
-915
-507
222
589
483
769
1450
1762
1122
334
-36
-36
-158
-434
-257
357
833
521
37
14
268
213
-177
-391
-217
-231
-443
-407
-80
236
330
-55
-538
-738
-761
-746
-769
-638
-525
-440
-512
-496
-509
-293
-318
-619
-806
-743
-876
-1177
-1610
-1617
-1520
-1822
-2613
-3389
-4166
-4689
-3082
758
4797
5741
4610
4216
4477
3254
589
-458
799
1979
1261
273
1355
3236
3652
2656
2294
2423
982
-1924
-4129
-3810
-2305
-1239
-891
-562
219
283
-465
-1128
-1022
-698
-985
-1686
-2099
-1362
-94
890
1487
2130
2767
2492
1347
350
183
441
434
152
213
776
1084
891
859
1144
1216
385
-873
-1584
-1550
-1235
-1077
-827
-153
588
862
835
1119
1664
1729
997
185
-30
88
70
38
232
575
628
127
-384
-437
-145
-1
-190
-236
-185
-209
-473
-491
-96
98
-42
-541
-769
-599
-649
-989
-979
-247
-25
-373
-594
-768
-735
-570
-681
-1027
-1058
-1046
-1227
-1321
-1448
-1770
-2007
-2348
-3173
-4027
-5100
-4230
-505
4630
6931
5961
5121
5222
4503
1570
-700
-29
1750
1697
224
646
2914
4098
3031
1860
1986
1198
-1704
-4783
-5349
-3630
-2067
-1221
-607
393
857
120
-960
-1427
-1075
-1031
-1586
-2107
-1602
-75
1394
2250
2812
3483
3377
1989
306
-565
-178
269
253
444
1066
1545
1112
558
545
649
-25
-1380
-2347
-2461
-1916
-1342
-713
300
1450
1839
1330
1145
1426
1407
718
51
8
298
492
424
547
839
886
264
-544
-800
-641
-497
-432
-279
-32
44
-249
-675
-664
-374
-304
-594
-878
-604
-216
-346
-643
-659
-474
-371
-765
-1035
-826
-605
-831
-1089
-1013
-1213
-1766
-2312
-2457
-2538
-2549
-3362
-4182
-5585
-5429
-1638
4664
8865
8051
6195
5892
5551
2476
-915
-820
1602
2514
948
617
2856
4537
3251
987
590
236
-2318
-5755
-6776
-4637
-2047
-690
-131
706
1145
184
-1470
-2347
-1739
-1064
-1022
-1230
-599
1156
2788
3567
3782
4059
3821
2258
79
-1050
-595
328
795
1041
1642
2024
1188
-224
-1023
-1033
-1352
-2457
-3180
-2866
-1682
-785
-185
887
2231
2770
1993
1154
957
1142
922
583
771
1337
1712
1422
867
583
320
-432
-1397
-1572
-929
-299
-52
-30
44
7
-495
-1265
-1648
-1469
-1173
-1107
-986
-548
-201
-366
-790
-1050
-923
-737
-804
-1061
-875
-571
-779
-1336
-1733
-1785
-1898
-2432
-3254
-4043
-4679
-5601
-7179
-4867
2267
10382
12148
8736
6702
6969
5238
-40
-2698
-181
3243
2774
637
2064
5128
4973
1099
-1476
-1301
-2340
-5782
-8319
-6625
-2783
-203
512
743
1452
933
-1108
-2977
-2993
-1461
-257
160
577
2307
4493
5397
4807
3931
3603
2406
73
-1804
-1531
152
1254
1318
1299
1641
918
-1252
-3119
-3394
-2761
-2933
-3363
-2990
-1510
18
746
1596
2534
3308
2792
1889
1334
1444
1758
1817
1990
2294
2614
1941
599
-501
-1037
-1562
-2193
-2168
-1354
-238
416
441
108
-334
-916
-1755
-2341
-2073
-1273
-667
-388
-176
-36
-203
-772
-1341
-1526
-1067
-746
-740
-837
-619
-657
-1202
-2015
-2571
-3055
-3792
-4980
-5986
-6829
-7916
-4276
4224
13230
14438
9868
6952
6616
4269
-1519
-3526
-32
3893
3210
1040
2688
5170
4040
-702
-3429
-3218
-4270
-6964
-8276
-5437
-1193
1360
1815
1620
1540
213
-1875
-3531
-2849
-525
1318
2276
2596
4016
5628
5817
4262
2548
1813
541
-1399
-2592
-1518
728
1727
1361
685
374
-1065
-3546
-5047
-4585
-2959
-2269
-1866
-970
640
1738
2104
2654
3730
4424
3501
2154
1658
2273
2737
2345
1809
1563
1136
-57
-1524
-2209
-2022
-1808
-1871
-1569
-571
415
699
370
-163
-599
-1128
-1761
-1998
-1347
-318
290
369
250
-76
-713
-1453
-1806
-1300
-576
-394
-710
-947
-1214
-1671
-2813
-3595
-4337
-4624
-5928
-6975
-9028
-7675
563
11969
18260
14133
8671
6513
5503
157
-4722
-2394
3157
5399
2228
1587
4182
4291
-539
-5989
-5953
-4890
-6255
-8102
-6401
-1009
2437
3215
2232
1804
1030
-1272
-2991
-2901
388
3384
4855
4963
4900
5736
5139
3133
640
-516
-818
-2049
-3002
-2379
-42
1296
417
-812
-1640
-2356
-4332
-5705
-4927
-2616
-522
278
1207
2391
3125
2989
3017
3509
3883
3912
3530
3087
2625
2430
1966
884
-300
-1038
-2013
-3107
-3387
-2774
-2004
-1444
-768
-147
400
813
564
-126
-627
-730
-763
-669
24
679
912
642
1
-866
-1611
-1799
-1660
-1192
-709
-408
-693
-1394
-2344
-3450
-4617
-5336
-5795
-5911
-6687
-7178
-9037
-5752
4529
16951
20678
13512
7374
5720
4748
-1483
-5005
-680
5323
6141
1568
1302
3233
1380
-5279
-10188
-7897
-5624
-5954
-6448
-3126
2348
4153
3397
1365
812
28
-1769
-2095
-131
4441
7301
7614
6306
4915
4194
1962
-835
-2775
-2487
-1589
-2076
-2268
-1267
273
-303
-2620
-4083
-4319
-4261
-4819
-4156
-1421
1759
3376
3119
3006
2909
2824
2550
3158
4539
5692
5584
3905
2560
1423
342
-1672
-3342
-3828
-3595
-3130
-2963
-1999
-907
-217
-296
-631
-178
436
795
678
733
1139
1146
713
198
327
411
-68
-869
-1558
-1760
-1713
-1538
-1226
-901
-781
-1408
-2473
-3607
-4236
-5240
-5757
-6218
-5415
-5495
-5465
-7737
-7304
1902
15224
22925
16113
7940
5228
5677
1034
-4995
-1856
4538
6955
1716
-1372
961
-30
-5800
-12135
-9933
-4894
-3900
-4326
-2717
2597
4725
3457
1389
557
1258
168
65
1931
5976
9026
8279
5861
3070
1593
-291
-2870
-4245
-3300
-1339
-1335
-2355
-2316
-1390
-2010
-4396
-5626
-4702
-2965
-2401
-1502
992
4002
5054
3888
2854
2603
2285
2102
3025
5528
6884
6039
3497
1009
-810
-2684
-3956
-4786
-4202
-3047
-2342
-1954
-1314
-198
4
-424
-605
104
1114
1741
2151
2366
2410
1967
807
-253
-521
-470
-749
-1306
-1512
-1439
-1270
-1214
-1336
-1810
-2243
-2992
-3543
-3962
-4161
-4739
-5260
-5133
-4615
-4545
-5271
-6336
-8272
-1961
10819
22959
20997
10604
5215
5061
3459
-3911
-4878
1371
5949
3511
-2201
-1127
-410
-4980
-11903
-12760
-6149
-2591
-2344
-1581
2256
5774
4502
2298
958
1730
1839
1332
2744
5955
9219
8880
5674
1854
-735
-2419
-4507
-5563
-4350
-1696
-745
-1936
-2858
-2611
-2772
-4730
-5867
-4541
-1793
82
875
2771
4916
5619
4030
2198
1694
1693
1890
2741
4919
6773
5862
2984
-218
-2332
-4228
-5836
-5886
-4388
-1980
-589
-348
-473
-193
-53
-679
-796
303
2057
3160
3580
3661
3260
2057
157
-1427
-1868
-1401
-1052
-1084
-1171
-1128
-1395
-2034
-2507
-2751
-2923
-3097
-3470
-3560
-3730
-3697
-4309
-4213
-4053
-3494
-4097
-4609
-6533
-6926
2263
15986
24866
17351
6695
3140
3938
632
-6321
-3938
2950
5668
1064
-3368
-1186
-2450
-8475
-13668
-10246
-2334
206
128
1234
4845
6123
3461
1510
1256
2648
2647
2712
4616
7445
8631
6018
1754
-1923
-3660
-4811
-5784
-5128
-2629
-61
-470
-2507
-3549
-3381
-3678
-4959
-4206
-1368
1630
2968
3298
4612
5168
4125
1664
472
784
1682
1887
3163
5686
6396
3525
-1299
-3416
-4250
-4728
-5218
-4069
-1333
476
1010
-88
-536
-220
-253
-350
258
2508
4054
4016
3356
2664
1836
167
-1632
-2494
-1735
-617
-486
-1185
-1707
-1937
-2634
-3131
-2986
-2431
-2448
-2763
-2936
-2716
-2661
-3019
-3948
-3824
-3428
-2738
-3778
-4675
-6510
-6511
2847
16041
24263
16147
4870
890
1821
-63
-5830
-3408
3201
5707
1602
-3150
-1893
-3475
-9042
-12877
-8736
-203
2804
2491
2917
5204
5468
2341
265
489
2501
3461
4163
5656
7468
7264
3729
-820
-4308
-5313
-5570
-5442
-3810
-942
1407
175
-2749
-4364
-4446
-4147
-4284
-2393
1090
3834
4525
3980
4146
3653
1836
-212
-637
766
2235
2622
3345
5002
4983
1706
-2888
-4632
-4275
-3703
-3283
-2020
370
1478
909
-625
-1419
-835
-267
295
1574
3779
4961
4077
2591
1519
467
-1059
-2329
-2337
-1061
88
-78
-1227
-2124
-2678
-3432
-3765
-3188
-2014
-1533
-1818
-2255
-2133
-2133
-2636
-3747
-3821
-3214
-2478
-3042
-4049
-5293
-7157
201
12918
23086
17219
4121
-616
1247
1643
-4541
-4689
2453
5988
2804
-3235
-2533
-2469
-7849
-12142
-8833
637
4668
3323
2838
4655
5200
1824
-540
209
2858
4114
4457
5506
6530
5786
2048
-1833
-4438
-5157
-4812
-4594
-2817
-326
1616
435
-3093
-4933
-4854
-3765
-3108
-1309
2288
4574
4659
3335
2843
2395
695
-991
-947
1213
3025
3122
1985
2363
3236
2207
-1289
-4287
-3854
-2553
-1639
-886
642
1871
901
-610
-1626
-1053
135
717
1605
3212
4679
4165
2216
744
-16
-897
-1770
-1736
-761
167
-46
-1055
-2186
-2953
-3659
-4149
-3307
-1656
-420
-921
-1927
-2246
-2018
-2414
-3126
-3666
-2921
-2723
-2475
-3715
-4048
-6283
-5625
4367
16774
21662
10141
-388
-1026
2206
295
-5344
-1598
4983
5604
286
-3756
-1755
-3975
-9609
-10759
-3585
4794
5137
2683
2831
4575
3060
-614
-1028
1724
4482
4730
5060
5789
5330
2442
-1695
-3769
-4405
-4095
-3845
-2978
-542
1129
948
-2021
-4981
-5377
-4364
-2507
-847
1886
4261
4433
3060
1745
1381
581
-786
-938
1063
3316
3837
2252
1659
1352
646
-1648
-3038
-2291
-1459
-719
-380
636
1042
295
-817
-1552
-783
474
1385
2113
3052
3680
2811
1424
530
146
-468
-957
-685
-71
318
-233
-1082
-1909
-2428
-3034
-3587
-3241
-2142
-921
-311
-657
-1247
-2246
-2632
-2838
-2729
-2662
-2145
-2000
-2126
-3033
-4201
-5871
-7871
429
12849
21124
13026
176
-1730
1657
1631
-4731
-3943
4177
6283
2272
-2674
-1408
-2352
-8990
-11150
-4381
4912
5981
2340
2445
4583
3225
-1500
-2235
1257
4549
4648
4822
6183
5267
1500
-2851
-3836
-3082
-3318
-3327
-2575
7
1435
394
-2125
-5087
-5478
-4370
-2235
241
2418
4002
3593
2316
1239
860
87
-913
-653
1552
3727
3915
2135
524
352
-288
-1299
-1943
-868
-61
-343
-342
20
232
-644
-1309
-1096
-214
979
1637
2039
2400
2562
1977
1093
725
571
140
-322
-65
100
-184
-746
-1357
-1632
-1943
-2238
-2682
-2805
-2379
-1842
-1208
-681
-648
-1306
-2246
-2528
-2631
-2366
-2498
-2211
-2672
-2483
-3621
-4400
-7436
-5198
6327
17581
18121
4563
-2953
31
2797
-1179
-5502
981
7054
4611
-741
-2217
-793
-6003
-11439
-7402
2543
7183
3387
1434
3876
4248
-597
-3576
-367
3965
5332
4855
6404
6178
1985
-2787
-4383
-2373
-2036
-2878
-2327
-316
1542
411
-2034
-4401
-5695
-4818
-2745
129
2290
3191
2894
1855
1198
805
115
-721
-405
1271
3394
3717
2362
149
-900
-781
-312
-194
-585
-333
-410
-153
-36
-81
-407
-1073
-763
-1
860
1304
1195
1277
1560
1922
1708
1119
740
560
371
245
126
-261
-629
-875
-863
-1025
-1644
-2309
-2790
-2567
-2068
-1786
-1586
-1136
-821
-934
-1594
-2008
-2729
-2755
-2634
-2044
-2191
-2337
-3188
-4203
-5907
-7131
1765
12928
18271
8752
-2163
-1247
2549
1084
-4245
-1713
6175
5748
947
-2038
-819
-3728
-10142
-8502
789
6876
4000
559
3031
4863
698
-4179
-1952
2937
5141
4906
6172
7051
2664
-2836
-4569
-2399
-1094
-2674
-2477
-289
1560
764
-1930
-4004
-5506
-5322
-3169
2
2395
2910
2340
1564
1095
612
24
-645
-568
1018
2984
3939
2778
697
-1403
-997
438
681
-538
-1442
-296
460
182
-367
-960
-1214
-1182
-78
1034
1218
914
785
1351
2138
2218
1318
516
585
924
643
-22
-256
-387
-381
-315
-618
-1392
-2292
-2491
-2193
-1777
-1635
-1890
-1686
-899
-387
-741
-1809
-2491
-2786
-2336
-1822
-1470
-1830
-2416
-3137
-4201
-4917
-6639
-42
9868
15836
9625
-649
-813
2516
1235
-3587
-2260
5324
5776
1374
-1245
-421
-2796
-8629
-7728
387
5711
3181
611
3209
4695
684
-4009
-1709
2621
4247
4392
5703
6375
1882
-3085
-3487
-1396
-882
-2743
-2252
288
1378
-26
-2198
-3607
-4769
-4849
-2709
561
2222
1870
1403
1300
1185
214
-603
-651
46
1624
2778
3265
2254
324
-1090
-815
981
1249
-174
-1216
-468
467
-146
-933
-1247
-1193
-770
217
1177
932
416
575
1570
2457
2224
1234
554
723
1044
660
-13
-401
-497
-479
-319
-475
-1318
-2189
-2406
-1939
-1588
-1500
-1793
-1761
-1143
-355
-419
-1311
-2258
-2441
-2365
-1868
-1553
-1340
-2239
-2556
-3500
-3981
-5805
-5911
2521
11539
14066
5329
-1287
876
2413
-1033
-3823
672
6155
3934
715
491
311
-4878
-8780
-4424
2942
4310
1218
1831
4720
3438
-1648
-3666
-115
2126
2762
4585
6834
5346
-283
-3197
-2035
-1164
-2291
-3019
-829
1182
1060
-198
-1497
-3443
-5292
-4501
-1466
1138
1427
1166
1619
1638
648
-550
-745
-400
-52
1083
2482
2691
1424
-294
99
1516
1264
-642
-1625
-480
627
263
-369
-458
-866
-1155
-452
567
575
-35
355
1540
2311
2151
1238
612
566
768
719
269
-90
-286
-262
37
43
-794
-1819
-2055
-1550
-1073
-1086
-1498
-1659
-1478
-877
-541
-860
-1637
-2117
-2043
-1568
-1489
-1721
-2314
-2144
-2316
-2235
-3708
-4170
-6000
-2979
5191
11660
10453
1897
-595
1956
1720
-2153
-2600
3011
5845
3001
1061
1040
-1164
-6522
-6901
-1045
3723
2276
437
3026
4558
1432
-2914
-2568
569
1472
2680
5397
6402
2717
-1918
-2234
-560
-1115
-2723
-1833
671
1633
854
-236
-1547
-4045
-5265
-3217
-126
1306
872
956
1576
1017
-206
-1252
-1358
-989
-94
1678
2993
2632
1134
-198
24
1168
1074
0
-601
409
1177
444
-622
-893
-956
-838
-164
456
246
-100
598
1523
1668
1286
637
305
602
1100
1235
538
-246
-252
137
389
58
-931
-1741
-1553
-841
-552
-914
-1377
-1487
-1381
-996
-668
-1020
-1758
-1979
-1470
-1131
-1582
-2165
-2306
-1813
-1506
-1898
-2618
-3665
-3788
-4663
-975
5298
9716
7131
1424
508
2397
847
-2356
-1459
3330
4887
2778
1399
1063
-1800
-5248
-4205
-54
1917
705
1062
3842
3959
710
-2308
-1981
-291
889
2772
4871
4668
1758
-461
-341
-230
-1708
-2825
-1329
703
1442
1085
168
-1296
-3335
-3825
-2346
-861
-576
-552
456
1340
1003
-213
-896
-1074
-896
-200
897
1641
1567
1120
976
813
698
367
499
769
1000
835
385
-284
-753
-788
-397
-10
90
-158
-370
-136
398
744
810
741
895
1142
1321
1092
452
-157
-160
189
511
515
335
-54
-525
-1008
-1384
-1550
-1601
-1302
-863
-602
-557
-715
-1038
-1459
-1656
-1616
-1431
-1292
-1030
-716
-641
-737
-1136
-1522
-1903
-2223
-2189
-2394
-861
1982
5093
4966
2495
654
843
436
-1259
-1176
1392
3242
2415
996
1179
798
-975
-1919
-902
168
91
666
2315
2815
1495
-177
-410
-58
268
651
1190
1355
926
687
639
347
-378
-1023
-844
-419
46
221
31
-254
-523
-583
-603
-555
-556
-507
-233
-70
-62
-150
20
315
371
229
-43
-259
-282
-47
411
502
273
-51
-63
199
291
130
36
-7
-19
154
447
637
473
169
-30
30
312
416
386
319
307
441
715
874
520
-81
-345
-185
113
223
188
73
69
109
-12
-288
-581
-569
-299
-66
123
275
198
-83
-380
-518
-529
-569
-541
-408
-210
-206
-362
-538
-742
-944
-1084
-1018
-963
-1044
-1055
-920
-644
-68
663
974
444
-303
-732
-449
295
1049
1124
406
9
453
1181
1256
773
274
-16
107
814
1412
1361
682
401
670
767
596
250
30
-142
-14
467
768
537
140
117
202
94
-53
-37
40
62
230
377
257
-8
-210
-117
50
24
-121
-348
-317
-109
14
-32
-283
-417
-418
-265
12
88
-177
-276
61
588
878
620
135
-186
-253
46
422
399
178
-51
42
270
384
215
-84
-234
-129
284
536
579
413
236
188
157
11
-104
-127
79
386
584
536
219
9
-82
-83
-143
-243
-222
-99
58
-5
-248
-513
-787
-798
-639
-476
-464
-665
-790
-789
-776
-877
-1057
-1137
-1110
-525
429
1039
703
-115
-723
-746
-90
644
980
551
10
260
953
1230
731
54
-281
-210
406
1085
1292
841
429
486
616
546
327
184
53
164
561
822
574
168
88
217
196
92
28
23
65
257
446
261
-114
-314
-213
-66
-122
-205
-283
-155
51
259
305
64
-276
-425
-317
-69
75
-40
-146
68
402
599
457
36
-393
-558
-269
228
567
391
11
-92
3
71
33
51
37
34
284
699
800
447
104
84
202
255
253
306
181
133
209
172
-8
-176
-211
-121
3
75
95
8
-127
-207
-270
-265
-301
-333
-289
-327
-368
-460
-626
-759
-774
-638
-611
-694
-701
-749
-856
-883
-429
360
714
360
-75
-296
-296
-35
403
605
226
-132
252
1000
1150
794
421
107
105
441
919
980
623
451
679
863
731
453
165
-13
-2
301
577
487
310
280
249
147
0
-75
-67
6
259
400
247
-72
-207
-60
19
-25
-114
-134
-62
111
268
216
-131
-469
-511
-257
-16
-53
-260
-316
-99
318
527
442
75
-326
-411
-149
315
568
414
91
-5
93
136
172
125
4
3
311
654
593
281
118
182
25
-91
85
256
146
128
271
349
200
-28
-56
46
96
31
15
-21
37
100
40
-245
-398
-400
-378
-380
-437
-384
-367
-420
-445
-393
-481
-775
-957
-990
-831
-775
-723
-312
363
742
425
-51
-357
-409
-122
385
698
452
88
212
711
888
588
252
132
219
619
1002
1045
706
477
588
766
671
367
125
-6
90
428
757
677
383
146
170
204
183
132
137
233
386
414
259
35
-130
-52
14
52
62
0
-84
-72
22
-17
-169
-327
-257
-18
110
95
-54
-207
-127
132
484
525
286
82
-1
111
259
214
42
-38
165
329
327
306
220
63
-92
143
475
424
303
384
554
439
257
187
121
42
98
352
435
290
185
214
216
106
-43
-61
52
83
12
-17
-206
-368
-433
-396
-361
-365
-352
-285
-173
-106
-117
-270
-476
-635
-596
-577
-615
-558
-495
-321
-59
308
468
199
-128
-309
-118
194
625
794
581
380
386
626
547
405
321
274
429
726
1019
972
591
487
600
539
391
396
503
411
274
424
617
355
91
94
274
295
166
132
127
92
72
77
22
-84
-86
33
149
85
-10
-134
-148
-91
25
76
29
-16
-55
-9
-58
-177
-235
-92
268
526
534
318
15
-181
-126
8
170
225
43
30
149
223
193
64
-1
52
346
582
523
352
307
341
238
204
271
275
181
145
193
156
21
-109
-89
25
54
87
88
110
97
28
8
-105
-200
-218
-101
7
-32
-161
-277
-396
-418
-373
-388
-457
-509
-519
-443
-297
-278
-395
-517
-568
-605
-310
87
432
438
230
77
-106
-56
126
292
305
198
216
415
588
506
282
81
-22
138
452
642
584
507
507
421
339
268
161
41
79
355
522
468
288
223
208
94
64
99
189
259
230
227
112
-6
-83
-199
-217
-143
0
-22
-30
22
50
76
-67
-197
-151
-71
-68
-12
42
51
114
199
222
103
-112
-171
-108
164
308
200
29
26
105
116
83
29
-10
39
117
217
243
155
111
148
224
164
140
32
40
99
166
312
276
134
88
179
140
6
-80
-54
35
39
30
-67
-166
-268
-289
-194
-206
-291
-401
-382
-196
-36
-45
-161
-261
-265
-296
-339
-352
-328
-340
-455
-436
-440
-452
-424
-275
-54
-1
-37
-119
-149
-81
40
126
88
20
40
175
240
224
191
126
96
192
412
490
415
367
430
477
430
372
332
218
193
343
408
318
214
178
153
154
194
211
197
139
126
198
223
34
-100
-36
21
32
-26
10
12
-83
-134
-30
-41
-159
-231
-95
16
-38
-26
-65
-36
-31
-133
-234
-230
-143
9
146
80
-72
-107
-62
-105
-101
-85
-41
54
173
364
308
75
-68
-72
34
85
134
194
157
114
116
132
15
-137
-111
4
98
135
137
148
98
15
-47
-146
-292
-230
-85
-4
-87
-208
-346
-398
-320
-237
-203
-265
-298
-247
-214
-353
-441
-527
-607
-561
-488
-362
-313
-300
-368
-476
-420
-263
-113
-158
-190
-137
-60
-8
33
97
47
-110
-85
41
116
120
169
180
85
151
284
344
216
236
359
393
344
272
232
160
202
306
353
298
234
337
276
137
159
157
102
-13
-3
92
39
-36
-22
-26
-47
-105
-88
-127
-124
-145
-57
42
-43
-172
-220
-120
-58
106
188
94
-99
-237
-158
-113
-75
4
24
-72
-119
-18
32
9
-63
-48
12
48
184
280
228
84
81
81
5
-22
43
105
118
165
121
62
-48
-113
-30
59
98
101
119
116
63
-35
-140
-217
-265
-186
-87
-141
-249
-291
-244
-253
-312
-308
-261
-254
-274
-265
-230
-288
-344
-387
-343
-281
-220
-237
-335
-324
-287
-334
-371
-383
-330
-203
-101
-78
-150
-187
-228
-181
-26
68
-16
-44
-17
59
151
189
197
164
176
300
430
380
230
169
204
273
248
254
254
257
278
263
248
194
112
140
161
118
155
119
106
94
48
57
40
-41
-59
-54
-42
-94
-157
-184
-188
-199
-165
-93
-96
-98
-85
-40
-27
-20
-53
-53
-30
-31
-52
-9
-21
-49
-93
-16
13
-13
20
54
77
68
6
26
139
222
209
109
82
-16
-46
-11
41
68
21
-5
-33
17
-52
-118
-139
-65
-70
-62
-12
-57
-57
-122
-111
-111
-210
-249
-229
-117
-91
-163
-196
-216
-197
-225
-195
-232
-256
-286
-277
-254
-313
-296
-295
-286
-298
-304
-283
-303
-326
-306
-254
-224
-214
-280
-258
-231
-170
-128
-96
-152
-164
-92
-10
122
75
-4
-54
-12
42
35
38
80
49
75
170
204
207
95
123
189
185
263
226
164
129
120
143
94
-19
26
67
77
44
39
67
-57
-58
-14
-25
-104
-81
17
19
-72
-162
-182
-155
-169
-152
-141
-190
-137
-5
57
35
-36
-52
-139
-156
-36
36
23
-134
-72
76
81
-43
-83
-47
-46
-70
36
95
66
25
42
60
-12
-80
-37
-80
-141
-58
-4
-44
-81
-44
33
-8
-35
-64
-22
14
-6
48
56
-29
-133
-175
-218
-239
-242
-178
-174
-146
-140
-179
-205
-280
-282
-264
-260
-235
-195
-152
-122
-198
-268
-331
-366
-262
-236
-329
-314
-269
-244
-257
-302
-322
-254
-231
-293
-226
-107
-44
-29
-40
-76
-41
-117
-126
25
59
15
-5
13
44
34
17
69
18
47
98
150
185
168
252
193
143
80
105
116
111
128
134
171
168
70
25
21
-16
-20
-10
15
16
4
-55
-82
-153
-163
-150
-177
-143
-138
-91
-97
-58
-66
-83
-84
-26
70
125
117
-10
-172
-159
-61
31
57
-48
-102
7
78
-16
16
13
-32
-50
97
203
169
79
24
19
40
1
-76
-36
-7
25
55
58
5
-103
-123
-96
7
7
9
-57
-46
-57
-127
-249
-324
-250
-269
-204
-157
-176
-251
-264
-217
-215
-218
-265
-211
-134
-156
-157
-169
-111
-170
-238
-270
-192
-145
-110
-104
-122
-117
-189
-237
-258
-235
-154
-129
-30
-29
-59
-97
-181
-160
-168
-108
-29
-25
8
0
-24
-15
19
-4
-81
-8
101
121
101
29
18
-11
-12
33
19
14
13
56
155
140
35
-18
-24
-53
-123
-3
68
-13
-32
0
30
-62
-121
-96
-72
-42
-53
-46
-80
-141
-39
-10
-33
-65
-122
-90
-71
-10
93
122
140
119
9
1
-47
-26
30
69
53
17
22
7
70
27
26
20
31
26
25
16
-7
-42
-15
21
-51
-88
-91
-88
-71
-18
-57
-146
-147
-124
-103
-143
-151
-151
-154
-146
-211
-193
-243
-236
-250
-197
-195
-243
-229
-202
-188
-240
-164
-71
-93
-135
-181
-171
-127
-182
-180
-154
-100
-102
-165
-157
-187
-210
-231
-221
-162
-151
-119
-72
-92
-130
-218
-222
-190
-134
-136
-127
-102
-124
-113
-135
-149
-133
-138
-54
-21
-23
-29
-80
-66
-118
-71
-64
-60
-93
-64
-77
-80
-112
-107
-59
-92
-53
-68
8
9
-4
37
71
19
2
2
-41
1
42
51
29
46
17
40
59
12
-30
-14
6
8
10
21
61
65
53
62
44
-25
-54
-9
51
37
59
104
54
-2
35
5
-47
-49
-41
-21
39
45
-10
-58
-121
-115
-101
-109
-92
-86
-55
-32
-113
-183
-177
-212
-197
-195
-189
-137
-118
-118
-91
-55
-60
-123
-151
-121
-132
-194
-178
-157
-170
-128
-126
-138
-164
-202
-195
-158
-125
-132
-130
-114
-146
-135
-120
-127
-122
-120
-56
-24
-71
-75
-82
-120
-154
-156
-69
-74
-98
-118
-149
-154
-100
-114
-129
-112
-136
-109
-115
-100
-120
-174
-167
-217
-185
-151
-115
-117
-108
-74
-109
-104
-92
-74
-48
-73
-32
-10
-23
-23
-25
17
-51
-29
-10
45
33
65
104
108
101
105
84
12
38
5
73
112
87
100
107
76
75
32
81
98
92
76
28
41
57
73
10
-17
53
88
57
94
62
32
7
43
29
28
32
42
-23
-89
-54
-60
-55
-156
-187
-149
-66
-42
-31
-54
-110
-123
-127
-168
-142
-74
-73
-40
-88
-84
-77
-105
-92
-111
-91
-123
-72
-10
-47
-48
-67
-103
-95
-90
-104
-62
-39
-81
-54
-71
-104
-54
-48
-91
-31
-31
-5
-25
-85
-117
-91
-62
-24
-51
-81
-10
-93
-82
-18
-46
-77
-69
-46
-64
-81
-104
-113
-83
-96
-123
-86
-97
-143
-124
-65
-118
-129
-84
-42
-18
-51
-44
-56
-78
-119
-59
-24
-12
-71
-97
-81
-76
3
-37
-1
7
-54
6
-27
-4
-2
-44
-95
