-30
-5
-30
-50
-21
12
44
56
18
-33
-28
-3
-22
-23
-60
-67
-14
-65
15
46
-33
-15
-13
10
19
-21
-19
-38
-27
-32
-55
-55
-51
-61
-117
-61
-90
-55
-83
-135
-52
8
2
4
-27
-36
-26
-59
-11
-32
-27
-85
-55
-35
-10
76
14
-7
-45
-49
-42
12
54
39
54
72
79
45
51
67
42
55
48
24
35
56
98
102
71
47
-1
38
-4
-11
22
37
29
31
61
16
18
-31
-2
-43
-59
-36
9
24
57
17
-15
41
80
74
52
38
18
56
-2
61
85
11
86
84
-3
5
-10
13
10
-27
35
76
44
75
111
37
-16
-17
-29
72
57
-9
114
79
63
117
126
36
20
38
62
6
-10
104
71
94
5
-78
-22
84
25
-160
-57
168
173
1
-21
80
79
-54
-33
21
90
-37
34
146
104
30
56
154
47
31
34
115
33
20
43
59
106
67
126
100
132
65
101
34
135
129
101
89
29
87
73
109
33
31
32
55
-18
-24
9
46
-12
38
-49
0
31
60
4
12
-66
-40
24
16
42
-18
1
-5
39
50
51
52
95
37
65
155
119
116
65
49
5
34
13
-8
131
82
3
44
75
-38
13
75
69
33
67
53
33
53
62
-18
-97
-53
-35
-43
-45
40
40
1
10
-16
-38
6
-1
-101
-27
15
54
49
-14
-9
-41
-94
-58
-13
-15
-24
-59
-59
-15
-17
-59
-32
-20
-53
-106
-126
-103
-127
-123
-65
-73
-51
-50
-15
-32
-73
-62
-104
-37
-24
-62
-1
-9
-27
-32
16
5
19
42
-30
-12
29
67
36
17
3
-31
-38
71
76
24
-3
16
15
7
23
-11
-13
-11
-30
-29
11
44
61
60
9
8
1
20
62
2
-11
-11
-20
-68
-46
-22
17
20
2
-6
-29
-68
-41
-27
-53
8
-44
-54
5
-7
19
28
28
-24
-62
-39
-36
-54
-38
-76
-117
-58
-56
-13
3
21
70
89
46
29
58
84
0
-20
-41
-76
-69
-52
18
-19
-60
-1
-13
-24
-57
-76
-59
-37
-32
-35
-37
-45
-46
-35
-21
29
53
16
57
42
83
70
70
77
70
65
-12
52
29
-4
51
-17
-34
44
1
48
14
-1
72
-17
-24
-36
-74
-29
-54
-80
-101
-57
1
-10
-47
-52
-16
-25
0
-41
-13
-39
-71
-60
-65
6
90
90
24
-72
-38
-59
-113
28
41
-16
-18
74
95
57
5
-38
-62
-71
-44
25
26
-7
45
-11
-101
-156
-113
-116
-63
13
27
44
27
86
16
-40
-90
-153
-135
-150
-54
-7
49
5
-35
-71
-106
-53
-43
-28
-24
-15
-74
-53
-26
-2
3
-12
-37
-54
-61
-2
13
246
341
240
110
-12
-51
-33
98
213
195
113
25
28
126
169
180
23
-69
-7
91
186
285
264
121
-67
-85
21
3
-34
-28
31
42
62
113
82
-2
-84
-75
8
46
-6
0
15
27
84
70
-18
-111
-98
-111
-125
-67
-22
-6
-7
31
40
-43
-43
-85
-48
17
28
79
23
4
-24
-8
108
60
8
2
-39
-16
2
14
17
84
121
85
9
52
154
132
118
90
12
-9
69
156
222
258
182
71
80
136
168
134
7
-62
14
141
169
148
91
-8
7
49
144
121
31
-7
-13
49
95
111
86
-41
-58
-6
18
128
12
87
120
118
97
-7
-26
-49
-41
-65
27
50
57
69
84
27
34
73
-24
-28
24
-9
-13
-18
58
141
144
60
8
11
-7
58
50
32
-46
-80
-6
111
84
22
-35
13
38
37
60
-20
-70
-30
34
65
35
-40
-56
2
2
15
-9
-38
15
-8
-20
-17
-6
7
-14
-106
-104
-3
11
-21
-22
138
252
121
8
-7
-24
-58
5
95
-52
-154
12
120
-49
-97
-21
-26
-66
-73
-27
-160
-222
-84
-39
-118
-95
-61
-68
-138
-147
-141
-151
-64
25
12
-57
64
67
41
37
39
40
-57
9
92
21
-20
-1
-57
-24
98
103
67
-12
18
0
-40
1
-21
-62
-58
7
6
-59
-76
-12
-5
2
21
-50
-51
-27
-27
-22
-61
-46
-66
-23
-32
-10
9
3
93
122
108
159
204
174
104
80
93
96
48
58
67
70
88
37
49
17
-42
33
30
-36
20
12
-22
49
60
8
-29
38
31
-17
52
64
12
-22
21
72
89
71
8
-77
-27
-14
-41
-43
-35
6
-22
12
93
118
49
7
-28
-44
-21
57
38
13
8
1
20
-14
-16
-82
-14
-64
-104
-38
-66
-82
-73
-39
-27
17
20
12
-32
-17
52
43
-2
-68
3
3
29
72
40
12
-20
9
-1
-3
-58
-23
3
-63
-51
-45
-21
-57
-69
3
40
-34
37
108
47
-66
-60
-43
-6
47
-6
-44
-16
88
76
27
21
98
97
136
45
48
48
21
73
65
-7
12
51
14
14
-3
-12
-50
-19
29
4
-19
9
37
42
-4
-22
-12
-24
50
156
151
69
143
184
146
154
124
164
194
244
231
195
101
70
-3
142
239
166
152
122
108
70
63
12
18
-15
-29
28
-23
-98
-82
11
-16
-100
-69
-128
-88
-3
37
26
11
55
43
87
113
37
-22
4
75
180
167
181
152
103
179
235
172
108
95
54
10
64
91
53
20
33
-50
-79
-4
-66
-66
-52
-55
5
-22
9
-25
-34
3
3
111
117
119
-21
-9
31
59
96
93
127
69
108
103
146
75
23
82
104
66
106
117
70
78
79
40
3
27
-21
-21
-13
-52
-36
-29
-18
-58
-26
-14
33
82
74
160
162
70
50
-26
10
-25
5
69
116
129
113
80
23
48
34
114
37
105
144
61
20
22
60
75
62
38
25
-28
-19
61
87
33
-8
28
130
63
63
85
120
116
60
107
102
58
12
83
91
133
121
149
101
94
219
208
81
99
148
106
63
128
187
137
126
96
162
112
64
109
73
94
88
24
0
28
101
166
163
117
109
50
89
80
86
45
-44
95
128
42
87
147
149
100
95
129
52
32
-38
99
67
20
31
-53
-33
5
31
-9
-44
-58
-49
37
92
30
-16
-54
8
5
36
42
60
132
45
-7
34
65
-22
-90
-35
38
50
63
-1
9
41
90
88
72
57
-4
7
69
121
17
0
28
69
17
-20
84
-26
-63
-23
120
124
24
53
20
31
60
50
49
71
27
-11
129
131
93
143
108
86
124
122
61
172
181
74
74
101
127
136
195
225
130
75
55
73
142
143
51
21
115
129
161
210
138
110
77
54
33
6
14
32
68
113
63
108
13
54
542
530
-142
-508
-61
207
73
-12
143
214
168
101
83
74
73
77
89
-31
-41
104
180
129
83
102
137
88
36
105
184
201
100
91
118
-11
60
187
120
130
91
120
146
116
97
43
46
105
76
114
162
129
78
47
46
21
8
37
-23
-3
50
82
117
86
4
-53
7
84
143
65
70
86
87
99
104
127
77
67
78
118
122
90
114
160
168
88
77
128
53
10
151
172
75
104
143
150
136
123
109
128
78
93
92
128
189
99
51
122
139
67
-30
50
65
31
37
57
76
79
129
176
146
110
115
118
102
-61
-40
-6
24
82
60
100
72
157
170
114
147
117
79
7
41
-14
-25
-3
30
44
19
71
94
134
128
75
88
87
107
122
108
131
95
104
110
93
95
64
65
45
104
112
33
106
133
53
40
64
96
68
132
65
115
-22
532
1378
764
-882
-1084
-333
-22
162
172
59
-40
77
140
175
143
81
118
48
13
164
216
89
107
96
137
29
158
-17
197
-62
572
1065
-118
-920
-222
267
-80
55
128
104
72
121
93
96
50
41
54
104
64
104
107
86
45
119
120
131
108
92
145
127
124
101
91
97
145
122
68
95
56
21
21
0
35
101
87
70
49
-34
37
44
111
105
55
72
20
-3
-27
69
138
41
6
59
56
2
39
26
67
98
58
15
28
79
63
48
64
71
31
3
66
156
127
113
90
155
65
23
81
49
85
81
65
-14
18
44
76
94
70
-23
-38
100
83
-19
24
141
114
94
69
27
46
-12
134
128
103
31
64
148
129
64
27
18
60
132
68
51
48
60
1
5
107
148
90
90
134
154
139
-44
-12
175
118
-45
47
123
65
77
179
101
9
165
89
108
45
25
163
256
174
31
-17
-46
81
192
78
-39
110
210
160
92
19
88
126
-1
32
59
82
88
124
210
153
133
60
-31
-50
74
163
123
38
-4
71
112
89
129
167
86
24
109
250
257
116
52
67
135
178
198
162
97
71
144
120
81
83
190
175
27
86
120
99
-76
22
153
109
17
53
84
77
182
96
27
21
98
158
116
125
180
145
-11
110
215
85
29
67
107
144
160
247
241
19
-62
64
178
137
-29
-9
156
234
214
239
149
-1
108
194
46
-46
79
236
223
171
114
178
183
29
122
138
40
37
121
138
113
37
145
98
155
168
94
148
79
-45
17
-5
-9
200
93
-93
159
274
-90
-138
146
269
132
-45
-62
20
126
143
206
227
109
-120
-212
-53
199
324
205
-31
-219
-178
57
202
150
93
136
184
218
63
17
257
173
-26
-149
-8
265
272
195
104
40
-71
-41
57
111
149
167
195
141
-103
-212
-96
208
279
143
-42
39
64
19
60
69
-60
-47
5
-41
80
215
71
57
34
70
46
129
158
192
78
146
23
63
177
102
-7
125
228
94
87
83
99
149
280
141
130
58
-162
-151
204
297
282
79
83
16
93
218
118
7
127
105
-23
184
215
59
-26
174
108
-4
104
277
54
-101
144
100
-46
92
294
104
29
312
221
-33
-83
182
245
276
262
-14
-57
-88
124
175
202
28
145
304
195
23
102
253
109
116
262
137
16
38
-18
-1
9
170
-34
37
192
31
-12
208
436
105
-117
88
321
224
-216
-196
209
130
-35
137
361
-369
-410
494
343
-378
-236
397
311
11
281
117
16
-107
4
27
114
331
27
-337
-282
-7
29
243
214
79
-96
-216
-5
294
6
100
247
23
-191
93
206
111
0
-159
207
336
233
43
153
229
206
282
201
11
31
15
640
1932
2399
1342
-178
-921
-1355
-1010
-1017
-1079
-797
-549
-440
-280
-229
-484
-673
-414
157
294
77
352
957
616
94
331
505
301
202
377
-121
105
504
673
237
-102
-209
-111
39
-341
19
290
114
31
435
124
-339
-248
210
456
365
99
3
-20
-138
23
298
102
35
601
572
-95
-339
-333
-26
138
-65
-17
49
169
146
281
358
374
294
-7
-233
-209
40
67
214
293
48
-147
-52
27
-32
1
170
475
464
197
52
30
-299
54
429
399
160
-305
-207
-187
42
235
370
356
183
134
170
184
150
222
177
-192
-389
-16
195
224
62
58
3
23
-173
-11
20
203
351
-10
-272
-41
120
189
187
71
-57
65
285
122
334
252
296
47
-207
-440
-78
141
280
-47
-202
84
122
159
219
120
46
260
50
-230
-5
144
-78
202
567
244
-212
10
229
-238
-753
-423
90
329
422
496
473
351
286
240
-46
-243
-158
17
243
-24
160
-108
-381
-449
-64
447
492
446
265
-18
-205
-194
-433
-615
-277
63
50
166
404
291
-131
-349
-239
173
532
522
581
233
236
-2
163
952
936
399
82
41
-423
-707
-733
-390
-232
-181
-252
-292
-327
-411
-348
-110
-117
-120
193
497
392
186
113
100
150
-25
-28
149
201
301
504
643
613
477
434
428
160
38
-96
-282
-356
-455
-629
-641
-412
-164
35
92
158
302
202
77
95
64
64
156
56
-53
-61
-201
-278
-132
50
-58
93
310
287
305
216
243
356
240
-11
-80
52
291
271
233
63
-12
-101
-136
-41
-48
-181
-423
-345
-330
-304
-142
54
185
198
197
225
251
118
108
314
364
123
-34
-61
-171
-138
45
61
-44
75
134
100
138
153
124
195
220
205
96
98
135
94
25
-59
16
25
143
66
99
213
197
128
102
192
188
162
299
348
228
175
156
148
125
-17
-184
-97
-34
-55
-77
81
29
-110
7
237
129
14
62
-77
-280
-217
-61
-162
-137
-35
-30
146
268
126
26
18
-117
-77
-5
-142
-258
-270
-216
-255
-282
-343
-259
-141
15
96
198
388
481
425
372
360
130
-60
-195
-208
-356
-454
-281
-148
-189
-302
-383
-388
-342
-362
-319
-181
-180
-265
-285
-151
-75
-102
-96
-115
-62
6
51
71
25
21
29
60
27
-129
-202
-221
-222
-319
-299
-122
-36
-76
-156
-95
-50
7
-16
12
17
102
242
313
462
634
808
1089
1268
1407
1594
1671
1742
1762
1661
1482
1292
1059
856
605
362
202
-37
-184
-208
-185
-147
-117
-53
-79
-47
-103
-172
-192
-251
-394
-454
-375
-404
-424
-358
-256
-153
-16
84
133
182
187
91
-37
-46
-129
-271
-336
-448
-548
-564
-397
-282
-296
-440
-603
-805
-951
-1071
-1157
-1223
-1228
-1172
-1151
-1021
-1004
-898
-768
-585
-624
-831
-954
-1005
-958
-1152
-1290
-1369
-1525
-1797
-1979
-1953
-2029
-2250
-2555
-2780
-2905
-2774
-2411
-564
2092
3532
3433
4400
7443
9062
8156
7374
8113
7301
4558
2302
2220
1974
-577
-2961
-2988
-1481
-1692
-2480
-1719
-136
-163
-1223
-834
177
-54
-2099
-3403
-3443
-3427
-4255
-5034
-4485
-3510
-2828
-2505
-862
1378
2833
3249
3651
4849
5567
5275
4279
3881
3458
2278
792
196
554
207
-631
-979
-28
638
624
500
814
1017
336
286
795
785
-536
-1218
-1057
-1170
-1377
-1330
-1264
-1357
-775
-429
34
832
1326
981
871
1521
1753
1379
1035
710
113
-182
-562
-1065
-1321
-1653
-2262
-2569
-2173
-1950
-2293
-2494
-2306
-2134
-2025
-1787
-1688
-1544
-1485
-1703
-1786
-1644
-1823
-2516
-2850
-2815
-3085
-3504
-3636
-3774
-3775
-3404
-2551
-113
3644
6311
6562
7274
10486
12824
11796
10090
10089
9058
5423
1853
915
796
-1802
-5211
-5820
-3724
-2997
-4039
-3297
-918
-495
-1977
-2164
-872
-846
-3154
-5314
-5623
-5263
-5790
-6512
-5530
-3648
-2385
-1553
564
3860
6046
6781
7091
7896
8426
7771
6231
4927
3843
2129
191
-810
-595
-688
-1421
-1711
-1079
-32
285
26
-179
-186
-988
-2410
-3286
-3362
-3645
-4318
-4139
-3154
-1814
-580
899
2444
3900
4937
5346
5528
5730
5338
3911
2681
1874
991
-154
-1031
-1266
-1364
-1528
-1617
-1284
-836
-915
-1576
-2067
-2165
-2684
-3555
-4127
-4272
-4391
-4581
-4448
-3693
-2861
-2245
-1799
-1135
-269
78
-121
-214
-233
-714
-1571
-2226
-2810
-3664
-4536
-4560
-3890
-1685
2492
6114
7595
7986
10903
14657
14833
12354
11006
10086
6329
1178
-1579
-1713
-3878
-8124
-9865
-7529
-4980
-5089
-4599
-1685
584
-104
-896
347
1323
-752
-4219
-5407
-4967
-5316
-6535
-6180
-3863
-1792
-650
1539
5458
8600
9504
9378
9885
10172
8931
6648
4319
2443
91
-2483
-4016
-4029
-3740
-3975
-3977
-2925
-945
193
360
340
547
-114
-1531
-2797
-2802
-1842
-2259
-3176
-2341
546
2303
2560
3854
6028
6327
5232
5164
5313
4234
1944
-120
-1037
-1072
-1647
-2763
-2524
-1303
-1135
-1587
-926
42
-488
-1943
-3142
-3444
-3766
-4705
-5675
-5778
-5000
-4534
-4205
-3075
-1255
-255
-131
41
625
873
4
-1527
-2566
-3086
-4314
-6330
-7394
-6454
-3515
1510
5894
7302
8303
12946
17853
17799
15163
14297
13164
7842
1351
-1674
-1985
-5231
-11348
-13355
-9781
-6687
-7194
-6173
-1591
1402
321
-497
1807
3091
-34
-4724
-6099
-5361
-6215
-8278
-7795
-4480
-2153
-1085
1810
7267
11289
11891
11577
12364
12824
10706
7284
4314
1888
-1470
-5173
-6825
-6444
-5896
-6159
-5728
-3775
-1124
492
987
1303
1474
598
-1432
-2912
-3614
-3881
-3796
-3650
-3254
-1467
2290
5191
6178
7450
9649
9715
7947
7241
6424
3414
-450
-2599
-3598
-4399
-5179
-5573
-4891
-3292
-2040
-1414
-254
694
-105
-1663
-2408
-2844
-3956
-5488
-6400
-6372
-5755
-5002
-3944
-2346
-481
589
1061
1688
2362
1987
627
-974
-2358
-3573
-5333
-7076
-8186
-7609
-3349
3149
6921
7038
8850
15447
19881
17586
14304
14472
12637
5136
-2132
-3356
-2872
-8122
-14679
-14250
-8611
-6206
-7380
-4885
1087
3434
884
315
3407
4048
-1166
-6591
-6826
-5562
-7222
-9550
-7602
-3132
-895
101
4054
10354
13769
13076
12127
12889
12419
8929
4578
1527
-1082
-4905
-8311
-8983
-7456
-6438
-6264
-5065
-2189
872
2186
2306
2279
1938
269
-2235
-3967
-4470
-4079
-4067
-4239
-3320
-125
3878
6270
7812
9939
11231
10142
8753
8028
6098
1914
-2341
-4587
-5451
-6249
-7202
-7165
-5718
-4084
-2747
-1153
608
1141
120
-1227
-1774
-2172
-3681
-5484
-6420
-6081
-5523
-4811
-3454
-1576
59
978
1738
2558
2986
2030
198
-1653
-3127
-4701
-6821
-8745
-9710
-9093
-4669
2668
7220
7638
9508
16325
21271
19184
15474
14944
13066
5375
-2579
-4423
-3688
-8380
-15135
-15108
-9151
-5620
-6418
-4324
1508
4341
1797
225
2802
3664
-1511
-7885
-8843
-7170
-8105
-10207
-8370
-3199
20
1317
5094
11549
15347
14538
12792
12785
12290
8458
3478
-32
-2673
-6210
-9382
-9747
-7713
-6015
-5367
-4069
-1246
1845
3158
2949
2231
1201
-768
-3638
-5465
-6201
-5861
-4512
-3424
-2205
1187
6589
9697
10036
11232
13261
11657
7750
5888
4092
-555
-5534
-7553
-7757
-7888
-7850
-6957
-4819
-2056
-171
832
2006
2528
1131
-1211
-2971
-3661
-5022
-7231
-8358
-7510
-6035
-5035
-3504
-1030
1292
2283
2863
3488
3453
2059
-368
-2702
-4650
-6443
-8886
-11148
-10772
-5450
2241
6643
7479
10028
17157
22536
20927
17018
16195
14152
6046
-2784
-5360
-4882
-9502
-16856
-17406
-10945
-6231
-6544
-4907
1410
5443
3332
974
3138
4531
-544
-8047
-9912
-7918
-8270
-10612
-9372
-3727
505
2355
5887
12553
17214
16492
13839
13250
12765
8735
2931
-1647
-4371
-7651
-10976
-11480
-9017
-6454
-5516
-3996
-888
2549
4146
3796
2745
1432
-700
-3678
-5909
-6817
-6533
-5300
-3864
-1810
1643
6480
10321
11751
12545
13335
12226
8920
5879
3100
-1004
-5811
-8703
-9034
-8846
-8481
-7329
-5142
-2437
-183
1368
2388
2590
1491
-541
-2515
-3674
-4965
-6799
-8127
-7843
-6339
-4867
-3321
-1171
883
2218
2935
3389
3209
2044
-176
-2834
-4965
-6746
-9048
-11596
-11659
-6660
1586
6810
7506
9423
16712
23269
21868
17277
16245
14906
7012
-2811
-5929
-4772
-8668
-16719
-18186
-11371
-5653
-6022
-5253
1129
5806
3845
631
2345
4416
-267
-8547
-11242
-8520
-8160
-10673
-9878
-3870
1347
3135
6083
12687
17919
17197
13892
12835
12563
8781
2519
-2287
-4904
-7749
-10936
-11516
-8843
-6010
-4860
-3585
-636
2820
4500
3746
2166
555
-1606
-4594
-6900
-7877
-7268
-4704
-2578
-1079
2008
7957
12524
12620
12427
13948
12778
7738
4111
2148
-1613
-7265
-10302
-9596
-8540
-7824
-6693
-4217
-1105
1183
2146
2582
2796
1477
-1398
-4213
-5025
-5647
-7704
-9272
-8352
-5782
-4181
-2654
-352
2108
3247
3321
3437
3270
1701
-1306
-3982
-6146
-7855
-10222
-12175
-11358
-5189
3679
8179
8425
11150
19515
24689
21623
16676
15712
13494
4236
-5059
-7217
-5907
-10796
-18403
-17708
-9525
-4103
-5283
-3918
2715
6880
3857
395
2387
3410
-2523
-10833
-12061
-8745
-8539
-10867
-9029
-2137
2905
4881
8353
15082
19086
17066
13409
12294
11514
6665
51
-4475
-6593
-9147
-11613
-11054
-7852
-5023
-3924
-2055
1132
4135
4779
3382
1422
-652
-3116
-5995
-7865
-8645
-6830
-3653
-1903
-223
4424
10961
13302
12216
13087
14541
11084
5308
2740
783
-4138
-9444
-10441
-8852
-7848
-7233
-5496
-2293
682
2044
2288
2711
2335
172
-3228
-5440
-5686
-6858
-9084
-9732
-7380
-4713
-3410
-1725
963
3253
3737
3618
3291
2639
222
-2925
-5497
-7294
-9170
-11605
-11965
-8036
690
7368
8751
9574
15887
23828
23972
18370
15107
14401
8237
-2079
-7720
-6816
-8190
-15873
-19446
-13458
-5105
-3660
-4907
-432
5873
6146
1636
1038
3242
581
-8000
-12946
-10302
-7873
-9400
-10477
-5213
1666
5154
7340
12549
18308
18513
14809
12084
11782
8826
2342
-3692
-6681
-8439
-10866
-11436
-9065
-5688
-3983
-2525
252
3582
5112
4109
2130
-182
-2592
-5137
-7399
-7793
-5203
-3338
-3813
-2473
4016
10512
10879
9762
12347
13788
9747
5559
4504
2373
-3363
-8317
-8373
-6657
-6296
-6919
-5860
-2525
293
1043
1078
1824
1675
-721
-4107
-4849
-4386
-6333
-9362
-9604
-6516
-4434
-3913
-2691
174
2354
2618
2376
2781
2563
-31
-3199
-5136
-6032
-8607
-11109
-10619
-4466
4150
7626
7596
10313
18938
24443
21223
16171
15333
13666
5040
-4123
-6688
-5535
-10482
-18378
-18300
-10459
-4512
-5850
-5399
801
5801
3774
395
1921
3302
-1625
-9917
-11425
-7972
-6992
-9687
-9231
-2743
2894
5536
8379
14255
18139
16845
13580
12299
11736
7395
971
-4112
-6501
-8764
-10851
-10692
-8374
-5846
-4572
-2425
821
3650
4315
3158
1371
-823
-2942
-5223
-7102
-7352
-6123
-4858
-3035
819
6014
9496
10573
12136
14040
13218
9911
6830
4015
29
-4604
-7376
-8115
-8423
-8418
-7616
-5161
-2079
126
1110
1765
2248
1520
-585
-2904
-4177
-5709
-7925
-9354
-8722
-7047
-5953
-4663
-2293
565
2328
2986
3382
3927
2989
-3
-3026
-4536
-6235
-9426
-11726
-9641
-1425
5345
6618
6703
12323
21922
24252
19251
15839
16504
12467
2062
-5384
-5452
-5795
-13945
-20388
-16809
-8012
-5173
-7610
-4424
3270
6325
2635
1180
4019
3852
-3742
-10833
-9700
-6674
-7881
-11149
-8487
-1645
2777
4895
9172
15549
17911
15776
13353
13573
12153
6443
-69
-4188
-6468
-9324
-11117
-10361
-8136
-6505
-4967
-1814
1898
4277
4338
3459
1817
-212
-1662
-3224
-5492
-8085
-7380
-4204
-2225
-747
3013
8190
9912
9940
11992
13951
11162
6275
4058
2156
-1616
-5763
-7303
-7477
-7839
-7617
-5930
-3194
-1073
-77
177
1018
1474
601
-1792
-3966
-4657
-5817
-7603
-8412
-7141
-5735
-5096
-3803
-1178
1178
1905
2082
2469
2558
788
-1799
-3844
-5999
-7996
-9288
-4767
3127
6221
5018
6201
15796
23245
20493
14978
15336
16193
8504
-1006
-3811
-1950
-7641
-17463
-18925
-11346
-5462
-8483
-9381
-2727
4019
2717
-131
2407
5294
1391
-7388
-8900
-5215
-4639
-9142
-10474
-4844
256
2321
4664
10859
15318
15066
13082
13559
14603
10856
4735
-140
-2709
-5772
-8775
-9667
-8950
-8177
-7739
-5328
-1600
1417
2440
2588
2399
1024
-492
-1493
-2149
-3946
-5730
-5512
-3445
-831
1061
3503
6072
7992
9345
10642
10909
9074
6401
3657
1324
-1066
-3101
-5030
-6375
-6554
-5858
-4566
-3338
-2018
-1206
-702
-655
-479
-660
-1985
-3765
-5150
-5734
-6374
-6562
-6365
-5613
-4550
-3235
-1866
-270
1099
1568
1386
787
-186
-1655
-3698
-5688
-7130
-5235
1449
5761
5262
4430
10573
19530
20185
15128
13413
15679
11881
2901
-2308
-1028
-2951
-12416
-17780
-13639
-6344
-7156
-10612
-6869
629
2465
-944
-70
3828
3559
-3758
-7958
-5145
-2897
-6011
-9774
-6686
-1374
1136
2168
6676
12167
13690
12339
12141
14219
13034
8007
3064
232
-2249
-5632
-7705
-7898
-7710
-7917
-6932
-4004
-1014
653
1017
1477
1125
15
-893
-1680
-1965
-2711
-3462
-3793
-2027
931
2747
3444
4762
7304
8230
7944
7618
7222
5018
1878
172
-467
-1630
-3933
-4977
-4615
-3697
-3484
-3169
-2249
-1728
-1855
-2409
-2212
-2133
-3120
-4931
-5998
-5628
-5341
-5638
-5750
-4780
-3508
-2569
-1727
-477
424
46
-860
-1550
-2348
-4108
-5854
-5135
1130
6694
6499
4468
8209
17860
20585
15862
12902
15092
13887
5650
-571
-326
-59
-8474
-16083
-14390
-7363
-6165
-10762
-9455
-2666
1225
-1466
-2074
1710
3326
-2032
-7671
-5866
-2727
-4131
-8672
-7857
-2732
370
1470
4598
10050
12556
12052
11918
13987
14179
10332
5807
2762
352
-3004
-5506
-6318
-7094
-8075
-7773
-5193
-2553
-1208
-568
465
827
-407
-1010
-1288
-1922
-3036
-3558
-3162
-2523
-1118
957
2959
4325
6209
7835
8548
8471
7945
6876
4599
2297
904
-431
-2392
-3984
-4470
-4245
-4120
-3794
-2924
-2288
-2212
-2312
-2223
-2179
-2784
-3957
-5091
-5678
-5841
-6002
-5923
-5575
-4656
-3603
-2607
-1439
-201
365
-55
-676
-1076
-2275
-4305
-5750
-2794
4347
7192
5239
4557
11743
19855
18662
13782
13471
15974
11260
2939
-563
1420
-1805
-11888
-16172
-11545
-5587
-8413
-11802
-7725
-838
2
-2899
-828
3084
2270
-4647
-7002
-3617
-2032
-5632
-9003
-5913
-1618
142
1457
6066
10656
11597
11152
12379
14701
13308
9084
5461
2966
105
-3405
-5080
-5811
-7260
-8483
-7310
-4363
-2542
-1700
-871
592
372
-731
-891
-978
-2403
-3418
-2217
-1859
-2357
-1566
2084
4143
3776
5004
7881
8716
6727
6340
6611
4877
1277
26
109
-1368
-3399
-4266
-3385
-3100
-3252
-3316
-2487
-2215
-2647
-3166
-3356
-3317
-4238
-5366
-6280
-5873
-5324
-5487
-5562
-4568
-2955
-2134
-1544
-753
-89
-370
-1437
-2586
-3667
-4725
-3252
3042
7578
6774
4795
9597
18733
19988
15073
12826
15424
13307
5184
-24
992
265
-8950
-15609
-12953
-6249
-6956
-11721
-9588
-2724
50
-2937
-2393
1786
2798
-3098
-7254
-4409
-1870
-4361
-8582
-6876
-2252
-154
836
4484
9538
11293
10809
11840
14532
14432
10506
6852
4510
1867
-1798
-4104
-4810
-6360
-8203
-7922
-5070
-2911
-2397
-1898
-283
454
-694
-1083
-861
-694
-1683
-2992
-3291
-2498
-580
731
1271
2285
4679
6311
6508
6997
7604
6929
4369
3052
3259
2222
-543
-2581
-2586
-2567
-3463
-4214
-3445
-3044
-3646
-4029
-3456
-2607
-3383
-4781
-5392
-4997
-4832
-5366
-5692
-5214
-4417
-3977
-3383
-2385
-1498
-1324
-1741
-1858
-2373
-3631
-4618
-1683
5471
8584
6774
5733
12238
19945
19033
14156
13178
15575
11655
3918
165
1862
-737
-10119
-14766
-11068
-5459
-7722
-11425
-8562
-2410
-1210
-3836
-2425
1110
899
-4839
-7196
-4267
-2363
-4950
-8076
-5746
-1759
217
1734
5700
9850
10914
10929
12274
14333
13414
9969
6970
4493
1566
-1657
-3134
-4101
-6207
-7884
-6993
-4339
-2990
-2723
-1910
-479
-527
-1618
-1275
316
-47
-2958
-4464
-3137
-1217
-1325
-1307
746
2919
3720
4548
7099
8835
7744
5753
5555
5960
4544
1790
-306
-1225
-2289
-3617
-4219
-3901
-3866
-4722
-4844
-3631
-2526
-2957
-4063
-4344
-4111
-4349
-5121
-5239
-5038
-5393
-5680
-5046
-3635
-2922
-3316
-3488
-2694
-2257
-3384
-4689
-3582
3430
9414
8971
6523
9238
18340
21310
16579
12701
14705
14554
7156
630
618
2192
-5019
-13192
-13373
-6890
-4631
-9686
-10841
-5562
-1037
-3078
-4693
-1945
583
-2796
-8046
-7192
-3780
-3340
-6836
-7472
-3492
-55
1818
4253
8298
10819
11253
11789
13305
13903
11614
8671
5825
2872
-61
-1896
-2509
-4451
-6841
-7069
-4636
-3073
-3112
-2619
-1052
-501
-2215
-2689
-1039
-267
-2875
-5414
-4118
-1786
-1561
-2081
10
2766
3614
3932
6150
8937
8498
6317
5521
6319
5581
2867
594
-333
-1038
-2687
-3713
-3463
-3016
-3829
-4816
-4109
-2682
-2696
-4300
-4944
-4533
-4546
-5538
-6189
-5683
-5439
-6011
-6066
-4640
-3098
-3020
-3517
-3051
-2174
-2707
-4156
-4466
493
7823
9514
7347
7372
14968
21343
19009
14163
13946
15797
10886
3468
469
2335
-1286
-10354
-14058
-9807
-4748
-7647
-11276
-8567
-2996
-2172
-4463
-3466
-465
-1012
-6207
-8063
-5271
-3256
-5121
-7596
-5517
-1655
1139
3377
6629
9809
11102
11860
13076
14134
12891
10371
7644
4489
1356
-991
-1733
-3374
-6179
-7541
-5870
-3588
-3362
-3369
-2141
-622
-1553
-3009
-2229
-430
-1261
-4516
-5272
-3058
-1286
-2079
-1921
979
3672
4082
4615
7505
9468
8150
5894
6162
6945
5040
1696
40
-228
-1599
-3592
-4195
-3323
-3547
-4887
-4968
-3280
-2283
-3385
-4514
-4347
-3925
-4778
-5927
-5991
-5438
-5753
-6449
-5760
-4044
-3204
-3643
-3681
-2753
-2366
-3418
-4449
-2615
4396
9501
8908
6923
10158
18738
20999
16621
13230
14919
14134
7378
1462
1211
1906
-5157
-12549
-12722
-6892
-5149
-9583
-10645
-6023
-2086
-3325
-4465
-2399
-358
-3311
-7675
-7208
-4290
-3629
-6286
-6966
-3751
-300
2230
4806
8206
10376
11312
12317
13583
13774
11758
9406
6484
3182
243
-1147
-1814
-4249
-6896
-6894
-4370
-3082
-3393
-3067
-1404
-833
-2527
-3118
-1836
-1184
-3122
-5022
-4230
-2430
-1750
-1775
-115
2384
4067
4906
6487
8646
9008
7575
6229
6354
5945
3667
1021
-221
-816
-2172
-3532
-3718
-3153
-3664
-4551
-4220
-2918
-2630
-3934
-4634
-4375
-4344
-5443
-6139
-5771
-5530
-6031
-6316
-5046
-3567
-3304
-3561
-3088
-2100
-2512
-3995
-4562
-880
6567
9564
8036
6886
12686
20465
20042
15339
13493
15519
12527
5387
1024
2206
647
-7769
-13271
-11196
-5497
-6345
-10561
-9702
-4503
-2130
-4050
-4132
-1535
-749
-4872
-7860
-6213
-3704
-4173
-6849
-6244
-2768
347
2889
5858
9023
10588
11597
12808
14044
13421
11257
9025
5833
2459
-201
-866
-1942
-4992
-7213
-6203
-3591
-3064
-3550
-2668
-877
-1305
-3168
-3090
-1480
-1599
-4317
-5481
-3728
-1808
-1997
-1891
726
3311
4340
4983
7399
9466
8771
6888
6414
6947
5599
2891
807
207
-873
-2571
-3387
-3097
-3021
-4056
-4482
-3551
-2499
-2976
-4082
-4289
-4096
-4671
-5707
-5857
-5465
-5561
-6128
-5690
-4164
-3332
-3430
-3201
-2271
-1781
-2876
-4280
-4557
-968
6024
9025
7855
6760
12333
20017
20104
15743
13859
15749
12754
5796
1399
2484
899
-7675
-13340
-11326
-5496
-6139
-10510
-9651
-4448
-1914
-3813
-3885
-1118
-435
-4681
-7912
-6158
-3609
-4204
-7133
-6555
-2922
181
2626
5624
9049
10612
11512
12725
14072
13721
11575
9192
6015
2687
-11
-801
-1849
-4846
-7060
-6259
-3720
-3107
-3422
-2399
-741
-1122
-3095
-2933
-1183
-1694
-5013
-6346
-3797
-1835
-2510
-2535
758
3881
4289
4866
8127
10793
9291
6921
7056
8064
5951
2220
559
414
-942
-3400
-3879
-2785
-2862
-4330
-4582
-2755
-1686
-2788
-4042
-3792
-3278
-4372
-5925
-5977
-5315
-5746
-6693
-6026
-4141
-3322
-3759
-3337
-1759
-1277
-2482
-3765
-4113
-2092
4102
8498
8502
6567
9513
17837
20493
16877
13362
15052
14304
8005
2047
1863
2552
-4611
-12140
-12696
-6561
-4879
-9527
-10618
-6004
-1976
-3447
-4691
-2109
82
-2992
-7403
-6790
-3840
-3359
-6123
-6725
-3648
-638
1720
4503
8143
10115
10839
11972
13600
13896
11875
9818
7139
3728
444
-744
-1025
-3362
-6492
-6937
-4202
-2811
-3271
-3021
-1176
-561
-2587
-3523
-1917
-1061
-4240
-6650
-4488
-1575
-2079
-3321
-57
4188
4773
4084
7140
10892
9944
6884
6708
8513
6693
2542
594
1003
-172
-3159
-4039
-2478
-2093
-3969
-4567
-2827
-1549
-2715
-4062
-3537
-3006
-4220
-5862
-5941
-5202
-5570
-6597
-6315
-4550
-3580
-3910
-3676
-2151
-1322
-2398
-3728
-3996
-2674
2810
7924
8784
7112
8455
16251
20535
17928
13763
14376
14759
9607
3189
1518
3006
-2378
-10401
-13013
-7839
-4369
-8196
-10646
-7351
-2676
-2956
-4661
-2944
-394
-2108
-6676
-7416
-4707
-3249
-5275
-6753
-4439
-1337
1327
4083
7580
9776
10594
11752
13283
13843
12206
10313
7830
4325
892
-699
-663
-2409
-5821
-7042
-4712
-2724
-3064
-3258
-1641
-499
-2271
-3758
-2137
-488
-2768
-6524
-5774
-2357
-1574
-3067
-1590
2759
4496
3969
5687
10001
10798
7707
6178
7863
8077
4187
1016
849
458
-2371
-4255
-3153
-2130
-3632
-5146
-3717
-1599
-1879
-3628
-3847
-3011
-3603
-5315
-5972
-5307
-5583
-6813
-7024
-5443
-3963
-4163
-4296
-3251
-2028
-2729
-4130
-4233
222
7227
9277
7812
7171
13384
19878
19218
15149
13809
15336
11959
5760
1914
3236
1117
-6598
-11642
-9951
-4771
-5675
-9320
-9057
-5133
-2938
-4355
-4529
-2747
-2128
-5216
-7845
-6732
-4413
-3928
-5715
-5391
-2838
555
3800
6545
8797
10135
11690
12808
13212
12384
11204
9449
5950
2168
108
245
-688
-3754
-6065
-5020
-2768
-2653
-3205
-2374
-883
-1716
-3850
-3638
-1485
-1749
-5306
-7014
-4324
-1339
-1969
-2435
674
4438
4907
4602
7786
11063
9745
6214
6314
8156
6483
2057
158
998
-306
-3250
-3910
-2035
-1861
-4231
-4856
-2465
-1142
-2977
-4655
-3904
-3222
-4846
-6502
-6035
-5190
-6245
-7468
-6463
-4333
-3810
-4527
-4079
-2573
-2570
-4154
-4948
-1087
6512
9460
8120
6973
12364
19596
19826
16003
14178
15550
12728
6602
2369
3078
1661
-5562
-11084
-10602
-5739
-5423
-8645
-9069
-6100
-3422
-3944
-4173
-3088
-2528
-4792
-7557
-7279
-5478
-4118
-5154
-5547
-3776
-403
3694
6663
8606
9758
11662
13066
13259
12393
11442
10250
6710
2469
100
324
-142
-3350
-5972
-5261
-3012
-2656
-3302
-2379
-951
-1694
-3971
-4249
-2230
-1989
-4952
-6838
-4746
-1931
-1973
-2188
530
3939
4606
4632
7270
10109
9419
6484
6022
7254
6032
2616
718
792
-193
-2569
-3290
-1878
-1720
-3508
-4375
-2883
-1785
-3044
-4475
-4368
-4034
-5287
-6554
-6224
-5450
-6121
-7150
-6285
-4414
-3639
-4146
-3988
-2840
-2833
-4165
-5084
-1349
6281
9406
8072
6860
12509
19786
20033
16140
14398
15642
12573
6462
2164
2977
1301
-5928
-11336
-10838
-5969
-5722
-8596
-8860
-6065
-3596
-4036
-3965
-2964
-2684
-5039
-7547
-7472
-5912
-4425
-5175
-5371
-4044
-683
3763
7072
8858
9759
11820
13336
13297
12033
11127
10178
6483
1915
-454
55
-177
-3478
-6168
-5265
-2908
-2558
-3163
-2254
-875
-1825
-4159
-3983
-2231
-2419
-5430
-6957
-4744
-2598
-2490
-2118
848
3703
4341
4832
7726
10208
8940
6621
6291
7068
5425
2324
866
569
-865
-3014
-3004
-1705
-1844
-3608
-3950
-2256
-1740
-3053
-4143
-3831
-4055
-5680
-6658
-6083
-5593
-6537
-7239
-6200
-4423
-3868
-4204
-3609
-2517
-2793
-4242
-5015
-2152
4892
8598
8048
6695
10906
18439
20010
16772
14262
15303
13369
7668
2733
2773
2053
-4629
-10745
-11480
-6686
-5343
-8357
-9203
-6708
-3692
-3962
-4253
-3167
-2380
-4416
-7441
-7557
-5998
-4459
-5246
-5758
-4295
-1313
2886
6201
8425
9556
11187
12748
13126
12335
11201
10121
6883
2561
-172
-176
-166
-2810
-5604
-5454
-3126
-2363
-2884
-2265
-933
-1431
-3895
-4370
-2562
-2186
-5081
-7686
-5776
-2653
-2275
-2608
-52
3760
4620
4435
7066
10610
9871
6442
5652
7178
6192
2166
146
455
-393
-3117
-3688
-1616
-1170
-3267
-4207
-2102
-793
-2525
-4309
-3914
-3563
-5408
-7010
-6402
-5529
-6385
-7571
-6427
-4335
-3640
-4233
-3595
-2008
-1853
-3491
-4706
-4501
-250
5819
7950
7189
6695
12807
19102
19149
15360
14057
15202
12060
5817
1759
2880
446
-7090
-12487
-10662
-5323
-6192
-9659
-9195
-4961
-2665
-4133
-4043
-2240
-1869
-5504
-8147
-7183
-4891
-4516
-6375
-5777
-3297
275
3693
6656
8964
10225
11642
12749
12963
11798
10563
8788
4990
1042
-898
-350
-1132
-4281
-6209
-4687
-2304
-2344
-2786
-1627
-400
-1989
-4513
-3974
-2115
-3115
-6818
-7788
-4638
-2331
-2817
-2208
1654
4653
4720
5244
8813
11008
8583
5631
5843
6742
4120
471
-289
114
-1603
-3686
-2874
-830
-1374
-3514
-3140
-1014
-1012
-3214
-4291
-3608
-4172
-6341
-7238
-6118
-5673
-6883
-7228
-5332
-3415
-3351
-3628
-2404
-1116
-1721
-3506
-4215
-4529
-2871
2905
6821
7316
5629
9613
17701
19986
16552
13836
15516
13917
7464
1627
2231
1864
-5582
-12450
-12239
-6157
-5519
-9399
-9279
-4953
-1986
-3651
-3847
-1616
-727
-4420
-8000
-7229
-5369
-5120
-6901
-6505
-4048
-1185
2191
5932
8993
10073
11245
12778
13327
12097
10379
9042
5734
1331
-1503
-1065
-882
-3721
-6079
-4842
-1942
-1636
-2340
-1126
597
-677
-3939
-4432
-2755
-3078
-6609
-8154
-5753
-3353
-3030
-2442
1428
4929
5459
5596
8573
11136
9583
6211
5371
6089
3774
271
-1032
-447
-1467
-3617
-3118
-656
-194
-2044
-2334
-591
-333
-2468
-4020
-3762
-4286
-6495
-7829
-6801
-5907
-6609
-6983
-5189
-3009
-2657
-2794
-1800
-395
-1038
-2838
-4013
-4592
-5639
-1757
4639
7258
5706
5444
13700
20236
19196
14783
15136
16362
11456
3931
1251
3232
-1488
-10270
-13905
-9402
-4898
-7788
-9650
-6581
-2149
-2096
-3536
-1748
-25
-2002
-6882
-7997
-6668
-5867
-6864
-7515
-5751
-3470
-51
4175
8179
9989
10687
12473
13544
12825
10764
9651
7528
2764
-1498
-2231
-888
-2378
-5410
-5597
-2475
-690
-1436
-894
1099
1077
-2382
-4702
-3763
-3354
-6023
-9331
-8683
-5587
-3754
-3067
-624
3633
6109
6592
8094
11406
11937
8530
5575
5477
4972
1316
-1883
-2068
-1715
-3249
-4025
-1792
540
-131
-1660
-588
1052
-121
-3011
-4147
-4019
-5747
-8151
-8380
-6991
-6970
-7888
-6742
-3835
-2045
-2255
-1948
-183
583
-1084
-2792
-3541
-4812
-7057
-3127
4091
6859
4844
4789
13729
20470
19188
14925
15832
16983
11171
3318
903
2870
-2387
-11235
-14316
-9622
-5330
-7898
-8733
-5185
-1194
-1615
-2568
-542
513
-2250
-7011
-8132
-7409
-7126
-7664
-7455
-5687
-3841
-168
4834
9009
10447
11182
13155
13825
12158
9739
8901
6633
1333
-2989
-3058
-1275
-2603
-5168
-4512
-1138
497
-440
332
2409
1684
-2602
-5313
-4225
-4195
-7182
-10015
-9224
-6667
-4797
-2664
849
4509
6381
7587
9649
11919
11620
8685
5901
4438
3062
511
-1812
-2605
-2930
-3561
-3135
-1008
811
643
-232
272
1006
-74
-2317
-3895
-4946
-6800
-8461
-8248
-7086
-6921
-7269
-5934
-3207
-1438
-1175
-702
302
569
-1007
-2553
-3620
-5299
-8055
-7382
257
5686
6033
4479
9856
18812
20855
17483
15453
17057
13620
5673
106
622
-598
-8278
-13691
-12382
-6508
-5256
-6711
-4856
-1196
462
-1017
-801
13
-1330
-5756
-9390
-9934
-9462
-8510
-8036
-6639
-4520
-1004
4174
8724
11233
11948
13145
13529
11687
8994
7491
6094
1703
-3135
-4355
-2248
-1359
-2779
-2691
-44
2308
1916
1635
2956
2521
-1511
-5970
-6947
-6637
-8606
-10832
-10250
-7677
-5334
-2402
1866
6007
7998
8745
10324
11584
10867
7971
4837
2380
247
-1660
-2757
-2883
-2595
-2195
-1212
959
2880
3329
2622
1615
764
-751
-3025
-5179
-6873
-8409
-9429
-9156
-7832
-6417
-5473
-4007
-1839
-12
706
709
643
-68
-1669
-3511
-4977
-6977
-9160
-10649
-5310
3484
7294
6952
7863
16317
22718
21428
16922
15922
15209
8101
-110
-3297
-1399
-4957
-12097
-14001
-8781
-2557
-2713
-2848
-239
2719
1684
-1043
-1299
-2008
-5447
-11152
-13596
-12605
-10539
-8772
-7232
-4164
-509
4367
9284
12670
13623
13202
12773
10755
7484
4734
3506
1227
-3087
-5475
-3431
141
1121
657
2212
5020
5369
3254
2362
2098
-1210
-7110
-10903
-10431
-9893
-11477
-11670
-8326
-4360
-1263
2409
7436
10581
9960
9093
9919
9758
6568
2591
215
-1136
-2932
-3465
-1864
-112
381
870
3026
5404
5508
3689
1790
127
-2299
-5242
-7126
-7990
-9069
-9964
-9186
-6652
-4172
-2883
-1889
-341
892
920
193
-639
-1688
-3692
-5438
-6504
-6988
-8211
-9206
-9195
-3907
5554
10559
11282
10610
16035
21742
20658
15256
11585
10551
4914
-2422
-5940
-3175
-2936
-7880
-10042
-5719
1610
2490
590
633
2005
547
-4105
-6232
-6826
-8673
-13239
-15581
-13285
-8947
-5369
-3140
164
3661
7201
10282
12136
12134
10213
8004
5422
2637
870
742
717
-1027
-2090
336
4627
6641
5816
5310
5745
4730
1164
-1791
-3019
-5584
-10404
-13811
-12592
-9620
-8642
-7716
-4207
142
2665
4754
8237
10231
8441
5201
4681
5115
2948
-433
-1702
-743
-672
-551
1564
4427
5091
3881
4106
5257
4510
1110
-2009
-3658
-5346
-7465
-8493
-7567
-6884
-6757
-5831
-3211
-724
-241
-704
-765
-515
-1296
-2797
-3838
-4457
-5440
-6425
-6171
-5315
-4830
-5350
-5113
-4476
672
8394
11716
10772
8675
12771
17131
15872
10547
7702
7908
3992
-1602
-3430
930
1457
-3597
-6503
-2862
3179
1962
-1681
-2800
-1667
-3518
-8134
-8965
-7525
-7808
-11452
-12547
-8826
-3969
-1337
-422
1653
3690
5515
6826
7830
7793
6041
4350
3041
2250
2335
3476
4211
3131
2031
3611
6631
7063
4566
2488
1957
519
-2966
-5148
-4994
-5953
-9233
-11366
-8673
-4977
-4070
-4798
-3344
592
2246
1978
3338
5935
5502
2286
1610
4256
5507
2811
1042
2715
4186
3243
2548
4483
4990
2290
65
1063
2038
-533
-3841
-4180
-3293
-4490
-5943
-5018
-3301
-3850
-5333
-4120
-1614
-1458
-3262
-3648
-2262
-2126
-3354
-3532
-2267
-2154
-3455
-3763
-2296
-1665
-3026
-4491
-4581
-4941
-4891
1695
8625
10244
6733
7201
14882
18242
14202
8525
9067
8480
1822
-4107
-1969
2767
-1528
-7942
-7255
665
3850
-399
-2452
-711
-169
-5249
-8442
-6594
-5660
-9638
-13682
-11368
-6189
-2802
-1814
300
3099
4483
5878
7733
8944
7184
4203
2857
2255
1598
1884
3370
3681
1928
1888
5282
8315
6873
3585
2382
1851
-1103
-4866
-5319
-4854
-7516
-11320
-10571
-5646
-2894
-3678
-3580
-558
2191
2153
1655
3838
5174
2807
193
1448
4625
4388
1983
2022
4667
5322
3792
3838
5529
4596
564
-954
426
531
-2851
-5223
-4127
-3176
-4143
-4822
-3079
-1909
-3275
-4493
-2914
-1151
-2325
-4216
-3996
-2516
-2688
-3698
-2894
-1317
-1368
-2596
-2193
-742
-674
-2699
-3848
-4046
-4661
-6644
-4370
4382
9162
8010
5468
10036
17068
16504
11034
7762
8838
5239
-1636
-4206
-3
1506
-4133
-7040
-3073
3682
3383
-396
-1038
-432
-2454
-7327
-8474
-7117
-8006
-11662
-12580
-8443
-3616
-751
672
2697
4295
5279
6407
6754
5943
3436
1379
633
225
762
2682
4698
4525
3740
5445
8446
8627
5237
2357
1018
-1023
-4700
-6907
-5950
-5804
-8081
-9184
-5867
-1360
-485
-1664
-1171
477
-126
-943
-234
1057
1263
-217
507
3325
5816
5905
5253
6070
6583
5735
4144
3524
2408
94
-2350
-2764
-1449
-1580
-2531
-2747
-1342
-801
-1517
-1641
-1461
-2391
-4567
-5395
-4580
-4120
-4906
-5148
-3670
-2038
-1400
-943
327
1010
19
-1128
-1190
-1147
-2633
-4225
-4824
-4697
-5720
-6553
-6409
-1259
6747
9951
9322
8085
11769
15583
13662
8452
4951
4893
1573
-3338
-4412
320
2368
-1295
-3193
176
5748
4547
-97
-2483
-2624
-4540
-9602
-10981
-8728
-7489
-9630
-9971
-5305
460
2979
2363
2788
3953
4066
2771
1578
1741
981
-464
-770
946
4040
6433
7383
7143
6756
7040
7045
5356
2088
-728
-2838
-4510
-5870
-5648
-3836
-2982
-3585
-3852
-1719
686
134
-2110
-3380
-3442
-4470
-5641
-5200
-1924
1376
2494
4254
7361
10490
10343
8530
7365
5861
2890
-675
-1920
-1952
-2820
-4136
-3019
117
1965
2125
2100
2900
1899
-902
-3178
-4359
-5711
-8197
-9069
-7440
-4978
-3375
-2069
265
2378
2673
1836
1480
905
-1035
-3529
-4597
-4468
-4595
-5054
-4222
-2644
-1693
-2169
-2340
-2202
-13
5648
8624
7843
4895
5469
9878
10619
7265
3783
4868
4880
1196
-1197
1973
5503
1970
-2637
-2402
2590
3149
-2032
-4870
-3908
-3232
-7222
-9361
-6287
-3421
-5423
-8229
-5554
-428
1633
-262
-826
1136
1910
917
336
2418
3574
2103
1092
2636
5262
6341
5996
5549
5015
4414
3965
3564
2503
707
-1143
-2088
-2437
-2526
-1976
-1574
-2443
-3845
-3985
-2493
-2085
-3308
-4445
-4284
-3777
-3714
-3132
-876
3078
4686
4167
4915
7005
7901
5725
3753
3125
2156
212
-936
208
1287
476
-539
1055
2856
2383
771
-135
-627
-2628
-4470
-4891
-4677
-5034
-5753
-4928
-2694
-834
-378
-269
246
260
-645
-1560
-1595
-1853
-2711
-3336
-2769
-1469
-887
-1111
-1331
-794
-1111
-2527
-4276
-5134
-5747
-2080
4063
7020
6554
5410
8927
13085
12122
7672
4838
5233
2533
-2214
-3146
1541
3350
-407
-2574
722
5651
3918
-895
-2557
-2084
-4302
-9635
-10333
-6610
-4805
-7520
-8154
-3227
2070
2906
895
1284
2594
1539
-1023
-1556
1000
1557
-137
-186
3173
6887
8017
7572
7254
6899
5300
3140
1676
692
-782
-3166
-4009
-2986
-1319
-105
97
-279
-1075
-1524
-1790
-2778
-4277
-5659
-6438
-6417
-5382
-3404
-868
1276
4260
6423
7458
8356
8209
7204
4906
2512
1001
179
-440
-799
-122
1024
1721
1936
2876
3033
1617
-103
-1784
-2923
-4289
-5263
-5611
-5464
-4520
-3424
-2175
-790
237
318
-46
-569
-1146
-1693
-2375
-2752
-2693
-1998
-906
-222
301
670
425
-358
-1132
-2365
-3808
-5699
-6706
-7506
-3685
4233
8661
8615
6809
8858
12655
11808
6882
2739
2299
578
-3450
-4166
1211
5391
3391
767
2027
6413
5901
353
-3809
-5027
-6050
-9965
-11347
-7422
-3328
-3428
-4699
-2002
2823
4873
2096
-695
-1167
-1494
-3030
-4239
-1704
1712
2524
2443
4353
8344
10483
9169
6197
4005
2673
732
-1136
-1569
-731
-821
-1348
-424
1716
3548
2819
139
-2309
-3747
-4680
-5998
-6758
-6443
-5853
-5041
-3119
93
3035
4582
5187
5387
5227
4415
3253
2144
1469
951
696
1493
3135
4305
4528
4133
3411
2466
1371
-181
-1930
-3193
-3884
-4160
-3729
-2576
-1543
-1169
-1020
-960
-980
-1210
-1761
-2650
-3262
-3279
-2832
-2014
-843
347
1075
1523
1697
1411
786
-420
-1894
-3306
-3916
-4149
-4070
-3969
-3528
-3831
-3911
-4390
-2041
4813
8994
8036
4203
3799
7537
8480
5256
2188
2599
3419
1195
262
4135
8263
6027
1605
-189
2318
2899
-1123
-4661
-5704
-5471
-6684
-7446
-4510
-1463
-1468
-3686
-3820
-1849
27
-941
-3015
-3636
-3185
-2099
-1153
827
3703
4686
4434
3995
5055
6411
6245
4050
1866
1123
1436
1726
1840
2517
2714
1649
733
381
782
219
-2069
-4393
-5474
-5131
-4431
-3923
-3097
-2576
-2442
-2049
-1175
-176
47
-20
334
966
1269
3110
5868
6674
5445
4137
4525
4820
3410
1823
927
151
-1121
-1451
7
1165
402
-513
-65
63
-584
-1515
-2349
-3318
-4649
-4688
-3772
-2647
-1942
-1626
-1059
-387
-10
44
-30
-427
-1227
-1632
-1339
-654
-333
-262
-394
-618
-810
-1266
-1883
-2436
-3397
-4407
-5759
-5869
-6116
-3115
4101
8970
8978
5958
5838
8855
9147
5091
1254
962
1320
-597
-802
3768
8036
6286
2638
1473
3319
2516
-2004
-5244
-6032
-6540
-7806
-7458
-3453
-306
-935
-2753
-1966
-650
-728
-2669
-3926
-3795
-3836
-3231
-1176
2277
5161
5206
4780
5223
5689
4989
3618
2297
1221
398
450
1710
3319
4284
3854
2511
1884
1115
-64
-1817
-3729
-5202
-5882
-5536
-4212
-2814
-1659
-1161
-1456
-1585
-1283
-1388
-1552
-2014
-1828
-651
1021
2723
4543
7345
8497
7081
5140
4284
3584
1724
-50
-873
-906
-821
-185
1394
2332
1758
212
-430
-1011
-2519
-3727
-4357
-4509
-4752
-4100
-2440
-875
-142
-279
-412
-454
-541
-1112
-1710
-1650
-1395
-846
-74
1192
2062
1883
1196
351
-414
-1614
-2781
-3741
-4143
-4069
-4331
-4368
-4293
-3922
-3863
504
6308
8244
5636
2591
3602
6240
5351
2316
1332
3083
3087
1390
2657
7104
7865
3645
222
216
1459
-753
-3818
-4085
-3256
-3890
-5252
-3461
181
327
-2961
-4539
-3059
-2469
-3561
-4523
-3081
-1546
-1599
-1178
1350
4493
4962
2808
2081
2864
3086
2124
1777
2344
2695
2252
2421
3831
4819
4031
1880
215
-206
-1136
-2072
-2507
-2661
-2953
-3037
-2470
-1275
-755
-1356
-2382
-3088
-3149
-3069
-3098
-2424
-1633
-992
-147
971
2850
5043
7327
7791
6092
4126
3087
2610
1853
1066
495
197
165
918
2035
2281
1225
-384
-1295
-1688
-2287
-2770
-2833
-3008
-3203
-2861
-1886
-1122
-1065
-1428
-1747
-1828
-1556
-1293
-1178
-685
-108
499
1182
1814
2168
1856
1159
282
-613
-1262
-1938
-2554
-2836
-2660
-2618
-2635
-2839
-3125
-3978
-5018
-6104
-4934
847
6052
6600
3874
2971
5545
7072
4798
2526
2566
3089
1377
641
4129
8277
6964
2910
1312
2630
2252
-1339
-3606
-2933
-2978
-4909
-5444
-2024
1118
-307
-3738
-4016
-2374
-2668
-4728
-5112
-3157
-2193
-2734
-1656
1723
4586
3947
1910
1981
3012
2720
1509
1607
2819
3135
2405
2902
4781
5456
3949
1610
515
357
-796
-2071
-2424
-2096
-2174
-2554
-2099
-1081
-886
-2160
-3519
-3794
-3476
-3594
-3608
-2638
-1436
-526
167
1133
2511
2915
2878
3924
5947
7078
5838
3979
3271
3046
2342
1562
1242
962
316
-424
-94
490
67
-1074
-2095
-2095
-2024
-2314
-2648
-2770
-2770
-2918
-2919
-2481
-1723
-1422
-1516
-1460
-966
-263
-148
-20
380
746
998
1118
1332
1700
1507
869
207
-382
-768
-1357
-2118
-2595
-2796
-3047
-3231
-3390
-3604
-4162
-5020
-5501
-5646
-2008
3476
6226
5481
3167
2984
5151
5286
3404
2310
2776
2930
2444
3284
6470
8283
6136
2677
1033
1635
757
-2137
-3598
-3249
-2852
-3216
-3434
-1578
-61
-1378
-4037
-5044
-4657
-4416
-5149
-5155
-3540
-1959
-1112
-71
1538
3139
2782
1470
818
1150
1726
1942
2082
3010
3971
4286
4578
4728
4395
3348
1502
239
-438
-877
-1127
-1379
-1411
-1275
-1360
-1342
-1632
-2270
-3013
-3737
-4095
-3914
-3354
-2571
-1609
-1063
-413
152
635
842
922
705
1498
4450
6406
6575
5372
3525
2924
2600
2037
1549
572
-629
-904
-407
362
774
176
-909
-1640
-1800
-2000
-2595
-3257
-3681
-3427
-2908
-2261
-1615
-1258
-993
-750
-528
-456
-341
-163
2
336
801
1431
1830
1916
1918
1624
937
87
-790
-1456
-1841
-1949
-2073
-2284
-2377
-2446
-2576
-2872
-3198
-3828
-4601
-5384
-5701
-5445
-2452
2189
5818
7290
5530
3866
3694
3516
3760
3409
2728
2485
2485
3412
5234
5976
4789
2676
502
-395
-1397
-2776
-3457
-3661
-3032
-2339
-1929
-1433
-1555
-2142
-2775
-3365
-3842
-4188
-4170
-3405
-1921
-397
854
1728
2187
2482
2312
1919
1436
1068
1073
1393
2172
2843
3371
3519
3349
3018
2146
1114
-168
-1117
-1575
-1652
-1386
-1219
-1135
-1193
-1255
-1417
-1815
-2379
-2963
-3306
-3160
-2555
-1668
-906
-203
409
863
1046
971
794
568
526
636
1809
3376
5101
5951
5636
4220
2131
441
-699
-1111
-1324
-1214
-980
-612
16
276
66
-571
-1331
-1916
-2315
-2518
-2480
-2350
-1976
-1256
-378
154
156
-166
-435
-639
-656
-549
-460
-275
69
537
1218
1703
1732
1260
502
-153
-818
-1362
-1720
-1813
-1606
-1240
-916
-756
-909
-1397
-1870
-2312
-2588
-2662
-2575
-2302
-1889
-1611
-1471
-1618
-1131
121
2269
4077
4763
4157
2583
1116
89
99
499
1199
1945
2625
3163
3140
2410
1050
-428
-1387
-1768
-1452
-1132
-814
-557
-397
-311
-354
-460
-643
-996
-1100
-888
-456
-56
265
459
666
779
856
806
530
197
-218
-469
-503
-381
-223
-169
-11
235
471
564
372
81
-290
-588
-541
-336
-33
268
397
434
426
354
134
-54
-376
-575
-630
-567
-302
-87
77
37
-47
-101
-138
-225
-435
-609
-599
-394
-128
44
219
293
245
141
-24
-21
-50
-134
-93
56
183
264
322
311
279
300
205
160
142
115
108
63
135
248
335
290
89
0
-34
-7
-77
-185
-127
-52
-19
-15
42
112
164
93
-22
-33
-56
-64
-189
-223
-184
-213
-289
-278
-181
-188
-283
-368
-341
-266
-286
-330
-293
-271
-286
-324
-343
-258
-182
-307
-353
-258
-180
-154
-106
5
76
158
88
74
143
114
27
30
-47
-101
-80
-14
123
136
98
15
44
-25
-60
-178
-247
-145
-116
-68
-57
-74
-45
-9
-9
-26
-41
-73
-104
-33
109
163
197
208
136
150
105
4
-26
-87
-101
-64
-72
13
88
154
87
-4
-73
-195
-257
-252
-206
-139
-75
-66
12
92
73
-3
-21
-74
-110
-102
-84
-24
-34
32
97
115
194
180
123
49
-100
-122
-111
-99
-68
-103
-98
4
8
34
-38
-84
-113
-137
-200
-200
-98
-31
-15
-18
1
-18
-61
-97
-152
-88
-67
-169
-168
-156
-116
-118
-93
23
-35
-72
-43
-27
8
-51
-63
-44
-91
-142
-135
-122
-89
-76
-62
-158
-185
-181
-177
-102
-65
-81
-90
8
23
-8
-19
-28
-62
-106
-79
-35
5
-46
-125
-109
1
34
3
-21
58
45
14
0
-3
63
25
-35
-123
-150
-223
-193
-138
-134
-136
-156
-130
-13
61
36
-11
-126
-174
-145
-96
-128
-118
-110
-84
7
52
108
119
51
-55
-113
-109
-126
-102
-187
-133
-38
-22
77
175
218
157
-21
206
863
1578
1704
1355
445
-720
-1672
-2222
-2094
-1630
-690
349
1172
1475
1190
508
-266
-907
-1085
-913
-401
145
556
826
771
451
-37
-476
-731
-740
-528
-100
328
593
643
347
24
-304
-655
-741
-639
-256
176
363
396
383
325
25
-313
-472
-502
-272
17
284
381
399
316
156
39
-115
-360
-475
-299
-76
92
161
205
174
104
-16
-164
-249
-310
-303
-194
32
307
426
387
273
119
45
-157
-287
-172
-81
21
73
230
299
233
77
-95
-171
-282
-329
-349
-154
32
115
109
4
-29
-54
-22
-130
-175
-154
-84
-71
-102
-31
136
167
81
73
-6
-33
-122
-131
-195
-202
-150
-51
65
85
-56
-291
-317
-289
-164
-43
35
56
15
54
-28
-124
-40
-38
-151
-126
14
185
262
260
241
201
135
46
14
19
-9
-33
149
254
66
-63
-4
28
30
-8
-183
-251
-175
-137
-135
-40
14
147
154
92
40
-33
65
119
73
-18
-19
75
77
94
176
169
106
120
173
56
62
163
160
124
142
138
7
53
72
-56
-44
55
168
116
73
35
92
127
158
140
78
-38
-133
-177
-131
25
221
352
166
5
-61
-183
-251
-154
36
214
265
286
258
168
102
-82
-57
141
166
78
157
182
66
13
69
213
231
-10
-186
-179
109
262
276
245
115
59
54
44
41
-2
-124
-50
197
271
154
33
11
39
88
167
236
236
113
35
25
39
169
274
250
252
126
-43
-184
-31
207
241
303
309
-55
-304
-18
378
207
-211
-305
-122
206
360
266
-26
-80
29
113
266
286
167
215
392
446
354
219
226
256
181
168
179
84
26
174
290
317
183
83
-206
-481
-390
-247
-163
-86
115
425
683
545
505
524
755
1619
2686
2410
1080
-107
-1036
-1306
-619
376
551
287
-316
-943
-1287
-1212
-764
-36
609
805
538
-2
-563
-734
-329
293
654
568
283
106
78
73
245
611
671
329
105
23
-92
-287
-375
-188
71
199
187
74
-76
-190
-211
-98
45
95
57
-3
127
420
495
440
127
-142
-121
97
200
30
-111
26
311
293
219
310
462
351
55
-299
-332
119
560
488
90
-115
-115
12
273
366
79
-290
-273
120
217
128
193
201
-79
-433
-409
-205
6
46
-12
-102
-254
-134
-53
-175
-219
-267
-335
-306
-140
-65
-227
-195
-64
-6
-69
-135
-146
-197
-163
168
380
-12
-273
-171
-135
-156
-71
-5
-81
-106
14
158
309
250
10
90
262
304
33
-91
21
176
354
538
572
405
224
166
248
264
143
88
109
185
421
436
366
342
196
96
66
-25
-194
-140
33
267
419
279
94
-84
-172
-130
-61
79
261
327
219
82
54
28
130
228
224
185
134
116
196
376
326
236
236
278
205
119
172
283
359
313
176
-19
15
153
157
49
-55
4
3
-34
2
12
-55
-62
-51
-60
-83
-62
53
181
209
21
-74
-37
21
-67
-60
-8
-22
202
331
237
-5
-57
62
-109
-268
-412
-224
135
186
130
49
-8
126
252
208
-46
-230
-183
-23
98
195
381
539
569
385
84
-133
-189
-34
151
203
249
267
290
263
224
77
-98
-221
-226
-145
-103
29
66
125
195
197
199
122
54
83
171
181
22
-80
-13
197
314
306
259
134
39
55
178
184
114
-97
-166
-57
160
155
-11
-53
-65
-64
-12
-17
-27
-36
48
198
240
227
212
354
368
310
271
89
-33
-1
126
242
336
214
19
-6
32
74
-36
-222
-310
-241
-118
5
139
182
87
10
-8
-36
-68
-78
17
66
167
289
322
392
337
253
91
18
-21
-64
-64
-13
-27
10
50
82
103
48
-38
5
143
-11
-167
-178
-110
36
93
62
72
187
333
261
144
-10
-95
-9
90
263
234
215
236
292
264
193
226
127
-66
-208
-66
-10
50
130
206
220
59
-61
-63
-2
62
34
-47
-54
24
80
143
169
133
134
96
127
94
33
8
14
170
247
259
185
76
140
201
129
-17
5
19
-94
-131
-49
64
183
202
225
175
-27
-137
-203
-182
-88
-44
103
195
222
260
162
116
124
99
-38
4
89
166
239
302
356
262
82
-9
4
21
34
-3
-12
32
139
206
270
249
133
54
-57
-100
-10
-32
-54
-52
89
215
227
294
268
191
67
-40
-26
-21
15
111
273
411
352
262
154
70
58
117
75
3
25
98
189
237
167
176
215
28
-89
-195
-173
-38
35
80
198
245
199
74
40
56
13
27
104
181
211
183
171
251
294
188
58
80
-14
-115
-136
-88
20
61
17
-8
4
47
9
-37
-46
-121
-98
-147
-200
-157
-32
90
150
192
182
160
157
89
51
52
9
35
71
89
113
99
134
166
124
55
-29
-114
-56
-117
-192
-200
-125
0
28
14
-18
-6
-89
-170
-179
-67
20
124
152
162
208
170
85
72
142
70
28
113
101
123
169
199
185
97
80
43
-11
-4
-55
-9
135
138
122
95
65
18
7
23
-15
40
11
3
106
168
215
153
148
52
76
50
41
53
45
75
87
182
130
79
43
20
-9
36
-5
-33
-23
-65
33
101
79
81
73
21
-52
-86
-116
-98
12
101
196
144
75
37
-1
-19
31
-36
-66
-27
10
62
105
141
120
98
22
23
43
3
-4
12
69
85
76
136
120
128
122
45
17
27
-15
-51
-22
46
158
223
223
234
164
63
-25
-100
-51
-60
-47
29
71
133
109
100
120
112
15
-157
-148
-57
33
70
94
185
205
193
178
179
221
152
79
56
63
61
79
72
68
106
147
193
165
127
47
-20
32
-66
-24
12
-1
2
38
91
42
126
90
67
78
74
115
126
169
214
198
71
99
114
66
32
25
51
47
124
97
19
72
95
82
30
123
74
-14
8
14
38
-17
9
13
9
27
26
43
21
32
45
83
19
89
133
104
92
73
39
92
88
32
35
40
64
30
77
117
138
115
28
-3
3
52
-8
63
107
201
218
244
266
242
176
122
134
98
35
25
-5
36
100
130
173
130
165
167
172
101
162
85
90
125
68
102
73
108
149
167
157
113
73
50
58
51
-19
-51
32
49
71
119
149
150
75
116
113
78
90
141
106
133
182
126
194
231
153
118
109
133
107
128
158
148
198
203
180
180
166
95
96
129
32
68
87
58
82
92
97
96
117
108
146
149
82
77
52
45
92
111
119
130
174
147
162
137
111
50
35
103
84
120
200
230
217
185
104
53
21
9
-37
-88
-61
23
4
13
56
109
136
121
74
26
39
45
53
53
77
116
99
133
199
187
156
122
135
121
150
95
106
175
153
182
210
145
87
117
119
74
89
79
38
35
66
141
147
144
155
142
78
57
-2
-58
-72
-53
-14
-8
-5
32
109
127
116
148
122
131
106
38
45
38
52
98
112
98
166
157
144
143
145
91
131
119
87
76
51
104
89
48
63
97
139
96
69
77
41
51
44
-1
67
192
197
137
152
159
130
65
123
139
115
163
169
143
145
128
82
141
144
94
93
121
103
83
112
153
181
170
167
184
130
145
125
118
122
154
151
116
127
112
170
200
181
139
173
140
167
140
97
91
145
195
162
155
145
169
98
184
162
145
153
97
128
161
152
160
154
134
120
58
109
159
139
88
108
114
132
162
186
179
127
125
85
62
53
85
101
116
167
176
125
193
174
167
187
158
213
175
191
188
140
131
151
131
94
36
76
123
97
164
141
125
92
104
107
22
47
64
50
68
78
101
142
168
171
134
166
142
156
131
77
79
85
153
151
191
191
187
192
152
187
169
132
181
171
127
126
95
135
96
120
121
98
103
57
62
67
113
121
85
111
86
71
67
53
111
124
164
153
119
174
136
144
188
153
159
124
134
130
130
151
103
123
107
63
81
95
67
91
129
135
83
66
74
19
41
85
79
120
153
154
158
149
137
135
52
102
90
80
110
119
106
78
109
110
132
134
177
216
219
201
189
94
100
114
22
53
39
69
76
55
50
53
52
62
89
92
71
49
23
38
35
12
41
28
83
82
105
93
103
136
136
154
143
188
176
154
108
93
110
142
78
50
78
138
54
49
96
92
91
70
45
80
87
41
108
171
158
80
22
42
63
96
177
178
145
118
151
93
123
122
131
145
43
70
70
45
56
78
68
51
33
-1
67
52
-9
25
-18
0
25
41
44
54
74
34
114
147
140
158
141
123
136
99
55
118
53
29
-1
19
34
38
1
-13
40
-3
34
22
-67
-27
44
14
-14
-21
14
24
14
8
-57
-75
-95
-43
-33
-15
16
78
84
102
149
52
55
27
-32
-46
-49
-44
19
-13
-15
2
20
59
29
41
-20
-65
-67
-71
-68
-32
-2
32
57
56
16
-54
39
33
-3
-22
-26
12
-12
-44
-10
-7
13
17
51
60
42
47
40
91
53
8
29
29
8
-36
11
65
16
-37
-24
-11
20
14
89
42
38
34
-4
24
4
12
-66
-86
-124
-86
-81
-85
-18
-41
-22
31
51
-16
-64
-121
-123
-61
-65
-79
-108
-99
-43
14
18
-24
-45
-15
-13
-3
4
4
-17
-65
-29
1
-26
-46
-31
-77
-99
-106
-63
-62
-89
-82
-74
-126
-79
-14
-35
-2
72
31
-36
-59
-108
-52
-90
-98
-103
-144
-91
-28
-55
-80
-84
-120
-54
-75
-107
-91
-7
-41
-72
-58
-52
-56
-86
-57
-41
-59
-61
-22
-32
-83
-120
-112
-133
-112
-163
-62
-57
-64
-13
-37
-41
-61
-7
-9
-31
-96
-21
-43
-45
-26
-65
16
60
48
0
33
21
-22
6
-17
-55
-66
-51
-27
-57
-68
-89
-48
-96
-118
-106
-90
-81
-102
-15
-61
-83
-57
-48
-52
-73
-61
-7
-14
-44
-93
-62
-28
1
-16
-9
-33
-52
-16
-33
-99
-104
-57
-64
-59
-99
-108
-40
-19
-44
-77
-58
-29
-17
-43
-92
-67
-30
-6
-15
-72
-68
45
-3
3
-43
-55
-9
-39
-17
-45
-36
-69
-57
-78
-98
-109
-115
-178
-112
-37
-57
-59
-101
-122
-118
-97
-65
-65
-74
-100
-103
5
7
-12
-8
-19
-38
-62
-52
-7
6
-50
-76
-66
-79
-14
-12
-64
-75
-66
-48
-100
-84
-111
-104
-30
10
-9
14
11
-28
-43
-96
-70
-82
-52
-57
-53
-24
-23
-27
10
-60
-45
19
-50
-10
-17
1
-67
-61
-18
-28
-51
-37
-4
7
-57
-71
-78
-70
-25
-62
-28
-21
-5
-31
-74
-59
-55
-59
-67
-88
-39
-56
-102
-79
-35
-12
-83
-84
-91
-89
-69
-65
-43
-82
-75
-23
-46
-40
-89
-79
-102
-89
-60
-7
-56
-115
-93
-120
-80
-67
-67
-103
-78
-39
-40
-50
-28
-70
-32
-77
-76
-47
-94
-60
-55
-64
-35
-25
-62
-54
-21
-52
-86
-90
-6
-33
-109
-114
-62
-110
-92
-72
-76
-41
-51
-65
-35
21
-21
-67
-94
-41
-73
-105
-65
-103
-92
-102
-122
-76
-99
-117
-113
-99
-110
-130
-90
-33
-8
-37
-90
-96
-98
-77
-85
-118
-106
-62
-31
-79
-85
-13
11
-58
-64
-52
-56
-45
-95
-56
-110
-74
-44
-45
-67
-82
-90
-100
-88
-98
-133
-151
-102
-125
-144
-198
-161
-174
-171
-144
-98
-70
-97
-115
-85
-49
-66
-150
-143
-90
-140
-99
-105
-139
-148
-113
-144
-155
-170
-230
-282
-215
-257
-314
-262
-235
-222
-212
-225
-208
-204
-268
-303
-285
-258
-265
-220
-228
-227
-222
-216
-212
-205
-189
-125
-130
-117
-168
-148
-137
-213
-242
-195
-135
-201
-186
-232
-187
-166
-113
-93
-137
-107
-90
-136
-229
-162
-179
-143
-118
-157
-161
-165
-174
-164
-111
-107
-98
-144
-92
-83
-99
-30
-95
-70
-5
-18
-7
15
36
39
42
79
85
116
83
100
75
85
47
8
3
-98
-83
-156
-159
-175
-239
-258
-241
-318
-336
-330
-315
-347
-308
-299
-315
-282
-302
-287
-285
-269
-247
-198
-194
-189
-177
-195
-211
-228
-239
-266
-204
-168
-231
-179
-211
-205
-152
-124
-142
-131
-57
-74
-19
-60
4
4
-20
