61
73
-4
-7
9
-12
-34
6
-46
-19
57
10
-27
-29
-45
-18
4
7
25
39
17
-10
15
2
8
43
78
48
8
-17
3
79
35
87
93
72
81
94
61
11
68
95
120
97
94
52
115
90
59
45
38
45
-5
47
1
15
79
138
108
120
79
72
66
80
115
79
74
65
80
110
152
91
49
89
29
21
105
79
42
53
77
136
115
101
79
58
13
2
77
42
18
-24
-54
-8
41
89
89
48
100
97
48
72
0
39
101
72
57
58
12
27
54
55
45
79
67
71
23
58
85
7
6
7
22
22
37
83
113
115
29
24
18
16
48
9
9
96
43
77
68
37
37
25
-17
-7
60
76
79
16
21
81
77
16
4
-45
-8
36
51
63
78
65
57
18
12
2
-25
69
57
33
63
56
69
21
-4
18
113
113
77
70
53
111
64
0
19
27
-11
15
26
46
-22
14
29
8
47
31
86
58
42
82
81
32
51
46
52
27
15
16
32
105
37
41
40
42
-36
21
21
-27
-9
14
38
-17
-11
27
52
42
79
61
57
28
4
42
42
-11
14
18
-27
-20
-5
21
49
0
1
50
15
42
74
35
-9
67
61
8
-14
-12
37
-16
28
48
81
88
19
4
25
50
50
21
-40
-2
22
6
37
38
101
93
133
127
140
149
93
158
105
130
50
2
37
29
53
-5
64
136
108
61
72
82
83
127
82
54
84
59
80
115
81
91
77
52
65
62
82
43
60
30
18
58
36
30
19
3
-27
61
14
37
75
27
6
25
37
-16
8
-1
14
23
54
49
70
17
-30
44
28
33
56
32
48
90
51
20
31
78
38
46
45
-5
-9
23
22
4
2
-6
85
41
-34
-27
3
52
73
59
62
48
36
34
11
47
22
44
39
71
104
53
11
48
-2
11
14
13
24
67
163
71
44
30
43
24
43
78
105
105
134
70
45
67
14
32
54
33
27
70
109
52
10
0
18
59
12
-37
-57
-13
-9
-7
14
33
27
52
56
64
18
-6
45
1
50
146
46
54
52
25
72
41
70
36
-45
22
25
10
14
35
17
-6
36
50
47
50
67
47
30
90
133
84
17
51
55
18
-42
-56
-13
2
-22
4
47
52
49
39
15
-27
-11
-5
-82
-18
-12
-27
-31
-18
38
-20
16
33
62
44
73
52
38
60
9
-8
4
25
28
18
82
103
106
63
29
54
28
30
-13
-24
32
-1
20
96
89
27
15
26
20
46
43
85
90
50
48
45
82
118
88
56
36
45
88
106
47
37
38
46
41
-2
10
37
74
43
54
82
74
85
64
71
62
-2
31
55
54
80
103
61
77
57
39
85
70
29
21
47
60
47
55
55
67
54
22
68
61
45
19
26
86
101
29
49
58
64
22
25
6
-32
34
-5
-10
-14
1
13
62
71
69
31
-30
-8
-38
17
15
31
28
44
47
-50
3
-38
-66
-28
27
60
45
67
62
77
10
-76
-10
14
-7
17
-6
-35
1
14
-41
-32
22
0
43
98
70
69
8
16
71
80
88
79
76
26
8
12
82
71
60
80
81
114
117
101
59
23
39
72
75
48
75
128
41
61
143
120
162
139
181
222
183
160
180
172
153
160
203
197
218
267
213
183
187
130
151
185
182
131
65
157
163
106
97
129
168
186
187
206
88
55
71
45
58
58
83
76
50
-23
13
70
44
105
61
29
31
42
22
-6
11
48
12
45
39
29
75
3
29
40
45
64
117
40
-7
37
-22
-21
-16
-45
-55
10
24
5
32
100
37
25
-15
-60
-120
-83
-55
-41
-67
-60
-74
-78
-9
-19
-29
-55
-93
-125
-127
-134
-50
-66
-100
-168
-117
-123
-132
-82
16
243
410
560
524
491
481
441
405
412
559
614
574
571
666
621
453
401
445
412
321
354
435
393
298
269
194
180
129
113
125
91
49
46
158
110
-20
15
-24
-71
10
137
221
149
72
92
49
64
127
106
110
194
307
316
217
172
214
272
204
257
205
172
116
105
146
65
147
138
119
109
235
239
186
125
144
165
79
91
119
84
-21
32
-9
-30
51
96
99
43
38
64
51
67
30
44
-19
-18
-15
-11
-60
-131
-154
-174
-213
-196
-106
-146
-134
-138
-112
-120
-182
-216
-200
-250
-309
-257
-281
-372
-389
-340
-368
-377
-379
-324
-370
-25
423
724
507
452
647
510
262
344
838
879
592
683
1016
953
572
550
823
596
357
596
911
894
492
411
501
303
127
228
272
131
0
93
307
197
-29
-134
-219
-235
-138
25
112
117
123
126
120
96
89
-53
-73
64
214
296
226
215
155
23
13
118
97
-70
35
131
183
209
284
467
362
249
220
362
247
297
429
486
497
442
461
425
347
282
345
364
328
304
371
374
278
197
207
167
25
134
250
332
257
241
243
210
115
115
165
84
30
120
241
191
104
120
127
69
-25
30
-8
-59
-30
-3
-55
-146
-166
-203
-163
-159
-167
-106
-42
-29
-110
-126
-68
-197
-287
-300
-186
-158
-201
-207
-248
-213
-281
-358
-358
-422
-143
429
812
716
416
539
573
313
194
625
1001
723
627
1057
1222
708
468
685
679
294
355
954
1030
625
380
540
369
117
85
265
167
-37
186
377
253
11
-62
-92
-225
-149
84
151
66
62
124
52
-66
-82
-128
-212
-123
145
232
199
107
73
31
-18
314
524
450
296
312
439
313
263
322
309
45
-39
278
321
99
101
227
188
109
249
358
246
109
162
261
113
22
211
198
85
77
204
192
32
-66
38
102
56
120
236
180
45
124
154
-23
-115
-38
-16
-113
-115
-31
-82
-166
-219
-204
-203
-207
-147
-119
-173
-134
-106
-208
-351
-272
-241
-437
-437
-212
-195
-393
-381
-312
-422
-578
-577
-373
-466
-100
457
793
378
203
381
433
157
202
766
878
566
687
1121
1049
569
563
801
706
509
772
1136
917
460
453
486
209
45
131
148
40
27
163
90
-164
-321
-289
-402
-452
-204
13
-14
-81
-56
-63
-122
-224
-175
-174
-191
-63
184
184
122
138
71
-96
-120
148
265
304
461
681
586
333
131
117
-27
-81
241
489
384
262
315
208
-67
-125
26
137
21
130
319
341
122
-4
88
-54
-159
-25
161
155
23
15
72
-47
-162
-18
22
46
74
220
248
130
-35
-135
-200
-199
-197
-192
-157
-172
-203
-232
-211
-246
-247
-227
-171
-130
-93
-200
-281
-212
-249
-438
-424
-230
-269
-394
-380
-355
-495
-479
-427
-551
-573
-645
-204
417
720
508
233
295
313
202
192
614
871
670
590
1028
1126
692
373
640
704
509
642
1014
1068
675
468
531
383
161
169
274
247
128
234
279
30
-260
-394
-442
-480
-271
-93
-2
-63
-72
-134
-212
-313
-280
-228
-244
-103
155
186
126
92
36
-114
-155
-17
169
142
299
594
672
483
338
362
179
-34
115
395
353
144
213
266
31
-95
20
114
-38
-5
317
323
77
83
176
-43
-195
-15
110
48
93
97
42
-24
-122
-209
-98
105
-82
-91
208
219
-203
-147
57
-280
-412
16
11
-366
-224
170
-214
-624
-66
135
-398
-539
291
195
-581
-471
101
-142
-804
-281
180
-189
-666
-313
-59
-451
-664
-356
-441
-636
-742
53
758
735
183
33
256
117
-53
273
833
768
391
643
1129
1042
504
421
699
746
631
989
1239
988
558
392
460
297
163
194
185
59
84
120
58
-134
-375
-563
-565
-328
-120
-92
-195
-189
-151
-155
-171
-130
-106
-217
-231
64
330
251
53
10
25
-116
-141
77
213
31
78
361
627
507
291
283
255
81
72
368
435
178
73
239
216
13
-59
-5
19
-43
144
254
310
193
-77
-124
-78
-47
-96
83
60
-75
46
31
-246
-294
-28
-86
-234
65
245
115
20
-68
-94
-3
-31
-241
15
161
-178
-287
230
-74
-466
-190
80
-255
-270
117
-26
-264
-260
61
-281
-263
10
-42
-311
-375
-119
-246
-518
-442
-331
-465
-790
-556
199
778
762
136
50
188
174
-83
344
792
744
449
785
1218
970
405
449
671
748
698
1060
1279
950
483
379
394
336
184
130
184
228
304
349
118
-108
-452
-614
-477
-133
61
68
6
107
30
-38
-12
-22
-116
-91
83
392
503
389
106
11
4
-15
45
251
309
146
163
248
537
706
492
193
266
328
317
398
498
398
126
87
421
349
6
-94
146
181
50
281
555
131
-193
111
103
-60
-2
52
-16
-72
41
-51
-18
-197
-136
143
64
-199
313
592
-186
-109
597
286
-510
-125
523
9
-499
67
464
80
-429
98
353
129
-320
215
338
1
-199
306
290
-181
-258
-3
132
-302
-311
-301
-125
-432
-469
-414
-407
-669
45
1125
1084
127
-22
379
240
-101
326
1056
892
315
793
1381
1130
340
368
666
632
682
1245
1398
949
489
465
443
320
246
308
239
276
374
399
95
-196
-378
-502
-364
-76
206
302
192
207
191
153
-3
42
64
93
262
480
668
469
67
36
245
136
48
325
539
335
201
306
797
693
478
507
554
381
344
765
731
358
138
194
451
319
103
140
292
10
235
537
380
-29
-80
110
-30
-22
185
-17
-284
-52
113
-1
-191
28
59
-196
4
124
251
181
360
205
-104
252
259
-34
76
451
317
-48
68
620
146
-356
-95
623
367
-239
39
470
60
-355
173
401
-349
-495
251
11
-712
-476
103
-293
-840
-503
-415
-392
456
1575
1213
-186
-154
465
486
-22
641
1402
946
435
1204
1729
967
-43
344
1076
1050
999
1671
1669
863
168
469
669
367
233
478
523
402
367
325
-18
-501
-737
-440
-13
358
463
319
64
-77
-32
-1
-23
-16
174
345
558
614
565
186
-198
-117
186
332
373
646
624
347
79
598
1087
719
174
443
926
656
401
736
822
180
-242
441
935
247
-277
239
550
-5
-117
603
689
-439
-555
265
345
-85
-481
302
-9
-367
-89
546
-135
-879
-77
516
-131
-131
421
466
-7
-178
84
537
516
-426
-507
214
414
-227
79
245
85
-204
28
65
-34
264
-118
-264
338
380
-498
-306
-17
-260
-1006
-96
128
-511
-1122
-567
-591
-725
696
2094
1539
-346
-157
744
652
-162
938
1907
1131
253
1516
2270
1056
-237
479
1272
1047
961
2087
2038
744
-53
578
716
228
71
465
403
179
210
351
-204
-917
-1122
-739
-140
228
341
280
-71
-162
-137
-10
-12
-50
109
356
652
778
606
323
-123
-109
256
508
709
919
710
303
149
857
1187
930
438
593
790
734
745
959
583
-119
-242
457
660
136
-47
43
156
49
385
630
87
-499
-157
401
133
-144
-419
52
20
-329
-371
155
151
-328
114
161
95
-469
109
322
37
-287
12
502
-216
-352
-269
124
-452
-71
547
435
-539
-328
274
-295
-751
-128
136
-443
-351
-109
-176
-708
-808
-503
-459
-744
-1209
-839
-1173
-1781
422
2802
2495
-110
-413
471
511
-249
1200
2544
1939
381
1432
2863
1799
54
275
1296
1491
1427
2550
2583
1206
-98
-70
449
452
283
454
410
181
64
-48
-489
-1238
-1586
-1334
-526
223
320
106
-342
-608
-635
-285
86
101
144
390
546
575
578
476
41
-315
291
899
977
920
1036
702
559
980
1606
928
383
846
1314
913
582
824
535
-214
-142
542
446
-215
-260
199
66
-283
91
460
-56
-474
43
489
-29
-517
44
291
-451
-915
-94
-78
-947
-743
247
328
-591
-526
266
106
-693
-82
691
123
-820
-438
146
-16
-230
-41
294
-527
-1034
-625
102
-342
-716
-496
-562
-768
-802
-335
-886
-1224
-1192
-721
-1397
-1487
-2285
-810
2152
3856
1855
-1000
-936
373
382
542
2672
3444
1839
359
2347
3140
1489
-330
442
2054
2389
2379
3081
2328
349
-1386
-695
765
1067
178
196
436
101
-1023
-1006
-1210
-1826
-2365
-1381
230
481
-457
-949
-1298
-1566
-1368
-197
693
685
347
654
903
826
482
270
124
389
1030
1671
1746
1421
553
514
1074
1766
1494
1172
1467
1445
830
684
947
519
-440
-297
692
681
-214
-429
-269
-757
-1017
-129
570
44
-557
-306
-22
-314
-515
-244
-312
-427
-118
-17
-110
-338
-691
-780
-49
285
-126
-313
328
28
-608
-407
106
-364
-1012
-179
445
-286
-918
-480
-674
-1159
-1045
-519
-860
-1342
-947
-935
-1306
-1350
-1400
-1575
-1883
-1914
-2365
-3161
599
4635
5020
447
-2020
-714
1100
544
1966
4486
4586
1266
851
3441
3607
622
-916
1202
3578
3320
3180
3107
1489
-1429
-2462
-334
1871
1270
-91
-349
48
-1002
-2095
-1950
-1795
-2471
-2445
-550
1171
44
-1710
-2301
-2217
-1909
-892
609
1132
430
73
356
740
558
310
250
732
1641
2413
2333
1960
860
692
1710
2387
2119
1616
1924
1843
710
265
860
484
-530
-411
880
620
-747
-1021
-597
-877
-1364
-564
286
-276
-854
-591
-405
-931
-1257
-600
52
3
-87
-73
-102
-250
-716
-520
278
619
-74
-358
373
297
-620
-971
-277
209
-284
-772
-596
-732
-1500
-1804
-1251
-1029
-1517
-1577
-1378
-1484
-2079
-1954
-1755
-1982
-2667
-2962
-3459
-3261
2352
6558
5633
-810
-3498
-955
2219
1910
3445
5476
5393
1633
1157
4014
4217
565
-1237
2050
5716
4885
3187
1993
417
-2494
-3252
95
3186
1705
-894
-1438
-355
-1563
-3394
-3018
-2044
-2269
-2235
-149
1470
-642
-3327
-3801
-2361
-887
20
1154
1561
361
-493
-316
665
915
427
579
1787
2890
2780
1974
1339
579
1077
2599
3705
2995
1732
1573
1578
711
367
664
396
-162
10
656
-38
-1452
-1896
-1442
-856
-660
-189
-312
-1038
-1562
-1580
-1253
-945
-795
-519
-170
-9
-256
-728
-640
-217
-108
139
880
896
33
-552
-441
-504
-835
-533
-93
-99
-863
-1315
-1589
-1877
-1997
-1613
-1458
-1291
-1699
-2214
-2545
-2435
-2716
-2998
-3116
-3291
-4267
-4402
3022
8457
6370
-2259
-5290
-1193
3346
3232
4523
6533
5991
1364
448
4159
4927
944
-1543
2468
7571
6453
2746
303
-649
-2809
-3536
741
4827
2452
-2323
-3612
-1480
-1802
-4198
-3812
-1999
-1641
-2113
-726
703
-1649
-4870
-4957
-1888
956
1462
1213
835
-292
-1242
-841
1045
2301
1375
1024
2370
3648
2676
1033
524
711
1682
3875
5454
3857
650
-492
270
629
953
1188
948
-134
-723
-332
-713
-2008
-2458
-1611
-182
780
650
-586
-2035
-2528
-1910
-774
324
416
-243
-765
-687
-547
-855
-658
119
486
870
1141
678
-569
-1287
-828
-31
307
385
-165
-1239
-2160
-2286
-2068
-1860
-1759
-1684
-1905
-2253
-3014
-3566
-3914
-3891
-3608
-4006
-4547
-5105
2653
9606
8569
-1820
-7815
-3081
4934
5993
5528
6612
6886
2169
-1181
2765
6277
3547
-1089
1400
8388
8454
2579
-2249
-2217
-1999
-2893
378
5459
3799
-3058
-6797
-3866
-1290
-3256
-4129
-2397
-781
-1887
-2390
-1217
-2026
-4737
-5462
-1800
2872
3312
965
-773
-1116
-1114
-764
1611
4281
3344
1497
1640
3417
2792
707
139
1475
2583
3361
5672
5461
1960
-1332
-1438
318
1562
1871
1778
472
-1317
-2195
-1989
-1820
-2090
-1773
-815
597
825
-720
-2327
-3046
-2075
-640
817
1457
410
-1436
-1869
-1065
-316
50
471
682
414
238
-31
-543
-1055
-607
410
834
652
-449
-2115
-3232
-2879
-2234
-1618
-1695
-1745
-2978
-4319
-4600
-4101
-3959
-5064
-5401
-5570
3334
11299
9847
-2574
-10544
-4629
5875
8373
6976
7145
7083
2206
-1912
1871
6751
5402
-159
1152
8594
9961
3014
-4619
-4520
-1315
-742
1390
5017
3979
-3395
-9357
-6669
-1386
-1145
-3372
-3712
-1447
-1615
-2876
-3637
-3745
-4122
-4265
-1502
3037
4210
1266
-2832
-3354
-1073
1219
3348
4731
4098
2142
721
1826
2590
2183
1414
1847
3350
4066
3654
2543
2451
1953
-164
-1098
478
2199
1388
-656
-1414
-1543
-2210
-2469
-1589
-688
-1041
-1394
-1095
-569
-793
-1624
-1840
-1242
-164
202
-203
-568
-913
-1108
-539
581
1181
380
-644
-873
-508
-39
179
258
18
-461
-918
-1527
-1949
-2310
-2754
-2547
-2209
-1999
-3087
-4023
-4631
-4477
-5313
-5372
-5810
-1134
8987
11665
3415
-9432
-9107
1904
9660
8156
5945
6352
5466
-434
-1255
3784
7849
3892
-218
4480
10498
7114
-2920
-7557
-2084
1811
2036
2505
3709
125
-7528
-10039
-3980
807
-446
-4325
-3523
-1217
-1894
-4944
-6017
-3870
-2362
-1860
761
3504
2517
-2665
-5356
-2073
2516
4409
4172
3652
2788
935
556
1680
3242
2938
2328
2807
4608
5226
2984
566
-375
456
1572
2355
2590
1005
-1779
-3218
-2353
-497
-163
-1075
-1666
-1622
-1287
-1495
-1615
-1641
-1493
-1004
-467
208
-157
-1693
-2653
-1966
101
1448
1403
456
-852
-1562
-1418
-421
489
563
211
-103
-344
-1082
-2247
-2800
-2533
-1750
-1440
-1837
-2882
-3945
-4914
-4856
-4743
-4726
-5076
-2672
7919
12165
5531
-8986
-11764
-200
10637
10437
6013
4977
5273
-14
-2439
2421
8819
6706
254
2333
9242
8412
-1761
-8906
-3308
3428
4218
2362
2305
348
-6845
-11039
-5390
2182
2552
-3393
-5497
-2885
-1865
-4322
-6327
-3703
-979
-632
-167
1512
1654
-2451
-5865
-2954
2869
6059
4734
2516
1134
143
165
1772
4030
4913
3395
2672
2341
3709
3438
2376
1153
922
1950
2281
1724
336
-1694
-2472
-2020
-191
730
-470
-2234
-3316
-2448
-1001
-374
-506
-1433
-1393
-1313
-1018
-869
-1350
-1750
-1449
-111
1185
766
-496
-1638
-1467
-529
387
880
251
-467
-917
-1176
-1133
-1495
-1673
-2156
-2175
-2183
-2459
-3474
-3980
-4529
-4054
-5240
-4888
-4768
3730
11551
8824
-3656
-13107
-5025
8351
12532
7058
3221
4222
2796
-1582
439
6661
9329
2751
-75
5574
9762
3426
-6867
-6501
2476
6161
3651
338
9
-3763
-8861
-7611
325
4194
-252
-6556
-5818
-2430
-1800
-5158
-4961
-1619
488
-295
-621
96
-911
-4292
-3913
1075
6080
5760
2132
-601
-699
701
2237
3640
4831
3919
2719
1309
3695
5232
3873
481
-591
2054
3983
2769
174
-1743
-1890
-1563
-217
909
273
-1970
-3781
-2651
-91
736
-607
-2605
-2257
-1228
-634
-879
-1252
-1592
-1758
-806
698
941
-333
-2202
-2160
-510
1251
1506
-124
-1358
-1400
-912
-860
-1156
-1234
-1721
-2432
-2625
-2721
-2910
-3776
-4655
-4639
-5316
-4422
-2988
7082
11667
5582
-8973
-13494
-683
12397
12631
4906
1412
3341
1276
-1468
1957
8683
9001
1441
226
6387
8865
520
-8547
-3953
5521
7743
2848
-1439
-2051
-5320
-8183
-4592
3039
4682
-2191
-8238
-6461
-2155
-1539
-4759
-3823
-673
920
-795
-1905
-1444
-2230
-4051
-1988
3110
6778
4312
-530
-2920
-1173
1986
4136
4702
4343
2475
2004
2556
4275
3652
1194
499
2107
3968
3460
483
-1818
-2745
-1238
830
1746
642
-1961
-3686
-3229
-1007
826
84
-1493
-2600
-2011
-1236
-1268
-1667
-1863
-1349
-313
237
109
-981
-2043
-2190
-702
1120
1624
401
-1205
-1788
-1192
-656
-593
-1105
-1649
-2072
-2415
-2817
-3339
-3735
-4304
-4396
-5485
-4537
-3912
5950
11663
6756
-7891
-15143
-3009
11845
14625
5781
107
1639
1456
-1185
1056
7981
10615
2781
-1109
3812
8777
2786
-7374
-5185
5253
9397
3897
-2622
-3486
-4486
-6417
-4535
2545
5534
-544
-8697
-8820
-3181
204
-2718
-3738
-1680
695
-862
-2944
-2664
-1942
-2525
-1572
2303
5780
4262
-634
-3910
-2102
2478
5474
5651
3845
1644
1844
2068
3410
3701
3436
2951
1882
2061
1956
828
-965
-1844
-459
1281
1359
-649
-2766
-3390
-2604
-755
572
512
-938
-3131
-3605
-2516
-1027
-626
-1120
-1453
-1319
-1019
-1155
-1390
-1310
-783
34
250
19
-323
-936
-1208
-1042
-469
-296
-1131
-1860
-2706
-2746
-3291
-2902
-3546
-3622
-5154
-5476
-5776
438
11511
11337
-621
-15909
-10797
6270
16488
10222
912
-603
1919
-586
-757
4889
11697
6889
-1409
-556
7111
7536
-3043
-8169
536
9415
7755
-820
-4482
-3918
-4836
-5228
-298
5696
3386
-5771
-10816
-6678
-14
221
-2841
-2951
-766
-346
-2955
-3585
-2178
-1261
-1385
408
3545
4490
1007
-3046
-3514
812
5146
6562
4421
1446
1046
1985
3836
4726
3883
2322
880
1608
2649
2320
20
-1782
-1460
361
1714
550
-1938
-3315
-2916
-870
484
428
-1034
-3021
-3657
-2574
-926
-374
-1237
-2007
-2099
-1336
-924
-1118
-1627
-1506
-569
309
237
-254
-910
-1252
-1237
-857
-417
-955
-1709
-2423
-2468
-2915
-2746
-3738
-3740
-5220
-5249
-5910
1903
12860
11487
-2830
-18347
-10365
8871
18455
9739
-806
-1376
1516
-684
-769
5702
12697
6590
-2281
-1294
7262
7419
-3428
-7780
1809
10634
7748
-2328
-5853
-4559
-3910
-3900
1057
6141
2732
-7243
-12267
-6779
1263
1919
-1796
-3201
-1608
-1130
-3507
-3779
-1892
-57
-145
738
2677
3025
-62
-3466
-3052
2192
6504
7026
3072
858
670
2875
4041
4310
4166
2915
1761
937
1260
1519
74
-752
-491
1353
1485
-712
-3027
-3383
-1553
294
458
-176
-2045
-3399
-3722
-2331
-512
-287
-1364
-2499
-2605
-1814
-1247
-1029
-1140
-1049
-745
-484
-88
-156
-723
-1459
-1452
-786
-474
-925
-2374
-2990
-3352
-2762
-3128
-3291
-5165
-5539
-5962
2864
13165
11132
-3947
-18516
-9419
10043
19448
9674
-1822
-2662
722
-260
363
6828
12995
6000
-3338
-2481
6679
7741
-2368
-6803
1649
10076
7160
-2750
-6421
-4553
-2948
-2662
1428
5528
1978
-7630
-12424
-6593
1950
3156
-893
-3619
-3047
-2332
-3455
-2805
-975
489
193
327
1435
1926
-180
-2686
-2307
2326
6280
6702
2467
-490
5
3314
5643
5417
3629
1665
750
763
1595
2244
1208
-213
-1107
-35
965
-123
-2060
-2829
-1436
582
599
-733
-2720
-3513
-2845
-1377
-96
-164
-1513
-3249
-3514
-2098
-371
82
-709
-1574
-1580
-1252
-608
13
6
-866
-1742
-1745
-1407
-1102
-1922
-2541
-3310
-3036
-3240
-3496
-5266
-5905
-5498
5317
14411
10047
-7407
-19801
-7243
12628
19855
8355
-2197
-2645
-360
-1547
642
9237
14012
4709
-4786
-2742
6876
6745
-3068
-5640
3283
10014
5272
-4242
-6529
-4162
-2597
-2132
2613
5693
775
-9195
-12896
-5686
2979
3772
-509
-3843
-3641
-3374
-3850
-2396
-50
1336
296
-158
538
1090
-338
-2253
-1424
2949
6467
6115
1766
-569
744
4128
5321
4933
3598
2142
604
9
1292
2615
1913
104
-1349
-551
208
-330
-1518
-1660
-681
69
-662
-1654
-2591
-2659
-2218
-1285
-582
-799
-2151
-3364
-3261
-1689
-175
-76
-1035
-1789
-1869
-1432
-663
112
232
-663
-1651
-2472
-2179
-1802
-1571
-2208
-2995
-3952
-3699
-5194
-5592
-6208
3622
14424
11472
-5072
-19962
-9480
10906
20158
9702
-1850
-2502
281
-1541
-724
7629
15026
7047
-4356
-4593
5322
7859
-1584
-5873
2126
9994
6039
-4277
-7164
-3782
-1476
-1958
1067
5084
1623
-7971
-13343
-6960
2875
4677
-68
-4333
-4398
-3441
-3964
-2473
10
2011
678
-813
-796
485
290
-1025
-1031
2441
5592
5737
1344
-1397
-22
4132
7534
6412
3155
-219
-921
413
2565
4236
3148
221
-2602
-2381
-165
633
13
-1012
-900
-304
-880
-1815
-2875
-2716
-1488
-427
-35
-999
-2762
-4188
-3534
-1215
943
769
-1235
-2989
-3112
-1902
3
943
678
-883
-2130
-2800
-2472
-1962
-1194
-1840
-2455
-4161
-4263
-5687
-5287
-5595
1943
13655
12396
-2027
-19459
-12387
8345
20841
12411
-749
-3580
-513
-1614
-1228
6603
15625
9601
-3599
-6740
2806
8764
984
-5158
749
9131
6653
-3656
-7752
-4168
-1057
-1524
253
4510
2447
-6611
-13700
-8911
1756
5712
1569
-3736
-5195
-4296
-4491
-2652
415
2835
1273
-1209
-1894
-310
541
-174
-523
2180
5081
5656
1787
-1171
497
4762
6732
4940
2723
1436
939
365
1184
3058
3198
843
-1989
-2231
-361
281
-403
-962
-435
-71
-1439
-2763
-2524
-1469
-850
-1124
-1324
-1587
-2227
-3275
-3147
-1418
422
375
-1270
-2681
-2482
-1585
-579
290
799
-237
-1892
-3298
-2863
-2049
-1254
-1836
-2229
-3953
-4520
-6362
-5783
-5264
2037
13638
11767
-1920
-19377
-12592
8066
21388
13556
-482
-4105
-734
-1139
-884
6464
15879
10434
-3351
-7267
2004
9146
1736
-4655
640
9314
6892
-3968
-8327
-4089
-328
-1118
-220
4116
2252
-6702
-14308
-9367
1948
6280
1629
-4143
-5726
-4597
-4720
-2636
831
3322
1467
-1676
-2556
-712
634
43
-284
2235
5041
5285
1417
-1504
832
5167
6876
4779
2556
1706
971
159
994
3330
3742
1037
-2296
-2762
-558
309
-298
-638
-152
-169
-2001
-3405
-2606
-1052
-264
-955
-1736
-2105
-2505
-3276
-3039
-1250
529
332
-1486
-2970
-2493
-1400
-349
376
822
-87
-1864
-3494
-3271
-2169
-933
-1289
-2183
-4549
-5295
-6845
-6065
-5476
4228
15202
11315
-5731
-21977
-10929
11518
22666
11456
-2284
-4196
-597
-1801
-896
8247
17267
9011
-5257
-7526
3779
9387
549
-4875
2037
10312
5745
-5465
-8480
-3240
216
-1078
380
4478
1632
-8238
-14988
-8137
3570
6674
848
-5272
-6387
-5125
-4762
-2093
1642
3687
723
-2759
-3174
-663
1043
498
214
2550
4947
4618
644
-1852
855
6011
7886
5349
1833
207
195
468
2152
4405
4155
608
-3339
-3499
-533
1192
713
-472
-637
-872
-2362
-3459
-2628
-863
46
-651
-1865
-2600
-3056
-3546
-2916
-940
980
541
-1876
-3718
-3219
-1359
312
1103
985
-514
-2630
-3964
-3377
-1676
-528
-1224
-2790
-5132
-5754
-7133
-5882
-4405
8225
15462
8092
-11725
-21678
-4630
16419
21279
6717
-3781
-3061
-481
-2483
930
11621
17097
4516
-7570
-5574
7161
8040
-1825
-3940
5151
10423
2298
-7812
-7235
-1396
410
-1338
1547
4512
-744
-11021
-14463
-4454
5742
5698
-1318
-6242
-5960
-5137
-4516
-1035
2892
3552
-547
-3463
-2966
41
1264
676
1014
3351
4807
3318
-708
-1815
1756
7332
8907
5487
699
-1475
-535
1449
4125
5657
3871
-729
-4722
-3742
159
2310
1508
-438
-1401
-1821
-2742
-3044
-2040
-512
99
-776
-2258
-3221
-3627
-3510
-2101
44
1295
91
-2704
-4305
-3271
-651
1299
1549
237
-1699
-3415
-3708
-2766
-935
-555
-1359
-3695
-5374
-6214
-6459
-5618
-2166
11810
14790
4001
-17740
-19663
1678
21014
18753
2398
-4966
-2000
-1197
-2977
3106
15441
16119
136
-9646
-3064
9717
6127
-3446
-2241
8276
9549
-1471
-9519
-5400
562
518
-1487
2757
4293
-2915
-13456
-13110
-877
7343
4328
-3354
-6858
-5659
-5262
-3958
201
4157
3212
-1786
-4302
-2745
641
1388
824
1631
3982
4505
2040
-1777
-1563
3338
8654
9171
4630
-588
-2358
-660
2456
5558
6282
3062
-2345
-5503
-3117
1354
3186
1768
-653
-1944
-2529
-3125
-2608
-1185
281
301
-1227
-3037
-3821
-3760
-2945
-1250
782
1277
-667
-3714
-4736
-2789
276
1925
1487
-378
-2330
-3658
-3457
-2278
-495
-537
-1268
-4046
-5359
-7217
-6398
-5650
1692
14644
13478
-1219
-21492
-15493
7451
23215
15355
-354
-5117
-1465
-2062
-2079
6125
17632
12760
-3325
-9662
324
10312
3489
-4209
105
9847
7297
-4431
-9487
-3628
1171
-46
-685
3993
2763
-5990
-14948
-10354
2181
7639
2472
-4860
-7118
-5699
-5223
-2694
1778
4647
1768
-3075
-4414
-1872
1277
1424
1094
2213
4202
4020
739
-2210
-777
4908
9674
8768
3370
-1951
-2632
-44
3809
6649
5960
1501
-4011
-5743
-2015
2302
3456
1304
-1260
-2719
-3099
-3052
-2159
-707
295
-74
-1776
-3557
-4078
-3719
-2317
-443
1030
738
-1787
-4463
-4754
-2110
1080
2409
1188
-1230
-3303
-4027
-3223
-1624
-263
-800
-2150
-4926
-5919
-7452
-5699
-4736
7221
15649
9841
-9725
-22931
-7460
15286
22926
8811
-3649
-4027
-792
-2975
-143
10888
18927
6806
-7716
-8384
5583
9694
60
-4559
3764
10575
3135
-8007
-8003
-816
1704
-1247
304
4365
195
-9929
-15245
-5476
5813
6832
-768
-6477
-6495
-5207
-4851
-1199
3413
4729
-245
-4431
-4211
-398
1749
1428
1470
3158
4416
2786
-937
-1887
2492
8032
9334
5016
3
-1696
-76
2151
4494
5793
3735
-984
-4819
-3780
561
2832
1915
-239
-1632
-2294
-3151
-3200
-1602
167
421
-1129
-3180
-4195
-3949
-2960
-1212
452
875
-819
-3498
-4556
-2923
-97
1547
1321
-248
-2131
-3537
-3423
-2271
-664
-1012
-1797
-4073
-5081
-7035
-6296
-6192
3490
15732
12888
-4442
-22899
-12467
11401
23804
12084
-2403
-4462
-509
-2429
-1697
8554
19490
10774
-6040
-10211
2788
11247
2455
-4655
1298
10347
5263
-6589
-9035
-1567
1886
-1079
-1188
4257
2148
-7714
-15973
-8751
4173
7770
875
-5928
-6864
-5342
-5313
-2497
2794
5408
1142
-4222
-4778
-999
2158
1550
1233
2613
4447
3447
-29
-1974
1513
6974
9661
6536
1500
-1472
-1025
1245
4056
6132
4717
-54
-4611
-4729
-540
2555
2317
365
-1440
-2425
-3423
-3495
-1937
-28
421
-817
-2505
-3769
-4056
-3539
-1683
321
1075
-270
-2862
-4253
-3195
-845
1003
1618
646
-1226
-3464
-3857
-2895
-851
-953
-1484
-3912
-4779
-6992
-6612
-6281
1267
14762
13891
-620
-21129
-15475
7476
23240
15031
-234
-4526
-902
-2198
-2349
6534
18892
13506
-3752
-10704
-89
11045
4251
-3834
-257
9371
6406
-5042
-9173
-2383
1580
-1143
-2407
3725
3377
-5707
-15519
-10938
2159
7698
2302
-4765
-6619
-5724
-6070
-3621
2251
6072
2541
-3781
-5270
-1817
2165
1990
1573
2557
4344
3801
756
-1360
1704
5863
8232
6523
3499
826
-1002
-586
2179
5654
5699
1565
-3270
-4844
-2069
897
1936
1438
-78
-1870
-3921
-4256
-2214
-35
327
-863
-2278
-3318
-4017
-4013
-2463
-169
915
-11
-2339
-3713
-3159
-1798
22
1409
1488
-551
-3461
-4521
-3334
-1304
-968
-1788
-3715
-5298
-7300
-6958
-6075
7657
16802
10963
-10164
-23088
-6962
16197
22678
8007
-3109
-2534
-463
-3485
-79
12897
20122
5861
-9178
-8360
7168
10015
-485
-4381
4663
10222
1528
-8413
-6095
630
149
-4336
-432
5954
1618
-10722
-16675
-6150
5265
6062
-985
-5217
-5468
-6393
-7231
-2000
4992
6553
-109
-5207
-4459
368
2447
1687
1880
3574
4491
2808
173
-302
3308
6347
7457
6026
3453
922
-1306
-771
2828
6010
5118
436
-3703
-4206
-1814
394
1451
1396
-175
-2555
-4726
-4162
-1525
165
-7
-1376
-2712
-3479
-3922
-3540
-1918
108
785
-495
-2604
-3477
-2607
-1512
-129
976
1169
-811
-3354
-4602
-3169
-1828
-1257
-2560
-3576
-6241
-7574
-8041
-1835
14119
16426
3396
-19527
-18718
3876
22012
17260
2223
-3200
-898
-2982
-3837
5880
19888
15885
-3090
-11734
-1417
11806
5813
-3603
-1260
8475
6608
-4171
-7962
-1152
1279
-3710
-5492
3412
6447
-2386
-15177
-13959
-1302
5864
2832
-2708
-4443
-5311
-8246
-6890
892
7438
5013
-2894
-5903
-2977
2015
2454
2132
2829
4243
3687
1708
258
1797
5223
6917
6563
4722
2895
1018
-745
268
3513
5305
3400
-973
-3619
-3236
-1604
-197
929
1051
-487
-3057
-4764
-3668
-1331
-57
-322
-1638
-2948
-3789
-4084
-2957
-1026
472
290
-1168
-2702
-2930
-2125
-1108
-46
818
240
-1367
-3528
-3914
-3198
-2300
-2510
-3169
-4778
-7123
-8190
-5527
10564
17640
8775
-14863
-22276
-2663
19359
20697
6001
-2048
-968
-2911
-6002
2497
19139
20925
1075
-12808
-6334
10491
9189
-1478
-2670
6643
7494
-2798
-8500
-1672
2558
-2905
-8007
148
7563
1815
-12206
-16120
-5266
3753
3349
-945
-2380
-3880
-8352
-9551
-1902
7023
7549
-240
-5290
-4384
231
2030
2675
3989
4706
3582
1256
567
1700
4095
6488
6877
6050
3436
1474
-158
-229
2248
4672
4267
1012
-2585
-3529
-2958
-1352
421
1471
333
-2356
-4488
-4455
-2564
-742
48
-374
-2007
-3657
-4714
-3800
-1478
350
711
-388
-1722
-2654
-2662
-1511
-353
640
188
-984
-2436
-3238
-3554
-3279
-3434
-3580
-4515
-6211
-6950
-6114
8248
16212
10257
-11841
-21693
-5095
17147
21247
7781
-1358
-888
-2424
-6283
421
17816
23037
4464
-12425
-9499
8120
10366
926
-1924
6017
7140
-3069
-9357
-2111
3863
-1338
-8820
-2256
6755
3606
-10166
-16313
-6885
2517
2643
-927
-1301
-1959
-7712
-11265
-4379
6398
9072
1307
-4931
-4866
-512
1380
2379
4563
6040
4122
671
-460
2092
3899
5641
6391
7206
5340
1331
-1373
-1148
2144
4855
4548
1855
-1878
-3752
-4335
-2744
371
2276
1341
-2305
-4787
-4801
-3152
-1394
-121
337
-910
-3252
-4954
-4556
-2128
62
1104
389
-852
-2089
-2893
-2413
-913
785
956
-553
-2512
-3655
-3597
-3607
-3477
-4038
-4605
-6027
-6662
-7154
6156
16132
12320
-8904
-22583
-8361
14905
22199
9805
-79
-438
-1736
-7140
-2076
15773
25070
8211
-11240
-11866
5843
10939
1864
-2208
5695
8074
-2334
-10378
-3346
4670
2
-9591
-4978
6257
5980
-7522
-16769
-9222
902
2267
-893
-509
-8
-6094
-12721
-7781
4367
10395
4098
-3545
-5360
-1676
493
1754
4677
7163
5348
961
-1375
1373
4079
5734
6594
7135
5927
2071
-941
-1283
1313
3922
4260
2485
-580
-2733
-4252
-4284
-1468
1560
2310
-755
-4077
-4952
-4175
-2767
-950
684
484
-2040
-4736
-5265
-3036
-517
980
844
-192
-1409
-2785
-2893
-1555
262
846
-399
-1969
-2886
-3185
-3849
-4484
-4730
-4804
-5496
-5838
-6988
5723
15735
12628
-8187
-22582
-8974
14245
22284
10634
869
232
-1771
-7814
-3359
15349
26042
9894
-10663
-12807
4633
10456
1905
-1794
6172
8511
-2623
-11354
-4034
4865
492
-9858
-5902
5599
6427
-6506
-16254
-9742
-343
855
-1233
801
2340
-4894
-13575
-9805
3282
10782
5597
-1685
-4028
-1913
-1082
259
4772
8761
7055
1526
-1848
805
3874
5931
6714
7325
6201
2101
-943
-1331
1313
3263
2927
1716
-147
-1344
-3349
-4753
-3186
-158
1953
271
-2614
-4072
-4513
-4034
-2498
243
1509
-383
-3753
-5540
-3987
-1243
960
1494
640
-629
-2519
-3201
-2234
-39
799
-374
-2124
-2639
-3106
-3890
-5236
-5210
-5354
-5596
-6996
-5629
9553
17438
10273
-13674
-22667
-5025
17610
21027
9321
2008
1510
-4393
-10186
-1355
20372
26100
6321
-12710
-10167
6459
7888
-523
-131
8941
7430
-5836
-11387
-1299
4955
-2928
-11789
-3453
7952
5764
-9187
-16227
-8618
-1010
-1330
-1090
3473
4443
-6139
-15318
-10017
4250
10572
5410
-587
-1937
-1158
-2266
-1029
4959
9585
7707
1775
-1028
1496
3743
5403
5855
7170
5692
2253
-493
-592
1113
1619
943
514
292
214
-2490
-4883
-4670
-1777
813
621
-770
-2443
-4363
-5173
-3853
-219
1708
406
-2710
-4582
-3757
-1805
150
1056
998
75
-1605
-2538
-1994
-729
-407
-931
-2095
-2269
-3036
-3718
-5632
-6092
-7402
-6115
-7838
-70
14707
17937
3153
-20906
-19865
2744
21612
18086
7208
2969
1280
-8103
-10686
4329
25920
21887
-194
-13709
-3652
8291
3146
-3683
2865
10974
4329
-9234
-8404
1982
2229
-9352
-12048
1388
10342
2738
-12456
-14622
-6689
-2703
-3372
733
7179
4508
-9201
-15501
-7065
6039
8527
4217
1060
1061
-679
-3137
-906
5901
9042
6669
1719
1561
3338
4039
4063
4491
5947
4722
2664
873
451
136
-1032
-1309
-462
1226
1364
-1999
-4991
-5567
-2939
-477
413
489
-1071
-3479
-5090
-4172
-1047
598
324
-1596
-2632
-2437
-1488
-587
-170
204
261
-301
-895
-1305
-1839
-2503
-2804
-1740
-1569
-2192
-4661
-6523
-8507
-8577
-8648
-4024
12267
20078
11139
-14105
-23253
-7051
14596
19025
12463
8059
5432
-5433
-13109
-3501
18026
23672
8300
-5886
-4169
4269
1453
-3840
842
8118
5447
-3067
-4778
-26
-1307
-8253
-11715
-4359
4290
6603
-1139
-10132
-12249
-8915
-5795
-1220
4660
7775
304
-9124
-10861
-3806
3690
6537
4862
3043
2456
829
-1711
63
4663
6871
5001
3258
4941
4846
4169
2721
2496
2484
2894
3905
3317
1192
-1294
-3122
-3926
-2542
990
2117
-424
-4104
-5591
-4491
-2593
-486
809
18
-1870
-3420
-3603
-2584
-1153
-437
-815
-812
-227
85
-923
-1856
-1547
-772
-137
494
113
-1339
-3718
-4621
-4054
-2729
-2411
-3940
-6602
-9219
-9820
-9328
4138
17436
19603
-808
-21325
-18012
4395
19251
16461
9058
6688
2072
-7679
-10123
4972
21179
18496
1997
-7902
-470
6004
1958
-4215
-450
5033
3349
-3022
-2066
1208
-2407
-12172
-13085
-4033
6030
5765
-1704
-8765
-11288
-11211
-6683
450
7057
6075
-1332
-7738
-7177
-2546
2202
4894
5587
4047
1645
832
2093
3172
2815
2597
2966
4678
6223
6468
6054
3339
325
-1949
-394
3471
5901
3975
-936
-5033
-6319
-4033
-189
1806
583
-2446
-4081
-4181
-3391
-1843
-200
-187
-1547
-2402
-1715
-806
-1346
-2508
-2822
-1399
1000
2224
1113
-1121
-2514
-2727
-1932
-293
1070
540
-2753
-5081
-5608
-3955
-4367
-4615
-7371
-7809
-10562
-3722
9529
19788
12597
-10006
-22481
-11793
11799
21717
16694
6269
2051
-2093
-6127
-4515
8135
18119
15942
1966
-6424
-3005
4366
4060
-901
-4302
-1001
2474
3934
1257
-2741
-8563
-11536
-9862
-3594
2857
5244
1150
-6356
-13610
-13966
-6555
3436
7961
4300
-2625
-5965
-4303
-1065
953
2478
4227
4781
3482
2117
3219
4153
3198
246
-653
2662
7484
10489
8612
3045
-2461
-4904
-2299
2153
5755
5327
1583
-3910
-7330
-6119
-2097
726
410
-1750
-2594
-2398
-1743
-1754
-2536
-3101
-2756
-1205
777
1251
-86
-2748
-4233
-3656
-843
1834
2797
1465
-1153
-3659
-4113
-2690
-298
47
-1384
-3480
-4428
-4989
-5486
-6474
-7770
-8717
-9029
405
12564
20777
9093
-11765
-22992
-10311
11768
22840
17765
6467
-373
-2772
-3884
-1269
5481
12131
12545
5997
-355
-2029
476
1910
-129
-4082
-5110
-1057
5877
7932
1126
-11057
-16810
-12440
-2340
4099
4346
776
-3679
-8718
-11222
-9446
-2201
4420
5964
1495
-2795
-3507
-539
1833
2009
556
450
2323
6158
8184
6533
1630
-2389
-2697
881
5265
9475
10250
7671
1064
-4984
-6546
-2561
3299
6183
3828
-1532
-5242
-4774
-2497
-1510
-3038
-3868
-2275
574
2026
575
-2746
-5510
-5930
-3350
138
2431
2176
71
-2598
-4130
-3686
-1639
904
2463
1876
-299
-2453
-2886
-1958
-1750
-2529
-3330
-2974
-2336
-2879
-4914
-7893
-9601
-9652
-1383
9322
18559
12256
-4110
-17629
-13509
2776
17279
17766
9203
-185
-3190
-583
3657
5735
4931
3077
2814
4478
5233
3449
782
-1927
-3492
-4509
-3983
312
5617
6375
-146
-9735
-14404
-10318
-1939
4284
4123
-1072
-6727
-8366
-5616
-1108
538
-985
-2838
-1814
1171
3816
3253
1024
-1219
-1765
-928
1865
5074
7776
6905
3162
-1215
-2729
-869
3306
7294
8446
6206
1776
-1839
-2514
-1194
598
918
27
-701
-532
-12
-360
-2769
-5221
-5834
-3904
-314
2356
2362
-564
-4606
-6388
-4848
-1749
623
1185
646
-17
-707
-1238
-1425
-1186
-641
-391
-281
278
888
118
-1799
-3237
-4192
-3854
-3292
-2442
-3243
-5028
-7698
-7528
-1585
7507
14339
9836
-2525
-12583
-11000
1212
12908
14581
8043
-1905
-4805
-160
7152
9683
4863
-2197
-4077
339
6871
8671
5011
-1376
-5115
-5029
-2182
1005
2701
1609
-1183
-4430
-5541
-4801
-2994
-1412
-822
-2162
-4210
-5180
-3111
190
1829
169
-2876
-4592
-2722
1239
4266
4158
1417
-1778
-2269
371
4042
5386
3573
526
-432
832
3098
3847
2760
1628
1510
3006
4143
3378
925
-1928
-2736
-1503
538
1477
400
-1178
-2386
-2880
-3138
-3480
-2908
-1861
-741
-232
-435
-781
-1320
-1708
-1801
-1485
-1052
-650
251
1021
1172
346
-1193
-2269
-1917
-445
252
-72
-428
-705
-1257
-1893
-2294
-2930
-3654
-4219
-4467
-4791
-5147
-2726
2369
8583
9779
4221
-4037
-8203
-5475
1080
5223
6672
5537
4781
5132
4802
2931
-924
-4440
-3999
601
7087
10078
7994
2480
-2607
-4710
-4507
-2929
-809
1051
2014
1307
94
-1331
-2976
-4722
-5792
-5451
-3680
-1599
180
1117
1213
1
-1938
-3404
-3190
-1584
9
724
1332
2103
2947
3078
2212
631
-805
-1460
-267
1770
3738
4502
3706
2077
655
235
757
1524
1918
1893
1688
912
145
-565
-1281
-1922
-2569
-2258
-1250
-727
-1144
-2169
-2418
-1591
-383
418
351
-243
-1116
-1506
-1322
-791
259
642
466
10
-729
-1189
-1405
-757
-29
-335
-726
-854
-332
-703
-2109
-3016
-2555
-1637
-1886
-3234
-4295
-5139
-5714
-3523
1129
7109
9307
5889
-305
-5117
-5570
-2732
569
4628
7408
8723
7594
4163
-530
-3730
-3589
428
4610
6252
5045
3190
1814
768
-889
-2873
-3485
-2024
-103
544
-820
-1778
-1469
-660
-1151
-3406
-5714
-6131
-4430
-1844
292
1609
1997
1364
-448
-2612
-3633
-2837
-837
1656
3309
3985
3721
2670
1375
-131
-1088
-776
559
2484
3720
3561
2254
923
558
1094
1802
1647
926
219
-636
-950
-897
-527
-194
-759
-1467
-2073
-2460
-2599
-2414
-1413
-50
970
1115
652
-131
-1223
-1931
-1982
-1219
34
733
985
486
-317
-607
-1306
-1820
-1578
-1288
-1353
-1540
-1152
-915
-1309
-1794
-2226
-3139
-4195
-5014
-5168
-5993
-5932
-2812
3338
9989
11204
6273
-370
-5446
-6321
-4366
-461
5975
10847
12174
9110
3592
-509
-2581
-2729
-1568
719
3689
5857
6326
4139
1154
-1829
-3985
-4131
-3660
-3098
-2879
-2849
-1725
-270
411
-94
-2284
-5048
-7446
-7842
-5563
-1346
2822
4822
4326
2017
-559
-2250
-3165
-2397
-390
2072
4495
5846
5791
4434
1938
-105
-1057
-690
373
1422
2092
2185
2425
2970
3539
3180
961
-1760
-4036
-4847
-3596
-1375
1278
2609
1787
-345
-2857
-4482
-5085
-4125
-2048
597
2842
3454
2603
768
-1123
-2471
-2936
-2052
-571
300
616
479
463
242
-460
-1610
-2782
-3766
-4287
-4243
-3446
-2328
-1389
-1629
-2890
-5169
-7258
-9433
-9776
-5400
3005
12013
14764
9958
3115
-2918
-5620
-5332
-2019
5414
11760
13465
10415
5682
2790
1211
-307
-1888
-1568
353
1948
2852
2289
1794
1056
-978
-2576
-4502
-6820
-8602
-8946
-6012
-1371
2053
2971
1013
-2816
-6970
-9170
-7937
-3734
1086
3735
4467
4311
3499
2614
879
46
531
1071
1969
2891
4280
5589
5530
4789
3504
2120
110
-2027
-2883
-1873
1108
4197
5494
4232
766
-3103
-6233
-7162
-5760
-3056
-522
807
1081
479
-507
-1381
-2168
-2377
-1979
-1136
-110
810
1706
2072
1868
1123
-54
-1155
-2291
-2701
-2256
-1197
33
443
-286
-1791
-3837
-5354
-6220
-6000
-5449
-5217
-5918
-7184
-9230
-10712
-6439
2325
12489
16527
11109
3704
-2078
-4299
-2831
481
7927
14008
14558
10001
5278
4172
4088
2962
-78
-1835
-1105
-1452
-1387
-1112
420
2108
393
-2659
-6354
-9996
-12029
-12046
-8227
-2557
1387
2218
-169
-3328
-5868
-6285
-4231
-1394
1187
1731
1908
3468
5271
7309
7057
5748
4296
1869
518
349
2244
4860
6147
6393
5016
2840
-100
-2860
-3386
-2335
-368
589
-97
-1268
-2663
-3295
-3683
-3846
-3333
-3212
-2850
-2697
-2072
-197
1513
2641
2325
1128
302
-171
-71
195
900
1547
1213
514
-599
-1099
-1111
-1244
-1648
-2801
-3993
-5061
-6088
-6025
-5770
-5189
-5436
-6503
-8568
-10466
-13115
-13824
-5900
6019
17467
19458
11396
5624
2060
809
716
1926
8669
12402
11033
7207
7364
12023
11696
5772
-2310
-5874
-6187
-8134
-7546
-4210
1208
3258
-1401
-5313
-8072
-10286
-12071
-13344
-9837
-5459
-3278
-2633
-1910
1381
3177
3220
2114
700
205
-1373
-28
4043
8740
12154
11168
9781
7519
4528
2419
537
836
863
183
-100
-281
644
799
540
128
-1732
-4058
-7025
-8123
-6818
-4745
-2131
-1128
-415
167
-2
422
98
344
616
242
651
1460
3560
5034
5137
4351
2674
1114
-1080
-2689
-3270
-3215
-2633
-2821
-2889
-2905
-3476
-4395
-6347
-8078
-9216
-10055
-10367
-10184
-10403
-10267
-13293
-8399
3844
14965
21057
14108
8455
7291
4693
4598
2604
8035
12951
10581
7381
6842
13058
13933
7230
-1290
-5654
-5596
-10351
-12878
-9268
-2992
196
-4687
-7678
-6736
-7244
-9158
-12563
-10865
-7024
-6967
-6536
-3986
3571
8667
7741
5799
4448
5393
3142
1801
4548
7636
9998
7613
7395
8945
8726
7601
3573
965
-1993
-5423
-6929
-6975
-4022
-1630
-773
-1192
-2077
-2237
-3606
-4970
-5907
-6038
-5336
-4853
-2508
992
4132
6090
5477
4580
3379
2274
1608
1023
1741
2393
2757
2927
2956
3082
2049
83
-2609
-5207
-6703
-7688
-7566
-7069
-6427
-6110
-6773
-7260
-7401
-7376
-7864
-9420
-11735
-13784
-16528
-7470
7079
18347
22453
16021
15635
14044
8656
6493
5518
9366
5897
1483
3637
9935
14802
11587
8133
3607
-3288
-12137
-17702
-14235
-10567
-9862
-10245
-9156
-4856
-4212
-5628
-4152
-3855
-5521
-10570
-12501
-7451
-1634
4103
6972
10245
12512
11325
9897
8062
9155
7785
4440
1954
965
4489
5959
7180
7998
6076
2638
-3618
-7190
-7939
-8216
-9146
-10251
-8288
-5249
-2372
-235
1770
2745
-141
-3207
-4498
-3598
-1960
-1140
1561
4356
6007
7035
7928
9023
7622
4245
1302
-530
-1590
-2217
-1409
-208
-128
-1201
-2275
-2440
-3364
-5494
-7581
-9569
-10670
-11540
-11183
-9278
-7277
-5810
-5378
-5875
-7584
-10170
-13330
-4706
7892
15588
17498
12918
16711
18211
14544
11677
9986
12133
5194
-1929
-373
6719
9921
5341
2784
2136
-701
-8896
-14456
-11031
-9146
-13092
-17512
-15850
-8539
-6003
-5818
-2179
127
-505
-5678
-6729
-1401
1945
3040
2803
6181
9397
10119
11341
12934
14944
11303
6063
2391
1040
2514
1486
1272
852
-653
-1855
-3621
-3212
-3349
-5636
-8519
-10588
-9585
-7321
-4693
-2088
-132
1013
227
476
1634
2651
2670
1305
1671
2150
3067
4845
6612
7857
6417
4487
3289
2362
1214
-609
-1958
-3452
-4999
-5970
-5595
-4317
-4278
-5160
-6456
-7749
-8178
-8866
-9029
-8859
-8914
-8791
-8368
-7817
-7950
-8873
-9770
-167
11135
16946
17975
14627
18307
17439
12858
10259
9165
10486
3756
-1401
853
6312
7484
3452
2022
935
-3250
-10832
-14108
-10720
-10206
-14302
-17298
-14410
-7786
-6054
-5229
-1308
521
-455
-4432
-3671
1133
3141
3565
3359
6355
8801
9781
11372
13067
14112
9919
5362
2480
1719
2048
0
-850
-1842
-3007
-3710
-4709
-3555
-3461
-5584
-7915
-8944
-7268
-5832
-3754
-2043
-595
309
-177
1602
3013
4156
3543
1950
2417
2469
3595
4668
5696
5899
4293
3209
2688
2512
1337
-520
-2384
-4223
-5502
-6246
-6007
-5471
-5782
-6446
-7012
-7171
-6748
-7186
-7503
-7982
-8317
-8811
-8505
-8202
-8353
-9865
-9144
2897
12691
17915
17331
16002
20738
16949
12890
9926
9545
8097
-633
-3229
201
5312
5128
2682
2565
497
-4329
-10461
-11207
-9160
-11853
-16569
-18650
-14757
-8493
-6754
-3807
213
2084
1310
-2045
152
3428
4074
2831
1642
4548
6641
8829
10833
13370
14126
9814
6289
3702
3282
1715
-2018
-3740
-5487
-5985
-6091
-5494
-3126
-2958
-4295
-6057
-5927
-4236
-3864
-2908
-2431
-1598
-1519
-995
2007
3667
4740
4203
3998
4526
4002
4355
4392
4131
2736
1246
1348
1759
1961
1273
187
-1593
-3749
-4994
-5688
-6150
-6773
-7765
-8044
-8154
-7470
-6578
-6564
-6420
-6821
-6840
-6944
-7668
-8644
-10193
-11773
-3171
8258
15101
17632
15662
20723
20574
16458
13631
10971
9935
840
-5125
-3598
1097
2912
1403
2346
1858
-933
-5652
-7309
-6562
-10170
-15561
-19167
-18305
-13371
-9930
-6098
-1347
1203
2894
1897
2799
5550
5855
4624
1266
1110
3198
5876
8302
10139
12667
11433
9212
7148
6444
5595
663
-3408
-6795
-8625
-8698
-8301
-5452
-4112
-4410
-4796
-4098
-1562
-881
-671
-1501
-2342
-2867
-3230
-584
1556
3256
3707
4079
5814
6171
6786
6428
5246
3100
622
-20
-48
-74
-670
-1208
-1675
-2569
-3013
-3169
-3737
-5193
-7101
-8200
-8841
-9179
-8493
-8094
-7482
-7252
-6657
-5712
-5267
-6150
-7794
-10534
-5371
5849
12116
15371
13438
17619
20421
16965
15675
13388
13004
5052
-3368
-3962
-810
1327
-930
-509
-204
-1583
-4393
-5438
-3929
-6774
-12370
-16557
-17468
-14631
-11957
-9144
-4508
-2102
-2
1372
3722
7699
8264
7254
4187
2557
3333
4535
6474
7293
9326
9168
7835
7446
7636
8511
4434
-467
-4211
-7106
-8166
-9375
-8098
-6825
-7227
-7070
-5648
-2005
107
790
818
277
-9
-1361
-240
1033
1381
1282
1165
3685
4980
6093
6966
6704
5477
3013
1942
1357
264
-1490
-2788
-3234
-4037
-4241
-3708
-3447
-4240
-5756
-6365
-6747
-7657
-8189
-8523
-8389
-8621
-8559
-7401
-6520
-6744
-7683
-9713
-3500
7250
13303
15784
13365
17564
19512
16427
14758
12467
12330
4605
-2538
-2830
551
2347
-483
-534
-800
-1961
-4650
-5454
-4005
-7117
-12343
-16118
-16615
-13908
-11612
-8912
-5048
-3107
-1000
813
3917
7877
8419
7409
4644
3207
3653
4832
6634
7121
8458
8191
7491
7689
8236
8852
4895
216
-3536
-6081
-7060
-8628
-8067
-7627
-8262
-8054
-6184
-2525
-198
393
526
716
490
-292
690
1614
1274
461
820
3323
4807
5824
6705
6687
5612
3700
2961
2527
839
-1413
-2979
-3454
-4085
-4415
-3902
-3652
-4570
-5883
-6008
-5896
-6679
-7510
-8119
-8322
-8783
-8668
-7579
-6682
-7209
-7989
-9776
-5608
5603
12224
15935
13738
16022
19911
17065
15902
13138
12782
6659
-1911
-3222
-453
2447
-399
-1349
-1023
-1595
-3356
-4883
-3195
-5309
-10879
-15441
-16820
-14571
-12199
-10235
-6745
-4461
-2243
509
3656
8097
9106
8158
5676
3559
3685
4384
6142
6237
6809
6928
6700
7778
8257
9347
6563
1861
-1586
-4748
-6005
-7895
-8617
-8613
-9687
-9402
-7446
-3368
-154
501
859
1034
1423
1095
1169
1760
604
-546
-755
1470
3766
4940
6255
6463
6279
5185
4656
4204
2074
-674
-2953
-3906
-4498
-4930
-4685
-4465
-4938
-5579
-5359
-4780
-5329
-6605
-7603
-8268
-8893
-9188
-8663
-7759
-8506
-9432
-11107
-4225
7388
13233
16124
13529
18042
20191
16994
15750
12988
12547
4066
-3343
-3371
353
2585
-711
-826
-454
-619
-2802
-3874
-2487
-5726
-11560
-16298
-17295
-14410
-12211
-10392
-7264
-5146
-1926
1203
4839
8862
9224
8164
5136
3376
3609
4510
5929
5230
5893
6032
6722
8449
9195
10263
6799
2331
-1350
-4311
-5556
-7911
-8873
-9798
-10846
-9766
-6830
-2701
-418
546
1309
1799
2131
1634
1992
1233
-647
-1525
-904
1794
3284
4405
5631
5997
6074
5622
5619
4741
2236
-787
-3097
-4121
-4847
-5128
-5083
-5253
-5671
-5774
-4863
-4383
-5031
-6195
-7256
-8247
-8871
-9345
-8937
-9181
-10161
-11584
-10164
1398
10318
15169
14802
15174
21309
19252
17168
14063
12995
9295
-1070
-4414
-2324
2459
1169
-1595
-661
116
-1
-2677
-2378
-2967
-8038
-13881
-17568
-16457
-13502
-12231
-10313
-7681
-4523
-243
2789
7104
9697
9502
7492
4185
3882
4239
5258
4576
3790
5125
5778
7736
8796
10243
9900
5565
1861
-1661
-3384
-5508
-8608
-10109
-11640
-11381
-9649
-5881
-2052
-506
946
1932
3128
3194
2565
2319
265
-1580
-2141
-596
1840
2918
4327
5474
6227
6446
6463
6456
4723
1689
-1270
-3053
-4152
-5446
-6030
-6114
-6188
-6205
-5543
-4139
-3816
-4684
-5871
-7046
-8129
-9046
-9566
-9679
-10839
-11839
-12466
-4133
6982
12844
15508
14229
19976
21395
18656
16456
13256
11679
2420
-4187
-4117
-164
1667
-1434
-1206
-26
1293
-261
-1537
-1191
-5024
-11072
-16514
-17737
-14995
-13207
-12269
-10083
-7078
-2089
2002
5858
9644
10167
9118
5739
4135
4606
5076
4819
2777
3228
4460
6537
8628
9799
11032
8208
4341
953
-1502
-3062
-6656
-9805
-12164
-12909
-11511
-8520
-4475
-1685
369
1509
2884
3936
3851
3374
1145
-1114
-2318
-1689
365
1932
3400
4712
5776
6623
7256
7520
6319
3612
268
-2213
-3779
-5046
-5940
-6470
-6614
-6507
-5883
-4352
-2980
-3082
-4096
-5633
-6975
-8275
-9134
-9834
-10799
-11700
-12273
-11182
-1494
8357
14141
15532
15084
21079
21191
19000
15459
12312
9545
17
-4796
-3992
727
1244
-1882
-1187
572
2374
146
-944
-1586
-6067
-12070
-17148
-17118
-14243
-13067
-12514
-10484
-6587
-1086
3127
7022
10144
10208
8553
5426
4555
5045
5109
3860
1720
2627
4365
7112
9092
10190
10727
7536
4254
1194
-669
-2617
-6927
-10364
-12861
-12806
-10984
-7998
-4476
-1981
-35
1284
3383
4619
4802
3748
1131
-905
-2005
-1237
231
1320
2607
3884
5197
6530
7728
8038
6545
3466
539
-1494
-3142
-4778
-6055
-6853
-7102
-6801
-5700
-3840
-2806
-2888
-3775
-5061
-6002
-7379
-8278
-9431
-10670
-11775
-12135
-11398
-3306
7076
12773
15048
14328
20044
22137
19680
16237
12327
10366
1841
-4269
-4308
-79
1261
-2593
-2395
41
2866
1314
-615
-962
-4558
-10175
-15754
-16554
-14052
-12988
-13452
-12025
-7850
-2013
2514
5978
9506
10440
9457
6625
5417
5916
5526
3871
1081
1485
3391
5890
8054
9029
10111
8030
5232
2853
1025
-694
-5187
-9501
-12414
-12830
-11387
-9093
-5866
-3539
-1517
61
2980
5376
5602
4724
2222
645
-654
-623
429
915
1499
2222
4030
5793
7162
7713
6799
4577
1961
23
-1663
-3587
-5606
-6941
-7405
-7141
-6101
-4449
-3135
-3128
-3485
-3960
-4531
-5669
-6919
-8117
-9709
-10872
-11633
-11240
-9739
-581
8184
12736
14081
14278
21167
21776
19063
14927
11606
9302
392
-4304
-3643
362
-261
-3897
-2541
661
3246
836
-881
-1337
-4816
-10308
-15134
-15086
-12826
-12950
-13910
-11760
-6824
-948
2729
5868
9425
10417
9439
6853
6381
6718
5484
2863
295
1695
3580
5518
6913
7979
9323
7346
5336
3547
1848
-654
-5797
-9706
-11853
-11937
-10949
-9178
-6439
-4098
-1924
590
4108
6096
5867
4378
2671
1299
103
-224
-70
48
215
1437
3399
5477
6981
7256
6481
4728
2882
1063
-869
-3405
-5651
-7164
-7819
-7376
-6352
-4703
-3736
-3470
-3330
-3206
-3578
-4805
-6142
-7494
-9015
-10594
-11706
-11576
-10190
-1528
6720
11532
13352
14259
21228
21856
19470
15480
12422
9974
979
-3841
-3705
-130
-1046
-4733
-3208
245
3199
963
-287
-162
-3357
-8844
-14041
-14227
-12393
-13244
-14742
-12727
-7653
-1956
1541
4995
9192
10692
9835
7461
7204
7526
5785
2689
34
1238
2701
4298
5839
7289
9016
7443
5902
4625
3195
813
-4343
-8382
-10971
-11567
-11229
-10055
-7521
-5226
-2346
74
3655
6250
6469
5328
3063
1993
603
-506
-1085
-1406
-872
148
2262
4694
6802
7503
6989
5928
4345
2525
137
-2635
-5347
-7504
-8423
-8067
-7084
-5587
-4321
-3497
-2743
-2446
-2512
-3500
-4875
-6407
-8639
-10567
-12038
-12355
-11470
-3166
5360
10274
12493
13792
21197
22584
20174
16413
13398
10815
1691
-3880
-4146
-766
-1946
-5855
-4204
-71
3516
1586
530
1091
-1686
-7260
-12835
-13309
-11927
-13402
-15811
-14299
-9100
-3303
329
3954
8752
10857
10364
8336
8357
8664
6345
2588
-521
333
1696
2951
4464
6199
8441
7649
6667
6081
5000
2549
-2791
-7197
-10030
-11159
-11318
-10805
-8769
-6586
-4071
-1094
2615
6161
6859
5967
4369
3085
2249
415
-493
-1293
-1496
-768
751
3537
5483
6576
6544
6086
5343
3672
1686
-1270
-4057
-6595
-7997
-7979
-7524
-6351
-5480
-4527
-3404
-2360
-2030
-2489
-3768
-5222
-7083
-9031
-10839
-11472
-12132
-7699
1608
7315
11411
11961
17515
22645
20890
18493
14516
13257
6522
-1672
-4153
-2370
-884
-5319
-5856
-2393
2013
2441
164
1467
664
-3524
-9652
-12458
-11159
-11711
-14810
-15559
-11711
-6215
-1927
1030
5879
9870
10717
9432
8652
9692
8321
4810
768
-75
1276
1663
2974
4342
6805
7554
6565
6702
6089
4903
739
-4309
-7444
-9631
-10496
-11406
-10441
-8426
-6349
-3167
235
4350
6349
6302
5831
4404
3734
2053
367
-883
-1921
-1530
-682
1588
3715
5412
6324
6315
6409
5396
3812
1049
-2063
-4542
-6731
-7776
-8054
-7512
-6570
-5553
-4021
-2492
-1381
-1417
-2260
-3543
-4854
-6617
-8239
-9992
-11143
-12401
-8884
669
6803
10977
11486
16458
22282
20712
18754
14988
13924
7527
-1501
-4146
-2670
-709
-5098
-6220
-2890
1306
2455
383
2175
1889
-2298
-8553
-11726
-10232
-10917
-14267
-15738
-12392
-7060
-3143
-34
5046
9485
10379
9178
8690
10039
9085
5309
1175
-57
839
1014
1986
3426
6030
7093
6294
6799
6918
6049
2210
-2755
-6031
-8461
-9765
-11080
-10736
-8965
-7174
-4587
-1350
3417
6161
6379
6042
5088
4929
3050
1235
-15
-1442
-1794
-1693
483
2805
4332
5377
5873
6436
5824
4666
2400
-390
-3084
-5566
-6873
-7633
-7459
-6780
-5839
-4646
-3182
-1834
-1237
-1603
-2434
-3601
-4922
-6696
-8301
-10147
-11071
-11721
-7517
1703
7257
10927
11314
16290
21452
20067
18051
14285
12949
6413
-1443
-3804
-2344
-803
-5259
-5934
-2876
1428
2461
677
2244
1342
-2502
-8242
-10765
-9496
-10610
-13855
-15261
-11889
-6972
-3068
111
4638
8709
9367
8707
8768
10062
8968
5038
1161
-47
828
968
1850
3205
5309
6267
5831
6881
7136
6171
2407
-2335
-5258
-7561
-8977
-10389
-10420
-8986
-7302
-4709
-1377
3186
5696
5764
5700
5352
5239
3288
1293
-107
-1682
-2140
-1953
176
2246
3648
4600
5293
6397
6281
5364
3065
170
-2489
-4977
-6385
-7233
-7295
-7002
-6384
-5173
-3317
-1616
-1018
-1314
-2011
-2993
-4306
-5940
-7428
-9123
-10588
-11871
-10353
-1471
5535
9581
10559
13392
20382
20436
18691
15514
13908
9764
559
-3387
-2936
-365
-3714
-6865
-4382
-10
2864
903
1890
2768
-211
-5721
-9879
-8897
-9011
-12315
-15480
-13704
-8812
-4895
-1979
1913
6938
8733
8344
8399
10127
10318
6753
2436
125
778
882
929
2085
3775
5515
5307
6187
7573
7302
4815
-81
-3439
-5630
-7437
-9241
-10506
-9829
-8641
-6512
-3587
885
4500
5181
5345
5457
5948
4725
2438
849
-834
-1955
-2383
-1031
1022
2451
3432
4515
6066
6621
6109
4576
2287
-271
-3050
-5080
-6330
-7149
-7371
-7238
-6195
-4345
-2592
-1534
-1286
-1537
-2140
-3283
-4470
-5908
-7316
-9325
-10781
-11717
-9418
-630
5557
9310
9919
13355
20109
20005
18413
15012
13399
8822
305
-2943
-2314
-299
-4354
-7104
-4283
135
2570
624
1914
2644
-419
-5662
-8960
-7794
-8448
-12451
-15576
-13376
-8685
-5238
-2679
1373
6302
7967
7797
8468
10575
10381
6500
2345
706
1492
1068
768
1614
3257
4677
4465
5981
7600
7250
4426
-37
-2454
-4458
-6424
-8692
-10210
-9724
-8931
-7139
-4241
345
3730
4273
4587
5321
6240
5079
2743
1067
-387
-1592
-2243
-1121
812
1874
2650
3926
5703
6745
6214
4738
2543
145
-2408
-4557
-5956
-6920
-7488
-7638
-6708
-4907
-3105
-2061
-1794
-1657
-1772
-2502
-3647
-5023
-6387
-8119
-10042
-11133
-10517
-3069
4017
7649
9118
10976
18473
20348
18817
16006
13751
11407
3100
-1627
-2102
-331
-3263
-7801
-5911
-1747
1770
299
661
2644
856
-3394
-7436
-6824
-6833
-10792
-14804
-14160
-9810
-6531
-4445
-1122
4012
6804
7211
8264
10503
11403
8337
4180
1959
2136
1632
480
632
1612
3056
3296
4550
6730
7019
5295
1698
-675
-2336
-4608
-6950
-9269
-9885
-9506
-8289
-5891
-2350
1435
3065
3905
5291
6679
6623
4505
2741
1290
-312
-1371
-1429
-170
556
985
2179
4162
5852
5919
5198
3739
1937
-331
-2740
-4412
-6092
-7337
-8101
-7810
-6266
-4602
-3190
-2305
-1547
-1120
-1330
-1976
-2880
-4101
-6003
-7889
-9353
-10128
-9921
-3536
3409
7155
8798
10313
17511
19917
18426
15451
13080
11208
3088
-2179
-3028
-1202
-3707
-8535
-6633
-2222
1582
117
428
3209
1803
-2339
-6621
-5920
-5785
-10060
-14268
-13637
-9351
-7054
-5445
-1657
3890
6556
6626
8232
11065
11588
7985
4282
2704
2161
512
-893
-71
832
1465
1865
3840
6415
6428
5096
2806
718
-1422
-4084
-6041
-8186
-9668
-9952
-8574
-6110
-3014
238
2380
4313
5718
6919
7084
5700
4074
1914
112
-1126
-1604
-1300
-930
-181
1097
3051
4560
5338
5173
4120
2578
505
-1628
-3615
-5628
-7236
-7785
-7606
-6601
-5229
-3630
-2077
-1066
-425
-266
-593
-1437
-2939
-4448
-6022
-7380
-8781
-9556
-9636
-4237
2964
6848
9001
10257
16338
19026
17023
14434
12271
10685
3142
-2691
-3427
-1841
-3640
-8082
-6366
-2007
1018
34
546
3755
2629
-1766
-5551
-4976
-5159
-9326
-13019
-12408
-9127
-7518
-5651
-1620
3406
5779
6156
8076
10223
10418
7551
4538
2710
1262
-81
-1026
-443
-39
644
1741
3305
5305
5792
5366
3565
1247
-657
-2769
-4792
-7275
-8978
-9154
-8286
-6620
-4014
-676
1814
3679
5146
6695
7453
6232
4568
2697
1149
-493
-1630
-1615
-1381
-1002
-241
1550
3298
4240
4338
3933
3093
1346
-688
-2528
-4287
-6013
-7147
-7195
-6242
-5072
-3933
-2481
-1181
-152
197
143
-294
-1482
-2954
-4309
-5516
-6665
-8038
-8656
-9155
-5789
1541
6056
8565
8817
13009
17441
16114
13892
11211
10437
4942
-1965
-3694
-2289
-1925
-6592
-6959
-2979
740
943
-21
3184
3679
128
-4281
-4872
-3737
-6951
-11284
-12092
-8987
-6934
-6050
-3113
1593
4787
5024
6161
8659
9784
7882
4639
2803
1666
332
-956
-790
-188
171
1015
2332
4558
5612
5368
4198
2219
594
-1322
-3273
-5489
-7501
-8461
-8428
-7226
-5027
-2107
565
2498
4110
5661
6825
6944
5540
3815
2083
297
-987
-1746
-1688
-1704
-1390
-310
1338
3054
3616
3588
3084
2266
834
-908
-2333
-3952
-5257
-6223
-6111
-5092
-4091
-2928
-1913
-665
172
571
512
-43
-1003
-2411
-3640
-4653
-5634
-6407
-7265
-7501
-7986
-4984
2175
6449
8147
7735
11239
15551
14195
11773
9456
9029
4282
-2223
-3365
-1331
-752
-5375
-6125
-2191
1181
1048
-211
2845
3386
-372
-4434
-4522
-2858
-5821
-10147
-10985
-8015
-6167
-5751
-3105
1218
3904
3595
4515
7383
8768
7002
3979
2590
1893
805
-351
-123
437
387
764
1888
4016
5076
4571
3576
1999
603
-870
-2502
-4295
-6195
-7279
-7427
-6259
-4429
-2206
-504
982
3003
4694
5828
5649
4911
3774
2109
701
-215
-693
-1396
-1777
-1499
-346
1043
2007
2799
3019
2833
2255
1360
211
-1132
-2719
-4096
-4723
-4857
-4409
-3855
-3156
-2127
-1206
-330
149
272
-63
-789
-1712
-2616
-3361
-4236
-4977
-5738
-6273
-6545
-6703
-6170
-1070
4273
6475
6565
7432
12540
13735
11459
9195
8461
7216
1110
-2311
-1541
229
-2518
-6215
-3879
-196
1309
-631
243
2843
1156
-2509
-4412
-2629
-3218
-7420
-9873
-8352
-5735
-5447
-4596
-1382
1971
2858
2975
5459
7827
7592
5082
3282
2909
2053
630
-189
135
9
-137
540
2201
3850
3849
3218
2339
1295
322
-1075
-2495
-4297
-5922
-6718
-6582
-5165
-3518
-1727
-581
887
3102
4490
5234
4789
4305
3280
1639
719
33
-504
-1533
-1789
-918
162
1240
1825
2614
2858
2534
2078
1230
360
-1377
-3047
-4042
-4446
-4559
-4507
-3863
-2924
-1935
-1179
-310
512
677
229
-599
-1191
-2096
-3102
-4080
-4640
-4995
-5390
-5670
-5694
-5683
-4612
383
4586
6164
5909
7351
11561
11518
9454
7659
7537
5533
-94
-2172
-985
123
-3173
-5483
-2734
111
508
-1188
767
2747
530
-2723
-3473
-1531
-3066
-6885
-8215
-6291
-4720
-5183
-3861
-536
2091
2150
2468
5133
6984
6140
4009
3210
2960
1592
76
-330
-15
-429
-871
-138
1557
2667
2374
2116
1793
1112
205
-990
-2171
-3738
-5125
-5929
-5840
-4662
-3376
-2130
-1082
551
2812
4231
4929
4812
4654
3982
2650
1802
981
109
-1111
-1648
-1200
-518
177
609
1300
1676
1695
1554
1132
427
-951
-2308
-3189
-3695
-4033
-4184
-3822
-3225
-2527
-1701
-584
255
493
386
200
-236
-936
-1967
-2758
-3376
-4061
-4708
-4931
-5074
-5150
-5810
-4974
20
3828
5079
4630
6411
10546
10236
8372
7088
7418
5176
-265
-1943
-749
51
-3546
-5465
-2595
-58
100
-1198
1310
3133
855
-1920
-2184
-412
-2276
-6021
-7103
-5436
-4497
-5365
-4062
-938
1180
1155
1790
4649
6239
5380
3555
3148
2990
1439
-47
-486
-358
-1173
-1642
-777
766
1627
1404
1572
1660
1227
457
-454
-1392
-2854
-4286
-5007
-4916
-4306
-3343
-1990
-855
664
2476
4023
4864
4871
4769
4092
3049
2027
1018
-138
-1326
-1930
-1947
-1475
-921
-274
477
960
1264
1370
1151
484
-584
-1674
-2456
-3105
-3612
-3872
-3721
-3118
-2449
-1591
-583
304
784
938
820
538
-37
-920
-1916
-2743
-3520
-4123
-4588
-4781
-4895
-4962
-5266
-4878
-862
2764
4173
3895
4884
8750
9204
7618
6421
6639
5484
797
-1213
-443
444
-2275
-4735
-2547
-204
158
-1227
471
2769
1223
-1171
-1724
-25
-1170
-4574
-5859
-4674
-3766
-4887
-4239
-1489
431
434
799
3544
5374
4743
3350
3101
3214
1818
205
-353
-261
-1187
-2063
-1461
-62
834
509
653
1270
1280
797
129
-290
-1298
-2801
-3634
-3840
-3182
-2668
-2128
-1171
104
1942
3134
4078
4646
4550
4189
3218
2602
1663
312
-1065
-2069
-2055
-2204
-1917
-1408
-767
-43
132
689
1026
912
218
-694
-1226
-1770
-2220
-2725
-2708
-2435
-2081
-1444
-678
292
914
1130
1284
1275
1136
340
-570
-1381
-2279
-3092
-3899
-4257
-4453
-4764
-5153
-5322
-5270
-2388
1216
2981
3204
3854
7045
8565
7353
6465
6721
6211
2375
-361
169
904
-1346
-4187
-2853
-588
-401
-1500
-278
2474
1712
-589
-834
886
341
-3003
-4422
-3448
-3093
-4519
-4477
-2004
-324
-558
-275
2393
4668
4295
3337
3596
4004
2706
1016
648
573
-665
-2102
-1832
-571
-196
-686
-372
687
817
342
252
380
-181
-1513
-2318
-2214
-2280
-2526
-2137
-1360
-600
343
1525
2963
3666
3748
3871
3882
3527
2572
1427
219
-844
-1758
-2285
-2446
-2346
-2073
-1648
-899
-147
491
793
874
784
581
282
-191
-623
-1024
-1298
-1370
-1279
-823
-341
142
547
845
1198
1285
1099
571
-19
-805
-1642
-2583
-3295
-3824
-4329
-4785
-4953
-4788
-4612
-4652
-4568
-1842
1053
2521
2873
4154
7035
7634
6452
6026
6670
6015
2703
741
1061
1008
-1240
-3108
-1837
-609
-1166
-2039
-610
1327
320
-1227
-1044
171
-570
-2889
-3395
-2473
-2658
-3823
-3316
-1190
-27
-205
475
2910
4521
4059
3582
4000
4137
2818
1532
1322
871
-631
-1943
-1736
-1007
-1017
-1479
-1211
-472
-391
-674
-480
-153
-627
-1691
-2125
-1993
-1989
-2371
-2232
-1259
-358
471
1579
3069
3977
4087
4170
4316
4025
3012
1724
655
-325
-1422
-2247
-2509
-2417
-2336
-2055
-1335
-329
425
801
1041
1114
1031
650
192
-361
-939
-1412
-1669
-1580
-1318
-963
-504
0
561
1061
1305
1441
1157
608
-90
-823
-1571
-2389
-3126
-3496
-3866
-4077
-4214
-3915
-3699
-3260
-3436
-2293
554
2377
3104
3325
5282
6923
6221
5256
5406
5790
3750
928
371
766
-208
-2444
-2694
-1374
-1361
-2258
-1914
329
762
-662
-1116
166
706
-819
-1887
-1387
-1093
-2075
-2449
-890
393
129
-17
1363
3194
3387
2894
3103
3348
2483
1271
980
796
-341
-1966
-2370
-1828
-1758
-2132
-2052
-1383
-1067
-1094
-726
29
212
-375
-696
-462
-308
-504
-686
-422
178
791
1418
2356
3199
3484
3416
3446
3450
2848
1753
603
-287
-1238
-2237
-2878
-2975
-2871
-2840
-2375
-1436
-479
195
628
1151
1500
1519
1245
971
721
200
-321
-582
-569
-523
-501
-235
174
581
805
884
903
774
395
-154
-724
-1465
-2264
-2922
-3295
-3524
-3549
-3664
-3510
-3301
-2849
-2601
-2173
-2113
-1684
328
1906
2860
3009
4444
5978
5778
4894
5024
5555
4140
1787
750
807
-155
-2228
-2754
-1990
-2210
-3149
-2756
-845
-45
-934
-1081
326
1096
169
-525
-15
164
-935
-1401
-313
581
37
-390
816
2351
2589
2217
2592
2985
2333
1361
1209
1102
-4
-1641
-2134
-1721
-1883
-2478
-2542
-1977
-1601
-1456
-852
29
359
8
21
562
799
485
50
111
442
621
788
1339
2069
2248
2082
2288
2675
2371
1366
531
75
-611
-1446
-1969
-2107
-2329
-2482
-2028
-1097
-386
41
526
1188
1685
1765
1660
1440
1157
629
209
-37
-241
-519
-812
-605
-223
20
184
358
507
438
245
23
-357
-912
-1621
-2101
-2468
-2718
-2926
-3060
-2892
-2506
-2235
-1873
-1580
-1217
-1086
-959
-1138
-930
475
1471
2057
2188
3391
4510
4215
3676
3898
4422
3228
1409
603
417
-533
-2286
-2641
-2316
-2693
-3294
-2615
-739
-62
-424
65
1447
2192
1618
1427
1677
1206
4
-446
295
395
-560
-938
-124
833
871
995
1440
1617
1143
768
953
713
-353
-1441
-1760
-1692
-1944
-2279
-2212
-1792
-1437
-1035
-224
496
812
858
1046
1455
1516
1162
795
682
621
512
668
913
886
722
722
1027
1066
750
300
32
-326
-739
-966
-1060
-1133
-1216
-980
-542
-18
421
771
1137
1480
1636
1597
1506
1220
819
355
93
-99
-404
-759
-804
-672
-611
-463
-389
-186
-202
-407
-544
-634
-834
-1182
-1426
-1619
-1730
-1868
-1925
-1823
-1535
-1257
-1121
-866
-518
-306
-326
-408
-454
-672
-1040
-1093
-450
429
980
1228
2039
2960
3026
2699
2794
3222
2516
1015
164
-138
-788
-1911
-2204
-1994
-2129
-2411
-1796
-180
728
702
1056
1910
2484
2129
1819
1840
1231
237
-387
-66
-167
-904
-1236
-841
-128
44
212
618
811
594
414
576
466
-195
-920
-1235
-1162
-1331
-1543
-1543
-1322
-1003
-769
-196
324
704
849
1028
1320
1347
1033
636
474
380
486
430
431
331
368
343
257
321
236
20
-383
-545
-484
-619
-687
-730
-620
-482
-327
11
394
720
784
907
1014
1085
1102
819
576
250
-54
-259
-375
-472
-575
-731
-754
-589
-436
-337
-385
-488
-537
-637
-760
-901
-1099
-1305
-1454
-1463
-1373
-1293
-1199
-1031
-800
-569
-464
-303
-234
-214
-233
-315
-597
-860
-1179
-1393
-994
-556
-22
279
1005
1713
2148
2213
2237
2506
2174
1485
715
189
-361
-1030
-1482
-1624
-1689
-1762
-1394
-467
305
738
1143
1640
2079
2142
2011
1675
1092
362
-199
-395
-638
-1078
-1417
-1361
-850
-401
-40
372
612
787
853
983
868
421
-95
-556
-893
-1223
-1465
-1594
-1570
-1417
-1168
-832
-357
104
388
674
951
1061
951
556
493
588
531
290
117
285
295
219
103
280
324
106
-4
-50
46
-102
-249
-169
-176
-62
-79
141
360
379
464
373
476
453
244
111
-106
-261
-553
-619
-530
-546
-608
-550
-319
-124
-55
-46
-45
-26
-160
-260
-384
-598
-864
-1077
-1086
-1068
-1072
-1063
-960
-782
-716
-704
-578
-556
-518
-536
-540
-669
-772
-907
-1029
-1135
-1234
-1356
-1206
-835
-441
12
530
1132
1468
1575
1718
1951
1743
1320
900
540
72
-419
-625
-777
-1024
-1180
-976
-464
-66
219
604
881
1066
1169
1256
1102
650
130
-227
-450
-779
-1100
-1178
-1136
-1086
-872
-527
-124
94
274
437
541
593
457
283
-45
-335
-568
-822
-1002
-1065
-1004
-999
-874
-692
-432
-237
13
210
338
368
562
689
757
590
626
562
246
81
-113
-81
-194
-361
-434
-524
-447
-323
-156
-45
66
250
486
716
714
657
552
433
289
77
-137
-328
-546
-711
-702
-606
-578
-561
-452
-279
-94
-68
-70
-115
-120
-239
-412
-545
-714
-981
-1114
-1123
-1100
-1131
-1111
-976
-821
-646
-535
-430
-397
-305
-307
-369
-453
-589
-709
-791
-841
-943
-1000
-1017
-991
-912
-888
-787
-564
-367
-94
165
545
792
919
911
921
966
877
643
340
117
-126
-326
-422
-437
-495
-478
-246
0
198
385
549
658
727
735
657
408
66
-194
-323
-474
-652
-762
-828
-722
-597
-424
-214
-58
37
146
277
292
170
-73
-183
-317
-416
-527
-663
-789
-726
-594
-369
-217
-32
219
462
706
875
913
875
777
631
428
134
-74
-295
-516
-544
-565
-602
-540
-437
-278
-60
129
301
385
431
454
412
245
61
-81
-278
-459
-575
-594
-636
-585
-574
-444
-294
-226
-130
-94
-34
-11
-38
-60
-106
-349
-488
-606
-767
-844
-898
-869
-860
-835
-781
-754
-608
-410
-298
-214
-162
-165
-199
-245
-301
-401
-541
-641
-726
-758
-725
-718
-630
-542
-460
-392
-315
-151
-105
-84
-15
48
147
204
368
345
318
335
396
471
389
295
151
53
-53
-91
-149
-248
-258
-300
-239
-180
-71
-37
-16
99
210
271
246
172
139
75
23
-19
-154
-135
-248
-270
-180
-134
-89
-31
-1
-3
67
111
59
28
-21
-91
-197
-225
-225
-231
-149
-79
68
126
289
443
567
492
436
386
297
271
26
-91
-149
-171
-193
-171
-156
-174
-57
48
182
225
240
289
277
216
170
93
-84
-177
-245
-228
-222
-272
-275
-220
-143
-52
-33
-49
-43
10
8
-28
-88
-216
-267
-306
-364
-398
-453
-432
-389
-409
-393
-401
-433
-362
-224
-231
-188
-186
-197
-222
-213
-132
-113
-113
-210
-206
-175
-141
-165
-193
-293
-355
-308
-226
-167
-237
-188
-118
-133
-162
-147
-199
-199
-224
-167
-145
-144
-19
90
244
194
171
298
373
388
293
177
166
69
-28
-45
-42
-124
-149
-67
38
129
112
207
252
312
314
299
288
235
156
99
45
20
-94
-160
-92
20
23
-86
-101
-7
143
245
239
231
215
203
167
197
246
175
191
222
258
283
272
252
293
249
231
125
37
55
150
190
65
28
21
32
24
65
20
-1
-31
49
66
-17
-96
-126
-112
-127
-122
-120
-140
-162
-127
-74
-106
-156
-70
-96
-11
-20
-91
-66
-74
-30
-92
-135
-186
-248
-262
-177
-140
-141
-153
-131
-27
55
45
35
50
-24
-37
-50
-21
-110
-186
-172
-149
-186
-248
-236
-179
-98
-136
-69
15
-17
-38
-77
-4
0
-104
-187
-236
-249
-313
-296
-247
-206
-180
-195
-126
-22
22
96
166
160
220
183
201
193
190
123
84
130
18
-46
-88
-21
75
118
86
83
107
163
192
213
250
209
122
205
318
245
206
217
200
205
175
170
182
139
129
142
195
250
266
266
263
282
304
299
235
283
219
194
223
144
154
51
-2
-61
-113
-128
-104
2
19
23
52
64
156
209
245
169
126
120
29
-47
-202
-240
-258
-284
-220
-208
-203
-131
-139
-105
-35
-6
7
45
58
-62
-60
-50
-87
-163
-223
-290
-244
-206
-152
-71
-50
-64
-27
-20
16
73
53
81
72
15
-5
3
-20
-105
-241
-256
-240
-269
-224
-198
-267
-203
-174
-160
-96
-90
-52
-81
-126
-150
-136
-138
-184
-253
-264
-255
-270
-234
-198
-106
-60
-91
26
80
65
71
8
-46
-110
-88
-37
-19
36
63
-4
56
72
159
209
233
260
312
221
144
176
41
23
89
67
53
79
75
84
51
85
99
154
169
106
124
137
97
128
174
166
119
140
188
215
263
291
233
214
191
156
120
133
116
62
37
18
42
30
-29
-22
-65
-111
7
28
-16
7
42
41
98
135
150
139
139
139
165
115
123
102
65
12
-54
-28
-10
-19
-53
-29
-32
41
85
80
31
33
-18
37
-6
-87
-58
-99
-16
-57
-62
-55
-38
24
-4
33
136
110
58
33
5
-35
-76
-141
-100
-73
-105
-80
-64
-21
-107
-54
24
-5
-3
29
6
11
19
2
10
23
15
5
97
101
62
37
-11
-23
12
13
5
68
47
27
64
92
155
138
111
71
63
72
71
44
2
-13
-39
51
29
44
83
58
136
172
187
222
299
239
145
132
188
167
148
150
62
15
14
91
124
144
121
203
257
260
296
236
176
121
76
76
63
4
18
12
78
92
82
72
62
51
105
163
108
109
76
52
54
114
76
43
69
67
72
56
85
61
30
-31
42
72
69
77
33
-22
-6
27
37
85
113
112
24
12
1
17
-4
-11
9
-22
-2
5
24
13
13
-7
-1
-45
-72
-21
-62
-106
-133
-168
-116
-151
-128
-99
-121
-50
-16
38
-2
42
44
4
4
-59
-21
-24
-35
-43
-24
-21
-37
23
-53
0
17
-15
-12
-57
-40
-84
-39
-36
-69
-105
-121
-98
-87
0
-1
-3
17
5
42
65
29
23
-10
27
31
17
48
-34
-55
5
51
53
43
-29
34
106
28
38
8
50
24
-43
14
20
-12
11
0
43
-7
7
64
52
104
106
62
66
45
79
107
99
82
75
48
1
57
84
48
59
52
34
-4
56
30
-46
-43
-48
12
61
29
-10
36
-1
-60
11
12
32
60
-8
-15
-10
31
16
-14
-14
-25
-48
-80
-8
63
30
-5
-11
8
-38
-75
-11
-47
-121
-87
-110
-130
-76
-91
-76
-39
-9
32
88
-5
5
-20
-21
-43
-65
-46
-75
-63
-80
-29
-88
-89
-115
-68
-28
-35
-36
-116
-42
4
-34
-55
-122
-120
-78
-1
-20
-89
-87
-42
-9
-6
9
19
-7
44
122
-9
-61
-75
-49
-78
-83
-55
-52
-99
-108
-124
-165
-98
-60
-11
-22
-54
-7
15
-68
-60
-19
-54
-77
-97
-38
11
28
88
51
61
41
63
117
99
64
12
45
33
-43
-100
-142
-152
-99
-83
-36
-18
14
36
33
105
123
93
120
86
54
16
10
20
-18
-28
-15
15
14
32
66
87
58
49
88
27
11
-60
-82
-61
-99
-38
-116
-60
-36
-16
54
-3
5
64
75
35
23
29
9
4
2
21
-34
-51
-57
-39
-1
-14
3
6
9
18
31
8
15
-46
-127
-139
-141
-140
-155
-130
-79
-68
-85
-70
-108
-133
-100
-45
-47
-50
-45
-38
-58
-62
-69
-58
-91
-108
-94
-103
-94
-113
-105
-96
-169
-154
-50
-72
-38
-70
-47
-45
-54
-121
-107
-58
-78
-74
-111
-91
-82
-74
-103
-91
-125
-94
-102
-131
-22
-74
-110
-100
-63
-37
-67
-19
-13
-37
-66
-94
-103
-94
-113
-57
-70
-99
-105
-10
-27
-35
-29
-23
-94
-116
-68
-96
10
-98
-126
-52
-61
-72
-65
-78
-72
-31
-51
10
-25
-39
-48
3
10
-24
-4
-21
-16
-10
-6
-9
-11
-33
-30
-36
-36
-93
-74
-36
1
43
36
2
-51
-10
-87
-96
-69
-45
-111
-134
-78
-114
-16
-2
4
28
-24
-4
-14
-55
4
-8
-27
-34
-54
-69
-82
-87
-78
-35
-57
-96
-103
-82
-62
-163
-146
-127
-159
-103
-76
-51
11
-19
-84
-75
-104
-84
-167
-133
-121
-90
-78
-82
-24
-46
-49
-41
-46
-139
-28
-7
-40
-37
-136
-100
-152
-171
-139
-101
-106
-168
-153
-119
-110
-117
-129
-141
-92
-94
-55
-91
-130
-170
-103
-84
-98
-57
-72
-67
-22
-72
-48
-38
-83
-79
-102
-73
-105
-119
-113
-61
-108
-180
-120
-114
-80
-165
-119
-101
-76
-67
-105
-59
-44
-33
-50
-37
-2
46
3
24
37
28
-24
6
52
-12
13
-13
49
19
-27
26
54
88
76
52
60
49
27
22
43
32
-25
-25
-34
-71
-27
-34
-31
31
21
-28
-22
-3
-17
-59
-66
-76
-39
-5
16
-41
-65
-18
32
73
17
69
24
8
-19
-17
-10
-49
-42
16
-12
-82
-64
-65
-111
-106
-63
-55
-83
-47
-123
-156
-91
-118
-54
-19
-53
-31
13
-15
1
6
21
41
17
-7
5
68
67
45
13
-19
1
19
34
38
63
13
-13
-26
-47
-35
-98
-87
-121
-129
-92
-86
-70
-85
-16
5
83
58
63
83
4
40
-30
-32
-26
-79
-124
-111
-121
-90
-22
-1
-29
1
68
38
32
6
-39
-74
-81
-83
-3
12
-40
-28
31
42
78
58
44
86
22
8
13
65
56
-35
-55
-11
4
-29
-16
-71
-43
36
35
3
38
67
22
1
12
-1
-12
-22
-26
-74
-32
-79
-106
-32
-25
-22
-45
-71
-41
-51
-1
-53
-70
-65
-105
-52
-62
-40
-69
-35
-40
-52
-33
-65
-80
-52
-7
24
21
16
-22
32
14
-34
9
29
67
13
19
-8
-70
-58
-38
-28
12
-5
-56
-90
-94
-95
-165
-154
-109
-70
-42
-6
-52
-25
22
-11
3
-32
-38
-4
41
19
16
33
74
38
28
42
58
95
114
107
71
40
-35
-17
-48
-83
-100
-52
-60
-28
5
5
35
48
44
100
115
122
60
48
69
13
15
40
59
-21
-48
-60
-6
-7
-6
-18
29
29
-14
53
-20
-45
13
-62
-82
-22
-43
19
24
-21
47
30
10
37
69
50
5
5
-36
-56
-32
0
-67
4
1
-13
49
70
8
-8
-22
-30
-36
-83
-125
-112
-87
-62
3
25
38
9
1
-11
-34
6
15
-24
-27
-47
-7
-38
-14
-8
-21
-4
28
41
0
-32
19
11
-36
-104
-104
-91
-118
-48
-73
-27
13
-39
-35
-52
-64
-5
-31
-14
4
20
41
51
0
-90
-27
-79
-98
-4
-18
-44
-48
-71
-15
44
-40
-33
18
7
-36
-12
6
-42
-3
31
45
1
-12
-39
-53
29
53
37
51
-1
-56
-3
