114
51
51
74
79
103
69
86
120
117
141
167
148
128
133
128
85
66
94
76
102
143
160
142
116
133
51
121
87
64
86
83
131
143
176
143
117
115
152
133
101
119
107
101
109
130
120
137
125
138
152
70
99
112
133
116
120
137
127
133
117
121
100
109
114
62
88
75
103
140
83
129
133
100
134
160
104
114
113
78
158
189
212
185
164
177
108
121
145
189
178
151
152
114
117
123
159
110
79
89
109
122
100
105
133
113
126
102
152
160
124
102
71
98
76
98
81
103
96
33
39
43
50
15
2
10
15
20
41
71
75
88
83
89
125
132
124
68
63
70
68
113
87
45
55
100
101
100
88
108
103
123
120
115
118
107
142
181
195
100
125
120
126
124
106
123
89
164
107
45
39
49
34
55
112
104
93
77
125
167
139
162
147
95
119
144
165
141
140
188
166
155
109
126
115
90
91
98
118
39
55
86
73
68
68
51
75
84
123
142
77
77
111
158
181
132
112
119
149
170
134
97
117
140
109
80
33
13
38
11
69
66
30
70
93
74
61
47
83
106
146
155
101
164
180
155
223
193
176
175
204
218
115
132
124
119
178
140
113
146
181
128
108
109
56
78
92
92
139
130
84
122
116
63
135
125
144
133
67
82
126
118
68
120
111
146
185
136
123
120
142
122
163
108
105
161
131
141
66
111
163
139
114
138
163
122
137
117
111
114
122
95
69
80
115
76
41
42
99
127
103
156
200
153
95
121
127
67
47
56
100
72
115
157
93
77
47
37
31
71
86
61
94
21
13
30
14
38
134
109
88
117
107
119
53
89
91
134
146
107
119
86
69
82
79
147
137
94
112
98
86
117
65
93
136
106
100
94
67
90
121
126
131
156
146
67
113
67
103
104
103
131
126
90
53
88
67
93
55
64
49
41
64
37
9
39
79
38
35
21
55
71
69
90
109
117
50
42
68
44
-5
-33
-21
38
50
56
77
96
86
58
101
56
42
33
24
19
33
3
26
47
68
10
-30
-2
-49
-4
-16
27
0
25
91
70
116
74
46
18
67
96
35
-14
-30
-2
32
108
67
52
67
69
40
76
83
61
54
71
50
62
45
57
69
15
61
63
100
98
104
59
116
82
31
66
59
59
69
86
59
92
75
86
114
103
74
78
60
57
34
6
40
14
20
17
23
19
-1
33
27
61
60
99
79
57
92
55
80
71
68
91
61
141
103
59
47
22
-12
10
26
-23
-48
63
58
48
33
23
48
32
23
-22
17
52
76
18
37
28
17
-17
-11
-37
-30
35
68
88
30
-23
-43
0
37
-3
39
55
-6
26
18
23
36
10
22
29
-2
-30
-65
-33
41
77
3
-4
39
45
48
17
0
18
28
34
12
15
71
32
66
21
-4
1
1
-6
5
-24
8
38
36
28
79
54
47
75
-11
31
53
53
28
20
2
-27
-4
-5
4
18
22
5
-61
-60
-56
-62
-32
-32
-2
6
-27
-22
-40
-106
-60
-2
-8
13
-9
-28
-17
-32
5
17
56
49
56
25
21
6
-16
-14
16
-22
-4
-46
-25
41
-1
39
-41
-23
-21
-1
48
-7
4
-30
11
48
31
28
60
58
49
45
81
111
79
50
12
69
36
59
25
18
-3
-34
-43
-49
6
34
59
78
47
45
29
-5
7
-14
20
15
-17
12
6
30
39
22
-33
-67
-26
6
41
46
20
53
31
31
-6
27
25
-29
41
-7
-24
9
55
77
37
16
32
-17
-2
-11
-31
-1
1
18
1
21
36
36
20
63
47
-24
28
54
8
18
28
21
17
39
17
-17
5
-39
1
30
7
-4
21
25
38
96
39
92
103
62
62
42
19
27
43
70
63
94
159
130
122
95
50
3
-15
-70
-90
-9
13
26
21
19
-3
-20
-41
-28
18
-3
24
-25
-41
-30
27
-1
66
38
11
18
9
36
17
2
-19
11
24
-1
5
29
45
29
12
53
41
48
17
-43
-19
-24
-16
-14
8
7
0
-23
-19
-23
13
74
24
44
28
14
8
14
50
50
38
12
-17
0
23
20
-16
-41
44
18
-3
63
34
72
-4
18
28
-8
36
61
36
-49
-23
-63
-49
0
31
93
27
7
48
-16
-43
-52
-44
-58
-69
-72
-79
-69
-80
-49
-47
-50
-38
3
-43
-48
-45
6
-8
-14
14
6
2
-4
2
-3
-8
-61
-40
-29
30
26
-22
-53
-93
-20
-23
-71
-74
-78
-54
-49
-68
-47
-10
-25
-92
-74
-52
-58
-41
-77
-48
-55
-68
-74
-69
-53
-22
-30
-39
2
30
36
-39
-57
-56
-18
-37
-38
-21
-51
-6
-69
-48
-37
-88
-100
-115
-97
-27
-44
-77
-52
-35
-36
-77
-70
-49
-46
-42
-60
-62
-7
-27
-59
-46
-1
33
8
-1
-26
2
-22
-33
21
-38
-21
-23
14
-36
-32
-42
-115
-155
-134
-33
-8
-40
-50
-7
1
-29
-11
-15
33
6
-47
-21
-55
-11
-78
-89
-60
-78
-63
-75
-39
-42
-31
-33
19
20
-43
-81
-115
-48
-48
-72
-78
-103
-62
-26
-12
-20
-19
1
-45
-85
-122
-139
-85
-21
-32
-35
34
42
-22
-48
-45
-42
-68
-34
-12
-1
-59
-44
3
-6
-9
-13
39
-1
-13
-18
-52
-26
-38
-63
-65
-27
-35
-17
23
-11
70
45
62
88
101
98
60
-44
64
-48
686
1968
1917
64
-1401
-1421
-987
-302
710
802
-509
-1473
-1945
-1930
-1138
-246
-80
79
213
-141
-540
-110
417
475
720
1080
1210
1183
1059
389
-124
-33
322
619
804
495
-402
-1046
-1211
-1049
-667
-219
-139
-388
-599
-852
-921
-654
-252
35
230
516
554
343
235
198
271
495
814
896
748
519
51
-308
-297
-121
-53
57
34
-362
-733
-908
-876
-698
-443
-340
-351
-348
-359
-414
-421
-195
32
248
466
565
414
343
312
197
362
523
534
417
254
-27
-311
-398
-335
-253
-302
-309
-411
-576
-673
-671
-625
-491
-304
-178
-124
-110
-113
-160
-54
123
278
416
460
408
261
224
216
219
271
218
155
32
-166
-273
-339
-349
-356
-398
-342
-352
-419
-505
-471
-410
-295
-132
-16
25
41
2
38
149
180
279
332
384
367
252
183
136
32
30
73
-1
-46
-118
-216
-352
-349
-314
-319
-236
-215
-223
-228
-270
-246
-161
-51
-11
55
133
140
114
124
168
147
177
126
179
175
59
28
10
-28
-46
-126
-164
-223
-272
-271
-381
-364
-325
-238
-234
-186
-200
-163
-105
-79
-16
72
97
123
160
112
152
107
85
116
139
124
118
55
-25
-99
-115
-137
-176
-146
-187
-207
-233
-242
-241
-218
-195
-132
-65
-66
-54
-4
7
25
61
79
119
68
51
27
80
111
123
105
58
41
-51
-66
-144
-178
-133
-116
-175
-151
-117
-172
-192
-199
-217
-222
-143
-63
-30
-9
-18
-8
10
57
152
128
136
133
81
60
10
-38
-41
-25
-88
-93
-111
-72
-64
-93
-125
-142
-139
-137
-119
-107
-34
0
-29
34
8
33
86
58
44
62
61
25
75
58
107
65
66
596
820
-87
-1096
-817
-80
136
342
577
-46
-918
-779
-325
-134
241
392
9
-194
-93
-272
-290
290
436
131
335
641
309
-67
31
14
-23
339
590
306
37
-167
-534
-374
85
167
-30
-13
-192
-495
-476
-150
13
93
227
129
-167
-126
-97
-208
-4
258
318
249
196
0
-183
-170
-9
70
212
158
-96
-299
-313
-328
-312
-11
172
-37
-230
-220
-207
-219
-53
150
86
51
99
27
-28
80
107
68
41
143
-2
-86
70
128
117
102
8
-170
-135
-67
4
-3
109
74
-75
-87
-83
-166
-93
25
27
9
38
46
-28
-5
33
88
85
42
43
41
-35
-58
-8
75
121
111
37
-21
-8
-8
30
54
37
19
12
-11
-67
-159
-166
-145
-128
-94
-104
-147
-79
-100
-122
-179
-104
8
11
-14
-148
-197
-148
-69
84
179
127
8
-80
-146
-38
156
255
263
270
191
48
-10
20
60
166
260
163
13
-73
-101
-115
-90
-59
56
51
-46
-91
-130
-159
-64
70
139
138
122
11
-33
13
69
161
218
267
158
175
82
42
37
72
138
109
75
-28
-91
-116
-121
-116
-82
-83
-94
-140
-157
-170
-156
-69
-2
71
73
-102
-183
-35
80
168
239
241
61
-68
-92
57
162
257
368
248
49
-219
-158
67
127
125
160
23
-132
-121
-130
-134
-48
73
31
-16
-80
-171
-191
-109
13
-6
6
78
33
-13
-15
6
86
143
228
224
155
123
28
63
137
216
219
107
45
-20
-35
-26
17
61
46
18
-15
-96
-173
-128
-25
31
71
38
-40
-62
-36
-22
44
60
65
5
-42
-20
69
126
67
7
-71
131
255
163
-117
-211
-146
3
308
316
41
-166
-91
-29
-91
48
188
116
51
100
5
-41
38
45
-38
-46
30
-16
-119
-125
-150
-114
192
397
251
78
-62
-192
-156
101
393
280
152
78
-105
-79
108
213
162
144
105
6
-30
8
35
-35
31
126
87
18
-22
-51
-68
36
156
147
140
64
-37
-114
-164
-117
-95
35
-17
-139
-212
-330
-249
-147
-25
100
-124
-197
-180
-184
-76
71
184
-2
10
212
300
163
95
-110
-244
-177
30
342
548
387
-501
-885
-578
205
568
575
311
-354
-687
-180
999
858
-101
-697
-462
-47
273
767
502
-86
-413
-21
392
663
609
102
-213
-86
164
123
302
353
-77
-349
-298
-154
-83
-4
-335
-648
-667
-437
-276
-385
-796
-1407
-1146
-547
-172
-296
-521
-846
-1216
-915
-193
68
94
300
182
306
1164
1690
1478
1399
1581
879
436
1405
1867
983
427
534
-59
-720
-298
28
-604
-999
-766
-1048
-1343
-968
-931
-1341
-1114
-453
-396
-469
-88
66
-180
183
872
1026
893
979
1035
803
857
1172
1154
817
599
436
212
6
-14
-177
-411
-590
-614
-716
-912
-884
-928
-979
-908
-620
-477
-503
-456
-171
-96
-29
282
463
459
516
706
718
685
783
908
717
613
554
427
223
164
120
-121
-291
-306
-360
-549
-622
-641
-692
-641
-535
-481
-532
-455
-289
-232
-95
118
255
304
356
466
552
583
711
771
681
667
680
607
471
395
301
116
16
-74
-245
-351
-375
-440
-455
-448
-236
-416
-157
-164
1784
5208
5498
1131
-3228
-2655
-228
2144
3940
3295
-474
-3389
-3162
-2183
-418
966
513
-889
-1428
-2071
-3119
-2410
-1371
-1514
-1605
-696
-505
-1311
-1739
-2042
-2017
-1288
88
871
548
-618
-1629
-1333
-3
1627
2237
3995
5677
4566
525
-1551
910
3420
3754
3868
3933
894
-2951
-2800
-459
240
-276
186
-354
-2873
-4289
-3414
-2345
-2027
-1250
-357
-561
-1092
-1221
-1365
-1221
190
2141
2902
2301
1656
1211
485
542
2204
3612
3125
1852
999
145
-806
-420
727
713
-234
-840
-1178
-2135
-2690
-2006
-1326
-1204
-993
-824
-1289
-1873
-1568
-681
-112
525
1258
1351
683
398
884
1306
1582
2017
2371
1865
967
649
693
539
435
697
527
-265
-892
-1041
-1236
-1391
-1101
-795
-969
-1319
-1341
-1341
-1336
-988
-313
64
109
229
396
273
448
1023
1429
1583
1319
3540
5777
4314
-608
-2273
385
1608
1404
2150
1697
-1936
-3916
-2124
-688
-254
-110
-822
-2106
-1924
-1445
-1754
-836
410
-227
-796
543
874
-429
-433
754
1123
1199
1594
1075
141
-29
-93
-22
1011
1414
250
-1191
-1604
-1693
-1774
-1129
-721
-1355
-2158
-2407
-2636
-2740
-2049
-1287
-1172
-1719
-1571
-1387
-1118
-812
-121
60
1740
5932
7733
3761
-1664
-713
3806
5499
5286
5906
4455
-807
-3181
-234
2428
1185
-219
195
-1334
-4342
-4873
-2585
-1768
-2845
-2594
-1227
-1418
-3002
-3085
-1870
-1050
-67
1837
2826
1558
287
561
1305
2087
3709
5081
3917
1527
672
1148
1206
1279
1889
1650
-91
-1485
-1429
-1495
-2203
-2129
-1179
-1039
-2068
-2548
-2355
-2500
-2540
-1439
23
320
-81
-128
78
111
729
2044
2707
2416
2027
2159
2980
4809
5048
2296
64
1199
2444
1234
622
1214
-689
-2357
-953
121
-2281
-3497
-1838
-1527
-1820
-832
-846
-2347
-1946
-506
-629
98
1522
719
-602
433
1463
762
1121
1975
941
25
530
319
-527
-180
-151
-1518
-2072
-1896
-2763
-3311
-2473
-2413
-3422
-3114
-2315
-2694
-2756
-2529
-2401
-2212
-553
-436
1001
7482
11420
4937
-4976
-2335
7020
9592
6783
7146
6939
-268
-5281
-192
6385
4118
-1505
-924
53
-4295
-8013
-4102
-6
-2919
-5876
-3006
-699
-4403
-6837
-3396
-98
-328
84
2728
2187
-897
-1000
2253
4288
4428
5361
5623
2874
173
1421
3946
3681
2307
2154
1559
-1156
-2700
-1349
-591
-2127
-2695
-1398
-1966
-4374
-4753
-3072
-2436
-3005
-1827
-176
-714
-2331
-1528
472
1280
1358
2599
3235
2855
5310
6984
4405
4
1811
5401
4754
3601
3584
933
-3052
-2027
66
-1073
-1434
-1042
-2762
-4749
-2970
-2441
-3570
-1973
-308
-1941
-2623
-429
-554
-1763
86
1714
835
590
1520
445
-24
1182
1184
230
675
933
-914
-1888
-1459
-1929
-1891
-1846
-2565
-4214
-3790
-3631
-4109
-3310
-1952
-2888
-3780
-2805
-1158
5884
12748
9232
-4963
-8104
4295
12579
9234
6970
8746
3308
-5738
-3237
6992
9256
826
-2522
556
-329
-7218
-7617
-167
958
-5680
-6599
-936
-1602
-8621
-8345
-1303
1371
-1593
-725
2043
16
-3556
-1457
4308
6091
4378
4384
4532
1900
-311
2733
6450
5305
2034
1752
1660
-1228
-2475
-114
1014
-1356
-2702
-1627
-2511
-5178
-5315
-2718
-1835
-3088
-2663
-1129
-1732
-3841
-2426
670
3370
5649
6282
2928
-985
1188
5507
6677
6060
5778
2814
-716
5
1542
1011
630
801
-1183
-3292
-2731
-3051
-4041
-2562
-787
-2038
-3167
-2439
-3073
-3872
-1836
453
185
-266
-234
-1219
-1456
111
912
611
1252
1236
-600
-1354
-741
-888
-1918
-1940
-1869
-2928
-2883
-2430
-2632
-3833
-4000
-4308
-2885
-2229
3669
12398
12922
-1078
-13846
-4453
12913
15309
7286
5799
5982
-3463
-8674
1821
13563
8241
-3560
-3372
1359
-2414
-9679
-4657
4369
1380
-7354
-5972
111
-3917
-10919
-6146
3597
3585
-2661
-2257
448
-1626
-4333
586
7646
7061
2360
1444
2565
850
-161
4548
8410
5373
178
-72
598
-1326
-1624
1676
2823
-920
-3658
-2983
-2947
-4684
-4136
-867
-285
-2997
-3896
-2275
-1248
238
2876
3798
1226
192
1776
3137
3651
4525
4266
2738
2278
2172
969
790
1792
1569
-99
-280
-672
-2393
-2833
-1703
-1567
-1990
-1605
-1940
-3235
-3060
-2049
-1731
-1526
-688
-1029
-1776
-1393
-1044
-1072
-607
205
-232
-1301
-1623
-1617
-1371
-1327
-1907
-2984
-2769
-2088
-1709
-2340
-2282
-3621
-3147
-3173
3032
14368
16572
1710
-15690
-7714
12482
17820
8482
4921
6273
-2334
-10530
-1382
13776
11542
-3781
-6501
559
191
-10067
-8351
3694
4729
-6434
-9152
-1021
-1068
-10082
-8841
2850
7058
-1349
-5032
-855
1089
-2571
-1315
7042
9515
3278
-804
1799
3161
620
2482
7843
7429
571
-2462
-267
238
-1087
229
2936
625
-4315
-5407
-3439
-2953
-3655
-1872
-84
-2201
-4831
-3164
2360
2968
-51
-996
2671
4856
2861
2262
3694
3559
2084
2865
4522
2681
245
-62
1120
1213
911
-389
-2105
-2181
-1873
-2240
-2310
-1525
-1801
-3072
-2688
-1964
-2315
-2631
-1667
-1037
-979
-804
-1191
-1895
-1568
-460
-322
-1003
-1069
-1142
-1295
-1489
-2034
-3128
-3472
-2860
-1947
-2006
-2089
-3544
-4239
-4779
1976
15693
18751
2725
-17223
-9792
12591
19996
9818
4825
6540
-1255
-10769
-2122
14792
14022
-3313
-8012
443
2190
-9305
-10253
2774
6461
-5191
-10830
-2716
-332
-9570
-10727
1692
8530
-358
-7464
-3231
1566
-1186
-2044
5898
9878
3918
-1879
1005
4559
2403
2020
7119
8605
2345
-2755
-746
1439
462
230
2981
1717
-3725
-6442
-4064
-1906
-2614
-2505
-1085
-1104
-2548
-2428
-1707
-1864
-250
4113
6258
2929
-1241
-987
1878
4041
5230
5165
2716
-188
-658
1054
2234
2018
1095
35
-961
-1757
-2369
-2475
-1652
-1090
-1333
-2011
-2862
-3747
-3851
-2408
-862
-635
-1253
-2338
-3055
-3021
-1940
-1133
-966
-961
-1011
-1765
-2378
-3063
-2988
-2610
-1852
-2468
-2969
-2713
-1920
-3052
-2110
11577
20724
10303
-13642
-15255
8232
22533
13499
2966
5189
3335
-8424
-7458
10466
18861
1734
-11909
-4427
5012
-3699
-13459
-3015
8006
289
-12436
-8259
711
-4420
-12219
-3963
8843
4865
-8171
-8416
672
3257
-1643
1828
9036
6789
-1805
-2043
5118
6409
2138
3217
7954
5946
-1216
-2624
1239
2526
206
1006
2900
-683
-6274
-6486
-2155
-516
-2138
-2123
-1563
-1597
-2735
-2351
47
2327
3221
884
43
1335
2333
1574
2303
4616
3864
948
-329
1050
1918
1686
1921
1194
131
-1314
-2012
-2025
-1116
-611
-1308
-1904
-2128
-2849
-3839
-3529
-2217
-1725
-1928
-2625
-3326
-3703
-3171
-2251
-1112
-261
-1008
-2920
-4109
-3126
-1347
-1324
-2242
-3172
-3483
-4041
-3933
-2008
1198
13075
20055
10606
-12142
-17315
5504
24376
18851
3967
1390
1411
-6106
-6538
7969
17505
4839
-10119
-6668
2602
-1618
-12185
-5932
5509
3148
-8584
-9482
-3437
-5646
-10955
-4146
8133
6947
-5833
-10831
-4206
2481
2671
4574
8090
5084
-2056
-2857
3997
7364
4733
3381
5306
4338
360
-903
944
1456
452
1145
2643
-172
-4861
-6641
-4021
-1436
-734
-825
-1615
-971
99
-801
-3227
-2788
1878
4952
4554
2144
-471
-2143
-357
3736
5590
4098
1318
-745
-931
748
2145
1295
221
-266
-1113
-2175
-2234
-2078
-2246
-1790
-1149
-1785
-3290
-4558
-4968
-3752
-1549
-874
-2319
-3575
-3450
-2897
-1728
-583
144
1219
-440
-5085
-7922
-4619
1263
1392
-1095
-4011
-4778
-6365
-709
16285
21785
7121
-16241
-13256
9224
21190
13363
6109
6142
-1118
-11211
-5395
13490
17170
437
-8611
-2806
1675
-5878
-9315
113
4872
-1290
-7961
-4876
-3913
-8491
-9020
349
7324
2353
-5806
-7508
-3847
-72
1932
5374
5936
2885
-1262
-1464
1672
4448
5248
4584
4206
2613
1130
-79
-377
822
2047
2432
1242
-1144
-3017
-4877
-3884
-1534
1274
-381
-718
2861
2492
-3178
-8007
-1666
5753
6194
2384
-667
-2281
-2694
280
3856
4811
2794
-508
-939
291
1904
188
-521
962
1282
-656
-2594
-2879
-2807
-1889
-398
-469
-1971
-4051
-5114
-4782
-2077
-391
-1778
-3515
-3512
-2157
-2304
-3278
-4231
-3371
-2092
-1310
-2881
-4055
-5298
-4890
-4729
-3504
-3763
4211
20920
24519
5882
-21319
-18703
8125
29046
25988
10596
-3073
-11419
-11093
1909
17161
17712
1943
-8718
-7602
-2156
-4062
-5546
-877
2106
-223
-5446
-7700
-9990
-10451
-6106
2837
6950
1691
-7267
-11205
-7361
1088
7500
9852
5029
-1011
-3479
-252
4528
7224
7444
5806
3277
961
753
1066
1344
1789
2590
3008
985
-2911
-5628
-5492
-2338
785
1902
1244
249
-3227
-6842
-6079
164
5771
5439
1235
-2697
-4200
-2124
2024
5153
5052
2659
162
-558
372
1677
2069
2073
2345
1163
-1047
-2841
-3144
-2047
-306
666
-428
-2973
-5445
-6304
-4532
-1481
-230
-2063
-4332
-4799
-3974
-3691
-3521
-3506
-2488
-1797
-2116
-3684
-4949
-4854
-3974
-3479
-4557
-4194
-936
15940
23431
10153
-15247
-17727
7796
26477
21621
7729
1827
-2465
-6945
-1420
12895
17084
3387
-7852
-4442
400
-2578
-8390
-2321
2752
123
-6513
-7582
-7947
-9608
-7723
-34
5136
608
-7314
-9828
-6208
209
4513
6563
4938
165
-1792
236
4514
6323
6838
5918
4693
2647
2033
2285
1982
2230
2958
3136
1462
-1711
-3933
-4296
-3059
-636
224
1078
718
-2692
-6260
-6015
-1343
2946
3791
1600
-1807
-4009
-2605
1154
3726
4258
2971
932
96
725
2082
2210
2188
2239
1542
-143
-1586
-2236
-1670
-368
178
-1015
-3029
-4605
-5106
-4184
-2492
-1935
-2759
-4299
-5110
-4879
-3799
-3091
-3661
-4420
-3794
-3121
-3023
-4296
-5562
-5961
-5532
-5073
-2283
15959
26905
14224
-16444
-22535
6076
29780
25039
7923
2009
-153
-5734
-3597
11244
19375
6848
-7424
-6022
874
-1354
-9432
-4734
2806
2465
-5749
-9548
-9774
-10002
-7729
-1031
4161
424
-7131
-10567
-7466
-738
4122
6284
4641
585
-963
420
3807
5720
7541
7496
5824
2816
1997
2784
2761
2948
3764
3848
1642
-2324
-3862
-3388
-1949
-1044
-599
-236
70
-1688
-6013
-7215
-3362
2477
3965
1152
-2490
-4293
-2839
929
3834
4160
2496
880
295
1429
2590
3002
2329
2308
2035
565
-1179
-1962
-1405
-320
373
-515
-2798
-5176
-6060
-4742
-2288
-1422
-3054
-5380
-5663
-4958
-4386
-3734
-3641
-4301
-4632
-3993
-2998
-3962
-4998
-6602
-5711
-6717
1872
21989
26366
5730
-23457
-15979
15606
32027
19575
4619
1585
-1037
-5895
87
15139
17240
1424
-7865
-3713
1843
-4490
-9725
-2272
4008
942
-8016
-10632
-10738
-9112
-5436
1345
3077
-2965
-9375
-10127
-5160
1613
4994
5772
2248
-856
-643
2111
4562
5876
7544
7449
5264
1887
1920
2848
3364
3847
4497
3890
668
-3233
-3917
-2632
-563
-18
1501
1508
-2496
-7361
-8131
-2812
2111
3434
668
-2964
-5049
-3702
-115
3024
3802
2524
628
108
714
2083
2446
2821
2918
2591
1217
-661
-1857
-1403
324
1230
316
-1939
-4229
-5451
-4972
-2963
-1854
-2746
-4315
-5520
-5723
-5283
-4425
-3672
-3857
-4070
-4859
-4427
-5115
-5062
-6732
-5989
-7254
-95
20662
26787
7863
-22807
-18431
13815
32767
21617
4893
809
-149
-4553
34
14521
18718
3194
-8128
-5052
2227
-2169
-8889
-2925
3503
1405
-7756
-10949
-10919
-8958
-5682
530
2546
-3298
-9953
-10888
-5583
1495
4355
4858
1486
-1249
-535
2446
4842
5596
6759
7049
5977
3028
2662
3256
3464
4021
4500
4347
1467
-2513
-3470
-2346
-333
822
2412
1532
-3263
-8488
-8173
-2386
2067
2539
-187
-3367
-5297
-4460
-742
3004
4190
2739
626
-221
395
1727
2734
3677
3707
2771
878
-894
-1293
-441
1057
1582
157
-2294
-4305
-4971
-4310
-2626
-2001
-3357
-5064
-5678
-5290
-5149
-5490
-4442
-4184
-4663
-5552
-5129
-5159
-5472
-7270
-5947
-7880
3142
23212
25753
2023
-25734
-13102
19328
32767
17413
3018
975
104
-4036
1973
16557
17145
487
-8419
-3523
2973
-4171
-9106
-1992
4397
415
-9223
-11846
-11393
-8078
-4634
1621
1715
-5121
-11221
-10751
-4160
2644
4916
4364
330
-1812
-163
3439
5345
5876
6829
6956
5621
2805
3058
3473
3556
3863
4805
4627
1040
-3309
-4040
-1981
261
1842
1713
-1420
-5579
-7580
-5258
-1224
1156
1006
-1711
-3892
-4117
-2500
-28
2062
2767
2169
1139
597
880
1500
2845
3929
3738
2403
475
-973
-882
572
1890
1456
-588
-2871
-4393
-4287
-2841
-2139
-2725
-4268
-5602
-5693
-4959
-4697
-4697
-5051
-4810
-4731
-5147
-5286
-5667
-5652
-6276
-6372
-7972
9870
26733
21725
-8588
-26389
-3197
26898
31045
12131
1753
978
-843
-2744
7116
18539
12285
-3507
-7226
-653
2819
-6535
-7826
-946
4014
-1483
-9358
-12331
-11548
-7496
-2680
2493
-43
-6805
-11632
-9917
-2440
3856
5435
3447
-1300
-1560
1052
4754
5644
6246
6601
6667
4867
3126
3906
3790
3993
4010
4633
3776
105
-3297
-3324
-1365
407
1858
1900
-1794
-7185
-9330
-4732
404
2407
442
-3333
-5305
-4567
-1413
1529
2728
2149
1256
561
895
1787
2251
2967
3509
3402
2299
336
-846
-717
759
1797
1046
-1269
-3372
-4381
-4035
-2796
-2424
-3043
-4673
-5891
-5874
-4590
-4369
-4978
-5752
-4810
-4668
-4575
-5652
-5769
-6820
-6239
-7962
-2186
18992
27074
10221
-20948
-19749
11496
32767
23864
5973
411
72
-2429
1151
13880
18562
4757
-7078
-5407
2393
71
-8050
-4990
1252
2418
-5283
-10438
-12401
-9931
-5697
97
2007
-3231
-9394
-11467
-6944
767
5053
5277
1355
-2268
-931
2874
5919
6094
6735
6782
6455
3924
3271
3981
4204
4468
4553
4677
2630
-1455
-3536
-2555
-225
1200
2765
921
-4638
-9120
-7708
-1349
2194
1707
-2116
-5341
-5364
-2769
308
2228
2526
1589
695
693
1471
2325
2516
3655
4107
3309
1416
-386
-700
393
1835
1844
7
-2426
-4124
-4469
-3559
-2382
-2573
-3891
-5392
-6292
-5173
-4031
-4679
-6207
-6233
-4682
-4385
-4989
-6204
-6212
-6783
-6355
-8044
7779
28149
23919
-7120
-27849
-6300
25299
31411
12043
-657
-872
-684
-1833
6111
16786
12731
-2590
-7619
-1954
3092
-3483
-7054
-1933
2848
178
-7371
-11456
-11711
-6672
-1187
2542
-426
-6362
-9957
-9080
-3182
3717
6224
3959
-1789
-2958
763
4930
5772
5441
6003
5931
4432
2325
3166
3807
3889
3885
4051
3481
386
-2953
-3439
-1324
868
2321
1980
-2032
-6846
-8099
-3789
958
2361
547
-3169
-5199
-4069
-900
1574
2402
2082
1325
719
613
1366
2013
2975
3965
3680
2211
142
-1005
-432
1224
2307
1461
-992
-3187
-4012
-3517
-2246
-1746
-2610
-3887
-4656
-4875
-4519
-4446
-4444
-4477
-3520
-3932
-4640
-6053
-5333
-5416
-4673
-6555
-2899
15424
23416
10184
-17326
-18101
8474
28670
22382
6088
5
-454
-1598
2150
12654
15765
3605
-6384
-4646
1902
1013
-5920
-4934
-1468
874
-2914
-7319
-11683
-10799
-4988
875
1399
-3712
-7749
-9335
-7190
-698
5162
6181
1096
-3382
-1084
3301
5679
5186
5892
5920
5010
3106
3447
4401
3678
3314
3552
3992
2291
-921
-2896
-2699
-1045
999
2924
939
-4512
-8365
-6762
-1361
1780
1868
-1217
-4802
-5451
-2640
789
2130
1945
1351
1054
764
1055
1657
2036
3077
3872
3442
1501
-711
-1382
-256
1609
1966
460
-2063
-3985
-4574
-3539
-1997
-2056
-3294
-4499
-5118
-5197
-5077
-4597
-4635
-4049
-4321
-4363
-5536
-5634
-6177
-5666
-7418
-3222
16122
24350
10616
-17934
-18962
8179
29008
23029
6752
764
-118
-1971
748
11510
16520
6219
-4492
-5360
105
375
-5430
-4297
-736
2011
-2399
-8260
-12908
-11012
-4568
949
1423
-3443
-7434
-9690
-8156
-1630
4857
6687
1886
-2979
-1436
2502
4924
4930
6462
6952
5983
3245
2711
3745
3599
3892
4204
4523
2508
-1107
-3421
-3204
-1123
790
2545
710
-3771
-7449
-7567
-3438
248
2085
31
-3888
-5645
-3941
-645
1479
2211
2042
1550
828
814
1448
1810
2873
3778
3811
2236
-156
-1299
-600
957
1546
680
-1024
-3053
-4329
-4463
-3368
-2702
-2897
-3664
-4725
-5521
-6244
-5641
-3980
-3310
-4222
-5951
-6594
-5731
-5903
-6388
-8179
7434
23381
19917
-6498
-23699
-4465
23016
28950
12491
2371
1117
-202
-1787
5637
16131
12633
-541
-6291
-2551
1929
-3629
-6308
-3101
1532
51
-6232
-11262
-12830
-8068
-2547
1465
-817
-5167
-8842
-9969
-5550
1705
6243
4893
-723
-2107
762
4124
4824
5699
7235
7199
5267
3024
3669
3612
3612
3990
4814
4340
1096
-2586
-3924
-2534
-91
1600
2261
-840
-5721
-8930
-6538
-1173
2102
1563
-2235
-5071
-4980
-2086
677
2081
2289
1955
1265
791
1518
2291
2449
2993
3628
3699
1521
-830
-1248
404
1877
1409
-512
-2670
-3970
-4548
-3752
-2774
-2821
-4030
-5162
-5550
-5635
-5827
-5630
-4978
-4598
-4829
-5733
-6406
-7371
-7521
-8502
7493
24584
21385
-6123
-25722
-7091
22796
31106
14737
2259
32
-674
-1943
5353
16338
13745
121
-6729
-2957
2320
-3195
-7238
-3969
1747
1145
-5783
-11625
-13564
-9133
-3446
1512
356
-4405
-9208
-10961
-6216
1438
6373
5579
247
-1938
205
3846
5229
5959
7050
7486
6303
3864
3668
3361
3467
3675
4639
5078
2281
-2130
-5011
-3901
-787
1861
2976
-34
-5857
-10109
-7628
-1630
2439
1994
-1831
-4975
-5065
-2236
591
2084
2392
2347
1890
1342
1636
2056
2253
2970
4031
4232
2268
-476
-1740
-324
1903
2314
323
-2561
-4174
-4824
-4021
-3096
-2691
-3613
-4937
-6163
-6469
-6124
-5714
-5561
-5040
-5059
-5206
-6679
-7877
-9300
-6691
13600
26873
17225
-13518
-23722
1153
27679
28062
10433
1875
1167
-281
-1192
7672
16821
10442
-2544
-6679
-757
2033
-5667
-8116
-3337
2578
-487
-7752
-12945
-12760
-8242
-3167
1305
-76
-4738
-10034
-10632
-4275
3056
6668
4489
-143
-934
1660
4961
5555
6062
6707
7450
6315
4453
3996
3122
3045
3163
4412
4754
1694
-2815
-5310
-4071
-1197
1907
2298
-2181
-7730
-9144
-4932
-819
844
-55
-2554
-4200
-3507
-1025
726
1409
1864
2331
2317
1964
1988
1857
2295
3402
4013
3349
1195
-523
-959
-17
1201
1185
-509
-2789
-4449
-4886
-4039
-3031
-3130
-4575
-6263
-6447
-5027
-4740
-5522
-6509
-5762
-5291
-5610
-7087
-7186
-9387
2847
22320
24739
1597
-24007
-12919
17588
32291
19296
4629
838
-90
-2807
2138
15017
16704
3090
-7449
-5391
1966
-1719
-8168
-6039
406
1737
-5091
-11068
-13628
-10853
-6592
-669
1679
-1690
-7435
-11315
-8181
-698
5257
6972
3266
-440
-527
2750
5773
6749
7217
7425
7151
4766
4027
3673
3417
3056
3182
4620
3450
-783
-4900
-5466
-3042
-242
1793
470
-3886
-8904
-9102
-4368
297
1973
-515
-3600
-4694
-2940
-179
1681
2386
2503
2458
1992
2025
2062
2085
2845
3619
4047
2776
495
-1282
-1339
192
1313
686
-1440
-3760
-5309
-5336
-4165
-2948
-3275
-5136
-6335
-6021
-6007
-5702
-6023
-5071
-5135
-5477
-7477
-7754
-9622
-1106
19755
26511
8779
-20726
-18518
10672
31127
23479
7300
2173
1343
-2182
-755
11460
17842
6810
-5839
-6620
1381
440
-8044
-8204
-1786
2574
-2963
-9447
-12974
-11732
-8481
-3188
1152
-304
-5390
-10414
-9367
-2750
3515
6601
4297
625
-1
2373
5304
5969
6514
7245
7925
6007
4421
3960
3403
2762
2444
4109
4501
832
-3900
-5918
-3776
-1465
1506
1295
-2735
-8152
-9859
-5337
-471
2042
-151
-3591
-4927
-3190
-422
1199
1928
2225
2422
2349
2249
2711
2112
2325
3080
4152
3433
1264
-590
-1272
-181
1067
1030
-873
-3242
-4815
-5206
-4026
-3263
-3895
-5490
-6225
-5464
-5458
-6426
-7333
-6183
-5222
-4995
-7293
-8389
-10863
2277
22987
26151
2599
-24500
-14178
16990
32615
19673
5062
2516
2044
-2408
341
13559
17823
4842
-6979
-5486
2957
-645
-8832
-7791
-557
2099
-4554
-10202
-12562
-10972
-8608
-3247
918
-787
-6177
-10625
-8531
-2004
3463
6239
3997
718
-77
2627
5885
6566
6611
6933
7553
5790
4855
4488
3854
2583
1943
3947
4537
1097
-3689
-5427
-3583
-82
1988
-31
-4787
-8663
-8066
-3918
-196
1191
-1230
-4312
-4801
-2459
350
1742
1979
1958
1904
2001
2449
2534
2347
2681
3197
3430
2631
864
-591
-952
13
937
419
-1251
-3416
-5201
-5160
-3927
-3130
-3845
-5613
-6108
-5726
-6002
-6943
-6707
-5829
-4748
-6130
-7811
-10417
-6634
13662
26947
16650
-13532
-22965
1189
27021
27682
11764
4011
2366
-1189
-2824
7291
18384
12385
-2354
-7924
-1086
2552
-4991
-8441
-4050
1486
-1632
-7571
-11019
-11435
-9993
-6689
-813
644
-2913
-8275
-10111
-5836
213
5233
6125
2748
180
736
4076
5651
6426
7168
7984
6525
4214
4353
4534
3833
2086
2519
4261
3063
-1074
-4858
-4562
-1626
1722
1771
-2374
-7143
-9116
-5787
-1599
1033
221
-3121
-5060
-4023
-839
1359
1810
1671
1883
2329
2249
2130
1809
2243
3136
3648
3300
1529
-219
-931
-226
640
642
-471
-2137
-3709
-4819
-4785
-4138
-3737
-4317
-5353
-6076
-6242
-6736
-6848
-6819
-5830
-6491
-7223
-11426
-2836
18458
26748
9135
-21054
-19381
9749
31435
24334
7530
1903
1609
-1298
-718
11342
19413
9919
-4836
-8779
190
2783
-3995
-7105
-3528
909
-2609
-7749
-11351
-11104
-8968
-4456
-184
-701
-4274
-8845
-9478
-5110
1005
6564
6336
1710
-1592
192
4861
6886
7214
7299
7613
5282
3555
4123
5091
4653
2689
2956
3914
2119
-1663
-4553
-3471
-503
2298
1323
-3647
-8059
-8344
-4110
-433
1194
-250
-3203
-4998
-4035
-760
1934
2705
1877
1006
1472
2332
2668
1981
2285
3274
3504
2655
1024
-87
-591
-37
734
676
-705
-2398
-3963
-4519
-4137
-3517
-3753
-5324
-6535
-6343
-5535
-5376
-6314
-7165
-7120
-7615
-8188
-10336
4237
22706
23823
-1633
-25241
-11871
18362
32278
18595
4918
1573
486
-2534
2009
15620
18393
5325
-7233
-6419
1999
199
-5103
-5415
-582
235
-4843
-8862
-11230
-10397
-7770
-1940
959
-1506
-6545
-9905
-8269
-3250
2886
7163
5518
489
-2178
758
5173
7353
7560
7651
6875
4254
3276
4017
4915
4098
3040
3404
3417
870
-2496
-3930
-2482
882
2829
204
-5566
-9358
-7159
-1864
1328
1096
-1692
-4462
-5005
-2901
444
2634
2778
1750
840
1028
1864
2132
2006
2479
3266
3327
2001
12
-1112
-781
571
1279
483
-1449
-3399
-4489
-4157
-3006
-2633
-3787
-5650
-6431
-5963
-5584
-5488
-6113
-6062
-7498
-7905
-11015
-3037
17259
26208
10042
-19755
-20799
7130
29906
25083
8835
2342
1182
-2511
-1685
10434
20081
11393
-3440
-8560
-1136
2010
-3141
-4705
-2060
270
-3330
-6857
-9334
-10601
-9354
-4471
852
109
-4325
-8209
-9015
-5597
-578
5810
7437
3030
-1537
-1346
3218
5975
7265
7899
8092
5413
2522
2919
4258
4653
3457
3281
3974
1902
-1570
-4223
-3522
-843
2762
3561
-1542
-7914
-9992
-5057
508
2839
1467
-2411
-4950
-4662
-1491
1822
3155
3026
1822
1266
1419
1945
1688
1856
3034
3583
3072
1125
-816
-1880
-1061
893
1419
152
-2197
-4030
-4755
-4191
-2975
-2908
-3749
-5012
-5648
-5794
-5778
-5656
-5822
-5753
-6694
-7801
-10191
2376
21085
23898
1419
-23014
-13337
15458
30059
19709
6416
2752
-581
-4354
940
15540
19275
5771
-6681
-6382
932
-565
-4511
-2515
475
-1280
-6248
-7198
-7926
-9885
-9262
-3084
2806
334
-5744
-9694
-7941
-3108
1616
6415
6594
2759
-1317
-1221
2836
6607
9107
8879
6502
3035
2374
4045
4551
3816
2920
3717
3376
404
-2497
-3550
-2349
-29
2378
1735
-2533
-7135
-7835
-4018
99
2329
1131
-1987
-3999
-3759
-1249
1506
3217
3331
2288
1357
1109
1257
1556
2536
3310
3291
2269
465
-1123
-1728
-585
750
726
-551
-2430
-3961
-4607
-4299
-3443
-3274
-3393
-3861
-4519
-6268
-7131
-6492
-4599
-4148
-5664
-8990
-9383
7353
23997
20837
-6160
-23397
-5891
21091
28725
15319
5129
1994
-2655
-4671
4865
19113
16581
504
-8878
-4356
2086
-1497
-3801
-1361
-103
-3779
-7094
-5708
-7092
-9988
-8845
-1396
3078
-756
-6710
-9187
-6166
-1965
2543
6802
6088
1979
-1899
-650
3723
7455
9297
8165
5271
2181
2609
4162
4439
3628
3165
3713
2240
-765
-2777
-3215
-2040
113
2677
1701
-3360
-8129
-7879
-2874
1685
3232
788
-2792
-4571
-3394
-104
2679
3848
3159
1706
1079
1213
1594
1936
2711
3225
2935
1864
25
-1389
-1589
-288
849
716
-774
-3044
-4746
-4842
-3362
-2154
-2562
-4121
-5607
-5505
-5048
-4646
-5094
-5484
-5426
-5961
-7190
-9774
3109
21410
23838
1101
-22408
-12069
15217
29104
18960
6759
2887
-1449
-4950
1239
15943
18406
4623
-6891
-5927
890
-923
-3824
-1790
-15
-2376
-6322
-5443
-6811
-9855
-9597
-2789
3141
505
-5230
-8508
-6935
-3259
1086
6530
7330
3428
-1416
-1587
2656
6465
9031
8734
6585
3158
2003
3259
4007
3974
3438
3815
2747
-165
-2598
-3368
-2769
-1553
1606
3063
-117
-6581
-9659
-5949
40
3922
2787
-1139
-4267
-4509
-1647
1703
4041
4017
2534
1140
867
1615
1936
2621
3160
3354
2621
817
-922
-1868
-1067
471
1193
401
-1753
-4098
-5386
-4467
-2607
-1668
-2943
-4944
-6185
-5896
-5061
-4120
-4407
-4906
-6010
-6547
-9010
-7853
9708
25418
20444
-8266
-24249
-5507
22066
29277
15197
4809
929
-3134
-4432
5127
18283
15255
479
-8197
-4376
984
-2009
-3476
-1665
-610
-3788
-5784
-5424
-8106
-10569
-8331
-505
3053
-821
-6164
-8650
-6433
-2592
2718
7610
6784
2032
-2231
-888
3281
7311
9375
8473
5697
2365
2293
3381
3788
3599
3610
3967
2135
-836
-2932
-3501
-2382
-190
2620
2170
-2710
-8213
-8725
-3594
1812
3968
1461
-2668
-4784
-3684
-207
2779
4170
3620
1936
727
664
1657
2466
3043
3200
2876
1809
-3
-1167
-1270
-196
788
781
-310
-2236
-4091
-5087
-4126
-2592
-2124
-3386
-4913
-5469
-5373
-5337
-4715
-4505
-4200
-5278
-6403
-9038
-8464
8542
24886
21653
-6166
-23884
-7339
20214
29156
16002
5705
1572
-2795
-5084
3497
17467
16030
1895
-7757
-5003
808
-1801
-3537
-1874
-557
-3241
-5310
-5063
-7948
-10753
-8817
-840
3360
-225
-5736
-8695
-6740
-3032
2360
7626
7068
2299
-2460
-1229
3178
7407
9340
8272
5586
2275
2238
3317
4004
3805
3420
3599
2073
-467
-2508
-3267
-2695
-1284
908
2115
4
-5164
-8602
-6417
-583
3995
3363
-725
-4127
-4689
-2055
1601
4255
4633
2636
350
-42
1392
2845
3188
2807
2610
2113
906
-402
-1092
-809
127
932
660
-1140
-3784
-5208
-4481
-2625
-1482
-2283
-4450
-6078
-6301
-4871
-4033
-3448
-3987
-4607
-6364
-7782
-9960
-6587
11828
25969
18916
-9972
-23723
-4837
21707
28010
15159
5914
839
-4300
-6073
4414
17928
15172
1458
-7570
-4697
-392
-3171
-3647
-1471
75
-2758
-4880
-5928
-9250
-11049
-7750
366
3379
-509
-5981
-8781
-6960
-3059
2971
7859
6788
1809
-2368
-1043
3072
7157
8971
8148
5280
2337
2381
3136
3423
3309
3528
3904
2047
-708
-2778
-3239
-2940
-1634
1415
2545
213
-5670
-8601
-5997
-270
3804
2751
-830
-4091
-4188
-1677
1677
3957
3649
2165
458
570
1744
2496
2818
2404
2525
2051
1027
-383
-1312
-922
195
1214
870
-1206
-4071
-5469
-4342
-2280
-1093
-2124
-4254
-5701
-5902
-5038
-3732
-2871
-3308
-5098
-6367
-6962
-6483
-8691
-306
17587
25057
8415
-18470
-18019
6862
27217
22735
9845
3206
-1252
-5878
-3471
11064
18952
10205
-3666
-8197
-2959
-1462
-2799
-1485
341
-1305
-4970
-5418
-6977
-9505
-9819
-3620
2631
1603
-3456
-7582
-7785
-5583
-1164
5108
8278
5157
-617
-2756
6
4535
8079
9061
7493
3591
1446
2037
3100
3470
3538
3950
3220
481
-2253
-3333
-3095
-2264
-407
1178
1381
-1283
-5444
-7183
-5194
-348
2858
2446
-501
-3294
-3961
-1998
1237
3489
3802
2355
929
640
1160
2197
2740
2785
2591
1799
468
-622
-866
-408
99
392
147
-1367
-3618
-4763
-4347
-2787
-1973
-2490
-3577
-4451
-5021
-5291
-4755
-4117
-3383
-4051
-4748
-6262
-7096
-9564
-1312
16759
25255
10077
-16471
-18399
4467
25056
22730
11454
4349
-439
-6061
-3834
9804
18136
10616
-2902
-7242
-2828
-991
-2834
-2055
-279
-1322
-4067
-4842
-6461
-9445
-9798
-3981
1867
1484
-3117
-6960
-7861
-5754
-1123
5048
7913
4786
-198
-2414
112
4218
7734
8980
7381
3648
1565
2213
3172
3517
3732
3939
3085
426
-1884
-2904
-2960
-2203
-707
1470
1591
-1338
-5854
-7658
-4985
144
3403
2417
-934
-3967
-4434
-2041
1405
4127
4207
2295
510
155
1256
2310
2935
3089
2830
1896
572
-361
-795
-433
300
829
440
-1535
-3823
-4973
-4170
-2542
-1636
-2289
-3758
-4996
-5303
-5199
-4718
-3994
-3071
-3625
-4892
-7003
-7241
-8615
-4610
11993
24479
16594
-10647
-21927
-3233
22159
26073
14146
4835
536
-4631
-5853
5223
17560
15005
1029
-7505
-5715
-1406
-2328
-1588
14
-759
-3972
-5313
-5847
-8604
-9921
-5611
998
1709
-2597
-6214
-7215
-6040
-2995
2578
7651
6325
1080
-2541
-884
3137
6831
8839
8179
4894
1607
1645
3078
3801
3903
3915
3629
1416
-1206
-2235
-2203
-1684
-1232
-364
-13
-430
-1824
-3867
-5048
-3952
-532
1938
1580
-791
-2971
-2904
-909
1798
3466
3252
2069
939
694
1603
2960
3418
2708
1740
900
376
-133
-347
-243
-15
161
-770
-2496
-4138
-4498
-3767
-2794
-2496
-2925
-3911
-5200
-5881
-5667
-4565
-3244
-3016
-4617
-5960
-7191
-7065
-8850
252
17230
24369
7868
-17607
-17752
6029
25573
22049
10691
3552
-705
-6337
-3483
9431
18141
10465
-2220
-7477
-3815
-1652
-2700
-1207
-131
-1373
-4332
-5007
-6884
-9551
-9242
-3422
1640
631
-3599
-6445
-7417
-5740
-1726
4692
7767
4755
-415
-2628
-36
4022
7538
8625
7165
3634
1449
1829
2854
3557
4170
4146
2982
152
-1772
-2510
-2619
-1986
-856
203
302
-1367
-4275
-6282
-5288
-1399
2199
2332
-201
-3111
-4116
-2168
1000
3594
3992
2582
826
126
955
2612
3629
3344
2488
1459
673
201
-305
-248
106
572
234
-1457
-3191
-4037
-3836
-3054
-2326
-2208
-3076
-4390
-5604
-5659
-4711
-3002
-2328
-3144
-5105
-6047
-6246
-5295
-6340
-5257
8035
21374
18397
-5324
-20458
-6818
17940
25644
15790
5564
1068
-3574
-5543
2642
14891
15506
3896
-5934
-6436
-1978
-1822
-1222
-77
-678
-3295
-4554
-4820
-7496
-9528
-6305
-103
1724
-1682
-4818
-6527
-6351
-4188
1061
6839
6592
1914
-2290
-1708
2006
5561
7767
7756
5244
2032
1470
2754
3634
3934
3658
3248
1378
-521
-1253
-1762
-1886
-1582
-792
-486
-1196
-2378
-2919
-2634
-1853
-811
-287
-170
-390
-1095
-967
-157
1139
2186
2322
1699
1127
1407
2418
3121
2929
2373
1660
866
501
284
377
395
-78
-730
-1420
-2028
-2807
-3495
-3649
-3117
-2547
-2553
-3485
-4598
-4870
-4243
-3671
-3263
-3332
-3316
-4192
-4909
-5200
-5064
-6273
-6949
4800
19850
21060
-424
-20024
-11235
13205
25617
18091
7253
1746
-3757
-6576
346
13690
16920
6374
-5157
-7903
-3315
-1177
150
531
-802
-3222
-4298
-4142
-6876
-9347
-6588
-681
1522
-1419
-4053
-5475
-6385
-5423
-508
6118
7092
2861
-1998
-2539
440
4047
7106
7942
5994
2371
732
1400
2380
3341
4002
3963
1974
-529
-1615
-2122
-2238
-1697
-498
394
311
-1320
-3833
-5236
-3827
-434
1795
1563
-407
-2539
-2849
-1135
1428
2952
3003
2019
854
542
1234
2415
2962
2879
2272
1087
237
14
-43
-61
53
304
-189
-1492
-2948
-3692
-3423
-2423
-1514
-1946
-3028
-4319
-4832
-4372
-3420
-2658
-2523
-3229
-3764
-4689
-4830
-4797
-4622
-6512
-5515
7125
20041
17450
-4768
-19259
-7227
15275
23990
15364
6147
680
-4694
-5992
2142
14154
15130
4852
-5448
-7210
-3317
-667
1087
887
-859
-3299
-3970
-4427
-7333
-8393
-4767
194
800
-2065
-3802
-5251
-6536
-5313
542
6493
6323
1636
-2705
-2664
380
4329
7446
7883
5241
1277
-201
1070
3011
4406
4802
3832
1097
-1132
-1609
-1288
-966
-651
58
-36
-1213
-2931
-3619
-2305
-274
783
-11
-989
-1284
-1322
-900
171
1575
2080
1724
1073
613
1007
1847
2694
2794
2333
1603
490
-47
121
569
683
340
-233
-1141
-2011
-2436
-2299
-2170
-2139
-2159
-2438
-2750
-3369
-3910
-3883
-3038
-2085
-2154
-2899
-3786
-4226
-4337
-3745
-3645
-4283
-7220
-3011
10783
20489
11340
-10996
-17145
-191
18942
20764
11074
3978
-1096
-5259
-4052
5966
15025
12021
1572
-6448
-5944
-1974
961
1942
315
-2163
-3438
-2770
-4272
-7447
-7131
-2456
1152
-427
-2842
-3633
-4938
-6185
-4038
2361
6523
4685
-304
-3221
-1892
1521
5223
7017
6199
3399
882
671
1858
3298
4226
4198
2735
547
-442
-576
-773
-1172
-431
222
-561
-1618
-1992
-1888
-1931
-748
1111
1163
-526
-2094
-1856
-551
1145
2299
1976
807
-179
19
739
2028
3054
2797
1531
268
-176
50
587
985
666
-76
-627
-1256
-2099
-2187
-1622
-1511
-2063
-2517
-2438
-2575
-3056
-3163
-2831
-2523
-2241
-2535
-3207
-3687
-3433
-3291
-3442
-4063
-4468
-5700
-6695
1683
14704
18415
2761
-15608
-12415
7273
20955
16834
7425
1369
-2889
-4822
-632
9562
14048
8383
-1317
-6616
-4464
-316
2570
1711
-1257
-3024
-2042
-1550
-4914
-7769
-5782
-694
878
-1560
-2894
-3596
-5319
-6147
-2387
3746
5555
2486
-1699
-2899
-1233
2199
5481
6404
4869
1965
635
1169
2384
3503
3945
3693
2169
411
-348
-426
-504
-629
80
-16
-696
-1519
-1967
-1270
-581
254
-352
-1142
-943
-679
-572
-517
509
997
717
346
200
641
1013
1742
1915
1665
1604
1106
369
174
731
860
432
61
-324
-761
-1240
-1311
-1607
-1864
-1507
-1464
-1973
-2632
-2606
-2588
-2542
-2196
-2183
-2811
-3289
-2900
-2719
-3060
-3624
-4077
-4758
-5334
-6687
-1723
10043
17759
9028
-10428
-15548
-619
16801
18984
10711
3105
-2118
-4605
-2228
5952
12519
10840
3058
-4644
-5704
-1759
2544
3077
-60
-2649
-2418
-876
-2964
-6732
-6889
-2580
727
-761
-2621
-3256
-4653
-6340
-4810
859
4628
3807
128
-2968
-3263
-457
4112
6334
5408
2874
1103
712
1043
2526
4119
4691
3287
890
-210
-104
49
-233
194
707
-161
-1119
-1230
-409
-712
-1270
-837
-325
-78
-473
-737
-1015
-918
65
951
1255
821
557
389
811
1758
2150
2075
1399
942
539
483
883
973
776
396
-25
-707
-1264
-1281
-1189
-1225
-1370
-1475
-1901
-2363
-2469
-2480
-2472
-2277
-2059
-2495
-3319
-3662
-3366
-2807
-2877
-3277
-4439
-5318
-6802
-4712
5024
15286
13612
-3088
-15299
-8152
9650
18672
14032
5754
-696
-3916
-2966
2698
9561
10927
6721
-454
-5097
-4188
296
3558
1695
-1745
-2711
-807
-1328
-5395
-7656
-4838
-330
136
-2065
-3304
-4090
-5649
-5828
-2074
2406
3849
1864
-1510
-3606
-2523
1851
5530
5695
3461
1512
1112
1184
1854
3138
4140
3781
2153
628
-32
14
-166
-185
-1
-94
-784
-1306
-1145
-549
-152
-515
-1445
-1836
-1075
102
225
-480
-652
-108
444
400
194
398
1066
1630
1671
1372
1181
978
562
430
936
1230
874
14
-654
-776
-530
-209
-580
-1369
-1872
-1746
-1557
-1781
-2041
-2060
-1817
-1917
-2360
-2899
-2845
-2405
-2161
-2032
-2229
-2822
-3922
-4403
-4232
-3856
-5036
-2734
6022
14000
10320
-4690
-13155
-4933
10757
17288
12267
4332
-1283
-3216
-1572
3265
8147
9159
6368
368
-4368
-4507
-341
3153
1790
-1503
-2627
-1103
-1735
-5027
-7066
-4741
-719
345
-1179
-3262
-4850
-5512
-4566
-1322
1615
2734
1899
-333
-2690
-2841
786
4721
5509
3416
1563
1344
1389
1391
1844
2788
3429
2904
1464
-102
-728
-609
-181
-189
-388
-618
-597
-404
-603
-1181
-1534
-1183
-469
120
290
-156
-981
-1391
-634
661
1195
890
327
198
559
1098
1467
1452
1090
883
768
551
408
290
137
102
109
-117
-737
-1275
-1418
-1344
-1353
-1290
-1299
-1622
-2099
-2336
-2261
-2119
-2043
-1900
-1897
-2195
-2645
-2660
-2273
-1842
-2211
-3136
-3907
-4038
-4558
-3562
2893
11178
12077
962
-10499
-8961
4096
14860
14701
7292
-625
-4117
-2299
2347
6333
7378
6357
2995
-1571
-4247
-2548
1511
2817
705
-1722
-1498
-932
-2504
-5122
-5490
-2514
627
1243
-708
-3805
-5709
-4978
-1634
1292
2247
1696
468
-1316
-2720
-1311
2224
4718
4153
2106
657
430
1165
2008
2500
2461
2243
1945
923
-281
-771
-250
331
292
-244
-914
-1303
-1060
-296
385
228
-537
-1249
-1215
-621
-2
249
-43
-498
-695
-331
52
233
502
782
886
691
534
533
472
467
585
704
539
286
-105
-607
-929
-901
-573
-329
-422
-762
-1351
-1732
-1772
-1505
-1079
-695
-608
-991
-1608
-1859
-1454
-927
-747
-1090
-1558
-1717
-1842
-2216
-2840
-3204
-3572
-3868
-522
6257
10742
5646
-5761
-10928
-3831
8590
14595
10861
1935
-4885
-4830
500
5801
6864
5277
3386
1047
-1489
-2811
-985
1742
2736
1256
-848
-1793
-2100
-2662
-3665
-3689
-2093
-25
869
-1056
-4558
-6668
-4879
-629
2188
2243
533
-1194
-2427
-2159
-237
2173
3563
3434
2305
543
-564
-94
1336
2334
2252
1850
1254
421
-365
-723
-622
-255
331
569
95
-840
-1141
-581
-120
-57
-382
-352
-61
-113
-512
-1084
-950
-260
606
835
264
-380
-367
397
1112
1311
954
719
841
1004
788
430
371
497
599
353
-81
-511
-780
-663
-582
-577
-467
-400
-526
-873
-955
-679
-346
-287
-517
-712
-880
-1184
-1463
-1448
-1502
-1585
-1745
-2063
-2228
-2554
-2802
-2896
-3061
-3460
-2505
1405
6040
6205
-89
-6817
-6938
190
8063
10069
5315
-1999
-5570
-2810
2657
5509
4283
2019
906
686
183
-493
-553
150
1297
1680
893
-662
-1946
-2507
-2285
-1665
-990
-77
261
-573
-2590
-4203
-3435
-765
1893
2607
1254
-983
-2111
-818
1568
3230
3488
3302
3082
2614
2057
1497
1140
1203
1582
1583
831
-412
-1194
-1171
-935
-675
-458
-540
-792
-794
-446
1024
3604
6462
7459
5866
3635
2427
2761
3573
3519
2135
633
759
2397
3429
2491
221
-1720
-2300
-2068
-2282
-3141
-3954
-3636
-2395
-1174
-487
-59
267
441
628
499
35
-119
193
713
697
122
-506
-1043
-1632
-2222
-2737
-3045
-2813
-2028
-972
-350
-316
-808
-1798
-2806
-3558
-3753
-3572
-3376
-3415
-3770
-4253
-4404
-3900
-3380
-2474
-372
2642
4283
2082
-2508
-5162
-3091
2397
7055
7356
3285
-1461
-2655
330
4013
5115
3597
1602
698
791
626
-69
-665
-442
917
2198
1852
-85
-1974
-2322
-1222
15
610
589
152
-656
-1557
-1928
-1331
144
1800
2746
2265
570
-811
-424
1308
2771
2897
1839
650
-132
-370
-130
98
299
704
1121
1015
168
-898
-1547
-1521
-1164
-955
-1130
-1532
-2046
-2525
-2653
-2212
-1458
-978
-1011
-1238
-1216
-886
-410
-1
276
257
-50
-301
-273
91
527
724
710
688
873
975
642
247
111
144
87
-185
-543
-934
-1463
-1731
-1586
-1241
-1030
-1126
-1168
-1097
-1080
-1190
-1031
-727
-584
-629
-818
-1030
-1176
-1101
-773
-56
450
750
720
530
295
360
682
996
1171
1077
908
500
-79
-783
-1120
-1144
-1089
-901
237
1590
1676
96
-2073
-2473
-658
2167
3926
3250
710
-1690
-1966
-176
1964
2771
1881
453
-299
-109
140
-29
-297
-226
339
751
482
-520
-1610
-1930
-1366
-449
-85
-539
-1216
-1633
-1641
-1429
-1175
-1025
-804
-592
-482
-669
-1061
-1356
-1098
-329
304
354
-209
-613
-676
-589
-509
-471
-264
-42
72
-99
-474
-845
-1181
-1029
-333
328
365
-125
-618
-716
-280
376
653
755
656
543
406
185
115
239
622
988
1063
673
105
-266
-72
482
839
781
395
2
-226
-323
-474
-575
-346
-89
-6
-308
-768
-1020
-1029
-852
-606
-685
-981
-1354
-1475
-1357
-1274
-1266
-1320
-1130
-626
16
437
732
766
829
988
1281
1446
1304
896
313
-35
-278
-233
97
265
-60
-692
-1260
-1474
-1233
-744
-408
-502
-821
-1093
-1205
-1095
-735
-93
381
431
47
-464
-712
-379
312
844
950
649
302
112
169
386
629
789
911
979
863
594
307
132
327
669
1039
1071
536
-185
-625
-626
-240
236
243
-160
-515
-699
-567
-343
-227
-132
-113
-170
-245
-210
84
519
767
793
685
464
135
-246
-501
-574
-624
-683
-696
-537
-241
150
505
687
646
506
315
200
100
-31
-177
-307
-584
-826
-965
-1013
-916
-886
-865
-924
-933
-777
-413
-225
-339
-466
-389
-157
10
118
103
61
144
380
486
419
120
-166
-267
-171
-52
-152
-579
-919
-1016
-895
-634
-377
-186
-165
-60
-24
12
-54
-127
-143
-53
26
53
101
132
135
82
86
91
163
140
70
-61
-103
-138
-177
-140
-168
-151
-77
-81
-204
-340
-382
-289
-158
-148
-149
-97
-117
-170
-125
85
177
167
114
159
233
116
-90
-193
-124
56
98
67
23
-82
-136
-62
131
256
181
135
123
89
132
139
259
220
95
99
134
233
137
31
-50
-113
-108
-56
31
-5
-68
-136
-102
-72
-53
2
89
111
-80
-297
-223
53
227
199
68
13
-57
-114
-56
135
299
243
113
34
0
-11
61
118
59
-8
-57
-99
-107
-155
-159
-68
-85
-174
-231
-79
30
3
-135
-197
-236
-170
-98
-15
87
-56
-239
-234
-130
-50
-5
0
24
-64
-185
-226
-90
67
118
66
-40
-151
-108
29
14
-87
-191
-95
15
-21
-147
-200
-158
-250
-312
-271
-64
91
17
-114
-124
-146
-162
-109
30
130
103
-1
-69
-27
47
121
34
-89
-142
-118
-78
-60
-52
-62
-112
-129
-172
-149
-170
-145
-115
-137
-178
-219
-159
-109
-49
-108
-212
-227
-49
107
146
35
-83
-72
44
121
100
143
118
128
57
92
142
111
104
126
179
149
57
61
132
173
55
-15
49
162
189
144
67
-12
-60
-30
104
178
174
114
49
-49
-67
49
111
39
-51
-142
-104
-32
39
64
-25
-96
-69
-12
-70
-35
64
128
94
33
0
-17
-43
27
71
93
25
-41
-24
39
6
-97
61
175
136
-26
-77
-53
18
89
125
134
100
-4
-28
32
72
184
162
61
-58
-76
-35
43
87
81
36
-66
-87
-113
-61
79
155
111
12
-31
-89
-99
-44
-6
42
57
-27
-81
-127
-178
-178
-164
-84
0
-16
-33
-43
-56
-81
-79
-25
1
52
52
-52
11
120
132
88
-2
-17
-25
-42
32
56
26
8
8
78
108
86
-56
-48
25
103
57
-62
-77
-97
-7
-46
-42
-26
-7
-40
-64
5
-16
-25
-64
-59
-67
-50
-55
-124
-90
20
77
8
-112
-103
-2
138
77
-66
12
95
74
59
-63
-107
-25
34
73
12
-51
-40
-27
-68
-145
-136
-77
-50
15
35
31
-62
-88
-30
-9
-62
-56
40
40
-91
-125
-68
70
95
-1
-15
62
59
32
13
-4
31
52
50
-14
1
13
85
88
-21
-49
-67
-55
-77
-118
-20
-19
-84
-98
-115
-89
-88
-96
-38
2
-6
-54
-91
-128
-132
-56
19
87
24
-35
-49
0
80
147
64
3
69
71
102
90
-12
-103
-94
15
107
85
49
-19
-77
-174
-154
-40
44
63
-13
-91
-123
-225
-171
11
77
58
-36
-1
26
-2
-29
-95
15
94
150
156
97
50
6
58
55
103
125
126
46
-146
-190
16
206
182
-87
-221
-173
-134
-83
-71
29
63
-18
-128
-170
-104
21
81
79
38
-27
-21
-28
53
109
105
43
73
98
65
43
54
144
115
98
70
-5
-60
-37
5
49
76
13
-37
-18
18
75
13
0
101
61
26
-34
-14
33
58
80
89
87
92
97
134
130
110
92
50
82
137
85
4
-71
-11
42
73
32
27
-7
-74
-92
-87
-98
-17
65
24
-56
-218
-245
-90
15
18
54
85
-3
-119
-164
-74
71
90
58
21
72
62
22
56
121
154
145
124
181
171
107
92
72
92
46
97
93
-55
-65
-78
2
27
-62
-39
-53
-78
-62
-11
10
-86
-175
-191
-146
-31
5
24
102
18
-77
-10
14
89
71
33
-2
-53
-41
-46
6
15
24
-7
-13
10
-14
-41
-48
-44
-9
-37
-101
-73
-63
-47
-55
-77
-5
43
31
33
109
32
63
33
65
150
91
108
59
55
11
19
84
98
61
44
-25
-21
-13
-24
-69
-62
-23
-30
-92
-149
-75
-126
-102
-41
-76
-126
-117
-91
-28
26
-37
-54
-57
-34
-24
-50
-38
11
33
75
37
-31
-1
-12
37
40
91
96
43
0
-25
-78
-99
-74
-96
-26
-43
-44
-124
-172
-135
-151
-66
-20
-85
-123
-47
-13
-38
-45
-33
-10
30
17
56
-30
-141
-194
-143
-35
11
-41
-147
-135
-135
-70
-51
-71
-101
-130
-129
-80
-94
-139
-186
-117
-86
-64
-95
-105
-111
-105
-102
-113
-102
-53
-60
-75
-62
-27
83
103
77
20
-27
-33
-89
-30
104
48
-31
-60
-100
-122
-92
-34
-16
-77
-104
-134
-138
-154
-193
-122
-50
-90
-52
-43
-100
-139
-123
-103
-10
-4
7
-32
-152
-139
-114
-35
-69
-59
-17
0
-88
-177
-130
-27
-31
1
2
-18
-51
-104
-134
-93
8
-17
-64
-97
-72
-64
-84
-54
-48
-5
32
-5
-96
-124
-35
46
73
35
18
4
30
8
58
47
41
2
-11
-24
-104
-82
-71
37
55
-11
-12
-39
-110
-113
-104
-70
-41
-46
-129
-173
-199
-114
-42
3
-36
-111
-132
-129
-158
-143
-110
-24
38
-86
-109
-122
-98
-71
-15
42
-48
-116
-123
-100
-74
-62
-69
-136
-122
-124
-133
-134
-136
-103
-168
-230
-197
-149
-89
-169
-156
-150
-162
-138
-114
-118
-151
-78
-63
4
-24
-163
-151
-49
-33
-66
-49
-74
-72
-91
-143
-192
-173
-160
-107
-72
-99
-200
-271
-194
-169
-153
-82
-92
-171
-209
-206
-117
-68
-103
-182
-213
-98
12
35
-32
-124
-117
-121
-58
-18
-10
-31
-96
-111
-69
6
-13
-13
-96
-169
-127
-100
-32
-56
-148
-151
-144
-144
-70
-24
-60
-119
-176
-138
-97
-109
-103
-117
-98
-93
-112
-139
-97
-92
-83
-93
-67
-118
-132
-151
-173
-109
-109
-97
-29
-28
-110
-193
-289
-204
-152
-90
-82
-150
-164
-197
-207
-115
-44
-58
-113
-145
-119
-140
-201
-200
-149
-101
-99
-177
-178
-208
-148
-94
-88
-107
-66
-72
-130
-178
-132
-76
-83
-94
-204
-229
-180
-185
-183
-133
-108
-92
-121
-212
-196
-148
-87
-44
-78
-134
-146
-208
-180
-156
-149
-100
-101
-158
-183
-183
-148
-139
-196
-132
-104
-171
-209
-230
-216
-138
-142
-161
-119
-91
-150
-173
-140
-82
-120
-110
-52
-33
-61
-144
-173
-116
-20
-16
-79
-86
-91
-90
-57
-80
-91
-20
5
-40
-179
-208
-146
-99
-82
-65
-54
-132
-145
-188
-168
-98
-108
-109
-138
-177
-156
-179
-145
-130
-109
-123
-157
-144
-116
-137
-59
-41
-59
-33
-86
-140
-222
-110
6
-16
-118
-144
-177
-176
-163
-145
-53
-69
-99
-118
-96
-82
-104
-113
-68
-79
-86
-77
-190
-227
-183
-116
-56
-73
-141
-139
-107
-151
-159
-75
-82
-39
-57
-154
-181
-124
-103
-116
-34
-89
-142
-190
-113
-50
-96
-176
-169
-159
-96
-73
-134
-165
-227
-207
-138
-122
-66
-82
-99
-104
-138
-121
-118
-91
-68
-25
-20
-61
-97
-66
-55
-42
-4
-50
-85
-79
-66
-68
-39
-38
-71
-111
-100
-116
-92
-10
-10
32
24
-91
-99
-65
-72
-10
53
-43
-70
-103
-104
-80
-78
0
0
-24
-116
-118
-88
-112
-97
-64
-67
-57
-48
-164
-146
-79
-65
-105
-70
-73
-162
-141
-120
-56
-62
-114
-130
-131
-84
-117
-102
-60
-49
-97
-137
-87
-52
-40
-32
8
-7
-77
-70
-30
29
72
-1
-56
-40
-53
-7
2
-11
-52
-41
-45
-129
-67
-33
-18
-35
-72
-80
-63
-117
-93
-39
37
34
-13
-53
-126
-123
-126
4
-4
-19
12
-60
-63
-79
-66
-63
-5
86
21
7
13
-67
4
21
6
26
-41
-123
-113
-98
-62
-17
-29
-62
-85
-143
-71
68
25
43
51
28
-43
-58
-40
-62
-32
5
16
-9
-6
24
-35
-54
-16
-20
-42
-17
16
19
-30
-62
-27
52
72
58
13
-50
-38
-38
-26
-32
-51
-85
-45
-75
-70
-91
-37
30
-1
1
-87
-63
-65
-10
-7
-10
-14
6
-8
-11
-18
-49
12
24
56
12
6
-25
-66
-44
-12
26
-25
-52
-8
-6
-18
-96
-103
-60
-44
-42
-83
-33
-64
-85
-18
17
-1
8
-32
-50
-88
-121
-95
-88
-52
-30
-5
-65
-67
-49
-14
16
-5
37
3
-15
-2
-51
-30
-52
-27
-6
-8
17
-5
14
25
1
-16
-12
-25
-54
-71
-16
-3
-46
-36
3
28
1
-29
-66
-31
-41
-98
-95
-23
0
-51
-82
-101
-37
-8
46
14
-27
-16
-69
-86
-41
20
73
72
6
-28
-76
-49
-36
-9
-3
-1
-29
-56
-43
-39
-17
20
-20
-34
-55
-96
-84
-5
24
-49
-14
-62
-115
-79
-79
-65
-21
-9
-20
-70
-93
-87
-47
1
-17
-86
-122
-108
-71
-46
-54
-62
-24
-55
-81
-70
-71
-64
-46
-34
-41
-66
-150
-133
-136
-22
-18
-48
-10
-40
-35
-61
-34
-18
-53
-41
27
-20
2
-11
-45
-38
24
60
-31
-80
-95
-88
-32
16
-29
-2
4
-37
-84
-56
-49
-6
-33
92
1325
2815
2544
-64
-2574
-2642
-990
630
1385
979
-383
-1353
-1159
-584
-6
634
1262
1584
1813
1440
291
-501
-280
27
-197
362
1468
1229
-170
-986
-853
-784
-215
1045
1251
365
-220
-139
-371
-881
-751
-213
420
815
821
291
-278
-286
-54
140
439
876
986
983
1380
1095
-423
-1753
-936
802
1362
828
186
-640
-1456
-1319
-754
-306
167
559
589
-29
-678
-954
-673
-138
37
77
447
889
700
-158
-765
-604
18
709
1061
786
227
-43
19
-32
-291
-221
79
128
-114
-271
-349
-454
-345
-146
-28
181
319
267
-107
-450
-453
-170
313
628
390
-77
-234
-214
-319
-256
204
535
472
311
247
88
-84
-146
-26
176
364
467
390
31
-362
-478
-332
-21
204
232
9
-288
-502
-539
-397
-133
55
205
294
146
-88
-277
-419
-473
-431
-316
-141
-261
-596
-933
-1055
-994
-765
-438
-225
-162
-235
-386
-578
-668
-719
-707
-613
-554
-607
-683
-718
-787
-862
-902
-813
-635
-624
-650
-634
-753
-794
-912
-972
-879
-775
-629
-613
-571
-642
-753
-726
-762
-917
-1129
-1278
-1220
-1167
-1213
-1182
-1172
-1165
-1257
-1302
-1267
-1239
-1292
-1334
-1206
-1095
-861
-693
-581
-529
-625
-855
-1096
-1280
-1217
-887
-280
362
763
948
928
856
756
655
433
231
91
121
208
311
230
96
-11
-140
-284
-464
-499
-481
-311
-109
57
223
329
380
457
532
606
558
542
535
420
323
246
271
167
17
-82
-248
-358
-404
-518
-710
-844
-852
-792
-651
-510
-371
-257
-140
-110
-73
-23
73
309
372
360
388
414
459
467
547
649
633
649
598
551
487
430
376
329
387
424
439
381
312
207
170
98
143
233
346
419
374
486
511
461
415
463
461
520
658
893
1084
972
727
494
348
261
272
397
387
280
171
61
-27
-132
-182
-197
-211
-101
10
110
175
172
49
18
72
96
181
289
398
472
599
620
559
419
376
417
371
308
177
129
116
101
105
125
226
281
318
412
438
451
407
391
357
358
345
375
346
272
210
193
263
303
304
310
326
437
572
598
603
498
367
330
371
425
380
297
214
132
103
-18
9
133
286
424
490
501
463
338
212
177
160
186
212
197
261
279
229
212
213
326
422
554
725
829
768
573
423
332
231
291
394
393
381
230
57
-91
-142
-120
20
216
365
351
243
148
124
223
250
85
-22
131
190
188
208
98
2
-78
34
124
95
146
176
263
264
269
377
432
456
491
439
370
217
208
166
96
101
135
190
126
59
21
34
-28
-36
-18
1
64
91
157
212
139
146
244
225
172
106
-9
-35
-54
-100
-113
-108
-52
13
82
150
195
40
78
179
235
304
238
187
109
46
21
12
34
51
46
106
125
76
-7
-25
50
50
52
129
171
167
153
159
197
259
304
334
360
357
278
252
245
174
20
-21
30
-5
-56
-89
-118
-115
-20
166
275
316
259
164
40
-33
26
63
144
172
159
124
61
-78
-59
-10
165
343
385
378
367
421
393
260
201
256
273
244
179
224
232
180
92
27
-1
25
-2
-89
-147
-224
-268
-250
-223
-202
-129
-71
-102
-54
-54
-81
-70
-136
-185
-115
-5
12
116
154
105
79
52
30
71
172
243
304
253
267
176
20
-99
-180
-224
-145
33
121
177
137
112
27
3
18
45
56
32
90
85
104
158
130
67
10
-3
-4
25
140
200
157
78
-44
-94
-64
-26
-79
-89
13
66
99
118
42
-13
-7
-33
-13
20
12
53
187
169
79
133
56
39
32
-17
43
-1
10
10
-14
-19
7
36
76
50
69
49
10
-36
-40
-26
-53
-107
-85
13
36
30
25
6
-55
-114
-131
-140
-104
-113
-94
-106
-131
-105
-66
-1
-19
53
100
33
66
65
59
65
16
-15
-58
-84
-132
-190
-150
-117
-126
-96
-125
-132
-113
-173
-172
-81
-44
-107
-137
-165
-205
-97
13
103
147
144
155
204
295
229
92
-9
-7
31
106
135
52
81
93
28
-31
-89
-89
-76
-31
56
45
52
99
60
75
77
16
83
177
244
346
352
280
220
149
150
122
77
99
168
252
270
228
122
-18
-110
-154
-172
-134
-32
64
139
180
115
27
12
14
18
99
180
160
146
139
81
-67
-123
-141
-149
-146
-165
-159
-95
-60
-152
-126
-126
-186
-126
-94
-110
-50
-86
-119
-27
-4
6
-20
6
-14
-26
-33
-17
30
-44
-44
-48
-131
-201
-197
-147
-144
-176
-257
-221
-139
-68
-19
22
71
68
68
130
210
139
111
128
68
91
125
93
34
76
194
202
203
255
211
147
114
31
62
100
45
81
102
108
105
78
76
102
136
118
94
39
-61
-125
-175
-214
-170
-154
-96
-104
-64
-107
-104
-102
-118
-32
-14
-31
-74
-9
2
1
-7
-58
-118
-115
-147
-101
-65
-119
-136
-110
-10
-27
-62
-92
-143
-109
-117
-158
-80
-32
45
54
98
68
6
-30
-111
-139
-136
0
76
123
224
160
141
107
117
112
112
92
83
139
151
183
202
219
229
225
210
184
126
93
113
185
139
120
75
7
2
-14
-42
-59
-11
-8
15
52
39
-32
18
78
19
-122
-180
-159
-125
-104
-99
-60
-64
-48
-151
-221
-307
-405
-324
-291
-134
-56
24
102
85
-12
-139
-73
-27
77
199
289
334
262
192
115
54
7
-15
41
41
41
67
33
30
-20
-107
-124
-143
-133
-59
22
32
65
46
49
51
31
47
9
11
3
-8
59
78
80
83
54
12
12
34
100
119
90
74
50
67
71
-5
9
-39
17
17
-12
24
53
126
35
35
53
60
20
-50
-28
7
77
148
182
155
122
120
163
156
187
235
262
266
193
186
51
-56
-38
-96
-103
-103
-124
-76
-42
-106
-72
-66
-105
-166
-247
-214
-150
-77
-100
-49
-16
-5
-12
-20
-15
22
10
18
24
90
154
230
242
188
57
-58
-82
-83
-17
23
47
93
190
176
63
96
59
68
82
85
149
166
211
213
130
51
29
49
11
5
47
35
34
23
-53
-33
-9
18
96
120
128
146
107
59
-8
-8
-34
-50
-15
21
51
92
108
49
37
-41
-7
-33
-31
-39
-25
49
72
130
123
146
105
75
-2
45
63
105
115
123
145
182
174
95
51
112
110
59
74
115
92
107
180
123
80
18
6
-45
-10
-7
32
64
40
82
35
25
-10
-57
-69
-72
-35
104
145
123
158
89
81
72
60
58
16
76
73
29
-13
-31
9
35
41
39
63
97
42
-6
-16
-20
-27
-12
-59
-62
-88
-103
-85
-68
-3
3
-4
5
-19
62
66
40
69
134
111
117
123
107
118
75
39
17
55
40
22
20
32
25
59
86
102
96
33
25
-7
79
92
123
119
144
138
101
69
97
92
79
128
125
212
184
145
132
122
86
79
123
132
95
32
64
61
58
57
57
23
34
-4
-93
3
30
-6
-20
22
52
7
32
63
40
28
-4
-18
-64
-41
15
-7
-9
8
46
-5
-12
34
56
116
160
184
171
145
159
153
95
108
74
158
192
158
151
150
208
214
238
187
184
237
247
226
170
102
150
144
129
77
-20
-49
-66
-20
-8
8
-83
-92
-78
-93
-42
-77
-134
-107
-75
-38
-19
14
6
-26
-6
-71
-67
-32
-50
8
14
48
70
45
43
48
29
-6
65
47
37
141
190
161
167
167
153
125
165
185
109
120
119
92
100
51
56
10
-6
22
29
77
34
21
-65
-45
-24
-46
-64
-82
-29
-2
50
53
55
44
53
83
71
50
43
4
-7
62
52
-31
-75
-96
-82
-123
-106
-23
-7
19
11
-53
-72
-14
49
109
37
35
10
3
44
20
57
86
77
48
30
34
46
75
60
38
27
22
19
-9
1
19
31
111
165
112
137
140
127
148
188
120
91
168
139
116
173
201
158
74
51
37
28
33
58
115
142
163
153
146
52
0
-38
15
-1
31
55
48
83
35
61
83
41
29
85
72
47
14
-16
31
57
21
34
28
-34
-9
-37
-64
-37
7
16
19
46
34
90
56
66
87
44
65
68
61
30
65
144
112
100
102
98
72
15
21
49
7
39
33
-1
41
53
69
54
49
69
12
57
88
63
105
91
90
93
77
70
39
38
47
140
160
105
109
96
18
48
56
54
31
33
66
77
63
109
110
91
61
52
85
67
54
-13
2
13
-7
-8
-27
18
60
52
33
-3
5
-34
-37
39
61
37
78
94
136
139
137
130
74
84
164
172
129
179
133
126
97
107
96
69
126
99
134
147
174
174
166
185
158
151
159
226
243
184
104
41
75
65
41
26
29
40
54
87
77
30
30
-10
-61
12
73
61
29
35
40
44
52
1
21
3
4
33
30
18
37
-21
0
48
5
22
28
72
78
63
46
28
22
37
78
34
75
147
149
95
88
99
101
115
134
79
89
111
113
81
78
91
141
68
36
43
63
121
130
106
111
133
122
144
100
112
113
121
107
118
112
74
130
55
3
79
74
99
118
77
76
38
53
126
94
75
97
68
19
32
77
103
90
99
116
126
191
156
102
75
61
90
140
133
122
104
55
61
119
126
107
164
146
106
71
95
111
135
72
34
22
-3
63
100
73
53
116
160
162
159
144
178
224
193
184
133
141
167
109
129
88
62
117
144
93
80
80
144
192
90
103
106
69
134
131
100
109
97
83
66
80
153
168
123
110
124
127
162
170
170
185
178
114
111
151
128
80
114
151
143
198
246
207
208
243
221
236
220
168
165
149
131
145
140
136
167
108
114
134
131
98
83
84
117
119
112
132
121
163
191
205
230
172
159
148
125
156
188
130
96
59
54
91
70
117
87
90
105
78
75
70
29
72
64
35
76
74
109
126
85
99
111
91
95
129
102
58
101
105
142
175
136
135
184
134
131
145
116
133
176
129
106
107
45
99
115
110
88
81
93
68
51
50
118
140
164
135
111
127
91
101
117
144
93
89
120
74
87
113
109
105
98
208
206
212
191
143
122
97
129
109
136
82
117
138
96
151
209
244
198
176
195
170
155
148
99
74
128
138
146
141
118
157
130
165
178
161
