286
250
251
291
299
262
208
211
213
206
172
192
253
174
217
219
250
241
201
163
191
223
204
220
198
227
231
197
155
235
241
217
224
265
261
203
252
277
277
253
259
273
319
275
222
172
216
268
270
255
269
328
314
240
252
202
193
255
262
250
250
252
258
236
250
289
265
300
268
218
256
217
239
289
260
253
200
266
255
238
261
307
305
237
318
256
235
250
263
281
250
279
245
227
278
332
277
220
195
219
212
232
260
206
227
331
323
289
260
264
282
249
241
292
253
239
272
286
243
272
266
223
214
245
276
270
314
246
249
296
260
279
303
287
266
256
275
271
249
185
257
303
321
292
311
296
228
261
267
320
335
294
300
262
253
238
252
242
227
218
239
270
180
206
241
260
234
234
203
201
221
214
216
247
262
258
243
247
225
226
208
215
282
211
183
205
147
178
242
216
245
240
254
252
262
271
230
244
254
316
274
200
171
224
286
239
263
229
211
196
206
204
179
208
241
227
161
207
257
268
251
235
244
211
191
223
259
276
271
290
221
189
182
150
183
217
231
268
239
214
253
243
232
218
186
150
202
169
175
202
191
205
170
168
142
155
199
150
185
189
187
173
137
202
188
173
196
174
205
180
150
183
152
166
223
230
214
226
243
168
155
181
210
194
180
239
236
202
160
183
125
175
233
245
242
172
166
178
207
186
172
204
175
159
182
184
185
182
186
206
143
137
187
124
113
173
179
211
200
121
160
209
110
95
209
159
154
201
165
207
233
223
215
206
206
180
185
140
136
152
166
160
146
127
159
195
138
189
184
126
170
146
111
141
160
170
197
200
179
136
134
159
106
127
125
136
135
147
113
161
169
120
132
116
133
153
187
119
165
155
151
195
192
152
148
162
136
152
184
199
151
188
132
130
173
184
226
177
163
160
220
197
185
166
128
135
138
198
213
236
226
129
180
189
156
107
91
154
129
136
136
151
115
134
139
119
115
105
111
132
53
33
105
73
169
172
146
180
160
166
122
106
62
86
134
133
116
148
113
85
143
133
127
110
166
155
116
126
154
171
167
127
127
176
132
138
166
106
106
124
189
148
100
135
119
78
47
138
103
134
185
153
152
103
76
66
50
80
75
122
150
95
111
93
62
58
51
53
105
92
71
108
106
67
70
105
113
123
153
99
128
148
90
66
56
64
117
77
58
88
55
115
58
52
99
101
103
96
84
93
51
46
39
80
111
82
93
82
105
73
43
56
70
93
146
142
155
143
106
87
114
56
72
67
33
80
65
88
122
127
94
94
57
32
6
30
105
47
43
77
36
35
57
75
13
20
48
56
73
35
22
-17
-76
-47
-3
30
41
19
-27
21
-11
-47
5
14
-11
90
181
140
103
100
73
6
24
-21
-17
-22
-5
77
27
1
-7
-26
36
83
-13
-42
23
-55
-33
-4
17
43
47
66
19
75
87
30
8
-4
72
57
60
77
35
102
54
-18
-90
-60
-16
-1
2
-23
-35
-19
-40
-1
18
2
33
39
8
29
2
-73
-97
-26
23
-7
31
61
49
82
103
-10
3
20
65
68
64
62
52
45
29
16
-2
22
-2
51
24
-9
47
92
64
41
40
96
99
29
79
45
2
78
129
58
34
16
5
41
25
75
48
-26
-30
22
-42
-47
15
-15
-51
15
-21
-50
-36
-77
-82
-86
-43
-58
-30
-83
-84
-44
-4
-16
-75
-111
-108
-68
-28
-71
-50
-34
-14
-7
-94
-80
-95
-73
-42
-18
-34
-61
-62
-43
-43
-48
-82
-63
-83
-51
2
14
24
-12
32
-10
-111
-113
-89
-77
-40
-20
9
-34
-24
-49
-60
-64
-51
-63
-86
-70
-21
-8
-84
-63
-59
-47
-53
-44
-66
-99
-55
-27
-40
-49
-102
-59
-23
-30
-10
2
25
14
-8
-17
-63
-46
-49
17
61
-19
-61
2
-63
-134
-161
-118
-80
-77
-47
-67
-50
-89
-34
-31
-48
-39
-26
-48
-83
-23
-19
-35
-28
23
-34
-35
-12
-11
-51
-109
-100
-150
-141
-102
-62
-50
-54
-59
-44
-101
-99
-72
-100
-90
-11
-9
-65
-64
-89
-99
-119
-94
-77
-91
-67
-29
-26
-65
-67
-60
-73
-68
-48
-57
-11
-51
-66
-16
-74
-18
-77
-84
-112
-125
-81
-60
-45
-107
-121
-122
-137
-137
-180
-120
-81
-105
-87
-177
-211
-145
-121
-114
-127
-126
-121
-144
-44
-51
-97
-89
-77
-130
-133
-163
-121
-107
-130
-125
-133
-171
-102
-115
-176
-122
-219
-224
-239
-212
-196
-134
-125
-144
-172
-164
-118
-174
-138
-153
-170
-122
-160
-171
-157
-178
-191
-192
-145
-166
-119
-154
-108
-121
-133
-154
-200
-201
-219
-210
-199
-131
-130
-149
-147
-147
-132
-191
-214
-187
-149
-168
-205
-252
-221
-218
-220
-208
-240
-226
-249
-234
-230
-275
-267
-298
-271
-229
-216
-214
-235
-233
-236
-277
-314
-224
-211
-167
-182
-157
-145
-168
-187
-195
-180
-176
-175
-157
-132
-125
-171
-145
-160
-184
-202
-231
-214
-297
-238
-205
-187
-181
-194
-170
-159
-161
-94
-80
-165
-214
-247
-264
-234
-201
-243
-251
-219
-237
-251
-297
-275
-201
-266
-196
-157
-229
-211
-223
-163
-141
-157
-127
-163
-131
-154
-215
-246
-254
-274
-256
-245
-206
-233
-237
-229
-215
-218
-225
-187
-256
-253
-227
-193
-236
-262
-234
-240
-275
-267
-243
-261
-247
-279
-248
-258
-198
-168
-223
-263
-264
-215
-219
-240
-238
-224
-166
-149
-180
-186
-196
-201
-197
-207
-204
-270
-196
-198
-225
-252
-205
-142
-192
-216
-273
-241
-217
-220
-253
-214
-247
-242
-240
-221
-226
-236
-202
-253
-279
-245
-235
-231
-173
-171
-186
-209
-183
-154
-166
-199
-185
-217
-248
-237
-195
-144
-191
-209
-179
-136
-116
-163
-196
-253
-194
-142
-225
-175
-134
-216
-198
-205
-228
-210
-207
-224
-203
-238
-216
-242
-263
-213
-221
-202
-193
-140
-153
-124
-178
-259
-206
-201
-163
-163
-171
-148
-230
-202
-211
-201
-171
-224
-153
-184
-193
-155
-195
-147
-185
-241
-223
-191
-171
-153
-191
-247
-275
-310
-240
-249
-254
-255
-259
-184
-209
-209
-201
-206
-220
-249
-240
-272
-295
-287
-252
-237
-241
-238
-225
-213
-207
-224
-242
-253
-221
-178
-243
-143
-317
-353
-197
-255
-323
-342
-197
-267
-311
-257
-214
-239
-287
-325
-242
-265
-283
-270
-217
-193
-256
-181
-221
-273
-306
-208
-214
-288
-294
-237
-201
-250
-243
-226
-203
-311
-302
-233
-238
-261
-225
-209
-235
-269
-208
-191
-203
-205
-189
-243
-260
-179
-164
-215
-253
-170
-168
-177
-197
-241
-183
-171
-211
-215
-251
-230
-247
-231
-205
-219
-205
-228
-198
-225
-214
-182
-215
-211
-210
-243
-272
-256
-210
-182
-203
-226
-190
-209
-267
-257
-203
-162
-180
-223
-253
-200
-222
-267
-234
-231
-242
-182
-226
-237
-206
-190
-172
-172
-192
-219
-164
-137
-122
-123
-160
-198
-167
-156
-156
-132
-173
-175
-177
-214
-192
-167
-228
-262
-187
-155
-232
-182
-193
-172
-146
-207
-201
-204
-200
-187
-209
-157
-93
-163
-141
-125
-121
-221
-316
-248
-2
39
-185
-277
-213
-279
-318
-210
-200
-179
-88
12
-34
-92
-100
-135
-164
-219
-182
-154
-134
-138
-178
-168
-159
-211
-228
-156
-192
-153
-103
-105
-120
-86
-131
-93
-100
-137
-116
-83
-112
-146
-99
-147
-93
-80
-99
-99
-130
-148
-122
-97
-134
-121
-128
-141
-198
-139
-46
-42
-79
-162
-148
-143
-137
-117
-74
-24
-67
-113
-137
-131
-100
-72
-115
-86
-90
-112
-76
-107
-100
-29
-40
-111
-80
-81
-130
-147
-108
-121
-126
-106
-124
-79
-100
-126
-76
-110
-103
-65
-126
-115
-117
-111
-106
-91
-52
-118
-104
-139
-125
-131
-112
-101
-115
-100
-104
-53
-73
-122
-177
-182
-101
-47
-66
-62
-97
-54
-23
-89
-32
-32
11
-16
-31
24
-62
-99
-108
-144
-107
-126
-79
-73
-121
-94
-79
-80
-99
-61
-65
-113
-125
-117
-119
-66
-86
-94
-84
-91
-41
-57
-17
-33
-41
-100
-85
-51
-92
-121
-78
-92
-140
-132
-141
-76
-43
-46
-104
-52
-67
-48
-65
-28
34
-53
-114
-101
-124
-120
-123
-89
-31
-19
-41
-57
-58
-23
-66
-54
-58
-53
-85
-42
-11
-113
-120
-92
-76
-54
-14
-91
-72
-45
-38
-28
-51
-85
-110
-92
-100
-100
-116
-62
-114
-114
-78
-66
-74
-41
-60
-65
-78
-69
-47
-71
-62
-66
29
-24
-3
-36
-47
-58
-56
-89
-57
-50
-67
-41
-27
-10
-42
-52
-55
-116
-86
-34
-73
-55
12
-22
-96
-79
-78
-28
-52
-9
-3
-62
-49
-43
-56
-45
-74
-113
-84
-58
-94
-107
-136
-107
-82
-72
-43
-75
-73
-95
-98
-81
-7
2
-38
-23
-6
10
-6
-17
-46
-42
-81
-18
11
-59
-20
-7
-22
-34
-28
15
21
19
35
15
7
-48
-1
-17
-70
-16
-32
-10
-24
-50
-1
-2
-8
49
57
-12
-3
11
7
-16
-25
-7
-18
18
-12
-28
-46
-88
-95
-33
-71
-94
-79
-49
-18
-62
-63
11
27
39
-32
-111
-107
-2
-21
-2
-28
68
488
395
55
32
354
304
43
199
153
-104
-110
-50
-217
-350
-253
-120
-85
-129
-113
-37
-42
-122
-24
29
-25
-86
-82
-1
-75
-63
-3
-58
-71
-63
-36
-27
-61
-66
-17
13
-114
-99
40
-67
-73
-63
-86
-77
-116
-12
16
77
86
64
56
-21
1
36
90
76
106
88
63
-37
-116
-67
-4
-41
-84
-32
45
-66
-93
-31
-126
-157
-132
-50
-77
-87
-110
-53
4
-51
-86
-29
-40
-54
-37
-93
-63
-35
41
-5
35
-28
-16
-3
-41
29
6
47
-27
-101
-96
-165
-125
-104
-110
-116
-148
-146
-191
-110
-121
-89
-46
-6
12
15
66
35
3
-30
-21
14
12
-11
8
26
-35
26
34
33
50
48
96
45
-21
-27
5
53
152
102
29
55
87
39
79
103
112
114
129
125
133
130
110
171
120
156
201
153
68
60
32
21
97
154
158
203
163
101
158
166
188
199
218
215
153
145
62
99
98
89
199
146
97
125
180
179
199
238
238
292
239
140
98
161
188
189
168
143
84
38
41
55
46
65
105
45
30
156
214
118
120
209
129
52
102
48
65
86
92
46
79
27
3
1
-24
52
196
266
330
419
530
643
705
756
791
956
1021
1116
1189
1104
1023
850
719
448
17
-456
-885
-1113
-1215
-1252
-1068
-825
-296
576
1505
2409
3002
3112
2714
1803
500
-883
-2290
-3623
-4783
-5748
-6221
-6146
-5420
-4202
-2565
-733
930
2128
2543
2073
832
-336
-1038
-1042
-591
-79
350
521
790
1201
1591
1590
865
-355
-1736
-2943
-3634
-3573
-3001
-1897
-403
1468
3442
4865
5160
4217
2594
845
-462
-1197
-1366
-1126
-786
-681
-823
-841
-712
-521
-220
-22
27
-41
-197
-183
-73
324
999
1795
2590
3057
2803
1680
-17
-1687
-2678
-2963
-2596
-1963
-1107
-29
892
1550
2055
2068
1618
1236
1068
1092
1292
1546
1663
1724
1677
1569
1315
1136
812
451
206
-1
-316
-642
-858
-1010
-1037
-1048
-1019
-924
-856
-772
-568
-447
-317
-142
25
140
360
616
787
1015
1104
1015
603
2
-644
-1096
-1155
-853
-276
239
544
587
222
-389
-900
-1134
-1046
-755
-308
29
221
354
271
29
-307
-630
-963
-1188
-1401
-1601
-1527
-1343
-1179
-816
-215
485
1397
2005
1823
1129
349
-149
-40
260
159
-139
-492
-769
-876
-565
-62
422
1045
1662
2033
2092
1826
1249
684
428
292
214
253
209
135
147
94
-16
-206
-265
-209
-112
-106
-43
117
144
230
447
518
446
441
378
383
315
404
437
289
145
-9
-84
-141
-263
-335
-396
-644
-720
-635
-574
-655
-569
-521
-499
-436
-475
-339
-271
-262
-169
-51
-77
-85
-41
-97
-107
-33
-127
-250
-235
-313
-418
-361
-340
-296
-182
-55
-76
92
253
136
68
-45
-184
-394
-546
-598
-697
-716
-559
-430
-200
58
218
525
782
1030
1242
1391
1443
1425
1427
1391
1314
1287
1039
929
859
658
482
418
357
176
235
361
445
476
431
313
221
-101
-492
-788
-1046
-1395
-1483
-1271
-1131
-1091
-1071
-1075
-1100
-1087
-956
-851
-917
-970
-989
-846
-711
-614
-478
-521
-477
-259
-112
-83
-7
49
30
104
230
351
409
290
274
349
356
290
167
149
96
12
82
182
288
408
478
555
572
613
670
726
645
460
277
60
-193
-431
-576
-813
-1063
-1174
-1070
-998
-804
-549
-318
38
518
971
1425
1791
1925
1949
1802
1627
1464
1259
995
643
288
22
-246
-524
-546
-535
-570
-417
-411
-481
-397
-149
-277
-391
-299
-237
-170
-247
-318
-448
-504
-509
-381
-293
-418
-476
-163
-62
-232
-304
-313
-225
-91
3
-135
-102
-65
20
177
263
188
-6
-26
237
314
374
658
654
412
507
649
571
692
707
508
570
568
358
519
563
404
412
487
292
198
225
217
283
260
132
8
-256
-354
-201
-270
-394
-475
-418
-355
-135
-146
-82
12
-253
-220
44
119
-222
-368
-310
-165
-288
-302
-322
-397
-265
-261
-229
-97
-144
-330
-190
213
151
76
46
43
120
72
198
269
174
161
182
196
213
263
342
165
91
130
260
57
14
-49
-24
77
15
39
-83
-96
-237
-104
-129
-16
104
-101
-202
0
91
-140
111
250
209
275
153
-5
240
335
-5
37
269
266
286
196
19
201
39
-29
77
-15
-20
153
135
-113
153
89
70
171
58
-92
273
210
-102
-67
2
-69
90
192
-55
43
51
-140
45
368
165
181
193
131
6
249
130
-123
-52
-72
133
179
175
58
47
189
-104
-55
89
26
-143
123
204
94
17
-7
-45
-68
-43
58
226
237
140
107
55
-25
80
-77
-125
-33
182
165
125
125
145
60
-144
-195
15
148
0
142
201
-27
-73
94
81
251
332
-18
24
250
212
121
294
32
5
122
-80
-89
27
-95
-95
194
308
90
65
213
486
227
-168
96
84
-59
141
361
91
47
162
98
168
130
213
144
268
69
118
157
-35
-4
24
79
98
222
144
143
-49
-82
51
12
30
82
57
30
232
147
-74
-27
232
213
107
235
20
304
154
91
180
118
21
98
385
123
-31
-93
-84
120
234
-22
223
165
-100
71
269
39
-3
75
-81
180
22
121
154
101
23
141
268
159
196
-11
116
173
128
168
296
320
-9
264
129
-95
53
138
95
93
108
-122
10
32
9
24
217
216
161
183
14
178
-29
25
210
123
90
89
305
107
213
159
1
12
20
8
145
187
5
174
19
-3
-209
-9
36
31
217
89
-23
-82
-100
-54
158
69
107
120
31
-45
1
107
-110
182
80
93
113
-11
-38
109
-34
35
52
-18
326
145
-62
45
174
-111
-39
191
9
-4
220
-1
-48
283
183
-7
57
240
-43
13
115
-7
59
239
13
-40
64
-11
103
214
72
59
55
85
171
9
28
81
163
-43
-94
-193
35
-143
-58
280
261
-8
-34
-102
-139
-98
187
-49
-60
80
41
-11
-38
56
-199
97
-32
-182
57
311
-80
132
71
-84
29
99
40
-140
-4
-143
167
284
14
-182
53
-37
34
189
111
-202
23
197
32
-33
-155
-258
19
45
-180
-34
173
177
30
208
-90
93
-94
-116
61
-138
-42
-180
-373
-279
66
93
-198
-185
-81
-81
-135
-277
-13
141
-133
236
58
-187
66
-131
142
47
-50
-80
32
-231
-130
296
-18
-279
-36
66
-86
156
-21
-10
94
19
23
97
156
103
-73
157
-92
24
62
-83
167
-188
-178
-108
189
39
-52
-65
-300
3
193
-63
70
-267
-257
-76
73
136
-36
133
-181
50
69
40
9
94
209
26
-231
368
-231
-49
131
-175
59
35
-82
-317
71
-268
113
112
166
-67
3
-104
-361
145
-141
202
148
115
57
-148
63
-230
32
-158
-197
72
118
-5
691
266
179
180
-181
-129
295
168
-347
139
434
-5
-64
-166
-478
-291
-159
338
285
-118
33
-47
171
-277
-22
59
31
82
276
398
23
-204
-185
69
42
362
138
194
-67
-241
124
263
-67
-148
257
21
-190
9
-173
-14
193
-33
74
-39
-94
135
235
-62
-190
-118
153
256
52
-224
147
-141
-329
279
-14
-155
-55
304
-314
-12
91
-18
35
296
-33
259
269
-177
272
-50
-134
-325
-70
-52
-147
-218
-37
136
95
-68
198
68
-95
194
-24
131
-107
-129
179
-268
-378
-77
201
13
-202
-89
52
-15
119
475
122
-338
21
105
-110
168
-22
33
108
-213
-547
391
-154
-358
381
355
19
-157
83
-517
-142
-109
-107
93
-162
-187
283
-2
-360
-14
-98
-268
12
160
-60
169
504
-131
132
-99
141
-30
239
-103
-185
255
-138
-64
-246
191
-490
237
-20
-324
7
71
-326
107
111
-450
-1
202
-547
-244
525
39
-100
191
-49
48
-370
236
136
-187
-53
-47
132
-235
-109
9
210
55
-90
377
479
-374
-306
19
-107
-241
-5
137
-263
5
-167
-92
113
-168
-182
-121
25
-189
15
43
-115
-104
199
116
-155
-35
98
236
7
-173
-278
-24
-327
-151
390
50
66
45
-30
-152
60
-7
31
441
-221
-457
102
171
-122
-75
-44
-40
35
21
142
-216
10
88
43
-230
-34
169
-382
-28
-178
-26
281
90
-167
316
193
-120
102
193
-106
57
298
-99
125
412
-116
58
-321
-74
284
-74
-174
164
271
-67
-125
-29
-326
71
186
-282
183
-16
-86
252
427
262
-261
-301
17
37
126
258
329
23
-8
129
35
-330
-116
-248
45
348
245
-84
370
-205
-219
371
159
7
-149
91
-27
232
-260
-100
171
-230
-457
130
303
-69
-82
195
388
-57
-90
105
-180
-201
132
-60
63
11
-32
-67
158
-293
-41
361
-250
-239
354
-126
-53
53
361
276
-454
-31
-147
-300
-209
60
96
-37
-211
230
365
-48
-344
252
430
-158
-136
-84
89
-229
68
410
25
-253
321
320
-59
-15
-290
117
160
-188
-334
79
24
-343
234
108
-57
257
167
23
-71
-166
151
161
122
169
330
168
-124
41
-254
-90
26
-70
138
-20
-157
90
-62
-148
4
-78
304
270
-3
128
90
144
87
245
46
-59
26
-74
463
206
-295
81
158
-221
-101
-47
-502
-260
106
-90
153
148
-202
-143
-59
-124
-41
48
-93
241
217
348
82
-250
-126
350
399
-181
356
253
107
172
201
-209
10
357
-60
262
136
192
211
155
-283
-116
179
102
143
35
-66
115
1
-181
-116
-135
-71
-46
147
-10
-26
-314
-360
97
29
-311
-284
-252
-284
-115
-86
20
-46
-20
-397
-624
-472
-245
39
40
-211
-579
-172
57
6
-211
-228
10
514
291
-252
-195
-525
-297
557
501
-125
-142
-165
-39
233
252
48
-6
-128
73
544
-5
-406
-121
-179
-455
243
497
-83
-344
-99
360
466
255
-215
-115
226
-57
36
201
-223
-208
277
263
-167
-112
-162
-140
410
312
12
-1
50
48
53
143
-241
-414
-70
402
636
578
329
-82
-327
-36
66
-12
318
376
73
186
-91
-280
214
168
219
565
474
71
389
469
107
-13
-108
-211
3
-54
-105
22
78
256
195
-27
-177
27
1
-37
199
297
200
170
131
-218
-520
-554
-144
102
-118
164
522
196
-381
-241
131
-69
-37
253
114
-261
-330
36
271
147
-60
-48
-118
-194
-21
224
122
-152
-19
-113
-163
-197
-123
-13
-1
77
-118
-52
115
79
-83
-211
-250
-217
-372
-427
-356
-111
-23
51
339
193
-213
-561
-582
-413
-431
-403
-158
191
214
-40
12
-127
-161
74
282
461
423
298
102
-144
-93
-31
-2
-8
123
443
535
752
755
513
339
472
504
367
399
432
284
228
230
255
128
20
94
304
280
361
504
364
259
-49
-272
-548
-800
-456
120
1139
2014
2194
1789
864
-422
-1869
-2738
-2581
-1532
-124
894
994
853
1005
791
124
-417
-953
-1667
-2298
-2449
-2331
-1710
-513
1475
3388
4514
4601
3926
2903
1491
-28
-1316
-2499
-3414
-4036
-4485
-4153
-2847
-1076
443
1353
1065
84
-1065
-1639
-1322
-236
1243
2275
2153
1779
1198
68
-1387
-3260
-4280
-4197
-3049
-487
3311
7355
9856
9717
7958
5130
2023
-633
-2411
-3445
-3633
-3014
-1319
1768
5715
9957
12915
11973
6603
216
-4330
-5985
-4510
-367
3827
4830
2374
-752
-2366
-2940
-2905
-2510
-2341
-2574
-2358
-1363
-460
-73
-128
-70
307
935
2392
4442
5926
5360
2816
-654
-4489
-6993
-7562
-7179
-6320
-4939
-2975
-1126
-224
-95
139
610
1341
2410
4013
5818
6939
7100
7062
6497
4147
1055
-532
-520
-884
-1215
-551
-187
-1067
-2126
-2026
-2120
-3391
-4044
-3705
-3224
-2943
-2094
-918
-700
-1181
-1382
-1330
-1659
-2225
-2322
-1919
-1874
-1902
-1490
-842
-840
-1302
-1221
-901
-975
-1187
-1268
-1284
-1826
-2334
-2329
-2282
-2570
-2806
-2376
-2219
-2665
-3073
-3367
-3882
-4758
-5378
-5858
-5828
-2479
4592
9949
9017
5053
3704
3430
1351
596
3604
5909
4575
4566
8310
9424
4583
-943
-2780
-3833
-5316
-3176
1838
3187
-372
-2943
-2574
-3633
-6606
-7303
-5300
-4309
-4042
-1170
2658
2606
-655
-2372
-1996
-1921
-1474
1383
4409
4577
3695
4180
4927
3456
1322
380
-138
-349
385
2467
3127
1377
-1090
-2715
-3399
-4258
-4491
-3861
-3712
-4000
-3792
-2405
-1567
-1888
-2330
-2449
-1225
1016
3784
5712
6025
4981
3326
2812
2744
2562
2122
1629
1592
1563
1724
1489
160
-1542
-2590
-2166
-791
645
1331
891
-398
-1779
-2547
-2777
-2628
-2438
-2239
-1747
-1044
-421
-79
-355
-945
-1114
-574
369
1089
957
-3
-1538
-2983
-3640
-3777
-3722
-4085
-4537
-5101
-5927
-7152
-5941
2421
11510
12872
7009
3644
4896
2449
-969
513
5434
5273
2264
6198
10319
6392
-2876
-6569
-5129
-6423
-6097
-329
4756
1421
-4671
-4564
-2804
-5379
-8303
-5874
-2324
-2354
-1424
3440
6335
2910
-1125
-909
665
401
1529
5272
6877
4938
3639
4766
4538
1291
-1337
-1621
-1452
-1619
-305
1863
1592
-1268
-3691
-4221
-4435
-4769
-4218
-2979
-2382
-1967
-670
1171
1514
617
1647
3860
5443
5277
5239
5248
3559
1929
1346
1607
814
-343
-614
-896
-1431
-2194
-2321
-2049
-2231
-2045
-1284
-607
-623
-1286
-1635
-1860
-2132
-1907
-1281
-771
-927
-1238
-955
-455
-103
-66
28
309
325
387
330
-416
-1834
-3249
-4049
-4242
-4583
-4992
-5215
-5118
-5695
-7241
-6859
-401
10886
17003
13374
6795
4908
4123
109
-952
3924
7699
5532
4667
8522
8005
-630
-8898
-9352
-7629
-7301
-3727
2446
3539
-2662
-6898
-5487
-4688
-6988
-7154
-3273
-552
146
3105
7418
7504
2869
-371
282
1517
2275
4483
7148
6962
4642
3311
2849
829
-2567
-4538
-4448
-3573
-2204
-372
719
-761
-3659
-5464
-5581
-4774
-3730
-2226
-760
377
1363
2611
3191
2772
1396
1321
4242
7927
9743
8682
6829
3654
-208
-2124
-2322
-1989
-2627
-2529
-1860
-1747
-2103
-3333
-4188
-4584
-3777
-1734
704
2524
2316
952
-286
-886
-1086
-897
-416
-301
-356
14
804
1188
630
-619
-1388
-1680
-1473
-1057
-833
-1330
-2789
-4240
-5317
-6124
-6808
-6955
-6499
-6076
-6107
-5599
-1503
9059
19036
19462
11593
5556
5132
2738
-595
1670
7996
9311
5298
5467
6515
842
-9676
-14040
-10526
-7748
-5698
-1403
2623
-226
-6485
-7761
-5312
-4835
-6104
-3803
978
3853
5594
8629
10380
7210
2038
170
1475
3003
4355
6216
6852
4819
1946
69
-1817
-4790
-7305
-7610
-5869
-3575
-1361
-82
-646
-2859
-4891
-5272
-4183
-2236
-12
1912
3250
4341
5004
5079
4138
2842
1751
1707
4149
7975
9984
7917
3841
-12
-3148
-5329
-5799
-4759
-3925
-3195
-2054
-1008
-1337
-3005
-4412
-4468
-2534
307
3205
5042
4810
2973
948
26
-319
-456
-508
-397
-165
58
413
105
-1172
-2663
-3459
-3260
-2569
-2063
-1868
-2645
-4040
-5167
-6088
-6705
-6714
-6153
-5651
-5420
-5204
-3814
1393
12676
22642
22268
13381
6729
5374
1903
-1732
1087
7907
8946
4379
3320
2868
-3702
-13778
-16637
-11970
-8368
-6205
-2137
1915
-287
-5341
-6143
-3745
-3105
-4059
-1452
3844
7689
9730
11513
11654
7680
2280
-99
743
2002
2808
3780
3982
2429
-340
-3056
-5757
-8625
-10140
-9219
-6212
-2720
-110
663
-254
-1862
-3020
-2801
-1151
1154
3376
4882
5827
6580
6672
5853
4067
2055
558
-164
803
3837
7134
7068
3069
-1422
-4866
-7705
-9004
-7083
-3675
-1325
348
1384
835
-1539
-3485
-3523
-1733
1511
4508
6193
5976
4281
1852
-163
-1138
-1795
-2170
-1916
-1134
-313
22
-574
-2151
-4032
-5078
-4946
-3840
-2496
-1683
-1909
-3227
-4861
-5955
-6359
-6317
-5961
-4726
-3756
-3071
-1436
5758
18598
26390
21945
10693
4800
3018
-1653
-3983
1907
9722
8024
2009
379
-1250
-9251
-18135
-16844
-10147
-6394
-4572
-126
3443
164
-4394
-4273
-1597
-1569
-2104
1695
7477
10988
11919
12406
10644
5209
-383
-2489
-1376
-50
1037
2178
2337
402
-2947
-6288
-9255
-10866
-10139
-7150
-3184
236
2285
2294
811
-360
-455
262
1539
3260
5081
6201
6653
6865
6362
4298
1047
-1496
-2728
-2522
-1716
853
4591
5548
2626
-1770
-4426
-6673
-7878
-5890
-2095
1026
2313
3009
2084
-269
-2268
-2796
-1374
1166
3879
5303
5442
4320
1834
-665
-2448
-3341
-3710
-3088
-2033
-1101
-725
-1429
-2886
-4310
-4891
-4616
-3670
-2591
-1893
-1874
-2376
-2953
-4169
-5285
-5710
-5332
-4711
-4702
-3324
1083
12084
24511
27590
18458
6346
1619
-1833
-5988
-4318
4988
10859
6155
780
-1432
-5532
-14760
-19518
-14405
-7851
-4613
-2152
2928
4517
447
-2885
-2306
-821
-1842
-685
4709
10524
13079
13001
11800
7417
803
-4121
-4933
-3195
-1275
850
2283
1625
-1387
-5416
-8881
-10851
-10417
-7777
-3804
-86
2481
3647
3376
2240
1410
1168
1270
1938
3622
5723
7041
7392
6518
4203
642
-2593
-4268
-4070
-3107
-664
3450
5402
3162
-1111
-3516
-4964
-6029
-4685
-1197
1780
2749
3062
2369
587
-1352
-2297
-1683
263
2577
3826
4280
3830
2071
-230
-2065
-3029
-3611
-3309
-2391
-1501
-1177
-1665
-2643
-3592
-3943
-3875
-3206
-2228
-1279
-1036
-1833
-2918
-3456
-3905
-4477
-4774
-4263
-4084
-4268
-2942
2089
13772
25195
26646
15917
4064
-183
-3609
-6842
-3522
6631
10836
4525
-1272
-3319
-7228
-15281
-17630
-11608
-5838
-3820
-1712
3411
4839
1394
-1530
-1189
-488
-1512
431
5986
11497
13365
12359
9827
4650
-1457
-5365
-5421
-3373
-1199
814
1501
132
-3088
-6538
-9051
-9987
-8623
-5746
-2333
706
3114
4564
4498
3518
2286
1375
969
1730
3916
6288
7430
6744
4595
1598
-1735
-3993
-4726
-3849
-138
3687
4377
1666
-863
-2619
-5298
-6177
-4392
-1338
634
2047
3006
2451
1207
-579
-1514
-1137
401
1820
2985
4170
3868
2073
-277
-2168
-3692
-4333
-3674
-2498
-1532
-1219
-1624
-2612
-3378
-3771
-3535
-2737
-1868
-1477
-1680
-2023
-2986
-4127
-4803
-4532
-3823
-3603
-4151
-3978
-2105
4556
17192
27016
25037
12263
1926
-1502
-4705
-6351
-837
8838
9604
2023
-3314
-5045
-9149
-15787
-15481
-9352
-4819
-3692
-1003
3977
4680
1486
-1015
-941
-1065
-1282
2215
8310
12791
13220
10983
7133
1661
-3390
-5712
-4733
-2683
-748
532
250
-1707
-4636
-7222
-8995
-9154
-7231
-4159
-1045
1744
4183
5513
5144
3597
1954
1113
1346
2784
5213
7114
7070
5049
2198
-801
-3079
-4428
-3920
-1834
514
2355
2428
1189
-1400
-3760
-4539
-4125
-2540
-363
1895
2825
2644
1932
636
-464
-921
-220
641
1892
2993
3371
2773
950
-1089
-2993
-3889
-4033
-3442
-2446
-1772
-1630
-2046
-2529
-3199
-3478
-3150
-2459
-1689
-1460
-1755
-2662
-3455
-4020
-4006
-3990
-4082
-4673
-4784
-2968
1955
14071
26577
28199
15581
2000
-1809
-4117
-6758
-3308
7387
11505
3780
-3510
-5274
-7523
-14360
-16387
-10783
-5421
-4006
-2091
3690
6192
3218
-507
-1495
-1535
-1930
1314
7814
13322
14184
11453
7207
1690
-3304
-5690
-4749
-2781
-1073
313
238
-1603
-4488
-6882
-8608
-9300
-7789
-4654
-1119
1903
4445
5932
5493
3681
1775
893
1226
3021
5453
7226
7140
4989
2129
-754
-3179
-4599
-4617
-3908
-1800
2470
5914
5190
1022
-2849
-5617
-7091
-5572
-1406
2652
4424
4364
2894
501
-1524
-2566
-1975
147
2552
3991
4504
4203
2389
-526
-3073
-4783
-5481
-4807
-3247
-1508
-342
-522
-1974
-3716
-4697
-4311
-2943
-1627
-973
-838
-1654
-3122
-4268
-4293
-4507
-4813
-5194
-4194
-2327
3337
17032
28768
27449
12407
-53
-2837
-5236
-6637
-829
10266
11564
2124
-4878
-6326
-9138
-15430
-15357
-9191
-4636
-3566
-818
4843
5988
2689
-762
-1680
-2023
-1688
3006
9887
14663
14359
10806
5657
-485
-4783
-5711
-3770
-1732
-177
768
-29
-2391
-5376
-7573
-9061
-9263
-7280
-3629
327
3398
5473
6057
4818
2574
897
850
2108
4281
6501
7538
6543
3836
894
-1571
-3682
-4027
-2396
-449
497
1087
1926
831
-1975
-4160
-4438
-3735
-2229
499
2749
3614
2982
1809
427
-538
-445
313
1559
2730
3302
2756
1406
-221
-1919
-3045
-3645
-3804
-3554
-2922
-2228
-1890
-1730
-2241
-2979
-3399
-3048
-2105
-1484
-1480
-2302
-3202
-3984
-3925
-3872
-3965
-4434
-4526
-3254
1616
14922
28113
28644
14652
833
-2545
-4244
-5989
-1442
8920
11576
2572
-4903
-6432
-8046
-13908
-15512
-10058
-5227
-3572
-1133
4578
6333
2697
-1130
-2181
-1777
-1131
3285
9957
14466
14038
10487
5800
229
-3987
-5262
-3670
-1776
-375
784
266
-2164
-5379
-7884
-9621
-10008
-7728
-3556
638
3490
5272
5684
4303
2219
884
1234
2840
4866
6763
7555
6451
3804
951
-1401
-3312
-4364
-4517
-2741
809
4276
5093
2439
-1395
-4896
-6495
-5578
-2395
1549
3977
4479
3222
1398
-389
-1693
-1905
-502
1775
3473
4418
4196
2845
494
-2082
-3937
-4741
-4174
-2990
-1815
-1127
-1143
-1978
-3230
-4137
-4184
-3349
-1796
-551
-727
-1919
-2722
-3372
-4188
-4718
-4529
-4407
-4496
-2939
770
11775
25376
29338
18068
2158
-3323
-3836
-4925
-1999
7424
12697
5141
-4037
-7109
-7746
-12343
-15320
-11285
-6030
-3410
-1476
3716
6477
3520
-1071
-3228
-2670
-1398
3041
9614
14376
14403
10752
6194
888
-3234
-4669
-3403
-1674
-562
825
999
-1017
-4612
-7658
-9557
-10243
-8314
-4160
504
3669
5167
5291
4073
2182
693
936
2585
4916
6947
7768
6886
4340
1259
-1408
-3136
-4112
-3233
-355
2843
4458
3335
510
-3336
-6243
-6794
-5032
-1737
1595
3776
3951
2865
1225
-340
-1271
-963
765
2717
4275
4860
4085
2043
-787
-3269
-4516
-4355
-3410
-2109
-1090
-900
-1546
-2689
-3775
-4394
-4124
-3140
-1389
-318
-614
-1936
-3047
-3739
-4413
-4849
-4541
-4191
-4168
-3192
1056
13610
27365
29244
15971
883
-3509
-4084
-4804
-466
9207
12484
4021
-4415
-6905
-8125
-12996
-15180
-11149
-6272
-3239
-105
5125
6590
2710
-1902
-3932
-3403
-1448
4091
10832
14686
14013
10379
5776
464
-3440
-4537
-3170
-1483
-62
1378
1359
-932
-4832
-8240
-10204
-10538
-8124
-3611
1042
4031
5096
4839
3353
1486
313
845
2761
5211
7325
8109
7044
4361
1101
-1580
-3453
-4342
-3922
-2901
-564
3116
6205
5583
1356
-3262
-6462
-7248
-5154
-665
3333
4880
4318
2203
-211
-2085
-2547
-1575
469
3072
4906
5577
4556
2186
-852
-3603
-5293
-5517
-4136
-2166
-535
-16
-649
-2219
-4162
-5296
-4854
-3018
-961
-82
-759
-2070
-2911
-3410
-3800
-4691
-4879
-5292
-4881
-2940
4977
20646
31214
26284
8967
-2873
-4476
-4791
-3563
3340
12008
9966
231
-5759
-6732
-9302
-14577
-14436
-9960
-5662
-2407
2564
7264
5731
612
-3761
-4687
-3583
297
7449
13275
14893
12319
8514
3830
-1105
-3991
-4032
-2391
-1127
564
2086
1538
-1832
-6345
-9520
-11051
-10199
-6504
-1379
2832
4731
4932
3921
2219
636
311
1559
3729
6096
7687
7819
6223
3278
291
-2251
-3887
-4278
-3116
53
3694
5658
4219
414
-3667
-6609
-7075
-4861
-1121
2113
3948
3923
2338
360
-1191
-1922
-1364
739
3122
4852
5468
4579
2160
-1037
-3505
-4736
-4492
-3202
-1709
-816
-858
-1671
-2981
-4144
-4507
-3836
-2612
-1288
-437
-823
-1946
-3143
-3866
-4279
-4251
-3483
-2883
-4616
-5179
-2908
6288
20981
29761
24229
7655
-2982
-4185
-3521
-1665
4381
10952
7646
-1152
-5978
-6472
-8786
-13365
-13489
-10108
-6005
-2315
2916
6865
4894
-11
-3884
-4429
-3124
1216
8077
13238
14102
11196
7632
3375
-759
-3201
-3209
-2109
-1233
409
1887
1251
-2271
-6622
-9755
-11137
-9841
-5886
-825
2760
4158
4108
3260
1918
682
711
2006
3998
5999
7416
7572
5936
3124
231
-1991
-3603
-3713
-2191
371
3830
5667
4128
-376
-4671
-6860
-7143
-4862
-1088
2210
3603
3490
2330
367
-1153
-1740
-968
961
3376
5086
5471
4430
1924
-1114
-3509
-4502
-4392
-3229
-1824
-1002
-992
-1716
-2875
-3909
-3965
-3247
-2418
-2040
-1965
-1751
-2255
-3315
-4433
-4042
-2926
-2814
-3759
-5692
-5879
-2177
11145
27107
31547
19286
2245
-3833
-3771
-3431
-475
7243
11084
4287
-3521
-5934
-6142
-10328
-14342
-13207
-9711
-5654
-707
5667
7384
3132
-2295
-5021
-4610
-2281
3603
10337
14055
13075
9893
6597
2394
-1252
-3206
-2947
-2090
-826
1306
2408
751
-3580
-8019
-11019
-11574
-9066
-4282
441
3100
3907
3573
2631
1336
571
878
2240
4342
6514
7973
7647
5643
2619
-375
-2714
-3824
-3209
-1245
2336
5361
5092
1221
-3448
-6270
-7287
-6149
-2999
493
2619
3295
2823
1414
-99
-1239
-1579
-532
1951
4279
5290
5156
3422
557
-2162
-3566
-3895
-3383
-2214
-1374
-1344
-1968
-2707
-3475
-3879
-3595
-2914
-2315
-2288
-2200
-1921
-2524
-3607
-4200
-3718
-3705
-3577
-3761
-3987
-4228
672
16096
29671
28518
12384
-1083
-3176
-3065
-2970
1105
9133
9480
1168
-5036
-6007
-6996
-12091
-14374
-12226
-8244
-4004
1335
6593
5851
917
-3782
-5042
-3814
-329
6130
11885
13941
11817
8769
5403
1399
-1761
-3132
-2485
-1589
30
1903
2119
-697
-5569
-9546
-11591
-10893
-7526
-2746
1330
3115
3352
2859
2122
1132
632
1363
2894
5043
7002
8125
7483
5082
1877
-978
-2953
-3309
-1095
1997
3714
2921
864
-1886
-4783
-6202
-5799
-4113
-1968
489
2117
2443
2057
1100
-220
-1054
-406
1344
3169
4430
4586
3354
1302
-848
-2428
-3005
-2797
-2383
-2089
-2067
-2340
-2839
-3241
-3539
-3869
-3705
-2861
-1893
-1672
-2288
-3174
-4079
-4833
-4583
-3688
-2721
-3126
-3866
-3547
445
13743
27514
28973
14475
-403
-3370
-1990
-1485
1000
7757
9370
2040
-5109
-6869
-6693
-10659
-13906
-12859
-8963
-4485
206
5459
5588
1243
-3629
-5344
-3944
-534
5684
11275
13537
11705
8640
5734
2324
-707
-2469
-2209
-1446
-67
1727
2191
-133
-5025
-9308
-11610
-11092
-7931
-3376
629
2369
2676
2046
1435
868
591
1346
2813
4924
6946
8133
7617
5398
2407
-425
-1812
-1697
153
2217
3206
2233
-490
-3404
-5547
-6018
-5385
-3809
-1819
73
1438
1800
1587
804
-28
-423
114
1743
3519
4574
4281
2957
924
-1084
-2221
-2616
-2302
-1865
-1703
-2006
-2548
-2958
-3217
-3586
-3879
-3799
-3341
-2637
-2476
-2642
-3314
-4073
-4530
-4183
-3615
-3346
-4042
-4032
-2814
4376
19033
29995
25918
8903
-2882
-3305
-1196
-406
3135
9184
8063
249
-5912
-6829
-7637
-11994
-14480
-12853
-7896
-2710
2379
5849
4106
-735
-5020
-5769
-3568
1421
7931
12335
13149
10760
8090
5155
1786
-1117
-2393
-1913
-933
1025
2729
2465
-1017
-6424
-10592
-12138
-10639
-6856
-2315
1036
2232
1943
1325
894
451
411
1191
2926
5377
7502
8553
7711
5189
1928
-733
-1706
-535
1833
3289
2970
870
-1772
-4195
-5666
-5740
-5019
-3691
-2009
-201
1244
1763
1548
703
-134
-448
448
2199
3820
4490
3990
2524
457
-1335
-2311
-2371
-2058
-1814
-1818
-2003
-2160
-2384
-2827
-3576
-4246
-4271
-3579
-2816
-2587
-3136
-3951
-4924
-4830
-4401
-3739
-3516
-3713
-3369
41
12857
27349
29851
15897
218
-3259
-1196
-283
1334
7315
9981
3909
-3626
-6762
-6682
-10020
-14064
-14388
-10718
-5189
-107
4542
4867
1177
-3553
-5924
-4862
-1341
4929
10444
13091
11966
9432
7028
3932
871
-1733
-2076
-1256
380
2356
3102
1411
-3450
-8504
-11673
-11618
-8959
-5076
-1134
1082
1805
1343
824
310
-88
242
1546
3838
6241
8154
8474
7000
4251
1134
-1135
-1232
950
3525
4495
3104
179
-3347
-5970
-6705
-6123
-4856
-3055
-1051
306
949
1033
575
-208
-566
29
1478
3291
4431
4517
3494
1647
-558
-2105
-2396
-1978
-1544
-1395
-1486
-1849
-2233
-2678
-3358
-4234
-4575
-3999
-3213
-3012
-3437
-4004
-4622
-5241
-5161
-4637
-3616
-3492
-3290
-2645
3816
18189
28997
25246
9197
-1501
-1791
139
722
3433
8924
8054
924
-5227
-6307
-6721
-10922
-14180
-13686
-9223
-4266
466
4003
3365
-393
-4901
-6115
-4161
483
6303
10422
12012
10786
9072
6608
3775
957
-1118
-1394
-953
795
2567
3029
628
-4314
-8784
-11208
-10712
-8214
-4622
-1385
426
880
511
391
74
-208
96
1436
3737
6107
7859
8052
6750
4395
1757
-21
108
2059
4090
4306
2258
-673
-3522
-5551
-6278
-5809
-4594
-3152
-1687
-536
198
447
184
-318
-339
600
1938
3302
4126
4106
3083
1281
-368
-1433
-1732
-1516
-1290
-1319
-1572
-1904
-2061
-2308
-2958
-3968
-4465
-3688
-2805
-2879
-3762
-4584
-5493
-6276
-5934
-4786
-3610
-4128
-4351
-3026
5258
19763
29165
24011
8328
-1177
-1105
1012
1694
4493
9568
8261
1299
-4776
-5492
-5899
-10217
-14099
-14192
-9672
-4823
-67
3387
2965
-833
-5583
-6775
-4793
36
5511
9595
11356
10532
9382
7613
5488
2608
257
-759
-703
893
2919
3980
1848
-2771
-7506
-10434
-10628
-8907
-5657
-2694
-896
-346
-189
268
119
-231
-398
517
2301
4557
6680
7823
7695
6017
3686
1656
1484
3043
4698
4946
3175
129
-3065
-5144
-6001
-5777
-4900
-3748
-2722
-1905
-1009
-307
4
-44
-54
358
1325
2661
3787
4010
3201
1597
-35
-925
-1077
-929
-689
-681
-929
-1253
-1530
-1760
-2450
-3243
-3904
-3789
-3233
-3267
-3998
-4953
-5354
-5919
-5823
-5479
-4461
-4388
-4423
-3480
2776
16180
26825
25052
11534
1203
224
1945
2044
3149
7932
9025
3946
-2391
-4335
-3912
-7100
-11891
-14658
-12295
-7569
-2418
1857
2641
344
-3790
-5979
-5977
-3132
1823
6497
9355
9325
9221
9132
8377
5766
2441
397
-613
-16
1662
3916
4139
1291
-3280
-7470
-9316
-9293
-7439
-5239
-3476
-2310
-1466
-393
125
143
-261
-454
-58
1084
3255
5518
7172
7383
6476
5561
5016
4950
4658
4114
2807
678
-1633
-3119
-3741
-3919
-3922
-3997
-4087
-4176
-3613
-2453
-1266
-266
357
801
1297
1820
2254
2302
1888
1164
475
262
340
279
79
-263
-635
-937
-1190
-1249
-1500
-1901
-2589
-3045
-3162
-3529
-4412
-5636
-6467
-6738
-6722
-6344
-5697
-5479
-5101
-3820
3663
16302
24945
21449
9666
2589
2456
3295
2230
3714
8276
9043
4543
-704
-1681
-1526
-4571
-9920
-13553
-12657
-9031
-4045
-318
1143
98
-2515
-4946
-6549
-5167
-1418
3058
5439
6176
7486
8913
9543
7792
5204
2745
996
302
919
3007
4541
3834
823
-2798
-5466
-6793
-6946
-6569
-5885
-4974
-3656
-2226
-1124
-336
-207
-495
-1150
-1379
-720
951
3150
4994
6510
7657
8787
9091
8073
5755
2679
102
-1462
-1992
-1937
-1626
-1422
-1835
-2813
-3980
-4656
-4655
-3965
-2929
-1736
-238
1065
1900
1947
1443
528
-469
-925
-780
-210
376
772
681
442
352
270
195
-97
-681
-1563
-2543
-3032
-3272
-3842
-4678
-5605
-6097
-6460
-6501
-6657
-6724
-6449
-3898
4384
15042
20542
16227
8038
4209
3928
3014
1373
3163
6681
7321
4596
2169
2638
2565
-351
-6001
-10477
-11542
-9774
-6097
-2915
-564
176
-517
-2599
-4992
-5333
-3745
-1535
-546
489
2639
5679
8047
8369
7558
5846
3699
1511
542
1299
2687
3608
3238
1999
427
-872
-1997
-3392
-4562
-5390
-5387
-4987
-4162
-2854
-1378
-236
-339
-1029
-1930
-2190
-1692
-577
1206
3535
6311
8436
9231
8586
6927
4763
2311
-2
-1594
-2010
-1527
-846
-500
-706
-1203
-1842
-2761
-3576
-3808
-3404
-2710
-1792
-726
200
708
626
172
-466
-1124
-1611
-1918
-1952
-1365
-247
979
1778
1874
1444
534
-520
-1604
-2499
-3115
-3505
-3890
-4237
-4500
-4557
-4829
-5346
-5703
-4786
727
8984
14210
12334
7087
4346
4093
3036
1057
1412
3575
4483
3193
1896
3145
4722
3987
300
-4098
-6892
-7505
-6159
-4422
-2454
-884
34
-533
-2218
-3107
-2695
-1747
-1985
-2705
-2309
-467
1849
3529
4676
5148
4964
3822
2391
1567
1515
1785
1677
1342
1048
1146
1486
1522
926
-123
-1148
-2359
-3628
-4225
-3737
-2450
-1329
-796
-796
-953
-1063
-959
-293
1052
2399
2959
3144
3267
3485
3696
3369
2459
1138
9
-563
-677
-457
-138
283
252
-231
-828
-1143
-1277
-1575
-1938
-2140
-1955
-1743
-1314
-703
-236
-297
-807
-1327
-1674
-1613
-1108
-259
479
741
731
622
331
-281
-890
-1442
-1955
-2514
-3043
-3270
-3213
-3124
-3631
-4443
-4883
-2578
2907
8364
9879
7174
4547
3559
2716
947
-46
1062
2261
2084
1118
1575
3548
4923
4056
1083
-1946
-3939
-4364
-3946
-3068
-1586
-252
264
-506
-1381
-1348
-474
-194
-1165
-2260
-2653
-2010
-1039
15
1294
2598
3370
3132
2409
1774
1526
1204
548
-118
-413
96
933
1782
2303
2461
1933
529
-1181
-2341
-2483
-1986
-1388
-1170
-935
-682
-409
-31
622
1530
2015
1499
405
-83
346
1204
1659
1246
580
229
65
-128
-212
9
261
57
-527
-755
-446
19
143
-200
-639
-892
-825
-663
-412
-233
-180
-435
-891
-1248
-1145
-599
-235
-143
-301
-343
-365
-405
-611
-737
-822
-1065
-1489
-1863
-1984
-1953
-2001
-2416
-3122
-3850
-4005
-2082
1887
5756
6986
5635
4021
3058
2146
718
-25
483
1186
1124
598
1150
2820
4262
4126
2458
535
-1028
-1960
-2363
-2299
-1835
-1192
-837
-854
-801
-186
871
1070
-48
-1739
-2989
-3275
-2871
-1757
-157
1526
2577
2638
2146
1604
1191
679
7
-711
-922
-526
335
1226
1885
2216
1966
1246
174
-615
-865
-921
-944
-1076
-1070
-964
-648
-250
463
1571
2319
2126
1051
83
-305
-202
-46
-134
-321
-416
-278
-94
-1
130
442
319
-234
-775
-787
-349
86
100
-120
-4
118
-13
-187
-187
-160
-351
-657
-841
-828
-502
-183
-144
-325
-305
-182
-293
-332
-216
-312
-795
-1263
-1349
-1255
-1223
-1318
-1632
-2192
-2770
-3252
-3451
-2376
483
3931
5552
4683
3145
2530
2327
1490
641
478
697
599
68
299
1839
3749
4484
3769
2181
548
-804
-1914
-2579
-2620
-2005
-1078
-413
-64
307
875
1018
-3
-1608
-2781
-2952
-2346
-1420
-330
831
1645
1776
1417
977
786
845
629
141
-204
-260
-13
319
733
1229
1583
1553
941
141
-336
-538
-732
-1091
-1381
-1301
-878
-279
202
693
1399
2012
2037
1374
457
-87
-211
-229
-399
-591
-567
-227
18
20
-9
79
102
-149
-421
-422
-111
223
251
117
23
63
43
-110
-232
-224
-78
-258
-343
-495
-469
-384
-445
-439
-452
-308
-68
45
-91
-354
-597
-832
-1198
-1312
-1317
-1240
-1217
-1433
-1784
-2445
-3351
-3611
-2046
1113
4103
4889
3943
2902
2438
1685
539
0
250
617
586
540
1556
3359
4614
4285
2662
835
-696
-1529
-2058
-2211
-1885
-1229
-815
-819
-811
-276
585
731
-228
-1594
-2344
-2421
-2012
-1373
-517
504
1307
1566
1516
1565
1476
1116
369
-397
-750
-621
-233
306
936
1472
1728
1356
474
-411
-751
-853
-941
-1050
-1055
-687
-180
281
602
1015
1681
2078
1708
633
-246
-420
-337
-406
-609
-661
-446
-171
-90
-32
195
356
117
-350
-522
-298
46
172
45
-58
-89
-53
-99
-165
-129
19
-199
-578
-776
-740
-411
-130
-71
-129
-152
-224
-209
-322
-580
-784
-778
-648
-711
-702
-715
-1052
-1700
-2606
-3258
-3693
-3980
-2927
153
3744
5402
4509
2916
2257
1896
1062
298
537
1258
1297
698
740
2133
4010
4801
3777
1796
-208
-1533
-2303
-2691
-2553
-1863
-1021
-646
-478
-102
593
935
90
-1625
-2947
-3191
-2667
-1694
-480
933
2024
2301
1913
1318
1106
1036
657
-57
-644
-644
-145
559
1073
1433
1643
1442
646
-292
-789
-892
-806
-899
-987
-872
-423
36
418
825
1490
2150
2128
1183
38
-365
-265
-318
-544
-624
-453
-190
-32
-25
7
168
174
-141
-484
-447
-114
180
273
183
156
51
-258
-614
-625
-375
-215
-437
-523
-398
-373
-258
-330
-629
-754
-550
-356
-107
-227
-286
-200
-455
-1170
-1664
-1679
-1690
-1952
-2468
-3080
-3786
-4230
-2917
671
4649
6168
5086
3706
3121
2586
1349
359
422
1009
1024
577
1151
2950
4743
4968
3298
778
-1596
-2906
-3277
-3154
-2480
-1500
-584
-321
-536
-530
110
334
-591
-2169
-3239
-3038
-2132
-1033
96
1379
2354
2539
2006
1357
1123
997
604
-29
-643
-518
46
761
1343
1738
1895
1346
310
-883
-1526
-1523
-1323
-1255
-1178
-876
-395
174
481
912
1691
2354
2172
1004
-84
-397
-167
22
-104
-298
-270
-173
-103
-227
-191
79
45
-231
-493
-318
195
384
212
-137
-419
-486
-537
-550
-493
-401
-438
-778
-1243
-1232
-765
-529
-384
-243
-204
-147
155
44
-500
-915
-1238
-1328
-1395
-1377
-1494
-1897
-2525
-3338
-3948
-4669
-4146
-881
4262
7690
7228
5038
3533
2811
1525
74
-39
1024
1724
1270
1063
2259
4157
5055
3865
1261
-1437
-3164
-3866
-3807
-3293
-2196
-785
-201
-444
-842
-486
93
-186
-1619
-2985
-3241
-2503
-1180
179
1669
2860
3335
2877
1948
1221
796
485
44
-434
-419
236
1100
1748
1973
1818
1186
91
-1260
-2177
-2265
-1842
-1359
-1147
-843
-441
-40
193
483
1513
2536
2517
1463
569
99
71
65
-11
6
29
108
-104
-489
-411
61
180
-201
-509
-486
-295
-78
-89
-281
-423
-482
-700
-894
-742
-507
-575
-915
-1150
-1048
-830
-536
-274
-43
-90
-156
-332
-602
-813
-820
-812
-1116
-1705
-2167
-2387
-2703
-3291
-4161
-5037
-5157
-2285
3358
8481
9286
6700
4364
3256
1945
60
-547
816
2192
2001
1149
1744
3588
5041
4286
1491
-1690
-4088
-4997
-4949
-4103
-2568
-841
40
-374
-1129
-1198
-509
-452
-1596
-2963
-3291
-2403
-989
651
2395
3933
4408
3630
2158
932
397
325
176
-79
159
780
1445
1821
1795
1391
590
-767
-2339
-3279
-3146
-2246
-1316
-824
-529
-296
-154
-131
264
1568
3009
3383
2435
1169
374
297
485
484
214
-79
-218
-474
-654
-469
13
151
-256
-801
-980
-636
-219
-161
-535
-874
-1066
-1307
-1451
-1295
-922
-636
-803
-1160
-1392
-1136
-837
-529
-352
-292
-201
-319
-532
-777
-955
-1391
-2232
-3075
-3566
-3969
-4760
-5652
-6538
-4700
1761
9755
13289
10484
5959
3627
2495
310
-1344
-36
2654
3759
2511
1797
3205
5052
4463
934
-3232
-6212
-6953
-6042
-4441
-2493
-325
1074
483
-1295
-2423
-1906
-1226
-1783
-2959
-3127
-1556
823
2865
4415
5576
5563
4051
1681
-210
-633
-123
467
691
935
1461
1918
1799
844
-345
-1459
-2755
-4032
-4575
-3734
-1934
-413
289
216
-151
-524
-838
-825
234
2506
4769
5652
4844
3609
2588
1618
545
-578
-1293
-1460
-1227
-928
-492
113
550
147
-977
-1941
-2180
-1823
-1355
-969
-625
-386
-453
-805
-1158
-1241
-1249
-1597
-2162
-2480
-2134
-1114
93
722
784
493
-108
-930
-1894
-2724
-3377
-3823
-4344
-4913
-5598
-6161
-7358
-5049
3616
14242
17920
12344
5302
2536
2064
-165
-1516
1173
5191
6177
3419
1622
2755
4212
2580
-2510
-7507
-9813
-8582
-5512
-2595
-275
1508
1707
-692
-3800
-4895
-3117
-1217
-1170
-1679
-663
2186
4777
6135
6461
6039
4554
1943
-433
-1195
-65
1529
2188
1777
1054
712
223
-991
-2611
-3780
-4318
-4646
-4604
-3716
-1591
469
1234
563
-719
-1455
-1507
-516
1775
5257
7908
8023
5897
3253
1514
415
-443
-1297
-1726
-1561
-1125
-632
-200
259
184
-797
-2174
-3109
-2967
-2044
-945
-348
-203
-228
-470
-831
-1162
-1303
-1477
-1997
-2626
-2670
-1642
-84
1118
1503
1168
376
-873
-2522
-3808
-4595
-4955
-5332
-5595
-6196
-6332
-7700
-5615
3927
16051
20356
13295
4416
1320
1740
235
-899
2272
6874
7587
3761
1047
1698
2847
680
-4883
-9606
-10960
-8152
-3901
-710
844
1458
821
-2256
-5512
-6102
-3248
-270
331
198
1382
4210
6428
6809
5918
4401
2477
309
-959
-497
1487
3188
3150
1501
-344
-1448
-2376
-3576
-4722
-5067
-4451
-3822
-3160
-2039
-355
855
621
-620
-1895
-1760
-599
1434
4074
7727
10598
9997
6180
1687
-1029
-2276
-2573
-2591
-2123
-1021
-122
114
-552
-1133
-1614
-2439
-3440
-3605
-2265
-390
1028
1271
679
-244
-1071
-1929
-2631
-2535
-1975
-1366
-894
-395
254
664
634
219
-633
-1762
-2764
-3437
-4069
-4646
-5477
-6078
-6991
-7404
-8806
-7000
2783
16391
22483
15480
5093
835
1452
146
-1153
2150
7378
8570
4249
498
535
1545
-577
-6135
-10776
-11526
-8044
-3051
469
1745
1593
173
-3340
-6492
-6436
-2608
1339
2454
2253
3081
5511
6952
6406
4770
2977
1195
-553
-1039
171
2565
3928
2870
211
-2432
-3810
-4455
-5042
-5374
-4885
-3596
-2466
-1652
-772
419
962
91
-1370
-2204
-1522
639
3462
6431
9438
11038
9533
5213
433
-2638
-3824
-3790
-2986
-1799
-668
-57
-385
-1573
-2672
-3259
-3562
-3544
-2546
-640
1371
2478
2217
1051
-314
-1547
-2471
-2876
-2365
-1326
-492
114
420
436
165
-464
-1193
-1842
-2261
-2751
-3199
-3751
-4447
-5834
-6982
-8257
-8544
-10030
-7991
3136
18470
25186
17073
5358
506
1186
-214
-1528
2371
8244
9517
4469
284
-36
350
-2634
-8669
-12636
-12156
-7324
-1607
1974
2715
1671
-567
-4423
-7265
-6351
-1571
2870
4145
4271
5251
7247
7591
5795
3286
1132
-224
-1032
-387
1442
3380
3596
1197
-2320
-5069
-5978
-5955
-5772
-5240
-3933
-1978
-726
-226
117
509
390
-551
-1252
-947
728
3409
6623
9702
11167
9698
5202
-67
-3843
-4926
-4122
-2711
-1216
-355
-357
-1383
-2681
-3670
-4075
-3685
-2806
-1230
793
2685
3426
2753
967
-1072
-2397
-2859
-2420
-1421
-390
334
608
473
-146
-868
-1656
-2108
-2188
-1987
-2034
-2590
-3156
-4188
-5418
-6762
-7244
-7763
-7919
-10126
-7283
5499
21644
26799
16436
4005
-417
520
-1141
-1685
3424
9484
9456
2940
-1555
-1987
-1896
-5608
-11312
-13539
-11040
-4787
978
3843
3459
1429
-1448
-5399
-7100
-4707
1268
5820
6639
6297
6694
7756
6532
3549
472
-1295
-1842
-1586
184
2028
2919
1396
-2187
-5802
-7681
-7217
-6059
-4924
-3678
-1896
166
1173
1376
1221
1083
589
-3
82
1389
3563
6024
9034
10634
9152
4341
-1002
-4712
-5864
-4941
-3209
-1480
-602
-595
-1809
-3378
-4271
-4139
-3361
-2155
-85
2297
4096
4507
3319
1208
-1021
-2360
-2729
-2021
-772
256
562
278
-108
-792
-1756
-2664
-3183
-2972
-2570
-2213
-2270
-2825
-3748
-5083
-6473
-7260
-7112
-6726
-7515
-9663
-3108
12825
27422
25617
11300
127
-964
207
-1909
-314
5909
10336
6318
-1556
-4612
-4212
-4830
-9721
-13784
-12737
-7058
293
4603
5250
2860
-103
-3405
-6008
-4587
508
6877
9187
8267
7141
6948
6281
2965
-580
-2894
-3353
-2446
-656
1649
2408
848
-3008
-7101
-9157
-8636
-6106
-3711
-1884
-359
1243
2552
2519
2003
1362
1056
934
1289
2721
4448
5770
6201
7025
7488
5145
92
-5028
-7385
-6823
-4739
-2379
-786
-305
-1031
-2655
-4201
-4237
-2676
-710
1046
2723
4362
4983
4147
2111
-95
-1738
-2431
-2363
-1609
-358
545
416
-559
-1762
-2820
-3640
-3903
-3551
-2857
-2280
-2198
-2827
-3624
-4371
-5075
-6474
-7009
-7093
-5700
-7286
-5287
6806
23665
29471
16771
1589
-3863
-769
-825
-1671
3050
8454
8099
-65
-5675
-6421
-6434
-9053
-13409
-12606
-7406
569
6137
6622
3966
-80
-2248
-4349
-3693
673
6883
10897
9700
7532
5988
4773
1626
-2719
-4898
-4887
-3063
-865
1130
1787
-255
-4075
-8086
-9673
-8259
-4989
-1775
1
1304
2410
3352
3320
2407
1541
984
1094
1936
3438
4945
5130
4384
4144
4415
3290
-439
-4576
-6827
-6400
-4559
-2552
-1068
-551
-786
-2043
-3168
-2948
-1216
948
2484
3632
4433
4542
3468
1529
-375
-1681
-2138
-1978
-1506
-809
-323
-342
-1202
-2421
-3456
-4028
-4069
-3773
-3245
-2437
-2027
-2008
-2746
-3885
-5448
-6231
-6066
-5764
-5481
-7462
-1193
13367
27724
25700
9831
-2731
-4360
-844
-2073
-827
4489
8147
4821
-3568
-6774
-7111
-7595
-10848
-12936
-8895
-2008
5297
7723
5922
2352
-1108
-2508
-3320
-430
4798
9607
10609
7881
5585
3974
1758
-2220
-5564
-5899
-4245
-1897
87
1173
230
-3004
-7035
-9488
-8467
-4930
-973
1498
2403
3007
3560
3491
2413
1279
761
1122
2104
3416
4642
4618
3186
1170
496
1255
1024
-1324
-4354
-5511
-4641
-2932
-1508
-609
-236
-590
-1431
-1964
-1225
489
2028
2710
3054
3485
3415
2382
693
-918
-1974
-2315
-2165
-1808
-1378
-1178
-1354
-2083
-3153
-3948
-4196
-3809
-3241
-2712
-2084
-1744
-1753
-2715
-3949
-5524
-6004
-6274
-5124
-6200
-3205
8783
23596
27152
13060
-2101
-6456
-1921
-997
-1858
2416
6912
5961
-1795
-7022
-7138
-7491
-9361
-11597
-8228
-1370
5212
8281
6094
2367
-1208
-2308
-2117
166
4771
9086
10502
7470
4061
2003
-41
-3298
-6255
-6475
-4113
-1285
479
968
-352
-3505
-6892
-8562
-7318
-3771
205
2823
3578
3488
3142
2859
1839
791
439
929
2338
3503
4298
3575
1327
-1281
-1871
95
1796
631
-2391
-4444
-4211
-2819
-1703
-995
-508
-286
-405
-412
201
1424
2344
2333
2082
2445
2779
2315
994
-609
-1783
-2501
-2672
-2518
-2189
-1824
-1719
-2061
-2901
-3644
-4134
-4055
-3541
-2847
-1918
-1448
-1580
-2192
-2929
-4001
-5105
-6137
-5687
-6832
-1519
11479
25144
24463
8305
-4999
-6765
-1512
-1132
-1232
3116
6373
4115
-3401
-6944
-6841
-7631
-9523
-9991
-4693
2247
7249
7973
4638
859
-1956
-2304
-998
2352
6898
9923
9135
5172
1648
-514
-2544
-5084
-6093
-4789
-2391
-287
439
116
-1937
-5132
-7579
-7583
-4502
-618
2602
4024
3901
3467
2378
1409
377
118
687
1491
2779
3538
3362
1474
-1473
-3032
-1732
1426
2696
763
-2515
-4266
-4051
-2862
-1467
-183
692
728
325
170
735
1405
1386
1254
1695
2599
2911
1967
367
-1166
-2338
-2994
-3022
-2550
-1892
-1519
-1641
-1985
-2743
-3527
-3992
-3991
-3311
-2347
-1467
-1076
-1099
-1706
-2627
-4052
-4911
-5495
-4905
-6945
-2717
10045
23929
23497
6785
-6480
-7172
-798
-457
-1516
3043
6961
4428
-3685
-7450
-6404
-6817
-8786
-8653
-2464
4669
8075
6884
3062
-84
-2018
-2046
-475
2938
7079
9594
8127
3828
221
-2114
-4023
-6008
-5812
-3332
-623
735
437
-563
-2763
-5700
-7303
-6260
-2478
1349
3883
4472
3449
2261
1151
485
-75
-90
714
2021
3079
3342
2192
-296
-3035
-4218
-2300
1548
4099
3024
-590
-3539
-4125
-2929
-1543
-534
457
1037
1205
1260
1147
927
408
195
893
2176
2968
2284
595
-1156
-2409
-2959
-2792
-2241
-1812
-1788
-1987
-2060
-2197
-2775
-3457
-3570
-2791
-1698
-865
-934
-1407
-2312
-2945
-4053
-4321
-4708
-4265
-4979
-5821
2427
15242
23370
13987
-1675
-7785
-2907
1556
-458
359
4989
5790
427
-6080
-6380
-5461
-6603
-7416
-3865
3069
6929
6405
3272
327
-1267
-1768
-621
1931
5741
8210
7938
4370
255
-2325
-3950
-4775
-4861
-2886
-475
441
336
-823
-2241
-4657
-6629
-5930
-2850
1273
3699
4250
3174
1504
351
-268
-235
277
1079
1810
2570
2870
2187
-160
-2824
-4172
-2884
865
4078
4078
835
-2716
-4112
-3427
-1746
-213
899
1503
1540
1340
853
140
-398
-427
583
2200
3331
2934
1176
-796
-2296
-3055
-2862
-2098
-1328
-1106
-1483
-1799
-2221
-2610
-3140
-2968
-2151
-1069
-786
-1169
-1999
-2215
-2769
-3222
-3827
-3719
-3455
-3688
-5300
-6970
1376
14371
21909
12318
-2678
-6853
-1075
2638
-495
-316
4646
5476
607
-5157
-5057
-4333
-6163
-6727
-2715
3705
6206
4808
2313
458
-670
-1321
-256
2253
5494
7216
6572
3500
-19
-2308
-3749
-4111
-3459
-1775
-158
58
-166
-899
-2256
-4462
-6198
-4986
-1731
1810
3581
3404
2176
613
-292
-462
221
1011
1377
1754
2473
2783
1736
-921
-3651
-4124
-1544
2142
4653
3874
870
-2547
-4253
-3436
-1793
57
1177
1989
2344
1659
605
-726
-1357
-738
969
2877
3693
2904
997
-1028
-2532
-3160
-2833
-1804
-732
-212
-473
-1440
-2564
-3314
-3327
-2582
-1489
-773
-593
-776
-1083
-1814
-2519
-3472
-3747
-3588
-2662
-3105
-3432
-6183
-4638
4968
15808
17578
5372
-4673
-4132
1654
1953
-1033
1482
5429
3833
-1617
-4780
-3502
-4253
-6092
-4736
805
5131
4529
2430
1241
801
-280
-814
309
3055
5561
6117
4846
1814
-1050
-3001
-3616
-3058
-1988
-823
-533
-680
-508
-1050
-2692
-5067
-5525
-3227
-5
2494
3089
2377
963
-509
-979
-201
806
1306
1474
2027
2534
2194
164
-2143
-3720
-2714
259
3923
5362
2635
-1385
-4157
-3846
-2238
-703
810
1998
2560
1905
295
-1120
-1978
-1407
367
2640
4116
3692
1798
-402
-1788
-2521
-2658
-2205
-1029
219
515
-597
-2415
-3600
-3585
-2636
-1618
-983
-731
-739
-1001
-1428
-2043
-2304
-3069
-3320
-3610
-2922
-2926
-3173
-4944
-6350
971
11500
17180
8768
-2544
-4244
1093
2679
-921
-338
4662
5104
634
-3512
-2989
-3346
-6023
-5549
-352
4564
4247
2047
1637
1827
496
-1498
-991
1641
4628
5783
5288
3270
167
-2282
-3323
-2775
-1838
-1267
-814
-454
87
-196
-2034
-4681
-5878
-4135
-1084
1565
2570
2172
882
-460
-919
-345
501
858
1073
1694
2517
2265
853
-1181
-2518
-2600
-117
3187
4414
2181
-1404
-3218
-3070
-2127
-1143
150
1587
2168
1622
254
-1224
-1808
-1201
554
2503
3691
3241
1657
19
-1164
-2008
-2590
-2137
-736
650
754
-560
-2343
-3539
-3733
-2914
-1730
-897
-638
-793
-1017
-1331
-1771
-2793
-3531
-3882
-3057
-2342
-1795
-2715
-3636
-6300
-3402
5700
14017
12332
1749
-3483
-319
2725
-134
-2056
2070
5446
2843
-1409
-2504
-2431
-5215
-6217
-2063
3357
4024
1771
1711
2918
1869
-1354
-2289
-46
3026
4951
5432
4564
1733
-1447
-3064
-2824
-2029
-1725
-1516
-730
381
814
-804
-3797
-5932
-5162
-2373
343
1780
1945
1388
295
-365
-276
37
-12
183
1131
2509
2615
1569
-171
-1482
-2058
-1521
475
2209
2495
772
-1163
-2219
-2395
-1906
-1071
238
1334
1679
1196
63
-852
-986
-16
1355
2377
2619
2141
1294
162
-1001
-1948
-2203
-1341
-72
621
54
-1357
-2737
-3532
-3380
-2417
-1339
-750
-571
-676
-988
-1703
-2473
-3230
-3271
-2906
-1904
-1672
-1804
-3144
-3695
-5541
-3972
3559
11115
11614
3150
-2426
-672
2003
-211
-2339
1315
5360
3796
-138
-2126
-2186
-4353
-5318
-2045
2570
3449
1608
1934
3051
1705
-1611
-2986
-694
2478
4779
5531
4621
1687
-1611
-2874
-2566
-2140
-2001
-1387
56
1130
916
-1191
-3753
-5436
-4950
-2652
-258
1325
1801
1596
836
100
-526
-833
-817
-52
1400
2638
2639
1486
1
-1414
-2371
-2261
-500
1738
3037
2272
121
-1802
-2656
-2493
-1667
-290
1150
1956
1478
318
-615
-950
-630
342
1730
2744
2894
2035
734
-621
-1694
-2119
-1620
-496
415
404
-542
-1857
-3112
-3719
-3306
-2183
-834
7
43
-618
-1522
-2376
-3006
-3202
-2652
-1978
-1354
-1482
-1883
-2867
-3464
-4792
-4914
843
7758
10616
5090
-660
-733
1780
254
-2247
-278
3821
4046
1343
-670
-1030
-2938
-4544
-2597
1410
2795
1603
1829
3060
2218
-638
-2309
-1080
1231
3146
4239
4130
2051
-625
-1851
-1760
-1798
-2166
-1779
-503
365
662
-270
-2013
-3921
-4527
-3234
-1140
426
1109
1300
1097
534
-267
-885
-1061
-549
543
1744
2207
1428
214
-895
-1620
-1920
-1239
400
2193
2586
1334
-456
-1703
-2078
-1835
-989
274
1323
1554
1022
201
-457
-617
-136
802
1788
2219
1971
1252
276
-711
-1496
-1634
-1102
-250
277
23
-882
-2072
-2814
-2853
-2231
-1285
-552
-176
-196
-591
-1283
-2104
-2731
-2783
-2306
-1504
-920
-873
-1760
-2746
-3885
-4101
-5132
-2548
3045
7940
7566
2960
230
503
-32
-2209
-1549
2153
4638
3600
1573
444
-983
-3156
-3231
-822
1305
1340
1549
3132
3375
899
-1699
-2214
-888
736
2483
3770
3266
1118
-391
-803
-1352
-2386
-2626
-1265
348
1185
1093
-76
-1978
-3558
-3619
-2466
-1149
-158
824
1408
1255
464
-502
-1415
-1693
-937
313
1114
1187
1035
635
-134
-1205
-1822
-967
759
2462
2622
1572
-97
-1386
-1830
-1527
-589
285
990
1155
822
228
-374
-512
-88
568
1145
1520
1719
1407
564
-547
-1368
-1425
-944
-270
210
260
-392
-1425
-2175
-2377
-2014
-1512
-823
-169
64
-264
-1046
-1863
-2518
-2632
-2437
-1942
-1627
-1470
-1593
-1887
-2364
-2911
-3331
-3982
-1786
2389
5891
5455
2740
802
559
-177
-1357
-639
1869
3647
3326
1678
586
-583
-1731
-2022
-917
110
355
1150
2598
2798
977
-1005
-1301
-723
-45
1103
2351
2341
1128
370
310
-293
-1630
-2109
-1138
17
407
559
412
-625
-1975
-2415
-2122
-1664
-1261
-254
722
765
56
-682
-1062
-1232
-1107
-457
123
307
448
833
814
117
-565
-452
317
976
1255
1149
633
-238
-886
-987
-597
-163
165
287
170
-189
-448
-307
-122
63
375
656
779
683
439
240
-156
-627
-716
-367
-83
-116
-250
-539
-968
-1338
-1266
-960
-866
-830
-530
-203
-353
-972
-1631
-1747
-1451
-930
-624
-601
-683
-850
-1004
-1160
-1336
-1276
-1081
-1048
-858
-364
653
1466
1486
754
-99
-636
-769
-353
495
1257
1117
177
-79
529
843
378
-266
-269
-190
-54
656
1203
891
1
43
652
573
-158
-418
-71
2
29
299
628
297
-316
-212
82
-148
-547
-439
-53
-103
-362
-363
-275
-383
-422
-226
-361
-659
-739
-257
347
379
110
-206
-448
-623
-553
-290
-222
-537
-709
-238
331
555
386
18
-358
-724
-752
-210
413
652
291
-66
-53
7
67
1
5
47
175
438
557
387
23
-79
-148
-239
-269
-136
38
-115
-257
-303
-345
-527
-721
-553
-353
-460
-597
-450
-208
-365
-756
-947
-848
-598
-516
-600
-692
-790
-875
-909
-863
-832
-855
-1001
-1219
-1094
-431
365
621
-2
-622
-725
-502
-7
549
739
333
-87
216
930
958
445
210
183
158
537
1217
1281
627
166
503
779
361
-137
39
343
271
240
449
316
-291
-474
-230
-92
-239
-226
227
387
65
-248
-261
-273
-224
44
190
-60
-298
-162
151
214
-87
-381
-504
-512
-466
-410
-402
-503
-607
-358
158
461
408
146
8
-60
-229
-31
338
425
224
141
308
241
-22
-21
183
106
-112
-3
238
325
196
220
207
-32
-142
-140
-127
-283
-357
-252
8
186
75
-87
-279
-480
-370
-237
-132
-149
-289
-366
-537
-602
-674
-741
-854
-945
-790
-656
-648
-674
-732
-865
-1061
-1190
-995
-432
247
417
94
-313
-590
-481
-66
407
540
335
170
584
950
664
226
141
248
323
561
1054
1161
638
131
126
175
-25
-114
30
224
368
553
535
215
-257
-269
0
137
117
117
220
132
-9
-50
-146
-346
-363
-111
90
-67
-428
-481
-436
-347
-197
-102
-24
-156
-292
-409
-391
-393
-323
-66
133
272
346
223
-2
-240
-263
-113
24
146
317
290
164
-93
-269
-288
-245
21
239
314
339
376
354
222
7
-56
19
97
110
83
115
121
27
-114
-277
-356
-378
-289
-170
-173
-185
-249
-323
-261
-212
-293
-418
-545
-582
-505
-465
-558
-720
-835
-771
-702
-560
-621
-983
-1174
-840
-141
383
417
38
-258
-219
-74
241
371
140
-40
218
734
798
406
115
94
56
109
486
885
697
449
462
549
398
104
33
255
386
421
445
342
205
127
194
14
-218
-262
-38
213
111
-73
-199
-239
-211
-99
66
-52
-292
-346
-79
103
26
-35
-44
-88
-277
-357
-262
-235
-380
-389
-180
-8
-67
-94
-7
11
-73
-72
-65
-30
3
131
262
17
-134
-35
192
92
-41
51
158
258
365
487
352
-14
-133
5
25
6
25
145
103
21
34
91
-34
-259
-273
-200
-174
-163
-58
-12
-75
-194
-378
-614
-796
-737
-428
-236
-304
-552
-692
-600
-571
-650
-773
-803
-790
-688
-501
-251
72
131
-128
-449
-547
-409
-124
265
372
141
114
284
443
372
293
375
395
389
457
672
650
476
407
425
443
312
297
236
120
77
211
276
130
62
262
274
-5
-110
-124
-57
-35
47
195
204
12
-17
-10
-148
-378
-431
-231
-36
51
-55
-133
-325
-457
-484
-453
-375
-324
-152
-45
-18
-92
-175
-137
-49
49
-17
-45
155
214
87
134
42
-309
-428
15
426
230
-49
-23
58
75
278
452
330
90
139
381
258
-151
-283
-63
-4
53
217
169
-48
-285
-230
-206
-403
-532
-296
50
24
-120
-216
-400
-678
-837
-769
-628
-552
-452
-316
-201
-382
-628
-813
-967
-910
-743
-560
-498
-260
115
210
-14
-334
-440
-287
42
389
491
388
229
230
305
273
218
137
90
236
493
723
684
478
544
618
433
202
68
167
171
279
507
566
388
-26
-203
-94
-27
-63
7
93
121
146
29
-80
-324
-495
-361
-224
-122
-10
21
-23
-77
-196
-264
-274
-315
-216
-10
-22
-185
-308
-270
-193
-194
-107
-32
58
159
119
-13
-143
-172
-57
103
206
240
85
47
217
280
71
18
108
211
388
506
534
307
102
69
161
47
-19
72
144
144
51
-126
-311
-526
-504
-229
-54
5
15
58
-8
-207
-408
-462
-493
-415
-171
25
-39
-354
-537
-524
-455
-535
-498
-442
-372
-290
-305
-417
-630
-589
-227
210
314
147
-58
-211
-183
108
413
340
96
82
327
417
346
308
285
257
190
227
339
309
274
360
533
461
111
50
60
89
136
253
319
290
268
328
306
28
-107
-85
131
291
292
280
183
88
-41
-96
-182
-167
-167
62
284
205
48
-189
-245
-237
-206
-66
-10
-80
-93
38
78
-37
-215
-155
110
358
459
271
-35
-156
-39
116
220
246
163
120
296
343
68
-212
-194
-43
230
506
610
381
174
201
279
109
-21
62
296
447
386
376
239
-66
-293
-187
-10
32
-6
118
173
54
-204
-381
-354
-379
-262
-63
66
-13
-153
-163
-222
-227
-315
-260
-202
-187
-164
-346
-470
-466
-291
-128
18
125
12
-50
-102
-130
-72
96
183
95
82
255
502
330
114
160
239
202
295
556
666
500
356
432
453
342
244
368
452
319
339
465
371
164
141
257
330
149
82
204
271
226
200
201
129
33
21
102
37
-15
66
179
130
23
32
34
15
-116
-201
-165
-127
-65
8
50
4
-112
-130
38
172
155
38
-60
-56
1
203
314
280
76
44
252
270
137
115
156
234
293
411
465
313
156
140
202
190
164
187
243
245
272
309
223
77
32
160
172
121
133
193
247
164
-8
-86
-130
-119
-118
-80
-121
-242
-308
-273
-163
-129
-265
-369
-398
-407
-323
-263
-362
-476
-395
-318
-297
-174
-67
39
-35
-103
-32
74
149
127
158
126
127
302
324
252
273
328
346
249
230
356
458
472
534
618
541
412
443
466
354
327
415
507
508
398
373
369
205
34
104
233
297
393
349
289
193
27
-7
-79
-144
-60
101
181
138
111
12
-39
-158
-211
-167
-24
8
-2
16
25
34
38
153
127
27
-41
10
18
120
267
318
228
115
258
413
328
207
232
304
422
493
622
643
567
482
383
434
429
405
397
450
460
541
584
426
360
351
296
247
258
357
448
392
221
26
-88
-172
-166
-125
-92
-108
-218
-257
-269
-238
-273
-392
-424
-428
-350
-190
-130
-197
-255
-258
-305
-309
-364
-350
-224
-41
74
73
11
9
10
0
183
344
306
157
223
441
532
387
343
373
342
347
462
556
401
320
385
438
385
264
287
387
332
301
424
348
226
113
145
249
166
182
180
128
28
19
79
19
-60
-21
-43
-136
-94
-100
-32
-3
-36
-41
-54
-2
26
-35
-55
-64
-60
98
289
312
197
60
-5
-6
74
200
274
226
157
270
294
161
1
47
221
372
528
517
446
305
223
262
172
89
110
192
319
320
371
310
163
64
78
98
36
70
154
241
221
123
3
-15
28
50
33
94
22
-57
-25
-71
-60
-95
-89
19
28
23
-29
-143
-180
-180
-103
-75
-68
-127
-80
-69
-98
-176
-208
-150
-112
15
198
235
164
133
56
82
77
203
362
390
378
346
363
249
227
396
450
426
395
436
567
541
493
457
446
376
340
407
494
468
413
395
371
416
435
431
345
327
362
387
317
274
257
256
222
187
205
119
32
15
40
98
129
162
63
61
56
99
255
298
343
270
229
169
224
231
143
57
161
297
296
121
70
161
183
133
195
283
249
227
295
338
269
100
54
198
228
255
274
331
321
179
97
125
149
175
172
275
270
164
72
32
50
16
43
22
-34
0
95
76
-18
-56
-44
33
35
87
65
149
84
56
20
-4
41
54
46
-6
-92
-92
38
59
54
-41
-64
-131
-101
-46
-21
-60
-36
107
138
233
257
186
134
181
261
318
320
231
287
444
507
388
309
297
342
312
302
327
344
368
326
478
441
351
335
305
309
344
417
373
321
395
382
381
319
267
237
250
235
163
131
98
110
126
148
74
55
77
102
153
169
302
353
267
203
125
138
220
309
349
313
222
224
274
198
129
174
275
306
379
465
438
307
236
297
246
164
120
167
135
218
269
219
215
139
200
180
127
152
203
306
307
204
132
148
118
42
43
42
58
54
110
99
12
-68
-81
-72
-12
49
24
4
-10
12
35
52
81
72
77
104
158
155
130
41
40
57
77
154
153
142
114
34
-2
91
161
154
119
166
141
142
178
252
276
207
216
258
334
390
387
343
290
287
301
340
308
299
304
193
136
178
266
268
267
234
288
306
286
253
191
277
287
272
292
366
366
351
299
208
213
267
297
293
286
272
232
263
304
230
244
175
272
297
338
351
261
230
231
323
335
323
364
343
280
289
251
228
264
253
253
256
202
151
197
210
214
173
170
208
189
215
164
126
54
67
93
147
158
125
115
94
83
51
78
123
128
194
238
197
132
47
14
68
123
111
161
124
130
147
114
135
99
87
131
124
160
148
187
166
122
99
156
263
222
204
206
176
158
240
314
284
186
181
97
21
26
58
116
130
142
165
157
133
123
90
119
123
117
175
225
168
152
96
102
152
127
161
118
115
158
167
166
196
177
151
153
162
188
248
246
263
282
238
230
248
264
255
296
357
344
302
278
340
393
363
350
303
322
316
362
379
299
273
296
332
290
220
203
179
173
185
207
246
218
203
246
246
218
198
163
172
168
191
142
139
114
108
166
132
195
80
62
102
78
140
116
57
63
58
102
87
76
61
96
116
115
104
53
37
39
48
98
160
117
125
103
109
38
2
53
137
196
140
200
170
130
155
150
182
148
158
181
239
190
64
89
102
115
83
128
154
182
141
95
135
115
109
120
88
136
127
82
148
127
157
132
99
117
178
201
184
146
143
145
106
85
141
182
206
229
214
186
151
105
150
179
181
216
249
308
265
228
184
123
175
217
280
324
322
245
253
260
251
241
190
214
215
277
289
298
172
136
161
49
149
170
