123
-37
-193
106
-160
11
567
564
-64
-187
96
-51
-77
182
406
346
265
-164
13
136
93
-16
-160
-90
60
664
709
-152
-476
-232
202
181
-165
-75
-34
41
79
331
212
-147
-31
130
193
324
331
72
-366
84
263
99
-67
-61
188
228
139
-220
111
337
90
-174
-66
-62
2
275
-18
-189
8
219
-12
-337
-153
93
368
452
-295
-192
113
335
273
141
-194
-69
370
395
-14
-428
-431
-89
405
77
-284
70
359
-300
-389
162
263
-102
221
315
-122
315
77
-378
-268
383
261
-171
340
360
225
202
-183
-211
324
431
-294
-324
382
-10
-155
472
176
-256
35
330
-317
-2
360
-35
-593
252
591
123
624
96
-205
-65
459
258
71
-39
-211
285
601
714
-19
-180
1
469
642
178
94
-41
171
78
221
332
380
-254
-209
413
-66
-260
37
716
35
25
-55
-373
-63
456
16
-583
74
307
254
142
91
270
300
5
-229
203
796
482
75
-71
105
16
8
297
94
-74
382
220
85
252
181
98
267
198
37
332
487
-280
-2
654
217
-316
240
350
-120
-207
410
458
-114
-296
-96
690
455
-32
-112
180
81
-53
64
391
147
86
54
-85
219
87
-306
-214
338
131
-192
-106
459
213
-146
-218
13
117
110
-84
-207
-413
177
243
745
391
-302
-593
-67
618
358
-116
-152
46
426
563
-312
-522
133
431
260
-60
192
167
235
139
-194
170
248
-153
-125
631
522
-70
-139
240
27
508
707
-277
-408
434
570
-93
-217
56
368
41
222
272
-73
-21
28
233
63
86
43
142
-101
-256
258
504
61
-607
-45
663
-77
-364
391
681
185
47
-211
-44
30
-30
280
73
326
-196
60
601
-309
-179
578
341
-574
217
572
-282
-293
670
515
-581
-99
858
430
-434
-318
523
383
-327
192
499
-173
-318
320
413
-328
-545
627
511
-220
-238
-21
273
5
128
316
137
49
-193
479
201
-171
335
142
12
-53
573
411
-215
-457
142
55
-26
223
521
206
-953
460
1069
370
-663
-302
669
-188
53
436
-111
-210
99
515
-116
-374
600
297
-144
-166
93
730
29
-757
203
738
-20
-446
800
565
-620
210
935
-98
-730
1
586
-60
371
243
-173
-440
-22
309
-45
-195
-329
192
425
-222
-147
264
-91
-58
-13
386
-21
-252
164
254
192
-305
509
534
159
-17
150
74
-196
311
335
237
-126
374
110
-221
126
507
-146
-657
-58
369
361
-205
-497
-164
351
414
-482
-542
197
-11
106
446
249
-146
38
199
-157
11
373
24
-179
191
583
-54
-331
426
106
83
413
157
-355
-229
701
-58
-238
495
-12
-304
581
186
-425
468
698
-393
-864
291
30
-449
32
203
-204
-312
264
487
-24
-143
163
673
304
-545
-771
190
253
-372
229
289
-198
-341
351
43
-699
-262
577
-207
-337
-109
145
-477
-244
286
-248
-689
-60
631
-322
-741
418
374
-776
-151
457
843
-8
-361
-322
-410
70
0
-50
-141
-501
159
379
-252
-244
17
348
252
-347
-279
199
458
-89
-685
-25
245
-254
-147
132
-339
306
175
329
-107
-116
375
-252
230
62
324
-238
-294
195
-59
-413
171
448
-131
-521
620
869
-615
-396
555
205
-552
101
476
196
217
64
-630
93
604
-681
-647
763
494
-586
-287
934
556
-287
-256
193
14
-347
225
42
-370
-286
78
-222
-76
-33
27
64
-70
118
54
708
-717
-49
451
26
50
-94
223
-698
-214
539
174
-445
-558
317
104
-577
222
470
-432
-59
683
151
-992
-59
602
-292
-59
515
145
-517
-21
389
-224
-154
267
265
-368
599
617
-74
-935
-189
322
55
109
-258
334
-236
-227
269
-43
-208
-48
43
-125
208
-283
-271
244
424
-198
-213
1084
-289
-733
407
552
-515
-108
924
-321
-888
135
415
-553
-429
11
-69
-457
-272
349
287
-495
-1
272
13
144
461
493
-670
68
16
-173
36
69
189
-360
219
619
127
-592
-413
161
142
-123
146
85
235
-288
-220
185
140
-90
-393
607
315
-397
-238
440
-224
-622
335
615
-529
-185
312
-241
-396
45
45
-535
-6
-35
-253
-184
488
353
-703
-289
554
607
-503
-596
-51
98
-84
-573
-65
-201
211
-118
-260
118
170
122
-527
119
90
-240
-82
-284
242
-216
177
173
186
-259
-101
240
129
511
-288
-153
118
324
-477
-79
360
-70
-177
43
282
68
337
-731
-414
676
415
-740
-377
667
194
65
46
-462
-147
542
59
-181
332
-90
-391
85
242
3
-314
321
87
-12
-669
184
330
-157
-664
-219
75
-468
28
-65
-125
289
369
-259
-48
455
234
-62
-132
-305
53
197
-196
-320
488
232
-498
107
381
-138
-406
561
398
-285
-489
514
24
-607
32
320
20
-125
171
-160
418
495
-500
-259
200
318
-150
231
223
-425
-207
439
57
-672
227
677
-589
-793
637
180
-578
358
122
-398
115
601
24
173
270
-430
-58
740
-81
-548
979
689
-535
-476
828
-184
-145
748
30
-547
191
276
-755
378
1027
28
-1101
93
538
-535
-152
-111
-314
197
327
242
-14
364
-65
-338
853
-123
-562
208
566
-344
-559
446
677
-392
-618
-40
285
111
20
499
154
-255
-95
294
-274
-84
311
203
-118
-122
225
93
-126
-377
280
147
-277
298
501
-278
-175
263
386
-220
184
427
-917
-393
772
-23
-334
425
261
-303
-14
288
-235
134
469
-160
-324
137
208
-47
-172
77
9
-391
-46
304
-416
-300
100
289
132
157
236
-330
-15
18
-22
195
-44
-173
-73
218
29
-21
-7
-57
4
167
419
128
120
-244
196
229
-81
-195
888
410
-565
182
70
-280
-84
886
-884
-648
303
173
356
271
671
-976
137
417
-346
13
61
579
369
-459
-484
-58
500
-201
-751
400
395
-235
130
843
-350
-1047
-187
501
0
-749
230
708
-60
-431
76
315
-212
-101
540
235
183
-352
2
-498
-384
66
242
138
-715
797
457
-1008
-618
427
567
-168
482
640
-575
281
148
91
71
-157
398
-228
274
242
379
-242
-187
349
33
220
-160
76
198
113
97
588
748
-1136
-345
851
-128
-631
534
955
-924
147
829
-491
-365
529
266
-1088
82
636
81
-162
58
485
-114
197
-127
241
-266
351
270
-178
-254
-30
106
-162
263
114
-241
263
383
160
356
618
-555
-193
825
350
-741
-74
1138
33
-456
551
514
-393
-349
553
739
-535
-371
582
310
-1131
10
930
-155
-354
597
510
-780
78
523
183
-1088
-69
648
-249
235
-346
268
-438
-79
469
178
-74
-447
694
108
-583
-362
968
424
-472
158
326
-4
28
32
531
-38
9
278
97
38
-482
475
207
-180
32
183
521
160
113
-70
135
209
-683
-164
567
-548
-629
481
749
-52
-487
336
45
-583
198
437
213
-217
-265
839
-198
-77
212
438
-367
161
1243
-180
-36
141
369
-412
-240
485
115
265
-367
164
-38
24
-47
414
-354
-471
329
-34
29
-510
569
-124
-444
-165
-19
379
-322
146
-3
-87
4
-166
-272
418
82
-235
100
513
81
-198
524
331
-106
190
373
-323
-9
125
731
-292
-529
688
198
-529
-381
838
106
-810
24
248
282
32
164
105
313
-411
104
659
100
-947
-1
1145
29
-889
-516
585
-194
34
856
11
-104
73
1091
53
-573
382
278
177
278
178
-4
-4
-670
184
1125
-218
-1293
385
964
-710
-654
1609
417
-1407
52
1992
755
-1044
-958
553
-21
-548
776
1691
-692
-920
1526
1140
-1780
-1061
790
193
-882
-12
1154
-262
-708
331
1429
-562
-1449
137
814
-475
-507
1578
143
-1390
-150
707
-279
-884
589
724
-669
-612
812
908
-914
-1127
964
1137
-742
527
941
391
-447
265
165
-401
198
-494
-589
120
449
291
558
639
-454
-1115
476
416
-586
-487
907
516
-482
-302
605
83
-347
296
627
170
-159
483
778
-156
-451
1054
645
-439
-889
614
-13
-654
1055
1057
-467
-1406
538
1079
-497
-1359
303
62
-583
56
562
193
-1060
-65
246
-31
-736
252
533
197
-513
865
90
-281
-924
878
1709
-74
-1336
207
1223
-474
-786
277
660
-887
-91
1000
981
-500
54
1662
382
-1065
-5
1585
453
-1016
-129
656
-86
96
534
133
-127
-643
309
723
-77
-1158
597
783
-529
-377
584
395
-469
450
449
150
-738
-6
299
-24
-350
-366
49
-57
119
200
-19
-1075
0
675
168
-303
363
1027
117
-852
-6
520
-288
-561
629
1075
-676
-589
907
1378
-101
-975
-70
114
-44
-152
-193
502
-507
-251
1248
544
-133
238
568
150
-425
1098
874
-798
-330
235
119
-98
772
525
115
108
-214
-11
-295
507
-116
22
155
195
-233
-238
-45
-342
335
465
79
-622
283
367
-761
72
1191
347
-903
183
1217
2
-870
-302
51
-345
-479
-124
276
413
237
396
84
-334
972
1355
155
-736
-570
390
155
-115
-487
691
769
-885
-599
761
384
79
453
311
351
827
131
-640
-480
368
159
-166
-347
-18
660
-601
-1038
451
17
-57
334
1537
11
-740
-531
113
-46
-321
239
670
764
82
505
-2
-191
-681
449
738
395
333
973
-114
265
144
79
-984
-443
695
500
446
547
980
263
-400
-67
598
-499
-519
51
831
-83
252
943
-78
-1123
-414
866
10
-305
529
774
-450
-901
-605
353
-194
-763
80
294
205
-227
718
423
-1318
-708
199
174
-824
296
1270
-521
-776
254
502
-439
-291
182
37
-163
404
630
-81
-511
-6
1447
692
-141
365
516
53
323
1312
80
-696
559
1215
68
-122
30
407
751
-92
145
75
32
-327
417
895
-333
-308
1196
1018
-494
-3
334
-75
-34
301
184
12
-23
-221
588
11
-185
-30
-79
-811
-667
-369
-822
-1082
-148
-96
-136
-230
-747
-265
177
-198
-322
60
36
33
409
449
-298
24
483
23
145
631
238
-414
158
722
58
-311
75
96
413
188
-322
-212
320
949
247
-123
307
1299
1065
180
-887
-531
132
194
30
217
121
36
404
68
-296
-86
-45
-195
942
478
-252
-470
-302
-863
-513
438
-349
-919
-683
497
844
175
-389
182
247
-65
554
1058
435
146
1375
1279
264
326
870
771
512
24
730
1118
855
430
490
193
-103
187
789
-150
-728
-331
295
-330
-1015
-411
-353
519
409
-39
-351
-1275
-1001
-273
134
-24
-230
58
-604
-543
-93
349
258
136
122
537
615
132
337
225
-5
-103
656
718
403
-11
30
354
533
533
655
1355
1479
1585
1693
1488
1184
1018
1065
999
838
889
834
746
689
636
924
1206
493
379
804
198
-658
-843
-804
-813
-961
-941
-1083
-1450
-1441
-1112
-1159
-1417
-1502
-1089
-253
-385
-763
-1180
-872
1742
5650
8640
8949
7934
6240
3561
1429
275
-210
350
1062
-111
-1428
-1930
-1217
1221
3868
4015
987
-3076
-6102
-7026
-7468
-6886
-5139
-3887
-2808
-1980
-1238
-1569
-1713
-1535
-1493
-1117
467
3135
4593
4260
3601
3580
3144
1654
662
543
-183
-1414
-1952
-1947
-2602
-2853
-2113
-1421
-866
-726
-528
118
667
799
1249
2135
2262
1896
2223
2868
3325
3644
3703
2901
1588
733
522
-154
-19
776
1898
2987
3599
4267
4580
4204
3848
3346
2292
1449
696
-607
-1482
-1118
-1045
-1160
-760
-547
-731
-26
1963
4600
7193
8665
7793
5708
4515
4434
5224
5806
6782
9262
12972
15494
14701
9877
3059
-2695
-6004
-7897
-9210
-9532
-8504
-5750
-3318
-1844
-1483
-1913
-2954
-4853
-5467
-3802
-1201
1262
3717
5160
4451
2304
72
-1059
405
5794
8629
6859
5565
5151
2577
-3532
-9716
-11000
-9130
-5815
-1335
2244
5694
7127
6254
4348
2347
207
-2948
-7064
-9173
-8305
-6682
-6082
-6270
-7366
-9099
-8869
-5553
-840
3844
7870
10458
11349
10257
7079
2700
-439
-2059
-3615
-5375
-6870
-7222
-6526
-5200
-3636
-1999
-553
696
1789
2746
3408
3992
4861
5763
6429
6574
6532
6457
6383
6166
5775
4868
3334
815
-3123
-7428
-9886
-10005
-8130
-5565
-3638
-2832
-2432
-2270
-2190
-1893
-1870
-1569
-1408
-1166
617
1652
-359
-3580
-4547
-3346
-2877
-3185
-1478
4094
11367
16808
21316
21484
13841
5244
-1915
-8808
-13479
-11994
-11419
-10408
-21
10568
14434
9794
3731
2493
943
-323
-252
2824
4254
624
2175
6463
5638
-870
-5157
-4821
-7369
-9112
-2409
7724
12650
9688
5363
599
-6438
-10348
-7774
-6748
-11028
-13415
-9980
-5236
-5480
-7636
-6581
-4232
-2996
-1784
1071
2088
-736
-2941
-2325
-1322
-2429
-3469
-2847
-2695
-3209
-2565
-177
759
-922
-2411
-2986
-4023
-4669
-3692
-2315
-2420
-3293
-2515
-1247
-1207
-1665
-1984
-2259
-2978
-2671
-694
734
742
83
93
150
-96
203
740
802
87
35
855
1366
714
-204
-673
-1177
-1385
-931
-214
-278
-1137
-1506
-1395
-1350
-1308
-1379
-1481
-1972
-2553
-2785
-2857
-3101
-3497
-3768
-3381
-2756
-2107
-1598
-2084
-3143
-4497
-4835
-4019
-3395
4263
14063
18689
15248
9789
11398
10524
5307
3894
7474
9937
5917
8350
17540
20074
12176
2363
-629
-4959
-9895
-7031
-566
-1193
-10345
-13947
-10555
-10352
-14904
-14454
-7586
-3451
-1662
3647
11477
12228
5652
1583
1223
114
-2217
-491
3464
3188
1067
1889
4633
3126
-1385
-3628
-4206
-5449
-6284
-3873
-1313
-2428
-5017
-5811
-5694
-6608
-7370
-6589
-5726
-5283
-3622
-185
1969
1503
199
-297
-529
-138
2769
5932
6718
5466
4845
5173
4084
2379
1415
425
-1094
-1689
-194
941
-104
-2383
-3856
-4553
-4958
-4328
-3081
-2423
-3060
-3459
-2814
-2029
-2027
-2495
-2542
-2338
-2004
-1159
-228
-177
-1498
-2883
-3261
-2940
-2884
-2807
-2778
-3030
-4098
-4981
-6100
-7061
-7877
-6342
-5890
-236
11460
19056
16651
6919
5292
6660
1399
-1640
2913
10003
6718
2962
9439
13290
4923
-7972
-9127
-6397
-9201
-8815
-203
6896
591
-7431
-5944
-3282
-7872
-12296
-7429
-1883
-2228
-1685
5459
10083
4275
-2191
-1689
1207
491
886
6502
9515
6436
3763
6097
7253
2636
-1863
-2362
-1833
-2915
-1950
1742
2600
-940
-4444
-4852
-4887
-6100
-6430
-4940
-3546
-2757
64
3718
4891
2729
453
555
2256
4807
7294
10401
11081
8520
5176
3033
1960
-1050
-3221
-2723
-1649
-1284
-1119
-333
-1997
-5590
-7647
-6738
-4425
-2728
-950
316
203
-1115
-2048
-1734
-1664
-2275
-2260
-609
924
1073
518
-328
-2004
-4138
-4307
-3216
-2156
-2600
-3299
-4723
-6659
-9091
-10098
-9668
-7536
-6720
-1011
12937
22334
20056
9019
5513
7219
1703
-1953
3243
11962
9882
4191
9333
13692
5220
-10085
-13152
-8900
-10253
-10334
-1932
6955
1393
-9094
-9339
-5386
-8339
-13462
-8791
-794
693
480
6580
12436
7572
-545
-1413
2856
3671
3030
7313
11212
8737
4259
4664
6038
1571
-4845
-6552
-4794
-4315
-3861
-784
1144
-1737
-6492
-7827
-6720
-6687
-6973
-5083
-1836
349
1827
4228
6140
4700
1873
968
4167
7537
10458
13768
13231
8773
2576
125
-616
-3163
-4388
-4116
-2835
-2653
-2238
-1991
-4179
-7290
-9035
-6988
-3194
179
2014
2401
1910
92
-986
-669
145
42
88
1513
2901
2872
1376
-409
-2701
-4315
-4968
-3701
-2171
-2289
-4553
-6618
-7960
-9107
-10648
-11227
-10844
-8692
-7295
-912
14894
26424
24468
11620
6259
9046
4434
-461
3742
13170
12164
5391
9588
14379
5002
-13650
-19196
-13083
-11184
-10557
-3007
6300
811
-11907
-13604
-7637
-7612
-12771
-9072
734
4596
4138
8646
14617
10447
961
-1028
4648
7444
5798
7444
10736
8859
3786
2770
4068
-235
-8471
-11724
-8663
-5555
-4227
-2042
-401
-2875
-8031
-9871
-7677
-5760
-5263
-3284
1235
4906
6334
6932
6790
4741
1748
2598
7124
11345
12165
12116
11805
7490
1235
-2965
-3914
-5909
-8229
-6788
-3904
-2715
-3677
-4502
-5690
-7422
-7767
-5515
-1154
2217
3798
4107
4232
3433
1293
95
119
323
441
1833
3495
3238
938
-1881
-4010
-5408
-5913
-5656
-4811
-4733
-5773
-7507
-8216
-8840
-10177
-11896
-12272
-11214
-7426
-4381
4142
20887
30802
26592
13251
9247
11366
4533
-1004
4004
13792
12148
5867
9486
10984
-2186
-21345
-23853
-15225
-11761
-10584
-3244
4897
-1949
-13734
-13564
-6464
-6139
-10668
-5613
5310
9660
8932
12440
17075
12149
2753
922
6495
8220
4794
5293
8609
7614
2466
-108
-695
-6325
-14411
-16128
-10584
-5228
-3388
-2317
-1405
-3467
-7913
-9025
-5759
-2398
-779
1696
6412
9942
10073
8676
7264
4944
2587
2242
6339
10411
11533
10724
8014
4084
-1965
-6458
-8659
-9987
-9767
-7943
-4035
-1334
-954
-3060
-5803
-7094
-6697
-3361
1506
6072
7797
7055
5653
3391
993
-802
-930
-16
1300
2617
3059
1630
-1575
-4977
-7223
-7816
-7315
-6049
-4931
-5171
-6225
-7002
-7251
-8434
-9913
-10637
-10761
-10799
-8242
-3278
2258
15385
28241
30588
19763
8656
8665
5748
-1128
-1149
7873
13066
6766
4391
6407
291
-17004
-26621
-19468
-11343
-8769
-5605
2280
2754
-7749
-12762
-7284
-1880
-4329
-4981
3461
10741
11560
11739
15624
15192
6797
-41
1309
5032
3374
1619
4068
5851
2564
-2293
-4191
-7160
-13294
-16617
-12689
-5592
-1550
-724
-602
-1380
-4119
-5927
-3898
92
2950
4355
6593
9474
10344
8994
6922
4783
2561
896
2029
4680
6888
6427
3442
717
-2068
-4939
-7828
-8900
-7887
-6514
-4014
-758
1366
114
-2848
-4360
-3677
-1176
1880
5101
6714
6111
4294
2307
1242
228
-700
-905
-24
786
556
-604
-2438
-4556
-6658
-7193
-6436
-5698
-5085
-4687
-4533
-5120
-5781
-6016
-6778
-7543
-8233
-8265
-7555
-3729
207
9804
24237
31216
25451
11717
7259
6738
-427
-4441
1101
10239
8065
2448
3777
2311
-10701
-25503
-23918
-13845
-8169
-5899
149
5619
-1130
-9560
-8006
-1064
54
-3282
922
9541
13062
12225
13778
15607
9895
498
-2655
882
1911
-627
50
2978
2544
-1985
-5482
-7352
-11425
-15400
-13857
-7013
-730
1478
1290
825
-580
-2502
-2153
923
4240
5552
6281
8148
9674
9118
6885
4052
1447
-833
-1370
432
2621
3701
2728
429
-2010
-4071
-5861
-7184
-6958
-5047
-2274
295
2187
2195
-248
-2692
-3030
-1069
1656
4124
5409
4918
3489
2093
1002
141
-510
-1100
-1271
-863
-497
-811
-2202
-3962
-5618
-6382
-5952
-5348
-5081
-4801
-4347
-3673
-3047
-3195
-4692
-6326
-7034
-6957
-7337
-6084
-1971
2877
15049
27722
30811
20803
8020
5763
2356
-4685
-5301
3179
9908
5152
1698
2577
-2309
-17104
-26397
-19752
-9990
-5394
-2734
3778
5360
-2961
-7969
-3909
1760
503
-1512
4090
11059
12945
12395
13944
13152
5309
-3166
-4402
-1098
-924
-2055
49
2466
835
-3826
-7018
-9381
-12742
-13861
-9813
-2614
2401
3335
2475
1587
465
-290
781
3369
5398
5745
6124
7712
8528
7355
4388
1173
-1497
-3243
-2238
875
3857
3932
1459
-1431
-4036
-6162
-7673
-7170
-4838
-1625
1415
3335
3608
1361
-1829
-3377
-1824
1529
4313
5584
5210
3573
1452
-13
-616
-1005
-1548
-2105
-1864
-1125
-863
-1845
-3545
-5082
-6260
-6402
-5466
-4398
-3822
-3600
-2956
-2643
-3252
-4511
-5494
-6896
-7268
-8100
-5638
-1659
4664
19251
30106
29811
17127
6664
5701
-386
-6991
-5157
5255
9815
4214
2402
1915
-6256
-21712
-26007
-16172
-6969
-3504
-1134
4910
3773
-4189
-6110
-852
3147
-142
-1208
5435
11705
13090
12905
13864
10874
2042
-5043
-4856
-1970
-2113
-2110
449
2269
-118
-4946
-8145
-10657
-12867
-11771
-6409
266
3761
3399
2123
1593
1388
1437
2399
3974
4974
4991
5653
7383
8069
6275
2558
-1051
-3150
-4410
-2555
1489
3732
2607
-481
-2165
-3864
-5787
-5885
-4122
-1488
795
2747
3388
2218
-482
-2611
-2160
389
3140
4012
3746
2857
1359
406
114
20
-774
-1807
-2223
-1788
-1106
-1155
-2299
-3932
-5277
-6038
-5943
-4789
-3523
-2730
-2383
-1886
-2300
-4093
-5839
-5944
-5868
-5877
-6550
-4735
-1272
1985
14164
27382
30795
20032
6862
4928
872
-6697
-7026
2839
10702
5655
998
582
-4485
-18188
-25544
-17087
-6177
-2073
-1780
2845
4553
-1940
-5625
-1638
3877
2123
-1232
3136
10117
13024
12484
12557
10863
3312
-4917
-6750
-3427
-1843
-1831
-150
1707
339
-4421
-8192
-10094
-11076
-9914
-5918
-275
3583
3687
2268
1782
2279
2779
2814
3302
4096
4381
5002
6277
7320
6245
2552
-1711
-4128
-4847
-2557
1056
3196
2875
396
-1297
-2985
-4380
-4566
-3874
-1986
89
2024
2578
1712
-14
-1385
-1160
289
2206
2803
2742
2229
1616
1550
1177
291
-1326
-2712
-3146
-2526
-1412
-873
-1747
-3502
-5152
-5985
-5773
-4561
-3176
-2263
-2269
-1865
-1899
-3101
-5267
-6307
-6140
-5907
-7057
-5733
-2224
3256
16832
28880
30331
18400
5970
3447
-1799
-7705
-5535
4979
11247
5453
1026
-508
-7133
-19838
-24215
-14678
-4726
-1632
-1188
3212
3908
-2050
-4307
-328
3514
716
-1647
3885
10976
13799
13143
12388
9145
805
-6453
-6902
-3234
-1482
-1058
590
1641
-680
-5506
-8882
-10293
-10465
-8525
-4389
586
3537
3460
2509
2518
3129
3145
2582
2579
3342
4386
5776
7219
7363
5186
914
-3025
-3991
-2881
-995
1536
3550
3221
103
-3152
-4670
-5507
-5445
-3769
-858
1709
2732
2383
1326
66
-823
-682
665
2473
3217
2880
2474
2081
1200
-12
-1258
-2281
-2740
-2475
-1670
-847
-883
-2251
-4304
-5580
-5786
-5359
-4081
-2679
-1925
-1897
-2043
-2711
-4415
-5888
-5724
-5099
-5453
-7059
-4621
-1073
8057
22532
30692
26797
12161
3795
1537
-4596
-7595
-2165
8585
9727
2959
-124
-3013
-11988
-22870
-20847
-9453
-1929
-1306
-431
3706
1940
-2749
-2525
1856
3171
-1034
-472
6792
13124
14479
12669
10615
5203
-3036
-7599
-5616
-1748
-752
-422
753
689
-2711
-7389
-9770
-10275
-9061
-6118
-1952
2229
3782
3156
2558
3040
3557
2911
2015
2261
3622
5363
6959
7708
6346
2651
-1942
-4646
-3278
595
3457
3356
1599
-628
-3635
-5986
-6112
-4448
-2717
-1041
1032
2421
2079
510
-636
-566
719
2244
2988
3027
2549
1742
1040
861
580
-712
-2404
-3186
-2577
-1458
-850
-1284
-2655
-4443
-5629
-5782
-4750
-3247
-2477
-2802
-3210
-3090
-3171
-4889
-5549
-5310
-4526
-6328
-7598
-5088
401
15187
28205
30464
20056
7196
3823
-1806
-7902
-5703
4265
11124
5806
1210
-546
-6495
-18302
-23389
-14435
-4975
-2059
-2188
1906
4221
-545
-2808
-73
2890
-51
-2988
2829
10989
14939
14044
11855
8034
187
-6318
-6694
-2655
-399
-382
360
675
-1200
-5541
-8821
-9842
-9500
-7281
-3959
28
2825
3264
3012
3113
3566
3112
1869
1482
2708
4933
7054
8253
7336
4259
-118
-3329
-3536
-1867
500
1850
1759
646
-1116
-2768
-4183
-4648
-4125
-2942
-1135
883
2091
1909
1238
785
762
870
1116
1435
1637
1999
2414
2355
1568
20
-1785
-2836
-2731
-2068
-1546
-1484
-2050
-3408
-4500
-4713
-4614
-4321
-4011
-3546
-3251
-3173
-2763
-3041
-3572
-4579
-5380
-6129
-7353
-5755
-2651
10269
26114
31404
23159
8794
4035
400
-7078
-7496
1399
11032
7597
924
-384
-3670
-14197
-22925
-17124
-6628
-2476
-3186
-137
4838
1993
-2308
-1392
1969
845
-3370
380
9558
15282
14837
11716
8630
2073
-5183
-7133
-3388
68
-56
-79
471
-478
-4284
-8307
-9634
-9498
-7802
-4940
-1222
2207
3333
3211
3061
3400
3164
1667
875
2029
4709
6997
8153
7476
4737
497
-3044
-3253
-1177
866
1336
924
327
-1066
-2782
-3981
-4204
-3907
-3186
-1618
462
1833
1705
1130
910
1149
1288
1281
1440
1636
1861
2122
2073
1488
76
-1682
-2748
-2516
-1630
-1305
-1860
-2773
-3678
-4398
-4560
-4257
-3460
-3122
-3406
-3779
-3905
-3209
-3653
-4016
-5097
-5159
-6148
-6884
-5957
-912
15343
28981
29560
17581
6195
4399
-1742
-8286
-4998
6271
12152
4755
-287
-994
-6275
-18049
-22353
-12509
-3670
-2835
-3967
1313
4996
277
-3113
-891
2073
-1220
-3875
3233
12742
16310
13427
10071
6714
-340
-6315
-6061
-1200
1219
364
259
487
-1315
-5974
-9417
-10080
-9139
-6865
-3996
-214
2563
3186
2892
2675
2790
1972
756
972
3226
6344
8160
8184
6217
3007
-705
-3012
-2614
-444
1295
910
-72
-709
-1535
-2878
-3789
-3263
-2496
-1978
-954
538
1424
1129
669
844
1276
1336
1101
1119
1589
1998
1945
1722
1215
-82
-1572
-2143
-1667
-1220
-1568
-2388
-3248
-3981
-4381
-4418
-4053
-3482
-3308
-3506
-3529
-3409
-3261
-3646
-3456
-4332
-5222
-7210
-6688
-4448
2075
17739
29471
28494
15006
4230
2858
-2496
-7310
-3475
7899
12092
3926
-1288
-2553
-7640
-18498
-20977
-11129
-3274
-3128
-4232
1506
4840
554
-2651
-1291
855
-2261
-3055
5160
14407
17053
12840
8822
5043
-1161
-5879
-4947
-236
1432
470
252
289
-1752
-6523
-9772
-10308
-9030
-6552
-3720
-67
2564
3327
3010
2557
2200
1180
325
1270
4298
7641
8977
8026
5284
2097
-1165
-2988
-1610
452
1784
1507
1025
649
-1466
-3865
-5515
-5595
-4371
-2582
-217
1712
2391
1518
460
113
323
572
912
2097
3199
3653
3134
1870
365
-1348
-2398
-2419
-1577
-1053
-1434
-2224
-2900
-3666
-4533
-4765
-4485
-3632
-3177
-2680
-2727
-3386
-4574
-5170
-5263
-4964
-5451
-6379
-5887
-3356
10223
25910
30257
20510
7021
4315
1097
-6078
-5745
4188
13310
7773
-109
-1553
-4172
-14302
-22162
-15095
-4538
-2137
-5114
-2075
4265
2006
-2830
-2958
448
-732
-4597
537
11075
17126
14673
9891
6957
1810
-3916
-5307
-1007
2328
1472
489
625
-99
-4357
-8838
-10403
-9849
-7678
-5204
-1875
1319
2513
2406
1932
1865
1115
-23
292
3016
6816
9065
9014
6733
3450
396
-2183
-2008
393
2127
2327
1507
1075
-418
-3204
-5394
-6251
-5459
-3610
-1282
800
1918
1667
593
-121
-85
565
923
1618
2969
3814
3735
2486
960
-398
-1674
-2167
-1686
-747
-723
-1762
-2850
-3486
-4075
-4694
-4739
-4002
-3318
-3141
-3291
-3880
-4043
-4433
-4117
-4367
-5098
-6730
-6201
-4691
2776
18504
29577
27484
13402
4111
2911
-2399
-6288
-1721
9764
12567
3752
-1837
-3317
-8320
-18427
-19657
-9989
-2832
-3678
-4996
1112
4369
406
-3449
-2651
-508
-3259
-2659
5866
15071
17126
12053
7815
4355
-475
-4270
-3183
1155
2403
1354
543
510
-1516
-6161
-9517
-10586
-9103
-6874
-4335
-865
1851
3054
2321
1261
554
-301
-375
1276
5075
8507
9458
7795
4946
2480
-154
-1202
26
1431
1680
1532
1906
1115
-1618
-4428
-5987
-6424
-5462
-3088
-665
1126
1564
884
137
-157
74
274
1014
2575
3685
3813
3065
1726
275
-980
-1538
-1447
-1127
-1082
-1650
-2371
-2944
-3499
-4376
-4790
-4537
-3914
-3571
-3629
-4026
-3843
-3883
-4473
-5492
-5206
-5741
-6386
-6845
-2480
13682
27883
29657
17655
6338
4817
-464
-6614
-4336
7092
13791
6336
-199
-1333
-4726
-15497
-21200
-13579
-4970
-3983
-6429
-956
5000
2323
-3019
-4384
-1333
-2991
-4851
1870
12404
17892
13992
9017
6152
2148
-2621
-4058
-46
2591
2035
777
977
726
-3550
-8199
-10767
-10196
-8210
-6410
-2971
542
2749
2449
1125
391
-543
-1150
-456
3041
7212
9173
8571
6189
4287
1988
541
1000
1725
2610
2257
1517
242
-1636
-3456
-5735
-6657
-5749
-3790
-2034
-653
446
430
133
-68
323
799
1311
2306
2942
3465
3178
1933
560
-489
-826
-1072
-962
-944
-1441
-2347
-3318
-4036
-4556
-4419
-3834
-3579
-3574
-4128
-4790
-5101
-5403
-5845
-6191
-5990
-6467
-6388
-5752
5134
22067
30388
24243
10340
5621
3667
-3357
-5841
1865
13513
11688
2390
-1261
-2092
-8994
-19340
-17959
-8709
-4164
-7018
-6037
2292
4414
-530
-5138
-3827
-2530
-5630
-3093
6600
16089
16627
11044
7730
5134
1075
-2871
-1592
2269
3182
1944
1044
1791
-152
-4957
-9210
-11009
-9738
-8206
-5991
-2456
1019
2653
1505
-61
-1070
-1610
-1582
373
4679
8415
9259
7407
5473
4267
3197
2728
2663
2425
1971
1475
893
-217
-1774
-3656
-5765
-6797
-5918
-4348
-2827
-1295
-70
546
448
227
217
526
1240
2122
2875
3346
2928
1599
557
198
3
-533
-1164
-1599
-2182
-2808
-3264
-3594
-3706
-3543
-3344
-3666
-4258
-5590
-6149
-6125
-6321
-6539
-6256
-6209
-6099
-7255
-162
16611
28671
26762
13674
6901
6221
75
-5383
-1108
11207
14007
5052
-666
-623
-4579
-15596
-18808
-11171
-4831
-7151
-9209
-1636
4248
1703
-4210
-5103
-2770
-5245
-5742
1530
12385
16841
12805
8726
6872
4261
-227
-1600
1224
3367
2947
1479
2106
1867
-1524
-6176
-9776
-10110
-9184
-7955
-5583
-1966
1488
2111
506
-1231
-1978
-2232
-1467
1626
5784
8659
8272
6524
5613
5311
5234
4287
3640
3495
2346
578
-988
-1350
-2336
-4489
-5845
-5701
-4923
-4581
-3805
-2363
-660
316
458
637
943
1415
1483
1714
2490
2548
1669
568
525
943
848
43
-971
-1714
-2557
-3418
-3869
-3558
-3018
-3179
-3683
-4379
-5258
-6178
-6869
-7385
-7717
-7362
-7369
-6800
-6455
2854
19085
28474
24202
11401
6359
5323
-496
-4240
1382
13032
13474
4763
-138
-239
-4768
-15307
-17498
-10590
-5382
-8193
-9142
-1222
4014
1309
-4879
-5846
-4209
-6277
-5839
1311
11620
15317
11859
8650
7254
5119
847
-567
1472
3325
3169
2160
3043
2811
-133
-4830
-8748
-9704
-9565
-8729
-6750
-3136
437
1484
203
-1694
-2549
-2674
-1988
487
4065
7064
7299
6518
6660
7340
7323
6019
5312
4063
1689
-703
-1611
-1325
-2044
-3264
-4330
-4676
-4944
-5520
-5276
-4113
-1922
-372
497
1186
1586
1609
974
1055
1429
1413
775
208
729
1493
1771
948
-301
-1496
-2778
-3594
-3838
-3040
-2218
-2431
-3633
-4922
-5529
-6351
-7249
-8772
-8880
-8902
-8645
-8431
-1200
15353
27499
25851
13464
6406
5815
581
-4536
-702
11935
16100
8193
1943
1586
-717
-11115
-16829
-12191
-6539
-8162
-10966
-4116
3562
3256
-3147
-6538
-5500
-7335
-8346
-3233
7141
13727
12235
9104
7697
6659
3200
452
1182
3016
3564
2679
3252
4224
3233
-467
-5415
-8183
-9154
-9281
-8588
-5979
-1810
794
524
-1468
-2802
-3200
-3246
-2108
584
3970
5613
5698
7002
9190
10112
8059
5676
4427
2489
144
-1226
-566
10
-1156
-2887
-4074
-4560
-5354
-5922
-5448
-3474
-1480
-732
-186
625
1523
1245
346
156
274
207
-68
421
1505
2073
1525
216
-748
-1636
-2426
-2971
-2511
-2049
-2640
-3810
-4434
-4141
-4891
-7136
-9239
-9795
-9672
-9899
-9477
451
16957
26784
22519
11018
6735
5205
-1077
-5474
428
12575
14409
7253
3289
4505
1058
-9420
-14158
-10303
-6753
-10241
-11489
-3630
3715
3420
-2592
-5330
-5712
-8521
-9850
-5023
4762
10762
10389
8547
8223
7461
4018
1225
910
2136
2602
2270
3495
5025
5225
2316
-2294
-5698
-7702
-8749
-8976
-6959
-3080
-82
187
-1330
-2346
-2761
-3114
-3228
-1828
779
2393
3426
5850
9446
11532
10688
8148
4984
1605
-1134
-1990
-1030
388
964
-37
-1533
-3067
-4724
-6126
-6291
-4707
-2736
-1474
-639
353
1206
1125
296
-658
-1339
-1747
-1773
-801
871
2063
1867
869
-248
-1149
-1534
-1729
-1757
-1974
-2463
-3226
-3911
-4492
-5296
-6785
-8088
-9434
-10031
-10421
-4475
9195
20827
22290
14055
8192
6278
1228
-4285
-3241
6328
11825
8585
4647
4994
4875
-2099
-8459
-8792
-6604
-8806
-12359
-8378
-864
3305
1115
-1998
-3078
-5853
-8878
-8929
-3224
3473
6335
6737
7142
8248
7167
4688
2496
1713
1650
815
939
2340
4679
5497
3356
303
-2622
-5031
-7487
-8622
-6848
-3524
-1151
-1040
-1437
-1362
-1428
-2167
-2923
-2340
-1405
-667
1453
5107
9424
11575
10529
7479
3812
1013
-1263
-2266
-1261
531
1295
537
-483
-1380
-2530
-4022
-4766
-4313
-3505
-2789
-2177
-734
960
1388
565
-957
-2091
-2714
-2717
-1915
-669
303
481
100
-241
-56
100
-390
-1368
-2419
-3322
-4252
-4698
-4803
-5053
-5979
-7602
-8890
-9143
-2487
9308
18060
17598
10850
7626
5743
836
-3789
-1696
6351
9072
5493
2656
4228
4542
-398
-4437
-4358
-3692
-7797
-11505
-8580
-2290
1663
644
-725
-1518
-3577
-6419
-7296
-3845
263
2246
2542
3534
5603
6535
6064
4601
3589
2665
837
-563
-351
2149
4295
4349
2977
1247
-683
-3568
-5913
-6157
-4522
-3056
-2970
-2821
-1729
-437
-328
-1075
-1500
-1891
-1737
-1030
1039
4738
7771
8642
7096
5185
3566
1522
-339
-1109
-379
271
56
-590
-627
-173
-444
-1272
-2262
-2679
-3254
-3837
-3170
-1511
234
481
-287
-1130
-1795
-2216
-2538
-2275
-1731
-1394
-1589
-1519
-671
274
563
-21
-944
-1811
-2878
-4091
-5350
-5615
-5919
-6583
-7945
-6986
879
11220
16997
14455
9379
7321
4145
-1500
-5106
-1341
5219
6456
4075
3359
5387
4428
99
-2743
-2563
-3248
-7642
-10119
-7389
-2116
961
729
355
-395
-2224
-4925
-6061
-4157
-1623
-208
-54
934
2948
4683
5332
4851
4452
3576
1657
-747
-1658
55
2236
3284
3212
3008
2335
247
-2125
-3333
-3129
-3107
-3912
-4368
-3394
-1443
-208
116
163
-15
-609
-1361
-899
1056
3091
4083
4216
4391
4295
3221
1679
591
96
-408
-1304
-1973
-1382
-122
715
792
373
-395
-1752
-3154
-3583
-2825
-1714
-1139
-1139
-1245
-1234
-1287
-1669
-1897
-1743
-1738
-2046
-2118
-1565
-657
-45
133
-180
-702
-1465
-2577
-3670
-4409
-4795
-5593
-6743
-7488
-3769
4455
11946
13563
10408
8183
6412
2248
-2697
-3549
729
3753
2911
1630
3317
5487
4279
1656
493
160
-3025
-7505
-8576
-5691
-1721
10
421
696
396
-1129
-3268
-3645
-2586
-1745
-2041
-2520
-1661
250
2369
3658
4531
5048
4365
2223
-359
-1287
-519
604
1351
1891
2619
2784
2015
948
297
-117
-1311
-2968
-4007
-3713
-2630
-1470
-391
345
814
632
329
328
600
933
991
1002
1060
1230
1434
1475
1424
1254
805
-234
-1385
-1588
-890
-73
122
149
-3
-521
-1196
-1506
-1104
-757
-1004
-1545
-1716
-1510
-1236
-1129
-956
-675
-724
-1011
-1330
-1389
-1240
-1158
-1141
-1157
-1371
-1704
-1870
-1813
-2236
-2879
-3728
-4814
-6257
-6790
-3321
3181
8640
9458
7587
6766
5792
2729
-936
-1362
1156
2340
1143
373
2302
4311
4156
3111
2836
2277
-920
-4850
-6419
-4855
-2410
-1432
-833
-158
229
-412
-1552
-1742
-1393
-1545
-2591
-3461
-3205
-1873
-118
1270
2623
3700
3855
2727
860
-205
-187
112
259
572
1307
1987
2057
1750
1736
1711
891
-778
-2271
-2654
-2375
-1916
-1395
-592
334
1006
1312
1346
1194
729
72
-597
-862
-523
-37
418
795
1061
955
308
-386
-689
-533
-246
-312
-565
-692
-568
-442
-313
-179
-204
-467
-776
-985
-1052
-1126
-1279
-1147
-921
-641
-577
-791
-961
-752
-636
-916
-1340
-1491
-1410
-1614
-1693
-1921
-2156
-2696
-3570
-4441
-5438
-4700
-1075
3759
6719
6447
5645
5614
4520
1767
-600
143
1874
1800
564
719
2698
3821
3489
2968
3206
2234
-1012
-4071
-4898
-3469
-2168
-1559
-856
-103
218
-563
-1362
-1529
-1447
-1791
-2683
-3138
-2863
-1730
-344
809
1989
2831
2980
1886
515
-37
165
474
490
687
1101
1470
1370
1184
1357
1389
760
-529
-1471
-1663
-1640
-1609
-1380
-713
376
1227
1455
1282
1063
695
-96
-771
-938
-735
-474
-271
110
551
643
248
-151
-183
-74
-281
-636
-669
-501
-299
-357
-449
-149
12
-340
-759
-671
-886
-1405
-1364
-949
-842
-735
-552
-460
-631
-711
-701
-860
-1380
-1666
-1513
-1598
-1915
-2179
-2248
-2387
-2956
-3845
-4998
-4201
-843
3420
5830
5569
5295
5321
3988
1191
-703
276
1849
1798
705
1003
2870
3748
3405
3003
3243
2014
-1292
-4146
-4719
-3046
-1637
-937
-396
140
164
-864
-1691
-1688
-1323
-1622
-2499
-2885
-2342
-1209
-226
682
1805
2653
2562
1376
305
147
414
617
466
554
870
953
753
807
1277
1465
867
-324
-1205
-1428
-1423
-1295
-975
-338
588
1187
1251
1145
1063
840
226
-549
-838
-738
-546
-366
-73
412
595
226
-211
-295
-136
-174
-379
-473
-412
-289
-297
-433
-342
-124
-212
-610
-975
-1060
-712
-672
-899
-668
-460
-573
-651
-470
-408
-368
-580
-1027
-1483
-1589
-1713
-1896
-1850
-1765
-2104
-2915
-3971
-5133
-4088
-510
3686
5724
5365
5198
5163
3658
761
-805
499
1832
1382
333
1140
2994
3743
3377
3113
3268
1581
-1873
-4559
-4651
-2831
-1544
-987
-463
147
93
-910
-1567
-1551
-1276
-1636
-2469
-2722
-2158
-1018
-59
948
2007
2602
2307
1184
209
-21
261
469
339
360
679
854
858
945
1271
1320
648
-559
-1261
-1324
-1181
-1115
-1090
-568
153
702
929
1122
1433
1259
518
-325
-581
-535
-500
-291
137
573
461
2
-308
-339
-256
-316
-458
-473
-372
-483
-607
-420
-198
-100
-472
-920
-1136
-1187
-871
-466
-172
-219
-336
-583
-1048
-1154
-896
-723
-840
-830
-873
-1180
-1762
-2130
-2198
-2181
-2571
-3183
-4285
-5228
-3422
787
4969
6316
5607
5359
4980
2923
-69
-1007
814
2037
1372
426
1508
3264
3535
2977
2796
2844
597
-3046
-5321
-4803
-2756
-1584
-925
-237
265
-99
-1212
-1777
-1663
-1501
-1945
-2559
-2581
-1825
-500
540
1506
2403
2837
2285
896
-66
-170
154
284
185
466
940
1064
839
867
1324
1252
243
-1093
-1754
-1652
-1487
-1326
-1012
-316
367
636
630
791
1087
1215
943
395
75
-111
-302
-389
-129
268
144
-366
-780
-767
-518
-489
-365
-227
-154
-309
-484
-531
-445
-345
-676
-748
-878
-919
-907
-940
-775
-481
-323
-799
-1338
-1444
-849
-353
-621
-928
-1112
-1422
-1928
-2133
-2253
-2501
-3193
-4055
-5488
-5423
-1949
3347
6958
6883
6042
6090
4967
1654
-1375
-762
1691
2168
866
808
2919
4187
3504
2520
2590
1758
-1814
-5449
-6330
-4217
-2122
-1274
-523
221
421
-732
-2004
-2301
-1915
-1782
-2340
-2537
-2056
-899
326
1275
2353
3196
3224
1931
226
-497
-216
215
263
452
1077
1501
1359
1033
1177
1218
413
-1075
-2244
-2385
-2075
-1663
-1198
-472
203
796
1110
1238
1341
1165
762
39
-304
-169
41
345
619
951
824
-20
-939
-1218
-871
-446
-293
-302
-253
-311
-541
-584
-383
-269
-585
-1090
-1344
-1109
-892
-899
-912
-838
-810
-1184
-1446
-1598
-1226
-757
-698
-848
-1191
-1526
-1989
-2516
-2892
-3013
-3682
-4975
-6706
-5489
-136
6321
9426
8320
7156
6888
4826
572
-2068
-55
2872
2823
1102
1664
4141
4621
3026
1931
2151
376
-4304
-7697
-7120
-3846
-1588
-704
159
900
438
-1560
-2923
-2840
-2156
-2118
-2592
-2308
-1120
647
2030
3016
3986
4264
3448
1285
-650
-985
-88
919
1384
1821
2310
2177
1195
364
279
9
-1297
-2934
-3480
-2850
-1984
-1315
-490
376
984
883
654
922
1343
1368
837
394
473
627
683
769
1075
1248
611
-688
-1580
-1540
-960
-340
-102
39
-43
-478
-1012
-1355
-1299
-1221
-1448
-1850
-1840
-1236
-739
-512
-580
-677
-1063
-1562
-1805
-1639
-1234
-912
-820
-1055
-1508
-2060
-2713
-3388
-4147
-4997
-6330
-8164
-5717
1857
9947
12659
10206
8578
7934
4734
-979
-3430
222
3880
3360
1269
2560
5392
4912
1995
406
628
-1961
-7203
-9959
-7716
-3140
-798
-166
641
1184
-101
-2804
-4069
-3376
-2247
-2123
-2261
-1241
659
2806
4043
4832
5253
4606
2691
-83
-1584
-1096
572
1882
2484
3038
3005
1946
67
-1147
-1374
-1912
-3328
-4568
-4148
-2637
-1349
-436
330
1324
1816
1174
472
669
1438
1725
1464
1593
2214
2344
1794
1227
916
567
-508
-1775
-2177
-1464
-384
164
247
157
-327
-1267
-2332
-2798
-2516
-2114
-1997
-1921
-1448
-930
-869
-1195
-1373
-1455
-1706
-1892
-1782
-1378
-847
-717
-887
-1385
-1883
-2916
-4035
-5449
-6595
-8544
-9015
-2541
8279
16132
15448
10970
9317
7395
1671
-4571
-3663
2694
5483
3173
1730
4816
6320
3061
-835
-1431
-1702
-6682
-11625
-10949
-5178
-272
755
1126
1458
439
-2896
-5641
-5080
-2925
-1354
-977
231
2448
4572
5817
5772
5600
4644
2640
-137
-2157
-1633
550
2679
3529
3561
3008
1327
-1279
-3498
-3906
-3578
-3954
-4599
-4224
-2302
-519
252
470
965
1432
993
616
1201
2540
3477
3592
3565
3551
3193
2025
662
-76
-481
-1166
-2088
-2187
-1182
96
619
418
-69
-974
-2296
-3496
-3728
-3074
-2254
-1761
-1486
-983
-684
-1092
-1895
-2492
-2517
-2509
-2423
-2052
-1169
-556
-476
-1103
-1922
-3008
-4246
-5916
-7409
-9051
-10578
-5094
7153
18493
20114
13995
10091
8124
2593
-5281
-6638
919
6789
5615
2663
4619
6696
2924
-2742
-4652
-3703
-7077
-12355
-11979
-5492
1236
2694
1995
1550
-11
-3749
-7247
-6479
-3119
-209
1146
2663
5116
6747
7192
6142
4831
3253
1051
-1162
-2681
-1534
1367
3951
4677
3583
1912
-763
-3967
-6409
-6372
-4820
-3824
-3546
-2821
-682
1025
1069
741
861
1528
1964
1882
2371
3494
4562
4687
4115
3473
2748
1376
-443
-1507
-1825
-1766
-1904
-1764
-789
257
583
-131
-1269
-2359
-3373
-4032
-3994
-3092
-1862
-969
-635
-805
-1282
-2121
-2925
-3178
-2706
-1819
-1234
-866
-804
-852
-1673
-2769
-4306
-5659
-7518
-8864
-11262
-10387
340
15461
24127
19897
11840
8589
5155
-2561
-8770
-4102
5957
9005
4989
3004
5884
4709
-2288
-7476
-6663
-5857
-10593
-13239
-8230
614
4888
3280
1631
105
-3090
-7475
-8254
-3827
1208
3910
4692
6212
7696
7494
5717
3320
1939
444
-1060
-2033
-1225
1830
4297
4639
2603
-125
-2755
-5865
-8182
-7930
-4926
-2230
-1447
-1265
-312
1170
1028
144
242
1510
3190
3982
4641
5585
6294
5567
3463
1651
617
-475
-1788
-2137
-1507
-774
-777
-1290
-1078
-593
-691
-1510
-2349
-2561
-2666
-2742
-2592
-1876
-982
-760
-1068
-1728
-2230
-2760
-2897
-2711
-1906
-948
-472
-551
-832
-1527
-2550
-4434
-6150
-8008
-9229
-10753
-12357
-4454
11635
25201
24695
14438
8256
5632
-421
-8625
-7537
4008
11336
8501
3389
4488
5000
-1762
-9706
-10691
-7038
-8657
-12303
-9177
-52
6536
4927
1060
-1340
-3800
-7563
-9050
-4250
2937
7515
8056
7800
8147
7068
4498
1130
-480
-606
-698
-624
74
2690
4852
4309
1013
-2908
-5627
-8072
-9490
-8518
-4390
-14
1469
819
144
574
226
-816
-545
1535
4686
7003
8024
8243
7426
5105
1598
-1314
-2607
-2549
-2380
-1958
-854
47
-40
-1273
-2132
-2216
-2176
-2278
-2405
-1945
-1266
-925
-960
-934
-826
-1177
-2022
-2768
-2887
-2508
-1887
-1313
-710
-294
-465
-1348
-2111
-3050
-3883
-5791
-7382
-9416
-10184
-12668
-10769
2890
20750
29287
21011
9586
5492
2333
-5096
-9926
-1389
11265
13372
6269
2336
4139
587
-8632
-13828
-10077
-6517
-9796
-10450
-3435
5729
7197
1820
-2197
-4400
-6732
-9034
-5925
2423
9438
11356
9555
8305
6737
3969
542
-1989
-1660
-603
429
1076
2321
4192
3714
254
-4636
-7768
-8924
-9242
-8120
-4512
646
3228
2355
251
-555
-319
-1136
-865
1135
5219
9225
10659
10006
7729
4918
685
-3412
-5007
-4061
-2182
-1113
-209
193
-342
-2132
-4070
-4248
-3210
-1821
-1114
-446
629
1061
533
-766
-1611
-2198
-2683
-2935
-2691
-1605
-441
19
-228
-833
-1192
-2317
-3396
-4211
-4325
-5261
-6909
-8845
-9737
-11027
-12722
-3153
14946
28994
25584
11936
5203
3734
-1304
-8620
-4853
8792
15136
8927
1239
1802
1083
-7092
-14621
-12771
-6162
-6739
-9354
-5232
3639
7568
2388
-2935
-5006
-5623
-6737
-4792
3017
10486
12965
10037
6971
5250
2786
37
-2427
-1922
-220
1026
1563
1504
2315
1454
-1873
-6498
-9159
-8753
-7473
-5531
-2524
1781
4244
2767
-81
-1841
-1031
-264
404
2697
6055
10732
12475
11020
6978
2370
-1847
-6106
-7287
-5382
-1736
479
738
188
-1408
-3340
-5687
-5774
-3476
-403
1870
2527
3095
2852
1397
-881
-2818
-3358
-3298
-2469
-1314
213
1243
769
-634
-2306
-3302
-4033
-4627
-4463
-4370
-4286
-5898
-7488
-9612
-10186
-12949
-10551
4669
23599
31429
20634
8183
4775
2904
-4141
-8698
945
12999
13285
3795
-948
892
-3632
-13049
-17025
-10372
-4577
-6919
-6842
-395
7344
5869
-1372
-4746
-4653
-3644
-3424
1740
10087
14612
12894
7478
4588
2410
-116
-2604
-3588
-1302
427
1327
703
-91
-511
-3413
-7244
-10264
-9401
-6287
-3710
-1066
1874
4894
4602
1531
-902
-1036
1008
1736
3540
6540
10581
12925
10510
6081
682
-3327
-6704
-8168
-6095
-2451
536
498
-720
-2451
-4113
-5369
-5511
-2787
772
3638
4507
4226
3871
2281
-145
-2552
-3258
-2595
-1410
-103
935
1539
554
-1402
-3399
-4439
-4612
-4784
-4741
-4297
-4336
-5056
-7084
-8180
-9620
-10058
-13276
-9415
6962
25373
31313
19147
7692
4564
2396
-4927
-8554
2396
13378
12361
2152
-2243
-948
-6848
-15731
-17746
-9091
-2842
-5193
-4687
1373
7888
4967
-2239
-4451
-3449
-1637
-660
5195
12947
15560
12238
5634
2197
-279
-2612
-4100
-4057
-1022
798
1081
-420
-2171
-3231
-6088
-8954
-10186
-7501
-3207
-353
1906
3965
5712
4405
966
-926
-159
2487
3722
5213
7529
9863
10408
7301
2539
-2401
-5576
-7380
-7226
-4593
-1197
804
-121
-1833
-3557
-4684
-4985
-3791
-357
3258
5489
5536
4447
3153
1205
-881
-2315
-2216
-1144
23
974
1225
658
-1180
-3332
-4899
-5025
-4547
-4126
-3933
-3439
-3900
-4736
-6571
-7331
-8562
-9096
-11099
-10661
2664
20660
31498
23119
8788
2911
1372
-2723
-8360
-1409
11002
13391
4922
-3636
-3146
-6440
-14705
-18091
-11426
-1542
-1519
-2963
818
6365
6246
-1257
-4496
-3268
-565
1502
5333
12807
15739
12306
5010
-445
-2240
-4087
-4725
-4101
-1304
1398
1141
-829
-3569
-5124
-6907
-8996
-9086
-6004
-992
2326
3650
4518
5252
4129
931
-1170
-51
3002
5073
5706
6676
8026
7927
4584
-82
-3766
-5711
-6537
-6224
-3713
-668
806
-320
-2374
-3452
-3887
-3526
-2067
1092
4483
6096
5437
3731
2174
545
-1126
-1944
-1401
-129
556
645
214
-702
-2180
-3837
-4810
-4593
-3771
-3277
-3294
-3369
-3357
-4198
-5189
-6331
-6505
-7310
-7218
-9666
-3232
12798
27979
28336
13016
2561
145
-634
-5456
-5502
6276
12913
8585
-2347
-6144
-5580
-11851
-16884
-14078
-3503
2256
-508
347
4155
6888
1963
-3950
-3409
-274
3346
5867
10698
14755
12417
5616
-1767
-4573
-4842
-4643
-3780
-1958
781
1355
-790
-4225
-6248
-6900
-7722
-7418
-4849
409
4119
5081
4545
4216
3625
1076
-863
-110
3099
6007
6084
5776
6171
5828
2826
-2144
-4878
-5441
-5016
-4477
-2818
108
1131
-186
-2658
-3795
-3090
-2260
-574
2022
5014
6330
4880
2679
1023
52
-1017
-1598
-737
675
1307
597
-595
-1738
-3047
-4484
-4892
-4170
-2772
-2441
-2850
-3379
-3481
-4070
-4879
-5722
-5368
-5260
-5275
-6502
-7953
2639
18537
29097
21181
5463
-311
-469
-1342
-5945
-1201
9946
10790
2723
-6761
-6541
-7493
-14047
-15057
-7904
2514
3594
148
2031
4946
4467
-1799
-3839
-283
3579
6184
8393
12293
12355
6517
-1040
-5590
-5590
-4592
-3386
-1922
296
1246
-420
-3672
-6762
-7146
-6883
-5935
-3675
259
4659
5596
4669
3068
2279
1429
-349
10
2277
5341
6405
4949
4862
4524
2565
-1795
-5109
-4756
-3861
-2956
-2426
-1043
170
-818
-2561
-3590
-2526
-920
518
2454
4658
5861
4662
2315
825
300
-302
-1018
-835
84
622
-60
-1347
-2559
-3416
-3920
-4049
-3287
-2491
-2528
-2922
-3443
-3216
-3333
-3897
-4315
-5026
-4701
-5225
-4869
-7088
-690
13521
25064
22391
6855
-889
-606
47
-3257
-3056
6962
10148
4074
-5163
-7418
-6317
-11662
-14167
-8267
1752
5635
1486
1199
3593
3940
-538
-3448
-112
4087
6445
7843
10186
10618
5674
-1183
-5576
-5555
-4219
-2846
-1572
55
1036
-780
-3747
-6708
-7246
-5902
-4502
-1825
1184
4455
5289
3551
2126
1179
1093
336
583
2748
5037
5708
4317
3507
3156
1426
-1761
-4111
-3994
-2765
-2011
-1732
-1023
-596
-1224
-2452
-2831
-1541
38
1314
2512
3867
4504
3401
1794
881
751
474
-219
-316
-97
-155
-782
-1899
-2628
-3162
-3354
-3091
-2565
-2269
-2532
-3105
-3271
-3347
-3071
-3331
-3245
-3783
-3708
-4433
-4401
-6234
-5266
6452
19455
24132
12218
147
-1287
108
-1060
-4303
2129
9697
6634
-1286
-6855
-5541
-8342
-13343
-10109
-874
6197
4058
924
2818
3746
998
-2912
-1254
3257
5903
7033
8634
9537
6053
-290
-5017
-5613
-4049
-2822
-1390
-226
923
-190
-3124
-5713
-7130
-5606
-3728
-1468
1474
3744
4989
3339
1546
883
731
641
530
2130
4389
5024
4075
3537
3009
1286
-2085
-3982
-3203
-1962
-1073
-1186
-865
-613
-1516
-2307
-2684
-1344
451
1633
2798
3656
3891
2833
1228
781
897
820
213
-248
-170
-391
-1068
-1913
-2600
-2911
-2927
-2537
-1896
-1889
-2429
-3222
-3453
-3305
-2924
-2845
-2712
-3071
-3258
-3643
-4533
-4993
-7090
754
13641
22383
16746
2436
-1751
-1
525
-2697
-1581
7327
8004
1706
-4928
-5889
-5983
-11194
-11145
-3079
5203
6069
1487
1481
3126
1825
-1985
-1997
2271
5632
6727
7503
8570
6092
423
-4272
-5532
-3615
-2520
-1348
-217
494
429
-2475
-4984
-6567
-6026
-3344
-1184
1627
3542
4107
3096
983
396
382
563
828
1984
3736
4599
3338
2019
2378
1985
108
-2767
-2937
-1443
-1163
-1208
-1628
-926
-842
-1733
-1755
-1344
238
1091
1570
2700
3382
3198
1870
967
1234
1152
449
-412
-702
-643
-1001
-1569
-2004
-2446
-2876
-2717
-2252
-1640
-2055
-2909
-3162
-2655
-2101
-2047
-2721
-2944
-3506
-3347
-3945
-4063
-5132
-5764
3587
15262
20605
11322
-833
-2085
417
308
-2330
1171
8571
6496
-170
-5102
-5351
-7340
-11656
-8191
1349
7142
4940
795
1700
2508
-178
-2903
-523
3821
6235
6748
7533
7409
2836
-2736
-5355
-4372
-2049
-1619
-574
476
750
-532
-3891
-5849
-6407
-4792
-1721
776
3240
3859
2862
1054
-373
-118
264
601
1367
2935
4091
3837
1839
1166
1752
1188
-551
-2016
-1149
-402
-1150
-1627
-1626
-989
-1272
-1768
-1076
-138
774
979
1423
2565
2983
2446
1613
1513
1640
940
-258
-797
-866
-932
-1097
-1354
-1568
-2182
-2844
-2784
-2426
-1930
-2170
-2500
-2212
-1825
-1759
-2182
-2783
-2928
-3419
-3504
-3471
-3544
-3710
-5635
1306
12046
18163
11786
-57
-2113
756
693
-1615
30
7225
6586
358
-4097
-4787
-6201
-10181
-7805
1272
6945
5034
926
1326
2306
-205
-2815
-511
3884
5990
6480
6902
6602
2184
-3268
-4797
-3508
-1461
-1245
-780
772
673
-706
-3607
-5639
-5754
-4595
-1534
1392
3318
3612
1994
377
-516
-334
183
647
1625
3186
3799
3173
1329
220
1221
1295
440
-777
-710
-177
-1045
-1628
-1433
-1195
-1224
-1476
-542
368
583
628
1116
2153
2878
2416
1851
1695
1497
860
-168
-605
-607
-752
-712
-832
-1211
-2088
-3063
-3057
-2499
-1942
-1629
-1687
-1504
-1448
-1635
-2066
-2603
-2929
-2913
-2812
-2352
-2479
-2820
-3969
-5161
1636
10880
15050
8413
-367
-600
1964
613
-1685
642
6249
4852
-386
-2951
-3530
-6012
-8761
-4783
3407
6242
2745
353
1764
2133
-590
-2250
829
4127
5066
5710
6085
4759
108
-3762
-3277
-1815
-954
-1092
-564
706
191
-1378
-3539
-5203
-4948
-3201
-184
2168
2786
2051
522
-453
-457
-134
255
941
2052
3194
3125
2013
371
-198
690
1632
1327
247
-450
-745
-865
-1147
-1305
-1436
-1244
-603
133
377
184
229
877
1865
2594
2390
1675
1242
1014
686
30
-450
-598
-630
-596
-747
-1355
-2192
-2970
-2929
-2245
-1426
-1103
-1365
-1682
-1476
-1384
-1717
-2493
-2638
-2579
-2112
-2004
-1937
-2687
-3429
-4683
-5540
1339
9770
13271
6899
184
607
2043
-816
-2701
837
6243
4455
30
-1235
-2009
-5737
-8052
-3278
3782
4733
1336
959
3152
2101
-1611
-2575
794
3166
3549
5095
6422
4188
-934
-3790
-2122
-976
-1470
-1521
81
1534
544
-1511
-3083
-4266
-4418
-2867
-82
1947
1973
963
385
173
-122
-457
-459
465
1857
2789
2758
1833
632
1110
1944
1816
348
-823
-718
-600
-839
-1007
-1061
-1054
-904
-339
381
356
217
604
1365
2027
2026
1496
1178
1111
1007
682
41
-522
-916
-1021
-792
-813
-1346
-1930
-2031
-1587
-1266
-1253
-1367
-1501
-1393
-1122
-1385
-1754
-2317
-2254
-2036
-1820
-2034
-2202
-2790
-3209
-4078
-4644
764
7711
10934
6326
1169
963
1552
-1076
-2285
1277
5483
4258
888
71
-1418
-5507
-7061
-2460
3151
3540
1312
2074
3463
1260
-1947
-2015
850
2486
3242
5270
6072
2848
-1253
-2511
-1139
-1142
-1921
-927
816
1185
127
-1029
-2171
-3801
-4460
-2585
68
1383
1317
939
737
108
-822
-1093
-626
254
1429
2200
2475
1704
1210
1349
1892
1331
168
-711
-594
-255
-270
-386
-766
-1094
-1022
-575
-122
-49
52
718
1541
1896
1735
1214
989
840
681
485
94
-345
-568
-480
-290
-611
-1341
-1841
-1789
-1632
-1546
-1435
-1190
-952
-769
-818
-1227
-1871
-2359
-2396
-2008
-1675
-1618
-1939
-2008
-2420
-2575
-3742
-4045
519
6332
8662
4727
1254
1474
1391
-1288
-1985
1932
4888
3139
681
643
-575
-4695
-5543
-1202
2681
1969
688
2417
3365
589
-1729
-746
1064
1219
2154
4792
5287
1792
-1409
-1274
-469
-1396
-2007
-361
1240
737
-238
-617
-1671
-3502
-3839
-1652
480
702
374
805
815
-120
-1139
-1073
-645
-118
867
2018
2291
1409
1255
1397
1619
522
-195
-216
-10
106
-158
-211
-649
-1053
-1032
-660
-233
-88
308
870
1503
1659
1156
730
432
487
596
566
390
36
-138
-372
-623
-1088
-1382
-1394
-1128
-867
-884
-953
-1114
-1028
-974
-1014
-1319
-1645
-1922
-1725
-1518
-1370
-1551
-1677
-2011
-2042
-2497
-2657
-3456
-3079
623
4963
6429
3740
1731
1585
909
-1199
-1195
1794
3671
2770
1654
1212
-611
-3828
-3866
-737
1657
1518
1367
2717
2673
680
-815
-490
154
449
1877
3945
3924
1511
-350
-321
-430
-1508
-1684
-396
785
614
549
586
-734
-2760
-3118
-1643
-376
-293
96
841
771
-214
-840
-844
-925
-743
229
1301
1425
800
723
1389
2054
1792
623
-77
-146
69
-158
-340
-204
-49
-39
-27
-80
-487
-804
-263
808
1412
1381
1152
951
739
421
104
-264
-538
-298
250
363
-100
-692
-1100
-1188
-1146
-1023
-944
-712
-375
-261
-477
-911
-1381
-1727
-1639
-1321
-1217
-1256
-1483
-1402
-1554
-1636
-1963
-2066
-2367
-1810
-107
2151
3463
2903
2030
1514
986
-442
-982
283
1944
2251
1534
1134
510
-773
-1500
-810
363
459
498
1381
2179
1512
160
-168
58
210
543
1405
1987
1450
836
780
645
23
-640
-443
-39
135
259
369
174
-560
-991
-966
-930
-977
-947
-440
75
138
-77
-328
-488
-564
-365
-26
119
279
592
950
1053
884
668
408
158
-18
-4
91
99
175
222
110
-145
-310
-281
-143
85
138
175
227
345
405
325
169
1
-34
47
125
74
49
-44
-68
-44
-37
-115
-193
-201
-183
-68
-27
-133
-296
-345
-314
-303
-392
-595
-608
-441
-267
-299
-405
-459
-469
-467
-570
-676
-768
-669
-345
13
313
326
123
-259
-468
-321
45
243
193
155
287
542
662
613
364
96
63
375
704
800
756
820
860
930
894
710
422
227
357
509
478
365
325
353
250
15
-111
-144
-149
-126
15
108
-33
-295
-357
-153
23
-1
-80
-53
16
31
-3
-55
-188
-281
-246
-38
159
119
182
237
302
159
-33
-38
20
97
93
77
56
-2
-28
130
226
163
54
123
260
264
245
346
360
254
125
34
73
27
62
40
-92
-155
-179
-145
-195
-162
-123
-172
-159
-128
-41
-75
-210
-227
-156
-103
-181
-384
-551
-773
-852
-663
-459
-425
-592
-739
-735
-586
-310
-61
36
-37
-201
-221
-8
230
234
123
140
390
579
615
587
599
556
530
730
859
741
600
637
691
626
470
462
402
170
52
234
311
129
52
232
363
189
21
-42
35
122
249
403
365
129
-62
-34
-58
-166
-194
-93
-10
-52
-132
-82
-58
-118
-192
-165
-87
-3
148
314
357
209
67
-38
-4
136
254
250
195
207
203
256
229
242
184
109
238
385
358
178
45
13
-18
-81
-69
7
27
29
41
32
63
129
151
148
162
185
204
103
7
-67
-165
-287
-412
-404
-363
-327
-350
-448
-577
-698
-815
-753
-588
-494
-547
-569
-594
-542
-320
-91
73
94
-17
-56
107
401
592
455
272
319
505
566
445
462
483
429
399
519
662
496
337
379
510
541
477
498
410
286
350
470
503
424
374
394
232
133
155
215
159
103
142
-60
-282
-341
-195
-147
-196
-154
-84
-128
-321
-320
-147
-69
-19
5
125
66
-80
-81
104
269
256
235
265
121
13
202
282
164
-84
-48
74
22
-48
1
68
41
154
221
262
182
220
327
290
263
181
207
258
234
184
72
-70
-105
-15
22
49
-35
-147
-194
-244
-388
-412
-396
-333
-277
-325
-332
-353
-393
-526
-515
-342
-196
-202
-276
-282
-333
-486
-637
-550
-237
41
136
84
49
-15
-136
-77
132
275
242
195
314
464
428
375
285
220
329
528
774
821
762
808
788
565
362
367
364
388
469
542
397
184
179
198
78
-42
-5
93
68
67
101
94
-18
-147
-67
35
78
104
143
61
-55
-42
-3
-43
-96
-65
33
109
-40
-133
-75
-34
102
149
89
-45
-94
43
184
246
267
249
132
88
166
243
258
207
359
481
421
270
162
101
27
55
105
101
-3
-142
-117
-132
-199
-210
-132
38
101
111
72
-12
-44
-109
-196
-180
-96
-71
-74
-112
-198
-225
-293
-407
-487
-422
-272
-226
-336
-423
-500
-478
-557
-598
-384
-103
147
88
50
88
80
115
216
333
354
336
415
493
469
350
216
225
309
397
467
499
530
569
571
472
377
257
145
164
277
441
515
404
251
257
221
118
133
189
266
325
325
322
215
23
1
60
55
50
35
-18
-84
-125
-87
-81
-115
-92
-12
128
157
70
-13
46
183
330
487
552
374
39
-93
93
244
325
287
170
16
-60
-68
-55
-1
62
152
255
422
527
324
63
-59
81
266
290
267
322
344
254
161
37
-38
-63
32
139
209
170
75
-53
-236
-280
-203
-177
-171
-167
-163
-209
-332
-387
-325
-208
-158
-95
-68
-165
-306
-379
-371
-393
-373
-205
79
211
177
62
-31
-3
51
176
174
170
322
353
315
228
230
323
294
377
513
645
602
439
474
493
402
326
367
400
410
436
434
330
161
174
302
272
104
83
111
68
71
104
181
155
94
148
122
48
0
55
120
93
108
67
-36
-116
-92
-51
-68
-106
-168
-150
-115
-20
166
243
187
112
-4
28
85
119
181
174
199
147
145
207
248
219
231
290
306
255
264
283
232
137
69
92
67
34
-42
-16
-6
32
65
73
107
76
46
41
107
132
64
10
-16
-112
-152
-243
-254
-221
-220
-209
-262
-326
-372
-365
-346
-352
-361
-329
-264
-264
-323
-356
-311
-142
45
144
125
98
61
15
42
106
76
81
160
302
414
381
353
228
152
183
202
267
351
442
529
522
376
267
236
287
300
353
495
498
413
348
250
179
98
121
252
263
242
152
141
-46
-163
-135
-46
-35
-22
24
15
-32
-80
-118
-82
-70
-93
31
33
2
-6
48
85
75
126
282
327
225
97
-32
-10
45
158
258
265
186
77
15
3
50
34
152
322
406
396
363
296
188
173
204
187
136
175
208
175
129
56
-1
-39
-29
4
109
115
33
12
-1
-78
-153
-224
-237
-159
-84
-58
-110
-170
-192
-207
-224
-204
-255
-203
-193
-168
-193
-276
-276
-321
-314
-228
-81
12
-8
-11
-13
73
89
162
157
93
146
263
375
380
340
328
387
417
415
403
397
376
451
518
503
416
304
258
219
300
370
318
287
257
225
213
131
47
65
53
114
210
220
183
106
97
65
-3
-56
-75
-60
1
62
93
64
41
-31
-107
-66
-25
21
17
-3
65
132
150
268
344
278
72
-63
-63
84
264
327
264
80
50
153
179
70
84
114
191
349
484
484
279
69
71
130
113
178
273
280
188
172
82
-73
-126
-68
94
165
86
52
97
43
-49
-76
-162
-233
-186
-135
-62
-128
-232
-283
-256
-180
-165
-112
-160
-193
-144
-113
-157
-230
-242
-260
-278
-204
-34
56
125
74
-10
-69
-43
27
129
180
138
197
280
319
252
181
235
195
169
307
421
388
281
329
324
232
130
187
322
257
239
318
370
235
131
169
252
210
137
229
269
175
95
143
141
98
113
137
174
163
109
64
73
62
64
81
-46
-51
-34
-46
-41
-72
-26
6
136
194
214
288
342
195
31
-23
52
244
368
453
288
98
84
98
106
79
109
173
307
472
497
399
213
134
180
130
169
207
205
241
261
299
179
74
43
96
186
210
208
176
112
73
44
-54
-138
-198
-127
-13
-12
-37
-105
-136
-171
-250
-185
-151
-120
-66
-9
49
-38
-139
-211
-236
-242
-175
-152
-103
51
98
29
-118
-159
-119
-49
108
240
202
208
209
247
231
195
165
206
310
334
469
504
403
276
315
321
324
342
351
396
357
366
368
271
141
188
286
301
279
271
296
214
158
192
191
124
75
125
162
135
113
175
170
111
52
63
34
-26
-4
41
18
-47
-12
10
77
186
317
302
95
-35
12
132
219
272
278
231
209
209
253
251
181
196
297
431
504
399
232
134
97
140
143
161
182
188
195
228
183
101
73
78
168
247
266
191
187
211
164
77
-64
-121
-54
-22
14
64
-39
-136
-133
-131
-152
-206
-154
-121
-56
18
-35
-63
-129
-222
-295
-232
-127
-81
-73
-23
13
3
-24
-7
67
98
63
-6
77
240
288
181
112
168
221
204
213
349
361
298
357
385
351
283
308
372
404
434
431
433
399
298
279
274
268
312
302
261
242
245
177
93
-5
-14
44
66
123
136
134
66
58
25
19
29
73
137
181
202
217
168
138
235
303
274
163
110
67
105
223
270
208
115
92
140
134
151
166
178
275
389
418
373
333
245
269
286
252
203
181
238
270
256
172
113
71
109
200
194
135
155
146
135
198
132
62
40
62
158
144
92
23
-19
82
64
5
-27
-37
-80
-96
-54
-43
-84
-111
-64
-31
-61
-100
-104
-121
-108
-86
-26
10
-3
-45
-56
-70
-54
37
153
220
251
191
136
146
152
195
162
156
166
240
262
199
101
69
95
184
268
324
314
308
329
322
248
169
190
213
268
313
300
266
229
233
268
231
138
95
161
244
191
138
137
38
-8
56
83
75
55
76
137
207
213
174
144
189
258
223
166
152
175
257
300
280
131
61
136
214
214
168
186
211
242
268
247
205
184
137
189
216
199
128
123
146
161
174
131
107
119
119
125
120
56
99
164
140
84
108
128
41
46
72
53
-11
-33
76
98
59
44
58
53
38
29
12
28
76
55
23
-37
-62
-56
-23
8
35
7
-24
-1
16
15
-9
-45
-43
61
90
86
87
71
89
129
211
218
222
160
102
131
191
228
203
202
247
272
212
213
208
171
147
137
200
234
252
234
251
310
266
210
207
187
193
257
329
301
267
293
292
247
165
153
147
180
203
190
238
221
169
126
154
199
203
189
231
232
282
309
316
278
212
171
131
183
200
252
264
222
204
261
260
173
82
107
208
258
224
192
176
116
129
115
177
160
134
181
188
119
102
97
134
100
99
128
91
90
128
164
121
30
37
50
78
114
85
91
55
-5
12
34
64
114
143
140
137
102
98
90
96
134
115
85
67
78
50
60
61
50
30
48
95
80
24
22
67
122
113
59
42
54
143
133
106
136
111
106
131
149
166
234
251
249
238
137
125
165
159
195
251
212
192
213
179
183
180
208
295
317
317
268
274
283
247
186
187
224
244
235
207
200
198
133
147
163
159
214
210
190
232
258
215
193
187
214
246
229
190
205
227
227
206
194
204
216
233
262
286
302
243
224
172
154
155
114
132
147
149
171
189
157
161
155
153
185
225
227
215
193
153
169
143
164
142
108
129
132
69
82
128
110
122
50
68
98
114
94
111
98
89
157
128
147
109
95
72
132
185
155
143
137
179
149
191
201
128
147
196
251
217
166
176
181
180
194
220
203
186
204
189
225
180
125
139
155
149
197
212
218
202
165
179
189
168
138
119
92
154
163
169
164
138
172
188
175
170
123
118
181
158
188
212
234
240
186
199
200
187
150
215
265
241
216
176
177
130
126
184
262
252
260
282
267
260
232
271
259
261
251
280
321
323
282
249
196
122
87
183
200
226
269
288
264
159
119
138
178
