-155
-119
-108
-92
-82
-47
-137
-135
-177
-169
-124
-105
-87
-114
-97
-84
-102
-100
-94
-120
-142
-146
-181
-134
-144
-197
-126
-156
-95
-128
-134
-106
-139
-194
-202
-163
-142
-162
-221
-224
-178
-119
-128
-86
-170
-150
-150
-125
-102
-107
-73
-128
-124
-114
-94
-134
-164
-149
-103
-126
-100
-142
-90
-80
-141
-120
-141
-118
-124
-103
-137
-149
-97
-106
-81
-86
-143
-158
-168
-196
-162
-155
-191
-146
-105
-136
-145
-138
-142
-87
-118
-95
-75
-128
-166
-194
-150
-157
-117
-131
-101
-129
-119
-73
-106
-49
-59
-94
-95
-138
-104
-69
-56
-59
-133
-177
-195
-150
-115
-103
-45
-37
-80
-126
-121
-107
-159
-159
-138
-126
-86
-120
-96
-70
-90
-56
-35
-50
-97
-76
-89
-98
-101
-87
-130
-169
-77
-93
-85
-120
-114
-133
-128
-96
-108
-115
-72
-19
-45
-22
-55
-115
-135
-118
-95
-139
-99
-93
-140
-84
-82
-109
-85
-147
-137
-78
-109
-113
-80
-63
-93
-135
-130
-104
-91
-106
-162
-128
-84
-79
-116
-91
-121
-89
-82
-65
-27
-49
-39
-18
-27
-139
-95
-105
-130
-135
-155
-103
-21
-51
-99
-53
-87
-82
-81
-83
-46
-82
-158
-119
-63
-116
-173
-127
-97
-83
-137
-109
-90
-113
-92
-98
-119
-119
-77
-86
-58
-95
-132
-175
-152
-117
-122
-104
-128
-104
-116
-113
-131
-146
-74
-55
-68
-115
-91
-67
-75
-69
-41
-162
-119
-82
-45
-55
-110
-104
-178
-154
-166
-135
-120
-116
-107
-83
-184
-191
-76
-94
-124
-84
-99
-84
-120
-121
-136
-142
-90
-116
-70
-80
-105
-59
-35
-59
-86
-69
-37
-89
-97
-51
-75
-12
10
-48
-84
-25
-9
-71
-67
-66
-12
-3
-7
-50
-69
-17
-26
-63
-78
-58
-95
-163
-111
-109
-101
-124
-131
-97
-46
-65
-94
-69
-2
10
-15
33
78
67
-14
-24
-45
-40
-26
-34
-44
-20
-13
7
4
12
-2
12
52
61
70
25
-6
19
-16
10
23
-21
-47
6
16
8
-11
-28
-32
-62
-42
-57
-52
-7
-48
-29
-21
-13
-39
-47
-39
-21
-33
-56
17
-60
35
66
-18
-25
-52
-55
-76
-5
28
3
50
13
23
23
60
107
23
-7
44
55
-3
29
40
50
9
-8
44
51
-37
-31
-59
-65
-8
-4
18
8
12
-34
-6
27
19
-16
-54
-27
-2
5
24
-1
55
20
-20
-4
-26
-45
-17
40
73
47
-18
-27
29
5
37
11
13
13
-25
-50
-13
-5
-34
0
-16
-38
-56
-50
-37
-5
-18
17
51
-9
-50
-25
-1
-19
-3
-35
-78
-89
-33
-23
-12
-49
-11
-3
-6
-16
-7
2
-83
-41
0
15
-9
-23
-2
-2
4
8
17
19
32
46
1
16
55
8
-1
-23
36
30
20
85
27
28
52
16
-8
-19
-2
25
-40
-21
10
-7
-9
22
80
45
0
47
98
40
49
87
20
5
13
5
5
35
52
43
36
55
39
-36
16
51
95
87
22
33
-11
-40
-25
-22
-4
-24
-32
28
57
63
19
39
24
39
62
61
45
28
45
54
53
48
87
125
96
68
55
97
82
60
16
29
22
63
103
76
66
31
17
38
32
33
45
44
66
87
58
-4
51
104
76
93
104
105
111
80
84
134
50
-7
-14
29
38
53
111
106
128
112
135
142
76
94
137
80
74
108
110
131
125
103
93
123
117
83
103
86
81
3
12
66
96
141
141
154
113
173
146
123
152
143
141
82
49
80
66
79
69
34
53
61
94
125
121
91
79
97
125
68
104
154
94
98
134
130
117
58
13
49
68
63
125
91
8
40
55
67
121
110
95
83
98
93
34
115
170
183
131
167
188
175
161
156
124
122
116
57
105
81
67
63
93
24
14
64
67
106
77
92
98
101
119
129
120
77
74
118
96
50
91
138
77
87
79
95
74
70
68
75
110
126
175
118
92
70
69
69
92
110
81
103
129
89
60
82
118
108
80
57
22
71
81
99
89
49
78
116
184
135
83
84
104
101
89
103
64
89
106
64
95
66
45
83
104
96
21
57
21
2
-44
-39
5
72
55
61
93
59
129
150
111
108
67
37
53
3
14
56
26
-6
38
40
60
97
127
122
65
92
91
72
101
45
77
80
41
72
103
123
110
127
75
75
107
95
87
58
35
58
111
79
35
8
85
125
96
107
83
99
100
69
56
75
101
107
69
54
37
26
34
78
68
54
57
53
18
87
78
-6
40
30
70
52
15
54
84
109
56
8
30
66
50
51
66
103
118
84
119
51
59
78
57
112
99
98
77
145
129
95
100
77
120
88
110
113
136
146
98
106
95
97
50
85
189
104
141
105
60
68
93
57
30
57
67
70
71
91
127
164
190
100
61
101
73
90
23
14
20
34
97
118
83
39
68
71
63
48
26
52
35
16
28
42
20
18
47
35
10
63
69
94
78
56
133
122
89
42
85
81
57
43
37
78
77
96
58
45
26
68
142
107
89
68
64
57
72
89
65
81
47
69
77
16
42
-26
42
65
109
93
6
42
70
42
17
90
58
66
47
41
43
39
82
94
63
75
86
99
117
99
69
54
63
71
66
44
58
118
125
91
50
2
-2
13
51
67
74
68
64
51
77
89
18
4
-19
-34
67
83
91
64
96
68
81
146
112
73
77
74
67
56
46
8
1
12
11
-14
18
-40
-39
32
25
10
16
45
28
40
73
53
42
61
13
69
52
32
61
52
80
41
72
65
64
93
89
49
10
11
39
45
48
53
8
8
19
10
4
13
-6
15
87
48
54
34
21
90
83
39
41
46
112
37
19
27
25
16
39
-10
-7
-3
-44
-23
-120
-18
3
-23
-5
7
18
-7
-4
-28
-38
-18
1
23
32
19
34
15
-21
-46
-27
55
51
-12
35
58
3
39
27
-16
-12
-38
-7
29
-6
-12
1
-26
-7
-25
-3
43
22
58
30
34
75
59
50
29
11
11
31
35
31
32
40
19
-17
28
54
35
10
12
55
43
89
122
74
83
115
68
14
40
-11
0
36
1
41
83
29
8
3
56
33
28
28
26
50
20
98
86
33
-22
26
28
1
51
35
74
70
48
12
48
78
76
103
90
70
30
25
49
19
-31
-25
-2
61
56
1
12
2
104
60
-9
-15
46
73
-9
-6
-19
29
1
47
33
39
40
34
-18
-34
-9
-40
-27
10
10
-15
-23
20
24
-47
-52
-34
48
46
-6
-11
-40
-37
4
-38
-1
21
19
35
17
41
47
71
6
-14
-36
-23
-34
-20
-6
-5
-1
-38
5
-2
-42
-37
-10
-3
73
23
26
-5
15
7
17
12
25
57
28
16
51
77
22
63
43
46
23
-36
7
49
24
-8
17
6
25
-5
-52
-5
-42
-32
5
34
5
-13
54
29
46
-25
-36
-25
-23
22
0
5
-28
7
-20
-33
37
-3
-19
-13
-18
-25
-30
-9
-11
2
71
59
20
12
33
67
65
46
53
57
-1
0
42
-18
-37
-25
-11
-6
-6
-67
-60
-21
-55
-22
-4
-22
-24
23
-24
30
99
100
68
17
-10
-7
1
13
38
11
-8
23
4
-5
38
23
4
-19
37
4
11
-11
-36
-36
-44
-76
-76
-12
-30
-37
-10
-21
-21
-15
29
9
7
18
4
-16
-39
31
18
44
49
63
55
23
-3
-33
-7
-49
7
6
41
13
-19
55
20
-29
-20
-17
-30
-44
-33
-55
-37
2
-1
12
-96
-114
-48
5
-5
-19
-8
76
32
-1
18
-6
-50
-58
-9
11
31
13
-11
-63
-29
-4
11
31
46
70
113
49
-22
16
79
65
53
64
54
48
8
1
12
13
15
-20
-27
-31
5
2
-25
-11
-33
11
3
-10
-7
2
15
-22
-33
-27
-17
39
58
36
18
19
13
32
-30
-44
-1
4
52
30
28
72
18
20
12
-55
22
0
33
37
8
19
-10
17
-4
16
-8
26
85
95
78
60
51
-26
27
57
-15
-22
19
-2
35
51
-63
-22
3
-15
70
47
63
57
66
66
45
72
75
94
72
85
26
43
44
-16
-17
8
52
38
16
-3
-27
8
62
91
71
78
49
12
36
-57
9
-31
26
85
45
59
50
84
25
29
-4
-16
49
70
17
99
94
92
108
83
87
41
120
75
91
91
95
92
34
35
14
-27
-7
-11
5
99
69
39
52
82
58
104
117
76
98
38
28
55
24
33
92
61
-30
-2
-4
49
31
62
79
34
53
10
71
124
95
51
89
102
94
65
90
-7
37
58
82
99
64
81
20
42
37
59
26
41
78
49
88
96
109
104
89
76
144
139
130
155
135
83
22
54
-17
-31
-13
15
63
62
86
72
52
27
98
92
61
94
56
113
117
72
62
38
16
77
64
31
65
115
154
85
75
30
44
82
123
106
104
64
31
47
64
125
101
114
152
124
73
22
71
114
69
62
98
75
89
100
49
57
122
82
68
93
69
125
158
145
148
99
107
88
126
110
117
111
114
131
140
136
136
126
69
95
136
119
97
127
158
132
90
123
155
165
98
109
72
135
109
145
99
89
64
59
126
132
104
69
72
50
73
59
70
81
83
63
69
62
67
85
74
101
187
140
104
122
53
28
82
122
89
64
91
122
106
69
64
38
50
88
130
144
96
49
85
97
56
102
91
95
83
102
55
49
58
61
62
72
66
78
73
54
61
40
71
103
138
140
54
111
127
89
76
53
61
88
120
42
48
87
62
63
45
54
30
42
52
94
146
91
53
65
121
72
98
136
170
147
88
96
71
50
12
7
3
39
7
37
61
55
82
41
129
106
98
118
158
89
100
158
140
137
124
106
146
168
174
216
180
115
165
153
158
100
142
202
203
217
264
350
346
367
496
629
684
768
826
960
980
986
958
852
689
489
383
157
-101
-374
-620
-866
-1072
-1155
-1248
-1255
-1274
-1221
-1141
-1052
-969
-895
-777
-708
-636
-614
-602
-585
-619
-691
-739
-756
-852
-915
-947
-972
-971
-895
-724
-658
-506
-292
190
673
1058
1385
1796
2366
2559
2750
2988
3259
2989
2535
2351
2153
1649
885
657
362
-152
-616
-640
-602
-892
-1036
-984
-765
-761
-714
-536
-413
-473
-572
-600
-656
-664
-864
-1095
-1154
-1118
-1166
-1166
-1142
-1052
-855
-688
-510
-131
261
554
746
1029
1408
1518
1520
1607
1723
1498
1336
1271
1113
802
423
269
141
-39
-150
-171
-168
-235
-314
-280
-151
-47
-19
-67
-85
-72
-188
-306
-421
-546
-691
-860
-963
-919
-833
-869
-717
-484
-212
85
416
794
1076
1325
1453
1713
1778
1681
1533
1357
1127
805
472
191
-65
-270
-404
-581
-589
-528
-582
-547
-405
-260
-204
-119
-76
-134
-204
-238
-260
-326
-483
-644
-769
-750
-778
-775
-726
-667
-487
-388
-285
-47
106
186
284
418
477
509
476
360
325
173
19
-107
-264
-420
-586
-692
-712
-677
-735
-752
-628
-618
-578
-604
-544
-571
-671
-813
-975
-1037
-880
-560
-482
-398
-163
387
831
1097
1505
1986
2259
2154
2204
2516
2599
2152
1671
1586
1256
589
94
83
-115
-650
-942
-873
-622
-707
-738
-525
-391
-413
-485
-311
-201
-366
-627
-712
-740
-897
-1109
-1250
-1229
-1258
-1293
-1233
-994
-637
-389
-195
46
537
962
1182
1257
1361
1497
1356
1271
1276
1184
919
487
350
422
231
-61
-58
-40
-110
-212
-123
117
394
690
726
892
956
1222
1159
1054
958
715
342
-202
-274
-530
-889
-1261
-1300
-1283
-1352
-1165
-1029
-759
-504
-215
-58
298
460
419
342
292
353
77
-84
-178
-340
-614
-779
-707
-673
-664
-602
-563
-342
-158
-93
-36
79
171
55
-95
-217
-263
-672
-1049
-1210
-1385
-1668
-1915
-2124
-2293
-2426
-2564
-2609
-2184
-1256
-516
-148
409
1555
2621
3030
3407
4103
4483
4036
3405
3379
3399
2568
1252
735
706
95
-767
-794
-262
-474
-1133
-850
32
274
-166
-216
299
163
-421
-800
-727
-949
-1834
-2477
-2482
-2359
-2610
-2794
-2408
-1862
-1584
-1126
-340
524
1092
1417
1792
2125
2434
2536
2347
1975
1776
1480
946
557
411
331
-1
-323
-122
351
425
302
477
849
888
599
627
770
516
-240
-732
-530
-691
-1122
-1333
-1161
-986
-1010
-730
-131
466
537
574
809
1327
1418
1156
1080
938
756
296
55
67
-4
-394
-638
-418
-222
-110
-197
-5
205
229
160
158
362
162
-275
-606
-575
-546
-897
-1153
-1123
-1055
-1163
-1110
-872
-625
-576
-706
-586
-441
-350
-608
-879
-909
-1011
-1335
-1703
-1852
-2112
-2459
-2723
-2817
-2637
-2787
-2245
-742
419
974
1330
3118
4678
5149
4992
5773
6522
5283
3910
3473
4026
2457
330
-374
-85
-627
-2297
-2137
-979
-726
-2000
-1824
-182
464
-458
-1111
-130
-70
-1391
-2343
-1916
-1845
-3250
-4129
-3713
-2850
-2906
-2900
-1797
-567
17
468
1691
2941
3414
3386
3465
3582
3345
3047
2602
1865
1126
635
224
-344
-552
-337
-281
-616
-659
152
718
464
130
368
432
-371
-1083
-1231
-1170
-2197
-3164
-3159
-2145
-1368
-1487
-968
62
1355
1597
2138
3127
3732
3109
2113
2190
2164
1614
91
-554
-669
-1033
-1524
-1626
-842
-507
-605
-796
42
919
742
236
21
263
-356
-1177
-1537
-1450
-1789
-2641
-2813
-2307
-1574
-1477
-1381
-807
-63
222
138
543
960
718
-140
-813
-939
-1452
-2303
-3301
-3619
-3848
-4273
-4579
-4429
-3802
-3011
-773
1121
2581
3238
5081
7247
7647
7218
7291
8037
6120
3525
2263
2753
1511
-1633
-2737
-1899
-1459
-3367
-3513
-1127
350
-1025
-2042
76
1521
84
-2120
-1662
-1008
-3003
-5302
-5094
-3512
-4244
-5814
-5093
-2438
-967
-1017
302
2915
4371
3985
4199
5652
6126
4810
3257
2798
2370
1063
-139
-566
-762
-1210
-1556
-1197
-544
191
434
440
383
426
557
-94
-1167
-2108
-2520
-3328
-4679
-5086
-4020
-3267
-3169
-2411
-282
1812
2621
3633
5054
6054
5640
4828
4554
4262
2871
871
-365
-1023
-1581
-2625
-2928
-2380
-1831
-1652
-1488
-441
500
638
47
-84
46
-395
-1341
-2119
-2088
-2372
-2978
-3209
-2343
-1296
-1010
-716
67
1234
1665
1499
1569
1664
1271
251
-669
-1121
-1572
-2616
-3754
-4174
-4258
-4628
-5067
-4844
-4028
-3694
-3811
-3600
-2150
1237
3451
4363
4326
5853
8278
8168
7162
6961
8109
6289
2537
626
2022
2274
-1515
-3744
-2755
-1035
-2962
-4707
-2359
199
-1151
-4633
-3592
-458
-589
-4038
-4898
-2438
-2296
-4668
-5244
-1655
782
-785
-1813
1157
5024
5087
3765
4946
6981
6021
3182
2827
4146
3340
-17
-2141
-1414
-989
-2255
-3268
-2528
-1608
-2189
-2795
-1969
-615
-515
-1652
-2564
-2498
-1925
-2106
-2716
-2892
-2206
-1577
-1403
-447
1933
4619
5124
5071
6316
8107
8159
6394
5428
4691
2797
-350
-2165
-2452
-3347
-5262
-6529
-5672
-4448
-3693
-3287
-1982
-323
200
39
275
1367
1439
171
-999
-820
-294
-766
-1220
-667
458
634
386
1110
2406
2721
1645
801
731
339
-988
-2552
-3437
-3962
-5067
-6155
-6489
-5990
-5695
-6271
-6234
-5224
-3870
-3501
-3227
-2525
413
4632
6596
7445
7876
10954
12596
11157
9276
9629
10285
5865
559
-1136
830
-1401
-6794
-8238
-5647
-4488
-8166
-8668
-4151
-1073
-4003
-7077
-3682
538
-725
-4749
-3536
594
403
-2748
-1870
4104
6477
3478
2475
6850
10407
7997
4975
6126
7601
3913
-1222
-1728
37
-1985
-6992
-8456
-6055
-5000
-6539
-6862
-4174
-2051
-2859
-3525
-1583
957
912
-685
-1083
102
1133
888
787
1781
3255
3667
3431
4183
6159
8543
8203
6674
5935
5718
4076
322
-1865
-3032
-5222
-8843
-10161
-8713
-7562
-7546
-7008
-3938
-1035
765
1961
3824
5719
5580
4320
3370
3585
2961
978
-782
-985
-429
-1076
-1518
-753
552
393
-785
-828
-191
-516
-2459
-3878
-4364
-4999
-6348
-7520
-7152
-6461
-6532
-6879
-5884
-3917
-2303
-1944
-1378
-5
2847
7650
10790
12040
11331
12645
14575
13110
9666
7853
7933
3484
-3995
-7657
-5436
-5373
-10454
-13319
-10231
-6402
-8196
-9442
-4464
1225
-42
-4539
-2677
3488
4649
-45
-1165
3600
5802
2425
1100
6880
11616
8276
3562
5580
9974
7519
956
-950
572
-2417
-9268
-11324
-7695
-6418
-10348
-12314
-8025
-3019
-2562
-3021
151
4166
4028
1801
2704
5799
6128
3022
1183
2412
3784
3120
2299
3101
4132
3402
1890
2160
3384
3338
595
-2218
-2902
-2894
-4291
-6333
-6372
-5138
-5003
-5618
-3938
-261
1901
1801
2029
4052
5637
5141
4023
3970
3919
2232
56
-577
185
59
-1595
-2706
-1989
-998
-1627
-2623
-2258
-1655
-2647
-4180
-4029
-2795
-2694
-3967
-4473
-3519
-2806
-3139
-3510
-3058
-2519
-2747
-3044
-2607
-1423
-1161
-1493
-1900
1349
8035
11869
11821
10048
12662
15143
11993
6139
4240
4779
-1208
-10948
-14490
-9621
-7901
-13212
-15313
-8856
-2011
-3155
-4720
1544
9287
7002
-312
192
7231
8049
563
-2505
3148
6558
1890
-927
5674
11912
7469
-210
822
6060
3170
-5851
-9250
-6269
-7382
-14061
-15533
-8598
-3225
-5276
-7028
-1025
6681
7652
5050
6350
9825
8466
3062
1177
3764
4088
-276
-3507
-1720
1180
968
-614
-17
1477
621
-2232
-3669
-1930
349
-1207
-4327
-4066
-624
756
-934
-448
2891
4245
1487
509
3282
4898
2092
-1114
-417
1172
423
-1358
-937
859
1202
-611
-1660
125
1484
-395
-3274
-3113
-1456
-2354
-4569
-4198
-1887
-1628
-3414
-3363
-829
400
-1121
-2633
-2141
-1311
-2771
-4782
-4854
-3322
-3342
-5090
-5214
-2445
-860
-446
5555
12778
15654
11969
11037
15273
14864
7154
203
983
-760
-9732
-17328
-13855
-6859
-8761
-13298
-9530
517
3374
-1235
-390
8099
10436
1696
-3764
2077
8084
2798
-3969
276
8403
7160
959
3437
11574
10673
180
-4919
-230
669
-8161
-15279
-12076
-7516
-10830
-14238
-7739
2210
3776
-118
2123
9986
12139
6813
3750
6110
6361
606
-3761
-1230
2331
306
-3406
-1981
2148
2762
-203
-1423
429
143
-2804
-4834
-3448
-1273
-2232
-3984
-2718
1331
3452
2796
2740
4951
6239
3712
1260
1758
2614
181
-3343
-3392
-1206
-851
-2253
-1824
397
1608
373
-674
483
1510
-219
-2969
-3387
-1979
-1966
-3646
-3704
-1796
-776
-1888
-2582
-1137
-324
-1674
-3454
-3939
-3906
-4773
-5709
-5565
-4589
-3872
-3908
-2947
-1436
1140
8483
14407
16397
13080
12100
15120
13458
5541
-1698
-918
-3078
-12050
-19130
-14634
-5952
-7271
-11945
-8138
2442
5647
33
-108
8483
11325
1917
-4919
1302
9403
5099
-2934
381
10309
9795
1353
1264
9670
9682
-3261
-11256
-5969
-2214
-10156
-18608
-14149
-5265
-5966
-10426
-4458
8101
10963
4131
2733
10570
14087
6338
-544
2023
5117
-346
-6985
-3967
2993
2152
-4136
-4370
1482
3042
-2617
-6123
-2984
425
-1288
-4556
-1738
3496
4452
922
614
5476
7615
3789
-479
1219
3172
-492
-5185
-4095
146
-511
-3986
-3263
1559
3668
1240
-458
1569
3177
523
-3009
-2628
-157
-1198
-4710
-5017
-1356
231
-2157
-3458
-1100
419
-2016
-4490
-3500
-2065
-3991
-7620
-7552
-4807
-3698
-5282
-5451
-2201
564
-19
4999
14643
19966
15908
10254
13575
15372
8112
-3768
-5070
-2758
-9525
-19976
-20286
-8363
-3457
-9054
-9914
483
9474
5130
-626
5552
13684
8003
-3819
-3139
7979
9736
225
-2972
6823
12248
3962
-2586
3077
8514
-731
-14373
-13893
-5608
-6920
-16594
-17099
-5645
645
-3344
-3275
8003
16300
10993
3448
6468
12728
8546
-2039
-4319
933
592
-6669
-8395
-1058
3158
-1936
-6528
-2573
3097
1178
-4472
-4171
695
1315
-2677
-3019
3002
7036
4452
1274
4190
8501
5980
190
-948
1685
140
-5735
-7281
-3218
-752
-3253
-4714
-854
3403
2854
155
1143
4044
2849
-1544
-3259
-769
190
-3045
-5170
-2733
65
-1216
-3438
-2197
190
-941
-4554
-5536
-3598
-3513
-6401
-8254
-6148
-3991
-4307
-5310
-2766
390
2865
9974
16330
19696
15003
12626
14442
12154
3025
-6429
-5513
-6917
-14646
-21395
-16666
-5471
-4301
-8019
-4479
6386
10532
3740
1293
9054
12653
3472
-5367
-20
9513
6725
-1783
-179
10196
10515
210
-3133
3622
4636
-8071
-18321
-13203
-5877
-9956
-17455
-11991
1014
4290
-232
2965
14687
18157
8923
2534
7212
10714
2540
-7279
-5514
710
-1872
-8890
-7127
1738
3299
-3952
-6147
1376
5672
-458
-6401
-2327
3470
1145
-3915
-971
6932
7654
2290
1107
6241
7926
1842
-3148
-1408
1031
-2745
-7931
-5992
-334
472
-3283
-2966
2751
5088
1667
-881
1451
3397
-464
-4742
-3745
-470
-1470
-5267
-5101
-1034
904
-1547
-3081
-1022
170
-2751
-6381
-6034
-4361
-6065
-8802
-8363
-4908
-3130
-3687
-1786
10140
19985
21068
15714
14376
18887
14899
3097
-7848
-5930
-6027
-16245
-24195
-19202
-5567
-2813
-7489
-3887
8031
13567
5664
608
7810
13200
4385
-6974
-3846
7768
8168
-572
-1328
9526
13468
3246
-3705
1432
4852
-6082
-19929
-18221
-8582
-8527
-16241
-14194
-26
8021
4544
3837
13683
20589
12975
2306
2884
8206
3598
-7907
-10009
-2075
492
-5769
-8084
-99
5761
254
-6535
-2906
3921
1805
-5260
-4412
3171
4999
283
-659
6430
10181
5670
724
2300
5392
1004
-5637
-6090
-1994
-1841
-6386
-6307
-243
3897
1676
-598
2449
5508
2763
-1740
-1867
564
-1144
-5644
-6179
-2428
-429
-2758
-3954
-927
1793
349
-2585
-2496
-1389
-3395
-7354
-8584
-6669
-5748
-7666
-7827
-4592
-1190
128
7997
18239
23238
19023
13263
15855
15148
5616
-8317
-9790
-6702
-12818
-21935
-21055
-6782
675
-3615
-4233
6007
14859
8629
-70
4087
12301
7238
-5692
-6546
6230
11197
2919
-1983
7087
14225
5369
-5300
-3027
2732
-4909
-20272
-21881
-10403
-5629
-12396
-13544
-259
10999
8844
4750
11530
19996
14411
1500
-1156
5305
4502
-6464
-11219
-3408
2368
-2529
-7505
-1744
5589
1655
-7410
-5311
3341
3103
-5006
-6433
2811
7087
2851
-185
6617
12377
7379
812
754
4590
1264
-6340
-7842
-3466
-1392
-5507
-6567
-308
5138
3201
-717
1344
5512
3535
-1803
-3275
-407
-820
-5489
-6850
-3046
-151
-2340
-4394
-1798
1583
582
-3476
-4855
-3234
-4121
-8224
-9706
-7097
-4462
-5991
-6340
-3346
6005
16845
20462
20635
17048
18062
16012
7964
-3112
-9123
-7463
-12752
-20638
-22521
-12968
-2177
-1916
-2809
3392
12528
11935
3519
2475
9610
9691
-826
-7609
269
9943
7401
630
3324
12419
10311
-1356
-5543
-698
-1475
-14716
-24045
-17197
-7186
-7942
-13010
-6054
8349
12854
7710
7860
16462
18402
7011
-2696
36
4869
-1044
-10359
-7989
1373
2375
-4552
-5606
2601
5190
-3172
-10279
-5119
2890
-243
-6011
-2102
8681
10648
4691
4272
11244
13349
4221
-2885
-1121
617
-5373
-11687
-8586
-1850
-1197
-4644
-2420
5424
8783
4267
350
2376
4059
-439
-5758
-4836
-1305
-2593
-6702
-5387
446
2311
-1068
-2823
-23
1356
-2393
-6433
-6807
-5424
-7410
-10432
-9395
-5009
-3239
-3801
-3150
7020
19865
23158
19638
14799
17827
15880
5705
-7109
-10634
-6736
-12541
-21043
-21486
-9326
806
-1644
-2908
4619
13735
10612
841
1283
9585
9256
-1513
-6575
3238
12251
8336
1319
4679
13055
8861
-3910
-7803
-2796
-4113
-17084
-24524
-15902
-5490
-6072
-10311
-2820
10907
14141
8113
7243
14717
15828
4506
-4559
-1479
3893
-992
-9157
-6241
3001
4136
-2949
-5034
1615
3566
-4705
-11863
-7987
725
122
-4209
-297
9940
13885
8277
6513
11071
12604
4121
-4736
-4278
-2516
-6838
-12297
-9251
-1451
573
-1712
62
6841
9962
5564
899
1225
2007
-1701
-6582
-5923
-2540
-2576
-5428
-4729
518
2728
-284
-2899
-1572
-664
-3896
-7550
-7559
-6115
-6966
-8873
-7507
-3629
-1995
-2327
-148
12021
21479
22306
16099
13625
17039
12200
418
-10548
-8700
-7006
-15049
-21687
-17081
-3251
1342
-2800
-1209
8429
13641
5953
-977
4372
11090
5931
-4311
-3218
8531
12335
5257
1224
7995
12276
2987
-7465
-6753
-2469
-8412
-20811
-21456
-10251
-3511
-7164
-7953
3127
13479
11875
6354
8981
15304
11309
-354
-4630
949
3202
-4016
-8838
-2708
4279
1683
-4905
-3687
2319
410
-8336
-11327
-3154
3109
-257
-2754
4242
13166
11965
5868
6387
11241
8653
-1550
-6501
-3675
-3158
-8344
-10731
-4925
1210
841
-1121
2384
8366
8136
2222
-912
792
1025
-3408
-6519
-4039
-1000
-2579
-5195
-2763
1865
1720
-2240
-3713
-1683
-1733
-5544
-8572
-7518
-6198
-7416
-8685
-6354
-2824
-1631
-1845
7328
19391
23891
18814
12922
16232
15123
4987
-9272
-11130
-6516
-12006
-20777
-20729
-6938
2540
-989
-2882
5356
14462
9604
-744
963
9905
8844
-2322
-6022
5427
13627
8209
871
5246
13003
6883
-6129
-9164
-3697
-5614
-18466
-23740
-13729
-3293
-4657
-8476
-75
12836
14734
7954
6957
13698
13535
2279
-5840
-2017
3270
-1412
-8704
-5286
3471
4201
-3050
-5281
448
1978
-5097
-10234
-4192
2320
195
-3590
1436
10587
11302
5848
4854
9718
9116
771
-5014
-3666
-1891
-5770
-9195
-5791
169
1206
-1187
584
5756
6880
2155
-1522
30
1363
-2059
-5853
-4667
-1330
-1819
-4495
-3400
536
1527
-1908
-3927
-2443
-1811
-5209
-8494
-7732
-5665
-6354
-7900
-7106
-2747
-1466
3540
14671
22616
23096
14691
14427
15478
10076
-4466
-13823
-9145
-9761
-17719
-23176
-13396
1882
2819
-2098
1409
12841
14521
3046
-2076
6182
10906
1788
-8350
-961
12514
12491
2651
1244
11438
12236
-1405
-10822
-6847
-3082
-13618
-25185
-19563
-5414
-1422
-7586
-4911
9641
17378
11357
5194
10366
15419
6922
-5425
-5953
2033
2073
-6802
-8201
1105
6596
324
-6353
-2354
3858
548
-7865
-8046
-926
1185
-3297
-2887
5480
11437
8297
4041
7159
10739
6083
-2424
-4488
-1207
-2355
-7649
-8463
-2440
1806
-180
-1665
2178
6061
3722
-1193
-1541
1063
-130
-4866
-6284
-2837
-828
-3176
-4756
-1534
1891
231
-3337
-3625
-2059
-3539
-7733
-9000
-6720
-5266
-7285
-8314
-4986
55
11208
18521
22792
19953
16113
16324
11985
3583
-9330
-11293
-10100
-15168
-20976
-19492
-5597
3348
1499
319
7050
14436
9404
-306
863
7946
6316
-4256
-6947
5444
14307
9732
1924
6038
13543
7215
-6263
-10389
-5517
-7557
-20539
-25216
-13907
-1760
-2625
-6900
1506
14877
16568
8139
5551
12176
12145
307
-8322
-3538
3736
-195
-7596
-3930
5753
6659
-2307
-6015
-233
2829
-3940
-9543
-5456
1364
378
-3275
1096
9340
11400
5754
4051
7965
8195
1001
-5846
-4435
-1454
-3623
-7308
-5065
1282
2931
300
262
4107
5130
196
-3770
-2466
-398
-2428
-6095
-4964
-1325
-657
-2834
-2598
925
1834
-1585
-4645
-4261
-3816
-6285
-9033
-8415
-5787
-5619
-7231
-6038
-2025
9965
18827
22591
19688
15728
16940
12716
4190
-8662
-10901
-8630
-13706
-20271
-20002
-6608
3583
2000
-214
5433
13503
9815
-411
-429
7436
7847
-2310
-7262
4070
14845
12024
2948
4475
12500
8349
-5464
-11873
-7142
-6218
-17813
-24843
-15533
-1702
-12
-5609
-409
12975
17164
9078
3550
8962
11716
2189
-7918
-5199
3721
2897
-5038
-4462
4910
8062
-304
-7181
-1609
4002
-2079
-11098
-9285
351
1172
-3693
-1883
8539
13707
7324
3451
7492
10377
3490
-5354
-4812
-832
-2399
-7460
-6400
872
3756
47
-1749
2266
5434
1135
-4289
-3945
-676
-1796
-6572
-6085
-1175
678
-2505
-3513
552
2907
-908
-5528
-5598
-3758
-5488
-9222
-9129
-4941
-4376
-6193
-7005
1587
16922
22551
21577
14757
16799
16857
8514
-4636
-12900
-8138
-9763
-18048
-22276
-13596
1482
4028
175
2285
11021
13364
3435
-3175
3169
8951
3416
-6623
-2873
10831
15358
8119
2590
8765
11974
1312
-10719
-11773
-6850
-11481
-22875
-22195
-8527
1884
-708
-3317
6143
16655
14951
5741
4071
9634
7537
-3456
-9059
-2260
4869
912
-4905
-692
7403
6197
-3386
-5204
1348
2224
-6693
-12484
-6008
911
-1068
-4154
2186
11947
11576
5055
4496
9287
8198
-728
-6047
-3431
-929
-4265
-7420
-3117
3004
2737
-1359
-1073
3591
3905
-1815
-5555
-3224
-952
-3966
-7321
-4699
-27
-163
-3348
-2654
901
625
-4082
-6676
-4693
-3709
-6760
-9308
-7116
-4496
-4922
-6017
7453
21065
26128
18514
12797
17901
15940
3557
-13694
-13276
-7172
-13388
-23632
-22437
-4280
6982
2431
-1220
7231
16818
10183
-3423
-2284
8266
8212
-4134
-8802
5291
17274
13075
2881
5322
14070
8444
-7609
-14279
-8712
-7538
-19745
-26808
-16081
-600
1915
-3824
1049
14407
18534
9784
3070
7442
10274
1112
-9317
-6994
2857
4191
-3042
-3358
4934
8913
1405
-3972
-829
2723
-3576
-12121
-10261
-2939
-787
-4292
-698
8743
12950
8881
5222
8455
10174
4211
-3887
-5263
-2281
-3104
-6648
-5503
93
2646
-327
-1905
1722
4337
826
-4850
-5169
-2273
-2737
-5890
-5606
-1723
351
-1761
-2669
-444
783
-2697
-5978
-5542
-3768
-5118
-8393
-8684
-6141
-5553
-2630
10648
22108
25988
17377
14193
17032
14259
-67
-15138
-12445
-8685
-15237
-24535
-19380
-189
7967
2451
-275
9644
16849
7033
-5340
-1306
8747
6125
-6963
-7168
9103
18976
11622
2067
7483
14709
5520
-10803
-14771
-7912
-9656
-22859
-26145
-11827
2746
1758
-3621
4133
17060
17612
6689
1891
7807
8708
-2195
-10625
-4732
5400
4017
-3226
-1331
7631
8717
-1331
-5548
-281
2303
-6327
-14115
-9035
-728
-488
-4517
893
11518
13435
6931
3969
8670
9576
1588
-5735
-4559
-683
-2683
-6641
-3950
2354
3254
-1569
-3053
1307
3124
-1790
-6947
-5524
-1695
-2860
-6183
-4692
291
1577
-1762
-2701
472
1251
-3435
-8410
-7215
-5074
-6351
-9705
-10170
-5925
-3364
8067
18541
26445
23096
16248
17777
15963
5897
-12194
-17029
-11563
-14282
-22778
-24167
-7593
7940
6405
1135
6676
16790
12765
-2420
-5042
4816
7642
-3513
-10359
3305
18751
17079
5647
5337
14705
11078
-6288
-16435
-12255
-8968
-20180
-28711
-18311
-482
4339
-1942
1211
15024
20530
11112
1637
4563
8813
1003
-9841
-8125
3078
6463
-308
-1744
6393
10877
4909
-3234
-2796
-324
-6170
-14112
-14061
-5616
-1848
-2774
298
8750
14575
11064
6602
7692
9360
4409
-4252
-6601
-3570
-2569
-4685
-4223
798
3656
1013
-1322
524
2696
-1022
-6718
-7601
-4673
-3773
-6007
-6220
-2405
387
-405
-1987
-354
1012
-1696
-5663
-5800
-3209
-3837
-8123
-10522
-8633
-1716
10840
18285
23434
19728
17425
16058
11014
657
-11399
-11627
-11395
-16144
-21488
-17838
-3114
5444
4875
4100
9783
13895
6682
-2377
-386
5374
3318
-5724
-5770
6826
15677
12624
5959
8438
12268
4533
-8141
-12733
-9717
-11675
-21211
-22924
-11540
771
2100
-539
5570
14754
15087
6985
2547
5372
4970
-2872
-8558
-3882
3923
4050
123
2008
7653
7410
2154
-1760
-451
-1818
-7988
-12268
-9965
-4387
-3568
-2056
3201
9775
11600
8013
6529
7554
6933
1576
-3863
-4287
-2825
-3176
-3847
-1575
2015
2146
-512
-1187
641
1083
-2895
-6391
-6153
-4613
-4962
-6079
-4697
-1793
-620
-1671
-1715
-281
197
-2504
-4765
-5082
-4516
-6913
-9949
-10930
-4578
11134
20155
23914
18676
18363
19095
13049
217
-12768
-11835
-11707
-18346
-24261
-18661
-2191
6054
4354
4231
11555
15822
7253
-3014
-617
5504
2723
-7018
-6573
7117
16383
13055
6686
9630
13715
5394
-8215
-13370
-10616
-12778
-22774
-24619
-12810
468
2738
322
6371
15740
16260
8023
2946
5085
4500
-3540
-9364
-4874
3637
4608
1079
2580
8251
8262
1712
-2057
-1170
-1773
-8812
-13343
-10543
-4392
-2765
-2390
3556
10690
12761
8819
6355
7460
6404
996
-4563
-4872
-2712
-2785
-3609
-1212
2502
2963
28
-1240
272
432
-3192
-6905
-6519
-4318
-4062
-4880
-3851
-1492
-695
-1907
-1931
-776
-613
-3351
-5508
-5143
-4802
-6403
-9532
-10071
-6308
7956
18502
24158
20752
17510
18527
13943
3381
-11037
-12773
-10719
-15362
-22098
-20551
-5682
5643
5546
3508
8489
14354
8685
-2517
-2916
4112
4633
-3984
-7105
4617
16286
15424
7730
7884
12808
7634
-6152
-13735
-11656
-11015
-19735
-24546
-15215
-1108
3483
198
3655
13257
16122
8812
1968
3336
4862
-1234
-7999
-5363
3313
6089
2219
2055
7162
8569
2525
-2542
-2191
-1764
-7132
-12581
-10864
-4902
-2236
-2371
1998
9205
12108
8845
5705
6437
6439
2150
-3231
-4160
-2011
-1707
-2801
-1308
1955
2558
-455
-2406
-1239
-405
-3156
-6632
-6338
-3848
-3123
-4083
-3518
-1454
-652
-2056
-2475
-1574
-1117
-3323
-5421
-5098
-4234
-5535
-8532
-9056
-7424
5849
16900
23755
21113
16350
17681
14605
6023
-9676
-13507
-10052
-12898
-19967
-21339
-7870
5295
6236
2800
6206
13219
9977
-2045
-4573
3285
6462
-1312
-7168
2657
15905
16936
8467
6221
11430
8617
-5064
-14194
-12570
-9754
-16892
-23642
-16526
-1972
4650
1013
2025
11100
15518
9263
1283
1796
4919
734
-6371
-5351
3321
7667
3914
1901
6175
8240
3938
-2369
-3595
-2957
-6856
-11783
-11929
-5869
-2291
-1381
1966
7889
11758
9403
6162
5850
6194
3147
-2269
-3857
-1982
-953
-1611
-1056
1300
1950
-649
-2767
-2142
-1108
-3433
-6710
-6825
-4306
-3061
-3643
-3113
-1168
-224
-1762
-2557
-1795
-760
-2927
-4799
-5582
-4416
-5929
-8149
-10095
-4914
10643
20116
24479
17722
16619
17369
12964
170
-13393
-12023
-9834
-14862
-21852
-17718
-1557
7376
5091
2874
9142
13719
5513
-5397
-2971
5010
4620
-4712
-5043
8237
18483
14702
6822
8001
11911
4170
-9706
-14911
-11268
-11310
-19894
-22034
-10770
2316
4467
557
4687
13056
13445
5192
-273
2318
3543
-2303
-6697
-1816
6681
7790
3680
3908
7712
7467
1520
-3905
-3644
-4420
-8712
-12359
-9623
-3603
-1439
58
3922
9495
10936
7248
4766
5114
5031
930
-3139
-2667
-298
180
-625
398
2415
1335
-2068
-3799
-2518
-2349
-5444
-7546
-6013
-3125
-2545
-3243
-2361
-324
-287
-1952
-2958
-1654
-1543
-3821
-5564
-5393
-4706
-6603
-8744
-9661
4079
17108
24353
20515
14763
16981
14984
6630
-9683
-13628
-8948
-11069
-18512
-20579
-7032
6380
6934
2409
5079
12623
9560
-3279
-6647
1847
6576
-622
-6723
2630
16316
17642
8508
5629
10679
8420
-5253
-14825
-12861
-9248
-15469
-21976
-14986
-369
6042
1604
1152
9285
13306
6584
-1366
-392
3726
416
-5835
-3884
5563
9928
5562
2978
6593
8098
2097
-4369
-4805
-2553
-5919
-10973
-10298
-3680
-6
-943
1219
6836
10270
6880
2769
3358
5093
3048
-1919
-2485
968
2432
652
5
2037
2189
-1960
-5509
-4948
-2825
-4284
-7506
-6991
-3168
-940
-2085
-2518
-717
379
-2016
-4375
-3956
-2122
-3499
-5753
-6100
-3670
-4085
-6261
-9844
-5298
10366
19668
23681
16148
15155
15903
12210
178
-13202
-11133
-8373
-12569
-19324
-16016
-743
7279
4578
1492
7134
12177
4221
-6589
-3727
5386
6224
-2751
-3615
8805
18733
14353
5455
6036
9882
2504
-11068
-15566
-10722
-9796
-17634
-19652
-8427
4127
5137
-64
2938
10723
10531
2035
-2677
1208
3685
-1520
-5241
420
9273
9323
3950
3122
6627
4445
-2631
-6677
-4134
-2350
-6746
-9500
-6209
210
703
-678
2494
7309
7893
2872
528
2904
4636
1883
-1598
175
3669
3363
878
624
2058
130
-4731
-7104
-5150
-3052
-4905
-6699
-4486
-746
-125
-1954
-2196
-927
-1130
-4185
-5440
-4290
-2694
-4070
-5249
-4105
-2094
-3485
-6192
-9474
-6470
8108
17403
23154
16321
14405
15175
13026
2737
-11622
-11028
-7747
-11043
-18332
-17716
-3002
6487
5083
1153
5939
12247
5866
-5404
-3943
5485
7549
-1812
-4685
6609
17713
14369
4973
4669
9275
3110
-10305
-15339
-10403
-8507
-16525
-19625
-8996
4010
5646
-124
2236
10108
10346
1963
-3019
1005
3862
-1064
-5013
287
9009
9077
3437
2706
6155
4692
-1467
-6174
-4055
-2552
-6153
-9176
-6364
31
654
-213
2112
6549
7664
3054
606
2470
4663
2299
-1371
109
3390
3519
1123
191
1281
-180
-4283
-6728
-5074
-2865
-4417
-6188
-4236
-712
230
-1599
-2430
-1529
-1423
-3775
-5531
-4485
-2904
-3657
-4708
-3292
-2007
-2184
-5796
-7046
-10249
439
11392
20329
20516
13835
14588
13446
9808
-5242
-12999
-9125
-8749
-13193
-18814
-10839
2855
7080
3793
2838
9233
9552
-1061
-6393
-119
6720
2728
-4694
38
12648
17615
10181
4558
7099
6747
-4040
-13500
-13217
-8718
-11748
-18134
-14216
-1647
6196
3154
233
5224
9104
4718
-2188
-2701
1560
1035
-2966
-1876
5746
10579
7239
3755
4840
5227
665
-4194
-5501
-3127
-4562
-7440
-7359
-2835
579
-667
501
3711
6060
4133
394
804
3136
4053
1603
662
3271
4341
2741
972
564
-248
-3786
-7029
-7065
-4365
-3378
-4852
-4431
-1624
357
-237
-1811
-2039
-2165
-3613
-5493
-5429
-3915
-3300
-4558
-3794
-2591
-1605
-3589
-5533
-7788
-9255
3592
13346
22611
17843
13210
14032
13355
6593
-9734
-12520
-7810
-8331
-14311
-17938
-6095
5505
6651
2157
3213
9729
6595
-4614
-6202
1989
7184
681
-4294
3782
16106
16960
7877
3976
7066
4001
-7773
-14790
-12011
-8108
-12630
-17234
-10149
2360
6955
1766
-128
5295
7168
1389
-4493
-2880
1857
757
-2003
909
8794
11292
6477
3270
4096
3163
-3251
-7297
-6156
-2090
-3005
-5541
-4368
119
2222
-690
-570
2379
3754
1155
-2057
-272
3448
4766
2903
2578
5359
5819
2917
232
-578
-1693
-5343
-8246
-7372
-3815
-2138
-3028
-2525
-21
1090
-555
-2958
-3660
-3775
-5042
-6480
-5774
-3109
-1717
-2280
-2263
-1076
-1145
-2813
-6867
-8423
-12796
-2847
9099
19984
21239
14381
15312
14704
11217
-4571
-13601
-9460
-8615
-12795
-18570
-10908
3607
8218
4759
2823
8473
9197
-1603
-7915
-2336
5171
2654
-4336
-22
13077
18998
11901
4734
5731
5752
-4180
-13928
-14428
-9456
-10230
-15549
-12290
-181
8031
5091
-211
2357
5859
2452
-4335
-5941
-854
1746
-156
510
6874
12362
9878
4315
2514
2323
-1981
-9070
-9717
-4588
-391
-1697
-2905
758
4563
3692
-437
-872
1024
190
-3222
-4133
461
4890
5372
4036
5193
7519
6140
1539
-1846
-2706
-4131
-7408
-8887
-6046
-1586
-44
-803
-115
1668
1479
-2052
-5295
-5796
-5199
-5802
-6231
-4511
-1010
193
-302
-1593
-101
-1206
-3794
-8568
-10082
-12520
-11123
3166
14843
25575
19575
15592
14822
13800
4453
-12360
-14530
-10486
-10466
-14585
-14772
-1178
9562
9935
4854
4752
8237
2261
-8550
-9181
-1463
3605
-364
-1327
7962
18979
18159
9354
3967
3921
-1223
-11314
-15928
-13081
-9172
-10526
-10980
-3133
6472
8741
3132
-485
833
11
-3974
-7029
-4723
319
2207
3390
6755
11701
11957
7131
2372
-497
-3604
-7963
-11916
-9621
-2582
2622
4249
4002
5536
5295
2357
-1805
-4778
-4648
-4850
-4710
-2075
2742
6950
7950
7794
7465
6320
3523
-1195
-5050
-6427
-6740
-6615
-5484
-2546
576
2259
2499
1618
103
-2077
-5285
-7496
-7831
-6561
-4900
-3139
-998
1091
2271
1791
-181
-2860
-4678
-7642
-9035
-11257
-10886
-13662
-2423
12768
24929
26094
16525
13928
11257
6607
-8676
-18251
-12788
-8428
-8537
-10990
-3470
9766
12915
7041
939
2258
1525
-8183
-13601
-6942
3186
5541
2741
6423
16465
20398
12532
2977
-387
-2152
-9727
-15687
-13649
-7218
-4381
-5860
-3171
4469
8260
3709
-3532
-5062
-4091
-5698
-7057
-4775
1306
5620
6586
8073
10839
11380
6317
-166
-3591
-5535
-8115
-10133
-8605
-3105
4055
7106
7565
6498
4321
498
-4325
-6549
-7572
-6388
-4164
-961
4314
7999
9296
8077
6496
4578
873
-2697
-5408
-6413
-5515
-3975
-1762
768
2553
2710
1733
498
-1454
-4143
-6522
-7800
-7324
-5407
-3209
-834
1115
2396
1746
409
-1731
-4254
-6779
-8073
-8271
-7548
-6602
-6496
-6104
-7209
5293
16094
24180
18912
9042
7213
5911
2688
-9450
-13041
-5437
-1881
-2972
-6385
-236
7927
6656
-409
-4656
-1657
-1563
-8067
-8261
583
9165
8624
4697
7137
13983
13446
4740
-2476
-3070
-3164
-8119
-9979
-5703
-719
-1231
-5064
-3218
2107
2632
-3108
-8207
-6318
-3263
-3047
-2298
1135
6145
7248
5458
5204
6520
5464
375
-3708
-3942
-2985
-3849
-4492
-2834
2407
5920
4902
3035
1165
-71
-3448
-5843
-5327
-3377
-727
316
2517
5885
7288
6016
3021
1454
283
-1329
-2553
-2930
-1712
-152
379
630
1223
1190
-348
-2410
-3651
-4253
-4525
-4478
-4231
-2870
-1440
-622
-191
48
172
-715
-2372
-3804
-4955
-5174
-4577
-4537
-4045
-3989
-4000
-5435
-6692
-10604
-1072
10585
20136
18098
9461
8693
8340
6423
-4613
-10331
-4530
-2055
-3895
-7646
-2549
5794
5278
95
-2854
293
623
-6275
-7966
-458
7238
6240
2428
4830
11783
12468
5504
-121
-514
-617
-6051
-9003
-4929
-440
-1145
-5366
-4378
838
2132
-2136
-6903
-5910
-3150
-3208
-2797
298
4741
5991
4354
4034
5445
5215
1351
-2571
-2981
-1638
-2023
-2494
-1681
2434
5228
4624
2726
424
-1121
-4022
-5973
-5271
-2894
-242
1002
2793
5138
6036
4822
2179
517
-63
-717
-1274
-1093
79
1163
1167
773
591
105
-1355
-3349
-4353
-4174
-3785
-3385
-2867
-1791
-761
-581
-709
-854
-1010
-2251
-3401
-4586
-4564
-4084
-2966
-2558
-1697
-2253
-2918
-5133
-6368
-10257
-10035
2803
12982
21021
14641
9955
9984
9299
3353
-8930
-9753
-4181
-2958
-4436
-5303
2433
6959
4012
-1269
-2285
192
-2862
-8410
-6223
2145
7234
5530
4736
8487
12810
9165
2224
-1350
-1401
-3113
-7418
-6703
-2002
313
-1429
-4068
-1767
755
-1177
-5830
-8484
-5989
-3612
-2436
150
3603
6327
5841
4355
4051
4058
2075
-1103
-2919
-1934
-818
-711
-234
1335
3652
4295
2839
471
-2026
-3918
-5315
-5145
-2977
-463
1704
3027
4212
4870
3954
1930
87
-603
-489
-149
419
1465
2224
2258
1344
183
-1103
-2470
-3629
-4193
-3692
-2756
-2046
-1419
-820
-587
-841
-1864
-2529
-2788
-2828
-2851
-3134
-2823
-2362
-1989
-1886
-1622
-1823
-2163
-4878
-5960
-8251
-7699
-11035
-3633
8842
18956
21268
11822
8111
6877
5041
-3878
-11793
-7034
-1558
-283
-2146
198
7044
6981
566
-5270
-4490
-2829
-6374
-7671
-889
8316
10150
7071
6131
9085
9160
2306
-3666
-4613
-2847
-3612
-4810
-1305
2708
2604
-1364
-4339
-3184
-3182
-5965
-8563
-7330
-2866
72
1912
4126
6267
6121
3196
304
-242
-53
-946
-1953
-1148
1266
2967
3396
3584
4055
3533
678
-2773
-4543
-4734
-4263
-3501
-1570
1369
3425
3494
2404
1600
1042
39
-923
-578
847
2313
2968
3222
3056
1958
-102
-2399
-3458
-3388
-3018
-2728
-2065
-977
-72
-46
-731
-1789
-2969
-3985
-4389
-3606
-2220
-1040
-913
-795
-1025
-1045
-2101
-2553
-4139
-4481
-5982
-5777
-6477
-5644
-8309
-5594
7103
16104
20799
11769
5524
4417
3982
-1065
-9240
-6622
428
2499
900
-497
3910
4901
-106
-5771
-5940
-3068
-3578
-4848
-44
8154
10766
6713
3155
3898
5622
1915
-2767
-3629
-1406
237
-458
367
2567
1695
-2261
-6350
-6302
-4667
-4875
-5582
-4799
-1219
2025
2762
2659
2432
2094
659
-1261
-1769
-546
841
1840
2202
2916
3156
2169
969
797
1335
898
-854
-2405
-2445
-1551
-675
-696
-493
239
618
477
248
351
629
868
1376
2001
2667
2902
2297
1293
313
-593
-1434
-2098
-2126
-1490
-815
-485
-923
-1355
-1519
-1920
-2417
-3156
-3521
-3103
-2121
-1055
-420
-339
-1210
-2189
-3476
-3504
-3714
-3034
-3588
-2832
-3672
-3434
-5429
-5650
-9631
-5353
6289
14725
18203
9484
5112
4840
5230
-19
-7340
-4706
925
2750
919
-287
2880
3172
-939
-5454
-4642
-2463
-3042
-3533
851
7632
8723
5003
1492
2434
4475
2147
-1017
-1914
-417
1027
955
1213
1511
-298
-3787
-6377
-5725
-3774
-3545
-3978
-3466
-1177
1541
2182
1216
29
-317
-108
-408
-127
676
1778
2633
2831
2643
1957
671
-1281
-479
1197
3218
2279
94
-1219
-1461
-678
-1384
-1908
-1449
-589
644
920
1096
1119
1125
1437
1755
2249
2216
1558
830
574
514
170
-580
-1277
-1077
-590
-192
-519
-1358
-2168
-2614
-2598
-2613
-2675
-2830
-2683
-1699
-621
-356
-1121
-2509
-3499
-3580
-2995
-2561
-2217
-2602
-2625
-3342
-3807
-5654
-6381
-9966
-2006
8611
16350
16107
7654
4657
4307
3349
-2934
-7387
-2685
1937
3423
2191
2282
3006
1037
-3153
-5591
-3897
-3072
-2981
-1357
4018
8584
7409
4482
1387
1365
1812
466
-558
-871
358
1801
2571
2265
370
-2471
-5288
-6307
-5402
-3276
-2487
-2494
-1902
-314
1923
1789
-78
-1818
-1990
-813
-40
1047
2255
3008
3151
2568
2022
875
-531
-1843
62
2245
3166
2248
254
-351
-803
-1020
-2097
-2476
-1520
-693
496
1274
1579
1516
1280
1233
1486
2084
1820
1105
705
1071
1291
696
-85
-1003
-997
-884
-1028
-1387
-1844
-1998
-2206
-2062
-2043
-2136
-2395
-2337
-1740
-979
-961
-1847
-2688
-2803
-2605
-1876
-1886
-1632
-2059
-2456
-2872
-3710
-4144
-5590
-6146
-8442
1121
9832
15586
12273
5106
3087
2894
1774
-3689
-4914
7
3471
4456
3011
2919
671
-1954
-4224
-4349
-2301
-2335
-1003
2061
6319
7703
4359
1793
-795
-772
-210
369
1148
1184
1559
2413
3019
1527
-1811
-4909
-6299
-5311
-3604
-1512
-619
-754
-662
-235
721
181
-1670
-2720
-2179
-151
1482
2634
2849
2469
1881
1334
362
-710
-1278
-344
2309
3946
4001
2021
110
-1097
-1759
-2181
-2353
-1773
-704
804
2007
2333
1638
450
-79
97
855
1293
1205
1323
1407
1620
1044
164
-762
-1404
-1296
-955
-535
-622
-1110
-1474
-1574
-1456
-1639
-2317
-2609
-2400
-1586
-953
-881
-1299
-1865
-2167
-2084
-2046
-2241
-2730
-2853
-2691
-2392
-2592
-2984
-3418
-4048
-4776
-6462
925
8208
12537
9814
4559
3313
2922
1331
-2598
-2655
1388
3407
3242
2295
2332
-256
-2810
-3543
-2507
-908
-1561
-383
2874
5758
5428
1880
427
-190
-75
357
1192
1926
1482
1045
1467
1561
51
-3019
-4783
-4587
-2704
-1099
-67
200
-537
-946
-1206
-1132
-1378
-2142
-1978
-766
987
2302
2520
1906
763
99
-344
-621
-1073
-181
2626
4894
5324
3537
1051
-893
-1746
-2142
-2308
-1694
-500
612
1472
1774
931
-438
-1047
-617
283
1228
1578
1654
1763
1766
1057
81
-602
-852
-551
57
437
285
-342
-1041
-1357
-1579
-1852
-2172
-2269
-1958
-1273
-738
-798
-1198
-1847
-2293
-2183
-1926
-1810
-1939
-1817
-1671
-1350
-1593
-2032
-2735
-3093
-3565
-3777
-4999
-3561
2728
8508
10009
6565
3197
2108
1621
-213
-2054
-643
2132
3317
3275
3039
2225
-524
-2549
-2320
-1329
-733
-636
1254
3762
4677
3119
801
-277
-603
-302
614
1667
1888
1326
1360
1640
1079
-849
-2842
-3442
-2829
-1252
-70
351
-17
-916
-1410
-1216
-1131
-1343
-1695
-1184
-12
1175
1642
1286
575
154
142
81
-71
53
1714
3503
4217
3339
1697
147
-876
-1304
-1284
-944
-394
292
752
1031
598
-431
-980
-652
231
1061
1596
1876
1867
1615
987
151
-467
-577
-287
144
486
522
187
-479
-999
-1343
-1589
-1757
-1820
-1626
-1079
-579
-534
-844
-1225
-1446
-1559
-1626
-1684
-1789
-1756
-1632
-1536
-1473
-1723
-1981
-2090
-2060
-2089
-2548
-3272
-4201
-1884
2547
6831
7310
4785
2144
1174
1416
560
-226
363
1638
3329
3402
2609
742
-1216
-1705
-1251
-277
-35
417
1603
2713
3204
1857
376
-882
-859
297
1554
2255
1859
1184
1077
1035
388
-1150
-2427
-2646
-1721
-395
568
720
72
-662
-957
-984
-1011
-1333
-1627
-1373
-374
776
1307
806
78
-372
-75
-2
-114
-162
613
2128
3345
3446
2141
488
-715
-847
-454
-312
-300
-215
511
1184
907
-175
-1185
-1160
-351
483
826
775
746
689
721
490
29
-522
-647
-216
169
231
-265
-872
-1077
-1099
-1082
-1267
-1373
-1218
-977
-758
-747
-791
-874
-871
-675
-379
-77
96
36
-101
-300
-242
-78
14
-55
-186
-193
-52
-95
-365
-589
-893
-868
-494
573
1707
2373
2197
1221
426
-34
-101
74
218
294
544
893
1029
786
355
-152
-431
-351
13
514
817
940
878
923
867
500
111
-85
0
82
218
414
625
655
285
141
152
127
-71
-157
73
315
391
276
208
148
144
37
-97
-103
-88
14
121
273
331
167
-193
-403
-324
-266
-223
-191
73
500
740
622
316
84
-115
-109
178
397
377
268
246
372
371
145
-85
-213
-73
181
367
267
104
33
64
95
-40
-55
-12
101
269
426
460
164
-87
-84
46
120
53
59
112
276
276
-3
-383
-610
-492
-404
-369
-367
-299
-335
-425
-367
-337
-313
-357
-295
-186
-159
-270
-330
-402
-583
-610
-624
-629
-520
-276
146
363
266
-85
-432
-486
-238
119
318
301
344
536
699
683
483
305
168
238
580
808
851
780
653
678
582
490
303
176
94
195
516
587
602
464
279
257
123
6
-127
-134
-12
175
316
225
214
121
39
-115
-246
-180
-113
16
193
279
304
48
-299
-291
-153
-69
-29
90
323
382
254
12
-160
13
20
-97
-59
11
158
169
140
183
266
170
61
234
464
482
248
57
58
178
210
183
203
223
345
222
91
-69
-158
-199
-154
50
188
206
89
77
1
-80
-207
-244
-125
-5
-19
-32
-82
-33
-54
-222
-340
-362
-334
-398
-428
-370
-323
-449
-688
-717
-585
-452
-435
-457
-251
33
299
340
114
-30
-226
-186
41
283
485
450
403
389
451
389
190
24
-96
-24
292
556
662
720
753
719
581
431
357
270
285
386
504
641
644
584
487
317
47
-58
-58
-20
146
260
210
122
-8
21
89
-3
1
1
2
78
137
116
84
-51
-149
-211
-151
-129
-4
234
232
56
-105
-224
-344
-158
185
413
398
270
166
63
33
-35
-199
-260
-112
155
391
436
289
185
108
73
44
-4
-47
-53
169
327
344
281
235
310
310
149
72
103
7
-94
-96
-123
-188
-275
-243
-181
-103
-132
-238
-197
-148
-174
-237
-263
-227
-73
-45
-101
-17
46
-82
-238
-247
-285
-426
-535
-583
-507
-335
-121
-32
1
-142
-353
-438
-446
-280
-66
160
210
271
430
562
600
470
392
318
394
569
827
971
791
686
530
479
492
512
433
357
458
591
540
339
270
272
202
89
129
294
339
293
330
340
130
23
-24
92
187
119
-23
-76
26
44
-63
-178
-172
-240
-284
-239
-69
-6
-1
35
201
326
201
-12
-257
-254
-12
160
137
161
190
196
142
120
84
4
-14
0
173
373
338
202
187
228
279
228
158
170
372
524
492
330
199
127
216
265
218
241
208
188
202
194
85
-163
-345
-347
-349
-253
-181
-206
-278
-352
-386
-433
-420
-381
-469
-438
-353
-289
-214
-267
-183
-15
-8
-129
-304
-264
-122
-3
37
242
350
364
369
265
252
249
331
292
177
205
268
199
165
240
256
174
52
150
357
415
265
124
193
263
250
272
276
335
361
324
328
272
317
153
-25
-63
-35
36
13
48
137
150
116
46
8
-76
-188
-134
-162
-56
96
166
168
157
57
-91
-155
-198
-131
-95
-21
-29
-13
106
282
503
469
241
120
164
241
356
468
409
473
554
539
508
444
346
240
285
365
451
454
386
338
300
342
344
255
211
201
303
378
379
250
179
131
123
150
87
60
75
71
61
-18
-119
-163
-172
-110
-136
-124
-120
-185
-181
-120
-148
-212
-231
-236
-148
-123
-152
-310
-367
-420
-447
-332
-298
-203
-166
-151
-157
-201
-232
-182
-140
-28
18
16
43
94
211
318
315
171
131
316
445
387
312
294
245
198
339
412
408
355
358
482
535
553
450
337
268
267
323
308
300
309
338
236
175
148
167
132
8
80
174
112
28
82
132
143
47
-42
-134
-216
-45
2
22
99
154
159
54
-6
-59
-61
-80
-35
76
191
275
455
476
410
329
192
211
253
285
254
275
385
438
471
354
234
175
220
252
246
276
309
333
357
327
307
285
203
131
181
247
173
123
103
153
251
243
191
99
110
116
86
93
33
-31
-90
-75
-41
-47
-121
-146
-122
-115
-111
-73
-62
-166
-142
-46
34
-9
-85
-159
-30
101
107
33
-42
-33
-55
-71
-168
-193
-161
-10
70
179
160
30
-31
-21
166
224
202
257
324
427
514
510
454
386
310
303
407
508
452
322
369
459
435
293
177
164
254
326
326
295
224
190
117
123
152
134
90
30
174
294
287
136
95
205
171
94
-39
-46
16
25
105
155
131
136
101
76
111
139
62
72
89
111
166
149
264
350
407
413
282
154
196
262
297
269
283
380
463
498
498
495
424
304
278
322
399
356
327
317
401
369
230
132
100
200
142
191
171
108
92
58
121
227
248
214
152
180
210
202
136
118
137
7
-58
-174
-203
-138
-128
-53
-3
59
74
84
17
-71
-118
-107
-26
26
149
186
184
51
37
-32
-118
-147
-137
-67
51
220
272
290
224
129
115
104
261
353
343
212
229
402
462
430
386
411
430
488
496
555
515
426
309
353
414
383
356
372
397
397
348
312
232
261
311
285
278
236
237
162
189
266
330
197
202
230
193
163
201
237
209
262
210
285
270
180
235
264
273
275
226
140
89
157
231
252
313
471
601
559
377
296
212
212
320
443
357
304
394
512
517
399
235
211
300
369
497
389
282
297
354
357
349
314
248
192
285
357
391
244
121
130
164
230
124
113
74
112
248
299
259
85
9
45
118
257
190
65
-20
150
294
152
66
45
103
105
94
64
98
199
233
224
167
125
81
85
129
172
161
54
61
135
162
122
50
58
123
197
181
200
236
336
341
340
358
287
259
277
360
425
482
425
446
525
566
434
278
329
325
320
361
425
507
464
345
369
460
411
355
347
473
559
583
536
433
448
516
458
290
246
268
290
291
327
400
337
276
216
299
307
223
242
190
248
214
164
56
55
238
363
423
378
359
287
179
197
284
313
287
267
317
376
410
439
344
300
316
305
334
397
443
424
398
386
373
348
253
239
321
371
308
264
304
296
302
191
213
277
313
284
314
335
325
285
187
206
169
154
106
90
132
219
221
191
185
198
137
70
16
42
91
87
107
105
129
125
63
56
45
74
117
83
131
139
143
114
35
8
-89
-118
-8
167
304
260
221
259
212
220
193
230
268
261
348
382
416
444
433
351
287
330
305
422
480
498
557
538
509
446
350
289
303
296
360
354
342
377
387
410
375
241
244
279
220
214
221
219
231
242
229
144
101
123
178
154
96
179
169
146
142
131
171
220
237
275
295
331
268
136
107
119
125
205
274
351
321
281
301
275
273
205
236
384
368
324
408
408
402
344
270
290
256
161
203
287
435
386
266
206
163
225
184
157
193
317
336
239
159
191
277
271
223
240
226
159
178
189
194
202
152
117
96
138
142
132
138
70
128
183
161
140
79
92
130
178
165
110
130
208
198
140
88
10
33
146
149
183
207
257
243
232
265
267
210
140
256
256
336
406
367
352
354
451
336
317
366
333
337
438
466
464
471
377
384
325
316
274
310
371
372
444
409
340
286
318
357
287
262
245
229
295
302
288
285
152
163
242
231
224
158
149
128
224
262
181
166
166
243
319
297
272
276
256
346
349
272
226
125
207
329
320
362
361
375
392
401
361
252
252
289
333
318
299
242
306
291
297
290
244
255
129
186
204
164
233
175
167
229
210
186
160
123
134
128
162
169
156
199
192
166
171
106
72
111
119
148
118
99
159
182
146
121
124
160
162
210
227
198
131
129
144
83
117
125
146
155
276
307
244
75
-13
55
41
92
128
175
229
182
178
205
166
126
60
131
123
165
234
246
296
302
317
330
270
312
297
273
315
370
382
352
382
389
402
329
304
282
318
270
251
277
280
316
291
331
415
413
332
299
323
294
283
263
269
263
205
186
240
302
264
228
242
216
271
353
310
305
331
331
406
402
353
294
274
296
336
293
260
323
318
349
376
360
355
342
323
304
242
209
110
140
178
225
262
249
239
252
288
225
183
143
96
100
160
115
143
180
171
196
210
202
151
102
87
98
121
104
114
152
192
181
168
174
115
140
175
185
112
122
120
84
136
99
117
141
116
101
66
-12
28
44
107
150
141
116
120
102
76
76
35
56
63
57
30
-62
-16
27
43
39
80
151
157
137
120
128
167
212
181
153
229
232
236
246
273
290
232
219
231
274
298
337
391
374
401
326
312
311
314
271
256
279
241
201
233
268
264
306
291
339
319
256
252
234
201
183
272
217
193
225
242
323
281
250
225
219
254
221
203
188
209
265
276
244
261
196
170
211
272
239
253
246
187
229
231
237
225
206
133
127
95
107
128
157
100
145
177
193
220
116
85
-7
50
72
76
129
159
166
90
68
99
75
88
73
42
11
27
48
108
61
55
85
36
22
1
9
51
72
47
37
14
36
48
34
106
182
161
144
101
100
38
3
72
108
123
122
135
142
130
133
139
61
33
59
54
81
98
136
178
172
127
110
93
65
60
57
104
114
130
122
100
168
156
179
168
147
131
142
179
133
229
261
278
289
216
177
152
134
248
237
172
217
204
181
225
229
228
198
142
151
164
189
203
154
167
192
207
211
187
181
159
115
99
58
72
196
219
207
187
178
175
165
144
194
219
212
229
272
185
162
195
189
240
219
236
257
254
209
196
134
137
101
36
73
84
101
112
96
102
172
137
132
135
85
113
161
113
116
102
53
114
64
69
51
35
10
-45
15
-31
-4
-1
-47
-50
-51
-47
-9
-11
-25
-23
-59
-10
-27
-74
-121
-63
-7
-24
28
20
35
-45
-48
-79
-61
-32
-76
-96
-80
-46
-68
-88
-101
-120
-118
-62
-98
-98
-147
-137
-108
-147
-85
-74
-48
1
-44
-13
62
97
98
55
64
98
141
106
224
190
