-39
-2
-32
14
30
25
-9
-38
-27
-118
-99
-101
-107
-56
-29
-9
45
19
-1
24
-35
5
1
-62
-36
-18
-38
-3
-70
-63
-54
-73
-130
-102
-43
-85
-62
-44
23
14
-36
-28
-14
-41
2
7
-2
-6
62
112
51
82
91
8
-62
-83
-49
-62
-63
-44
-22
26
28
30
-13
12
-26
9
82
69
67
19
-61
-107
-49
37
91
150
190
131
112
145
142
79
57
17
-8
22
50
37
-12
-37
9
-12
-6
-86
-70
-31
21
9
0
87
24
11
18
19
-55
-91
-74
-53
-58
-55
-67
-40
-45
-30
-20
-51
-20
47
-10
-18
-51
-74
-76
-21
-17
4
19
64
110
95
62
8
59
34
-62
-67
-100
-51
-13
4
26
-34
10
-51
-48
-16
6
-1
-3
-28
27
82
51
13
-74
-84
23
0
-52
-81
58
151
66
21
-60
-113
-32
21
-2
66
150
152
-5
-108
-70
-94
-160
-204
-134
-28
16
106
60
21
39
16
1
4
42
93
88
139
117
87
0
9
40
-6
22
-28
17
-34
4
82
85
44
-18
-88
-48
-26
-49
-20
-40
4
38
20
42
16
-57
-66
21
28
15
38
60
50
9
-8
23
47
105
168
114
91
6
-1
53
51
18
-117
-97
-55
23
48
52
-17
-11
-12
-27
-63
-172
-94
-75
-78
-74
4
64
108
43
12
65
11
55
104
69
48
34
16
5
128
137
104
27
-28
-42
2
63
1
13
28
12
3
70
76
58
49
58
-6
7
102
19
12
-9
-4
-14
-11
87
85
-11
8
35
79
84
-18
-70
-32
4
21
90
9
-60
7
40
42
47
14
-6
1
-34
-11
53
89
48
-35
-82
-13
53
14
85
98
26
-18
-11
-46
-103
78
100
92
55
48
-21
-19
52
108
89
59
23
14
40
-2
-7
15
80
81
-46
-97
-51
-16
-29
-38
8
132
143
123
60
-29
-47
-12
10
-69
-53
-23
65
75
124
83
56
46
7
-78
-92
-6
66
72
32
-12
20
92
42
-2
24
31
98
20
-35
-34
-10
103
33
-13
24
-69
-66
-18
15
70
-26
-33
-37
3
56
8
-40
-106
23
48
-14
-36
36
69
82
51
78
84
67
-15
21
15
-62
45
99
101
-4
-74
-101
-17
-25
-13
-5
69
36
-20
-74
-44
54
80
12
-53
26
-14
-5
-11
-57
-25
-22
-61
-59
-105
-148
-140
-34
11
-56
39
164
113
115
84
16
-18
-16
22
9
-48
-50
33
104
79
25
67
64
0
-59
6
-15
47
73
109
124
32
-35
-62
44
142
227
133
8
14
14
-32
-76
-106
-104
-49
32
-42
-129
-87
-77
11
51
21
-76
-14
51
110
57
20
-6
13
31
-66
-65
30
2
26
24
25
156
88
29
57
53
56
40
-94
-72
-14
-20
41
72
124
34
81
122
84
-41
-91
42
26
-22
-1
68
35
-97
-94
28
36
-44
-4
75
62
-34
-131
-89
-13
64
61
-12
-80
-87
-60
73
153
67
10
-4
69
5
0
-71
-27
59
58
-23
-147
-87
-31
-132
-58
37
161
125
-22
-111
-42
67
34
19
46
93
-9
25
48
44
-20
18
-76
-160
16
60
-67
-67
73
22
-46
51
168
224
48
-67
-51
-1
4
-22
11
47
-11
-33
45
87
34
-5
-59
-57
109
134
127
36
-11
37
-26
-57
-22
93
67
2
4
107
147
64
72
65
-30
-115
-13
8
-79
9
17
84
78
76
60
65
-38
26
49
-16
-37
-35
-50
26
13
43
40
73
27
-104
-81
-21
33
23
22
82
99
113
46
-97
-11
21
-29
-52
52
26
117
114
29
-29
6
30
25
55
3
-23
13
13
-24
6
2
75
125
92
19
-37
-80
-11
-63
-116
-103
128
82
12
-35
29
68
-17
3
-121
19
47
30
-4
30
2
-151
-102
65
97
74
45
19
82
40
10
25
94
123
74
41
54
56
-15
57
86
40
37
116
93
47
63
128
93
75
82
25
-35
-53
49
14
-5
56
50
14
94
36
-25
14
64
91
105
155
103
16
156
87
43
29
23
-57
-25
0
100
157
107
41
102
166
142
7
19
68
180
200
105
-13
-113
-81
-48
113
176
124
-18
93
166
167
68
65
78
53
66
32
58
42
135
147
108
100
29
30
153
181
5
14
101
185
147
114
-2
-84
-13
133
81
27
106
74
-7
48
66
104
56
139
181
12
-45
47
154
40
75
-59
42
7
-11
-31
30
58
35
177
109
60
-34
17
54
44
16
137
91
83
97
147
20
-65
-33
0
63
194
141
-105
-58
-7
-31
-18
67
43
39
171
135
47
-71
23
-22
4
81
282
347
201
125
66
-79
-34
76
13
-60
-34
26
39
119
142
122
117
103
38
53
90
23
-12
-16
38
-31
-26
-110
-110
21
196
242
159
-29
-21
49
77
17
95
165
127
8
-97
-19
41
42
80
35
96
159
-33
-107
-3
91
-117
-232
8
222
113
29
65
78
14
20
-6
-27
-64
7
97
109
-12
-72
134
161
-82
-159
73
91
42
31
22
-31
-59
43
20
6
10
-35
-52
36
128
101
47
-59
36
5
112
71
21
-17
52
113
116
128
-23
88
71
119
30
-96
-130
78
128
130
104
43
48
24
76
157
128
-94
-99
-3
117
27
29
-106
-40
111
154
30
28
-9
101
145
107
27
-4
-62
-28
93
-5
-138
-124
-93
6
158
148
116
90
-137
-215
-4
-42
-135
47
84
22
95
180
-22
-83
26
22
-1
-66
0
4
52
-15
-99
-165
-3
47
-92
-271
-102
111
231
124
4
-117
-25
2
40
-55
-10
147
127
95
27
-132
-125
230
244
24
-77
61
-10
-26
90
25
-36
-82
-12
-31
-29
-156
137
312
80
-88
146
136
62
-57
21
33
-83
-82
16
160
-35
-127
-137
44
19
85
191
160
30
-17
84
92
43
95
13
-61
-33
11
20
39
90
92
174
80
-2
-6
38
83
81
53
-72
-57
39
48
-21
-51
86
199
44
84
196
174
55
85
110
-83
-256
-141
233
288
177
261
175
-101
-275
25
43
52
8
167
140
154
82
125
77
-63
-131
-15
70
97
353
221
-168
-98
288
148
-4
69
39
31
162
75
94
161
145
64
81
-49
-182
2
225
126
61
232
152
73
72
-44
15
147
70
-37
-85
102
123
194
44
-40
39
115
144
38
87
42
87
278
253
-58
-40
-3
107
154
94
45
39
3
-87
-72
3
36
171
298
234
13
-123
92
228
149
78
83
-6
105
127
163
133
-63
-37
27
67
-44
76
79
135
98
152
135
76
14
10
9
89
23
-21
56
170
186
144
-22
-50
5
82
17
135
212
89
-50
-14
-52
-84
30
203
128
-12
-127
91
189
419
212
-26
9
-17
71
-34
-209
-45
307
463
332
56
-189
-207
222
222
72
-26
128
101
144
130
-22
106
62
85
-87
-126
-172
131
179
289
-27
2
28
104
138
208
12
-240
16
145
197
348
395
-1
23
-56
-82
-91
41
-52
-1
95
112
335
121
4
-96
-131
-10
-66
23
51
231
64
220
210
75
-67
-77
84
186
212
-27
-23
-21
90
123
173
154
-13
69
-99
153
267
290
88
-35
-97
-178
23
-117
-116
-79
-42
98
225
143
247
371
-2
-136
45
-3
-77
-156
-177
-184
-6
69
305
145
65
-76
106
-51
-126
-62
-53
-44
-27
77
-58
45
72
-167
-288
62
109
14
-138
-233
-265
82
266
14
-60
-135
-64
-26
124
-53
-62
25
83
40
35
374
306
-96
-251
-48
244
92
123
84
121
171
188
143
-2
-97
56
143
-4
-208
-96
88
270
-173
-254
-7
35
-110
-118
43
-21
-60
-1
373
230
-35
-102
152
180
213
-6
-21
-110
11
-60
23
128
-18
-132
27
463
190
-132
-144
-92
-380
-243
111
220
5
-235
208
426
320
-133
23
64
16
-35
-174
-46
132
3
-129
70
26
71
135
325
176
-129
-138
86
107
205
-52
-136
-14
15
-60
17
147
0
180
-53
177
187
-48
-535
-78
97
109
218
99
0
133
181
-54
-327
-137
92
290
62
-46
51
-185
-305
-343
-119
-61
-44
-252
-175
49
77
78
108
188
149
152
283
304
229
-8
-35
-116
51
59
140
125
51
180
-159
-112
-80
-5
-185
-91
-63
-107
-65
0
427
460
454
-25
56
-234
-209
-469
-432
-212
229
360
-85
334
463
372
-68
-76
-262
-91
51
55
45
-38
-239
-370
-252
73
271
354
215
165
177
22
-99
-234
-183
-89
32
-56
-9
-81
205
260
215
-63
-375
-198
42
99
-137
369
389
453
401
230
-115
-92
43
-32
-29
-252
-244
-97
-32
-164
-43
-11
474
780
535
-207
-446
-455
-322
84
39
71
-139
42
-106
150
230
395
-37
-202
-66
68
280
201
136
-304
-6
-140
51
-192
-71
164
511
545
46
-353
-501
-211
132
360
331
231
158
90
-119
124
574
584
317
157
-122
-164
26
234
-211
-419
-100
117
82
-98
95
-132
40
358
397
48
-249
-237
-265
-108
-148
-89
-26
161
225
187
284
245
137
-33
11
128
134
307
448
323
-20
-122
-155
-35
-14
-178
-261
-35
-70
-41
56
186
79
15
121
6
-263
-434
-146
-62
-40
-120
-54
-5
106
163
211
57
36
56
-38
-108
-128
-14
8
-70
-152
-147
-115
-104
-212
-54
-30
-77
-151
20
47
-12
-48
49
110
-136
-158
-256
-214
-351
-311
-306
-155
-66
4
294
364
338
137
67
86
60
46
-27
-37
-84
-16
-59
-121
-108
-45
51
122
232
109
159
292
32
-170
-173
-84
-109
-45
-171
-360
-235
-103
-66
-58
85
19
12
71
221
91
0
90
174
32
-156
-146
-186
-175
-118
-64
-47
-12
78
66
59
167
200
212
170
-14
-199
-214
-121
-112
-93
-139
13
157
156
82
25
55
169
221
164
232
348
315
308
371
283
137
66
125
147
174
200
200
178
206
240
319
203
48
195
333
357
307
171
54
91
185
192
58
-53
-143
-116
-113
-160
-166
35
92
0
-95
29
111
-69
-13
99
77
-76
16
105
85
13
-64
-172
-309
-326
-308
-229
-115
-164
-69
-99
-210
-327
-357
-278
-357
-262
-138
-88
-270
-378
-383
-318
-410
-489
-364
-381
-266
-196
-173
-220
-244
-247
-271
-310
-269
-248
-388
-415
-353
-348
-324
-334
-55
576
1140
1300
1241
1710
2275
2391
2076
2054
2324
1892
1053
535
665
442
-290
-777
-748
-486
-676
-768
-435
20
-9
-338
-166
233
221
-199
-431
-402
-479
-768
-941
-761
-656
-732
-684
-373
136
531
646
1171
2031
2643
2715
2511
2744
2654
2069
1245
723
266
-602
-1383
-1897
-1934
-2129
-2297
-2300
-1878
-1382
-1162
-857
-408
-121
-104
-164
-170
-175
-394
-825
-1206
-1399
-1399
-1443
-1561
-1234
-632
-264
-166
-31
301
412
132
-132
-87
-309
-786
-1331
-1615
-1928
-2465
-2928
-3060
-3112
-2855
-1274
410
1363
1434
2496
4688
5947
5777
5295
6132
5984
4193
2398
2242
2391
545
-1556
-2104
-1311
-1468
-2235
-1964
-558
207
-483
-519
687
1508
532
-903
-1262
-1234
-2166
-3478
-3684
-3159
-3227
-3791
-3323
-1731
-342
281
809
2009
3073
3444
3570
3937
4040
3401
2373
1575
1156
580
-153
-717
-988
-1069
-909
-685
-261
283
468
530
613
676
540
127
-403
-1033
-1652
-2026
-2238
-2322
-1904
-978
-340
-111
832
2224
3012
3018
3230
3709
3291
2194
1584
1354
390
-930
-1636
-1735
-1825
-1898
-1748
-1399
-1052
-697
-456
-264
16
2
-472
-1019
-1135
-1278
-1925
-2418
-2539
-2532
-2622
-2642
-2308
-1767
-1487
-1341
-1112
-826
-674
-855
-1227
-1520
-1754
-2158
-2775
-1864
352
1676
1491
1541
4016
6336
6675
5883
6842
7887
6229
3598
2718
3665
2206
-1107
-2918
-2397
-2131
-3514
-4252
-2965
-1403
-1975
-2816
-1380
680
682
-1071
-1568
-796
-1055
-2681
-3570
-2790
-2561
-3431
-3800
-2299
-546
215
715
1886
3460
4293
4562
5029
5609
5330
4186
2947
2358
1785
684
-520
-1226
-1653
-2034
-1998
-1653
-1222
-985
-711
-468
-314
-189
-94
-283
-820
-1288
-1135
-767
-846
-791
-307
477
674
1075
2034
2819
2844
2344
2408
2363
1828
970
420
-43
-676
-1324
-1609
-1389
-1281
-1329
-1417
-1284
-981
-938
-1108
-1275
-1354
-1667
-2285
-2616
-2668
-2810
-3147
-3223
-3044
-2793
-2620
-2433
-2207
-2013
-1924
-1989
-1825
-1717
-1639
-331
2128
3792
3626
3724
6231
8550
8407
6999
7622
8407
6203
3064
2041
2947
1219
-2323
-4059
-3062
-2531
-4188
-4929
-3398
-1662
-2522
-3776
-2413
-300
-696
-2766
-3110
-1927
-2094
-3704
-4159
-2787
-2160
-2805
-2817
-893
1395
2233
2576
3786
5440
5953
5786
5897
6207
5456
3836
2503
1915
1164
-39
-1058
-1640
-1988
-2311
-2175
-1763
-1506
-1460
-1448
-1322
-1268
-1368
-1394
-1611
-2205
-2470
-1838
-1097
-871
-427
886
2120
2501
2979
4266
4933
4310
3690
3675
3201
1888
658
-22
-812
-1755
-2314
-2338
-2126
-1964
-1832
-1780
-1363
-835
-934
-1432
-1700
-1849
-2554
-3473
-3774
-3633
-3788
-4198
-4051
-3508
-2918
-2501
-2144
-1556
-1210
-1056
-1002
-710
-670
-138
2261
4332
4689
3820
5505
8809
9512
7714
6960
8787
7627
3914
1519
2585
2551
-1547
-4735
-4303
-2600
-4148
-6298
-5387
-2713
-2558
-4698
-4153
-1161
-142
-2360
-3839
-2140
-1032
-2423
-3813
-2576
-863
-1394
-2207
-858
2127
3308
3109
3740
5604
6667
6150
5752
6096
5841
4097
2342
1579
1151
-77
-1512
-2312
-2666
-2954
-3012
-2765
-2370
-2230
-2230
-1994
-1821
-1725
-1630
-1586
-1602
-1432
-868
-72
526
1214
2000
2786
3271
3785
4198
4260
3900
3273
2848
2049
1297
426
-283
-993
-1520
-1751
-1852
-1776
-1688
-1671
-1779
-1770
-1766
-1948
-2332
-2702
-3130
-3581
-3883
-3868
-3801
-3811
-3658
-3171
-2782
-2278
-1798
-1468
-1380
-1388
-1167
-927
-1081
197
3605
5613
5208
4411
7498
10790
10479
8147
8142
9802
7231
3045
1287
2926
1478
-3628
-6380
-4942
-3329
-5592
-7318
-5366
-2621
-3242
-5285
-3564
-236
-77
-2946
-3894
-1732
-1003
-2748
-3874
-2069
-704
-1540
-1845
383
3529
4396
4220
5097
7008
7669
6894
6446
6407
5472
3251
1503
737
-99
-1491
-2835
-3542
-3791
-3799
-3295
-2772
-2536
-2510
-2172
-1768
-1575
-1410
-990
-528
-851
-1117
-314
1028
1486
1435
2202
3216
3624
3472
3933
4519
3943
2877
2175
1979
1254
194
-769
-1428
-1895
-2357
-2549
-2662
-2471
-2382
-2741
-2837
-2440
-2299
-2776
-3288
-3383
-3312
-3460
-3543
-3393
-3189
-3037
-2952
-2532
-2100
-1864
-1903
-1900
-1682
-1482
-1641
565
4644
6489
5531
5112
9282
12361
11173
8256
8931
10163
6257
1679
752
2939
185
-5668
-7633
-5070
-3672
-6567
-7583
-4663
-1932
-3431
-5344
-2600
753
-130
-3780
-4176
-1567
-1432
-3652
-4334
-1755
-561
-1622
-1417
1775
5071
5309
5066
6323
8272
8368
7226
6713
6352
4712
2083
385
-230
-1193
-2661
-3909
-4457
-4411
-4018
-3227
-2550
-2369
-2316
-1795
-1334
-1159
-772
-211
-392
-990
-669
753
1516
1364
1797
2767
3295
3152
3886
4581
4144
2994
2498
2322
1521
657
-260
-1143
-2102
-2570
-2677
-2873
-2761
-2787
-3141
-3460
-3115
-2625
-2990
-3532
-3627
-3370
-3654
-3798
-3380
-2983
-2996
-3088
-2716
-2326
-2019
-2052
-2206
-2083
-1874
-1090
2561
6241
7254
5934
7281
11937
13420
10929
8455
10320
9360
3985
-26
875
1965
-3195
-8142
-7753
-4446
-4823
-7478
-6451
-2896
-1756
-4330
-4581
-750
1122
-1661
-4958
-3666
-1403
-2504
-4628
-3726
-881
-737
-1492
171
4329
6651
6249
6433
8089
9399
8499
7160
6519
5480
2935
272
-857
-1460
-2635
-3970
-4808
-4809
-4379
-3639
-2699
-2085
-2004
-1888
-1370
-1177
-879
-93
193
-549
-1025
310
1917
2039
1859
2798
3943
3760
3637
4563
4924
3709
2246
1912
1611
741
-301
-1211
-1962
-2479
-2688
-2977
-3048
-2840
-2963
-3591
-3689
-3064
-2940
-3723
-4176
-3877
-3729
-3986
-3859
-3132
-2709
-2731
-2728
-2412
-2049
-1944
-2147
-2188
-1908
1048
5265
7081
6667
6758
10960
13841
12634
9922
10294
11321
6905
1647
161
2052
-656
-7014
-9171
-6339
-4491
-7299
-8352
-4879
-1725
-3147
-5354
-2461
1120
48
-3908
-4680
-1855
-1654
-3950
-4845
-2098
-280
-1077
-733
2644
6610
7200
6610
7503
9560
9752
7913
6729
6084
4216
1042
-1132
-1697
-2577
-4002
-5278
-5510
-5029
-4260
-3238
-2529
-2198
-1991
-1535
-1333
-1374
-1000
-269
-226
-776
-499
1165
2415
2575
2784
4073
4964
4648
4550
4911
4822
3143
1721
1091
541
-565
-1841
-2454
-2889
-3031
-3291
-3254
-2929
-2720
-2923
-3478
-3338
-2934
-3176
-4054
-4487
-4104
-3970
-4172
-3955
-3212
-2602
-2574
-2346
-1985
-1742
-1920
-1845
-1667
239
4692
7242
7152
6136
9549
13757
13346
10232
9076
11003
7972
2334
-388
1282
518
-5875
-9491
-7640
-4569
-6232
-8713
-6449
-2750
-2452
-5149
-3927
347
809
-2816
-5203
-2657
-946
-2821
-4553
-2760
-42
-307
-448
2101
6303
7806
6959
7305
9044
9926
8385
6688
5768
4177
1343
-1198
-2111
-2695
-4029
-5266
-5728
-5270
-4548
-3430
-2492
-2130
-2064
-1783
-1228
-1150
-437
390
218
-684
-502
1443
2501
2407
2463
3719
4341
3850
4150
4822
4585
2778
1712
1486
986
-160
-1338
-2153
-2890
-3197
-3525
-3643
-3365
-3292
-3669
-4164
-3867
-3243
-3459
-4120
-4194
-3685
-3751
-3771
-3267
-2578
-2597
-2880
-2730
-2557
-2412
-2514
-2332
-1699
2658
6837
7754
6620
8240
13831
15048
12263
9549
11315
10396
4109
-325
-146
1044
-4300
-9949
-9617
-5954
-5496
-8664
-7792
-3498
-1518
-3838
-4906
-708
1467
-1302
-5095
-4229
-1457
-2591
-4901
-4324
-844
16
-601
1236
5522
8459
8096
7944
9322
10491
9620
7424
6041
4576
1948
-1016
-2737
-3264
-4446
-5597
-6224
-5843
-4977
-3821
-2536
-1923
-1881
-1774
-1093
-911
-632
-6
113
-788
-959
641
2072
2305
2256
3581
4537
4473
4647
5343
5401
3810
2390
1814
1254
82
-1357
-2483
-3330
-3856
-4180
-4350
-3997
-3692
-3699
-4075
-3769
-3034
-3051
-3604
-3969
-3573
-3571
-3868
-3720
-3060
-2741
-3117
-3116
-2797
-2505
-2539
-2271
-1713
2006
6754
8289
7525
8027
13288
15669
13371
9969
10585
11041
5184
-242
-1121
647
-3318
-9782
-10509
-6800
-5024
-7880
-8236
-4104
-1257
-2853
-5110
-1794
1340
-838
-5113
-5480
-2129
-2236
-4547
-4718
-1285
729
187
1527
5497
9152
9228
8448
9356
10577
9885
7428
5575
4133
1626
-1343
-3327
-3776
-4493
-5504
-6088
-5768
-4742
-3596
-2252
-1700
-1756
-1802
-1275
-633
-455
-504
-529
-718
-550
266
1746
2762
3113
3674
4444
5308
5540
5565
5133
4172
2908
1804
969
-189
-1436
-2709
-3654
-4214
-4379
-4214
-4110
-4106
-3953
-3867
-3616
-3375
-3200
-3380
-3828
-3904
-3703
-3494
-3471
-3252
-3300
-3253
-3126
-2903
-2731
-2778
-2366
-1383
3132
7682
8873
7741
9048
14693
16243
13079
9795
11314
10633
3728
-1362
-1095
415
-4927
-11082
-10463
-6013
-5161
-8458
-7729
-3070
-1051
-3686
-5184
-944
1448
-1883
-6171
-5308
-1909
-2735
-5174
-4367
-229
1293
636
2613
7278
10424
9616
8869
10106
10941
9375
6518
4840
3229
203
-2771
-4176
-4255
-5039
-5969
-6115
-5440
-4302
-3147
-1909
-1535
-1892
-1977
-1452
-1057
-841
-732
-768
-1016
-653
787
2350
3246
3519
4434
5391
5813
5956
5958
5462
3851
2392
1446
607
-652
-2114
-3158
-4022
-4417
-4506
-4292
-4037
-4038
-3993
-4043
-3680
-3392
-3431
-3861
-4257
-4007
-3839
-3789
-3651
-3195
-2964
-3124
-3142
-2657
-2443
-2224
-1914
816
6313
9050
8600
7901
12370
16788
15187
10958
9966
11917
7334
271
-2124
56
-1665
-9229
-11907
-8088
-4709
-6948
-9154
-5409
-1358
-1970
-5183
-3535
884
17
-4612
-6727
-3293
-1529
-3858
-5023
-1834
1877
1792
2139
5743
10157
10980
9328
9589
10880
10429
7685
5132
3617
1150
-1791
-3969
-4501
-4825
-5780
-6084
-5814
-4792
-3581
-2333
-1613
-1865
-2239
-1941
-1260
-845
-884
-877
-737
-478
575
2036
3533
4067
4590
5373
5970
6300
6025
5625
4307
2699
1583
710
-312
-1804
-2922
-3705
-4222
-4297
-4119
-3837
-3989
-4005
-4021
-3907
-3594
-3458
-3750
-4490
-4494
-4031
-3640
-3592
-3304
-2797
-2660
-2736
-2686
-2407
-2026
-1811
-601
4475
8622
9164
7613
9884
15792
16439
12416
9308
11475
9914
2513
-2253
-1088
115
-6438
-12175
-10170
-5355
-5553
-9298
-7650
-2603
-1176
-4403
-5232
-560
1025
-2925
-6887
-4897
-1352
-2598
-4922
-3470
1058
2267
1760
4271
8943
11446
9963
9190
10517
10973
8797
5628
3930
2005
-973
-3595
-4593
-4609
-5442
-6047
-6020
-5187
-4005
-2788
-1767
-1850
-2337
-2128
-996
-532
-1193
-1300
-575
-264
-294
976
3258
4151
3842
4493
6134
6648
5880
5471
5209
3882
1939
819
174
-1085
-2666
-3796
-4418
-4546
-4332
-4341
-4482
-4187
-3675
-3724
-3917
-3532
-3183
-3827
-4483
-4038
-3258
-3327
-3782
-3570
-3062
-2885
-3100
-3171
-2832
-2068
-964
3491
8262
9673
8583
9567
15139
17213
14046
9955
10703
10390
3780
-1882
-2122
-227
-5002
-11613
-11213
-6284
-4658
-7937
-7863
-3189
-789
-3254
-5224
-1541
892
-2327
-6847
-6451
-2507
-2536
-4757
-4116
166
2624
2311
4183
8662
11886
10907
9372
10257
10942
9111
5792
3667
1907
-948
-3572
-4707
-4595
-5116
-5664
-5618
-4856
-3649
-2562
-1549
-1619
-2329
-2730
-1760
-607
-1108
-1754
-1451
-246
222
853
2844
4585
4863
4398
5546
6863
6567
5248
4284
3649
2163
773
-268
-1123
-2264
-3513
-4283
-4512
-3824
-3627
-4175
-4470
-3972
-3473
-3895
-4114
-3730
-3789
-4500
-4688
-3863
-3319
-3284
-3548
-3330
-3029
-2994
-3011
-2938
-2298
74
5643
8833
8837
8252
11851
16992
16479
12679
10484
12122
8962
1782
-1818
-541
-877
-7980
-12492
-9547
-5070
-5946
-9261
-6669
-1809
-1274
-4631
-4533
172
330
-4207
-7463
-4800
-1852
-3553
-5253
-3076
1305
2468
2638
5595
10184
12122
10481
9781
11097
11190
8621
5195
3362
1326
-1669
-4001
-4673
-4685
-5515
-5859
-5490
-4452
-3247
-2110
-1532
-2031
-2595
-1903
-934
-1020
-1780
-1629
-748
-597
-110
1519
3559
4094
4108
5095
6506
6854
6090
5387
4634
3369
1808
746
-263
-1447
-2775
-4004
-4480
-4151
-3817
-4072
-4457
-4036
-3592
-3719
-3917
-3734
-3655
-4273
-4575
-4173
-3409
-3277
-3468
-3364
-3090
-3004
-3100
-3170
-2660
-1751
2322
7587
9394
8676
9018
14714
17823
15316
11248
11248
11922
5785
-465
-1769
159
-3560
-11031
-11912
-7197
-4611
-7705
-8930
-4261
-991
-2715
-5484
-2446
1055
-1691
-6570
-7139
-2989
-2362
-4731
-4832
-903
2393
2339
3755
8018
11815
11590
9813
10440
11525
10233
6794
4166
2600
-121
-2880
-4488
-4429
-4850
-5689
-5631
-4865
-3651
-2584
-1623
-1668
-2397
-2872
-2017
-1112
-1337
-1845
-1618
-906
-287
936
2814
4344
4495
4563
5654
6768
6696
5641
4661
3582
2154
1038
273
-690
-2077
-3279
-4019
-4188
-3722
-3609
-3874
-4199
-4135
-3855
-3893
-3987
-4131
-4263
-4653
-4671
-3988
-3526
-3274
-3204
-2941
-2883
-2921
-3195
-2962
-2240
725
6427
8966
8655
8342
12988
17763
16423
12451
11149
12708
8229
1270
-1298
245
-1638
-9330
-12406
-8544
-4890
-6889
-9521
-5935
-1606
-2098
-5184
-3722
692
-551
-5478
-7607
-3997
-1866
-4119
-5193
-2183
1925
2463
3172
6919
11275
12282
10378
10333
11714
11211
8188
4896
3167
869
-2006
-4025
-4405
-4545
-5519
-5714
-5229
-3941
-2721
-1797
-1575
-2128
-2483
-1927
-1065
-1324
-1997
-1984
-1270
-896
38
1859
3682
4324
4316
5475
6866
7234
6245
5289
4509
3211
1775
572
-283
-1672
-3195
-4079
-4264
-3830
-3744
-4059
-4248
-3927
-3580
-3756
-3926
-3898
-4025
-4537
-4744
-4203
-3663
-3632
-3847
-3617
-3344
-3273
-3582
-3201
-2259
1059
6853
9366
9010
8802
13541
18125
16571
12530
11288
12726
8079
1022
-1352
295
-1692
-9464
-12315
-8178
-4438
-6667
-9337
-5696
-1438
-2115
-5535
-4087
237
-1221
-6352
-8369
-4531
-2306
-4605
-5640
-2353
2004
2609
3344
7247
11561
12422
10403
10359
11794
11207
7979
4647
2933
768
-1980
-3879
-4155
-4260
-5116
-5377
-4861
-3605
-2427
-1675
-1710
-2514
-3109
-2310
-1346
-1996
-3020
-2695
-1130
-481
137
2046
4348
4975
4544
5840
7473
7449
5714
4486
3967
2697
999
-161
-777
-1847
-3094
-3766
-3842
-3217
-3065
-3674
-4061
-3873
-3509
-4077
-4754
-4847
-4829
-5314
-5669
-4982
-4112
-3957
-4159
-3888
-3374
-3425
-3751
-3450
-1246
4932
9108
8899
7619
11027
17736
18086
13957
11231
13483
11480
3559
-782
577
1207
-6305
-12653
-10068
-4817
-5138
-9679
-8249
-2726
-1502
-5089
-6113
-975
312
-4698
-9032
-6592
-2202
-3592
-6337
-4648
453
2406
2086
4969
10115
12617
10872
9848
11587
12245
9919
6163
4018
2335
-416
-2786
-3786
-3695
-4554
-5315
-5147
-4216
-2905
-2041
-1689
-2299
-3021
-2593
-1787
-2101
-2966
-2650
-1649
-1558
-1142
953
3362
3979
3727
4960
6877
7184
6074
5383
4917
3615
1948
869
231
-816
-2340
-3501
-3779
-3305
-3129
-3725
-4111
-3782
-3450
-3937
-4446
-4250
-4316
-5115
-5717
-5047
-4320
-4354
-4575
-4194
-3603
-3614
-4101
-4058
-3101
1281
7397
9191
7993
8484
14741
18905
16394
12253
12302
13545
7607
734
-391
1877
-1704
-10383
-12246
-6937
-3746
-7313
-9826
-5302
-1200
-2910
-6483
-3815
767
-1850
-7763
-8984
-4134
-2458
-5526
-6426
-2385
1789
1905
2868
7305
11819
12082
9839
10358
12268
11588
8020
4698
3224
1091
-1749
-3642
-3767
-3963
-5011
-5357
-4690
-3242
-2156
-1614
-1810
-2277
-2234
-1692
-1388
-1817
-2299
-2375
-2402
-1834
-380
1315
2440
2718
3512
5011
6208
6503
6044
5331
4327
3231
2234
1277
13
-1566
-2903
-3741
-3960
-3835
-3880
-4193
-4389
-4138
-3841
-3754
-3858
-4056
-4472
-4786
-4714
-4416
-4381
-4751
-4983
-4999
-4969
-5359
-5401
-4015
1956
7888
8724
7278
9611
17199
19753
15875
12178
13901
13615
5833
-316
310
2163
-3943
-12127
-11329
-5184
-3702
-8239
-8831
-3201
-400
-3655
-6268
-2011
885
-3573
-9431
-8794
-3944
-4042
-7339
-6956
-2045
1151
1231
3392
8657
12463
11617
10060
11384
12791
11196
7403
4693
2825
220
-2298
-3546
-3607
-4300
-5071
-4890
-3916
-2530
-1406
-910
-1535
-2449
-2151
-1669
-2028
-2830
-2849
-2642
-2886
-2349
-419
1784
2436
2671
4004
5822
6565
6242
6005
5293
3899
2456
1634
821
-713
-2268
-3432
-3786
-3667
-3630
-3816
-3996
-3893
-3801
-3799
-3698
-3698
-4090
-4914
-5215
-4921
-4620
-5081
-5590
-5533
-5470
-6012
-6333
-5065
682
7109
8385
6999
8690
16298
20090
16897
12698
13751
14454
7311
488
351
2827
-2315
-11336
-11825
-5687
-3104
-7303
-8958
-3890
-629
-3203
-6370
-2904
698
-3059
-9279
-9753
-4857
-3995
-7182
-7588
-3070
660
873
2740
7985
12163
11721
9859
11034
12730
11692
8254
5261
3290
667
-1780
-3100
-3259
-3963
-4949
-4975
-4169
-2816
-1513
-794
-1337
-2522
-2596
-1856
-2083
-3047
-3461
-3075
-3203
-3023
-1056
1511
2584
2528
3678
5846
6975
6655
6255
5779
4346
2586
1520
892
-320
-2316
-3740
-4119
-3846
-3663
-3790
-3924
-3795
-3540
-3580
-3636
-3498
-3682
-4514
-5262
-5060
-4456
-4685
-5209
-5384
-5073
-5248
-5869
-5552
-2842
3800
8053
7809
7046
11169
18077
18408
14162
11797
14010
11726
3653
-390
1375
1711
-5843
-12066
-9095
-3818
-4219
-8500
-7190
-2030
-1160
-4903
-5886
-1137
-232
-5494
-10040
-7765
-3615
-4877
-7546
-5834
-863
1211
1225
4376
9510
11999
10453
9613
11308
12040
9922
6393
4204
2414
-98
-2261
-3113
-3160
-3896
-4678
-4536
-3578
-2309
-1375
-1291
-2205
-2820
-2217
-1921
-2442
-3017
-2812
-2645
-2942
-1911
396
2286
2312
2636
4451
5971
6190
5867
5760
4978
3353
2079
1514
730
-895
-2648
-3678
-3819
-3585
-3748
-4100
-4195
-4024
-3898
-3997
-3935
-3783
-4183
-4947
-5173
-4519
-4229
-4647
-5145
-5086
-5154
-5860
-6146
-3988
2819
7588
7440
6125
9945
17570
18887
14657
12028
14458
12868
4738
-116
1702
2571
-5094
-12328
-9782
-3962
-3976
-8614
-7639
-2177
-843
-4611
-5902
-1050
359
-4955
-10001
-8082
-3713
-4723
-7680
-6324
-1433
717
629
3743
9181
11910
10414
9490
11268
12206
10264
6890
4652
2625
-10
-2073
-2850
-3042
-3910
-4584
-4401
-3544
-2340
-1231
-913
-1987
-3098
-2726
-1976
-2356
-3579
-3734
-3165
-2919
-2251
-242
2232
2957
3044
4394
6379
7224
6545
5828
5151
3848
2281
1224
416
-976
-2581
-3833
-4010
-3615
-3457
-3645
-3939
-3776
-3522
-3550
-3633
-3727
-4047
-4786
-5291
-4954
-4435
-4416
-4700
-4724
-4486
-4633
-4970
-4836
-2039
4408
8018
7318
6444
11047
17554
17383
12860
11232
13716
10776
3026
-300
1975
1605
-6432
-11778
-8210
-3213
-4505
-8826
-6779
-1739
-1353
-5371
-5581
-780
-520
-6078
-9927
-6739
-3103
-4895
-7258
-4904
-188
1202
1324
4775
9691
11417
9670
9252
11077
11478
9059
5916
4121
2227
-315
-2231
-2587
-2689
-3689
-4315
-3988
-3081
-2211
-1451
-1293
-2183
-3023
-2636
-2164
-2625
-3450
-3357
-2908
-2827
-1802
369
2406
2850
3155
4724
6291
6640
6085
5703
4871
3340
2026
1309
447
-1132
-2708
-3555
-3652
-3446
-3494
-3699
-3756
-3552
-3436
-3586
-3450
-3392
-3899
-4823
-5042
-4416
-4192
-4558
-4742
-4454
-4193
-4604
-4952
-4773
-2492
3628
7656
7522
6436
10373
16887
17291
13214
11191
13510
11123
3546
-310
1601
1948
-5532
-11393
-8630
-3486
-4094
-8451
-6844
-1696
-912
-5024
-5667
-739
74
-5406
-9697
-6993
-3200
-4832
-7374
-5300
-536
1007
776
4029
9172
11431
9704
8972
10765
11465
9212
6004
4287
2543
-100
-2260
-2673
-2541
-3386
-4251
-4027
-2965
-1972
-1323
-1028
-1806
-2861
-2702
-2059
-2504
-3691
-3706
-2828
-2683
-2290
-227
2391
3124
2913
4339
6354
6916
6006
5488
5118
3730
2099
1140
532
-907
-2435
-3323
-3532
-3272
-3172
-3444
-3609
-3349
-3112
-3368
-3571
-3558
-3854
-4762
-5276
-4781
-4274
-4494
-4882
-4584
-4210
-4205
-4577
-4942
-3564
2448
7516
7764
5871
8741
15908
17552
13423
10632
13354
12415
4731
-444
1306
3037
-3614
-11083
-9452
-3559
-3146
-8033
-7692
-2090
-251
-4428
-6425
-1477
895
-4151
-9668
-7940
-3287
-4190
-7518
-6306
-1268
808
162
2671
8164
11356
9845
8505
10270
11641
9820
6423
4586
3178
680
-1772
-2546
-2260
-2949
-3896
-3997
-3071
-1981
-1290
-1026
-1593
-2469
-2564
-2165
-2524
-3563
-3735
-3298
-3206
-2702
-837
1395
2320
2612
4006
5863
6531
6206
5874
5345
3918
2586
1758
896
-594
-2167
-2981
-3408
-3518
-3338
-3317
-3434
-3401
-3191
-3090
-3101
-3196
-3654
-4500
-4934
-4629
-4514
-4835
-4971
-4566
-4484
-4495
-4486
-4532
-4947
-1670
5154
8264
6959
5994
11789
17366
15962
11262
11237
13884
9259
1573
-487
2820
1233
-7655
-11408
-6598
-2198
-5343
-9075
-5181
-293
-1596
-6354
-4495
753
-746
-7337
-9837
-5296
-2987
-6125
-7871
-4143
202
167
481
4861
10051
10792
8469
9016
11300
11334
8156
5367
4466
2483
-391
-2204
-2061
-2150
-3490
-4048
-3432
-2286
-1570
-1044
-1072
-1838
-2435
-2355
-2223
-3026
-3616
-3486
-3402
-3358
-2160
97
1630
2018
2851
4626
5956
6181
5975
5686
4695
3281
2316
1610
466
-1047
-2269
-3012
-3290
-3149
-3040
-3273
-3424
-3232
-2975
-2986
-3119
-3398
-3963
-4568
-4651
-4476
-4652
-4883
-4805
-4608
-4603
-4532
-4589
-5189
-4490
1557
7240
7817
5463
7906
15344
17553
13526
10297
13211
13003
5478
-195
1331
3813
-2560
-10645
-9521
-3292
-2415
-7773
-7786
-2039
264
-4160
-6550
-1392
1223
-3826
-9752
-8091
-3334
-4324
-7982
-7025
-1780
387
-526
1833
7488
11018
9380
8090
10298
12016
10190
6632
5069
4037
1554
-1216
-1970
-1497
-2422
-3719
-3737
-2632
-1612
-1074
-772
-1260
-2108
-2375
-2153
-2478
-3495
-3839
-3733
-3655
-3129
-1457
637
1501
2007
3511
5382
6253
6154
5902
5400
4271
3186
2365
1389
-60
-1458
-2390
-2873
-2861
-2597
-2715
-3041
-3104
-2753
-2534
-2647
-2865
-3355
-4005
-4639
-4717
-4562
-4685
-5000
-4969
-4658
-4326
-4252
-4448
-5047
-4024
2072
7209
7628
5630
8201
14976
16823
13086
10304
13068
12362
5119
75
1668
3819
-2618
-9974
-8578
-2944
-2633
-7716
-7196
-1826
-154
-4583
-6387
-1346
717
-4269
-9544
-7588
-3298
-4560
-7848
-6588
-1563
160
-592
1908
7245
10392
8742
7825
10067
11591
9717
6511
5319
4192
1580
-911
-1424
-1097
-2168
-3311
-3258
-2411
-1607
-1202
-904
-1309
-2213
-2459
-2285
-2608
-3615
-3985
-3794
-3653
-3133
-1641
249
1138
1749
3116
4859
5764
5758
5641
5197
4205
3149
2338
1431
96
-1218
-2130
-2531
-2637
-2582
-2602
-2894
-2788
-2552
-2498
-2609
-2899
-3381
-4099
-4605
-4576
-4525
-4801
-5118
-4929
-4564
-4425
-4313
-4459
-4810
-4912
-14
5904
7501
5641
6309
12944
16574
14149
10402
12123
13329
7237
1023
1029
4064
-153
-8469
-9392
-4175
-1933
-6483
-7864
-3144
-136
-3261
-6532
-2665
732
-2675
-8538
-8629
-4196
-4031
-7237
-7342
-2909
-147
-862
596
5517
9629
8989
7544
9233
11245
10341
7244
5680
4833
2436
-257
-1243
-830
-1648
-2906
-3160
-2539
-1736
-1310
-834
-1095
-2139
-2699
-2542
-2586
-3483
-4140
-3936
-3751
-3532
-2316
-285
1100
1568
2511
4222
5403
5525
5249
5024
4335
3319
2419
1645
704
-424
-1328
-2001
-2161
-2050
-2035
-2415
-2571
-2324
-2354
-2579
-2994
-3327
-3901
-4603
-4790
-4636
-4704
-4864
-4769
-4305
-4086
-3952
-3901
-4050
-4821
-4261
1493
6295
6744
4494
6946
13704
15755
12443
9868
12863
12325
5539
822
2389
4455
-1851
-9003
-7954
-2916
-2798
-7580
-7014
-2095
-694
-4770
-6244
-1377
550
-3989
-8904
-7197
-3305
-4634
-7531
-6342
-1839
-562
-1440
1108
6399
9400
7898
7379
9653
11083
9421
6747
5869
4593
1851
-491
-908
-650
-1818
-3069
-3128
-2356
-1661
-1313
-965
-1419
-2414
-2801
-2420
-2550
-3419
-3866
-3805
-3685
-3214
-1777
37
982
1439
2605
4234
5108
5146
5216
5015
4125
3052
2561
2114
1003
-342
-1247
-1631
-1701
-1773
-2060
-2333
-2398
-2419
-2695
-2944
-3009
-3302
-4179
-4871
-4744
-4505
-4643
-4780
-4587
-4218
-4172
-4075
-3822
-3966
-4813
-4513
912
5902
6534
4438
6656
13267
15485
12348
9916
12880
12561
5804
876
2357
4524
-1471
-8723
-7988
-3118
-2900
-7388
-6923
-2251
-728
-4588
-6137
-1524
414
-3891
-8687
-7355
-3744
-4801
-7557
-6488
-2229
-900
-1596
957
6067
9104
7984
7492
9560
10814
9335
6953
5940
4529
1852
-395
-808
-648
-1797
-2840
-2833
-2243
-1789
-1373
-806
-1211
-2615
-3199
-2533
-2535
-3710
-4471
-4089
-3731
-3441
-2217
-126
1153
1414
2422
4108
5285
5371
5177
4926
4086
3173
2645
2060
971
-122
-859
-1458
-1509
-1366
-1437
-1928
-2342
-2331
-2449
-2650
-3005
-3354
-4085
-4798
-4732
-4496
-4578
-4773
-4523
-4205
-4094
-3931
-3482
-3489
-4096
-5249
-2886
3239
6597
5591
4204
8910
14509
14410
10649
10632
13554
10120
3123
731
3734
3078
-4843
-9266
-6181
-2234
-4559
-7876
-5005
-857
-1596
-5788
-4669
-50
-441
-5850
-8976
-5858
-3590
-5839
-7714
-4946
-1051
-997
-955
2749
7802
9286
7690
8088
10014
10383
8210
6135
5140
3302
739
-1041
-992
-974
-1992
-2822
-2757
-1990
-1305
-739
-632
-1569
-3012
-3290
-2705
-3173
-4393
-4830
-4067
-3738
-3289
-1564
745
1737
1849
3184
5060
5878
5420
4909
4546
3712
2715
1958
1401
620
-357
-1154
-1527
-1084
-882
-1418
-2104
-2046
-1769
-2362
-3029
-3191
-3351
-4310
-5088
-4830
-4389
-4365
-4813
-4682
-3969
-3359
-3068
-3135
-3072
-3271
-4215
-4289
745
5835
6411
3923
5592
12083
14750
11946
9368
11929
11783
5569
959
2151
4219
-1249
-8255
-8099
-3485
-2644
-6647
-6642
-2630
-879
-4077
-5743
-1639
393
-3407
-8232
-7393
-3903
-4475
-6836
-6096
-2250
-811
-1005
1495
6144
9015
8022
7378
8870
10045
8884
6518
5195
3593
1244
-719
-1076
-755
-1616
-2566
-2606
-1985
-1271
-774
-324
-977
-2550
-3703
-3148
-2865
-4087
-5027
-4862
-4072
-3557
-2129
188
1714
2036
2735
4687
5966
5848
5174
4520
3740
2693
2073
1585
818
-326
-1142
-1441
-1159
-711
-866
-1395
-1770
-1809
-1909
-2347
-2753
-3274
-4098
-4826
-4833
-4496
-4436
-4496
-4464
-4094
-3463
-2801
-2330
-2323
-2322
-2829
-3536
-4356
-938
4408
6037
4256
3833
9417
13889
13040
9790
10337
11949
7648
2174
1147
3673
1106
-6574
-9107
-5390
-2231
-5035
-7195
-4196
-1131
-2464
-5348
-2940
455
-1530
-6717
-8145
-4735
-3577
-5675
-6630
-3755
-929
-872
434
4450
8259
8380
6889
7731
9378
9161
6806
4833
3553
1540
-575
-1343
-845
-1226
-2255
-2647
-1985
-1020
-558
-156
-506
-1904
-3343
-3519
-2959
-3579
-4821
-5271
-4473
-3486
-2371
-421
1335
2310
2776
4031
5524
6087
5485
4439
3606
2752
2120
1464
695
-59
-749
-1227
-1291
-713
-448
-941
-1614
-1869
-1683
-2014
-2844
-3594
-4114
-4620
-5023
-4772
-4379
-4201
-4221
-3919
-3195
-2414
-1923
-1832
-1873
-1931
-2483
-3444
-4483
-1658
3439
5346
3803
3364
8621
13327
12760
9424
9776
11676
7827
2146
711
2975
877
-6488
-9294
-5655
-2266
-4814
-7229
-4213
-722
-1639
-4729
-2745
762
-986
-6129
-7854
-4454
-3151
-5633
-6948
-3986
-838
-748
204
3974
8011
8242
6594
7416
9139
8910
6241
4037
3056
1543
-502
-1646
-1161
-1146
-2065
-2427
-1682
-468
-46
-133
-594
-1763
-3001
-3342
-3454
-3983
-4459
-4794
-4572
-3697
-1824
110
1345
2079
3083
4455
5133
5349
5211
4420
2959
1794
1670
1335
471
-492
-830
-735
-714
-331
-311
-570
-1140
-1675
-1927
-2319
-2832
-3663
-4421
-4939
-4853
-4476
-4232
-3726
-3361
-3000
-2490
-1741
-1142
-1154
-1534
-1718
-2107
-2997
-4200
-4760
-723
3857
4717
2930
4319
10507
13767
11638
8749
10686
11133
5418
537
684
2542
-2085
-8836
-8704
-4063
-2480
-5908
-5859
-1618
744
-1659
-3622
-163
1540
-2269
-7295
-6914
-3644
-4486
-7314
-6905
-2829
-892
-1110
1236
5724
8577
7474
6577
8085
9044
7510
4575
3057
1886
5
-1786
-2079
-1198
-1440
-2052
-1624
-264
705
756
569
-92
-1499
-2892
-3147
-3359
-4479
-5351
-5061
-4205
-3260
-1564
535
2015
2588
3516
5057
5748
5406
4447
3461
2408
1496
923
278
-319
-909
-1081
-1038
-600
-11
26
-514
-1065
-1279
-1575
-2224
-3047
-3772
-4356
-4782
-4665
-4280
-3786
-3320
-2931
-2343
-1653
-895
-622
-817
-956
-1255
-1863
-2947
-3763
-5207
-3832
1190
4170
3870
2847
6944
12267
12859
9839
9049
11035
8045
2051
-664
1031
563
-5855
-9266
-6254
-2073
-3058
-5290
-2512
1383
1227
-2342
-1724
1447
136
-5130
-8155
-5638
-4261
-6575
-7895
-4853
-1049
-692
126
3751
7945
8604
6643
6835
8106
7564
4538
2181
1476
242
-1635
-2655
-1430
-475
-791
-773
413
1851
1983
1432
915
-268
-2230
-3745
-3963
-4173
-5043
-5589
-4933
-3310
-1569
289
1840
3154
4118
4797
5160
5035
4390
3034
1496
458
-20
-254
-704
-1046
-792
-295
127
594
995
755
-27
-912
-1372
-1777
-2691
-3768
-4495
-4624
-4431
-3998
-3330
-2613
-1934
-1432
-880
-331
-82
-252
-895
-1301
-1915
-2657
-3684
-4452
-5783
-5459
-416
3884
4700
3277
5983
11683
13466
10528
8261
10204
8496
2257
-1711
-336
1134
-4233
-8795
-6461
-1314
-794
-3486
-1740
2228
2812
-1231
-2428
734
156
-4985
-9181
-7414
-4870
-6363
-7785
-5127
-621
335
513
3585
7824
8887
6418
5578
6559
6173
3369
902
472
-128
-1474
-2155
-655
1142
1329
1207
1798
2862
2853
1900
850
-785
-3027
-4585
-4817
-4994
-5542
-5571
-4389
-2686
-905
1187
3027
3900
4086
4468
4585
3995
2785
1455
305
-728
-1009
-843
-494
-337
46
769
1388
1944
1987
1425
483
-574
-1411
-2309
-3233
-4075
-4580
-4574
-4075
-3307
-2548
-1774
-1199
-740
-337
-86
-106
-682
-1508
-2143
-2579
-3305
-4078
-4794
-5333
-6323
-3752
2016
5466
5151
4471
8689
13045
12653
9239
8576
9479
5028
-857
-2148
551
-465
-6429
-7666
-3128
502
-1054
-1941
1551
3558
865
-2750
-1186
700
-2919
-8305
-9302
-6109
-5641
-7348
-6071
-1685
789
238
1988
6220
8666
6958
4682
5188
5347
3285
845
318
508
-674
-1618
-403
2017
2835
2390
2567
3132
3073
1921
765
-563
-2686
-4933
-5975
-5626
-5224
-4977
-4336
-2688
-665
1356
3052
3998
4246
3974
3592
2821
1852
784
-395
-1414
-1708
-1018
-147
582
1181
1789
2484
2971
2892
2113
1040
-167
-1566
-2928
-3792
-4046
-4362
-4564
-4252
-3134
-1809
-1053
-625
-128
154
-35
-563
-1022
-1584
-2427
-3358
-3911
-3857
-3745
-4054
-4378
-4506
-4338
-72
4973
6772
5434
5451
9372
11581
9472
6211
6573
6206
1334
-2391
-1462
1382
-712
-4923
-3726
634
2259
63
-22
2317
2087
-1655
-4357
-2321
-1910
-5831
-9330
-8198
-4942
-4819
-5320
-2866
837
1611
1010
3042
5982
6410
3849
2328
2934
2664
1229
251
863
1286
728
899
2591
4389
4181
3207
2836
2531
1501
-61
-1139
-2549
-4600
-6006
-5459
-4336
-3763
-3120
-1941
-295
910
1981
2932
3160
2450
1405
858
634
285
-519
-1062
-815
14
843
1709
2703
3303
3080
2538
2414
2089
858
-885
-2206
-2961
-3494
-3816
-3668
-3144
-2706
-2360
-1631
-668
-66
-255
-844
-1236
-1482
-1982
-2716
-3170
-3267
-3346
-3419
-3049
-2439
-2152
-2524
-2911
-3771
-1161
3663
5760
4587
3412
6509
9595
8884
6128
6323
7376
3799
-281
-176
2870
2001
-2950
-3847
-335
1719
-431
-1477
877
1430
-1839
-4748
-2797
-1054
-4171
-7989
-7688
-4374
-3997
-5311
-3597
0
928
-482
860
4344
5573
3396
1753
2941
3544
2209
1187
2054
2923
1914
1082
2558
4537
4179
2522
1952
2061
1154
-607
-1559
-1971
-3486
-5225
-5520
-4316
-3196
-2419
-1730
-696
526
1530
2351
2636
2453
1720
825
291
322
280
-251
-534
49
1141
1915
2507
3204
3334
2572
1777
1473
867
-634
-2256
-2993
-3159
-3402
-3440
-2961
-2314
-1851
-1545
-963
-294
-283
-996
-1727
-1966
-2166
-2697
-3134
-3058
-2755
-2637
-2415
-1645
-1145
-1216
-1872
-2346
-3402
-2715
1463
4307
4007
2619
4702
8441
9183
7128
6316
7645
5533
1247
-239
1828
2246
-2128
-4647
-2051
753
-235
-1773
65
1635
-438
-3637
-2891
-768
-2631
-6543
-7572
-5040
-3872
-5094
-4369
-1025
844
-118
335
3546
5497
4023
2017
2515
3317
2217
896
1285
2377
1878
701
1597
3699
4015
2688
1896
2009
1415
-319
-1528
-1812
-2690
-4364
-4931
-3922
-2590
-2090
-1984
-829
541
1349
1578
1869
2214
1561
334
-237
343
467
-184
-411
378
1503
1909
2119
2706
2969
2232
1215
708
373
-654
-2158
-2902
-2786
-2651
-2781
-2502
-1744
-1247
-1322
-1182
-738
-710
-1346
-2201
-2489
-2326
-2386
-2692
-2576
-1825
-1413
-1208
-898
-261
-258
-1062
-1924
-2499
-3564
-4680
-1764
2266
3612
2598
3385
7464
9857
8590
6596
7345
6576
2157
-1061
-355
1207
-1619
-5004
-3607
-32
747
-651
398
2473
1782
-1676
-2890
-1134
-1960
-5679
-8022
-6416
-4380
-4854
-4687
-1722
1144
1059
732
2773
4898
4266
1745
943
1551
1026
-177
-313
1030
1829
1352
1725
3684
5017
4129
2741
2081
1619
117
-1665
-2526
-3103
-4044
-4800
-4058
-2393
-1179
-810
-246
817
1560
1571
1253
1127
789
-342
-1248
-951
-230
-59
-94
513
1574
2353
2568
2599
2497
1854
757
-355
-786
-1099
-1830
-2482
-2391
-1757
-1371
-1179
-905
-701
-876
-1275
-1483
-1609
-1993
-2545
-2934
-2693
-2190
-1756
-1400
-875
-335
-255
-304
-280
-504
-1301
-2299
-2991
-3614
-4422
-5678
-4151
487
3684
4044
4017
6612
9257
8866
6412
5581
5537
2109
-1918
-2858
-664
-273
-2735
-2785
498
2963
2304
1805
3029
2922
-185
-3529
-3711
-3358
-5334
-7748
-7606
-5066
-3457
-2965
-1234
1558
2521
1666
1478
2301
2475
734
-1051
-1292
-878
-460
-19
1116
2784
3841
4089
4400
5030
4932
3442
1254
-439
-1475
-2351
-3277
-3667
-3372
-2627
-1791
-917
542
1617
1528
755
326
216
-351
-1414
-1948
-1737
-1603
-1362
-447
1005
2059
2190
2195
2603
2838
2111
946
79
-565
-1105
-1621
-1415
-773
-412
-477
-315
265
463
-41
-855
-1385
-1959
-2564
-2983
-2864
-2416
-2111
-1862
-1291
-432
108
67
-234
-449
-869
-1543
-2065
-2349
-2630
-3074
-3307
-3265
-3022
-3501
-2432
1327
4253
4585
3909
5222
7086
6535
4393
3504
3906
2019
-729
-1115
968
1778
93
-178
1766
2922
1761
853
1147
491
-2101
-4315
-4063
-3587
-4539
-5313
-4436
-2675
-1823
-1407
-61
1152
707
-335
-265
166
-284
-997
-756
26
218
734
2345
3775
4087
3826
3898
3955
3114
1780
928
294
-867
-1972
-2052
-1232
-756
-1144
-880
222
672
73
-404
-318
-749
-1768
-2478
-1985
-1118
-899
-746
87
1300
1926
1890
1935
2013
1635
740
313
276
76
-428
-611
-108
366
678
779
853
707
163
-562
-1120
-1587
-2146
-2671
-2836
-2477
-1963
-1532
-1003
-605
-448
-402
-410
-548
-814
-1206
-1606
-1769
-1865
-1870
-1658
-1438
-1256
-1261
-1293
-1635
-2170
-3036
-3455
-1267
1658
2669
2231
3048
5440
6328
5317
4300
4676
3801
950
-780
6
1243
84
-1087
76
1870
1883
1008
1494
1739
66
-2435
-3286
-2836
-3467
-4664
-4642
-3384
-2481
-2094
-956
654
949
-55
-279
232
103
-663
-842
-147
145
279
1247
2787
3596
3479
3333
3366
3124
2105
1003
443
-279
-1189
-1612
-1221
-528
-322
-429
-75
355
395
3
-519
-882
-1426
-1862
-1838
-1225
-491
2
359
1039
1813
1963
1773
1627
1321
729
86
-97
12
57
-26
82
506
867
919
720
447
-59
-691
-1412
-1792
-1940
-2112
-2179
-1917
-1368
-921
-525
-238
-208
-411
-699
-863
-993
-1089
-1310
-1519
-1479
-1250
-951
-820
-640
-598
-892
-1361
-1878
-2419
-3204
-3968
-3268
-627
1863
2577
2937
4388
5823
5684
4264
3683
3454
1656
-553
-986
441
1030
458
634
2012
2723
2019
1638
1703
737
-1567
-3356
-3440
-3139
-3497
-3745
-2891
-1742
-1270
-905
-20
488
-339
-1550
-1851
-1532
-1475
-1343
-625
372
1095
1898
2993
3741
3784
3223
2371
1661
987
444
-70
-377
-469
-368
-26
598
1089
975
524
-24
-279
-748
-1452
-1907
-1945
-1844
-1602
-750
229
1041
1312
1252
1336
1139
651
88
-289
-565
-637
-361
215
742
1097
1408
1456
1247
907
366
-337
-1005
-1469
-1874
-1922
-1619
-1119
-752
-468
-62
203
195
-11
-391
-923
-1314
-1563
-1535
-1326
-999
-725
-551
-277
-71
-204
-533
-771
-1259
-1791
-2308
-2477
-2636
-2726
-2982
-3080
-2012
508
2643
3193
3711
4896
5473
4360
2855
2552
2154
556
-791
-199
1382
1804
1463
2010
3081
2728
1356
612
295
-929
-2957
-3855
-3391
-2983
-2926
-2319
-1178
-467
-481
-475
-122
-443
-1444
-2150
-2255
-1882
-1454
-572
618
1700
2420
3007
3400
3305
2795
2019
1121
315
-115
-123
57
231
482
823
954
844
655
209
-518
-1482
-1778
-1466
-1469
-1632
-1101
-236
296
455
890
1557
1489
693
173
82
-69
-377
-431
49
580
914
1229
1623
1767
1448
713
106
-221
-546
-976
-1163
-930
-637
-472
-382
-149
-86
-341
-735
-1097
-1277
-1278
-1350
-1327
-1057
-641
-316
-98
246
457
287
-174
-573
-893
-1210
-1499
-1661
-1612
-1418
-1181
-1072
-1039
-1084
-1378
-1894
-2670
-2588
-1111
773
1762
1963
2600
3693
4025
3434
2938
2821
1962
604
17
775
1494
1221
1129
1657
2099
1706
1026
641
-10
-1110
-2353
-2704
-2393
-2152
-2085
-1695
-1029
-688
-681
-663
-656
-1014
-1491
-1735
-1636
-1199
-462
424
1205
1703
2207
2536
2474
2284
1979
1395
776
406
485
662
828
887
872
864
613
372
-67
-638
-1379
-2008
-2136
-1997
-1718
-1337
-578
640
1700
1925
1689
1416
1139
588
-64
-421
-435
-260
3
573
1312
1828
1843
1598
1411
1060
467
-240
-800
-1031
-1021
-1073
-913
-497
-210
-230
-351
-400
-589
-1084
-1386
-1348
-1259
-1011
-683
-93
465
848
813
538
342
-52
-527
-1032
-1275
-1293
-1256
-1114
-816
-542
-432
-591
-900
-1298
-1648
-2149
-2608
-3250
-3240
-1655
549
2103
2534
2864
3538
3644
2813
1894
1643
1132
71
-234
782
1996
2268
2159
2369
2428
1791
705
-55
-799
-1602
-2359
-2530
-1885
-1182
-765
-454
-224
-189
-591
-1054
-1532
-1960
-2145
-2058
-1626
-792
312
1336
1938
2175
2342
2160
1574
964
667
368
57
164
696
1291
1525
1576
1552
1176
446
-356
-923
-1314
-1761
-1985
-1728
-1216
-756
-403
288
1017
1252
731
99
56
123
14
11
234
613
903
1197
1496
1696
1441
819
411
201
-37
-194
-163
-33
98
265
371
361
204
-208
-704
-1057
-1138
-1324
-1381
-1163
-899
-631
-252
46
173
157
2
-172
-345
-462
-448
-439
-291
-39
100
121
16
-199
-500
-835
-1130
-1502
-1780
-1753
-1769
-1718
-1619
-1557
-1681
-2156
-2269
-1137
448
1316
1520
1737
2271
2517
2166
1871
1990
1701
1009
763
1308
1988
1953
1673
1673
1559
1119
598
238
-136
-672
-1252
-1442
-1265
-999
-894
-907
-923
-935
-998
-1120
-1347
-1440
-1315
-1180
-1013
-458
311
873
1119
1217
1461
1416
1041
808
758
693
628
702
962
1197
1147
901
677
497
17
-518
-828
-830
-1010
-1197
-1017
-751
-695
-773
-501
-12
460
447
62
-139
168
474
603
827
1090
1077
965
991
1132
1047
740
400
266
330
401
476
397
296
230
37
-164
-349
-544
-816
-1065
-1040
-1013
-952
-855
-785
-715
-539
-399
-392
-418
-318
-267
-342
-286
-110
-44
-56
-69
-99
-185
-275
-452
-647
-867
-1076
-1205
-1279
-1233
-1207
-1299
-1373
-1414
-1492
-1707
-1940
-2098
-2250
-1597
-184
1066
1645
1831
2118
2407
2244
1772
1423
1127
874
832
958
1588
2071
2039
1794
1480
1141
573
-48
-484
-864
-1209
-1268
-1058
-865
-743
-729
-906
-1118
-1246
-1420
-1585
-1659
-1585
-1227
-687
-151
303
671
975
1027
837
628
498
428
367
453
678
939
1183
1325
1297
986
523
27
-301
-517
-754
-883
-865
-744
-571
-394
-325
-454
-730
-607
-172
44
-55
-88
193
592
768
933
1042
1030
1024
982
977
878
724
586
456
412
488
516
388
45
-198
-330
-588
-762
-746
-767
-843
-827
-711
-706
-706
-706
-800
-911
-857
-694
-570
-379
-191
28
101
239
346
350
260
163
20
-172
-217
-316
-393
-527
-701
-812
-954
-1127
-1231
-1397
-1538
-1611
-1764
-1757
-1640
-1608
-1670
-1755
-1718
-1079
36
1024
1424
1560
1757
1778
1760
1587
1610
1482
1206
1219
1472
1800
1859
1748
1536
1082
535
159
-141
-422
-772
-1016
-1126
-1102
-991
-988
-1037
-1153
-1374
-1552
-1547
-1441
-1385
-1265
-959
-511
-125
360
690
803
783
805
805
838
902
1016
1138
1099
1168
1125
1057
909
536
211
-209
-526
-574
-561
-593
-677
-622
-558
-562
-648
-770
-890
-1087
-1013
-638
62
703
943
837
664
766
889
980
849
629
610
714
875
897
741
570
490
311
97
-12
-113
-221
-445
-476
-519
-480
-521
-676
-761
-902
-963
-1002
-940
-1000
-951
-672
-329
-93
59
215
263
142
74
12
31
83
23
-47
-20
30
-69
-190
-274
-372
-685
-966
-1122
-1087
-1053
-1031
-1017
-1089
-1130
-1218
-1234
-1296
-1285
-1488
-1558
-1073
-215
699
1139
1323
1466
1578
1493
1317
1177
937
830
968
1229
1438
1397
1428
1234
871
527
153
-204
-527
-675
-647
-554
-491
-399
-512
-721
-908
-941
-1050
-1215
-1280
-1179
-901
-608
-265
44
321
443
403
350
341
277
365
510
665
763
874
1018
971
846
617
418
213
-24
-246
-232
-262
-145
-133
-223
-255
-367
-505
-596
-697
-758
-669
-530
78
782
1097
878
595
371
344
325
299
293
149
291
558
802
680
492
339
181
176
-54
-279
-428
-454
-225
-136
-257
-354
-356
-582
-738
-712
-680
-702
-774
-659
-549
-343
-86
61
70
74
43
-53
-99
-90
-49
-27
96
194
108
-52
-83
-192
-332
-453
-521
-570
-648
-612
-533
-429
-521
-641
-824
-958
-1014
-1029
-1004
-900
-793
-780
-685
-520
-57
363
646
729
751
755
592
630
738
790
758
765
812
848
805
685
626
504
387
257
117
7
-113
-183
-136
-142
-221
-363
-524
-611
-613
-589
-530
-507
-564
-589
-497
-337
-169
-69
44
95
177
250
252
338
426
466
534
544
534
484
372
371
278
270
195
91
59
81
-4
-26
-11
-14
-72
-225
-298
-326
-366
-379
-233
88
447
518
400
126
-148
-348
-353
-171
-70
95
262
328
323
252
78
-85
-64
-24
71
97
-15
-89
-91
-35
-47
-41
-138
-303
-373
-478
-405
-325
-174
-164
-114
-65
-51
27
-77
-103
-125
-128
-111
-222
-263
-276
-230
-169
-77
-11
-21
-100
-239
-363
-520
-460
-345
-145
8
-31
-208
-385
-503
-574
-581
-374
-248
-257
-313
-295
-232
-118
-125
-163
-262
-396
-396
-478
-376
-159
121
291
263
185
-64
-131
-29
138
269
305
311
413
379
222
160
128
186
270
198
165
84
21
13
47
86
21
-7
-100
-135
-194
-258
-230
-129
-40
-5
-111
-164
-146
-126
-109
-79
-45
-18
29
30
31
90
108
111
114
62
39
-8
-71
-129
-83
-68
-74
-44
63
204
267
255
96
-23
-86
-111
-120
-75
-46
-44
-61
-133
-86
-65
-114
-86
-40
43
131
76
-12
-153
-212
-116
-53
-44
-83
-101
-127
-168
-208
-148
-69
-13
-23
-93
-108
-170
-117
-13
-33
-126
-258
-297
-363
-410
-407
-364
-249
-180
-262
-388
-416
-391
-312
-205
-229
-256
-278
-262
-259
-277
-261
-307
-343
-339
-334
-282
-292
-286
-173
-88
-75
-71
-98
-216
-270
-280
-326
-351
-304
-210
-49
24
-4
-72
-165
-211
-271
-296
-299
-228
-249
-191
-128
-14
157
110
89
92
-29
-141
-127
-72
-9
51
97
125
154
46
-18
-82
-105
-50
2
-93
-105
-25
-24
49
129
137
96
32
-15
3
-108
-119
-1
122
173
139
45
-1
-14
-43
-1
7
0
19
6
-20
17
46
77
50
13
-53
-152
-181
-229
-199
-26
-40
-64
-79
-130
-164
-206
-67
-44
-171
-250
-258
-170
-71
-54
-124
-152
-95
-40
26
63
-16
-23
45
97
70
16
17
34
24
-67
-179
-222
-141
-128
-163
-202
-211
-181
-217
-315
-364
-270
-207
-225
-313
-369
-411
-322
-237
-162
-139
-192
-200
-211
-166
-54
50
80
81
29
-82
-167
-285
-222
-94
-11
91
83
15
-73
-137
-171
-223
-176
-186
-238
-233
-169
-82
-68
-94
-180
-277
-329
-310
-309
-218
-64
117
162
-4
-69
-163
-235
-199
-162
-46
-37
6
48
66
26
-5
46
-32
-62
-34
-62
-67
-58
-32
77
185
200
96
-65
-203
-265
-252
-178
-74
10
55
31
-5
-37
-37
-145
-180
-146
-77
-11
-96
-45
-45
-148
-187
-130
-15
5
25
-6
13
27
-1
56
28
17
-19
-88
-122
-125
-67
-68
-119
-162
-225
-270
-275
-225
-133
-46
-31
-22
-70
-130
-155
-216
-221
-196
-119
-134
-22
-77
-120
-92
-105
-67
-141
-116
-9
21
-84
-132
-134
-96
-78
-175
-191
-137
-111
-135
-112
-11
44
-38
-45
7
-35
-119
-102
-39
-18
21
36
84
138
67
-86
-169
-119
-57
-51
-48
-96
-138
-189
-129
-17
10
8
-7
-47
-206
-331
-261
-51
264
346
129
-44
-80
-84
-142
-180
-276
-258
-40
157
163
47
-31
-72
-51
-110
-154
-170
-117
-28
5
90
132
9
-181
-252
-189
-148
-82
81
139
161
162
106
123
86
-5
-50
-70
-56
-17
-2
-13
1
18
9
-75
-90
-120
-171
-153
-98
-46
-14
71
122
123
105
-16
-47
-114
-145
-14
22
117
176
257
236
98
49
-84
-74
-26
-54
-83
-62
-66
-94
-31
27
89
49
-30
-180
-155
-132
-100
-46
14
43
80
80
39
27
-47
-43
-71
6
70
80
42
-65
-28
72
128
117
22
-123
-221
-249
-123
65
145
191
66
-93
-202
-147
-5
3
-57
-112
-95
-85
-49
-42
-31
35
-6
-88
-222
-221
-141
-46
-30
38
-42
-68
-57
-117
-103
-70
-7
74
84
41
-33
-98
-3
-54
-77
-63
-62
46
196
172
92
67
15
21
-14
-43
26
43
75
110
100
69
20
35
63
60
-39
-97
59
180
151
149
154
25
46
85
141
122
78
48
7
67
147
204
111
112
77
91
74
0
17
50
127
133
162
206
170
104
51
89
111
96
122
139
222
283
208
79
44
-16
-23
8
63
159
134
140
57
7
-51
-103
-71
-73
24
108
193
144
104
174
52
-20
-39
-108
-163
-134
-61
90
171
199
178
85
-4
-56
-13
69
133
100
32
21
13
67
124
157
149
82
24
10
36
-16
-86
49
188
73
-7
-31
-110
-136
-57
57
77
45
35
9
55
61
133
193
113
1
-60
-99
-94
-4
78
82
8
-53
-94
-99
-30
44
27
11
-9
-1
11
-17
10
79
146
145
70
-7
-52
-74
-18
99
183
221
189
113
38
52
8
-24
-6
-3
6
-22
6
16
77
18
-86
-53
-30
29
32
115
147
130
178
126
107
150
124
124
190
244
259
167
209
188
133
180
145
180
159
120
199
126
81
3
-24
6
-10
21
-8
63
67
13
1
38
119
196
141
147
103
112
107
94
131
87
93
135
171
236
238
197
102
47
79
9
-18
0
12
38
37
-4
-41
-77
-52
19
23
24
26
106
93
30
30
45
19
-11
64
115
91
106
81
104
211
240
184
138
83
82
58
68
73
43
67
117
79
63
62
24
-13
-13
6
-17
-17
26
38
68
131
138
85
-14
-49
-92
-2
62
129
183
177
109
1
-34
-75
-41
77
144
135
112
-15
-103
-45
-40
32
42
68
142
140
67
81
138
121
64
55
14
-80
-79
-20
62
163
305
338
298
234
138
53
33
54
53
148
216
242
271
228
179
148
72
-12
-84
-96
-17
4
37
79
113
173
159
78
27
-22
-9
-8
12
38
55
107
155
106
77
71
-19
-77
-54
-99
-79
-7
97
132
140
73
-27
-17
-121
-169
-112
-63
-33
-20
2
20
-29
-76
-95
-1
44
12
14
12
8
-20
36
105
98
-7
-50
-36
16
82
16
18
53
-3
28
31
26
-18
-80
-13
-58
-68
-101
-155
-171
-122
-67
6
51
26
25
-25
-13
-8
-3
39
30
21
42
11
62
70
5
1
-4
-32
-114
-165
-164
-59
15
13
24
-6
41
-9
-57
-116
-151
-43
51
23
29
60
54
18
24
-14
-82
-55
-16
62
126
117
107
111
73
5
-33
-71
-68
-53
18
68
84
52
0
7
-53
-80
-124
-162
-94
-43
-54
-59
-121
-108
-66
-74
-39
-25
-55
-78
-25
37
21
7
41
36
-15
10
31
10
-3
-20
-14
-42
-100
-24
-62
-95
-68
-94
-102
-91
-145
-71
-84
-103
-36
-16
-56
-42
-70
-97
-30
26
47
-28
-89
-65
-51
-51
-7
16
-43
-23
-55
-65
-78
-85
-123
-85
-36
-65
-88
-42
-67
-96
-62
-52
-50
-94
-45
-48
-42
-79
-149
-95
-42
-30
-67
-59
-59
-59
-66
-105
-112
-104
-28
3
-35
15
28
-29
-78
-140
-118
-143
-202
-172
-160
-114
-59
-74
-129
-152
-78
-53
-93
-29
-46
-61
-34
7
-2
-15
-5
-48
-124
-169
-93
1
21
11
10
-33
-95
-140
-145
-128
-115
-75
-56
-79
-12
-35
-123
-161
-182
-226
-233
-173
-166
-136
-51
7
-2
-15
-26
-61
-138
-125
-102
-63
-65
-104
-76
-61
-73
-96
-99
-78
-29
-50
-134
-136
-117
-126
-72
-43
-21
6
-20
-91
-85
-131
-108
-138
-205
-180
-121
-35
-59
-13
-29
-67
-107
-219
-196
-130
-150
-116
-133
-125
-4
-70
-65
-18
-12
-59
-84
-43
-52
-43
-13
-6
13
62
102
39
-6
-22
-101
-124
-112
-27
60
67
-54
-4
103
-42
-139
-99
-108
-193
-152
-130
-109
-50
40
28
36
8
-63
-78
-154
-95
-83
-71
-120
-48
-55
-25
50
17
-15
37
1
-34
-18
-61
-76
-94
-33
-14
-58
-58
-95
-121
-123
-120
-128
-82
-94
-71
-38
-37
21
-68
-113
-107
-78
-92
-67
-85
-97
-101
-70
-26
-27
-45
-59
-15
-2
-19
22
-9
-3
-6
-22
0
-17
-23
-37
-61
-108
-84
-68
-23
-67
-48
-74
-52
-72
-80
-158
-228
-217
-257
-219
-202
-158
-118
-20
-49
-117
-108
-152
-135
-78
-99
-85
-54
-81
-73
-66
-113
-95
-116
-166
-76
-70
-74
-57
-92
-78
-121
-128
-100
-108
-126
-158
-129
-116
-147
-127
-139
-149
-218
-169
-93
-105
-118
-125
-153
-190
