-108
-98
-128
-152
-99
-70
-42
-63
-89
-117
-102
-118
-150
-98
-78
-49
-34
-85
-190
-182
-149
-116
-113
-153
-124
-149
-145
-132
-165
-127
-177
-168
-128
-125
-140
-189
-153
-103
-49
-115
-116
-83
-80
-78
-90
-33
-42
-30
-97
-54
-26
-17
-55
-63
-29
-102
-138
-110
-100
-89
-49
-9
-26
-88
-46
-49
-64
-14
-7
-13
-23
-109
-156
-104
-76
-93
-128
-74
-66
-48
-29
-104
-120
-86
-107
-59
-69
-71
-62
-92
-65
-98
-102
-125
-138
-125
-107
-105
-120
-110
-105
-95
-93
-108
-120
-110
-89
-112
-125
-128
-108
-55
-45
-6
-22
-59
-64
-34
-60
-62
-46
-107
-98
-124
-76
-56
-61
-43
-51
-26
11
-51
-75
-15
-3
-45
-105
-42
-78
-79
-44
-99
-55
-46
-75
-119
-51
-20
-17
12
-19
-4
-35
-27
-25
-24
-24
-9
58
29
35
32
-13
-18
-71
-41
-1
4
3
78
8
0
-8
25
30
4
56
55
55
80
95
93
115
80
118
104
108
76
46
97
78
113
89
50
56
76
71
37
83
38
98
89
50
56
68
87
52
79
35
24
18
23
-3
-42
25
24
-1
-20
13
39
39
77
21
33
-4
-62
-53
-113
-81
-60
-110
-180
-191
-137
-126
-209
-174
-125
-90
-96
-126
-160
-191
-120
-29
-26
-69
-26
-28
-28
-40
-54
-58
-98
-114
-109
-83
-74
-114
-94
-52
-41
-57
-43
-36
-48
-60
-112
-79
-106
-91
-87
-97
-10
-39
-99
-156
-131
-192
-158
-109
-151
-46
33
78
120
131
151
67
87
113
196
235
217
239
262
270
340
352
301
260
232
314
325
381
279
239
239
246
230
208
176
79
65
74
73
67
95
72
40
45
65
71
54
-30
-70
-76
-41
13
-36
-30
-58
-38
-85
-12
23
-15
-1
-13
9
85
222
260
229
142
141
145
166
145
116
91
103
111
122
220
218
155
82
137
201
199
149
55
52
-35
-42
18
-34
-128
-92
-106
-120
-91
-74
-96
-118
-92
-66
-9
-31
-46
-121
-110
-86
-43
-70
-109
-103
-113
-73
-129
-76
-56
-124
-118
-133
-84
-84
-139
-214
-273
-223
-187
-163
-227
-319
-369
-328
-153
13
113
100
102
34
-56
-40
161
236
110
126
248
375
444
471
485
441
275
265
486
581
480
395
419
460
426
478
528
406
207
150
271
305
306
233
141
106
180
224
176
67
-53
-155
-127
5
53
34
-29
-110
-168
-92
-49
40
-30
-133
-188
-78
-15
-85
-39
-73
-126
-64
-49
24
29
-19
61
26
17
-7
33
62
-18
-37
74
210
286
282
254
178
81
119
240
305
242
179
203
234
328
307
370
320
208
227
319
426
306
132
103
130
145
236
294
181
18
-20
10
37
43
55
-54
-144
-64
5
-65
-146
-170
-201
-261
-198
-95
-148
-235
-293
-251
-109
-68
-131
-158
-251
-169
-62
-43
-87
-82
-104
-200
-193
-102
-64
-137
-188
-216
-188
-148
23
208
154
42
129
168
132
32
141
221
135
148
278
439
501
483
548
556
408
382
534
565
441
472
519
477
451
480
491
438
317
203
316
349
312
266
184
184
136
138
132
121
36
-67
-84
-33
29
12
-50
-90
-100
-116
-33
5
-74
-150
-161
-62
-10
-6
18
-71
-100
-64
-31
-12
-24
6
-38
-35
1
141
305
262
173
158
128
30
25
98
207
246
136
236
308
240
221
320
288
150
146
267
252
203
145
157
100
86
183
193
88
-1
34
32
-41
-42
4
-64
-94
-2
61
-37
-123
-118
-130
-233
-183
-92
-64
-261
-323
-162
-235
-295
-158
-156
-232
-195
-56
-63
-172
-167
-201
-314
-267
-132
-94
-229
-287
-233
-197
-120
76
271
122
-36
35
91
3
-132
10
243
171
179
296
319
291
297
455
470
322
227
363
441
445
370
423
516
447
428
506
453
286
249
290
296
242
179
192
237
206
231
254
184
144
51
25
96
99
51
-11
-40
-29
-32
-7
1
-36
-121
-156
-98
-26
-64
-68
-51
-131
-167
-108
-47
-9
-48
-17
36
79
239
287
273
120
74
53
29
34
183
266
254
198
319
395
266
243
503
1269
1872
1260
106
263
790
92
-748
-402
108
-276
-800
-689
-379
-203
-83
-52
60
185
43
30
166
-20
-270
-244
-157
-51
-1
-50
79
217
-126
-162
77
12
-329
-240
12
-156
-117
152
176
-61
-286
-155
-116
-258
-394
-253
-230
-387
-391
-192
-207
-314
36
404
342
33
-22
103
-56
-174
56
404
314
162
459
698
564
397
546
568
468
382
567
819
666
465
521
500
445
340
443
409
204
158
269
302
187
58
-55
-105
-192
-136
2
154
117
37
117
103
17
2
-69
-142
-94
47
125
40
-28
63
-55
-220
-93
165
42
-84
-10
118
106
-53
-71
-18
-8
-38
102
280
430
490
282
120
193
98
-69
29
193
189
68
141
298
194
8
55
115
125
86
264
512
297
-100
-163
26
-221
-221
249
410
41
84
127
22
-73
-77
6
84
212
237
331
97
-73
3
-116
-352
-304
-147
-198
56
392
365
72
49
131
-166
-617
-639
-87
293
12
-198
66
121
-428
-477
-94
-247
-573
-123
253
-186
-662
-121
435
241
8
314
425
24
-36
219
275
121
105
347
547
510
400
487
510
363
273
340
621
707
555
500
502
411
346
436
389
210
87
171
251
219
172
167
88
-54
45
213
233
121
73
88
86
18
100
159
57
11
124
245
126
63
85
-22
-105
39
63
-45
17
153
26
-72
98
113
39
97
123
77
341
624
531
257
179
147
183
151
68
284
391
175
168
365
262
32
158
246
71
135
587
608
47
48
245
38
-141
528
439
-153
44
366
176
25
986
1083
215
26
666
539
-337
-348
24
-453
-1150
-365
449
-444
-1049
29
413
-31
233
800
501
-304
-514
-90
331
-202
-135
401
235
-274
-203
57
-88
-208
-102
52
-94
2
1
-445
-407
440
768
335
110
345
256
-81
100
559
448
70
263
706
672
529
626
650
428
278
458
791
876
647
471
464
456
466
570
542
469
252
194
370
407
179
-76
-1
52
-10
150
437
352
74
-17
45
93
145
41
-21
121
165
73
209
327
-11
-155
-68
30
190
290
196
92
241
177
132
364
560
303
118
230
454
309
100
428
491
-84
82
709
413
70
356
378
-6
136
559
459
164
192
342
242
-25
168
153
-321
-262
578
581
-85
170
407
-137
-494
-218
1
190
307
536
315
-309
-509
-36
265
-57
560
524
3
-191
-289
87
68
-245
-197
563
134
-16
591
70
-484
38
349
-408
-236
358
58
-515
50
498
-484
-790
119
270
-929
-384
625
76
-554
611
985
-128
-193
625
413
-281
388
1075
374
-139
408
723
419
337
664
662
339
365
666
654
382
332
435
353
282
325
420
374
135
50
273
266
-21
-139
29
92
-147
100
410
-11
-211
222
-150
-526
118
313
-236
-228
25
133
188
-55
-311
-152
165
19
-56
43
124
239
-57
-341
80
443
257
341
524
71
-66
282
251
127
100
146
267
361
149
105
40
-80
-120
309
296
187
232
192
-180
-317
100
-162
-366
410
214
-459
34
333
-570
-314
69
-199
-28
416
110
84
487
-578
-233
205
-79
-164
307
330
-426
-8
154
45
-468
-598
103
605
-198
-274
512
177
-597
-401
307
127
-422
-206
560
-37
-918
-408
450
-433
-901
57
376
-621
-800
117
195
-218
279
775
273
-209
260
507
-70
44
718
570
97
377
757
587
231
317
590
664
504
647
813
452
237
351
381
274
272
343
309
60
21
299
161
-283
-241
67
-96
-139
117
316
42
-255
-91
27
-168
-301
116
253
45
-113
8
65
3
-255
-278
-24
-28
-149
188
331
-90
-118
176
318
358
455
183
-40
11
168
203
260
68
189
388
21
-60
358
329
-124
-40
436
284
-289
-181
225
-392
-453
118
168
-369
-290
263
-163
-847
-196
423
-569
-360
525
18
-495
284
297
-230
-11
-286
-509
49
16
-73
37
-102
-327
-19
5
-296
-51
134
-343
-90
426
-53
-692
-48
35
-518
-624
113
140
-494
-716
35
106
-974
-698
386
-135
-709
108
417
-172
307
1293
880
-70
51
666
324
-351
376
1111
197
-155
803
978
34
35
867
812
72
344
1045
767
5
97
387
165
-45
290
606
65
-294
131
221
-368
-403
-138
-199
-205
-55
79
3
-166
-273
-206
-231
-275
22
341
24
-298
55
104
-192
-102
180
-182
-231
198
266
72
-122
-164
-170
-196
-127
272
632
607
458
269
159
-36
-53
239
274
130
149
276
-46
-91
-38
12
36
89
26
266
587
54
-179
-146
1
-458
-556
-183
20
114
108
-179
-535
-504
-522
-456
-142
73
-9
162
-198
-170
-184
-300
-394
30
66
-39
-244
-193
-200
-292
-148
-293
51
181
-90
-142
-35
-72
-287
-311
-296
-231
-163
-237
-70
-206
-948
-684
-133
-668
-809
-402
-580
-919
236
1029
511
-234
54
151
-113
-276
432
938
379
56
667
862
445
265
538
575
407
600
1100
1211
526
181
287
304
269
428
602
428
82
121
220
3
-313
-312
-258
-317
-83
282
254
24
-411
-569
-341
-209
-204
37
71
-311
-24
376
-102
-590
-108
19
-327
-30
522
321
21
16
-253
-356
-187
84
263
123
552
1258
1286
190
-146
32
-176
-102
429
909
399
-403
-243
217
-221
-615
101
529
-62
-27
783
521
-967
-1153
-517
-521
-774
90
531
-263
-885
-345
-113
-856
-1010
42
362
-298
96
559
-60
-805
-454
-92
-399
-259
380
21
-446
-425
-458
-927
-292
324
-55
-302
-320
435
-56
-663
-800
-206
-468
-804
-232
-18
-581
-1309
-1089
-1116
-488
728
1611
744
-435
-611
300
429
33
602
1139
311
234
1411
1613
401
-109
540
934
768
964
1776
1373
58
-331
368
435
145
338
639
202
-221
55
118
-482
-913
-654
-443
-252
184
429
-91
-734
-841
-435
-462
-455
4
70
-4
42
249
202
-231
-443
-289
-168
-39
307
533
163
-361
-492
-163
92
194
669
863
639
690
903
494
-134
-311
-95
374
588
439
392
137
-369
-665
-264
196
41
-17
361
512
-82
-233
-507
-893
-688
-167
-179
-110
-115
-642
-849
-1103
-1211
-447
-36
203
421
410
-171
-635
-719
-649
281
-197
-407
758
417
-910
-729
186
-680
-957
-64
110
-300
-487
-728
-748
-821
-1116
-951
-308
-367
-1182
-944
-628
-1177
-1853
-324
1750
1981
205
-223
267
-71
-473
360
1776
1309
313
817
1687
1353
312
280
977
879
905
1630
2287
1262
85
130
336
233
482
963
886
172
-101
4
-510
-978
-982
-653
-558
-200
246
59
-500
-807
-752
-863
-721
-56
157
-143
-313
-268
-228
-161
-330
-151
226
62
-5
485
764
43
-512
-187
38
27
441
1208
1699
1627
1159
563
187
-108
17
467
1085
983
357
108
-21
-676
-811
-129
354
67
109
812
421
-827
-1544
-1119
-1222
-880
208
604
-46
-972
-1279
-928
-861
-779
-451
325
577
93
49
71
-753
-1366
-308
284
-289
-105
254
-244
-917
-765
-509
-792
-675
-381
-66
-475
-815
-1125
-1506
-1304
-923
-903
-1550
-1631
-1840
-1894
107
2397
2288
-646
-1373
-549
427
227
985
2746
2129
78
223
1872
2187
446
-55
1652
2098
1442
1880
2796
1166
-882
-615
995
1451
814
794
1002
-275
-1061
-404
-112
-887
-1393
-925
-477
-362
-273
-414
-1234
-1814
-1332
-221
314
477
277
-223
-890
-791
64
310
-204
-13
510
470
377
751
654
-179
-568
101
872
1001
1330
1396
1370
996
819
559
597
571
676
1069
1150
798
101
-562
-611
-583
-97
609
781
317
-457
-608
-414
-628
-1197
-621
-87
-817
-591
-119
-1236
-1363
-743
-470
-747
-238
-116
-49
-340
-836
-399
628
241
-690
-30
534
-98
-1005
-697
-1065
-1537
-1122
81
-349
-1630
-1704
-924
-1355
-2051
-1581
-1090
-1330
-2369
-2483
-3062
-1476
1557
3767
1702
-1851
-2215
-448
865
340
2182
3611
1781
-345
1222
3153
2018
-512
667
2827
2891
2081
2937
2533
-59
-1629
14
2150
2164
1135
847
442
-1003
-1249
-594
-355
-1125
-1443
-679
248
-33
-705
-1544
-1943
-2007
-1119
105
725
184
-735
-1086
-793
-411
54
400
634
556
547
918
1087
692
-8
-239
301
1035
1538
2123
2406
1944
961
565
887
1313
1225
1205
1236
1022
445
-33
-321
-535
-756
-276
541
670
-51
-797
-1079
-1276
-1302
-758
-376
-826
-1299
-1381
-1457
-1741
-1834
-1158
-390
-141
-772
-590
16
-699
-1700
-667
919
487
-167
-213
-291
-1003
-1082
-698
-556
-744
-1304
-1424
-1259
-1277
-1935
-1964
-1167
-1174
-1860
-2697
-2992
-3930
-995
3492
5270
714
-3167
-2624
120
1234
1264
3947
4408
1368
-541
2008
3737
1812
-538
1491
3757
3830
2908
3056
1740
-1196
-1992
641
3310
3005
1013
-41
-739
-1610
-1696
-892
-266
-1078
-1435
-669
128
-612
-2071
-2764
-2496
-1719
-472
611
686
-696
-1906
-1964
-977
-107
406
711
673
354
440
683
869
420
61
520
1425
2074
2198
2394
2564
2078
769
473
1366
1959
1600
1435
1338
653
-511
-552
32
59
-418
72
756
233
-861
-1259
-1228
-1485
-1377
-489
-125
-777
-1395
-1384
-1404
-1453
-1240
-1160
-1099
-1025
-815
-543
-519
-876
-1076
-755
-197
-9
-159
-399
-1085
-1291
-691
-349
-1027
-1426
-1322
-1445
-2010
-1920
-1766
-2261
-3091
-3313
-3586
-3372
1213
5731
4421
-2765
-5385
-2224
1977
2420
2445
4364
3770
-299
-1373
2270
4198
1418
-341
2756
5366
4076
1517
1229
188
-1602
-1019
2816
4887
2548
-1121
-2139
-1797
-1522
-1202
-300
20
-962
-1946
-1349
-688
-1788
-3168
-2910
-1212
-1
233
-124
-913
-2263
-2724
-1479
482
1266
763
44
-151
-61
49
520
946
1029
944
1309
1874
1882
990
1440
2926
3263
1610
1042
1708
1464
661
872
1827
1131
-392
-403
316
-205
-962
-500
277
-278
-1016
-875
-809
-1627
-2018
-1383
-921
-1134
-1317
-1384
-1511
-1778
-1716
-1324
-962
-733
-669
-564
-473
-627
-773
-910
-890
-724
-524
-602
-913
-1110
-1286
-1439
-1251
-1333
-1986
-2176
-1842
-1945
-2490
-2971
-3852
-3564
1769
6854
5353
-2506
-6159
-2596
2666
3705
3085
4685
3957
-521
-1937
2130
4922
2204
-634
2396
5795
4602
941
-189
-314
-1253
-812
2759
5365
2773
-2370
-3954
-2118
-672
-855
-550
96
-905
-2672
-2506
-1223
-1631
-3199
-3027
-747
770
139
-1154
-1918
-2547
-2435
-845
1353
1906
514
-897
-875
-184
303
751
1390
1443
1100
852
1306
1149
1359
2189
3144
2623
1552
1172
1234
1106
746
1143
1439
780
-39
-211
-568
-933
-931
-127
339
-81
-713
-1222
-1700
-1739
-1344
-898
-818
-963
-1352
-1677
-1954
-1899
-1647
-1259
-869
-646
-733
-798
-969
-921
-774
-456
-139
-67
-394
-914
-1218
-1287
-1190
-1462
-1706
-1906
-1856
-1926
-2095
-2482
-3063
-4125
-3221
3160
8286
4926
-4605
-7455
-1730
4479
4492
3146
4571
3146
-1717
-2394
2858
6132
2664
-615
2589
6145
4329
-312
-1330
-69
156
569
3541
5251
1295
-4587
-5248
-1383
1363
570
-477
-622
-1795
-3508
-3140
-1289
-959
-2359
-2437
-311
822
-693
-2737
-3093
-2094
-775
622
1891
1491
-603
-2147
-1361
596
1866
1851
1488
1129
726
353
692
1030
1679
3281
4477
3275
560
-574
60
1009
1893
2701
2466
381
-1752
-1806
-801
-168
100
652
561
-587
-1650
-2259
-2282
-1832
-871
2
40
-805
-2120
-2907
-2642
-1458
-219
255
-69
-835
-1653
-1897
-1206
-296
46
155
173
-342
-1333
-1797
-1558
-1147
-955
-873
-1102
-1935
-2637
-2661
-2699
-3268
-3657
-2122
4077
8399
4393
-5547
-8669
-2004
5740
6498
3715
3604
2256
-1975
-2949
2380
6867
4329
-1
1710
5389
3951
-1254
-2530
283
2329
2256
3126
3780
202
-5418
-5872
-685
3481
2008
-1233
-2267
-2693
-3721
-3462
-1199
86
-1114
-2269
-1181
-172
-1622
-3600
-3137
-702
1219
1435
1040
-58
-1751
-2562
-943
1945
3340
2374
793
42
-95
35
878
1831
3712
5018
4095
762
-1382
-747
1113
2597
3358
3275
1080
-1979
-2764
-1280
244
681
869
942
-230
-1951
-2907
-2554
-1629
-414
407
186
-1171
-2923
-3694
-2947
-1251
339
566
-286
-1451
-2229
-2231
-1167
225
889
673
-188
-1102
-1800
-1960
-1478
-668
-155
-262
-1237
-2438
-3107
-3080
-2572
-2574
-2880
-2127
3347
8252
5276
-5360
-9956
-2628
7146
8555
3595
2055
1605
-1651
-3316
1926
8056
6324
33
-185
4274
4559
-797
-2968
485
3984
3225
1876
2116
-165
-5046
-5866
-265
4978
3251
-2112
-4377
-3652
-3125
-2706
-731
910
-260
-2839
-2841
-1254
-1374
-2870
-2667
30
2046
1302
-557
-1706
-2031
-1598
313
2836
3748
1845
-706
-1307
-121
1056
1947
2771
3684
4611
3208
103
-1920
-120
2586
4204
3941
2477
-114
-2960
-2930
-53
2288
2220
670
-532
-1691
-2588
-2413
-1293
-330
47
-186
-1148
-2403
-3270
-3185
-1878
-125
875
59
-1886
-2926
-2646
-1349
286
1427
1168
-345
-1803
-2245
-1572
-542
121
376
-193
-1233
-2213
-2876
-2685
-2141
-1341
-1462
-2459
-3649
-136
6593
7283
-1589
-9593
-5075
5496
9407
3609
151
1070
235
-2092
687
7173
7539
631
-2563
2309
6182
2413
-2299
-813
3579
3801
1119
831
810
-2258
-4873
-1648
4106
4009
-1870
-5482
-3980
-1489
-1187
-947
-99
-574
-2902
-3589
-1661
-264
-1431
-2659
-1313
1000
1107
-762
-2000
-1670
-552
704
2026
2621
1364
-873
-1314
372
2322
2633
2848
3586
3721
1318
-640
-187
2288
3645
3290
2406
948
-920
-1877
-747
1172
1991
1319
7
-1170
-1981
-2017
-1302
-314
246
-275
-1540
-2686
-3020
-2585
-1590
-581
-57
-685
-1918
-2594
-2217
-1248
-112
595
660
-153
-1282
-1832
-1488
-611
194
318
-310
-1320
-2004
-2308
-2031
-1553
-1348
-1411
-2322
-3715
-3886
2010
8677
6484
-4693
-10141
-2487
8255
8637
1826
22
1613
286
-1771
2236
7972
6166
-1128
-2008
4064
6325
924
-3121
-37
4560
3687
813
450
62
-2877
-4149
155
4917
2836
-3422
-5788
-3031
-444
-514
-891
-443
-1033
-3006
-3182
-1291
-239
-1411
-2268
-800
1123
685
-1357
-2210
-1270
359
1525
2163
1841
285
-1203
-819
1367
2962
3844
3897
2763
471
-115
1467
2988
3001
2609
2326
1381
-164
-598
212
792
925
1220
1041
-251
-1670
-1975
-1103
-17
523
-20
-1521
-2771
-3020
-2175
-877
-124
-508
-1768
-2647
-2473
-1645
-749
-68
280
-27
-678
-1212
-1468
-1212
-664
159
412
-209
-1358
-2252
-2380
-1760
-1012
-837
-1288
-2422
-3835
-3936
1970
9018
7288
-4248
-10780
-3389
8454
9744
2398
-589
1014
634
-1560
1825
7835
7056
-345
-2564
3107
6449
1704
-2931
-248
5007
4485
726
-470
-255
-2072
-3320
167
4746
3092
-3342
-6381
-3485
83
408
-618
-925
-1441
-3126
-3444
-1581
21
-603
-1812
-1114
411
218
-1409
-2242
-1137
752
1886
1922
1100
-290
-1168
-501
1527
3032
4057
4233
2933
-89
-1505
488
3868
4916
3569
1559
-229
-1319
-748
1251
2433
1905
568
-446
-1047
-1198
-1037
-511
176
515
-171
-1749
-3164
-3271
-2051
-379
609
87
-1760
-3408
-3448
-1826
34
1096
687
-634
-1951
-2206
-1423
-384
295
235
-494
-1265
-1828
-2111
-2111
-1537
-942
-735
-2113
-3687
-4396
-231
7242
8761
-198
-9769
-6712
4902
10529
4808
-315
254
1207
-1145
23
6049
8495
2490
-2728
517
5858
4109
-1568
-1582
3549
5233
1785
-739
-442
-1014
-2847
-1200
3443
4347
-1238
-6261
-5136
-772
1024
144
-713
-1195
-2865
-3903
-2561
-240
230
-1095
-1519
-391
59
-1025
-1945
-1114
670
1807
1743
1059
23
-853
-683
1032
2682
3976
4589
3284
-68
-2043
81
3796
5319
3807
1543
-491
-1504
-659
1510
2823
2044
308
-754
-1089
-908
-563
-163
124
158
-395
-1603
-2704
-2831
-1982
-444
328
-155
-1836
-3393
-3310
-1719
138
1017
501
-931
-2136
-2252
-1167
70
496
35
-918
-1673
-1903
-1698
-1519
-1345
-1340
-1345
-1803
-3193
-4271
-219
7613
8903
-902
-10580
-6426
6121
10940
4190
-1020
437
1562
-1264
-294
6333
9062
2527
-3318
145
5849
4116
-1564
-1197
4195
5377
999
-1589
-484
-181
-2029
-1069
3215
4044
-1539
-6488
-4988
-34
1782
142
-1255
-1663
-2749
-3758
-2515
32
793
-803
-1798
-1012
-237
-873
-1668
-979
903
2028
1536
342
-430
-661
-32
1414
2632
3880
3828
1914
-1124
-1112
2090
4839
4091
2044
907
183
-447
311
2153
2546
1091
-338
-428
-367
-532
-479
87
366
40
-978
-2002
-2377
-1871
-958
-297
-368
-1028
-2313
-3014
-2232
-583
402
149
-736
-1470
-1793
-1387
-535
204
333
-266
-1190
-1676
-1528
-1185
-1120
-1009
-1044
-1468
-2634
-3712
-4065
-1074
6343
9978
2536
-9619
-10360
1969
12204
8481
254
-1331
698
-678
-1385
4275
9959
6255
-2216
-2859
3566
5739
496
-2069
2651
6566
3075
-1980
-2110
-95
-788
-1338
1943
4851
879
-5981
-7209
-1931
2568
1923
-537
-1796
-2757
-3995
-3371
-409
1709
532
-1768
-2069
-866
-610
-1228
-1043
582
1986
1580
293
-600
-717
-211
1145
2565
3322
3754
2800
339
-1417
373
3752
5400
3699
1354
-292
-949
-278
1894
3393
2471
40
-1402
-1266
-388
451
888
703
-195
-1333
-2206
-2270
-1573
-785
-389
-505
-1069
-2057
-2947
-2602
-1130
314
628
-218
-1252
-1904
-1742
-726
326
744
-73
-1325
-1949
-1683
-1068
-708
-872
-1417
-1943
-2530
-3143
-3656
-2196
4636
10077
4918
-7657
-11572
-936
11116
9960
1446
-1440
661
-294
-2144
2704
9968
8507
-808
-4119
1737
6138
2381
-1487
1666
6087
3651
-1694
-2436
250
312
-1162
781
4235
2203
-4401
-7185
-3053
2095
2460
-86
-1740
-2695
-3983
-3848
-1177
1739
1517
-1089
-2615
-1914
-921
-825
-592
696
1915
1488
112
-716
-503
209
1290
2331
3200
3917
3378
907
-1507
-340
3523
5887
4394
1451
-628
-1169
-315
2055
3884
2950
-72
-1995
-1690
-103
1049
1132
399
-782
-1553
-1887
-1931
-1469
-884
-528
-603
-1053
-1886
-2701
-2626
-1390
260
819
-89
-1495
-2293
-1885
-490
821
830
-278
-1706
-2263
-1754
-667
-286
-945
-1830
-2268
-2571
-3187
-3817
-752
6927
9766
1250
-10475
-9555
3293
12189
7518
-76
-779
861
-1349
-1629
5086
11013
6194
-3021
-3403
3456
5867
1088
-916
3531
6056
1654
-2819
-1754
936
15
-1033
1791
4267
228
-6200
-6806
-1257
2808
1879
-639
-1924
-3202
-4505
-3578
-134
2243
880
-1891
-2697
-1516
-809
-864
-295
1075
1655
789
-284
-520
-58
651
1507
2441
2640
3117
3182
1748
-378
57
3108
5293
4291
1606
-366
-928
-135
1947
3431
2604
-25
-1939
-1704
-206
1125
1247
323
-1120
-1895
-1901
-1574
-1170
-816
-728
-991
-1357
-1745
-2155
-2119
-1391
-256
344
-58
-1007
-1684
-1618
-583
509
541
-443
-1578
-2038
-1630
-858
-462
-843
-1957
-2790
-3136
-3284
-2500
3112
9275
6611
-5235
-11911
-3570
9609
11489
3063
-1712
37
359
-1787
1430
9076
10011
1041
-4904
-513
5841
4301
-355
860
5210
4079
-1257
-2805
139
1067
-905
-355
3155
2935
-3061
-7198
-4395
1158
2652
559
-1326
-2427
-4043
-4420
-1812
1772
2287
-476
-2974
-2777
-1315
-341
167
926
1501
1006
17
-368
-14
708
1319
2063
2308
2908
3686
2857
387
-740
1542
4515
5080
2876
434
-942
-872
931
3193
3606
1330
-1496
-2167
-961
807
1522
920
-502
-1750
-2261
-1884
-1257
-680
-635
-1090
-1444
-1588
-1954
-2210
-1688
-623
101
24
-647
-1296
-1633
-1214
-161
646
342
-956
-2065
-2311
-1450
-712
-754
-1632
-2341
-3050
-3990
-3107
3809
10449
6497
-6586
-12312
-2353
10611
11089
2500
-1252
415
-477
-2567
2327
10692
10058
-359
-5568
248
6450
3923
-434
1607
5447
3010
-2111
-2013
1303
923
-1814
-536
3724
2957
-3545
-7231
-3861
1236
2018
131
-1141
-2138
-4214
-4793
-1696
2254
2433
-736
-3141
-2659
-1156
-330
293
1249
1753
894
-237
-316
446
1089
1381
1975
2386
3435
4223
2786
-299
-1143
1776
4987
5090
2741
228
-1290
-1369
901
3658
3774
875
-1997
-2264
-795
855
1525
889
-625
-1852
-2254
-1886
-1274
-801
-860
-1142
-1380
-1538
-1967
-2312
-1865
-687
332
456
-411
-1551
-2019
-1325
-220
524
268
-751
-1951
-2470
-1899
-937
-726
-1422
-2756
-3879
-4277
-74
8094
9888
4
-11415
-8817
4728
12593
7158
-112
-749
138
-2184
-892
7117
12160
5181
-4629
-3949
3935
6329
1645
-52
3513
4555
-21
-2618
89
1935
-809
-2402
1062
4093
254
-5746
-6292
-1499
1738
1033
-417
-1165
-2970
-5124
-4083
168
3009
1377
-2078
-3330
-2168
-823
269
1225
1906
1163
-304
-713
365
1353
1514
1417
2598
4385
4178
1285
-1036
-38
2990
4722
4168
2625
508
-1449
-1451
1194
3801
3397
422
-1881
-2000
-688
507
1055
701
-450
-1884
-2564
-2060
-1099
-637
-882
-1171
-1255
-1754
-2487
-2448
-1411
-281
98
-163
-647
-1247
-1768
-1476
-319
698
392
-908
-2071
-2304
-2065
-1458
-951
-874
-2111
-4101
-5079
153
9170
10020
-1270
-12187
-7860
6124
12419
6162
103
165
-255
-3355
-754
8596
12661
3832
-5700
-3505
4681
5967
1129
297
3948
3717
-1128
-2555
1093
2198
-1596
-3135
1173
4176
-291
-6092
-6102
-1197
1261
338
-419
-734
-3078
-5755
-4518
356
3343
1484
-1994
-3199
-2251
-1233
-110
1418
2577
1499
-539
-1147
175
1412
1695
1534
2631
4286
4256
1754
-627
-241
2375
4370
4364
3076
669
-1781
-2102
584
3561
3578
650
-1853
-2440
-1428
20
1197
1110
-356
-2209
-2969
-2246
-1011
-590
-827
-1191
-1251
-1563
-2165
-2348
-1576
-362
249
193
-267
-1101
-1861
-1760
-573
527
377
-641
-1874
-2391
-2451
-1931
-1347
-1011
-2167
-4039
-4543
1820
9981
8597
-3999
-12556
-5310
8352
11884
4584
-89
420
-921
-3924
718
10668
12724
1830
-6510
-2630
5495
5564
996
1194
4414
2544
-2547
-2286
2140
2407
-2270
-3205
1724
4091
-995
-6284
-5393
-851
773
105
25
-318
-3408
-6272
-4341
948
3550
1311
-1942
-2880
-2283
-1429
19
2111
3116
1454
-838
-1011
585
1594
1711
1843
2796
4228
4514
2369
-371
-691
1726
4096
4651
3497
1084
-1864
-2794
-294
3182
3774
1274
-1539
-2592
-2157
-705
892
1406
115
-2049
-3176
-2682
-1320
-641
-869
-1073
-1029
-1250
-2000
-2300
-1701
-689
92
428
421
-471
-1653
-2008
-1004
277
534
-356
-1397
-2256
-2511
-2368
-1796
-1663
-2501
-4144
-3245
4587
10921
5528
-8272
-12647
-1297
11420
10841
2914
-200
299
-2682
-4195
3405
13299
11169
-1291
-6903
-662
5931
3828
592
2977
5152
689
-4029
-1663
2920
1245
-3295
-2237
3188
3219
-2992
-7006
-4571
-544
114
-172
703
-117
-4312
-7174
-4122
1676
3694
1043
-2041
-2679
-2320
-1584
101
2757
3721
1638
-774
-786
736
1751
1621
1989
2520
4080
5213
3659
-317
-2103
647
4361
5514
3763
997
-2070
-3719
-1507
2784
4251
1889
-1584
-3085
-2835
-1155
725
1413
103
-1944
-3009
-2798
-1802
-1037
-1026
-1088
-1008
-838
-1401
-2220
-2352
-1446
-145
823
995
1
-1571
-2363
-1823
-468
565
305
-996
-2739
-3352
-3060
-2134
-1955
-2646
-4192
-801
7794
10598
460
-12174
-9967
4419
12961
7846
1615
1008
-258
-5344
-3465
7930
15642
7614
-4741
-5843
2087
5344
1886
1397
5188
4482
-2153
-4471
189
3087
-904
-3966
-279
4174
1085
-5025
-6479
-3100
-977
-918
284
1724
-780
-5823
-7160
-2712
2292
3077
838
-1032
-2069
-2819
-2021
988
3952
3783
1190
-572
-42
1092
1579
1825
2374
3044
4264
4668
2832
-420
-1378
747
3840
5060
3834
700
-2720
-3717
-1184
2372
3493
1603
-1151
-2983
-3110
-1545
439
1221
193
-1542
-2665
-2520
-1663
-1015
-754
-692
-559
-588
-1133
-1759
-1943
-1362
-294
874
1301
507
-1223
-2385
-2039
-870
-29
-21
-533
-1855
-3021
-3899
-3408
-2653
-2748
-3951
1064
9814
10207
-2679
-14039
-8247
7181
12912
6396
1885
2440
-422
-6455
-2903
9772
15705
5561
-5136
-3800
3693
3885
-8
1695
6473
3987
-3179
-4045
1306
2184
-3081
-4624
1069
4802
44
-5954
-6346
-2898
-1870
-1637
915
2825
-566
-6359
-7345
-2378
2220
2710
995
129
-1032
-2585
-2356
801
3999
3882
1528
294
783
1378
1167
1250
2182
3931
5471
4913
1971
-1081
-1226
699
3172
4703
4121
770
-3332
-4251
-1377
1689
2619
1417
-443
-2499
-3357
-2427
-523
541
107
-994
-1974
-2322
-2160
-1902
-1370
-574
110
49
-766
-1608
-2091
-1762
-427
1226
1848
603
-1363
-2703
-2597
-1546
-429
360
-275
-2067
-4481
-4929
-3940
-2874
-3670
738
9920
11734
-798
-14225
-10312
5395
12959
7299
2873
4055
1178
-6705
-5400
7543
15912
7429
-3598
-3070
3872
3417
-1561
189
6384
5209
-2204
-3997
1049
1876
-3962
-6124
227
5282
1304
-5092
-6254
-3697
-3373
-3262
436
3994
1234
-5195
-7585
-3655
762
1938
1537
1803
850
-1669
-2716
-242
3091
3678
2206
1558
2125
2126
1055
453
1143
3107
5676
6283
3632
-338
-2133
-1235
1275
3931
4877
2527
-1964
-4585
-3205
-414
1371
1575
684
-1159
-2768
-2974
-1888
-795
-383
-371
-626
-1107
-1594
-2165
-2253
-1482
-281
648
530
-310
-1561
-2449
-1905
66
1772
1569
-105
-1979
-2991
-2979
-1763
-634
-586
-2257
-3637
-4507
-4945
-6057
-1987
8974
14273
4276
-11594
-12628
864
10950
7893
4136
6031
4410
-4565
-7138
3543
14069
8965
-1829
-2283
4783
5081
-1609
-2410
3863
5188
-932
-3119
1877
3328
-3813
-8758
-3359
4081
2757
-3037
-5036
-3548
-4396
-5822
-2362
3531
3404
-2663
-6609
-4265
-350
562
313
1781
2369
282
-1561
-221
2613
2935
1325
1253
3074
4003
2808
1107
529
648
1727
4795
7436
5248
-675
-4429
-2767
1366
3812
3803
1718
-1792
-4720
-4486
-1437
1423
1568
-370
-1992
-2181
-1517
-1264
-1713
-1608
-856
-376
-203
-235
-705
-1953
-2628
-1437
697
1733
813
-1106
-2445
-2066
-651
696
1017
21
-1744
-3270
-3461
-2458
-1663
-2509
-3152
-4062
-4844
-6537
-1757
9270
13750
3101
-11511
-10856
2239
10302
6951
4622
6970
4236
-4776
-5671
5332
13598
6597
-2873
-1141
6096
5208
-1459
-1732
3312
2592
-2925
-2407
3863
3678
-4718
-9292
-3690
2625
1037
-3090
-3574
-2636
-5032
-6734
-2497
3206
2578
-2853
-5461
-2821
-73
210
373
2166
2351
207
-773
1399
3861
3186
979
903
2704
3925
3439
2419
1500
631
1164
3743
5571
3884
68
-2723
-2526
-324
1936
2572
819
-1945
-3587
-3246
-1850
-428
91
-517
-1489
-1645
-973
-672
-1192
-1695
-1488
-854
36
643
394
-716
-1725
-1683
-601
538
836
117
-990
-1479
-1186
-626
-554
-833
-1768
-2561
-3129
-3124
-3185
-3305
-3910
-4889
-6669
-5084
4800
13799
9995
-5535
-13285
-5005
7292
8655
5347
6767
7763
541
-6486
-1415
10156
10987
1358
-3233
2716
7451
2991
-2255
-656
2098
-943
-3989
-88
4970
1522
-6821
-8716
-2875
950
-816
-3274
-2693
-2896
-5218
-5444
-1188
2459
914
-3425
-4480
-1658
1133
1671
1320
1295
994
252
625
2694
4209
3335
1320
724
2265
3813
3743
2371
732
552
2341
4487
4231
1502
-1521
-2633
-1796
-20
1623
1558
-500
-2737
-3436
-2492
-1250
-530
-548
-1037
-1301
-826
-271
-634
-1480
-1608
-1174
-626
72
840
832
-140
-1187
-1212
-592
-78
29
-352
-884
-1024
-684
-799
-1391
-2199
-2585
-2894
-3019
-3015
-3099
-3788
-4791
-6298
-6004
1198
10965
13111
1365
-10850
-9578
2210
9020
6765
4501
6770
5870
91
-3104
2143
7718
5624
-270
-991
4744
7821
3980
-2093
-4099
-2397
-1016
-14
1767
2299
-494
-5019
-6281
-4106
-1494
-1133
-2326
-3540
-3958
-3000
-1060
-45
-738
-2721
-3342
-2221
-3
1958
2628
1912
371
-713
-112
2104
4106
4050
2345
1036
1551
2819
3418
2725
1257
304
922
3220
4685
3386
122
-2482
-2783
-1294
643
1711
813
-1317
-2700
-2514
-1768
-1354
-1176
-975
-1020
-864
-215
240
-429
-1767
-2354
-1689
-333
935
1237
448
-555
-932
-749
-643
-477
-264
-388
-827
-793
-162
-162
-1247
-2467
-2907
-3091
-3041
-2970
-2587
-3006
-4208
-6241
-4223
2832
10454
9744
-362
-8789
-6817
2115
6706
5504
3926
4606
4948
2863
987
1314
1795
1462
779
2264
4823
6271
4681
219
-4176
-5560
-3188
1105
3409
2409
-1129
-3500
-3538
-2900
-3034
-3374
-2969
-2365
-2172
-1429
-142
629
-717
-3017
-4110
-3149
-496
2106
3151
2176
431
-489
-46
1219
2139
2211
1637
1340
1985
2978
3354
2475
797
-754
-450
1899
4534
4628
2141
-895
-2433
-1897
-268
1016
817
-578
-1536
-1237
-483
-752
-1712
-2439
-2198
-1217
6
791
426
-801
-2051
-2549
-1876
-293
1079
1366
484
-266
-463
-328
-363
-647
-907
-885
-425
241
543
-78
-1434
-2712
-3079
-2938
-2673
-2364
-2105
-2402
-3208
-4399
-3120
1398
7103
7762
2069
-4766
-5827
-1005
3931
5328
4128
2990
2775
3111
3307
2150
-118
-1511
-631
2436
5090
5933
4292
1057
-2263
-4167
-3496
-896
1713
2548
986
-1015
-2086
-2132
-2079
-2475
-3017
-3284
-2729
-953
935
1522
136
-1898
-3169
-3027
-1576
211
1454
1700
1251
970
984
1167
1129
729
94
-66
878
2460
3631
3384
1745
-197
-1230
-534
1440
3084
3158
1733
100
-691
-478
-9
-101
-813
-1455
-1351
-334
361
90
-1000
-2168
-2314
-1435
-235
399
367
-213
-736
-811
-269
296
401
-117
-627
-591
-155
195
341
51
-675
-1207
-1027
-525
-555
-935
-1350
-1191
-943
-1159
-1607
-2189
-2419
-2457
-2716
-3626
-3426
-858
3656
6937
5680
797
-3348
-3440
-914
1628
2943
3579
3762
4032
4216
3669
1406
-1390
-2562
-908
2259
4871
5514
3964
1114
-1482
-2773
-2328
-1201
-116
144
-107
-284
-258
-442
-1153
-2294
-3395
-3847
-3118
-1541
315
1172
873
-83
-1216
-1906
-1736
-961
-206
301
915
1835
2703
2791
1881
576
-618
-826
92
1674
2815
2848
2072
1001
385
569
1080
1335
1018
390
40
154
578
745
212
-895
-1697
-1572
-867
-314
-466
-813
-818
-418
-13
117
-89
-563
-1000
-1052
-428
476
836
359
-339
-764
-869
-654
-331
-47
-106
-508
-957
-1176
-1206
-1499
-1738
-1498
-683
-541
-1532
-2660
-2833
-2852
-3147
-3672
-4137
-2689
1561
6787
8208
4637
-849
-3595
-2738
-489
1571
3352
4796
5554
5432
4761
2813
101
-2129
-2321
-247
2669
4460
4507
3144
1061
-1251
-2887
-3146
-2359
-1667
-1488
-1340
-660
-90
-279
-1171
-2253
-3570
-4480
-4155
-2334
-22
1383
1625
1051
247
-484
-1138
-1267
-854
107
1219
2400
3485
3856
3063
1325
-75
-567
-225
601
1413
1961
2022
1745
1589
1579
1280
519
-618
-1474
-1644
-1087
-104
599
545
-34
-832
-1507
-1911
-2021
-1796
-1013
6
834
1222
973
215
-677
-1328
-1406
-812
27
568
642
451
73
-425
-673
-711
-990
-1671
-2190
-2039
-1549
-1202
-1089
-1147
-1526
-2404
-3633
-4482
-4780
-4903
-5644
-4363
458
7305
10768
7724
1095
-3381
-3492
-1368
888
3348
5522
6838
6800
6280
4936
2423
-689
-2678
-2161
6
2196
3459
3391
2288
180
-1880
-3000
-3295
-3675
-4649
-4868
-3459
-1339
170
409
-274
-2121
-4459
-5614
-4696
-2372
-27
1605
2430
2505
2047
1319
672
307
205
399
1036
2243
3645
4343
3984
2879
1738
706
-22
-500
-525
-115
682
1712
2323
2065
940
-871
-2672
-3663
-3489
-2442
-1188
-92
580
572
-42
-850
-1314
-1478
-1343
-857
-195
349
692
1023
1127
926
317
-292
-633
-847
-844
-740
-490
-365
-506
-1109
-1926
-2411
-2616
-2826
-2929
-3026
-3210
-3529
-3904
-4708
-5534
-6939
-6875
-2981
4522
10876
10528
4846
-427
-1461
-16
1219
2498
4133
5894
6676
6914
6988
5688
3001
-121
-1785
-1815
-1167
-161
636
946
422
-613
-1276
-2062
-3758
-6116
-7490
-6737
-4643
-2385
-762
98
-329
-1808
-3071
-3119
-2101
-906
-5
928
1706
2495
3393
4292
4609
4034
2709
1503
944
1261
1972
2677
3304
3336
2679
1577
330
-756
-1602
-1908
-1532
-1041
-913
-1194
-1575
-1873
-1973
-2028
-2088
-1974
-1857
-1662
-1378
-761
305
1089
1445
1440
1205
854
464
197
294
484
487
559
731
733
175
-695
-1478
-2030
-2648
-3294
-3727
-3539
-3102
-2796
-2750
-3038
-3724
-4690
-6181
-7180
-8318
-8679
-4824
3391
11980
13541
8160
2579
1078
2008
1538
1135
2674
5045
6374
6544
7341
7944
6824
3481
-595
-3324
-4611
-4471
-3414
-2054
-979
-730
-553
-801
-2300
-5024
-7574
-8330
-7739
-6497
-4503
-1701
749
1656
1398
1027
933
877
475
146
260
1229
2852
4966
6755
7617
6838
4701
2329
643
-90
-212
155
404
359
285
249
264
-120
-937
-2140
-3402
-4278
-4474
-3831
-2751
-1553
-560
-91
100
126
97
-173
-669
-780
-287
664
1796
2932
3456
3164
2371
1398
621
-41
-697
-1347
-1694
-1725
-1489
-1384
-1603
-2207
-3178
-4124
-4794
-4975
-4762
-4672
-4630
-4900
-5048
-5646
-5972
-7176
-7340
-3031
5084
12258
11945
7121
4448
4996
5359
3290
2683
4524
5619
4476
3565
5722
8097
7440
3118
-1267
-3543
-4816
-5483
-5637
-4733
-3866
-3536
-3174
-2709
-2916
-4061
-5231
-6163
-6966
-6988
-5188
-2283
-101
895
1724
2908
3981
4153
3868
3503
2842
2117
2003
3050
4980
6410
6233
5073
3718
2499
1342
156
-1067
-2292
-3388
-3957
-3579
-2539
-1372
-821
-1244
-2230
-2927
-3091
-3127
-3155
-2770
-1987
-1055
137
1547
2691
2964
2394
1582
1040
951
1212
1531
1735
1810
1641
1514
1489
1262
534
-837
-2371
-3473
-4104
-4408
-4448
-4246
-3958
-3648
-3372
-3342
-3330
-3734
-4294
-5142
-5664
-6217
-6485
-7759
-7100
-1326
7789
14463
13077
8882
7715
8175
6237
2196
1641
3617
3575
1224
1688
6316
9544
7525
2039
-1629
-3495
-5816
-8090
-8532
-6745
-5754
-5996
-5159
-2793
-986
-1038
-2448
-4223
-5637
-6351
-5572
-3593
-1329
812
2684
4458
6025
7164
7556
6659
4519
2238
1081
1340
2404
3175
3551
3769
3501
2805
1916
1023
-492
-2994
-5506
-6615
-6392
-5421
-4190
-2714
-928
395
923
711
177
-319
-1103
-1915
-2098
-1161
211
1611
2887
3821
4225
3968
3332
2321
1278
404
-423
-1174
-1340
-947
-418
-303
-621
-1140
-2005
-3024
-4118
-5048
-5552
-5579
-5489
-5126
-4411
-3114
-2036
-1584
-2051
-2690
-4129
-5580
-7791
-8424
-3170
5651
12817
12471
9742
10755
12046
9468
4415
3241
3838
892
-3780
-3047
3288
6664
4826
1457
1202
988
-3160
-7076
-7598
-6590
-8396
-10983
-9347
-4379
-1219
-908
-279
780
314
-2056
-3375
-2330
-1230
-1234
-1013
1083
4433
7002
8148
8479
8114
6415
3967
2153
1361
674
-517
-1302
-1136
-253
702
1113
845
-196
-1732
-3525
-5136
-6008
-6211
-5412
-3814
-1827
135
1728
3111
3740
3293
2314
1194
166
-728
-919
-397
378
1238
2347
3401
3984
4091
3351
1792
-181
-1947
-3178
-3952
-4144
-3874
-3376
-2952
-2415
-2049
-2009
-2312
-2991
-3797
-4496
-4756
-4310
-3874
-3271
-3024
-2876
-3036
-3131
-3891
-5169
-1519
5694
11065
9979
7121
9150
11421
9081
4793
4920
6074
2174
-3427
-3216
2208
3537
480
-1104
1018
1248
-3461
-6193
-4330
-3247
-7081
-10684
-8311
-4245
-3650
-4304
-1651
1667
1189
-1212
-980
1608
1876
-226
-547
1736
3653
3534
4048
6307
7678
6437
4542
4031
3577
1709
-604
-1325
-1270
-1901
-2632
-2333
-1316
-945
-1458
-1833
-2124
-2765
-3916
-4206
-2989
-1636
-948
-349
1261
2909
3437
3366
3562
3424
2109
728
204
303
330
153
408
1067
1735
1964
1787
1440
667
-773
-2437
-3410
-3838
-4351
-4728
-4516
-3864
-3298
-2753
-2184
-1714
-1721
-2103
-2473
-2712
-2858
-3066
-3385
-3409
-3849
-4297
-5847
-4789
1858
8897
11561
9492
9454
11875
10608
5833
3616
5108
2879
-2809
-5361
-1375
2265
654
-389
1657
2959
-920
-4924
-3649
-1990
-5161
-9878
-9488
-6244
-5333
-5606
-2498
2180
2704
459
75
2416
2996
817
-148
906
1381
444
1134
4401
6829
6336
5052
5111
4952
3204
1094
-113
-1314
-3398
-4841
-4272
-2649
-1801
-1503
-976
-654
-1203
-2017
-2435
-2316
-1785
-1479
-1177
-375
1070
2542
3253
3844
4182
3561
2415
1767
1403
572
-559
-1200
-1108
-835
-144
758
1322
1341
745
-102
-1143
-2211
-3278
-4397
-5110
-5315
-5065
-4313
-3133
-2069
-1311
-992
-739
-856
-1075
-1419
-1924
-2893
-3748
-4560
-5202
-6255
-6499
-922
6667
10394
9260
9150
12556
12212
7526
4538
5588
3382
-3385
-6542
-3319
216
-1444
-1577
2123
4091
668
-2964
-610
700
-3990
-9307
-8728
-6137
-7476
-8406
-3994
1454
1384
-603
1535
5252
4963
1728
1141
2260
592
-2177
-1325
2720
4372
3160
3584
5990
6516
4335
3120
3063
1069
-2814
-4913
-4389
-4000
-4679
-4257
-2139
-687
-1096
-1115
102
601
89
-494
-270
-277
-410
39
1092
2055
2317
2433
2783
3441
3176
1991
985
331
-490
-1527
-1551
-941
-673
-819
-594
-11
-37
-498
-1056
-1724
-2691
-3815
-4520
-4642
-4420
-4122
-3460
-2344
-1358
-681
-162
332
83
-762
-1984
-2987
-4195
-5322
-6932
-7036
-1516
5150
8100
7519
9252
13214
12422
8086
6269
7434
3636
-3744
-6548
-3595
-1766
-3965
-2881
1517
3186
97
-1139
2456
2925
-2586
-7315
-6525
-5895
-8963
-9659
-4927
-866
-1775
-1921
2390
6252
5341
3211
3900
4169
854
-2167
-908
1669
1081
-359
1502
4557
4919
3986
4809
5590
3063
-707
-2264
-2269
-3640
-5645
-5520
-4091
-3601
-3538
-1711
792
1535
1074
1687
2739
2161
677
326
654
77
-548
249
1555
1908
1649
1889
2351
1937
1045
495
409
-273
-1442
-1953
-1617
-1256
-1571
-1641
-1194
-1121
-1729
-2097
-2025
-2412
-3413
-4021
-3702
-3094
-2765
-2318
-1403
-620
-625
-798
-790
-1147
-2261
-3730
-5020
-6845
-4744
1234
5526
5950
5795
9653
12076
9718
7295
8350
7684
1012
-4219
-3526
-1218
-3278
-5134
-2054
873
-200
-1880
1574
4658
1285
-3963
-4578
-3168
-5911
-9002
-7127
-3573
-4142
-5475
-1891
3389
4700
3243
3914
5525
3769
712
727
2417
1215
-1527
-1126
1585
2634
2160
3438
5330
4516
1971
905
1243
-211
-3118
-4515
-4460
-4873
-5574
-4431
-1968
-692
-627
618
2941
3638
2550
2107
2407
1546
-284
-691
9
-158
-1038
-763
727
1604
1688
1923
2305
1960
895
45
-125
-685
-1847
-2620
-2614
-2431
-2576
-2409
-1758
-1675
-2288
-2346
-1816
-1670
-2136
-2407
-2145
-2056
-2328
-2488
-1978
-1851
-2331
-3192
-3678
-4629
-5242
-1258
3881
5624
4275
5489
9725
9978
7432
7041
8743
5433
-871
-2328
92
92
-3806
-3730
-594
-69
-2116
-1203
3311
2974
-1940
-4203
-2221
-2675
-6635
-7341
-4329
-3711
-6222
-5067
-43
2526
1285
1287
4119
4790
2297
1618
3456
3212
-36
-1389
884
2234
1291
1509
3627
4124
2174
1595
2985
2637
-441
-2592
-2587
-3060
-4575
-4724
-2980
-2297
-3096
-2790
-304
1937
1975
1789
2516
2770
1492
428
938
1074
-397
-1573
-723
443
339
306
1318
2054
1530
1157
1718
1791
548
-963
-1484
-1841
-2656
-3304
-3124
-2671
-2908
-3105
-2389
-1504
-1437
-1759
-1586
-1465
-1920
-2329
-2196
-2113
-2767
-3459
-3579
-3730
-4400
-5546
-3338
1833
4629
4334
4744
8582
10399
8100
6483
7879
7162
1472
-1887
-439
719
-2410
-4214
-1245
548
-1089
-1729
1936
3580
-75
-3314
-2136
-1296
-5011
-7532
-5629
-3929
-5974
-6476
-2165
1394
815
275
3033
4869
2972
1494
3030
3677
1015
-1159
311
2096
1141
575
2551
4031
2719
1765
3087
3643
1351
-1072
-1264
-1505
-3366
-4616
-3875
-3217
-3965
-3887
-1689
711
1216
1130
2177
2916
2102
1025
1319
1388
-193
-1661
-1195
-84
-267
-445
829
2036
1838
1704
2551
2894
1558
-107
-683
-1061
-2099
-3225
-3360
-3076
-3388
-3562
-2787
-1688
-1471
-1682
-1287
-963
-1503
-2249
-2311
-2328
-2897
-3517
-3524
-3481
-4000
-4779
-4943
-1490
2939
4510
4225
5627
8998
9240
7185
6790
7914
5167
29
-1207
438
108
-3089
-2961
-288
38
-1435
-511
2713
2130
-1540
-2788
-1053
-1906
-5674
-6473
-4515
-4512
-6570
-5146
-864
586
-542
251
3241
3820
2008
2205
3707
2679
-74
-402
1516
1625
170
515
2524
2720
1594
2339
3928
3258
651
-464
-191
-1358
-3389
-3868
-3327
-3824
-4634
-3515
-1078
179
250
1030
2411
2575
1747
1607
1758
668
-1048
-1313
-502
-414
-834
-243
1127
1615
1597
2195
2959
2504
1199
436
96
-893
-2359
-3123
-3244
-3521
-3863
-3384
-2510
-2036
-1949
-1445
-715
-792
-1216
-1537
-1646
-2245
-3104
-3383
-3461
-3672
-4222
-4650
-4846
-2237
2187
4425
4205
4776
7828
8925
7115
6113
7088
5506
729
-1191
253
551
-2395
-3273
-682
259
-922
-440
2524
2692
-809
-2556
-947
-954
-4325
-5888
-4380
-4270
-6232
-5446
-1528
172
-947
-432
2535
3670
2111
2065
3636
2998
329
-442
1151
1394
-179
-227
1775
2491
1614
2163
3793
3434
1133
6
331
-558
-2608
-3683
-3280
-3535
-4330
-3666
-1668
-23
178
603
1915
2776
2319
1780
1874
1259
-352
-1240
-653
-359
-1083
-1058
153
1189
1516
1967
2902
2827
1702
841
411
-486
-1903
-3012
-3426
-3648
-3983
-3779
-2879
-2122
-1942
-1484
-524
-118
-597
-928
-1048
-1622
-2591
-3076
-3027
-3281
-3921
-4123
-4231
-4043
-964
2751
4087
3718
5070
8014
8104
6089
5772
6536
3842
-335
-895
728
-177
-3092
-2626
-87
72
-984
367
2957
1696
-1334
-1369
256
-1343
-4671
-4904
-3567
-4443
-6017
-4063
-810
-555
-1395
410
3191
3091
1783
2542
3510
1926
-302
154
1468
624
-739
144
1918
1704
1124
2385
3428
2270
428
465
751
-839
-2665
-2932
-2747
-3587
-3985
-2429
-811
-871
-794
914
2491
2316
1810
2282
2188
764
-329
-207
-130
-919
-1388
-592
429
786
1037
1829
2385
1993
1302
920
489
-776
-2070
-2580
-2868
-3361
-3533
-3018
-2439
-2331
-1977
-1090
-407
-502
-752
-654
-758
-1274
-1914
-2184
-2427
-2958
-3445
-3548
-3516
-4064
-2789
913
3238
3113
3479
6275
7790
6191
5049
5943
5376
1395
-883
137
364
-2211
-3481
-1245
74
-821
-725
1810
2653
184
-1137
192
251
-2794
-4614
-3601
-3336
-5076
-4977
-1972
-507
-1410
-895
1803
3129
2095
1956
3203
2888
783
-67
978
964
-578
-943
483
1009
408
876
2318
2488
1136
578
1034
392
-1421
-2337
-2293
-2737
-3627
-3334
-1791
-854
-791
-76
1554
2459
2239
2235
2669
2199
948
271
363
-64
-1089
-1266
-554
-72
-14
501
1280
1480
1068
784
834
317
-781
-1619
-1963
-2401
-2932
-3064
-2669
-2451
-2456
-1962
-1055
-506
-407
-137
91
-153
-730
-994
-1328
-1888
-2622
-3032
-3017
-3314
-3909
-4031
-1413
1852
2856
2524
3861
6646
6730
4973
4877
5822
3641
-176
-677
606
-394
-3105
-2705
-330
-326
-1196
263
2906
2232
-270
-226
1257
-66
-3137
-3429
-2310
-3355
-5190
-3858
-1104
-1016
-1739
-51
2484
2611
1689
2599
3655
2268
185
307
1059
-96
-1452
-792
481
197
-132
1172
2484
1856
915
1265
1503
157
-1376
-1591
-1704
-2764
-3436
-2725
-1790
-1495
-1189
14
1424
2020
2151
2705
3200
2729
1745
1277
1053
115
-971
-1288
-1046
-1002
-1023
-453
294
611
685
1065
1351
871
-10
-547
-879
-1556
-2273
-2518
-2446
-2359
-2317
-1913
-1204
-736
-422
-148
289
323
-17
-266
-553
-1095
-1792
-2278
-2512
-2864
-3439
-3739
-4065
-2619
208
1861
2007
2793
5307
6447
5293
4719
5568
4471
936
-550
263
-18
-2420
-3070
-1006
-414
-1071
-267
2159
2497
511
141
1443
1009
-1761
-2839
-2057
-2724
-4629
-4297
-1860
-1231
-1984
-996
1495
2383
1668
2206
3445
2773
822
389
1131
409
-1227
-1427
-340
-124
-627
270
1738
1769
921
1112
1736
1075
-434
-1097
-1274
-2243
-3292
-3079
-2250
-2035
-1903
-898
530
1443
2068
2831
3367
3130
2452
2002
1522
710
-381
-1101
-1338
-1475
-1451
-1088
-475
58
396
734
1093
1246
955
471
19
-616
-1250
-1761
-2053
-2303
-2367
-2212
-1851
-1390
-887
-314
114
467
557
422
149
-387
-1024
-1509
-1990
-2516
-3001
-3265
-3447
-3863
-3979
-1945
854
1776
1645
3036
5504
5756
4381
4488
5313
3308
135
-210
637
-501
-2759
-2296
-416
-630
-1348
232
2469
1958
172
576
1689
353
-2102
-2322
-1798
-3141
-4686
-3641
-1529
-1616
-2149
-441
1678
1847
1483
2592
3501
2296
774
863
1230
-61
-1347
-1058
-284
-544
-749
398
1415
1144
581
1080
1540
692
-490
-888
-1236
-2285
-2949
-2701
-2165
-2276
-2215
-972
432
974
1376
2496
3259
2948
2434
2512
2224
1042
-115
-524
-830
-1491
-1687
-1225
-878
-743
-489
252
947
905
695
581
377
-140
-747
-1103
-1366
-1908
-2165
-1840
-1508
-1370
-1136
-607
-207
43
230
549
495
32
-458
-794
-1211
-1796
-2419
-2877
-3076
-3426
-3657
-4016
-2967
-502
1135
1411
2181
4287
5400
4533
4032
4904
4353
1574
187
755
356
-1710
-2444
-858
-389
-1262
-658
1440
2056
656
374
1471
1202
-931
-1876
-1359
-2195
-4062
-4198
-2290
-1602
-2252
-1374
790
1683
1419
2181
3507
3159
1611
1163
1576
850
-554
-903
-520
-782
-1283
-669
493
545
55
390
1035
844
-87
-479
-647
-1452
-2325
-2408
-2024
-2091
-2228
-1833
-788
340
1218
1924
2803
3419
3352
3067
2924
2477
1305
73
-550
-1026
-1846
-2243
-1931
-1670
-1643
-1127
-93
640
824
895
1007
878
443
-73
-411
-885
-1497
-1850
-1780
-1473
-1390
-1228
-694
-191
-73
146
556
620
190
-293
-549
-1005
-1775
-2467
-2790
-3110
-3500
-3727
-3524
-3663
-3223
-1125
1134
1827
2112
3823
5493
5045
3925
4568
4828
2538
169
166
353
-1240
-2575
-1593
-748
-1591
-1711
84
1497
721
-115
615
1034
-402
-1569
-1286
-1400
-3019
-3797
-2302
-1009
-1252
-1054
636
1957
1984
2311
3446
3527
2217
1228
1324
1017
-360
-1442
-1442
-1434
-1874
-1760
-782
-146
-445
-539
89
594
155
-412
-573
-910
-1593
-1933
-1698
-1520
-1709
-1565
-740
271
1144
1915
2598
3228
3512
3450
3136
2607
1669
361
-768
-1361
-1836
-2536
-2772
-2540
-2241
-1695
-774
148
637
926
1323
1477
1222
773
271
-326
-932
-1380
-1612
-1593
-1398
-1278
-956
-421
135
357
595
857
753
415
-56
-531
-1140
-1881
-2493
-2907
-3158
-3279
-3252
-3184
-2938
-2892
-2269
-323
1623
2115
2377
3795
4853
4085
3104
3658
3705
1667
-169
-29
53
-1410
-2361
-1433
-978
-1852
-1828
-157
999
284
-331
455
955
-69
-759
-289
-468
-1914
-2498
-1122
-52
-563
-738
496
1485
1423
1737
2660
2599
1428
685
866
717
-386
-1313
-1590
-1721
-2032
-1889
-1241
-930
-1164
-1038
-308
144
122
-21
-47
-239
-543
-557
-320
-353
-597
-578
-252
398
942
1385
1793
2339
2659
2497
2153
1726
1045
-127
-1051
-1480
-1978
-2720
-2860
-2587
-2316
-1852
-1048
-75
551
1104
1577
1847
1830
1604
1117
604
107
-470
-1005
-1256
-1249
-1291
-1200
-808
-441
-246
37
371
406
84
-183
-477
-1061
-1693
-2239
-2701
-3104
-3196
-3187
-3029
-2786
-2507
-2364
-2054
-763
881
1954
2299
3311
4349
4140
3219
3206
3674
2568
621
-102
-97
-1053
-2136
-1864
-1286
-1859
-2379
-1291
191
267
-185
265
871
547
-1
354
477
-551
-1371
-898
-11
-209
-619
-17
734
917
1168
1940
2105
1342
626
611
552
-152
-941
-1427
-1735
-2012
-1968
-1540
-1338
-1298
-1098
-535
162
447
396
271
288
246
88
24
-103
-225
-465
-409
15
440
704
952
1493
1718
1608
1399
1149
636
-109
-695
-1177
-1554
-1939
-2087
-1798
-1382
-929
-371
351
909
1332
1656
1895
1854
1433
1028
657
165
-508
-1011
-1263
-1413
-1557
-1456
-1126
-808
-559
-292
-55
-4
-147
-290
-483
-843
-1296
-1742
-1998
-2188
-2279
-2297
-2161
-1936
-1703
-1465
-1249
-990
-337
745
1556
2042
2653
3158
3076
2410
2147
2303
1638
360
-389
-607
-1066
-1623
-1428
-1141
-1562
-1775
-944
164
391
291
716
1042
999
1017
1165
962
185
-448
-340
-28
-207
-458
-330
-6
140
376
887
1009
632
286
227
112
-256
-674
-1066
-1338
-1478
-1518
-1423
-1302
-1242
-1019
-674
-161
175
333
388
462
519
446
323
193
14
-42
184
310
326
349
582
679
613
546
460
239
-143
-368
-528
-797
-938
-958
-858
-688
-390
-62
250
629
884
966
1013
960
781
517
252
-10
-314
-563
-809
-990
-1015
-897
-782
-684
-608
-435
-387
-405
-347
-424
-572
-823
-957
-1096
-1296
-1427
-1526
-1565
-1568
-1467
-1361
-1190
-1072
-983
-915
-802
-325
201
547
863
1439
1762
1657
1431
1527
1581
1108
492
185
-96
-555
-899
-792
-907
-1225
-1240
-664
22
200
400
742
1072
1198
1195
1274
1038
535
29
-101
-137
-385
-655
-780
-672
-429
-195
79
190
109
55
36
81
-55
-368
-598
-750
-876
-951
-1051
-918
-786
-759
-540
-292
-110
64
279
495
497
338
296
238
209
113
58
108
129
58
89
213
169
54
-37
-12
-105
-339
-454
-489
-525
-527
-425
-223
-101
82
277
497
601
603
611
576
434
134
-1
-122
-339
-528
-651
-679
-704
-761
-726
-594
-506
-418
-362
-297
-382
-491
-502
-576
-709
-869
-942
-1072
-1216
-1326
-1262
-1244
-1156
-988
-829
-608
-466
-399
-305
-76
147
345
487
790
928
790
632
828
974
680
300
137
116
-96
-311
-347
-527
-762
-673
-351
-88
13
222
430
513
634
830
878
620
455
297
172
119
12
-180
-312
-401
-440
-320
-199
-156
-122
-105
-68
8
9
-61
-192
-325
-448
-484
-509
-609
-618
-585
-560
-387
-289
-234
-86
23
52
-12
42
150
137
166
378
433
378
489
406
54
-293
-240
-51
-248
-483
-514
-485
-452
-299
-65
-14
-36
148
426
664
711
505
385
403
392
168
-53
-229
-426
-623
-635
-517
-586
-693
-635
-425
-269
-208
-178
-164
-181
-281
-356
-471
-639
-760
-832
-799
-808
-934
-987
-907
-758
-723
-627
-455
-349
-263
-218
-258
-479
-608
-531
-450
-387
-342
-106
-18
-32
114
384
520
342
290
413
377
266
228
68
-230
-388
-375
-343
-302
-279
-93
87
285
560
724
705
650
718
769
648
451
219
11
-139
-278
-365
-428
-444
-349
-330
-296
-239
-173
-140
-129
-61
-9
-93
-267
-356
-401
-476
-588
-670
-578
-561
-517
-433
-341
-123
-71
40
231
444
580
570
495
442
248
-7
-144
-215
-366
-631
-746
-751
-693
-562
-332
-241
-215
-40
249
493
567
573
472
367
371
209
-41
-278
-459
-560
-634
-623
-680
-615
-414
-248
-153
-45
37
8
-67
-75
-106
-333
-513
-595
-686
-809
-897
-941
-928
-866
-791
-651
-546
-456
-386
-307
-212
-167
-275
-369
-432
-537
-709
-836
-861
-756
-628
-431
-185
-44
9
191
477
569
451
365
367
303
255
172
-2
-297
-329
-266
-225
-259
-194
2
118
299
448
480
411
453
454
426
338
85
-141
-229
-270
-382
-542
-499
-394
-301
-192
-162
-43
-17
-19
132
140
42
-129
-218
-272
-375
-447
-544
-668
-684
-579
-476
-297
-134
25
172
271
278
237
235
188
49
-152
-297
-369
-401
-404
-461
-478
-390
-183
-69
60
198
293
383
435
408
316
185
24
-26
-115
-282
-346
-415
-450
-443
-414
-367
-322
-253
-145
-121
-125
-151
-168
-194
-241
-334
-438
-508
-572
-615
-588
-639
-664
-609
-571
-479
-444
-450
-395
-404
-389
-302
-345
-350
-336
-328
-290
-366
-445
-498
-510
-577
-576
-520
-451
-256
-94
12
92
157
257
276
238
225
186
96
28
27
-31
-139
-243
-150
-64
-14
42
130
155
151
194
301
303
225
173
106
85
30
16
-16
-43
-116
-186
-244
-252
-154
-180
-149
-130
-134
-135
-122
-114
-117
-185
-200
-197
-238
-209
-240
-186
-66
-13
-4
20
-62
-181
-71
60
-10
-164
-291
-256
-127
-100
-184
-204
-181
-134
-86
-54
10
-53
11
79
85
43
-36
-51
-60
-107
-198
-193
-154
-144
-154
-155
-155
-156
-168
-127
-71
-156
-215
-225
-186
-199
-228
-188
-257
-299
-292
-261
-341
-469
-415
-357
-394
-334
-352
-319
-261
-269
-292
-310
-303
-398
-397
-407
-442
-434
-461
-457
-349
-356
-377
-337
-267
-259
-249
-234
-302
-253
-237
-140
-85
-124
-85
-23
10
41
82
125
87
55
10
-35
-51
-54
-13
-34
-84
-145
-127
-86
-108
-7
41
33
46
75
143
61
52
77
69
55
-30
-95
-155
-115
-172
-161
-96
-159
-151
-109
25
21
57
87
120
129
79
25
18
-31
-103
-210
-205
-179
-157
-180
-213
-166
-174
-59
16
107
145
155
82
79
134
102
37
-90
-60
-65
-113
-94
-141
-171
-171
-127
-89
-79
-87
-137
-129
-88
-118
-146
-82
-11
-23
-60
-102
-140
-200
-213
-248
-295
-308
-280
-288
-279
-261
-259
-244
-207
-207
-188
-233
-263
-204
-263
-249
-311
-342
-336
-315
-304
-290
-285
-331
-344
-303
-235
-182
-179
-146
-125
-119
-110
-76
-77
-137
-132
-160
-190
-211
-163
-178
-149
-181
-168
-181
-193
-164
-73
3
6
67
68
85
-8
-69
-100
-111
-127
-160
-206
-233
-208
-165
-111
-103
-92
-73
5
93
51
31
-39
-18
-20
21
0
-67
-72
-116
-86
-74
-114
-154
-214
-222
-182
-155
-85
-75
-111
-64
18
2
21
30
27
-18
-79
-151
-195
-182
-222
-244
-232
-159
-101
-110
-40
-38
15
-6
-22
10
38
17
-36
-37
-91
-105
-194
-216
-283
-342
-314
-317
-237
-253
-262
-182
-146
-204
-166
-142
-126
-170
-239
-277
-364
-372
-403
-415
-397
-368
-392
-364
-336
-284
-230
-268
-221
-144
-121
-120
-156
-173
-208
-231
-260
-339
-340
-421
-411
-355
-266
-249
-290
-237
-210
-237
-207
-226
-179
-187
-198
-178
-177
-179
-183
-167
-156
-88
-130
-127
-78
-39
-123
-113
-76
-38
-49
-84
-37
-104
-199
-210
-162
-164
-233
-255
-232
-232
-197
-142
-110
-105
-93
-51
-74
-92
-64
-100
-149
-133
-144
-139
-97
-72
-130
-116
-59
-47
-43
-38
-31
-44
-25
-61
-101
-94
-73
-48
-124
-77
-52
-64
-9
-26
-17
-34
-21
-43
-95
-98
-46
-68
-58
-41
-100
-96
-227
-189
-128
-113
-107
-126
-121
-153
-87
-59
-78
-126
-217
-232
-205
-189
-234
-258
-231
-253
-223
-242
-261
-252
-188
-239
-232
-180
-204
-239
-280
-235
-262
-272
-294
-285
-234
-237
-204
-244
-208
-234
-203
-134
-110
-130
-109
-41
-101
-68
-11
-10
-32
-81
-43
-100
-131
-97
-109
-60
-123
-167
-136
-143
-179
-185
-214
-231
-199
-239
-217
-209
-169
-179
-231
-197
-267
-245
-256
-202
-176
-148
-122
-110
-105
-101
-50
-107
-86
-120
-163
-99
-150
-125
-103
-120
-80
-41
-45
-37
-55
-76
-34
-75
-115
-135
-155
-159
-134
-125
-64
-6
-13
-44
-8
-20
16
-17
-34
-13
-2
29
29
-14
-30
-28
-19
-86
-51
13
-64
-126
-143
-144
-246
-221
-130
-136
-174
-233
-237
-171
-150
-191
-177
-168
-214
-208
-261
-238
-206
-188
-217
-181
-119
-152
-118
-91
-83
-101
-130
-149
-142
-183
-182
-199
-170
-145
-117
-50
-48
-92
-166
-168
-160
-125
-69
-130
-80
-166
-196
-79
-133
-148
-129
-137
-178
-183
-201
-193
-174
-207
-181
-119
-170
-175
-173
-201
-170
-143
-157
-187
-182
-163
-81
-100
-142
-123
-151
-170
-158
-142
-155
-197
-206
-130
-126
-81
-119
-135
-113
-115
-85
-100
-143
-185
-174
-195
-164
-160
-129
-78
-31
-31
-67
-68
-13
56
-13
-11
31
28
7
19
40
27
-36
-71
-31
-97
-77
-85
-103
-76
-99
-96
-111
-130
-127
-126
-152
-149
-125
-98
-157
-141
-86
-76
-103
-87
-118
-117
-106
-91
-69
-79
-42
-59
-122
-138
-114
-91
-125
-199
-186
-162
-207
-235
-255
-237
-187
-188
-204
-185
-102
-164
-165
-125
-162
-192
-145
-114
-126
-161
-126
-103
-108
-135
-109
-49
-98
-66
-113
-66
-36
-59
-21
-10
10
15
-22
-65
-57
-144
-146
-161
-145
-163
-168
-152
-176
-181
-199
-203
-118
-137
-155
-100
-90
-15
-27
-17
-41
-80
-116
-78
-137
-177
-171
-186
-131
-160
-186
-162
-121
-88
-86
-71
-69
-94
-107
-86
-120
-178
-190
-187
-117
-63
-61
-11
-29
-49
-26
-38
-21
-76
-63
-75
-92
-54
-93
-40
-62
-98
-112
-100
-68
-126
-65
-59
-13
-15
-51
-37
-1
-62
-172
-106
-108
-133
-187
-146
-176
-217
-168
-181
-147
-97
-175
-143
-120
-128
-176
-202
-181
-214
-209
-215
-148
-181
-192
-175
-98
-97
-129
-79
-63
-76
-98
-65
-66
-104
-133
-147
-124
-161
-95
-52
-90
-93
-123
-66
-39
-6
-62
-86
-81
-53
-77
-137
-83
-108
-131
-145
-111
-50
-61
-68
4
65
-1
-31
16
-34
-80
-109
-79
-38
-98
-137
-135
-174
-132
-75
-132
-147
-176
-141
-125
-147
-157
-153
-62
-21
-90
-85
-118
-135
-126
-125
-81
-84
-45
-52
-13
55
45
19
-47
-20
28
-4
-33
-45
-31
-25
-50
-69
-61
-47
-84
-74
-47
-45
-52
-51
-52
-79
-108
-76
-70
-56
-20
-21
-8
-98
-117
-91
-73
-98
-101
-84
-84
-90
-135
-56
-51
-58
-83
-101
-104
-80
-101
-112
-106
-102
-67
-105
-110
-87
-37
-51
-123
-141
-98
-36
-101
-97
-88
-50
-52
-103
-87
-49
-75
-82
-20
-62
-72
2
-20
-63
-54
-112
-87
-76
-115
-12
-18
-6
-38
-24
42
-73
-123
-132
-126
-125
-146
-136
-124
-120
-131
-129
-89
-88
-113
-137
-122
-154
-111
-68
-76
-81
-56
-57
-92
-118
-109
-57
-73
-79
-39
-45
-21
-31
-48
-53
-107
-111
-111
-89
-121
-103
-80
-72
-57
-64
-92
-60
-34
-44
-54
-93
-58
-54
-55
-121
-85
-57
-67
-82
-98
-71
-73
-82
-107
-77
-22
-60
-86
-70
-95
-65
-149
-188
-150
-196
-181
-180
-198
-190
-126
-99
-147
-130
-118
-98
-117
-141
-154
-137
-118
-176
-182
-121
-116
-152
-159
-102
-59
-55
-76
-76
-86
-34
-58
-110
-120
-214
-164
-153
-153
-154
-150
-119
-140
-145
-140
-80
-115
-86
-110
-136
-111
-78
-95
-153
-141
-164
-159
-100
-56
-71
-60
-89
-100
-69
-92
-70
-68
-44
-144
-135
-93
-145
-114
-103
-97
-56
-165
-163
-74
-123
-82
-119
-77
-85
-63
-54
-138
-97
-93
-54
-71
-92
-63
-50
-29
-34
-45
-29
-10
-14
-50
-47
-83
-95
-41
-70
-82
-103
-118
-85
-95
-68
-64
-96
-104
-112
-105
-82
-66
-11
11
-17
-66
-105
-7
-55
-103
-111
-93
-83
-122
-112
-115
-58
-112
-103
-120
-65
-72
-109
-90
-127
-117
-137
-130
-119
-109
-135
-112
-34
14
-53
-65
-133
-149
-156
-123
-47
-95
-83
-113
-92
-119
-84
-85
-116
-134
-123
-70
-83
-77
-68
-66
-55
-66
-126
-157
-110
-104
-107
-72
-147
-142
-103
-109
-114
-106
-128
-128
-111
-123
-71
-77
-149
-126
-143
-92
-94
-126
-144
-188
-116
-183
-166
-150
-137
-134
-209
-185
-157
-160
-198
