104
65
31
45
75
58
34
69
65
86
72
55
109
64
64
2
-15
14
45
35
-6
-11
43
29
45
50
27
49
34
108
47
12
39
42
41
81
70
18
49
24
45
3
-2
85
65
21
36
44
38
-4
8
28
23
32
-30
-19
-12
-10
-2
-1
5
94
92
50
15
31
8
-29
-11
10
42
-6
4
-6
-8
43
60
35
49
30
68
47
31
4
-76
-56
9
21
-25
12
23
11
-15
-25
32
4
2
22
-76
-44
2
-12
40
7
-22
-7
21
10
65
76
96
71
-22
-12
71
48
29
-40
-42
-39
2
14
32
31
-55
-10
-23
17
-6
-41
-54
-70
-66
-48
-89
-73
-43
-14
-29
45
10
11
35
-62
-1
8
5
1
-57
-92
-47
-5
48
42
35
20
2
-23
30
25
24
1
-21
4
47
44
41
53
36
-35
-48
-87
-113
-89
-61
-64
-33
-29
-24
30
51
54
4
4
10
-10
-2
58
10
13
-4
4
23
30
-2
-58
-44
-52
-40
-7
28
35
54
-52
-16
37
40
53
21
10
-29
-37
-32
-5
-5
-63
-50
-44
-6
6
-39
3
48
43
84
52
-15
-86
-43
-22
-76
-41
-55
-19
-2
12
-15
-91
-58
-73
-76
-39
10
-3
17
-37
19
28
-56
-20
6
23
-12
-39
-33
-47
-2
32
3
-12
-9
-17
-42
-23
-25
-12
19
33
11
-44
-20
10
-12
13
6
15
-10
-75
-52
-33
-72
-43
10
-18
-51
-77
-16
-20
-29
-32
-56
-20
-68
-56
-31
-51
-8
30
6
-6
14
-72
-64
-20
-59
-15
-14
8
9
-7
19
-16
-43
-34
-35
9
0
-47
-25
-86
-74
-27
-24
-3
-44
-51
-32
-32
-46
1
21
12
5
-1
-53
-45
39
29
33
13
37
40
-8
24
25
-16
-18
-29
22
60
13
-2
17
1
32
-30
20
68
44
130
56
-27
-3
-32
-61
-22
7
47
25
-41
-6
-34
-25
-13
15
3
-8
-36
-50
-7
26
12
20
17
21
14
55
-4
-56
-26
-29
55
32
-21
-49
-65
-40
-17
-37
-42
7
13
-9
17
37
30
4
52
14
-15
18
39
-9
-26
-28
-35
-25
8
51
42
57
82
71
27
44
7
24
37
29
-14
-5
43
49
12
18
73
84
51
12
26
38
92
61
59
87
78
79
26
45
32
-3
61
66
73
137
74
75
57
37
61
36
88
100
44
44
58
72
88
99
154
89
65
168
153
158
171
105
134
145
136
54
77
143
152
126
154
112
59
112
80
125
92
83
99
48
86
101
51
88
81
49
42
69
58
113
120
68
113
88
56
74
57
63
107
108
132
75
37
39
73
49
37
71
99
137
105
53
9
-6
62
74
71
56
47
51
85
84
46
23
38
86
144
184
261
291
299
354
382
418
409
371
268
159
55
-16
-44
-105
-159
-184
-175
-162
-131
-98
-63
59
108
83
87
113
97
34
90
128
117
137
127
55
-3
10
29
66
60
90
88
81
163
140
139
184
133
104
102
21
40
58
34
6
-3
-31
-13
-39
-28
-3
49
20
4
80
68
53
63
80
56
87
62
45
39
55
37
46
62
92
48
24
18
54
53
56
102
121
97
55
69
18
61
64
101
90
90
81
105
112
90
73
87
141
116
115
89
116
143
143
150
111
116
134
82
40
46
87
157
100
54
29
34
94
104
59
82
126
143
147
97
132
156
121
156
123
78
46
47
79
73
70
39
42
84
119
115
56
31
52
113
74
17
82
22
-1
62
-6
-43
-13
7
20
6
16
13
95
72
44
41
103
125
57
61
42
11
67
76
30
21
45
69
54
128
140
123
144
135
138
134
113
93
75
84
42
109
141
135
124
118
145
121
95
62
62
93
95
110
67
106
92
85
42
23
73
100
169
124
124
140
176
181
180
214
195
203
165
129
144
101
59
97
60
79
160
108
128
151
161
86
92
60
54
107
124
88
109
111
63
65
52
134
82
36
48
70
33
52
118
63
80
42
33
40
63
95
53
74
84
-26
-1
28
-22
2
-7
-18
13
44
23
36
5
27
13
18
45
21
90
84
70
55
75
1
-5
10
31
-1
-29
3
6
48
19
-40
17
-30
-41
68
41
101
97
39
32
45
75
85
76
66
54
136
177
115
122
137
162
227
200
153
192
183
238
265
202
237
255
242
247
239
255
260
235
242
252
264
304
263
221
168
140
147
130
117
139
167
122
94
87
60
8
62
66
38
70
91
87
42
39
65
53
66
73
63
44
30
77
50
36
27
47
47
46
14
-40
16
35
-17
1
25
-4
-15
-20
-21
-14
-34
-78
-84
-47
-36
-33
-82
-67
-44
-35
-115
-113
-99
-136
-113
-175
-207
-156
-132
-165
-101
-99
-165
-90
-51
-89
-64
-52
-81
-87
-31
-29
-19
7
-84
-29
3
-4
-48
5
-7
10
2
-93
-34
-7
-16
20
50
69
69
80
113
192
294
322
325
380
494
530
654
687
668
727
734
731
740
686
672
659
569
492
475
412
361
287
220
144
95
83
61
17
-53
-2
54
12
19
-10
-29
-96
-39
-86
-137
-112
-115
-26
-22
65
77
121
95
104
110
75
163
149
117
124
-2
-37
-27
-48
-75
-84
-133
-179
-176
-201
-206
-258
-278
-327
-216
-224
-293
-247
-239
-224
-267
-275
-244
-232
-245
-211
-190
-179
-206
-212
-200
-182
-165
-150
-148
-140
-99
-121
-130
-113
-119
-84
-64
-37
-20
30
0
32
87
-7
-88
-134
-170
-118
-150
-163
-157
-194
-181
-181
-32
219
410
615
856
1096
1261
1270
1370
1530
1519
1319
1207
1061
911
643
493
454
286
101
38
29
87
93
36
81
87
98
129
183
188
120
-8
-101
-158
-202
-273
-356
-388
-346
-332
-203
-78
-6
122
200
370
493
548
632
624
616
612
532
456
471
375
244
115
39
36
-55
-61
-54
-15
7
38
73
180
252
239
303
381
409
349
494
631
686
708
715
789
776
639
561
505
438
261
54
8
-53
-169
-229
-212
-153
-200
-156
-113
16
114
186
185
152
143
24
-28
-113
-201
-373
-482
-517
-453
-449
-416
-275
-190
-54
-7
46
55
20
4
-61
-114
-234
-288
-338
-334
-338
-370
-360
-386
-308
-242
-254
-269
-245
-242
-254
-289
-245
-230
-269
-347
-401
-223
-81
113
281
527
856
978
1084
1309
1668
1799
1676
1626
1695
1642
1406
1218
1212
982
639
439
459
498
345
244
265
342
301
291
383
419
327
140
78
42
-90
-288
-378
-462
-540
-589
-579
-476
-373
-318
-271
-162
49
232
340
468
569
617
570
571
643
608
518
381
268
178
131
54
102
58
-34
-5
40
98
127
73
61
114
131
143
204
389
450
392
422
590
590
515
603
654
525
383
358
456
427
308
308
269
149
37
33
77
90
61
4
-5
78
107
52
41
48
-10
-207
-183
-186
-300
-469
-427
-388
-452
-370
-361
-315
-274
-257
-234
-221
-107
-89
-158
-148
-105
-138
-236
-150
-59
-127
-200
-185
-118
-141
-119
-113
-98
-13
-20
55
-58
-38
-10
-100
-160
-221
-258
-307
-397
-363
-165
-27
124
365
643
808
951
1105
1531
1790
1616
1527
1584
1591
1373
1198
1200
1119
768
545
559
547
450
273
297
341
356
371
408
438
389
133
-12
32
-24
-229
-394
-461
-485
-590
-670
-603
-515
-434
-440
-316
-104
56
164
290
445
495
559
543
572
585
491
381
347
298
167
135
181
148
85
74
67
105
183
216
232
213
236
296
390
477
424
400
356
380
397
402
358
332
361
341
249
258
248
276
259
196
181
151
194
142
165
125
95
79
55
27
-10
-85
-168
-251
-206
-299
-425
-391
-466
-527
-467
-382
-322
-287
-267
-158
-148
-117
-48
-80
-74
-53
-20
16
51
9
-32
-50
-105
-159
-168
-121
-70
-83
-79
-89
-51
-63
-79
-165
-247
-282
-332
-429
-480
-510
-548
-320
-158
-5
93
296
650
731
807
1140
1481
1538
1487
1523
1590
1480
1245
1214
1171
930
630
559
601
566
525
445
452
436
425
447
505
522
326
105
48
71
-66
-247
-412
-554
-657
-742
-753
-726
-676
-628
-514
-374
-142
0
147
298
374
449
463
473
556
598
474
395
308
243
168
109
105
62
-62
-70
37
101
165
112
175
238
183
174
254
228
237
130
81
105
39
76
239
327
406
572
692
782
761
775
845
725
532
393
224
3
-205
-246
-307
-395
-378
-261
-104
40
153
116
74
93
-45
-129
-230
-300
-412
-540
-541
-513
-472
-396
-219
-170
-129
-64
-9
47
22
16
-33
-120
-25
4
-119
-183
-147
-127
-156
-131
-142
-159
-140
-155
-195
-288
-373
-370
-456
-528
-562
-685
-731
-567
-323
-132
-39
227
564
685
829
1139
1484
1570
1462
1473
1500
1512
1317
1261
1208
1016
727
527
630
619
560
365
452
532
494
581
619
686
481
246
191
161
0
-262
-454
-620
-729
-849
-885
-819
-835
-757
-703
-562
-281
-103
56
204
329
463
512
580
593
574
499
332
265
175
92
47
-52
-81
-102
-112
-43
23
99
122
130
125
146
194
212
209
203
138
117
139
294
381
399
439
536
567
568
632
681
733
567
442
353
238
35
-99
-127
-197
-197
-174
-101
64
133
95
46
25
-22
-98
-114
-218
-393
-599
-696
-623
-604
-591
-501
-374
-272
-239
-144
-79
24
42
12
13
39
121
-46
-176
-207
-294
-366
-379
-268
-248
-286
-325
-320
-254
-304
-329
-397
-525
-570
-702
-769
-889
-817
-551
-348
-243
-66
344
609
782
1011
1345
1782
1796
1636
1681
1757
1666
1429
1312
1209
933
540
461
556
522
388
207
327
430
384
357
410
483
305
-6
-11
-26
-270
-627
-811
-933
-1114
-1262
-1247
-1118
-1065
-1035
-911
-609
-337
-41
133
334
498
573
638
676
720
633
488
300
170
36
12
-57
-140
-193
-234
-257
-201
-71
-40
30
15
79
109
163
220
301
273
255
298
310
312
338
320
298
279
195
143
141
183
129
-17
-103
-87
-111
-56
-54
-45
-117
-176
-209
-134
-188
-285
-360
-536
-546
-616
-609
-736
-790
-812
-820
-756
-613
-470
-390
-215
-126
-80
-85
-6
41
-22
-11
-12
-118
-143
-205
-238
-369
-358
-292
-353
-346
-366
-345
-514
-655
-723
-748
-821
-878
-934
-985
-1033
-1075
-779
-449
-158
-68
320
845
1092
1330
1643
2248
2367
2131
2014
2137
2140
1734
1526
1370
1125
687
306
428
499
364
70
145
332
373
326
356
555
312
-90
-259
-248
-451
-790
-1077
-1181
-1293
-1500
-1579
-1468
-1287
-1098
-994
-739
-281
100
334
478
729
923
879
839
869
860
686
442
223
178
112
-79
-82
-114
-115
-116
-159
-12
93
109
97
68
110
43
-60
-62
-48
140
295
366
467
711
818
619
579
732
764
469
204
178
-67
-340
-459
-375
-415
-459
-281
-127
196
318
422
209
88
-80
-456
-690
-863
-1056
-1420
-1587
-1479
-1293
-1250
-1072
-732
-534
-399
-236
-109
-45
-100
-124
-250
-236
-128
-181
-259
-272
-218
-388
-405
-405
-424
-587
-764
-830
-916
-1030
-1182
-1265
-1425
-1577
-1608
-1148
-535
-9
319
862
1782
2210
2353
2787
3621
3905
3328
2952
2938
2845
2171
1590
1440
1050
408
-132
13
223
189
-142
-95
303
372
266
247
469
328
-198
-611
-589
-674
-1187
-1605
-1692
-1722
-1827
-1795
-1465
-1069
-726
-525
-173
424
893
1208
1326
1607
1731
1513
1324
1236
1146
796
411
42
-118
-258
-437
-491
-355
-272
-340
-366
-176
100
106
-27
13
99
113
270
459
652
744
798
764
769
828
836
791
514
415
318
75
-116
-64
-69
-289
-309
-202
-89
64
263
348
345
354
284
210
58
-136
-493
-945
-1120
-1230
-1352
-1358
-1205
-1127
-1137
-992
-708
-546
-550
-646
-830
-962
-922
-794
-703
-711
-755
-863
-1056
-1030
-880
-791
-957
-1030
-976
-1018
-1028
-1129
-1303
-1552
-1770
-1882
-1662
-813
135
827
1335
2362
3480
3937
4286
4958
5711
5314
4434
3875
3626
3049
1901
1207
777
71
-939
-1420
-1041
-688
-783
-1041
-663
-76
26
-77
164
378
-143
-845
-1041
-990
-1206
-1664
-1940
-1826
-1706
-1613
-1199
-463
254
732
1071
1662
2391
2803
2838
2781
2780
2459
1818
1227
928
517
-216
-893
-1225
-1325
-1437
-1533
-1358
-1058
-878
-790
-630
-190
142
114
111
678
1174
1215
1349
1683
2009
1745
1508
1655
1775
1523
1070
827
530
315
-17
-178
-179
-263
-452
-658
-450
-159
-194
-444
-484
-407
-527
-674
-626
-471
-664
-877
-887
-823
-659
-610
-552
-347
-116
-9
-29
101
211
137
-187
-416
-419
-687
-1059
-1473
-1756
-2072
-2479
-2679
-2812
-2938
-3082
-3212
-3189
-3040
-2928
-2989
-3102
-3044
-2582
-1071
838
2530
3614
4751
6338
7162
7342
7686
8618
8407
6455
4694
3832
2852
959
-681
-1387
-2275
-3547
-4456
-3818
-2560
-2154
-2243
-1927
-740
-171
-162
91
653
442
-768
-1306
-1022
-832
-1239
-1412
-933
-329
149
805
1928
3070
3679
3809
3983
4434
4471
3803
2993
2149
1203
-226
-1582
-2386
-2856
-3484
-4156
-4268
-3858
-3301
-2804
-2046
-1026
-269
158
481
1125
1721
1702
1789
2536
3231
3450
3444
3855
4119
3687
3129
2875
2590
1770
781
-285
-952
-1574
-2262
-2608
-2717
-2471
-2325
-2227
-1564
-669
-230
-274
77
448
413
357
299
370
86
-204
-258
-76
225
312
342
451
742
825
580
359
217
-216
-1001
-1608
-1825
-2291
-2963
-3323
-3505
-3744
-4042
-4140
-4004
-3746
-3586
-3447
-3176
-3090
-3031
-3152
-2160
1094
4121
5653
6447
8567
10987
10626
9616
10143
11048
8641
3870
1305
561
-1297
-4799
-6436
-6156
-6862
-8459
-8456
-5275
-2535
-2268
-2361
-611
1769
1895
1351
2085
2970
1737
-612
-859
272
698
-54
-126
1316
2444
2811
3356
4711
5709
5117
3699
2800
2554
1416
-813
-2709
-3744
-4794
-6440
-7250
-6526
-5343
-4867
-4421
-2885
-643
1006
1904
3024
4303
4758
4137
3631
3744
3755
2840
2756
3744
4076
3609
3259
3772
3323
1956
907
189
-951
-2692
-4019
-5056
-5388
-5134
-4892
-4317
-2986
-1122
36
1123
2961
4226
4144
3632
3756
3401
2279
1141
456
-127
-982
-1287
-1406
-1191
-821
-814
-982
-778
-361
-696
-1435
-1857
-2153
-2908
-3894
-4065
-3940
-4125
-4317
-4199
-3793
-3435
-3013
-2617
-2234
-1737
-1588
-2045
-2376
-1727
1682
5622
7569
8280
9622
12497
12427
9808
9033
10056
7846
991
-3810
-4530
-5676
-9493
-11761
-9942
-8707
-9574
-8896
-4192
1315
2777
2446
3958
6670
6925
4990
4499
5025
3473
-301
-2054
-407
849
-2
-419
1218
3040
3166
2987
3729
4191
2611
-320
-2450
-3275
-4225
-6257
-7898
-7930
-7034
-6787
-6145
-3621
-216
1966
2819
4276
6393
7408
6779
5966
5504
4358
1966
-303
-1117
-1116
-1786
-2600
-1246
1212
2317
2082
2606
3742
2717
460
-789
-1092
-2398
-4450
-5445
-5193
-4176
-3050
-1708
335
2779
4591
5062
5712
6960
6642
4329
2115
1058
-486
-2689
-4063
-4119
-4165
-4630
-4404
-3319
-1944
-1133
-1114
-955
-295
16
-716
-1514
-1505
-1623
-2616
-3341
-2709
-2061
-2311
-2586
-2138
-1649
-1814
-2146
-2123
-2202
-2699
-3856
-3268
1880
7003
8550
7918
10196
13785
11977
7801
7490
8905
4214
-4626
-8729
-7692
-8436
-12035
-12375
-8191
-5495
-5636
-3884
2483
8253
8068
5685
6316
8236
6402
2317
923
1580
-632
-4654
-4957
-1329
1122
643
739
3006
4692
3655
1991
1558
946
-1854
-5820
-7844
-7267
-6868
-7519
-7101
-4404
-1322
321
1916
5049
7993
8301
6850
5825
5433
3969
1127
-1407
-2379
-3082
-4699
-5538
-4103
-1723
-700
-558
1089
4386
6017
5304
4581
4598
3358
-80
-2565
-2628
-2607
-4086
-5233
-4219
-2063
-557
605
2554
4772
5669
4783
4072
4366
4039
1616
-1296
-2448
-3032
-4346
-5313
-4677
-3345
-3170
-3351
-2366
-656
297
44
-240
140
459
-238
-1018
-996
-806
-1717
-2976
-3014
-2371
-2560
-3405
-3750
-3365
-3550
-4087
-4199
-4079
-4089
-3611
1498
8122
11484
11281
12168
15483
14336
8643
5575
6282
2570
-6817
-13047
-12055
-10502
-12577
-12656
-7360
-2285
-1533
-380
5158
10931
10843
6744
5065
5741
3869
-274
-2262
-989
-1055
-3498
-3268
1014
4730
4545
3397
3886
4161
1808
-1686
-3769
-5042
-7414
-10280
-10979
-8655
-5393
-3245
-1104
2343
6054
7799
7867
8325
8748
6997
3305
157
-1346
-2700
-4450
-5457
-4783
-3324
-2545
-1713
110
2393
3216
2195
1844
3602
4440
2717
917
1128
1062
-1119
-2502
-1247
217
-590
-1431
-915
321
990
1012
1431
2083
2596
1828
1087
1760
2463
1155
-1317
-2156
-1895
-2832
-4055
-3819
-2846
-2971
-3414
-2594
-853
462
532
279
554
1144
811
-420
-1042
-1331
-2456
-4239
-4798
-4130
-4042
-4615
-4782
-3967
-3492
-3685
-4095
-3572
-2586
1361
8136
12685
13517
12870
14660
14803
9658
3977
2708
1008
-6701
-14518
-15283
-11498
-10844
-11258
-6833
-229
2586
2330
5376
10856
11866
7155
2914
2846
2502
-723
-3053
-1535
758
-144
-876
2247
6147
6071
2688
555
-179
-2549
-6480
-9139
-9263
-9173
-9702
-8666
-4790
392
3778
5610
7549
9445
9615
7529
5220
3667
1512
-1909
-4768
-5250
-4449
-3953
-3482
-1957
311
1390
1206
1104
1682
1998
830
-709
-824
431
1268
1088
1552
2995
3661
2704
1945
2357
1971
-63
-2125
-2637
-2522
-2630
-2365
-1033
803
2014
2297
2610
3411
3374
1671
-616
-1933
-2818
-4228
-5159
-4492
-3216
-2555
-1978
-472
1358
2222
2080
1378
896
-23
-1500
-2969
-3749
-4158
-4979
-5509
-4989
-3854
-3138
-2827
-2337
-1922
-2024
-2934
-3573
-3697
-1580
5383
11645
13722
12460
13620
15840
12157
4856
1336
1301
-4792
-14657
-18462
-14298
-10618
-11250
-8365
-652
5009
5094
5499
10583
13897
9866
2971
821
1880
-114
-3573
-3189
543
1681
0
1316
5505
6673
2670
-1919
-3423
-4802
-8244
-11228
-10924
-8791
-7553
-6063
-2120
3841
8140
9134
9265
9721
9036
5849
1888
-509
-2028
-4477
-6771
-6743
-4565
-2528
-1324
-175
1549
2602
2408
2114
2014
1520
160
-1336
-1873
-1312
-216
888
1656
2559
3410
3298
2777
2513
2138
614
-1544
-2703
-2715
-2406
-2041
-1077
184
1101
1525
1757
2173
2010
819
-976
-2542
-3123
-3390
-3684
-3204
-2053
-1037
-427
357
1275
1698
1154
-63
-1247
-2265
-3163
-4064
-4709
-4624
-4339
-4076
-3768
-3000
-2210
-1845
-2099
-2501
-3226
-3884
-4329
-1445
6832
13565
14715
12610
14214
15842
10486
2093
-989
-762
-7570
-17321
-19490
-13419
-8940
-9076
-5105
3236
8396
7088
6578
11065
13203
7718
62
-1553
398
-1014
-3714
-2237
2532
3823
1702
2230
5488
5410
-140
-5691
-7219
-7856
-10387
-12266
-10332
-6119
-3270
-1164
2850
8392
11508
10415
8323
7194
5385
1321
-2975
-4635
-4683
-5476
-6322
-4931
-1553
893
1348
1599
2713
3229
1667
-491
-939
-596
-1323
-2592
-1814
952
2870
3328
3769
4919
4982
3050
1103
86
-796
-2648
-4425
-4376
-2803
-1248
-392
925
2897
3942
3317
2205
1665
773
-1371
-3474
-4172
-3796
-3496
-3131
-1757
130
1404
1624
1515
1487
891
-638
-2391
-3514
-4100
-4847
-5474
-5016
-3767
-2927
-2557
-2003
-1436
-1277
-2077
-2748
-3665
-4549
-5518
-2683
6248
13453
15280
13239
14920
16548
10872
1560
-2490
-1849
-8372
-18299
-20749
-14086
-8374
-7953
-3748
5081
10668
9037
7446
11155
12929
6975
-1287
-3401
-903
-1692
-4101
-2250
3207
5178
2789
2805
5662
5026
-1183
-7297
-8739
-8926
-10971
-12222
-9421
-4223
-772
1628
5543
10415
12570
10420
7308
5283
2771
-1620
-5796
-6797
-5853
-5610
-5312
-3318
334
2548
2736
2987
3404
2921
511
-1725
-2058
-1479
-1553
-1869
-380
2545
4358
4464
4341
4670
3837
1197
-1145
-2144
-2654
-3855
-4622
-3464
-1123
710
1700
2829
4050
4205
2776
954
-283
-1505
-3468
-4931
-4713
-3316
-2253
-1363
273
1923
2534
1855
1012
332
-830
-2626
-4218
-4784
-4857
-5078
-5003
-3965
-2575
-1783
-1811
-1738
-1521
-2213
-3314
-4795
-5309
-5478
-1136
7752
13997
15225
13634
15797
15724
8664
-382
-3327
-3666
-11249
-19544
-19851
-12486
-7382
-6085
-507
7814
11765
9160
7983
11234
11254
4261
-3264
-4015
-1520
-2367
-3599
-641
4435
5332
2969
3261
5092
2910
-3879
-9231
-9946
-9723
-10913
-10785
-6926
-1514
1943
4384
8136
11841
12296
8794
5086
2661
-179
-4264
-7477
-7432
-5832
-4961
-3985
-1452
2011
3532
2938
2040
1794
1533
-86
-1888
-1973
-786
-112
-177
1187
3847
5241
4511
3203
2606
1409
-1013
-2867
-3270
-3174
-3456
-3334
-1604
994
2881
3417
3329
3469
2878
1090
-739
-1813
-2670
-4076
-4694
-3708
-1932
-572
148
1131
2033
2058
1050
-90
-994
-2213
-3830
-5040
-4981
-4350
-4045
-3681
-2521
-1439
-1234
-1851
-2222
-2364
-3023
-4406
-5855
-6428
-3609
5245
13092
15637
14366
15494
16712
10757
1327
-3566
-3317
-8638
-18008
-20792
-14569
-7734
-6072
-2002
6493
12165
10429
7415
9822
11716
6085
-2425
-4955
-1962
-1600
-3452
-1513
4034
6482
3847
2652
4589
3670
-2809
-9365
-10795
-9900
-10741
-11127
-7694
-1573
2648
4716
7794
11609
12682
9414
5186
2506
-193
-4303
-7793
-7984
-5814
-4298
-3427
-1384
1854
3785
3507
2843
2379
1297
-1151
-3047
-2751
-1274
-462
-61
1608
4311
5780
5258
4099
3141
1607
-1265
-3531
-4127
-4009
-4125
-3773
-1786
990
3044
3706
4079
4413
3677
1536
-729
-2141
-3071
-4248
-4890
-3937
-2127
-641
339
1577
2692
2577
1101
-503
-1585
-2669
-4205
-5570
-5851
-5142
-4420
-3631
-2220
-737
-265
-1096
-1745
-2236
-2978
-4881
-6445
-6405
-96
9049
13997
14366
14130
17157
14809
5893
-2296
-3374
-4627
-13384
-20519
-18363
-10370
-6439
-4613
2230
10521
12443
8416
7682
11056
9648
1240
-5278
-4120
-1216
-2571
-3385
924
6131
5682
2652
3305
4712
930
-6793
-11190
-10439
-9829
-11002
-9967
-4504
1486
4324
6260
9961
12738
11215
6475
2869
791
-2397
-6750
-8814
-7115
-4665
-3631
-2462
380
3330
3694
2648
2048
1716
62
-2564
-3368
-2046
-611
-310
569
3143
5630
5922
4591
3473
2286
-227
-3246
-4618
-4402
-4261
-4379
-3331
-629
2053
3375
3833
4191
4143
2589
87
-1777
-2645
-3563
-4737
-4636
-2947
-1077
30
981
2171
2710
1836
53
-1390
-2480
-3922
-5499
-6366
-5864
-4899
-4085
-3168
-1729
-931
-1351
-2068
-2218
-2804
-4595
-6262
-3916
4693
11516
13542
12650
14846
16458
10134
705
-3839
-2858
-7586
-16966
-20062
-14320
-7571
-5872
-2356
6138
12034
10294
6679
8788
11410
6256
-2445
-5383
-1997
-1043
-3457
-2375
3182
6339
3699
1773
3616
3382
-2887
-9756
-10968
-9075
-9478
-10624
-7572
-1010
3636
5125
7424
11150
12173
8632
4082
1710
-343
-4295
-8049
-8182
-5393
-3587
-3063
-1357
1688
3473
2524
954
1006
1176
-685
-2891
-2554
-77
794
314
1367
4328
6016
4508
2710
1852
782
-1744
-4070
-4215
-3437
-3328
-3389
-1629
1473
3331
3224
2826
3115
2793
604
-1725
-2780
-3125
-3916
-4478
-3308
-1130
230
611
1308
2367
2293
727
-1027
-2021
-3031
-4747
-6119
-5988
-5070
-4284
-3721
-2507
-1496
-1476
-2259
-2810
-3316
-4206
-5470
-2313
6556
12911
14168
12302
14713
15481
8383
-944
-4626
-3148
-8577
-17527
-19486
-12837
-6102
-5028
-1438
6623
11701
9164
5660
8463
10765
5082
-3392
-4968
-584
86
-2664
-1403
4124
6353
2982
921
2764
1960
-4795
-11195
-11274
-8632
-8995
-9922
-6117
898
5046
5757
7936
11559
11786
7396
2812
1089
-873
-5041
-8194
-7322
-4155
-2780
-2700
-865
2245
3560
2428
1317
1265
291
-1996
-3285
-2100
-189
204
419
2154
4785
5729
4472
3237
2378
832
-1837
-3786
-3860
-3550
-3635
-3269
-1176
1303
2477
2617
2761
3135
2367
242
-1656
-2564
-3064
-3773
-3838
-2595
-998
116
757
1660
2416
1910
237
-1333
-2320
-3308
-4737
-5750
-5618
-4797
-4026
-3468
-2525
-1665
-1548
-2300
-2954
-3831
-4505
-4882
357
8766
13642
13854
12430
15252
13840
5994
-2558
-4500
-3968
-10941
-18189
-17875
-10079
-4817
-4190
410
8058
11554
7866
5335
8601
9369
2565
-4862
-4305
489
334
-2232
-23
5434
6337
2149
519
2237
144
-7318
-12803
-11377
-8336
-8906
-9210
-4358
2734
6084
6364
8769
12007
11070
5899
1528
195
-1766
-5771
-8239
-6404
-3044
-2212
-2165
-128
2749
3604
2025
976
905
-139
-2074
-2914
-1231
639
1014
1334
2979
5123
5159
3467
1934
1025
-413
-3031
-4439
-3887
-2932
-2488
-1818
373
2595
3241
3004
2683
2513
1174
-1224
-3101
-3670
-3638
-3902
-3666
-2234
-368
801
1338
1921
2252
1297
-636
-2335
-3314
-4172
-5455
-5901
-5156
-4185
-3460
-2931
-1958
-1596
-2261
-3656
-4509
-4562
-3442
3701
10763
14480
13192
12805
15127
11450
3435
-3979
-3874
-5393
-13322
-18638
-15748
-7154
-3802
-2736
2714
9545
10950
6462
5538
9009
7776
9
-5493
-2755
1487
64
-1876
1514
6322
5404
974
260
1438
-2197
-9664
-13270
-10473
-7909
-8784
-7882
-1993
4767
6874
6878
9278
11543
9400
3859
281
-691
-2872
-6492
-7816
-4928
-1735
-1481
-1528
497
3022
3163
1337
345
105
-961
-2678
-2908
-670
1347
1840
2209
3937
5908
5144
2868
1095
207
-1395
-3895
-4831
-4123
-3074
-2579
-1536
976
3055
3347
2749
2457
2214
623
-1787
-3409
-3739
-3687
-3994
-3373
-1576
141
936
1230
1836
1699
250
-1883
-3464
-4087
-4747
-5430
-5344
-4359
-3283
-2679
-2321
-1766
-1760
-2687
-4296
-4959
-4099
2534
9873
13614
13256
12536
15028
12014
4300
-3363
-3938
-4258
-11758
-17927
-16456
-8050
-3656
-2977
1771
8831
11029
6594
4668
8177
8367
1268
-5337
-3517
1525
964
-1616
748
6135
6413
1555
-398
1026
-1542
-9013
-13743
-11359
-7917
-8558
-8523
-3102
4362
7281
6989
8849
11587
10204
4535
333
-552
-2234
-6019
-7923
-5365
-1759
-1178
-1603
89
3087
3705
1641
205
26
-826
-2879
-3511
-1197
1323
1883
1914
3739
5937
5709
3410
1606
808
-845
-3515
-4968
-4172
-2982
-2676
-2119
49
2503
3115
2563
2308
2327
1123
-1325
-3157
-3384
-3225
-3617
-3355
-1760
70
852
930
1321
1582
481
-1814
-3643
-4196
-4577
-5492
-5712
-4632
-3183
-3023
-3013
-2720
-2030
-3068
-4605
-5213
-1456
7283
12381
14057
12382
14289
14714
8294
-127
-4642
-2884
-7173
-15135
-17944
-12252
-4766
-3476
-1172
5403
10937
9146
4497
5638
8940
5501
-2690
-5584
-903
2203
-245
-1079
3481
7360
4550
108
331
734
-4575
-12026
-13579
-9414
-7389
-8573
-6659
143
6043
6830
6946
9716
11295
7655
1850
-648
-963
-3370
-6970
-7107
-3256
-511
-998
-1048
1460
3865
2779
358
-491
-298
-1595
-3594
-2961
-95
1988
1843
2410
4622
6073
4718
2272
1266
499
-1582
-4133
-4462
-3003
-2059
-2145
-1291
1086
2649
2325
1562
1736
1664
-82
-2312
-3107
-2697
-2692
-3204
-2578
-678
756
798
570
844
714
-931
-2936
-3867
-3798
-4298
-5248
-4933
-3541
-2647
-3006
-3270
-2619
-2824
-4349
-5955
-3741
5300
12007
14388
12597
13703
15744
10204
1386
-4774
-3005
-5302
-13763
-18199
-13902
-5195
-2809
-1728
4194
10827
10748
5109
4496
8516
6950
-1263
-6267
-2461
2302
632
-1408
2349
7401
5974
767
-155
1188
-2645
-10560
-13956
-10320
-7254
-8299
-7492
-1231
5789
7378
6557
8792
11141
8721
2575
-981
-1127
-2800
-6349
-7561
-4100
-512
-466
-1025
1116
4144
3644
689
-681
-237
-1056
-3307
-3785
-893
1642
1775
1994
4047
6345
5446
2844
1270
775
-619
-3377
-4331
-3148
-1928
-1950
-1592
606
2599
2675
1738
1424
1625
319
-1889
-3074
-2845
-2312
-2666
-2498
-1032
569
981
516
470
421
-938
-2843
-3888
-3725
-3843
-4575
-4704
-3821
-2921
-2639
-2812
-2571
-3159
-4546
-6042
-3062
6212
12853
14827
12538
14236
15438
9354
74
-5090
-2714
-5992
-14482
-18443
-12822
-4259
-2532
-1042
5228
11456
10128
4488
4883
8915
6376
-2160
-6183
-1349
3042
844
-863
3282
7824
5458
238
-112
942
-3682
-11642
-14072
-9801
-6927
-7966
-6737
55
6643
7496
6631
8871
11042
8009
1732
-1474
-1480
-3054
-6351
-6758
-2880
412
-26
-876
980
3573
3540
1121
-415
-699
-1431
-2901
-3238
-850
1401
2143
2361
3967
5976
5240
2856
1025
739
-345
-2740
-3726
-2804
-1526
-1342
-1088
504
1989
2049
1210
869
1115
15
-2035
-3164
-2529
-1730
-1984
-1894
-684
695
833
215
37
-118
-1361
-3191
-4153
-4135
-4040
-4544
-4701
-3898
-2646
-2578
-3106
-3986
-4305
-5379
-2371
6680
13564
15627
12355
13778
14823
9321
-294
-5709
-2981
-5912
-13993
-18262
-12256
-3178
-1457
-550
5128
11379
9941
3907
4052
8249
6084
-2281
-6268
-988
3932
2002
98
3919
8387
5725
19
-750
394
-3994
-11945
-14216
-9496
-6261
-7152
-6029
470
6990
7642
6386
8138
9965
6990
946
-1947
-1502
-2534
-5442
-5773
-1846
1607
1078
192
2066
4189
3081
-347
-1974
-2186
-2849
-4322
-3677
-77
2546
3016
2976
5016
6987
5879
2981
840
139
-1403
-3620
-3973
-2338
-1044
-1149
-697
1417
3074
2623
1088
490
543
-565
-2411
-3250
-2590
-1837
-1903
-1405
141
1418
1137
190
-21
-207
-1491
-3469
-4450
-4162
-4047
-4461
-4475
-3537
-3002
-3077
-4023
-4581
-5892
-4286
4396
12205
15884
12983
13411
15432
11058
1646
-5621
-3058
-4039
-12002
-18170
-14201
-3909
-765
-918
3479
10542
11077
4500
2468
6991
7109
-761
-6731
-2533
4143
3322
151
2759
8622
7808
1116
-1473
82
-2600
-10597
-14796
-10534
-5783
-6164
-6431
-869
6780
8529
6418
7143
9524
7720
1304
-2814
-2212
-1964
-4612
-5926
-2312
2229
2349
634
1630
4184
3749
-156
-2584
-2475
-2489
-4285
-4632
-991
2731
3487
2911
4456
7056
6506
3167
558
81
-790
-3189
-4256
-2621
-760
-794
-1067
816
3111
2970
1026
-133
140
-437
-2338
-3533
-2605
-1334
-1522
-1682
-425
1193
1137
-233
-800
-628
-1472
-3475
-4663
-4144
-3417
-3536
-3947
-3404
-2769
-2983
-4421
-5516
-6330
-557
8069
13897
14539
12254
14829
13545
6845
-3028
-5150
-2356
-7016
-14664
-17122
-9023
-1433
-836
712
6719
11832
8142
2296
3845
7645
4026
-4426
-6206
676
4691
2003
709
5420
9141
4899
-1041
-1382
-670
-5814
-13236
-13657
-7840
-4781
-5782
-4174
2970
8592
7643
5771
7095
8448
4844
-1350
-3407
-2278
-2604
-4689
-4038
654
3592
2330
992
2283
3968
1757
-2160
-3540
-3015
-3228
-4734
-3167
1193
4010
4072
3690
5703
6964
4801
1308
-590
-638
-1905
-3962
-3818
-1738
-73
-323
-33
1863
2963
1978
-74
-574
-420
-1666
-3382
-3604
-2044
-934
-993
-718
475
1219
359
-858
-1084
-1336
-2612
-4250
-4622
-3942
-3591
-3925
-3887
-3294
-2936
-4133
-5328
-6930
-2336
6856
13314
14876
11927
14125
14018
8245
-1636
-5869
-2509
-5419
-12960
-17065
-10452
-1470
-37
365
5257
11097
9031
2386
2173
6532
4837
-3084
-6718
-655
5148
3567
1113
4432
9027
6268
-346
-2061
-1107
-5053
-12493
-14563
-8952
-4481
-4871
-4270
1709
8139
8347
5820
6080
7492
4905
-1083
-3826
-2604
-2169
-3857
-3953
204
3855
3432
1781
2096
3567
1881
-2178
-4504
-4175
-3767
-4594
-3570
321
3885
4417
3941
5382
7051
5626
1755
-707
-1109
-1824
-3509
-3827
-1999
-127
86
106
1641
3077
2250
-28
-1138
-1012
-1730
-3274
-3713
-2333
-923
-736
-568
415
1193
495
-825
-1349
-1585
-2673
-4186
-4762
-3908
-3225
-3433
-3516
-3214
-2750
-3856
-5381
-7047
-1410
7305
13039
13513
11561
14427
13422
6765
-3042
-5284
-2216
-6049
-13403
-16199
-8631
-949
-108
1063
6351
10982
7593
1628
2618
6440
3634
-3989
-6053
496
4955
2881
1299
5166
8802
5099
-816
-1864
-1428
-5849
-12787
-13467
-7742
-4070
-4458
-3272
2874
8361
7728
5169
5589
6560
3458
-2154
-4225
-2836
-2470
-3791
-3125
1261
4399
3353
1803
2430
3632
1399
-2666
-4261
-3766
-3601
-4667
-3133
1088
4014
4174
3581
5084
6461
4601
1152
-995
-1075
-1682
-3288
-3128
-1157
576
339
176
1645
2737
1752
-467
-1433
-1279
-1970
-3362
-3576
-2021
-595
-606
-655
200
1019
305
-976
-1548
-1700
-2688
-4046
-4378
-3657
-3004
-3383
-3532
-3190
-2964
-4156
-5936
-7191
-753
7621
13178
13060
11543
14283
12598
6089
-3439
-4883
-2584
-6834
-13534
-15557
-7771
-748
218
1669
6693
10824
7138
1558
2592
5622
2606
-4482
-5806
783
4869
3276
1981
5443
8390
4662
-931
-2253
-2403
-6784
-12913
-13055
-7476
-3819
-3542
-2114
3408
8222
7653
5389
5071
5229
2211
-2773
-4467
-3264
-2409
-2982
-2110
1789
4454
4181
2657
2498
2546
261
-3308
-5164
-4825
-4243
-3887
-2089
1501
4337
4813
4476
5143
5666
3777
430
-1827
-2212
-2242
-2753
-2538
-998
536
910
925
1699
2218
1110
-910
-2021
-1943
-2211
-2995
-3060
-1711
-316
1
-19
315
634
-138
-1459
-2154
-2308
-3067
-4061
-4224
-3292
-2666
-3010
-3395
-3178
-3052
-4347
-6303
-7697
-1155
7048
12782
12643
11674
14369
12573
5892
-3481
-4899
-2909
-6864
-13330
-15133
-7582
-687
623
2132
6833
10534
6910
1420
2127
4771
2031
-4467
-5845
415
4806
3953
2787
5676
8212
4695
-947
-2860
-3365
-7040
-12484
-12847
-7702
-3696
-2664
-1259
3583
8130
7827
5301
4131
4003
1601
-2728
-4714
-3859
-2403
-2109
-1183
1911
4694
4752
2987
1738
1307
-228
-3388
-5513
-5568
-4094
-2853
-1234
1841
4325
5288
4573
4361
4549
3167
392
-2290
-2783
-2091
-1737
-1590
-776
762
1435
1078
915
1035
363
-1300
-2685
-2750
-2196
-2131
-2264
-1349
235
918
410
-246
-258
-613
-1706
-2843
-3025
-3017
-3243
-3577
-3095
-2349
-2229
-3139
-3772
-4476
-5062
-7550
-6525
1816
9908
14395
12081
12872
14205
10939
2177
-5714
-4491
-4428
-9281
-14846
-12992
-3927
1132
1887
3896
8593
9828
4373
175
2027
3400
-633
-5965
-3985
2964
6025
4694
4250
7136
7490
2368
-2797
-4404
-5682
-9872
-13620
-11328
-5486
-1811
-687
1324
5932
8493
6859
4236
2829
1864
-1082
-4181
-4512
-2813
-970
-285
1102
3650
5038
4358
2090
449
-785
-2526
-4726
-5965
-5044
-2936
-748
1277
3469
5148
5407
4458
3409
2520
932
-1270
-2943
-2739
-1393
-258
230
719
1461
1640
942
-78
-828
-1568
-2604
-3265
-2945
-1992
-1263
-793
-38
815
1194
390
-754
-1443
-1761
-2330
-3025
-3300
-2981
-2720
-2536
-2332
-2141
-2424
-3319
-4433
-5683
-6881
-8373
-2481
5935
13239
14086
12614
14317
12819
7108
-2966
-6371
-5056
-7199
-12126
-14741
-8225
-8
3105
3913
6304
9568
7303
1246
-639
1199
899
-3529
-5799
-584
5639
7291
5656
5960
7894
5538
-595
-5149
-6894
-8712
-12239
-12939
-8459
-2732
520
1599
3995
7388
7696
5106
1953
392
-787
-3124
-4420
-3537
-969
1264
2209
3681
5139
5058
2795
-379
-2318
-3557
-4896
-6004
-5804
-3399
-422
2022
3699
4786
5501
4762
3091
1472
139
-1106
-2465
-2774
-1528
365
1630
1808
1794
1789
1116
-260
-1950
-3029
-3280
-3340
-2897
-1976
-677
377
843
1041
855
127
-1022
-2178
-2773
-3042
-3024
-3133
-2805
-2170
-1505
-1407
-1709
-2396
-3338
-4776
-6329
-7954
-8961
-1829
6682
13481
13562
12567
14467
12428
6078
-3951
-6820
-5694
-7782
-11800
-13331
-6694
1020
4203
5070
6581
8588
6019
273
-1803
-366
-62
-3092
-4639
307
6545
8580
6646
5565
6451
4243
-1685
-6383
-8267
-9026
-11201
-11310
-6699
-985
2497
2916
3898
5876
5587
3052
-134
-1675
-1995
-2883
-2951
-1566
1095
3400
4003
4108
4106
3024
605
-2387
-4016
-4335
-4634
-4510
-3680
-1223
1637
3504
4507
4062
3257
2139
897
-126
-1210
-1390
-1150
-581
590
2010
2993
2544
1113
-232
-1252
-2101
-3196
-3916
-3477
-2281
-900
149
858
1279
1056
287
-869
-1957
-2697
-3267
-3426
-3078
-1978
-1011
-652
-803
-772
-978
-1616
-3465
-5182
-6831
-7666
-8852
-8380
-203
8727
15325
14211
12883
13381
10576
3655
-5833
-8085
-7187
-8181
-10491
-10359
-3745
3065
6309
6511
5911
5713
2957
-1403
-3452
-2902
-1477
-1473
-1240
2438
7716
10452
8496
4811
3030
1072
-3238
-7957
-10511
-9688
-8610
-7205
-3823
929
4715
4833
3360
2748
1998
313
-2449
-3907
-3045
-1454
241
1592
3425
5287
5472
4218
2645
262
-1998
-4372
-5245
-4775
-4028
-2454
-1268
689
2510
3885
4148
2314
614
-367
-381
-465
-980
-261
971
2101
2636
2698
2697
1651
-413
-2483
-3498
-3401
-3476
-3381
-2348
-602
932
1395
1127
610
-254
-1352
-2684
-3564
-3521
-2883
-2130
-1251
-323
574
404
-671
-1953
-2832
-3965
-5304
-6862
-7619
-8301
-7562
511
9114
15533
14087
11801
11358
8225
2266
-6232
-7991
-6990
-7205
-7733
-6978
-1783
3110
5884
6630
4976
2626
-213
-2300
-2957
-3154
-1847
472
2472
4586
7156
9800
8953
4087
-703
-2962
-4393
-7068
-9733
-9031
-5868
-3095
-925
1586
4534
4605
1761
-633
-1519
-1815
-3131
-3795
-2050
578
2778
3850
4634
5245
4122
1992
-133
-2123
-3572
-4879
-4095
-2357
-774
535
1178
2109
2082
1752
1252
176
-1320
-2479
-1638
118
1262
1670
2295
3312
3442
2435
867
-631
-1913
-3179
-3670
-3083
-1834
-682
37
680
1122
966
84
-1366
-2848
-3674
-3775
-3448
-2747
-1556
-82
1008
1112
501
-474
-1647
-3207
-4546
-5458
-5732
-5716
-6202
-6074
-6517
-58
8125
14219
13788
9613
8919
6183
1952
-5192
-7687
-5637
-5214
-5044
-4558
-916
2668
3876
4607
3633
994
-2085
-3525
-2089
-723
-207
1535
4177
6134
6463
6812
6968
3768
-1772
-5318
-5606
-4895
-6390
-7280
-4762
-1356
622
698
1647
2568
678
-2257
-3614
-2456
-1249
-1384
-435
1792
3881
4447
3726
3155
1859
-260
-1914
-2468
-2620
-3031
-2427
-260
1439
1537
929
759
630
-461
-1365
-1327
-1028
-1086
-701
1197
3135
3385
2587
1885
1546
736
-742
-1834
-2427
-2576
-2312
-1405
-20
707
729
514
141
-709
-1869
-2587
-2956
-3155
-3061
-2207
-850
262
457
389
252
-346
-1931
-3371
-4123
-4141
-4216
-4294
-4209
-4302
-4824
-6141
-201
7647
13314
11791
7721
7242
5334
1727
-4603
-5873
-3728
-3998
-4605
-4159
-636
1942
2258
2902
2744
652
-2501
-3291
-530
1182
912
1766
4508
6281
5419
4653
5055
3171
-1865
-5670
-5474
-3494
-4155
-5786
-4420
-1166
896
266
117
893
-150
-2342
-3520
-2034
-193
121
863
2445
3850
3543
2442
1882
796
-1177
-2575
-2212
-1475
-1638
-1621
361
2300
1999
255
-837
-545
-1066
-1880
-1649
-482
639
1002
2149
3501
3472
2162
644
-64
-581
-1403
-1937
-1865
-1374
-1039
-367
774
1122
409
-579
-1124
-1586
-2348
-3017
-2787
-2076
-1556
-1255
-750
208
460
-169
-939
-1637
-2272
-3398
-3944
-3933
-3201
-3157
-3115
-3885
-4255
-6298
-4537
3282
10180
12916
8642
7066
6647
4345
-872
-5702
-4081
-3209
-4201
-4769
-2546
1363
1870
1872
2647
2081
-883
-3842
-2588
898
1512
741
2324
5743
6606
4729
3938
4200
1377
-3647
-6308
-4640
-2524
-3875
-5069
-3152
-26
884
-397
-292
-127
-1664
-3393
-3124
-631
686
799
1730
3364
4036
2707
1443
1001
-238
-2059
-2442
-1153
-79
-676
-619
1148
2103
896
-1401
-2062
-1527
-1564
-1655
-915
791
1784
2244
3150
3623
2855
1097
-381
-795
-1041
-1413
-1436
-977
-560
-341
179
726
543
-591
-1798
-2125
-1977
-2052
-2062
-1666
-963
-620
-528
-491
-353
-709
-1326
-1882
-2193
-2562
-2881
-2636
-2114
-2052
-2414
-3385
-4324
-5781
-7709
-1950
6204
12646
11530
7609
7302
5998
2558
-4146
-5662
-3281
-3682
-4418
-3635
770
3122
2035
1930
2449
927
-3203
-5037
-1583
1824
1547
1220
4228
7515
6746
3521
2720
2657
-733
-5285
-6616
-3512
-1525
-2896
-3293
-1265
1138
511
-1127
-1146
-1619
-3074
-4095
-2180
1027
2014
2035
2740
4105
3761
1482
10
-344
-1286
-2408
-1741
308
1510
854
578
1287
1110
-570
-2733
-3047
-2204
-1499
-539
806
2397
3036
3031
3009
2209
778
-845
-1522
-1097
-727
-387
-43
422
661
188
-91
-390
-1027
-2039
-2746
-2504
-1786
-1138
-717
-515
-394
-608
-1039
-1188
-1499
-1826
-2064
-1964
-1689
-1651
-1761
-1784
-1835
-2536
-3554
-5105
-5780
-7799
-3327
5004
12194
13196
8405
6797
5227
2310
-3753
-6765
-3814
-2993
-3464
-2974
1049
4464
2938
1223
999
315
-3158
-5907
-2891
2250
3539
2159
3689
7407
7808
3797
583
428
-881
-4115
-6116
-3843
-452
-628
-1745
-1107
353
-274
-2622
-2992
-2468
-2942
-3688
-2075
1775
3736
3203
2502
2847
2649
603
-1453
-1370
-867
-844
-497
800
2386
2146
1003
-39
-794
-1678
-3072
-3121
-2118
-769
518
1469
2721
3165
2595
1716
732
145
-652
-1114
-594
366
1210
1272
906
461
-390
-1362
-1888
-2137
-2155
-2072
-1678
-908
-230
111
-223
-906
-1596
-2313
-2329
-1945
-1561
-1307
-1054
-635
-656
-1000
-1787
-2537
-3407
-4076
-5529
-5871
-7325
-2937
5305
12231
13375
8416
6179
4222
1063
-4399
-7056
-3334
-1345
-1722
-1633
1762
4866
2553
-441
-978
-849
-3516
-6165
-2947
3612
6201
3979
3320
6057
6936
3038
-1200
-1639
-1499
-2979
-4198
-1980
1502
865
-1531
-2145
-996
-1533
-4439
-4949
-2961
-1443
-1520
-764
2416
4507
3419
1358
746
932
-376
-2059
-1573
410
1979
1865
1708
2047
1797
369
-1631
-2682
-3185
-3265
-2742
-1005
1097
2142
2246
2115
2218
1695
477
-626
-795
-156
461
1015
1514
1752
1398
357
-671
-1543
-2277
-2575
-2329
-1417
-607
-151
2
-42
-341
-1079
-1921
-2662
-2898
-2457
-1473
-643
-76
5
-467
-1219
-1922
-2690
-3107
-3755
-3963
-4716
-4584
-5875
-2322
5375
11483
12140
6827
4295
3047
579
-4007
-6003
-1498
1299
154
-973
1318
4258
1553
-2379
-2764
-1008
-1843
-4405
-2170
4269
7569
4891
2275
3455
4343
1581
-1887
-1480
-129
-1041
-2307
-761
2462
1630
-2320
-4187
-3095
-2210
-4047
-4504
-2137
94
311
88
1804
3180
1880
-345
-881
199
282
-626
-180
1893
3582
2950
1734
1231
684
-799
-2496
-2720
-2145
-1649
-1467
-438
1418
1949
1290
491
518
630
276
251
844
1567
1724
1506
1585
1467
490
-1028
-1898
-1869
-1615
-1482
-1219
-485
-190
-389
-782
-986
-1329
-1972
-2476
-2329
-1524
-694
-375
-186
-283
-573
-1535
-2400
-2834
-2907
-3192
-3228
-3455
-3033
-4175
-3605
2514
8739
11428
7098
3409
2555
1371
-1986
-5063
-2115
2168
1747
-550
-595
2463
1971
-2128
-3842
-1831
-215
-1595
-1578
2855
6851
5714
2313
1908
2934
1581
-1719
-1758
829
1415
-291
-1108
840
1427
-1507
-4264
-4095
-2464
-2759
-3507
-1838
573
1089
-54
93
1482
1307
-461
-1396
-204
1199
1214
679
1644
2811
2454
1707
1135
751
-834
-2640
-2894
-1826
-487
-434
-408
389
762
498
-49
135
708
841
1065
1495
2221
2208
1434
689
319
-184
-1092
-1582
-1359
-849
-756
-770
-567
-479
-915
-1608
-2012
-1947
-1930
-1897
-1511
-652
-68
-194
-701
-1140
-1754
-2428
-2906
-2744
-2365
-2242
-2643
-3239
-3632
-4450
-439
5658
10105
8612
4329
2864
2263
-411
-4352
-3929
1179
3224
1018
-1022
689
2274
-395
-3406
-2787
-551
-659
-1519
1359
5868
6529
3070
1094
2440
2746
-32
-2077
-264
1975
1490
40
137
766
-1162
-4053
-4273
-2382
-1651
-2837
-2503
21
1488
441
-761
-126
819
114
-959
-434
1203
1864
1419
1585
2478
2684
1432
449
495
378
-715
-2039
-1989
-892
-155
-169
-240
-19
-144
-542
-322
720
1555
1612
1485
1862
2292
1937
726
-122
-310
-520
-988
-1090
-660
-377
-513
-882
-962
-1076
-1500
-2030
-2100
-1795
-1394
-1091
-649
-281
-277
-905
-1586
-2086
-2150
-2114
-2017
-1897
-1863
-2223
-2699
-3488
-4076
-278
5428
9235
7461
3799
2557
2107
-488
-4057
-3377
1069
3017
1290
-464
823
1655
-742
-3196
-2453
-484
-338
-619
2022
5489
5504
2375
764
1963
2353
218
-1438
-58
1846
1915
959
533
206
-1884
-4174
-4244
-2472
-1292
-1463
-1091
184
645
-138
-899
-602
-183
-259
-492
179
1057
1722
1799
2342
2961
1912
617
53
276
-94
-1053
-1353
-1180
-609
-439
-394
-164
-476
-701
-259
518
1097
1361
1758
2079
1968
1589
1095
559
41
-313
-386
-416
-444
-450
-472
-533
-858
-1334
-1670
-1732
-1641
-1449
-1195
-885
-603
-525
-544
-928
-1549
-2156
-2445
-2254
-1821
-1478
-1455
-1668
-2200
-2749
-3862
-1847
2992
7261
7738
5318
3288
1975
-445
-3115
-2967
168
2114
1498
768
1021
781
-971
-2136
-1583
-1120
-1432
-671
2326
4747
4238
2425
1629
1857
1335
300
146
758
1033
1038
1614
1767
206
-2048
-3396
-3253
-2698
-2283
-1375
-296
338
12
-571
-817
-928
-969
-625
180
694
698
989
1504
2114
2715
2424
1629
682
199
-90
-513
-918
-1118
-960
-510
-395
-444
-673
-741
-358
274
930
1321
1591
1638
1555
1344
968
376
-89
-87
129
199
-43
-325
-464
-572
-796
-1142
-1465
-1723
-1749
-1360
-809
-448
-402
-474
-596
-1008
-1713
-2333
-2450
-2153
-1661
-1296
-1224
-1414
-1920
-2772
-3439
-1552
2518
6372
7226
5268
2892
1295
-609
-2579
-2846
-402
2473
2981
1417
6
-33
-101
-1124
-2153
-2000
-643
872
2086
3011
3362
2795
1623
951
935
803
514
303
847
1756
2242
1681
211
-1334
-2400
-2650
-2397
-1801
-935
-125
311
31
-813
-1410
-1506
-1132
-425
225
695
848
919
1156
2019
2371
2023
1235
673
372
75
-360
-666
-403
-47
52
-185
-855
-1374
-1323
-687
176
702
1074
1356
1519
1448
972
433
34
-32
106
295
358
186
-68
-243
-407
-643
-1042
-1363
-1483
-1300
-903
-581
-460
-470
-521
-851
-1400
-1848
-1971
-1766
-1326
-868
-725
-853
-1316
-1735
-2231
-1978
-436
2144
4484
5068
3927
2165
564
-1036
-1937
-1317
464
1870
1696
747
400
387
-11
-877
-1398
-984
125
1290
1820
1644
1239
998
1100
1171
945
531
220
161
296
617
894
956
627
56
-459
-945
-1246
-1195
-770
-120
301
160
-308
-659
-543
-347
-200
-128
0
167
363
674
883
803
704
721
715
538
134
-281
-511
-275
130
322
329
175
-1
-173
-284
-374
-257
65
545
967
1009
686
263
94
77
84
98
51
73
209
353
294
73
-138
-226
-176
-116
-110
-177
-196
-136
6
159
42
-165
-415
-598
-677
-657
-675
-521
-439
-383
-404
-679
-937
-1035
-759
-89
507
533
127
-359
-499
-150
315
498
242
42
276
849
1160
930
484
190
255
460
760
931
928
891
846
928
860
508
211
144
362
470
415
424
470
707
866
792
525
206
9
3
193
317
201
66
1
150
267
105
-209
-388
-224
52
229
387
435
334
145
27
23
-64
-136
-93
109
279
366
262
218
201
-49
-288
-296
-208
19
366
501
476
318
217
188
135
117
58
-9
-38
41
184
180
84
58
77
-18
-169
-165
-96
-70
-80
-94
-177
-319
-491
-524
-449
-466
-479
-588
-628
-708
-806
-626
-206
285
528
380
-24
-318
-251
9
223
251
170
270
613
995
1023
678
248
27
258
652
897
940
936
894
787
651
544
432
333
284
396
572
572
474
255
280
241
103
65
114
360
450
419
372
301
152
3
172
232
-10
-232
-258
-46
154
290
344
308
268
83
-58
-131
-1
115
37
76
202
243
179
152
208
273
173
41
9
85
51
47
65
272
284
219
116
82
-21
-47
15
74
114
43
50
15
-21
-119
-54
-151
-173
-135
-105
-124
-229
-269
-308
-310
-452
-534
-632
-641
-539
-509
-584
-696
-447
22
292
170
-30
-272
-329
-92
177
384
310
240
336
501
604
443
275
161
278
561
711
765
636
608
643
586
430
321
194
188
373
547
663
526
365
320
277
180
6
-27
99
175
228
209
132
54
96
147
107
51
-69
-114
-38
40
102
158
240
235
215
130
-77
-173
-71
21
125
214
143
13
-74
13
93
35
-8
116
308
346
324
209
23
-98
-97
-73
-25
-57
-1
57
98
216
197
57
-20
-12
-9
-64
-125
-37
62
31
0
-35
-156
-320
-464
-493
-466
-530
-671
-627
-519
-500
-521
-484
-248
121
259
88
-116
-304
-365
-206
73
265
218
107
284
487
494
421
243
28
51
310
616
704
720
724
703
630
466
247
240
246
295
496
582
480
356
340
346
251
82
-22
21
165
283
366
261
80
-48
-61
-132
-257
-247
-111
139
310
315
383
432
266
-1
-245
-349
-302
-121
145
256
323
203
97
91
-32
-269
-347
-274
-121
174
219
145
43
-33
-34
-71
-147
-130
-114
-120
-13
63
-17
-155
-168
-73
-35
-62
-83
-35
-42
-137
-189
-144
-180
-291
-260
-199
-206
-287
-468
-530
-567
-648
-645
-565
-402
-101
177
186
-15
-142
-184
-176
43
149
127
98
221
467
500
351
226
223
180
251
535
627
474
319
433
451
386
356
261
257
221
230
322
391
322
257
331
294
101
-67
-104
-31
39
135
246
247
208
122
103
9
-207
-320
-264
-139
21
238
480
562
402
137
-138
-277
-309
-180
-21
134
224
188
180
187
71
-101
-198
-107
4
144
226
82
33
-42
-226
-189
-231
-316
-200
-144
23
29
-144
-262
-228
-182
-234
-229
-147
-63
-12
-84
-147
-330
-387
-389
-374
-325
-410
-517
-487
-428
-318
-275
-460
-568
-471
-190
-10
-11
0
-23
-28
-8
110
142
33
9
134
387
355
192
109
115
225
342
380
413
419
456
548
502
378
240
254
282
329
334
302
273
152
227
317
225
80
-44
-77
-20
-41
-56
-28
2
43
56
102
135
-35
-124
-109
-64
63
131
230
208
80
-67
-159
-125
-89
-19
44
52
32
-12
-44
-103
-133
-131
-119
-19
118
180
126
7
-223
-313
-350
-365
-333
-247
-138
-85
-88
-180
-179
-244
-239
-184
-183
-133
-184
-252
-214
-226
-271
-338
-293
-217
-232
-302
-448
-497
-497
-527
-449
-402
-357
-329
-161
78
2
-207
-313
-283
-65
181
233
173
2
90
284
389
372
265
225
174
272
392
391
204
112
256
418
360
254
269
264
294
273
231
226
162
95
113
237
122
-25
-93
22
237
191
30
4
-15
-91
-74
-88
-107
-53
-26
89
329
418
346
131
-21
-111
-191
-121
-111
-5
71
187
212
128
38
-113
-137
-73
38
58
72
4
-6
-70
-153
-195
-173
-185
-202
-143
-178
-135
-161
-319
-283
-202
-159
-103
16
25
10
-128
-246
-261
-337
-377
-280
-131
-110
-201
-324
-305
-352
-328
-337
-384
-364
-378
-244
-36
102
-54
-201
-284
-185
27
150
137
135
136
211
337
365
232
108
142
330
478
467
424
354
306
353
317
170
95
66
101
201
200
188
214
142
110
135
80
11
6
87
183
187
143
53
-3
50
116
70
-105
-176
-120
102
291
211
126
-36
-99
-52
119
216
110
3
-19
38
27
-8
-43
8
65
131
231
184
-45
-182
-161
-144
-118
-235
-264
-143
-123
-150
-223
-269
-284
-341
-194
-127
-238
-167
-119
-137
-117
-179
-271
-352
-340
-183
-186
-217
-293
-309
-261
-259
-192
-163
-236
-379
-378
-284
-277
-231
-129
-29
26
-17
-157
-104
-23
48
83
54
23
94
240
292
293
235
162
180
257
256
339
275
302
423
487
413
246
155
128
106
74
160
139
72
128
156
179
102
7
44
33
-4
-7
45
42
11
128
147
180
215
217
78
-73
-166
-133
16
118
144
184
73
-33
-12
12
20
-26
11
132
225
217
119
0
-94
-120
-220
-235
-167
-164
-92
-73
-59
-124
-261
-241
-215
-100
12
-22
-5
-25
-84
-123
-232
-328
-295
-171
-10
35
10
-87
-217
-209
-206
-134
-179
-243
-201
-123
-138
-221
-279
-429
-454
-301
-144
-27
-45
-106
-58
-43
-5
78
141
154
157
307
297
234
161
157
206
162
236
330
356
333
327
346
324
268
258
308
327
234
145
111
35
10
72
126
87
23
37
90
112
26
33
20
92
224
299
271
212
112
78
88
64
80
40
107
127
149
200
161
64
50
52
111
140
133
138
138
36
-66
-87
-154
-198
-138
-82
-70
-131
-152
-100
-86
-89
-62
-64
-92
-66
-39
20
-26
-109
-128
-149
-161
-222
-169
-121
-158
-125
-17
85
40
28
-27
-133
-165
-147
-76
-78
-104
-98
-147
-237
-147
-73
17
52
45
76
42
15
23
140
223
200
152
191
312
346
296
265
256
306
229
229
286
229
202
220
290
312
252
166
215
221
239
241
217
223
186
182
160
182
145
100
104
122
220
269
132
137
125
160
167
109
87
39
115
174
112
26
-25
-56
47
78
63
53
-24
3
15
42
-13
-60
-85
-82
-114
-155
-190
-202
-161
-153
-72
-62
-172
-166
-62
-66
-87
-182
-177
-109
-81
-51
-35
-99
-119
-172
-219
-170
-214
-244
-198
-135
-51
-8
-56
-111
-136
-105
-134
-132
-181
-130
-90
-56
-83
-143
-138
-108
-89
-8
42
-42
-97
-99
18
39
44
21
55
67
111
156
174
184
199
184
122
145
151
107
116
146
185
221
229
183
206
254
160
119
130
107
119
173
123
80
27
-1
66
139
216
191
148
90
150
150
85
52
34
70
75
58
81
-11
-71
-38
32
30
-54
-66
19
25
-26
-93
-86
-93
-95
-126
-94
-13
-48
-64
-77
-48
-133
-131
-152
-151
-111
-100
-115
-128
-129
-93
-62
-67
-149
-148
-125
-133
-114
-130
-130
-60
10
38
-24
-56
-32
-62
-127
-114
-45
-30
-11
-87
-32
-127
-128
-106
-64
-81
-139
-22
-10
123
140
55
38
86
57
77
93
103
107
101
164
218
205
162
189
179
206
212
128
108
123
132
93
140
187
237
173
141
117
67
99
51
105
193
120
4
21
118
86
63
20
26
-7
-14
-28
-37
-40
-48
-16
-37
21
43
3
-3
-33
-26
-13
-35
-65
-88
-60
-71
-76
-52
-52
-65
-43
-26
-8
1
-64
-128
-138
-128
-99
-116
-38
12
18
64
66
14
-50
-79
-130
-186
-144
-62
-10
-33
-41
-54
-67
-101
-58
13
9
-38
-71
-80
-42
-14
33
69
49
-16
-48
-51
-59
-46
-84
-65
9
29
69
171
159
135
106
87
77
44
53
102
244
287
276
234
188
164
114
62
85
177
186
164
105
120
118
60
88
115
101
77
85
137
169
111
111
91
107
101
76
59
69
35
-7
-11
-13
38
-36
-73
-56
-29
-10
-85
-95
-20
-4
-24
-3
13
16
4
-30
-42
-46
-108
-97
-63
-36
-97
-119
-70
-44
-26
8
11
-5
19
-1
-40
-17
-33
-85
-40
1
1
-17
-34
-32
-19
-29
-41
-51
-31
-42
-20
-41
-32
8
-49
-65
-76
-60
-78
-2
42
60
32
28
-6
-66
-70
-64
51
63
87
33
44
48
47
50
6
26
22
34
110
121
105
110
88
88
105
107
91
107
195
186
196
137
86
136
64
69
84
37
44
43
40
30
-2
46
60
97
68
-8
14
26
29
-10
39
32
-13
9
5
-25
-112
-91
-47
-65
11
-34
-73
-80
-116
-99
-133
-106
-69
-33
-9
-44
-46
-33
-35
-52
-112
-156
-122
-139
-82
-69
-60
-44
-66
0
-15
-80
-52
-15
26
25
24
-23
-57
-56
-45
-58
-92
-23
-26
-32
-39
-46
-68
-89
-104
-104
-52
-55
-50
-38
0
-4
-14
-40
-50
-9
8
-28
19
54
71
61
85
58
60
114
46
40
77
129
127
81
66
42
15
93
71
26
66
115
68
58
7
6
57
56
62
58
121
103
88
16
-9
17
6
-31
-20
51
-26
-44
-37
-35
27
-4
0
-10
-34
-18
-6
-59
-51
-105
-168
-143
-129
-105
-129
-142
-176
-153
-78
-94
-97
-114
-71
-71
-81
-52
-129
-130
-133
-153
-95
-16
10
-33
-53
-25
-41
-85
-56
-54
-61
-30
-103
-115
-111
-124
-79
-85
-96
-62
-86
-27
-52
-36
-35
-77
-61
-97
-42
-16
-8
24
22
-19
-87
-45
-9
-31
5
16
26
73
30
-33
25
29
13
-7
37
45
87
162
58
-12
28
50
61
14
65
97
46
65
19
12
-5
-58
15
19
2
61
11
4
23
-5
-84
-46
65
69
43
18
-6
-2
-34
-83
-68
8
-14
-46
5
-41
-90
-44
-24
17
29
-15
20
9
-78
-65
-77
-56
-34
-38
-38
-25
5
9
-61
-41
-36
-17
-8
-57
-89
-128
-138
-86
-49
-88
-94
-103
-93
-29
