-66
-34
7
44
0
7
-48
-46
-18
-37
-21
-13
-3
-15
-13
-52
-89
-68
-27
-61
-16
67
-30
-19
-75
-51
-44
-68
-15
15
0
-50
-43
-24
-32
-37
-34
17
-5
-59
-26
-2
-27
-70
-70
-96
-88
-63
-64
-32
-83
-104
-58
-55
-29
8
5
-55
-41
-32
-50
-63
-19
12
-2
-50
-73
-99
-77
-40
-47
-37
-82
-57
-35
-41
-61
-40
-39
-41
-36
5
-51
-91
-87
-81
-8
-10
-30
-73
-78
-63
-42
-38
-19
-13
5
-58
-88
-11
22
28
6
4
-2
-31
-34
-69
-55
-40
-68
7
-5
-16
-54
6
19
-9
-5
11
-48
-43
-46
-46
-56
-57
-34
-27
37
-11
-8
-56
-32
-8
-13
5
-1
-44
-35
-13
-22
-21
-38
-16
4
-18
-23
-47
-61
-85
-11
-59
-53
-33
-41
-30
0
34
40
11
12
22
-12
13
-61
-55
-28
19
11
-38
-68
-93
11
18
1
-10
-60
-18
2
-41
1
-32
-57
-65
-41
-41
-33
-79
-58
-8
-87
-103
-61
4
-26
-22
-51
-78
-54
-82
-74
-103
-122
-49
-31
-17
-27
-121
-129
-136
-118
-32
-31
-80
-31
-63
-57
10
-104
-99
-67
-83
-65
-86
-59
-65
-81
-82
-36
-33
-29
-29
-70
-59
-107
-76
-4
-43
-30
-39
-36
-7
-17
-75
-31
-53
-44
-29
-61
-130
-76
-34
-38
-24
-32
-29
-27
-53
-76
-66
-28
-52
-86
-79
-101
-80
-29
-100
-66
-79
-103
-51
-32
-12
-101
-102
-105
-142
-127
-104
-100
-76
-55
-63
-122
-124
-116
-101
-98
-78
-84
-47
-52
-56
-76
-111
-64
-115
-77
-105
-104
-111
-116
-112
-153
-196
-193
-168
-131
-87
-101
-86
-68
-25
-57
-70
-136
-146
-93
-77
-112
-91
-87
-117
-117
-118
-105
-118
-136
-166
-112
-104
-73
-106
-96
-7
-46
-100
-91
-90
-70
-78
-123
-87
-124
-155
-165
-141
-140
-119
-50
-28
-96
-115
-114
-119
-102
-93
-107
-127
-125
-119
-150
-118
-63
-99
-71
-93
-125
-98
-117
-93
-48
-64
-41
-64
-53
-25
-82
-112
-65
-101
-60
-76
-98
-85
-88
5
-15
-44
-93
-33
-50
-36
-62
-50
-68
-82
-94
-132
-128
-168
-90
-134
-87
-168
-170
-121
-123
-94
-95
-59
-124
-139
-101
-36
-48
-67
-67
-54
-67
-38
-45
-63
-83
-10
41
51
59
-10
-76
-63
16
7
-9
-18
-37
5
-26
-60
-29
14
49
-30
-13
-3
2
-28
-52
-41
-36
-1
0
11
-7
-30
-93
-71
-64
-91
-101
-20
-18
-55
-12
-58
-70
-42
-74
-65
-49
-43
-37
-71
-87
-92
-111
-17
-31
-73
-69
-34
-4
-107
-118
-123
-117
-79
-47
-73
-46
-21
-79
-144
-157
-127
-122
-85
-83
-91
-80
-66
-104
-105
-7
-14
-67
-75
-43
9
21
25
-8
25
-78
-159
-80
-76
-81
-63
-82
-188
-144
-64
-47
-41
-20
-68
-67
-28
-55
-55
-45
-68
-35
-36
-88
-35
-33
-11
-63
-67
-52
-77
-67
-28
-42
33
-14
-31
-7
-39
-56
-52
-73
-111
-54
-99
-111
-97
-92
-44
-44
-25
-70
-52
-13
-62
-84
-58
-54
-89
-33
-4
-30
-45
-63
-54
-5
-67
8
-36
-62
-59
-47
9
-37
-63
-112
-117
-80
-80
-52
-67
-64
-68
-77
-62
-62
-67
-47
-54
-82
-38
-107
-17
-40
-122
-62
14
18
-43
-90
-136
-62
-20
-56
-90
-120
-72
-61
-111
-75
-70
-105
-62
-55
-23
-53
-85
-86
-95
-88
-49
-41
-107
-85
-116
-123
-137
-104
-83
-119
-73
-93
-50
-32
-83
-92
-91
-57
-83
-81
-81
-121
-98
-87
-75
-119
-83
-59
-100
-98
-33
5
-53
-45
3
-39
-15
-19
-76
-118
-139
-50
-33
-63
-67
-120
-170
-169
-143
-131
-87
-81
-98
-77
-63
-100
-90
-3
-77
-154
-120
-94
-30
-77
-59
-71
-137
-106
-110
-115
-100
-124
-70
-76
-84
-65
-104
-46
-114
-148
-106
-141
-180
-154
-76
-72
-114
-58
-91
-76
-51
-83
-91
-68
-58
-90
-63
-76
-64
-60
-40
-34
-24
-14
-51
-30
-13
-35
3
-18
-53
-47
-74
-17
-79
-80
-92
-109
-68
-112
-92
-125
-93
-75
-99
-98
-90
-161
-77
-78
-85
-92
-107
-62
-79
-57
-87
-81
-32
-102
-109
-104
-55
-27
-84
-63
19
-11
-68
-88
-85
-41
-70
-82
-92
-94
-80
-120
-138
-109
-126
-68
-71
-138
-109
-71
-23
-21
-57
-6
-14
-41
-26
-38
-36
-32
-71
-78
-49
-58
-53
-92
-132
-89
-12
-56
-76
-82
-147
-61
-72
-109
-86
-45
-36
-41
-96
-75
-108
-84
-45
-128
-129
-127
-106
-104
-99
-62
-82
-84
-58
-52
-88
-139
-105
-60
-90
-61
-100
-128
-96
-110
-48
-119
-155
-140
-164
-143
-195
-141
-102
-115
-102
-100
-112
-59
-56
-48
-67
-132
-66
-20
41
-20
-65
-102
-109
-35
-31
-28
-41
-38
-78
-19
-101
-80
-40
-29
19
-56
-30
-16
16
18
-4
-70
-59
-31
-68
-63
-33
-22
-35
-17
-13
-44
-99
-67
-117
-127
-130
-94
-64
-75
-69
-97
-15
-5
-53
-69
-65
-82
-55
-94
-126
-75
-66
-83
-68
-43
-67
-31
-65
-114
-39
-36
-1
-25
-36
-74
-126
-104
-146
-140
-116
-118
-121
-139
-105
-67
-80
-63
-55
-61
1
-16
-40
10
27
4
11
-33
-88
-72
-99
-107
-34
-95
-53
-61
-90
-39
-52
-53
-45
-67
-52
5
-26
-48
-28
-81
-65
-69
-58
-51
-80
-74
-83
-40
-36
-50
-112
-116
-149
-109
-91
-82
-94
-74
-113
-136
-103
-75
-118
-136
-129
-115
-116
-122
-27
-67
-64
-67
-92
-83
-57
-99
-73
-58
-77
-110
-91
-68
-88
-43
-19
-20
-30
-56
-48
-52
-53
-27
-60
-10
-57
-27
-31
-77
-18
-46
-90
-122
-73
-76
-79
-49
-56
-56
-68
-102
-58
5
-35
-46
-39
-45
-27
-6
-2
-38
-94
-38
-10
-13
-27
-55
-1
-38
-43
-26
-25
-8
-74
-84
-154
-141
-111
-129
-126
-95
-122
-118
-13
-64
-92
-33
-32
-29
-37
-44
-12
-70
-65
-70
-71
-93
-122
-76
-89
-91
-80
-108
-152
-165
-132
-109
-87
-137
-123
-93
-148
-162
-112
-74
-102
-94
-61
-60
-53
-101
-142
-92
-95
-94
-104
-120
-101
-106
-129
-106
-111
-97
-64
-78
-126
-106
-64
-106
-74
-5
-60
-94
-84
-103
-68
-39
-72
-102
-64
-48
-56
-121
-145
-110
-102
-58
-83
-78
-76
-82
-60
-85
-134
-147
-110
-71
-18
-56
-42
-40
-141
-158
-92
-55
-76
-52
-97
-102
-106
-52
-59
-113
-81
-78
-43
-54
-22
-2
15
10
-20
6
-22
-85
-114
-24
-32
-56
-64
-124
-65
-49
-27
-39
-77
-67
-45
-35
-61
-104
-87
-58
-113
-131
-133
-130
-137
-80
-71
-152
-107
-78
-72
-58
-20
-114
-140
-101
-152
-119
-109
-134
-171
-160
-84
-79
-115
-111
-92
-28
-99
-100
-55
-126
-45
-32
-31
-74
-74
-34
-70
-73
-92
-93
-88
-70
-55
-71
-74
-45
-72
-81
-98
-100
-123
-60
-65
-104
-82
-98
-78
-88
-123
-136
-159
-178
-86
-103
-109
-84
-68
-61
-49
-83
-126
-107
-118
-126
-93
-46
-90
-93
-48
-86
-70
1
-19
1
-35
-32
-24
-21
-12
-48
-37
-33
-36
-94
-106
-78
-105
-35
-19
-36
-13
-55
-106
-58
-50
-31
-14
-49
-115
-87
-34
-46
-28
-67
-63
-52
-52
-83
-64
-57
-45
-45
-52
-22
-12
-27
-36
-87
-66
-45
26
29
-6
13
-46
21
20
-8
-28
-43
-1
-9
-14
-16
-44
-47
-39
-35
-38
-35
-24
-57
-60
-14
-31
-53
-34
-56
-39
30
16
-9
-8
18
-8
-26
-2
17
19
-36
-23
-43
-58
17
-7
12
22
-32
-57
-36
-64
-81
-77
-40
-59
-82
-27
-51
-16
-53
-7
19
-16
20
9
45
14
-31
-21
-77
-39
-16
-66
-60
-18
-36
-38
-36
-32
-14
15
2
-43
-19
-18
-49
-37
8
-4
-39
-34
-9
-32
-54
-40
-17
-48
-42
43
42
48
-5
-12
-31
7
4
-44
17
13
-7
23
-4
-70
-70
-49
-76
-108
-58
-38
-65
-47
-51
-22
6
23
36
48
78
23
28
60
45
51
-1
-33
-20
1
66
56
-17
-52
28
69
48
23
6
-55
-33
-42
-31
11
-67
-20
-2
-58
-56
-27
29
80
-48
-70
10
-62
-28
-35
-10
-27
-47
-43
-38
-49
-66
-75
-39
-43
-14
15
17
-7
6
49
-14
-31
-75
-58
3
-3
0
-57
-35
26
23
-12
-5
35
-6
17
23
-20
-20
-38
-91
-73
-71
-76
-66
-84
-101
-69
-63
-22
-17
-38
25
12
-27
-19
-10
-21
-61
-68
-74
-48
-74
-106
-90
-134
-129
-77
1
-62
-60
-45
-46
-57
-124
-62
-61
-100
-96
-62
-69
-120
-134
-80
-47
-63
-17
9
-8
-28
-25
-98
-55
-43
-67
-52
-69
-57
-68
-51
-95
-61
-81
-101
-129
-88
-7
-7
-14
-53
-94
-74
-62
-48
-80
-100
-73
-83
-41
-42
-42
-37
-46
-8
39
8
-2
-36
-113
-80
-69
-47
-56
-82
-58
-64
-58
-39
-74
-84
-116
-124
-72
-82
-72
-61
-88
-49
-34
-14
5
-27
-87
-69
-112
-116
-69
-61
-128
-114
-117
-117
-117
-97
-23
-64
-51
15
15
-25
7
-13
-12
-35
-33
2
-63
-109
-79
-106
-69
-59
-69
-81
-41
-9
-60
-40
-23
11
-7
-26
-35
-5
7
-14
-11
-31
-9
-2
23
25
-16
33
98
81
79
52
38
41
8
-8
-24
6
68
52
5
17
-17
-39
18
4
-4
-4
16
23
10
-19
-28
-79
-46
-54
-43
-87
3
42
13
-3
-42
-12
3
17
34
83
124
47
50
94
81
118
163
206
137
90
51
10
25
15
1
47
13
42
40
-17
-19
23
12
-48
-18
-66
-55
-11
0
-17
-37
9
12
-22
-28
-59
-54
-74
-50
-37
-27
-18
-16
49
88
90
85
59
69
78
96
85
124
158
181
236
249
274
293
411
422
465
463
459
464
412
405
425
413
355
300
153
12
-82
-142
-235
-229
-258
-300
-358
-478
-528
-590
-611
-642
-594
-651
-685
-650
-673
-657
-618
-586
-523
-464
-406
-332
-254
-189
-185
-138
-87
-68
-11
59
107
191
234
268
328
324
401
440
498
538
477
492
559
572
713
853
896
915
993
1049
1066
1127
991
848
673
496
246
82
-81
-166
-195
-306
-282
-225
-229
-243
-365
-515
-591
-666
-639
-587
-474
-335
-152
-44
-9
84
148
134
153
272
359
497
647
708
835
924
861
831
834
700
606
592
587
634
771
1002
1194
1393
1580
1780
1705
1588
1313
807
315
-281
-743
-1144
-1469
-1596
-1658
-1672
-1686
-1742
-1752
-1770
-1773
-1825
-1837
-1783
-1823
-1814
-1850
-1822
-1793
-1674
-1518
-1432
-1363
-1247
-1131
-1041
-904
-767
-553
-389
-74
307
552
662
656
550
353
164
-59
-310
-388
-454
-467
-442
-358
-396
-504
-619
-589
-588
-546
-344
-112
143
293
407
471
475
526
733
927
1167
1516
2068
2764
3320
3792
3868
3486
2678
1506
215
-936
-1872
-2594
-2964
-3151
-3159
-3050
-2888
-2520
-2200
-1838
-1485
-1198
-962
-727
-494
-351
-182
-100
27
65
121
237
337
329
295
303
277
242
219
197
281
406
613
779
856
986
1058
1071
1006
923
852
687
396
103
-134
-378
-610
-844
-1010
-997
-968
-791
-629
-563
-517
-527
-682
-829
-911
-901
-849
-748
-615
-633
-562
-476
-481
-529
-461
-391
-450
-448
-463
-456
-475
-441
-421
-346
-337
-455
-411
-382
-415
-456
-388
-288
-283
-259
-176
-277
-298
-215
-234
-264
-246
-146
-125
-154
-166
-180
-111
1
-33
-94
-10
-28
-212
-201
-131
-152
-203
-175
-106
-205
-274
-198
-197
-316
-461
-364
-281
-339
-380
-273
-242
-468
-475
-325
-359
-394
-298
-195
-210
-261
-327
-279
-195
-203
-215
-262
-266
-291
-291
-246
-258
-248
-250
-179
-208
-292
-206
-173
-195
-166
-112
-62
-86
-82
-107
-192
-83
-15
-122
-100
-17
-60
-201
-100
-36
-104
-52
38
97
10
54
124
-17
-135
-102
-30
-12
26
62
54
-53
-185
-121
-63
-67
-106
-59
-4
-123
-223
-193
-131
-262
-207
-75
-86
-193
-280
-221
-275
-305
-254
-189
-240
-312
-295
-290
-306
-333
-279
-154
-170
-224
-212
-187
-189
-226
-196
-149
-235
-244
-165
-223
-203
-49
-20
-176
-220
-24
-50
-150
-70
98
43
-243
-72
104
-114
-191
-45
66
-108
-192
-137
-17
-135
-293
-181
-74
-39
-192
-184
-94
-133
-219
-225
-177
-155
-246
-310
-193
-252
-274
-239
-201
-245
-213
-115
-129
-178
-141
-110
-232
-227
10
32
-170
-227
-45
-127
-312
-235
-84
-99
-165
-79
-103
-86
-131
-153
-218
-211
-45
-96
-74
61
-17
-171
-122
16
-82
-138
45
-51
-249
-100
-18
-192
-166
16
-70
-171
94
197
-57
-117
-99
-228
-321
-145
-10
-90
-117
-116
-126
-157
-39
-67
-118
-125
-30
5
-50
-109
-116
-164
-89
47
-72
15
87
-66
-136
-32
-69
-124
-46
-15
-150
-5
123
-13
-71
64
151
8
89
151
-15
-86
-97
-212
-162
82
62
-80
77
160
-164
-241
23
86
-57
25
61
-38
-8
-22
-124
-77
39
-31
102
217
42
-191
-67
-13
-203
-106
14
-9
-38
6
-66
-224
-172
-93
-215
-16
47
19
9
37
-18
-175
-83
-175
-234
-154
-102
-266
-327
-142
-211
-324
-206
-72
-296
-387
-257
-197
-289
-236
-113
-248
-443
-371
-187
-257
-319
-192
-103
-257
-437
-297
-206
-418
-536
-148
-213
-486
-471
-315
-335
-574
-444
-313
-447
-464
-269
-430
-613
-377
-499
-807
-518
-215
-516
-714
-293
-328
-717
-516
-122
-400
-746
-353
-301
-655
-731
-323
-396
-523
-221
-117
-446
-270
124
-40
-34
47
234
86
106
141
-17
-131
-66
32
-48
57
132
162
53
10
45
-2
-42
-53
100
78
204
119
-28
175
248
136
156
234
227
138
100
186
66
31
70
213
-91
-110
144
217
83
-20
120
-25
-13
-21
23
-57
67
143
-35
-106
186
175
-96
-94
126
65
-75
29
-145
-76
74
-45
-127
59
197
-188
-85
169
-65
-204
-28
146
-11
-241
-202
90
-59
-297
-47
100
-279
-196
65
-154
-411
56
38
-210
-238
153
99
-394
-175
145
51
-268
0
59
-142
-261
-284
-72
-152
-415
-105
228
-143
-429
65
281
-217
-386
84
253
-295
-247
360
92
-374
-133
87
-199
-209
41
-118
-8
100
-178
-187
309
151
-376
19
400
-219
-563
214
243
-458
-293
426
-108
-594
14
232
-259
-302
300
255
-208
-98
124
70
-304
-302
58
26
23
-92
29
151
-93
-230
-68
222
-65
-286
63
175
-95
-134
-74
80
-37
-86
81
12
-161
-74
62
-91
-172
151
110
-30
62
92
-222
-111
162
77
68
27
106
-28
-139
-172
110
179
21
-77
-1
148
-175
-434
-208
60
-148
-238
321
274
-225
-142
312
86
-145
131
67
-243
39
114
-179
-19
165
-231
-285
218
27
-33
182
176
-188
11
-58
-374
52
413
-107
-289
414
224
-465
-88
414
-141
-530
304
299
-402
-122
336
-233
-541
223
270
-423
-370
350
131
-278
-15
149
-200
-239
157
-72
-132
10
-106
-213
4
73
-196
-131
168
128
-168
69
98
-193
-199
124
-78
-81
307
251
48
-53
101
67
-133
-38
81
327
31
96
143
-21
-114
-97
296
-58
-220
280
593
-13
-346
371
232
-374
3
607
277
-231
400
500
-396
-165
364
-13
-217
309
309
-384
-22
318
-335
-186
423
179
-281
166
406
-295
-283
408
142
-436
74
628
-184
-116
319
89
-418
-59
275
-220
-478
173
224
-476
-421
320
76
-425
386
278
-253
-257
116
33
-238
-100
46
112
-120
-99
120
52
-72
-143
80
183
84
-247
147
378
-128
-254
246
221
-273
144
152
-145
-149
14
43
-145
-54
3
321
151
-284
-60
488
-59
-664
154
568
-50
-498
305
424
-357
-225
333
411
-551
-226
428
201
-396
-152
470
44
-196
-23
220
-81
-214
6
147
38
120
61
-61
34
129
-146
112
132
-249
-6
313
246
-388
13
230
-97
-274
202
503
-160
-140
395
175
-490
70
576
-25
-299
347
346
-298
-51
43
-80
-283
286
292
-121
132
162
158
-116
120
124
273
115
-72
366
182
-133
-346
-78
81
-18
285
325
190
-215
225
293
-119
134
432
210
201
43
15
252
60
-307
156
415
73
-36
275
261
-241
-128
-50
66
-120
88
263
-113
31
321
203
33
113
-130
-207
341
259
-225
31
472
38
-291
130
232
-218
-153
236
197
225
106
-288
111
253
-75
-134
176
256
-57
205
-236
-18
190
4
-135
15
322
52
-27
123
222
-148
112
341
-20
-157
289
401
-455
123
296
367
-265
161
380
-29
-232
55
381
-139
-181
423
496
-406
-179
466
82
-215
195
287
-8
89
205
-225
199
189
-281
-312
323
477
-118
-44
337
105
-519
-139
545
-9
-193
409
455
-293
0
644
-95
-289
446
635
-439
-139
1010
-232
-349
517
882
-435
112
766
-222
-243
599
302
-662
520
554
-515
-306
698
178
-280
265
571
-189
-195
241
571
-82
-121
394
8
74
169
278
-183
69
396
66
48
148
162
26
193
261
320
43
-115
343
2
-474
66
414
-101
40
432
63
70
48
11
602
-205
-310
364
595
-556
-94
1111
-15
-262
275
586
-215
-247
503
267
-414
21
730
-101
-476
256
213
-406
174
635
11
-174
598
156
-204
232
357
-25
42
296
167
214
-226
49
267
69
-199
270
316
-126
314
202
111
198
270
21
79
387
79
-102
576
211
-154
-5
500
-135
-97
461
380
-279
166
912
-65
-289
537
638
-696
259
906
-127
-371
840
420
-600
287
931
-127
-301
601
-80
-405
492
666
-409
250
496
112
-352
357
433
-245
184
285
571
35
-33
15
368
289
-470
199
758
157
-479
423
735
-174
-472
385
641
-62
-399
-1
464
125
-129
40
257
367
-98
158
441
245
-181
308
460
-182
337
53
27
176
293
-207
166
521
-118
151
217
359
-1
146
72
373
194
-97
303
513
-149
-148
19
323
-163
88
197
886
-108
-146
455
572
-365
-212
631
65
-151
405
493
-278
100
212
-69
22
145
427
54
93
68
333
-106
-5
304
-104
346
102
152
231
33
284
-125
40
368
247
-102
-80
584
-384
41
1008
61
-280
383
819
-624
-94
524
182
-229
118
480
-28
-82
421
229
-212
162
223
-274
71
235
498
301
21
70
465
66
-159
18
517
76
69
406
50
126
203
397
-391
193
451
-534
129
665
224
-606
650
510
-523
150
432
-59
-42
867
-51
-329
526
450
-543
-221
714
-154
-579
466
498
-96
23
319
-227
84
219
168
439
-45
-15
295
622
-612
18
447
45
-310
62
816
-218
-525
282
320
-208
28
416
-289
68
528
-556
6
329
-117
-372
454
630
-144
333
31
151
-152
338
445
-585
197
746
-174
-584
714
199
-740
257
576
-50
-178
277
-78
-81
-185
191
161
-166
66
390
54
246
117
-80
-270
427
-160
-16
407
3
124
-206
344
-260
339
-85
139
151
50
42
0
350
-81
-262
540
227
-587
226
500
-464
-493
566
223
-186
155
74
-146
20
-54
100
-210
565
509
-515
-94
178
362
-567
209
316
48
-174
297
674
-804
-237
535
94
-317
477
156
-191
309
-107
-366
306
126
-576
56
674
-64
-304
201
730
-547
-447
674
476
-163
-418
800
334
-903
37
737
-71
-798
587
589
-941
57
550
-168
-807
197
803
-254
-38
227
396
-559
-245
331
72
293
-256
-52
334
703
-382
-501
529
121
-420
-174
1120
-335
-723
902
323
-648
-236
1261
-414
-695
223
488
-56
-395
465
264
-291
-242
416
150
245
-246
-43
139
89
-169
77
501
-415
-216
573
339
-353
-247
422
115
-568
255
759
-314
-385
780
182
-886
387
791
-524
-289
683
-416
-155
281
-235
-40
202
243
-357
864
-159
-157
68
237
-287
-371
644
-211
-256
377
296
-312
-382
605
-151
-608
80
363
125
-467
163
206
-192
-562
373
555
-685
157
438
-222
-281
588
-87
-530
500
548
-649
-726
514
190
-379
1
527
-124
-336
101
229
-281
-389
110
12
-124
74
11
-238
-524
529
-141
-389
450
276
-314
-266
652
-504
-340
336
191
-38
-22
82
-148
-241
-35
280
-396
-107
283
143
-515
77
319
467
-394
-465
289
155
-588
-177
1002
59
-535
40
457
-168
-931
307
391
-403
-129
329
154
-559
36
51
292
-329
65
983
-237
-658
1000
601
-1593
-28
1007
-282
-1205
958
970
-547
-349
760
504
-907
-224
343
409
-124
-116
67
223
-145
-275
95
597
-106
-400
-116
646
-485
-628
468
455
-790
-337
952
-153
-626
-256
775
-297
-659
494
840
-842
-466
1069
181
-785
362
805
-894
-499
762
12
-1122
298
941
-526
-358
745
194
-430
-81
86
-486
472
168
-511
-173
694
-164
-1000
586
145
-498
189
789
-690
-386
766
-210
-228
-85
377
-464
664
-77
-242
230
120
-457
107
676
-316
-339
90
593
-649
-496
562
356
-809
-281
1200
-300
-973
605
404
-605
-477
795
-305
-405
206
73
58
-155
238
-61
316
-291
-43
133
123
-2
-356
202
173
94
-229
535
132
-766
-173
1091
12
-423
717
139
-567
238
573
-670
-78
643
91
-262
1
233
-427
-44
152
137
-151
136
441
-455
-175
-133
241
358
-251
-345
409
400
-841
-21
546
-163
-357
440
545
82
-277
149
418
-139
-106
501
94
-240
28
-156
325
-300
163
-126
123
94
158
198
188
221
-652
182
460
-233
-195
799
358
-152
-40
-31
-323
-106
281
-142
-220
405
84
-320
-39
205
-35
-512
156
183
214
310
157
-146
142
462
-123
67
315
71
-204
272
-17
-222
74
459
-181
-733
546
735
-356
-559
511
225
-643
300
644
-351
-467
316
349
-107
-67
236
40
-236
-140
55
-50
-284
159
138
28
111
90
-127
136
302
-410
-520
638
181
-713
271
703
-657
-956
759
398
-923
-25
1094
71
-555
350
300
-489
-610
688
361
-56
-118
317
263
-311
-105
-75
-70
-194
-183
121
-235
-42
31
-20
-76
-35
252
15
-367
-108
382
98
18
-159
209
-88
-340
22
367
354
-436
-28
69
-41
-227
-32
91
-188
-197
115
318
-52
-196
50
245
21
84
285
-356
-324
113
426
5
-180
249
24
-111
114
164
115
-78
-89
-9
380
77
-527
4
253
-24
-236
171
233
-241
-410
63
405
-55
-158
516
571
-458
-433
129
112
-47
168
-84
-226
92
250
-78
-213
-46
-325
-11
259
-77
-152
264
-42
-656
287
685
-435
-540
311
503
-599
151
552
352
-641
-326
263
469
19
79
335
-353
-271
230
481
149
-226
-164
164
-166
-72
48
88
-547
-171
345
-299
-582
49
44
-657
-421
109
-174
-654
-326
-166
-475
-478
-456
-169
-593
-542
-248
-120
-309
-418
36
117
-85
-35
497
12
-484
-341
404
350
-341
52
457
142
-318
184
785
113
-211
388
714
-43
201
1001
535
-418
59
993
188
-211
586
704
-125
-132
456
189
31
405
740
447
-41
144
337
490
-28
69
531
563
137
236
380
292
182
144
-36
101
230
129
100
156
116
102
521
156
-663
-14
802
-41
-461
340
275
-757
-100
582
151
-112
97
191
-117
-52
117
228
55
-279
-673
-141
-21
-405
-470
164
80
-260
230
362
99
169
758
706
878
954
857
731
1231
1619
1042
605
544
462
339
634
600
-150
-309
369
424
199
180
418
102
547
1797
2642
3647
5071
6307
6023
4229
803
-3774
-7437
-8284
-6834
-5366
-4058
-2715
-1961
-1583
-1157
-742
-554
-308
242
494
199
-3
155
-69
-139
705
1194
693
538
1063
966
683
1188
1488
1429
1390
1764
1967
1671
1560
1882
2382
2622
3003
3671
4203
4300
4551
4849
4728
4117
2773
947
-774
-2079
-2582
-1752
-665
-370
62
834
1022
841
285
-286
-1365
-1760
-2036
-2572
-2766
-2428
-2065
-2467
-3041
-3623
-3980
-4321
-4229
-3651
-2859
-2202
-1294
-91
446
698
979
1257
1148
1066
1006
913
835
961
1304
1350
860
31
-577
-1134
-1826
-2574
-3040
-2945
-2541
-1800
-422
1194
2959
6309
10774
13371
12502
9845
7650
6471
6382
7087
7492
5624
2871
1190
57
-1139
-2794
-4483
-5649
-6263
-6296
-5036
-3056
-1352
262
1854
2276
1245
90
-994
-1582
-1474
-301
820
602
167
-566
-2537
-4112
-3928
-3489
-3824
-3362
-2432
-2561
-2638
-2201
-1918
-1941
-1401
-1206
-1394
-1280
-1523
-2136
-2037
-1695
-2090
-2569
-2407
-2976
-3352
-3055
-2444
-2935
-1120
3224
5989
4820
1327
1063
2781
2904
3124
4844
8346
8732
8119
9661
11366
10571
7277
6471
7992
9158
9943
9695
7975
3602
-608
-2372
-3463
-4129
-4010
-2606
-1065
-139
537
-397
-3426
-6681
-7582
-6237
-3804
-671
2960
4837
3663
796
-1417
-2464
-3432
-4375
-4721
-4350
-3283
-1362
738
1649
963
-273
-976
-1033
-822
669
3470
5705
5396
3073
555
-2227
-5646
-8227
-8147
-6578
-5798
-4944
-3287
-2698
-4196
-5287
-3920
-2005
-902
576
2175
1907
-107
-1390
-1256
-1386
-1704
-646
1179
1543
706
109
-770
-2460
-3698
-3327
-2284
-1717
-1933
-2438
-3446
-4763
-6151
-6509
-6652
-6218
-5604
-3793
2211
8735
11068
5819
-536
-634
1225
1455
1762
5990
10641
9390
7625
8387
8316
2605
-4275
-4493
-854
2517
3697
4120
2964
-1916
-6757
-8544
-7601
-6424
-5775
-4642
-2866
-845
387
-156
-2700
-5396
-5893
-4231
-1442
1975
5346
6537
5002
3262
3162
3449
2438
1059
1505
3399
4922
5702
5953
4639
985
-2830
-4066
-2757
-1115
-225
521
850
-9
-1145
-1749
-1899
-2781
-3940
-3504
-1570
289
876
294
-731
-2117
-2832
-2017
-335
685
467
371
995
1256
673
-165
-875
-1913
-2429
-1490
-131
-48
-1293
-2432
-3223
-4064
-4498
-3842
-2968
-3186
-3885
-3934
-3774
-4471
-5579
-6271
-7317
-7210
-6424
-204
8895
13405
9783
1775
107
2684
2868
2287
4471
10181
10643
7991
8230
8703
3925
-5252
-7971
-3247
1823
3566
3020
2289
-1727
-7368
-9905
-8592
-6476
-6532
-6377
-4217
-1148
690
-90
-2565
-5375
-6451
-4775
-1056
2917
5809
6938
5823
4066
3656
4161
3508
1559
1401
4042
6997
7910
6909
4841
1026
-3332
-4977
-3022
-556
-193
-753
-805
-1393
-2404
-3299
-3703
-4019
-3964
-2021
499
1983
2289
1267
-310
-1422
-830
925
2121
2674
3033
2945
2571
2423
2210
972
-341
-591
-80
310
21
-696
-2306
-4210
-5524
-5651
-5207
-4852
-4656
-4488
-4902
-5711
-5992
-6220
-6920
-8542
-8056
-6482
1545
12384
17764
12479
1944
143
3797
4497
3622
6742
14309
14141
9282
8184
8752
2736
-8698
-10776
-2726
4519
4299
1268
53
-4668
-11783
-14587
-10483
-6202
-6887
-7572
-4162
299
918
-1651
-4401
-6082
-6012
-3241
2236
7384
9643
9035
6820
4856
4157
4308
3687
2383
3039
6533
9465
8575
5047
894
-3544
-7131
-6906
-2866
400
-298
-2251
-3039
-3751
-5249
-6418
-4756
-2458
-1242
69
2540
4296
2228
-835
-1161
734
2233
2974
4742
5457
3573
1563
2014
2954
1529
-186
-96
523
-153
-1304
-1812
-3216
-5801
-7500
-6566
-5122
-5015
-5769
-5687
-5937
-6716
-7214
-6539
-6859
-8192
-8543
-5255
6613
18127
20018
9502
-379
1168
5215
5330
5276
11440
17763
13582
7921
7330
6596
-3158
-13376
-9723
2020
7637
3070
-1652
-3878
-9672
-16261
-15724
-7991
-3980
-6654
-7253
-2114
2221
69
-4416
-6112
-5055
-3075
1087
7478
11802
11265
7760
5137
4478
4620
4464
3890
4039
6268
9211
9365
5332
-313
-4816
-7544
-7551
-4096
247
728
-2652
-5538
-5667
-5835
-6702
-5235
-1820
208
187
1699
3754
2548
-451
-896
1876
4065
4663
5491
5623
3561
1246
1558
2972
2677
894
-13
133
-482
-1941
-3030
-3849
-5489
-6848
-6401
-5059
-5451
-6649
-7125
-6501
-6430
-6070
-6125
-5997
-7763
-8081
-7491
-1445
12278
22074
19029
4880
-1669
4127
7750
5472
5921
15198
19633
11834
5229
5275
2663
-9322
-15274
-4632
8318
7644
-2382
-6749
-7529
-12817
-17638
-13099
-4011
-2924
-7582
-6308
715
2702
-2899
-7398
-5521
-1397
1512
5916
11430
12847
9122
4886
4082
4968
4914
4434
4858
6542
8740
8984
5306
-968
-6121
-7900
-6866
-3909
-515
470
-2532
-6659
-8002
-6723
-6398
-5194
-1210
2621
2845
1086
1660
1988
-181
-1154
2097
6547
7012
5329
4693
3536
739
-402
1896
3886
2947
952
224
-453
-2760
-5130
-5729
-5586
-5783
-5856
-4971
-5034
-6628
-8338
-8093
-6956
-5847
-5440
-5360
-6457
-8024
-8828
-6071
7697
22287
24228
9770
-2361
1512
8164
6732
4544
12632
21704
15761
5073
2788
3352
-6222
-16385
-8985
7738
11578
-788
-9858
-9265
-11228
-17206
-15820
-5092
-148
-5910
-8618
-1629
3841
-1114
-8401
-7239
-646
3283
5969
10917
13921
10198
4004
2355
4815
6016
5101
5451
7629
9248
7974
3576
-2200
-6841
-8190
-6164
-2429
319
-92
-4161
-8395
-9437
-7736
-4736
-1928
315
978
622
748
1013
880
268
1144
3642
6443
7646
6142
3452
1017
520
1731
3583
4433
3105
721
-1104
-2024
-3110
-4631
-5643
-5914
-5367
-4702
-4481
-5739
-7741
-9034
-8693
-6789
-4732
-4067
-5482
-6975
-8257
-8835
-8418
4301
21980
27567
12820
-3354
-793
8205
7146
3236
11278
23761
19019
4842
277
2603
-4676
-16246
-10292
8580
14206
-149
-12488
-10912
-9794
-16151
-17068
-5945
1596
-4284
-9565
-3022
3897
-1306
-10293
-8734
526
5447
6528
10221
13587
9928
2419
410
4522
7199
6438
6663
9123
9920
6426
516
-4251
-6720
-6501
-3651
88
1460
-1381
-6548
-10303
-10164
-8041
-5597
-1796
2317
4034
2143
-220
-633
-989
-1439
767
5647
9147
8256
5222
2512
-32
-1589
-144
3433
5742
4755
2128
-126
-2560
-5311
-6887
-6091
-4350
-3275
-3598
-4393
-6469
-8919
-10049
-8547
-5630
-3715
-3887
-5535
-7414
-8734
-9592
-8613
5077
23073
28098
11744
-5199
-2544
7391
7281
4260
13388
25662
18930
2271
-2899
1097
-4168
-14399
-7740
11215
15056
-1936
-15140
-12039
-9322
-15572
-16515
-4502
3498
-3502
-10103
-3937
2949
-3226
-12791
-9097
2919
8198
7422
9429
12242
7770
-461
-1530
5246
9666
8599
8088
9997
9427
3718
-2832
-5250
-4567
-2994
-746
1703
1417
-3257
-9301
-11491
-9327
-5999
-3130
-526
1590
1870
133
-1826
-2059
-1289
-80
2599
6419
8658
6878
2674
17
-243
774
2658
5079
6016
3866
478
-1786
-3080
-4366
-4951
-3848
-2425
-2352
-4311
-6752
-8788
-9160
-8724
-6407
-3907
-2679
-4950
-7976
-9862
-9434
-10440
-7416
9374
27108
26471
4812
-9197
-1905
7725
5748
5537
19116
28438
15176
-2635
-4190
1085
-5603
-12816
-576
17339
13446
-7749
-17245
-10606
-9272
-16198
-13471
638
4685
-6313
-11681
-3662
904
-7867
-14321
-5301
6981
8810
5809
7385
8997
3043
-3527
9
9184
12489
9616
8272
9053
6209
-445
-4159
-2319
584
1741
2263
2017
-1471
-7878
-11802
-10191
-5402
-2280
-891
683
1082
-1585
-5413
-5238
-2016
332
1980
5044
7685
6056
1197
-1566
-846
1088
3380
6218
7886
5765
982
-2659
-3341
-2694
-2242
-1593
-576
-872
-3613
-7017
-8779
-8762
-8018
-6790
-4267
-2537
-3641
-7593
-10217
-10819
-10123
-11470
-1118
18810
29830
15704
-7476
-10335
2569
7921
5130
12482
27668
24569
3380
-8098
-1892
1123
-7019
-5093
12947
20208
2473
-17464
-16290
-7544
-9834
-13327
-3760
6595
-410
-13313
-11980
-2699
-3969
-12778
-10138
3399
9740
5168
1998
4340
3059
-3062
-2670
7129
14773
12887
8047
6782
5495
881
-2719
-155
4856
6350
4773
2470
-1002
-6789
-11089
-9396
-3746
391
1642
643
-1975
-6091
-8122
-6113
-2339
705
2538
3932
3999
2156
-550
-2238
-1387
1724
5204
7355
7128
4480
313
-2665
-2363
-154
1311
1404
534
-1231
-3969
-6438
-7314
-6779
-5594
-4784
-3859
-4128
-5546
-8807
-10371
-10744
-9388
-11010
-2965
15029
26366
14164
-8887
-13117
560
8551
6818
12722
26293
23433
1686
-10553
-2582
4863
-431
-334
14315
19930
1849
-18442
-16373
-4682
-4504
-8348
-1101
7122
-1629
-16197
-15135
-4172
-3024
-10550
-8290
3536
7315
426
-3396
122
1045
-3220
-1654
8251
14792
10935
4692
3540
3552
868
19
5002
9972
8976
4517
1034
-1799
-5789
-7466
-3788
1795
2991
45
-2781
-4317
-6312
-7627
-5324
-809
1513
733
140
396
-359
-2340
-2564
146
3104
4360
4466
4276
2858
258
-1260
76
2495
3208
2010
527
-1194
-3397
-4937
-4188
-2570
-2267
-3437
-4324
-5097
-6668
-8196
-8272
-6677
-6728
-7847
-11028
-2473
13399
21251
7502
-10970
-10821
2421
8210
7200
14021
23923
15820
-4414
-10238
1097
7703
2915
4913
16012
14334
-4932
-18094
-10231
417
-902
-3492
2470
4462
-7732
-17996
-11636
-1086
-2463
-8724
-4826
3049
1154
-5702
-5310
-184
-383
-3301
844
9068
10608
4819
925
1747
2113
1417
3889
9177
10572
6262
1818
-102
-1373
-2825
-1274
2814
4835
1910
-2121
-3659
-4315
-5307
-4646
-1387
597
-896
-2895
-2607
-1819
-2170
-2325
-728
1055
1240
1000
1506
1836
898
-28
733
2378
2717
1482
464
-94
-984
-2174
-1807
-239
226
-1493
-3363
-4183
-4533
-5888
-5809
-4543
-3507
-5331
-8151
-9837
-11179
-1228
13210
19109
3944
-12393
-10606
1687
5720
5935
14384
21262
9425
-8226
-8634
3586
7263
3591
8384
16141
8648
-8841
-13887
-3044
3174
55
-138
4722
1334
-10684
-13756
-4761
371
-4475
-7121
-1493
1179
-3822
-6683
-2906
-802
-3997
-3906
2545
6969
4244
60
-37
486
-326
1089
5951
9203
6853
2860
1198
670
-480
393
3723
6102
4197
614
-780
-1285
-2147
-2446
-650
434
-796
-2737
-2820
-2035
-2260
-2630
-2019
-1044
-962
-918
-135
486
-114
-986
-514
663
1198
845
559
333
-469
-1202
-512
802
919
156
-824
-1429
-2527
-2977
-2596
-1864
-2612
-3252
-4235
-4433
-6718
-7448
-10147
-7343
5162
16350
12209
-6959
-14538
-6261
3120
3160
8120
18011
15378
-3519
-12833
-2997
6740
4719
5455
14141
13666
-2400
-13089
-5747
3906
2743
994
5709
6016
-5240
-13194
-6978
1443
-237
-4492
-1980
1093
-3315
-8084
-5018
-861
-2763
-4860
-899
3513
1587
-2358
-2276
-828
-1652
-983
3410
7058
5429
1255
-518
-144
334
1642
4574
6562
5216
1469
-387
54
927
777
1297
2023
1111
-1477
-2740
-2078
-1974
-2636
-2036
-525
-536
-1864
-2133
-1331
-1464
-1946
-1243
-35
153
-378
-511
-908
-1773
-1899
-662
826
1201
702
-118
-1007
-1471
-1292
-439
186
113
-1028
-1914
-2992
-3177
-3944
-3409
-4246
-3877
-7114
-6099
1842
10382
7939
-4937
-9388
-4767
928
444
6039
12893
10059
-3963
-8549
-1242
3889
2650
5610
11783
8273
-3496
-7325
-1104
2704
1309
3122
6456
3127
-5029
-6430
-1729
299
-1664
-1382
338
-962
-4333
-4207
-1856
-2301
-4260
-3332
-396
381
-809
-932
-704
-2375
-3581
-1326
2197
3384
2336
1265
290
-1010
-897
1321
3486
3778
2816
1524
833
419
1103
1543
1928
1503
943
-5
-299
-517
-713
-952
-893
-771
-1112
-1132
-853
-1047
-1715
-1716
-1064
-828
-1026
-765
-578
-1328
-2193
-1734
-502
-4
7
187
98
-617
-1089
-399
679
839
393
0
-248
-821
-1012
-1000
-699
-972
-1149
-1465
-1523
-1991
-2202
-2915
-2828
-159
3009
3661
-388
-2806
-2436
-493
-613
1539
4184
4621
143
-2188
-1068
487
310
1840
4371
3698
198
-1521
-390
-85
-151
1177
2709
1343
-1018
-1618
-878
-1058
-1061
-222
186
-653
-1160
-747
-743
-1530
-1676
-822
-342
-162
279
413
-290
-1088
-922
-344
-43
469
1113
1008
39
-595
-452
-392
-426
85
713
619
-61
-492
-639
-713
-579
-29
438
373
83
-235
-443
-557
-299
68
151
108
226
217
-167
-447
-118
215
220
269
446
263
-395
-408
139
312
-42
-137
66
-305
-989
-1096
-552
-180
-278
-274
-179
-533
-880
-853
-517
-339
-293
22
254
134
-238
-380
-281
-75
-59
0
196
250
128
-1
-129
-192
-322
-239
81
155
-128
-399
-505
-573
-603
-495
-293
-211
-409
-637
-753
-693
-404
-59
118
-41
-146
-143
-183
-73
151
444
467
138
-13
170
263
173
170
412
430
148
-26
68
87
-131
-226
-93
-21
-111
-160
-3
46
-289
-558
-412
-100
53
21
0
-120
-425
-487
-233
157
310
232
99
17
-170
-270
-56
272
135
-281
-435
-120
27
-224
-241
-61
-78
-578
-859
-646
-275
-224
-271
-96
-68
-607
-945
-492
39
150
-57
122
420
128
-346
-240
235
281
79
197
516
347
-214
-347
36
258
-24
-215
-37
-1
-321
-634
-453
-207
-278
-446
-381
-311
-556
-853
-667
-197
-142
-381
-449
-253
-324
-589
-486
-17
196
-97
-251
119
203
-285
-564
-231
279
135
-156
89
366
-43
-649
-599
-115
-60
-263
-57
385
318
-358
-729
-468
-84
-82
-114
261
412
35
-370
-192
284
359
251
279
434
321
70
265
639
437
-90
-207
32
129
18
29
30
-113
-504
-726
-625
-571
-568
-468
-273
-285
-569
-725
-626
-441
-197
-49
21
117
23
-103
-26
169
481
404
209
292
315
252
136
274
503
330
-11
-89
-4
-8
-194
-229
-63
-133
-332
-492
-393
-379
-539
-672
-423
-101
-66
-142
-295
-250
-401
-491
-303
78
310
391
439
308
39
-320
-395
-32
414
480
351
251
72
-345
-650
-510
-94
99
-61
-228
-211
-253
-652
-676
-460
-218
-153
-220
-46
100
37
-166
-123
-10
60
116
299
421
294
167
266
344
368
208
186
371
308
110
5
61
-52
-326
-441
-283
-220
-430
-528
-355
-308
-662
-815
-388
-38
-195
-360
-129
56
-143
-279
179
608
470
35
-2
232
288
238
407
735
687
179
-252
-124
231
294
116
108
88
-212
-563
-528
-175
-53
-313
-445
-140
-63
-231
-125
47
7
-383
-499
-81
270
119
23
195
304
24
-320
-102
246
242
73
247
401
142
-222
-208
24
-57
-267
-174
88
54
-196
-331
-304
-431
-492
-265
44
128
-102
-204
-87
17
3
58
251
264
202
166
311
445
336
249
268
327
263
220
352
368
148
4
-165
-168
-131
-206
-222
-196
-217
-406
-593
-701
-588
-344
-260
-261
-231
-174
-226
-280
-100
66
57
52
251
493
352
48
132
443
454
244
85
183
257
88
148
430
452
72
-193
-135
-5
-164
-219
49
338
220
-152
-337
-285
-287
-346
-222
133
325
103
-148
-54
140
-51
-247
0
424
415
110
96
135
-33
-317
-275
125
295
154
51
198
120
-266
-468
-267
6
-94
-171
-71
45
-65
-202
-74
13
5
-44
21
223
190
169
283
394
299
-3
-16
162
397
354
313
387
322
118
-193
-129
66
95
48
237
332
146
-284
-484
-372
-244
-218
-28
293
226
-85
-227
-188
-85
-13
125
340
466
304
22
173
350
196
-71
-23
228
259
246
310
370
309
10
-43
91
165
112
87
201
199
65
74
169
142
-58
-172
-107
-7
53
89
218
300
134
-149
-267
-196
61
294
418
307
108
-55
-131
-117
-53
105
279
320
210
118
-32
-156
-307
-252
-8
141
249
322
325
167
-29
-144
0
180
274
332
338
306
150
30
11
-43
-14
101
255
361
287
135
5
-128
-218
-127
76
256
279
118
0
-42
-159
-99
-17
63
79
40
140
192
102
8
62
141
171
88
94
183
126
-14
134
339
317
132
5
47
26
-95
14
243
313
254
130
86
-59
-214
-88
156
368
376
223
103
46
-8
-93
-102
-5
109
242
352
349
147
-113
-277
-194
43
219
284
318
166
-180
-412
-360
-200
-66
34
227
225
-72
-338
-415
-260
-199
-8
286
437
410
211
56
49
-16
-101
125
384
453
409
354
260
67
-55
-9
187
192
177
227
185
80
-220
-217
-127
-63
-29
-35
22
15
-86
-126
-149
-168
-106
-4
98
90
122
85
-32
-19
67
134
186
188
146
67
-34
-12
136
275
271
149
48
-39
-122
-162
3
217
238
165
81
104
-14
-166
-104
70
282
312
224
84
17
11
27
52
110
220
228
241
152
53
18
-39
-2
84
166
178
52
-68
-116
-216
-265
-110
9
61
-15
-75
-62
-187
-366
-393
-269
-85
19
157
199
164
22
-119
-193
-86
52
215
386
356
252
80
10
-59
44
190
187
155
173
113
24
-105
-126
-84
-72
-42
-33
-20
-64
-96
-189
-183
-123
-110
13
67
88
53
73
0
-27
74
253
248
122
92
43
61
14
106
250
334
206
50
41
81
8
-10
181
249
149
-23
-50
-53
-116
-158
17
233
281
132
-96
-144
-111
-42
99
218
329
322
237
194
90
-11
-5
147
371
459
375
169
-21
-104
-213
-160
105
283
215
38
-107
-159
-259
-283
-185
28
138
22
-5
-86
-74
33
146
216
133
115
92
134
221
265
287
269
215
83
56
99
116
145
248
241
44
-145
-110
-15
-17
-14
4
40
6
-95
-134
-156
-189
-262
-214
-42
8
-46
-139
11
34
54
-17
-70
50
96
150
151
204
201
150
125
76
108
172
171
164
206
147
51
9
-43
17
24
-64
12
104
56
-59
-138
-195
-172
-129
-64
114
160
63
-36
13
55
56
57
158
211
63
-39
59
166
166
24
-81
33
128
-58
-128
-22
21
-100
-219
-147
-10
-17
-121
-123
34
61
-51
-101
13
102
18
58
190
268
172
63
125
193
153
117
128
211
277
214
141
172
169
112
187
189
91
-1
-124
-39
24
9
-33
-115
-167
-214
-227
-72
-38
-120
-83
2
-24
-183
-193
-23
80
38
77
192
210
65
15
172
213
43
-30
219
386
274
94
61
130
55
30
89
212
200
26
-73
-56
-57
-140
-81
34
147
83
-53
-74
-28
3
44
141
240
214
56
-22
69
141
164
63
90
219
248
91
-13
-71
-34
26
-34
-45
19
47
-51
-195
-158
-26
-22
-21
-27
45
44
-5
29
142
134
58
37
132
227
166
63
167
347
315
130
57
164
243
200
151
234
249
114
-38
-7
87
94
40
56
30
-47
-128
-226
-182
-110
9
34
-41
-72
-74
-93
-51
-39
56
145
107
68
96
149
49
57
127
198
176
1
27
116
108
53
6
117
195
73
-33
-54
32
-35
-116
-16
109
41
-34
-56
-16
-36
-72
18
150
175
77
-23
-37
-31
26
132
160
180
128
64
4
-127
-90
-93
-105
-29
9
87
89
-30
-148
-119
-110
-117
-99
-5
77
28
-52
-49
-32
-6
69
104
195
206
202
248
175
116
131
215
217
146
162
205
225
180
114
53
-11
106
46
870
1943
2082
1119
34
-776
-2046
-2684
-2342
-1765
-1094
292
1410
1604
1444
1062
149
-708
-1095
-874
-798
-220
488
901
930
898
533
23
-330
-432
-367
-285
88
394
651
455
200
-181
-226
-432
-475
-298
100
201
176
273
238
-92
-317
-63
1
49
-38
276
129
153
62
156
52
91
38
-170
-143
2
99
-71
-17
185
129
-71
-68
-61
-95
-292
-167
-88
-119
-134
-34
645
1764
2335
1992
1189
729
-667
-1794
-2064
-1555
-1395
-663
666
1018
606
213
11
-922
-1179
-1088
-367
-274
-14
728
1076
1115
927
1215
752
37
-109
355
288
253
483
670
93
-163
-373
-730
-1038
-654
-167
37
33
196
203
-116
-409
-412
-8
79
152
277
515
211
34
-127
26
-243
-165
-166
60
536
651
684
425
454
-29
-347
-455
-306
-511
-285
47
433
520
578
316
-73
-222
205
184
300
752
1134
719
315
298
-246
-500
-546
-62
-116
-21
-28
4
-223
-212
-266
-116
-337
-256
-175
-181
-346
-247
133
48
-25
193
420
-11
-241
-46
80
15
109
549
508
32
19
75
102
-163
-125
-22
13
55
52
-67
-178
-356
-184
-292
-361
-385
-81
-59
98
556
568
390
104
279
-175
-310
-173
82
143
310
470
413
-157
-358
-226
-264
-477
-672
-553
-481
-368
-485
-287
13
27
3
284
647
678
647
521
246
-48
-336
-553
-606
201
779
770
795
667
-128
-868
-780
-451
-394
-163
387
-24
-105
-356
-290
-906
-702
-239
-148
51
28
410
234
90
-269
-215
-115
-162
-158
363
419
66
68
178
-53
-354
-45
139
181
15
10
-5
195
-370
-690
-10
358
-213
-534
158
-186
-317
155
523
-158
-521
-271
-267
-79
109
243
66
-69
-225
-262
-129
-57
-278
89
213
136
-246
140
483
47
-510
-490
323
-85
-859
-263
112
-19
-185
626
413
-323
-149
-120
-305
-542
252
591
436
175
-124
-355
-504
-425
-639
-263
339
360
337
223
-148
-639
-808
-605
-371
-69
-24
272
545
237
53
-48
202
-117
-708
-297
225
579
183
84
316
-628
-650
-438
-138
-425
-384
346
168
-403
-331
-340
-40
-282
-444
-170
-252
-194
-69
237
622
938
983
352
-146
-429
-251
-175
502
823
786
502
270
-392
-1461
-1136
-308
-185
-415
673
1382
302
-868
-782
-841
-1524
-1242
692
1142
359
142
814
-102
-1507
-1088
398
235
1
1383
1390
27
-481
-17
-695
-633
-123
249
386
1193
1128
295
-741
-1233
-1079
-399
-232
-29
408
540
272
-515
142
381
-659
-822
316
466
-328
69
814
-537
-528
370
613
158
-74
302
-544
-562
368
-32
-77
640
489
-832
-1084
-697
-1145
-319
634
788
670
799
-6
-602
-470
-1200
-929
103
1979
814
-354
-553
384
-519
-770
438
679
195
-187
939
72
-565
-143
88
-405
-541
654
1152
133
29
-420
-462
-523
-271
215
70
59
290
157
-322
-497
-434
-599
-444
495
550
34
126
305
-327
-198
-390
-447
335
1757
332
-950
-760
414
-268
24
321
28
340
-78
-75
-339
-132
405
621
792
-2
-222
-167
-375
306
-155
309
-64
273
182
359
-315
-244
90
-389
-226
-611
416
191
1012
-209
-1378
-456
826
388
-126
222
-133
-759
-199
972
-252
-95
-272
28
-511
-613
575
694
-386
-1460
198
806
-665
-948
732
497
-801
-915
337
402
208
98
-45
-150
-602
-244
40
226
-232
604
687
215
-159
-687
-1539
-1461
720
1326
619
269
-23
-540
-581
-577
-736
-11
1092
892
988
224
-804
-764
-282
-257
-193
250
-605
35
1132
948
-299
-655
-601
-886
-180
694
670
234
862
334
-370
51
-122
-1126
-524
1209
-216
-205
1308
1292
-787
-1073
34
-1451
-1393
814
1149
-788
-374
691
-485
-1093
42
-6
-508
1037
2076
10
48
495
-910
-2325
720
2129
359
-459
-136
-58
-212
132
-699
-482
371
418
-57
691
126
-1258
-885
425
-109
320
106
229
-602
-65
802
203
-283
-586
1052
618
-628
146
315
-866
-929
1104
1620
342
-429
-402
-520
-259
293
550
684
-491
772
607
-487
-1222
137
427
-1101
83
1532
527
-1079
104
204
-496
-1368
455
366
727
-26
37
-353
-14
68
-380
258
-547
-1069
-687
998
394
315
866
435
-748
-1011
1183
70
-726
-226
1033
677
-442
860
462
-628
-1449
472
-85
-118
682
1170
82
-831
264
338
-5
-1006
429
780
-380
-1
62
-301
-105
968
147
-595
-254
-252
-116
275
558
575
137
-112
271
220
-862
-325
4
348
-232
457
1213
771
-467
-916
-102
-563
85
694
312
-64
503
261
-777
-680
247
-390
511
873
525
-812
377
1074
-128
-1169
-314
1340
722
244
-42
458
-1165
-1031
143
1124
230
-393
332
605
180
-1297
-940
25
615
528
1167
392
-1025
-842
-384
224
818
625
-9
-526
223
353
192
-566
-670
105
-9
-663
1019
1730
-319
-311
-64
-930
-1183
1173
1694
-923
-943
408
582
-362
-6
108
-972
-536
1137
971
-574
821
234
-498
-1219
-17
479
445
1158
24
-582
-1080
-149
-23
-164
296
1015
-284
-551
-315
-99
-1
-417
888
-999
-169
615
979
-312
-689
194
-427
323
490
401
-350
345
103
-296
-936
17
181
-110
392
96
-803
-1055
1461
1184
-651
-1540
390
1193
451
174
-73
-544
-869
-461
404
781
-82
-495
-406
599
-41
87
173
-88
-135
-255
-469
147
500
787
-576
-299
467
-571
-1055
-516
1118
502
-364
424
410
182
-32
-236
-544
-139
297
-507
-109
947
385
-203
538
-197
-1161
-588
1439
855
-36
-153
-129
-414
-160
1238
-144
-1772
-749
1774
634
-443
451
6
-605
-187
792
-126
170
1044
-295
-266
-380
-309
-307
869
456
-945
-807
-69
-306
-5
76
271
671
167
607
-372
-743
-1580
687
625
-103
541
727
-760
-1106
646
259
-461
-3
1182
-163
-429
255
6
-1145
411
893
-608
-1486
-904
453
296
679
935
51
-1349
-1446
309
663
-24
1224
421
-123
-412
129
-572
-680
893
456
-1275
-631
518
493
215
-405
-840
-57
706
685
-630
-581
-549
916
1135
-529
-1108
-154
691
-559
-427
1424
1429
-554
-1431
-343
161
-263
212
1131
-96
-638
679
444
-1290
-1229
1495
699
97
-109
289
-212
163
-52
-641
103
516
-18
193
560
-434
-623
-466
-186
-301
319
801
819
468
-147
-138
-394
27
-495
501
287
-130
642
-40
91
-200
352
-670
-829
388
453
-206
575
22
-994
-800
958
542
-418
-564
575
-114
114
236
-307
218
-220
451
-464
-265
-266
195
330
-20
-904
-378
1089
745
68
-145
195
-818
-41
1443
603
-961
-212
859
410
-835
-667
-14
-296
-265
905
1053
67
-428
-157
601
-533
-310
316
620
344
-610
-2
-265
-82
-298
574
-193
-895
849
308
145
-99
796
-538
-739
-107
34
-575
-631
542
666
177
-1171
441
572
382
-145
-478
-573
141
634
400
-109
-9
-84
250
-203
122
729
-394
-609
92
1312
61
-1180
-47
82
-366
-489
43
317
311
1257
571
-554
-146
334
-230
17
21
-451
-328
598
400
-315
640
-208
-694
212
263
117
-23
1093
-227
292
348
36
34
722
-99
-1170
435
844
-163
-785
903
-260
-600
11
810
613
-189
537
249
-460
-135
-104
-213
-154
224
333
-50
425
217
-822
202
1178
-241
-995
-102
642
-707
-134
762
-365
-80
924
410
-625
-118
989
357
-188
-272
-198
-226
131
396
-438
318
270
135
-588
81
-307
-501
587
306
295
205
663
-297
-704
-141
398
360
182
349
177
252
-34
-317
-494
-17
-327
470
671
572
-269
140
77
-889
-118
726
442
-1018
298
711
-322
80
-87
-128
-566
281
-69
83
478
-628
478
971
-215
-359
379
343
-440
-60
317
-20
-108
-28
113
80
-563
80
-15
132
-681
-98
752
406
252
-420
-155
175
294
240
87
-103
7
69
-265
217
-525
3
182
243
-216
-95
759
-1083
646
770
-425
-942
1223
958
-834
183
-192
-208
-248
604
135
-45
781
-529
503
-982
-640
-292
460
148
-272
1195
-41
-424
50
478
-565
-30
527
241
75
233
110
-7
-385
-435
49
611
-356
613
850
225
-852
375
478
-646
-144
255
856
-259
202
-169
450
462
-53
429
-346
602
136
318
198
0
562
-552
89
86
90
53
309
99
-135
362
107
502
-185
-149
750
208
-65
-612
682
-650
-648
884
843
-455
-105
1028
-133
-779
-356
493
-530
-243
626
622
-392
-615
613
-87
-753
117
956
163
145
705
-81
269
-388
489
118
521
-330
312
750
192
106
-476
-13
-244
324
298
-202
-257
194
607
33
60
-144
-56
-43
415
335
-104
144
-109
245
541
273
-297
-194
739
351
278
84
-109
923
177
-65
210
185
-879
-395
689
753
-435
749
570
-473
-609
-227
698
-1041
167
697
614
-585
318
999
-298
-593
697
915
-355
697
1021
147
-206
-490
-339
-210
676
211
-339
92
-323
-52
103
199
106
466
123
158
420
-272
-567
292
637
-178
332
644
-49
-1
87
99
-50
784
434
-154
400
492
-423
186
579
219
59
727
369
-425
321
237
278
-86
79
-623
-121
308
535
398
630
41
-151
-42
-259
318
89
-372
150
501
67
-737
250
318
-718
-228
494
421
260
475
370
-336
-548
4
-280
0
-198
30
350
622
-587
-333
137
124
-324
-40
758
72
135
311
940
-378
-196
-25
835
79
843
1301
-171
-72
417
841
-376
522
350
548
222
285
223
173
498
-85
327
-15
515
-231
508
336
-200
-108
687
19
-139
-367
639
64
271
514
-305
152
388
308
-211
80
73
326
35
-42
438
840
156
-135
454
-146
-645
740
605
-573
153
971
205
-177
231
511
-851
401
198
-118
150
598
685
-241
343
-259
-92
0
696
424
-29
-5
545
389
-115
324
567
123
538
643
119
289
234
114
-185
246
-200
212
76
-399
153
657
-6
125
270
552
46
-50
286
-542
497
150
409
5
-41
259
-126
263
691
862
169
-283
274
666
21
577
268
89
-105
529
863
-649
48
853
175
-194
457
846
-62
310
666
-76
-169
663
89
-133
842
557
-502
-220
761
-47
-740
796
747
157
76
604
-246
-691
277
337
151
253
491
412
212
97
-477
-88
239
505
-329
452
338
-272
-94
-30
382
-399
160
404
669
62
618
-84
-148
-199
290
445
257
656
-580
735
362
-420
-426
465
624
-205
545
627
-91
-455
478
191
-485
-599
106
382
94
323
266
328
330
355
-77
372
254
-85
370
1064
405
-835
590
339
-149
-268
514
433
-361
553
5
472
-390
76
153
521
442
-282
623
199
-200
128
428
651
-348
-21
261
460
-27
-440
512
501
277
-356
671
120
-445
-515
640
907
-479
174
550
377
-193
322
1297
-191
-175
265
663
-206
-81
474
-133
406
327
222
-33
271
95
-397
243
665
6
-4
443
487
-311
-690
345
204
-624
230
778
119
-459
850
927
-301
22
119
-29
36
502
-86
387
215
-401
71
1002
133
-846
234
521
183
-440
875
857
-486
-668
382
393
-502
-308
763
334
-542
279
531
339
-409
525
208
-339
-78
540
782
308
524
611
-198
-210
169
-468
-311
355
376
-632
932
939
-465
-148
757
-261
-1015
667
1230
-372
-537
1022
322
-418
143
836
-250
-634
1064
268
-297
-189
492
274
-248
284
478
-166
-235
301
206
-129
548
319
-308
554
857
-383
-566
1011
707
-275
331
1341
432
-516
66
775
44
-298
140
467
330
-249
582
431
285
-103
471
237
293
31
-96
629
-75
217
115
620
-179
-219
-12
147
-99
-140
284
422
298
32
689
509
-709
132
184
-500
-18
853
339
-208
733
357
-1009
625
459
22
-438
1035
724
-421
278
97
225
-259
308
102
176
273
552
-126
115
24
803
-230
-331
574
189
-417
389
553
-122
-1
717
-408
-251
517
362
-237
72
883
-109
-15
242
875
-97
168
209
602
281
518
93
-170
442
103
-20
201
412
421
-126
326
304
268
-305
-173
816
415
-164
288
746
-318
-394
390
307
-361
374
737
273
-259
351
412
162
210
-55
-79
203
469
149
238
216
-84
-195
377
659
-581
186
554
533
-487
486
592
-265
-109
509
438
-440
194
341
347
-271
-134
532
-20
-155
365
354
135
105
161
65
340
135
189
413
512
-326
-157
524
-79
-304
383
136
9
154
409
23
-72
-88
-60
135
-78
-74
96
422
-193
97
670
447
-206
-3
434
133
125
200
561
-19
-44
555
-130
-186
-35
191
-150
247
522
130
317
504
135
-846
-57
385
-241
-75
399
526
-421
185
602
-316
-343
638
679
-201
-162
972
309
-677
321
679
-213
-873
737
874
-496
-330
837
486
-382
334
539
-327
-4
1010
439
-175
826
510
-507
195
1028
62
-684
841
830
-77
314
1326
3
-519
637
572
-463
37
580
-251
-429
460
527
-760
236
544
-178
161
894
578
-714
239
634
64
-189
761
656
-459
62
609
51
-340
614
421
-312
-42
405
70
120
111
-130
151
311
-32
69
566
201
-324
240
524
158
-241
251
533
327
-138
451
689
-149
-332
551
484
-323
162
723
249
-26
413
322
344
58
-118
130
524
218
-5
532
439
-43
-290
29
262
32
-45
251
595
32
-442
-101
608
-101
-382
425
637
-123
-168
776
457
-357
-161
369
-47
40
509
258
34
161
208
-139
432
88
-433
550
632
-346
-293
830
87
-715
275
812
-132
-275
569
573
95
-161
274
564
-111
-39
369
281
-157
-254
820
621
-73
-371
201
225
202
263
739
203
83
223
25
-35
-306
185
270
367
234
324
127
158
481
214
-99
210
465
-169
-102
915
365
-776
244
1062
68
-466
937
730
-532
-184
681
-164
-418
199
445
-131
162
469
131
241
174
61
60
300
160
-243
218
414
-90
-139
519
200
-308
-168
581
450
-4
311
371
-175
-239
277
389
-73
158
338
-161
15
484
343
-285
306
361
19
-87
212
329
272
299
268
147
115
92
312
212
-380
254
387
83
16
650
438
-354
208
601
116
-175
147
336
-69
151
556
210
-187
-69
217
-148
171
285
562
247
285
109
120
258
305
54
488
883
275
-32
493
620
-127
-154
236
258
115
278
362
607
67
-214
450
567
-10
18
344
136
188
386
192
204
348
-181
-224
446
400
102
303
879
157
-274
79
440
-93
19
530
426
338
446
262
-174
38
105
142
403
866
286
-255
52
18
11
219
662
214
-235
421
437
119
98
114
79
168
249
153
452
376
