56
8
52
79
79
100
97
29
-1
55
108
18
-62
20
132
182
200
64
-77
-54
50
177
290
226
77
59
145
192
194
222
148
134
109
73
54
99
75
14
92
83
106
161
117
-4
1
65
65
124
204
162
80
71
141
2
-1
150
227
157
114
74
-12
-90
-2
80
133
260
241
86
-66
-60
106
115
95
246
221
7
-39
-22
19
108
101
154
288
228
51
-16
80
80
175
171
114
225
80
12
82
121
116
69
11
48
98
57
-20
0
138
99
112
96
66
-3
-35
134
144
-7
-132
33
51
-1
228
381
56
-96
-85
-38
-9
124
254
96
3
26
156
77
-84
-29
124
75
159
276
174
102
126
68
85
181
58
-111
-57
188
157
26
23
-1
61
204
221
58
-72
-50
-21
132
255
81
-126
-103
-12
107
166
233
273
137
-51
-120
-37
24
142
205
58
-8
86
15
-139
13
225
50
-98
47
169
1
-82
141
253
163
177
115
-142
-194
180
378
68
-2
174
-17
-139
87
219
-51
-113
27
-48
-62
69
131
3
5
75
50
28
-136
-115
5
156
224
141
133
56
-60
-60
1
-28
-12
214
342
63
-7
88
-46
-158
-45
24
-14
-17
123
160
78
-207
-342
-58
-25
-101
44
72
-176
-243
107
48
19
51
35
-10
36
-49
-128
-53
-1
187
289
115
-227
-207
-106
-285
-288
224
489
180
-66
-72
-154
-285
-70
114
0
165
311
81
-121
26
39
-125
-119
9
198
282
68
-256
-237
-17
-24
-38
-104
-234
5
371
87
-237
-81
-51
-211
-53
27
-89
19
158
-79
-201
-110
-128
-120
37
105
95
76
-57
-197
-47
171
-23
-50
46
73
-67
-162
-20
106
214
-45
-289
-101
210
6
-229
-44
-89
65
190
-28
-415
-28
288
-17
-102
250
-8
-246
24
13
-318
-145
194
30
77
106
-141
-193
-138
-89
54
228
47
-42
145
66
-386
-179
109
-24
-92
175
174
-195
-119
84
-34
-270
-152
158
129
48
-116
-153
-121
105
35
111
103
-61
-236
-72
184
-110
-261
-122
193
-40
4
95
9
-308
-217
94
34
-181
-73
106
263
269
21
-222
-264
-128
192
182
-186
-308
-47
58
-129
-65
-167
32
106
36
15
-194
-195
-77
222
-124
-303
34
272
45
-234
-175
-162
-86
-24
-80
-166
-91
-3
51
-174
-48
-35
-150
-239
-195
-92
44
210
119
-81
-60
-190
-235
67
123
-76
-140
107
14
-74
-39
-167
-286
-121
250
-106
-314
-42
401
65
-266
-112
1
-10
-156
173
72
-218
-165
106
38
-223
-281
-9
-95
-142
103
56
-113
-136
-22
-98
42
78
42
-113
-246
-197
33
-35
-207
-126
73
-78
-24
258
150
-104
-173
-185
-116
-133
-69
-51
-141
-266
-71
138
-132
-278
53
219
-145
-62
326
213
-266
-248
130
-35
-371
-165
45
-223
-92
261
272
-88
-328
118
23
-144
-151
-21
-102
-35
342
68
-132
68
82
-244
-267
2
245
-12
-12
-51
-3
-18
-146
-45
-245
-114
86
32
-90
48
194
-124
-288
-90
20
-102
-181
-135
136
36
-127
-54
-12
32
136
-29
-291
-108
20
-65
-142
-19
61
84
85
21
-37
-196
-109
-48
-120
77
208
161
-300
-464
-195
-74
-119
-103
131
110
-28
-87
-37
-161
-201
69
215
-54
-236
84
224
100
-189
-42
-14
-185
24
262
-163
-413
253
526
-17
-289
-32
-20
-242
-158
18
-182
-182
50
247
-2
-321
52
38
-261
-315
75
-10
-281
34
137
60
-174
-206
129
166
-320
-230
93
26
-283
30
256
-150
8
131
-14
-195
49
7
-196
46
8
-26
52
166
-26
-39
-191
-90
39
-78
-275
-45
216
80
134
64
-200
-178
108
-176
-283
-111
-58
14
223
174
-333
15
149
-287
-244
310
131
-566
-234
398
-53
-374
207
416
-301
-521
213
96
-276
66
216
-52
-119
264
181
-466
-194
290
227
-237
-93
236
-59
-83
278
180
-279
-142
365
145
-315
-81
225
-127
-268
33
169
-120
-265
176
-56
-367
171
252
-179
-431
46
120
-182
-153
-48
-70
-91
8
127
-53
-320
-331
97
61
-264
-38
78
-87
-162
142
196
-79
-93
260
13
-214
-112
-44
165
-98
-89
307
238
-194
-331
-122
0
68
105
-40
-142
-78
161
16
-243
-41
114
-187
-227
173
213
-161
84
313
137
-202
-74
141
-122
-175
177
352
-74
-256
46
91
-270
-70
219
64
-68
78
128
-7
-195
-30
-99
-82
-69
47
145
-94
-53
101
59
-117
-228
-117
0
54
-35
-93
-126
-179
10
294
261
-24
-92
-48
-77
-106
192
-22
-227
-34
313
53
-144
-39
-296
-99
205
312
-101
-144
12
75
122
-55
-232
-30
237
116
6
-115
-135
-150
141
-57
-259
-10
271
130
-271
-153
-60
213
132
-25
-34
-65
112
-55
-86
-279
202
298
176
179
-29
-150
-86
201
93
34
131
125
-82
54
242
-65
-482
42
201
-66
-1
214
152
-327
90
-9
-171
-47
186
173
22
143
146
-57
-242
-45
229
-44
-147
345
188
-269
-120
285
111
-377
-138
326
189
-163
28
520
-18
-384
399
241
-318
-154
256
-144
-7
843
101
-295
173
352
-269
34
404
-203
-73
447
206
-62
28
322
131
-51
-51
-217
136
397
276
59
120
153
-118
58
61
-28
63
447
268
-65
213
17
-70
-86
305
-201
170
398
266
157
8
-147
-226
196
200
83
-57
14
1
-82
5
92
-103
-41
296
305
-124
42
249
-32
-330
-16
138
27
106
-5
-166
10
242
-106
217
282
-198
-175
93
306
-222
-107
0
76
45
258
193
-306
-257
355
341
-261
105
388
-69
-125
242
97
-258
-48
108
87
33
54
183
-154
22
611
467
-362
-411
-119
-43
36
332
372
-75
-135
257
253
-202
-99
369
31
-274
92
377
17
-181
71
101
-143
-40
207
5
209
29
180
81
-21
57
118
240
159
307
237
-76
-247
2
144
-182
-104
225
110
-99
75
-3
-215
-98
152
-13
52
253
-41
-105
-75
149
36
-288
59
30
-184
165
454
153
-436
-118
180
140
-109
-67
150
-25
-190
-9
165
-289
-84
113
-12
-125
202
362
13
11
56
109
-160
-233
216
103
-84
-177
36
33
-31
343
145
-252
-289
137
177
-301
-4
213
-26
-8
64
-122
-330
-31
256
136
-58
-474
-213
302
136
-137
38
226
18
-102
196
119
-131
-18
407
23
-122
-211
164
147
-67
189
-10
126
-332
-152
-83
-103
41
-196
-54
-266
-75
263
-44
46
-130
70
-107
-191
92
41
-280
-226
255
30
-245
179
170
-352
60
246
-25
-47
399
150
-333
268
-12
-96
-100
315
89
10
-2
-114
94
-22
149
69
-194
-169
170
-87
-348
125
193
-307
44
165
-55
-311
73
296
-216
-81
-88
66
-41
169
284
-45
-1
-203
-83
-54
50
39
152
41
-127
-194
188
-6
-261
42
69
16
-154
9
-41
-107
-148
-67
-126
136
41
75
-184
266
117
-146
-254
68
82
-99
58
-78
-128
-52
361
-422
-314
173
129
-372
-176
57
142
-138
-327
-40
3
-138
-285
46
-244
-219
85
-151
-467
-147
487
-85
-302
176
201
-380
134
686
-141
-208
83
164
-424
-108
150
-196
-191
-56
136
-374
-140
556
-83
-738
-12
454
-169
-111
335
76
-667
-207
336
33
-434
153
283
-290
-302
529
-213
-627
82
282
-279
-296
617
183
-212
-160
-83
-166
-156
78
232
37
-287
37
306
-339
-876
-35
110
-198
31
613
100
-648
-363
239
-192
-536
126
404
-68
-252
240
-133
-710
-84
436
-125
-114
154
-18
-370
-229
-133
87
243
-405
57
495
-142
-622
100
273
-273
138
240
-215
-419
68
-210
-305
-182
-160
-45
-285
-132
-69
50
222
-8
-388
17
43
-38
-103
80
-235
90
217
-270
-137
89
-120
-377
-220
-237
18
157
-30
-234
-49
167
-154
-336
-260
1
-157
200
149
43
174
86
-63
-128
-22
-95
-117
-228
-117
-216
188
93
178
84
-189
-225
-332
-28
-115
-66
158
-184
-140
70
48
-336
-142
-11
-276
94
343
44
-87
-34
-84
-227
-365
210
206
-47
-132
5
-304
-254
-45
-399
-37
425
22
-85
274
-140
-213
312
94
-398
-5
219
38
233
-14
-478
-338
-72
-266
-465
-124
101
-50
-83
442
40
-555
-159
335
132
-37
44
-4
10
184
30
-35
339
-31
90
-6
108
-247
-57
206
30
-250
-91
-101
47
-157
-219
338
264
49
-296
27
95
23
197
95
27
-112
-74
-188
-179
-54
65
170
261
142
-146
-45
-337
-48
169
11
-293
-108
231
235
-90
-399
-421
19
129
6
-181
-302
-23
126
-188
-393
-52
71
174
1
56
11
-104
-459
-418
79
348
210
-195
-168
-206
-368
-105
-235
-210
110
218
66
46
193
24
-141
-250
-239
123
307
366
-12
-117
-110
38
39
-291
-137
77
471
138
5
75
-30
-217
20
189
-188
-127
107
-4
-108
286
385
-267
-469
-179
15
-259
-160
277
427
-51
-124
155
64
-207
-11
177
-272
-294
-153
-128
-338
25
327
28
75
106
98
-67
-235
40
138
-13
-6
409
146
-549
-219
163
128
-101
-50
-150
-277
-370
-70
224
166
-192
-6
432
58
95
7
19
-109
131
311
-40
-290
-294
20
62
104
151
-141
-159
-105
64
-211
-490
-115
-76
-184
34
-133
-14
-179
-318
-146
113
302
-17
-95
-453
-226
75
-13
207
542
-1
-326
231
27
-420
-31
387
46
56
510
-174
-534
-100
159
51
-217
-362
-200
282
217
-270
-178
-361
-194
87
300
26
-383
37
99
-171
-58
47
-175
-76
164
258
-55
-63
-132
-244
-198
59
233
93
-2
55
218
48
-73
-142
312
-71
-306
-92
-47
-436
-374
568
222
-247
138
293
-293
-150
270
-184
-451
180
364
43
-290
-141
-141
-124
-83
81
107
-252
3
92
-108
-509
-48
175
5
-303
-158
-7
39
111
-26
-235
-171
-40
-102
-105
-206
-19
54
-36
-571
-451
-327
-202
11
-234
-448
-543
-331
-311
-179
-120
-356
-304
-39
12
-89
-286
-105
-37
-127
-156
95
-230
-492
-45
-72
-322
-135
64
-336
-456
-7
99
-316
-316
-147
-313
-374
-92
-138
-384
-185
245
320
54
18
261
285
68
213
541
362
59
213
413
263
222
414
489
291
384
569
409
148
98
277
209
-33
-113
7
-82
-152
-72
-172
-178
-110
-170
-184
-218
-341
-451
-382
-218
-267
-343
-173
-138
-471
-638
-401
-305
-336
11
-22
-626
-673
-81
130
-425
-591
-406
-794
-955
-875
-920
-1089
-1368
-1406
-1566
-1613
-1874
-1875
-1811
-2200
-2308
-2078
-2160
-2925
-3135
-2455
-906
1037
2494
2294
1052
509
866
981
833
1312
2069
2141
2186
2878
2984
1452
-260
-725
-355
157
953
1747
1686
733
-183
-480
-785
-1302
-1519
-1126
-570
-56
517
422
-503
-1551
-2021
-2017
-1569
-653
38
108
-169
-213
-405
-421
-41
833
1510
1992
2673
3067
2606
1552
969
760
540
671
1242
1392
664
-10
-187
-643
-1236
-1231
-840
-855
-1035
-815
-864
-1735
-2543
-2556
-2445
-2280
-1499
-876
-997
-1195
-979
-991
-1145
-1033
-516
150
524
428
-11
-404
-1174
-1809
-1793
-1828
-2159
-2337
-2148
-2450
-3272
-4150
-5059
-5615
-1762
5138
8514
4673
-196
187
1229
-378
-644
2885
5161
3627
3975
7329
7497
2302
-2312
-2229
-602
736
3196
5299
3808
-434
-3232
-3897
-4602
-5467
-5452
-4368
-2814
-874
485
-484
-3305
-5762
-6483
-5595
-3054
114
1835
1463
507
386
122
-761
-1301
-781
111
1322
3314
5070
4834
2724
789
-116
-94
398
2030
3572
3493
2055
1019
696
-483
-2405
-3183
-2681
-2038
-1107
502
1088
-583
-2447
-2421
-1589
-1157
-348
1034
1449
881
944
1271
272
-1257
-1557
-685
62
491
957
433
-1118
-2365
-2481
-2035
-1999
-2108
-1764
-1604
-1919
-2529
-2803
-3718
-5139
-5666
-5167
-5282
-6200
-7029
-3922
4458
10925
9434
2034
-1049
1034
1402
39
2724
7810
7930
5303
7366
9871
5427
-3037
-5804
-2388
602
2499
5071
5604
997
-5289
-7165
-6029
-6027
-6833
-5482
-2622
-673
-45
-602
-3064
-6697
-8447
-6705
-2787
1292
3962
4205
2798
1542
1224
1065
601
742
2081
3779
5549
7125
6982
4389
727
-1339
-1193
-178
964
2588
3648
2798
500
-1405
-2756
-4103
-4660
-3516
-1733
-693
-124
41
-1103
-3246
-4176
-3096
-1359
249
1902
2900
2279
1007
254
-81
-472
-437
485
1449
1695
1118
-110
-1896
-3611
-4110
-3266
-2366
-2121
-2490
-2791
-3342
-4537
-5971
-6338
-6305
-6236
-7045
-7577
-7566
-3798
6349
14151
11616
1973
-1118
2613
3272
1305
4566
10756
10651
7115
9062
11389
5019
-5557
-7935
-2230
2017
3226
4853
4570
-1651
-9307
-10680
-7770
-7031
-8278
-6777
-2895
-652
-932
-2384
-4813
-7912
-8860
-5611
-46
4383
6016
5326
3778
2848
2725
2643
2135
2209
3688
5819
7593
8301
6848
2880
-1616
-3592
-2555
-926
180
1050
1236
-48
-2203
-3407
-4574
-6076
-6212
-3877
-1069
-20
167
-369
-2144
-3935
-3244
-820
791
1768
2972
3603
2806
1758
1263
672
91
371
1558
2155
1376
-448
-2279
-3863
-4817
-4694
-3966
-3653
-4303
-4465
-3883
-4411
-6745
-8150
-7725
-7353
-8904
-9418
-7878
234
12259
18047
11243
236
-894
3405
3136
2149
8275
15054
12812
8575
10392
10021
-318
-11076
-8958
475
4882
4320
4115
1583
-7324
-15052
-13422
-8085
-7420
-8872
-5857
-661
354
-2591
-5262
-7282
-9072
-8002
-2055
5204
8444
7457
5387
4159
3424
2982
2821
3035
4092
6269
8714
9721
7960
3466
-1999
-5247
-4648
-1930
78
505
-192
-1821
-3731
-4716
-5234
-6552
-7307
-4920
-476
2184
1764
78
-1832
-3437
-2854
426
3384
3887
3395
3703
3851
2797
1577
796
376
561
1786
2942
2178
-515
-3286
-4712
-5094
-4837
-4342
-4326
-4805
-5723
-5581
-5539
-5697
-6764
-7273
-7761
-7353
-7581
-7302
-7145
-762
12640
20206
13763
1293
70
5319
4951
2603
8642
16894
14853
8259
8309
8667
-628
-12042
-9834
1332
6177
3001
706
-897
-8433
-16726
-15070
-7531
-5307
-8012
-6366
-520
853
-3461
-6804
-6510
-6051
-4933
320
7651
10641
8155
5191
4552
4452
3455
3076
4285
6168
7935
9031
8519
5339
-22
-4784
-6181
-3982
-849
538
-160
-1889
-4155
-6214
-7341
-6898
-5659
-3725
-874
1707
2558
712
-1644
-2927
-1964
637
3689
5699
5719
4176
2766
2089
1597
1137
1251
2088
2718
2548
1432
-625
-3304
-5320
-5479
-4617
-4131
-4286
-4931
-5806
-6852
-7333
-6890
-5267
-5096
-5708
-6602
-6047
-6759
-7688
-8039
-934
14016
22693
16155
2226
-186
5149
5353
2474
8423
17600
16159
8192
6629
7110
-1828
-13520
-11024
1875
7578
2639
-1629
-2945
-9254
-17489
-15722
-6844
-3757
-7322
-6418
61
1831
-3491
-7574
-6345
-4313
-2687
2200
9529
12145
8211
4206
3895
4576
3510
3063
5157
7784
9053
8688
6695
2428
-3289
-6874
-5963
-1992
918
784
-1246
-3700
-6487
-7819
-6284
-4147
-3834
-2825
422
2818
1252
-1419
-2281
-1883
-241
3179
6396
6257
3869
2091
1951
2423
2391
2208
2264
2449
2245
1405
-6
-2391
-4946
-5766
-4660
-3468
-3499
-4882
-6370
-7434
-7316
-6790
-5704
-4806
-3982
-5484
-7361
-7770
-7184
-7365
-6469
6951
22560
24047
7386
-3652
1540
6798
3114
4067
16142
21474
12049
4030
5428
2694
-10352
-15056
-2016
10719
7417
-2015
-4679
-6794
-15495
-19244
-10213
-1063
-3162
-7427
-2977
2511
-1672
-9252
-9370
-4156
-1099
1602
8060
13004
9862
2975
1068
3563
4472
3690
5498
9310
10816
8791
5417
1460
-3329
-6662
-5232
-132
3300
2137
-1582
-5065
-7445
-8697
-7373
-4355
-1658
-118
864
1032
-381
-2847
-4231
-2602
1422
5186
6617
6039
3888
1103
-164
1191
3263
3792
3830
3951
3136
831
-1623
-3398
-4507
-4420
-3257
-2154
-2627
-4622
-6904
-7970
-7720
-6626
-5531
-4238
-4021
-4600
-6802
-7741
-8309
-7447
-7289
1617
17734
25557
14075
-3110
-3822
4580
6225
4476
12564
21461
16384
4785
1865
2856
-5196
-13332
-5590
9848
12116
814
-7094
-8304
-12971
-18236
-12450
-1189
809
-5493
-6118
-794
-1487
-8860
-11495
-5659
350
2928
6704
11222
9487
2003
-1787
1574
5515
6117
6982
10024
11288
8429
3849
226
-2614
-4325
-2664
2157
5208
2893
-2635
-6737
-8536
-8665
-7121
-2862
1536
2266
-376
-2677
-3205
-4252
-4923
-1760
3807
6515
5734
4254
2228
-857
-1888
1213
5367
6799
5730
3974
1800
-877
-2896
-2860
-1626
-805
-1033
-1698
-3145
-5686
-7877
-8091
-6765
-5198
-3952
-2848
-3844
-6009
-8399
-8100
-6981
-6531
-8219
-4773
11188
24861
20028
-432
-8264
666
7463
5131
9458
21151
21057
6876
-1347
2176
446
-9588
-8306
7995
16751
5681
-7733
-10054
-10646
-16205
-14131
-1394
5142
-2436
-9495
-5650
-2127
-7827
-12706
-7147
1441
3803
4087
7385
7823
1137
-4260
-575
6712
9195
8146
8905
9934
7252
2571
186
91
-79
710
3970
6246
3137
-3777
-8204
-8246
-6108
-4297
-1650
1236
1493
-1603
-4961
-5180
-4526
-4107
-1638
3623
6497
4426
1244
-286
-1313
-1441
1566
6059
7729
5988
3250
1052
-686
-1741
-1361
474
1751
787
-1569
-3845
-5663
-6704
-6140
-4632
-3737
-3990
-4856
-5573
-6574
-6353
-6590
-6802
-8142
-8043
-8733
236
16361
24125
10459
-8353
-7237
5124
8885
6162
13832
22591
15735
896
-2225
2601
-1451
-7245
1648
16279
13887
-3515
-13091
-10468
-9808
-11543
-4769
4594
1965
-9179
-11811
-5362
-4366
-9890
-9625
-1412
3714
2280
1648
3346
1063
-3722
-2382
5349
10401
8998
6679
6766
6318
3373
1218
2255
3999
4383
4932
5690
3267
-2673
-7135
-6310
-2703
-337
-107
-612
-1214
-2858
-5221
-6128
-4399
-2562
-1630
644
3296
2493
-1133
-2500
-1096
430
1974
4521
5937
4528
2213
1035
960
1005
826
1263
2040
1486
-832
-3185
-4228
-4362
-3874
-2621
-2318
-4026
-6088
-6704
-5862
-4885
-4449
-5636
-6907
-8547
-8191
-9611
-1995
13816
22993
10243
-9591
-9479
4210
9474
5780
12447
21670
15292
-833
-4397
3151
2019
-3487
3619
16647
13182
-4784
-13631
-8717
-5870
-7614
-2395
5429
1697
-10522
-13534
-6500
-4174
-8561
-7766
-211
3061
-592
-2531
-618
-1253
-3953
-1168
6311
9981
7084
3993
3961
3895
2691
2826
5302
7058
6227
5044
4205
1521
-2554
-4078
-1646
1491
2114
380
-2065
-3937
-4616
-4236
-3031
-1919
-1731
-2068
-1506
-615
-858
-1922
-1561
142
1269
1638
2215
2469
1881
1506
2234
3032
2658
1420
731
843
799
-42
-948
-1332
-1815
-2067
-1888
-2223
-3940
-5688
-5702
-3913
-2781
-3227
-5331
-7119
-8259
-8606
-8483
-8692
2303
16920
20263
1624
-14212
-8474
5641
8269
7598
16743
20644
7711
-6909
-3900
4908
2888
1020
10462
18112
7011
-10008
-12632
-5303
-3214
-2619
4112
7217
-2688
-14445
-12976
-5165
-3996
-5851
-2471
1974
-639
-5980
-5792
-2702
-2868
-2706
2486
7717
6468
1616
120
1476
2393
3419
6084
8124
6938
4010
2697
2413
1057
-174
1062
3487
3903
1697
-1280
-3276
-4034
-2517
-422
722
-717
-2918
-4104
-3608
-2376
-1255
-387
-37
-270
-852
-848
-253
503
1436
2561
3216
2376
782
-371
-126
939
1993
2180
1393
-258
-1894
-2476
-1782
-1117
-1511
-2419
-2943
-2815
-3328
-3970
-4667
-5162
-6194
-6002
-6413
-5743
-8350
-3295
9281
17082
6238
-11131
-10586
2122
8836
6768
12335
17062
8093
-6333
-5637
5599
7296
2969
7339
14401
7765
-7406
-10617
-2772
1008
-207
3760
6545
-1544
-13229
-12938
-3954
-245
-2275
-2100
-676
-3984
-8569
-7019
-1873
-520
-1374
961
3575
1873
-1714
-1505
1228
3070
4209
5840
6031
3651
1280
1565
3257
3593
3144
3327
3659
2696
724
-529
-1554
-1287
792
2865
1904
-1280
-3713
-4430
-3638
-1550
650
670
-655
-1809
-2375
-2603
-1656
286
1804
1932
1379
735
-171
-867
-372
1447
2696
2115
631
-546
-1163
-1283
-455
786
974
-353
-2078
-2948
-3055
-2764
-2588
-2149
-2417
-2958
-4058
-5349
-6198
-6670
-5720
-6735
734
11087
14115
-474
-12330
-6723
4697
6455
5427
12946
14062
2015
-8372
-2041
7078
5033
3234
9790
12625
1234
-9138
-5597
1463
1264
1112
6199
4968
-5809
-12597
-7033
-206
-249
-1649
-190
-1487
-6880
-8557
-3888
78
-724
-823
1363
1198
-1997
-3115
-487
1719
2330
3234
4180
2858
764
427
2230
3509
3512
3295
3278
2453
1379
892
1136
798
1110
3203
3826
1329
-2432
-3340
-2517
-860
973
2089
560
-2240
-3738
-3389
-2040
-305
1397
1791
745
-457
-1258
-1539
-1302
86
1610
1979
845
-550
-1407
-1631
-914
246
1193
1067
22
-1122
-1549
-1292
-890
-947
-1005
-1246
-1797
-2411
-2966
-3339
-3771
-3508
-3770
-3488
-6052
-785
6578
10233
-220
-8532
-5046
2843
3901
3683
10235
9738
-527
-7512
-163
7002
3965
2721
7645
8159
-1155
-5640
-85
3766
1006
805
5228
2935
-4835
-7232
-1609
1252
-550
-625
629
-2057
-6438
-5434
-983
126
-1637
-1187
214
-1199
-3180
-2096
459
406
-424
704
2031
1166
-262
423
1893
1983
1479
1974
2539
1965
975
1305
1679
1568
858
2978
4569
3306
-779
-2355
-972
226
1309
2399
2239
-1293
-3800
-3051
-750
-49
258
857
218
-1512
-2291
-1385
-993
-941
-293
544
111
-1004
-1271
-991
-697
-378
326
648
197
-285
39
613
458
-139
-283
-124
-161
-367
-368
-803
-1431
-2008
-1274
-1361
-1455
-2383
-2260
-4403
-3322
1807
6581
3449
-3895
-4394
-1368
636
215
5529
7382
2283
-4327
-1758
2713
1733
930
4945
6612
1102
-2411
643
2780
372
219
4139
3591
-1278
-3086
141
779
-1094
-649
1534
2
-3344
-3077
-698
-475
-1908
-1077
197
-606
-1883
-1199
-56
-724
-1214
-170
1107
608
44
475
848
285
44
973
1649
1309
719
1052
1180
444
72
725
1715
2178
1865
765
-564
-886
-156
1069
1544
1263
-396
-1603
-1775
-787
-142
241
221
-259
-928
-1270
-889
-637
-480
-403
-278
-225
-217
-221
-339
-478
-363
107
255
227
338
410
261
-31
16
335
527
371
200
-45
-405
-707
-620
456
1218
354
-1397
-1496
-899
-912
-686
52
-262
-1366
-1571
-551
582
937
426
-542
-703
-158
239
610
1306
1150
85
-433
296
916
716
756
1213
1008
-50
-106
933
1171
310
310
1088
830
-69
193
978
626
-215
8
631
368
-1
304
298
-391
-861
-427
64
2
21
235
141
-462
-844
-474
21
294
327
327
126
-371
-567
-371
-86
52
120
190
37
-90
-215
-145
-83
32
136
327
417
609
622
537
356
229
365
470
390
274
277
293
314
151
50
-36
-176
-257
-86
31
53
111
-32
-323
-549
-505
-309
-302
-220
45
185
50
-262
-285
17
284
273
300
397
250
-4
7
214
210
98
187
469
380
34
-131
-108
-179
-295
-97
267
311
-190
-582
-594
-454
-421
-236
116
250
125
-143
-150
-54
-38
-101
117
438
625
467
306
241
251
155
146
295
430
672
687
601
342
69
-62
9
177
426
513
170
-179
-182
-168
-248
-167
47
145
10
-147
-96
-195
-321
-263
3
251
211
213
224
251
226
193
265
341
285
311
312
416
479
258
-8
6
236
382
342
266
314
312
79
-209
-248
-262
-163
70
258
291
-56
-472
-580
-440
-244
14
204
291
191
-55
-255
-239
-79
8
239
538
624
303
-188
-212
67
194
280
374
480
326
42
-88
-84
-51
-59
148
365
542
403
13
-292
-319
-23
139
385
506
410
177
-85
-127
-48
46
224
401
565
414
73
-52
-59
25
60
268
448
456
143
-97
-132
-132
-98
10
108
14
-36
-115
-104
-175
-261
-222
-136
-62
5
76
28
-137
-179
-108
-13
-4
31
250
286
207
129
213
162
66
193
388
629
553
388
388
376
171
51
151
304
393
347
323
138
-45
-221
-184
52
43
-66
-132
-59
-10
-25
-12
18
-38
-59
-59
79
96
31
56
138
129
28
116
275
326
234
96
133
151
-27
-4
318
513
293
-64
-37
87
46
0
225
380
218
-9
-152
-168
-210
-190
19
264
349
367
313
183
-34
-81
141
339
368
472
582
503
214
-62
-14
137
176
308
516
493
210
-4
-15
-91
-170
-135
86
300
239
29
-206
-280
-258
-110
-9
95
97
18
42
67
8
-146
-113
118
388
542
482
303
188
165
288
364
338
229
277
403
425
252
24
-138
-88
-4
105
107
-22
-114
-199
-173
-86
-1
-95
-238
-126
78
51
-55
-116
27
122
19
87
286
299
62
13
283
492
288
203
398
501
340
60
56
204
189
222
338
439
268
-38
-153
-64
26
11
10
31
-10
-32
-44
-108
-338
-323
-40
269
403
291
193
126
2
-21
189
381
504
487
514
536
388
274
200
177
259
399
416
305
197
134
42
-32
-51
-10
48
-10
36
118
54
-59
-74
-27
91
186
247
245
154
169
310
442
315
177
146
210
307
537
678
520
240
107
122
126
157
103
202
215
143
14
-128
-82
-118
-43
61
158
46
-79
-128
10
100
92
112
14
53
141
209
255
347
336
329
404
443
479
404
404
447
484
478
446
362
267
251
257
207
141
108
191
211
137
73
19
-39
-225
-280
-134
132
241
131
17
-80
-158
-122
19
134
279
438
419
381
295
166
226
409
444
463
444
315
236
131
200
307
279
114
74
116
91
34
-18
-8
-22
-60
-24
97
111
122
149
223
270
179
171
341
408
351
316
372
351
313
369
406
474
374
267
189
170
238
331
330
274
137
-40
-73
-5
92
60
106
123
79
14
281
740
870
485
62
-310
-866
-1049
-674
-131
237
733
989
684
176
-27
-28
116
366
689
784
538
418
336
34
1
187
309
369
471
246
-131
-133
-6
42
84
253
255
47
-31
17
98
309
215
141
120
106
212
323
366
291
249
378
444
374
337
401
452
271
167
185
230
143
29
83
215
39
-83
42
141
40
29
144
138
-92
-84
265
389
284
327
412
379
207
57
258
412
502
548
641
485
151
-81
44
182
187
345
475
467
245
167
-40
405
1002
901
-27
-446
-394
-1096
-1070
-325
828
1357
1612
814
-131
-1018
-1274
-927
-61
388
834
1175
884
187
-142
-44
-337
-208
293
739
434
487
528
326
-93
52
117
-20
-92
42
328
313
205
86
-5
-466
-498
-172
200
40
724
1879
2055
1045
298
-127
-828
-917
-357
299
397
629
572
457
166
90
48
99
51
195
373
324
207
191
96
-12
197
457
532
219
-37
-65
139
255
406
447
315
102
58
73
164
295
426
444
324
130
-10
26
158
303
383
376
337
208
130
54
-24
59
240
237
106
170
195
59
-113
-50
31
128
226
379
275
237
154
126
236
221
282
289
482
476
456
469
403
253
85
102
172
398
425
326
291
180
34
-29
42
21
42
76
94
151
45
-186
-143
58
110
130
207
362
425
459
317
234
176
69
45
107
230
202
328
329
295
311
337
375
217
170
85
222
280
192
113
204
224
-23
184
317
300
177
287
372
224
239
213
184
141
151
176
169
183
301
326
293
140
73
-24
49
232
391
406
262
169
37
3
-192
-96
232
463
430
248
161
-142
-187
-45
100
14
153
265
339
520
152
106
111
195
137
338
364
248
424
485
274
92
258
190
175
344
531
322
164
230
125
-129
-112
12
197
193
301
343
162
42
19
-16
-147
-60
83
220
353
424
100
123
258
24
38
360
732
451
127
42
113
-124
164
616
678
142
251
490
281
-16
-20
21
-85
51
197
410
299
256
15
315
363
264
315
495
526
133
700
1093
945
578
361
76
-580
6
252
139
266
698
384
-212
-190
-197
-185
-245
-77
225
435
69
55
374
275
-280
-247
205
-21
-290
41
554
465
523
739
579
75
-108
183
383
376
451
688
671
368
88
-90
-228
-329
-235
106
403
379
316
213
-17
-205
-112
-29
-141
-102
161
355
301
434
412
237
107
289
269
233
348
425
445
462
354
241
358
251
68
135
431
365
171
155
71
-202
-128
179
265
43
86
30
-20
99
165
309
508
591
164
56
85
155
310
563
547
518
425
315
186
147
262
217
417
550
677
850
688
438
424
489
482
466
912
740
402
-117
-501
-959
-989
-393
-135
-370
-257
443
177
-497
-788
-325
-173
-184
244
683
677
748
765
640
249
122
580
804
888
574
559
455
306
57
-22
108
-9
-454
-217
272
41
-159
99
-231
-468
95
118
-163
-54
276
165
171
438
285
404
425
323
59
-107
166
265
626
711
549
-2
-309
-156
375
724
414
250
316
253
-28
24
138
2
-5
5
374
451
169
143
-36
-243
-203
172
291
598
1230
796
-77
-351
-156
-357
-4
930
710
625
1020
675
-472
-745
-381
-76
305
622
721
918
469
-13
-281
-560
-363
226
419
300
436
471
389
422
-101
-70
303
231
256
642
825
-66
351
252
-686
-1079
-73
394
374
825
756
183
-452
-559
-241
-183
-135
458
933
276
-66
97
-72
-337
-1
155
375
480
357
402
239
-452
-576
419
412
341
727
520
-235
762
767
-279
-325
-153
-163
289
790
281
197
-355
-1039
-521
570
235
846
1072
237
283
752
183
-579
112
356
476
1231
1612
608
-43
-717
-1083
-575
791
862
438
101
499
186
55
-75
13
359
489
786
287
-412
-457
116
236
107
387
673
574
252
-229
27
312
89
58
867
840
-218
-416
-45
51
-129
332
299
83
468
247
129
102
-331
-115
510
457
633
580
-99
-270
343
-170
-267
552
440
253
581
391
-156
-495
-445
-71
411
-123
-158
541
463
353
597
627
86
-31
-217
423
1557
829
-757
-289
1321
442
-254
49
83
-217
349
843
373
22
-559
-194
-183
384
712
1098
774
171
60
-379
-678
-481
642
882
1419
1447
912
-202
-456
-982
-1125
375
638
910
1387
685
-1095
-548
27
-272
-153
1066
577
336
1381
711
-657
-1008
-41
-303
-243
470
593
834
836
-201
-1052
-366
247
224
154
1477
1285
235
-141
41
-438
-539
272
1007
557
216
235
419
364
263
202
-236
131
340
865
769
188
-461
-639
73
138
590
646
469
241
-34
228
-228
-493
-375
729
1204
1248
621
185
-900
-825
-1102
56
911
1646
1154
-100
-172
8
359
-345
74
900
1285
412
-134
232
-439
-865
-176
548
-144
-59
749
1143
335
-366
-890
-210
309
478
676
734
859
307
71
-120
262
168
214
249
342
-296
-127
564
952
-8
-541
-88
-66
389
491
-297
-368
855
631
-371
13
597
-282
-231
140
-300
607
928
694
133
306
-231
-9
202
452
581
-187
173
542
-319
-298
1050
483
-562
72
387
-344
124
1098
543
691
636
189
-209
-203
-297
-136
737
47
52
977
412
-362
-461
-496
-717
243
1031
554
481
710
468
-229
-277
-393
-303
-386
832
1585
910
-259
-656
-62
-180
56
-90
18
197
217
759
909
478
-311
-442
-359
-314
232
479
501
481
648
617
47
-294
-46
-46
-523
130
624
863
1084
537
-206
-147
-207
-288
975
1161
-257
-22
541
107
-521
295
992
4
-227
378
801
-61
-297
678
774
404
591
456
-417
-5
-324
185
717
997
-25
-13
880
227
-381
-578
-238
348
486
183
-165
-264
-111
-293
629
629
-585
77
964
661
249
741
266
-555
14
286
299
383
263
-59
-27
873
1350
154
-1036
-873
-68
743
1168
1343
324
-430
-786
-479
-264
428
526
433
678
730
419
480
537
-305
-600
-215
79
477
896
721
494
-188
12
-671
-370
698
1075
-40
-729
363
534
31
416
-38
-161
299
314
-140
-221
638
367
463
645
125
112
35
104
-168
-188
952
741
-45
-174
-41
1
-80
348
595
128
218
1030
1224
-67
-1008
244
150
-726
45
1473
331
-543
703
865
-771
112
1132
-305
-576
455
884
55
403
-239
-631
257
299
251
-54
476
280
97
-221
-435
-13
69
-216
85
273
313
840
450
-971
134
984
115
-583
547
148
-892
539
1083
383
94
155
-273
-403
182
496
133
64
736
1068
235
85
354
-167
-339
-791
-155
448
879
855
520
-120
-826
-181
130
792
-67
-324
4
302
386
466
922
49
-500
-326
90
607
181
-137
-93
458
905
1327
631
-535
-798
-197
312
216
469
234
366
88
435
346
-81
-153
-331
-137
-136
-6
1020
1259
280
-485
-280
-680
-605
139
481
-65
761
1609
807
53
-64
-790
-688
515
637
-142
318
760
69
-231
-226
124
242
-393
-578
524
844
579
-129
-51
-255
434
185
-323
-253
537
729
418
401
-168
-125
-38
538
838
236
19
577
385
-1116
405
1283
194
-332
10
-132
-244
558
492
-371
133
904
977
-352
-629
-182
20
504
324
542
90
491
444
712
226
-415
-700
-19
831
837
591
-14
-256
199
329
-226
-233
211
282
93
882
611
595
166
-194
-561
-80
554
313
-94
-14
398
293
174
-52
-76
48
14
406
265
95
-57
682
480
53
-393
-228
251
360
779
210
7
-602
-256
1
693
204
-212
-69
-37
9
-30
408
-430
-356
723
887
614
381
276
122
-76
8
321
875
327
-91
239
644
-95
-350
-236
-205
55
960
1078
230
-636
-409
124
-42
227
711
671
56
642
458
-314
-765
174
634
182
263
422
625
-152
-871
-937
-397
-276
-19
388
423
389
245
-132
-154
-66
953
1102
45
-788
360
572
49
663
718
-224
-830
-329
-237
355
1058
473
125
403
422
-107
-809
-737
-210
500
889
523
227
423
370
-101
18
-32
-572
65
694
400
253
870
437
-929
-915
312
868
62
-422
80
174
48
361
347
-292
-347
1055
257
-499
-745
168
662
820
670
-502
-475
-81
301
795
438
155
-62
-224
417
452
383
-508
-208
254
167
558
622
-61
-1408
-459
1136
725
343
647
269
-573
-813
-7
211
401
226
240
206
172
-19
44
532
-140
-720
122
900
65
335
1323
377
-818
701
843
-351
-491
-46
-299
-30
1171
367
-169
385
212
-335
-317
531
-259
-480
429
1066
666
24
-144
-117
-457
-874
-434
539
618
-49
73
265
154
303
970
312
-956
-993
254
945
276
-70
-100
-142
-229
-5
179
512
311
-15
104
647
112
-235
43
273
-134
585
144
-699
-329
853
441
-130
443
89
473
206
-263
-344
571
-151
-717
-46
553
575
395
266
-350
-412
126
56
-136
11
797
968
452
57
-594
-322
99
443
-142
190
479
-322
-501
269
758
-629
-191
482
-97
-632
-236
75
162
444
54
-678
-56
361
370
894
424
-528
-4
824
-301
-819
592
661
-770
-115
1246
178
-826
433
461
-627
-280
1139
568
6
-125
-835
-801
-57
777
645
268
129
159
295
-397
-808
4
849
406
-237
42
-333
-362
205
277
169
437
501
34
-356
-217
43
374
151
407
-281
-768
6
250
-127
-54
476
-989
-745
724
844
43
327
518
-429
-371
-65
-23
336
493
168
8
-34
138
313
198
-373
-66
991
75
86
851
147
-1152
-392
577
-419
-380
145
162
18
-106
328
507
288
-308
90
-78
-369
316
829
267
-384
-633
-366
355
39
128
59
-112
303
764
324
-813
-340
348
221
205
206
427
305
-592
-655
29
627
73
15
760
18
-749
-448
710
189
-921
-295
807
370
-491
407
594
266
53
368
-11
-511
59
311
538
105
381
680
428
47
-663
-388
74
614
544
382
-169
-315
386
699
-114
-532
343
238
-187
78
777
279
-599
-257
343
-169
-167
205
652
426
-314
-465
-326
557
259
429
523
-360
-455
310
544
-259
-166
574
210
305
345
-80
-319
-334
-362
-24
788
258
316
451
-132
-994
20
215
-242
-228
357
506
148
877
432
16
-238
139
190
237
-421
-435
417
671
-76
365
599
-367
-722
119
598
45
139
532
-18
-177
585
222
-172
-39
68
-176
285
566
107
149
293
-115
-177
-249
-537
28
1035
585
-572
-382
417
584
369
19
-78
-197
-431
94
495
290
-505
259
933
308
-171
-701
-720
1
655
635
55
217
-57
-426
-769
-290
409
506
767
704
249
-665
-592
-108
-227
136
832
541
-313
690
510
-457
-517
188
369
273
1031
451
-562
-995
-5
96
-47
356
844
88
-529
41
-164
-646
-286
728
780
146
131
-29
-352
75
526
298
-25
57
182
360
77
-156
415
549
-133
-129
674
400
-487
-30
681
9
-421
192
586
48
-180
-81
520
38
146
463
832
102
-17
856
245
-466
-511
730
708
64
-74
171
-73
-385
112
844
702
195
425
117
-437
-337
315
239
-489
-139
868
1214
-328
-808
-53
591
-86
-223
10
-117
299
537
320
-759
-385
318
443
165
-122
570
521
280
-237
-188
-585
-325
818
344
6
-269
129
-209
250
629
428
-128
-122
176
195
133
491
506
180
-553
99
675
-165
-272
494
372
-613
633
706
-326
-465
201
87
313
768
448
-68
-479
-548
-13
857
