130
65
45
44
43
45
128
148
143
134
103
102
68
58
33
68
115
108
115
178
101
78
161
72
64
147
188
157
140
124
54
111
149
160
139
143
124
134
133
101
48
56
122
126
130
180
150
143
153
148
106
69
80
115
131
136
131
147
143
111
208
217
211
156
142
140
61
100
86
108
154
137
183
177
133
113
135
193
212
191
202
197
248
182
105
101
78
184
209
142
130
139
129
110
103
129
124
113
140
92
222
168
145
191
179
168
90
95
107
159
108
132
129
153
195
199
230
209
222
233
219
222
226
170
131
121
182
126
119
101
152
230
217
174
134
192
177
190
138
133
179
145
183
207
213
176
222
288
306
215
202
207
128
163
169
212
264
218
178
167
146
166
173
193
180
193
188
163
183
208
222
148
164
185
167
180
164
201
189
194
163
122
144
190
176
178
233
173
152
96
92
133
181
199
225
189
165
210
217
246
189
187
227
244
270
237
205
212
157
182
166
139
224
218
181
160
221
187
151
145
218
253
224
223
195
152
171
228
229
246
238
234
231
218
208
157
166
216
220
270
196
190
211
187
182
152
236
289
211
217
241
242
200
192
171
186
181
181
172
135
155
144
127
116
203
217
195
168
196
283
199
301
231
168
217
166
166
173
176
221
244
232
227
236
288
230
217
245
211
187
141
144
176
227
203
199
167
159
177
219
231
207
260
204
213
304
262
279
274
215
227
211
203
202
164
155
189
234
205
115
145
137
127
135
106
169
141
156
186
214
226
172
175
169
161
140
152
145
189
226
259
236
227
268
208
141
115
148
137
137
144
198
165
113
186
185
233
216
195
183
197
202
200
210
167
169
192
191
159
190
202
178
227
158
143
178
230
239
209
257
214
153
202
192
156
146
150
224
201
155
204
251
235
248
199
191
211
185
178
158
196
168
183
222
216
207
163
146
157
129
195
225
166
170
116
191
247
203
177
196
162
174
207
222
170
170
234
152
184
194
167
179
191
180
198
200
193
230
219
155
213
236
203
165
154
172
200
264
206
166
158
168
174
134
112
128
212
177
222
216
243
221
162
181
177
226
200
195
149
172
127
213
206
158
194
169
188
172
201
198
159
143
156
147
142
117
145
130
152
164
114
149
117
135
140
136
173
140
141
167
152
161
158
199
221
210
235
199
182
140
186
192
137
124
197
181
175
154
155
162
160
204
173
121
167
139
133
199
209
222
164
140
114
107
154
175
143
88
149
135
122
142
114
164
115
88
197
197
150
185
134
144
147
153
192
188
203
194
159
131
142
96
102
170
248
219
200
200
144
149
135
148
153
194
166
157
209
205
162
119
185
165
162
178
250
250
215
273
242
161
164
167
171
231
248
221
176
119
159
220
162
161
128
156
209
177
182
212
199
131
148
183
189
193
144
152
148
142
136
149
156
158
200
233
229
234
208
182
152
157
194
149
121
118
120
100
135
179
220
189
157
184
180
178
151
121
157
121
170
141
131
138
138
156
125
164
127
116
96
76
133
154
148
129
167
175
108
122
132
116
209
221
166
198
151
141
142
184
152
124
100
108
106
145
186
169
192
133
142
173
215
193
137
124
154
168
158
157
195
181
181
132
108
129
150
197
163
238
199
176
169
171
131
131
225
172
166
179
169
146
163
145
160
214
188
175
172
205
265
214
153
163
128
141
193
198
192
221
231
274
230
192
185
190
212
159
158
174
192
168
177
183
157
129
173
206
162
169
156
121
167
174
136
124
133
173
161
190
223
188
150
99
123
125
121
210
189
184
156
144
179
143
172
176
171
223
169
156
160
103
131
132
167
186
171
176
267
262
206
202
130
123
178
194
176
164
195
146
184
226
163
170
218
195
209
227
202
198
172
200
162
137
167
149
159
128
130
157
159
203
173
142
161
174
125
70
53
113
160
192
201
155
136
198
197
166
159
119
117
133
161
165
160
141
89
110
112
107
122
104
69
97
110
181
203
123
97
122
124
149
160
194
194
197
260
229
226
203
166
162
110
152
157
226
258
198
192
178
186
185
186
154
144
148
153
144
135
164
115
130
142
113
147
149
172
162
130
128
169
169
145
143
139
137
66
161
195
234
198
164
132
112
164
143
198
188
207
198
217
246
233
184
164
115
133
176
172
200
180
128
190
173
164
184
169
184
152
179
142
149
144
145
150
164
145
134
189
187
222
179
135
192
183
154
108
147
156
115
144
175
174
166
168
105
111
177
127
190
181
74
69
92
119
86
103
129
107
116
84
57
68
116
108
92
103
86
103
120
125
173
147
105
88
87
135
109
115
104
107
79
78
115
89
114
116
146
120
95
116
83
76
81
57
49
71
36
61
77
53
80
17
14
63
64
105
83
25
59
84
29
78
157
114
101
130
169
159
122
179
133
125
121
109
95
102
121
83
60
33
73
94
107
77
105
128
112
115
76
98
104
111
50
106
93
86
94
53
71
60
106
159
128
126
122
85
134
54
57
22
17
68
82
168
81
78
39
12
61
28
38
50
55
24
-28
1
47
95
139
60
82
100
95
56
69
99
56
97
48
0
36
52
52
58
59
-20
-51
-7
5
23
67
108
90
70
10
36
97
103
84
1
73
61
81
23
4
-1
-13
37
65
108
77
84
63
39
31
31
-5
50
50
-6
29
-21
16
6
20
37
46
46
44
-21
-26
18
-22
13
6
48
64
43
49
81
104
91
85
99
117
17
55
90
87
72
102
132
10
38
9
-46
-6
-7
19
59
46
1
-81
-49
-79
-32
18
0
-21
-5
29
-22
55
-13
3
40
18
43
-6
0
-36
-11
-44
-13
36
33
49
27
72
75
25
-21
25
52
49
54
54
51
45
10
28
48
64
75
18
6
-4
-7
-15
6
48
55
64
61
16
-13
-24
-10
-1
51
26
18
34
42
28
60
32
-7
97
45
45
5
8
44
50
89
61
84
56
37
34
34
24
49
-9
-22
7
-17
-8
34
101
21
6
33
42
-46
-70
-6
4
17
37
32
61
50
31
7
-14
11
-83
-98
-11
-46
-29
18
13
10
43
111
62
27
4
33
7
-75
8
20
-40
-61
-73
-63
-112
-45
-16
24
-1
-21
-35
18
35
-5
35
30
31
26
24
-11
-2
-8
-28
0
-8
12
31
-29
27
48
-13
-10
-9
26
40
34
0
-45
-53
-47
-55
-55
-96
-55
-20
-44
-67
-52
-56
-36
21
10
10
28
-1
-29
21
30
21
28
-3
26
73
40
-29
-6
26
-21
-48
-32
-35
-50
3
23
-11
-14
-4
-14
-16
-24
4
18
19
6
61
13
-28
20
6
27
26
59
54
37
51
16
-8
-1
21
3
-1
26
13
5
37
7
32
50
37
-16
-75
-9
-14
-3
22
27
23
-22
-40
-1
-22
-9
-33
-9
26
-3
-9
19
26
-17
42
59
-14
36
-2
-7
25
-16
-29
-80
-91
-71
-30
-35
19
42
-23
-80
-12
-17
-119
-30
-46
-57
-26
-54
-20
-10
-15
-58
-47
11
13
27
35
31
16
0
-31
-57
-29
-17
-60
-5
-92
-87
-51
-81
-60
-7
-13
-60
-12
26
22
-13
11
-3
-21
-24
10
10
-18
-47
-13
2
-13
-45
-52
-6
33
-49
-53
-15
-24
-33
-28
-64
-104
-68
-92
-40
-1
-26
31
30
47
-6
-60
-66
-53
-48
-30
28
-35
-49
-46
-62
-29
-36
2
26
22
41
6
-57
-79
-87
-100
-66
-39
-45
-82
-84
-84
-107
-77
-35
-42
-63
-96
-73
-38
-70
-57
-60
-61
-65
-39
-20
-58
-56
-44
-41
-36
-49
-35
-49
-38
-62
-53
-104
-60
-50
-66
-17
9
6
25
-38
-95
-1
-21
-21
-83
-102
-59
-14
-4
-26
-22
-79
-77
-76
-46
-92
-37
-69
-102
-59
-103
-108
-108
-91
-142
-145
-77
-54
-86
-82
-96
-82
-61
-142
-83
-110
-56
-73
-94
-57
-68
-93
-94
-63
-70
-105
-119
-90
-99
-109
-74
-95
-144
-94
-103
-54
-91
-120
-40
-57
-95
-75
-73
-91
-107
-99
-64
3
10
-29
-31
-41
-27
-20
-34
-51
-84
-75
-48
-15
-37
-55
-13
-30
-3
-2
-36
7
-16
-108
-64
-65
-81
-50
-23
-19
-51
-41
-50
-69
-65
-13
-60
-53
-32
-19
-87
-25
-8
-41
-35
-23
-47
-27
13
-28
29
59
22
-34
-42
-83
-93
-47
-78
-45
-45
-73
-9
-20
-33
-67
-73
-65
-17
29
75
64
49
48
-55
-53
-61
-61
-61
-34
7
2
-37
-32
-20
-34
-48
-25
-1
-33
-2
10
-4
11
33
17
-26
10
-7
-67
-63
-52
-31
-36
-14
39
-23
-72
6
5
-37
-44
-16
0
12
25
20
-25
-42
-63
-101
-77
-63
-72
-79
-75
-92
-113
-119
-52
3
28
15
-81
-64
20
20
-17
-51
-39
51
38
12
-17
13
-36
-27
-18
-36
24
-27
51
-12
-45
-12
-21
-32
-34
16
8
46
-7
-5
-47
-30
6
-34
-61
-88
-123
-68
5
18
-30
-5
24
5
144
102
81
78
54
85
46
38
34
42
-20
-43
0
3
48
56
36
24
24
12
17
0
-19
-46
-61
-3
33
8
4
-3
-4
-107
-102
-13
-19
0
13
-15
-108
-80
-64
-55
-36
7
16
-33
22
-13
-11
-16
-60
-52
-27
-26
-1
36
15
12
11
-10
1
-1
-14
-35
-59
-55
-57
-69
-37
-70
-37
-57
-84
-48
-40
-51
-33
32
-15
-18
15
-38
-100
-91
-95
-128
-71
-18
43
82
59
28
37
7
-25
-47
-30
7
4
1
2
21
36
-37
-75
-89
-111
-60
-82
-61
-62
-69
-49
-7
-2
-59
-83
-48
-36
-17
-19
-45
25
14
4
-57
-14
-15
-71
-57
-26
0
-19
-9
-30
-14
21
14
22
25
33
-16
-50
-37
-27
30
48
26
33
31
142
1498
3581
3943
1753
-1241
-3296
-3656
-1046
1939
2770
2632
2089
532
-1593
-2445
-2341
-1139
1837
4647
4264
1242
-1086
-1517
-1303
-761
-455
-675
-123
483
227
-659
-1295
-993
-677
-712
-795
-1022
-714
454
1278
1045
177
-581
-1048
-1156
-977
-670
90
1054
1061
123
-440
-239
18
-127
-301
-499
-624
-329
300
273
-316
-1000
-1498
-1505
-1374
-1364
-1394
-1521
-1660
-1675
-1495
-1343
-1239
-1109
-1106
-807
-609
-476
-98
193
585
915
909
755
389
58
-4
223
332
195
-148
-333
-452
-461
-447
-567
-809
-1004
-947
-777
-462
-180
-170
-203
-341
-539
-852
-1441
-1585
-492
1695
2460
1770
1046
319
-714
-1205
-888
-366
-405
-1258
-1386
-1797
-2246
-2055
-2239
-2793
-2725
-1936
-1235
-639
7
321
426
182
96
60
50
-197
-549
-856
-1024
-1030
-1200
-1320
-1144
-938
-606
18
322
608
685
4051
6789
7077
5578
3662
3328
3852
4392
3767
4092
4781
4506
3761
3588
4156
3917
1883
669
-17
-124
160
637
777
551
-51
-1162
-1799
-2428
-2599
-2954
-3337
-3075
-2846
-2965
-2446
-2005
-2317
-2636
-2518
-2585
-2088
-1361
-404
886
1813
2636
3414
3618
3832
4629
4907
4426
3504
2671
2075
2089
2157
1719
823
121
-417
-965
-1104
-1112
-1543
-2010
-2019
-2111
-2244
-2223
-2504
-3266
-4084
-4469
-4556
-4624
-4543
-4618
-4995
-5409
-5523
-5334
-4755
-3793
-2688
-1634
-559
203
487
821
1167
1382
1042
533
157
-202
-729
-990
-1738
-2544
-3193
-3261
-4029
302
8145
10121
7913
3769
2051
2879
4480
3584
3438
5539
6683
6188
5553
7633
9295
6400
2606
346
-542
328
1375
1625
1653
1982
606
-856
-1929
-2008
-2589
-4662
-5759
-5931
-5439
-3628
-1915
-1870
-2355
-2796
-3804
-4186
-3445
-2434
-1503
-1359
-679
390
1577
3087
3663
2843
2068
1716
1422
2056
3092
3834
4222
3883
3332
3181
3337
4467
5229
4252
2920
1505
386
123
161
-418
-1045
-1838
-2383
-2288
-2101
-1786
-2095
-2838
-3025
-2836
-2437
-1739
-1524
-1973
-2436
-2868
-2949
-2508
-2104
-1723
-1580
-1595
-1321
-911
-632
-438
-703
-1315
-1881
-2292
-2104
-1428
-1384
-1817
-2418
-2956
-2967
-2916
-3351
-4379
-5267
-5867
-5464
-5771
-5408
-4904
1562
9200
10600
8395
5024
4221
4483
4605
1994
1575
3532
4563
4794
6009
9764
11881
8709
4590
1996
1128
1126
932
203
535
1506
702
193
118
750
-787
-4450
-7070
-7849
-7109
-5661
-4465
-4221
-3549
-2928
-3452
-3158
-2415
-2094
-2822
-4143
-3836
-2178
93
2307
3640
3808
3874
3974
3490
3745
3961
3665
3077
2547
3140
4342
5415
5983
7380
8116
6597
4233
2111
732
-592
-1433
-2314
-3000
-2458
-1540
-1173
-1339
-1156
-1782
-2970
-3445
-3458
-3454
-3506
-3322
-3456
-3402
-2446
-1651
-1780
-1907
-1582
-1843
-2311
-2140
-1688
-1396
-1192
-745
-432
32
410
101
-1002
-2132
-3285
-4568
-5684
-5991
-6144
-5991
-5608
-5649
-6612
-7758
-7919
-5309
2749
7212
6979
3954
2791
4340
5639
5349
3614
4482
5410
5035
4541
6996
10845
11121
8231
5574
4434
4152
3033
1283
-81
206
-242
-1097
-613
1054
2144
-239
-3382
-5032
-5496
-5496
-5560
-6038
-6178
-5256
-4634
-3799
-1834
-279
-261
-2080
-3354
-3053
-2291
-1272
-383
128
784
2133
3344
4502
5661
5610
4539
3022
2339
2659
3241
3499
4147
6942
7947
7072
5951
5050
3426
1413
-296
-2672
-3750
-3372
-2769
-2674
-1817
-269
-452
-907
-726
-1274
-2699
-3848
-4624
-5784
-5583
-4431
-3591
-3108
-1749
-276
-457
-743
-654
-1237
-2433
-2948
-2805
-2679
-1771
-712
-202
-202
-22
-312
-1555
-2648
-3411
-4662
-5879
-6455
-6646
-6968
-6885
-6284
-4060
2862
6777
6689
4334
3002
3690
4130
3186
1678
2904
3754
4389
4811
7673
11908
12059
8765
6181
5152
4408
2843
405
-1192
-1370
-2287
-2603
-909
1555
2772
531
-1909
-3019
-3666
-4964
-6115
-7063
-7611
-7181
-6587
-4606
-1677
165
141
-1019
-1405
-1125
-1347
-1705
-1648
-1719
-1692
-287
1626
3949
5676
5854
5350
4446
4149
3678
3057
2181
3021
4890
5171
5500
5978
6183
5061
3786
1968
-254
-1741
-2777
-3670
-4330
-3302
-2273
-2045
-835
415
306
-770
-1606
-2889
-4568
-5560
-5931
-6183
-5997
-4365
-2970
-2133
-767
149
-41
-754
-1047
-1605
-2202
-2185
-1921
-1633
-1201
-366
17
-241
-266
-656
-1800
-3560
-5296
-7367
-8497
-9856
-11186
-10956
-5200
3462
5612
5375
6387
8383
9577
9924
6796
4193
3457
1893
298
951
5720
8947
8178
7325
8140
8658
7567
4728
1508
-752
-2598
-4519
-4370
-2049
712
679
-982
-667
336
-374
-2309
-4306
-6535
-8000
-8771
-8445
-6195
-3601
-2138
-1875
-1219
646
1783
1413
360
-772
-2104
-2529
-1993
-749
1144
2469
3383
4114
5273
6556
6539
5520
4839
5156
4750
3731
3473
3360
3133
2588
2283
1749
1364
969
-220
-1577
-2242
-2337
-3007
-3229
-2569
-2232
-2287
-2353
-2128
-2452
-2991
-3533
-4470
-5146
-5210
-4825
-4863
-4404
-3295
-2409
-1771
-919
52
433
431
259
-218
-887
-1379
-1921
-2611
-3173
-3620
-3995
-4320
-4473
-4758
-6191
-7097
-6584
-7567
-6872
1368
7054
6839
5266
7054
9370
9640
8413
4960
4055
2794
1227
-133
1441
5592
6444
4558
4557
6961
8371
7568
5425
3263
1974
-514
-3092
-3482
-2076
-814
-2757
-3885
-2125
-85
-337
-1600
-2780
-4158
-5110
-6713
-7025
-5604
-4589
-4748
-5177
-3482
-442
1179
1137
1120
1101
447
166
-45
456
1043
767
566
1499
3523
5204
5579
5525
7432
8017
6727
5794
4898
3680
2209
729
-536
-893
-736
-937
-1479
-1113
-11
-327
-1162
-789
-988
-2066
-3236
-3918
-4326
-4647
-4929
-5159
-4938
-4204
-3342
-3382
-3225
-2202
-1985
-2386
-2256
-1746
-1402
-1317
-1122
-696
-280
-81
-144
-572
-912
-1603
-3310
-4246
-4780
-6746
-8388
-8329
-7354
-8154
-7588
-2207
3216
7152
7465
7042
9352
10588
9155
4882
2085
2604
3089
746
179
4503
7334
5906
4778
6668
8714
8829
6778
4095
2810
980
-2266
-3784
-2984
-1374
-2541
-4746
-3291
-61
749
-540
-1474
-2409
-3486
-5410
-6765
-6131
-5310
-5730
-6691
-5569
-2002
572
726
953
1947
1877
1234
770
940
1148
241
-715
-274
1632
3689
4454
4492
6856
8519
7847
7161
6551
5196
3342
1263
-468
-848
-1234
-1876
-2393
-1828
-239
84
-355
158
235
-987
-2313
-3129
-3927
-4748
-5813
-6301
-5953
-5058
-3942
-3547
-2970
-1666
-1298
-1786
-1638
-1272
-1540
-2039
-2104
-1521
-858
-504
-807
-1460
-2019
-2362
-3996
-5532
-6335
-6626
-6441
-6297
-4217
-4052
-5797
-4093
2007
4902
5439
6590
7664
9996
11974
9124
5219
4604
3023
784
-1567
517
4657
4267
2787
4752
8150
9050
8129
6172
4988
3894
374
-2835
-3438
-2383
-3138
-6224
-6188
-2541
-324
-1007
-1352
-1094
-1419
-2719
-4724
-5024
-4876
-6001
-7835
-8028
-5270
-2244
-1442
-990
1256
2826
2770
2768
3176
3362
1843
-185
-680
250
1496
1926
2068
3936
7325
8353
7977
8292
8041
6195
3621
1817
384
-1373
-3201
-4225
-4132
-2759
-1439
-1286
-529
972
1068
-69
-824
-1471
-3232
-5535
-7039
-7292
-7160
-6803
-6036
-5076
-3247
-1386
-643
-111
621
507
-604
-1451
-1530
-1711
-2459
-2936
-2502
-2093
-1716
-1595
-2242
-2757
-3276
-4344
-5688
-6158
-7868
-9177
-8281
-2015
3545
4649
4669
5289
8126
10449
10470
7921
7085
5841
3205
-5
-273
3306
4042
1625
1433
4920
7401
7577
6714
6316
6136
3768
411
-992
-1122
-2219
-5978
-8002
-5545
-2858
-3057
-3358
-1766
-654
-859
-2122
-2085
-1747
-3291
-5959
-7592
-6520
-4435
-4069
-4295
-2116
461
1339
2151
3813
5161
4444
2293
1426
1665
1650
822
166
1568
3870
4810
5280
6876
7961
7391
5792
4270
3350
1603
-1055
-3155
-3932
-3752
-3797
-3808
-2420
-480
85
60
598
877
-253
-2600
-4379
-5489
-6547
-7579
-8092
-7619
-6066
-4558
-3443
-1532
650
1555
1262
937
857
145
-1580
-2903
-3556
-4044
-4286
-4388
-4417
-4052
-3669
-3800
-3611
-2889
-3711
-6034
-7973
-3040
2160
2999
2791
3219
6488
9198
9792
7633
7699
7578
5560
2799
1612
4135
3685
731
333
3547
5764
5598
4966
4841
5391
3955
1611
875
772
-376
-4295
-6999
-5437
-3636
-4707
-5556
-3969
-2676
-2608
-2991
-1937
-764
-1852
-3928
-5134
-4350
-3062
-3559
-4484
-3235
-1239
-839
4
2037
3904
3866
2652
2907
3706
3639
2543
1913
2908
3768
3724
3826
5009
5811
5326
4402
3695
3706
2396
125
-1478
-1908
-2409
-3591
-3914
-2977
-2006
-2116
-1845
-764
-426
-980
-2212
-3063
-3589
-4424
-5542
-6371
-6179
-5468
-4928
-4292
-2566
-804
-153
288
1036
1606
1121
100
-1055
-1942
-2691
-3472
-4330
-5387
-5975
-5429
-5424
-5529
-2856
-2687
-4367
-5450
-983
2677
1269
103
1002
4929
7750
8229
5548
5553
6278
5226
3097
3075
6031
4794
1355
1282
4773
6336
5756
4984
4777
4714
2700
775
528
455
-977
-4556
-5944
-3636
-2464
-3989
-4566
-3027
-2551
-3017
-3338
-2109
-1488
-3177
-4774
-5131
-3850
-2804
-3495
-3964
-2290
-636
-636
398
2435
3643
2778
1792
2663
3534
3093
2682
3480
3667
4073
4367
4699
5528
5704
4667
3288
3129
3005
1387
-752
-1381
-1599
-2828
-3114
-2337
-1745
-1751
-1851
-1232
-798
-924
-1771
-3000
-3975
-4287
-4896
-5826
-5679
-5118
-4948
-4381
-2961
-1430
-693
-497
-17
644
594
84
-744
-1904
-2682
-3563
-4113
-4238
-4430
-4990
-5009
-5283
-4778
-4462
-5005
-6696
-3562
1945
2116
2247
2509
5134
8053
9249
6852
5735
6986
6042
4123
1932
4041
5219
2625
918
3436
6213
5890
4977
4497
4968
3802
1338
616
561
-335
-3357
-5953
-4633
-2835
-3637
-4984
-3704
-2510
-2616
-2884
-2134
-871
-2142
-4093
-4815
-4052
-3104
-3448
-4209
-3309
-1303
-860
-132
1896
3535
3483
2353
2802
3978
3708
2688
3125
3873
3897
3969
4210
5152
5447
4798
3716
3194
3300
2156
-1
-1223
-1267
-2295
-3391
-2984
-2189
-2063
-2308
-1743
-887
-924
-1573
-2276
-3105
-3785
-4362
-5305
-5645
-5254
-5159
-4920
-3789
-2083
-973
-643
95
1077
1229
715
240
-749
-2002
-3113
-4140
-4718
-4768
-4641
-4542
-4702
-4141
-4310
-4890
-6667
-3367
1088
1139
962
1458
4141
6132
9136
8329
7311
6640
4911
3055
1686
4638
5009
2320
1251
4328
6600
6029
5215
4960
5200
3503
1362
882
449
-862
-3990
-6202
-4587
-2998
-4050
-4963
-3349
-2448
-2820
-3066
-1888
-998
-2700
-4376
-4507
-3506
-2999
-3434
-3893
-2659
-859
-528
495
2574
3864
3430
2434
3242
4317
3547
2702
3471
4010
4030
4068
4552
5475
5394
4564
3752
3477
3094
1704
-335
-1181
-1391
-2595
-3312
-2621
-1988
-2046
-2109
-1357
-494
-846
-1646
-2182
-2934
-3711
-4522
-5399
-5513
-5392
-5456
-4944
-3492
-1850
-939
-498
388
1419
1327
736
112
-910
-2352
-3430
-4255
-4576
-4865
-5104
-5326
-5045
-5044
-5188
-6793
-4413
1789
2730
2078
1861
4388
6364
7766
6739
6102
6597
5291
3993
2260
4740
5923
3330
1688
4563
7364
6627
5516
5073
5410
3478
885
527
254
-1148
-3886
-6146
-4709
-2721
-3535
-4721
-3221
-1979
-2324
-2746
-1868
-658
-2327
-4309
-4482
-3631
-3186
-3484
-3951
-2913
-1047
-569
470
2573
3952
3649
2686
3372
4484
3823
2381
2894
3779
3685
3742
4287
5376
5363
4535
3956
3807
3352
1773
-289
-1296
-1550
-2812
-3803
-3293
-2561
-2404
-2407
-1400
-145
-340
-1129
-1594
-2126
-2983
-3923
-4940
-5322
-5318
-5479
-5092
-3923
-2369
-1381
-835
336
1629
1725
970
329
-703
-2277
-3716
-4570
-4767
-5245
-5601
-5975
-5770
-5509
-5528
-6933
-2874
3125
2919
2026
2875
5769
7133
7573
5823
5877
6111
4658
3024
2293
5629
5988
2766
1961
5490
7397
6297
5259
5288
5350
2991
698
366
-346
-2258
-5286
-6709
-4443
-2885
-4149
-4583
-2583
-1728
-2278
-2347
-991
-603
-2970
-4679
-4401
-3591
-3603
-3979
-3863
-2270
-715
-161
1299
3314
4192
3463
2765
3825
4400
3047
1779
1954
2408
3671
4375
4375
5275
5244
4899
4758
4810
3781
1648
-558
-1492
-2129
-3353
-3644
-3822
-3748
-2880
-1854
-724
218
161
-526
-1125
-1634
-2253
-3638
-5155
-5630
-6032
-6093
-5107
-3773
-2735
-1666
-465
759
1807
2074
1570
538
-644
-1825
-3248
-4238
-4867
-5690
-6185
-6048
-5547
-5490
-5636
-6402
-1090
3461
3206
2514
2929
5620
7131
6994
4553
4555
3908
2303
807
1497
5203
4888
1948
2424
6550
8009
6882
5786
5698
5331
2369
112
18
-706
-2752
-5714
-6453
-4060
-3000
-4286
-4108
-1977
-1445
-1960
-2033
-775
-789
-3320
-4631
-4173
-3535
-3539
-3780
-3494
-1722
-317
263
2066
3932
4410
3596
3182
4167
4292
2878
1834
2498
3199
3341
3620
4493
5426
4920
4648
4684
4300
3132
1193
-677
-1561
-2263
-3604
-4097
-3726
-3162
-2837
-2269
-776
128
-327
-914
-1129
-1723
-2823
-3880
-4678
-5230
-5637
-5449
-4648
-3639
-2554
-1615
-825
487
1473
1405
877
284
-860
-2277
-3550
-4284
-4984
-5886
-6112
-5888
-5735
-5775
-6043
-6288
36
4161
4022
3457
4703
7685
8859
7670
5111
5650
4296
2282
211
858
3952
3124
760
2256
6435
7362
6321
5612
6017
5362
2267
566
372
-1018
-3566
-6388
-6457
-3863
-3292
-4518
-3749
-1786
-1509
-1878
-1647
-473
-1245
-3920
-4806
-4327
-4028
-4134
-4373
-3854
-2025
-701
335
2485
4191
4601
3797
3668
4632
4395
2813
2209
3109
2925
2975
3590
4687
4989
4647
4665
4521
4067
2971
1149
-747
-1389
-2403
-3879
-4044
-3574
-3325
-3125
-1997
-520
-218
-646
-626
-889
-1895
-2747
-3622
-4609
-5182
-5467
-5341
-4549
-3350
-2310
-1598
-498
971
1630
1246
953
216
-1479
-3017
-4207
-4941
-6119
-6783
-7145
-6766
-6965
-6755
-7807
-4929
2711
4676
4450
4136
6839
8893
9277
6682
5170
4801
2430
526
-649
2530
4310
1872
865
4738
7999
7467
6480
6244
6491
4348
1238
286
-434
-2509
-5509
-7527
-5780
-3500
-4051
-4670
-2828
-1273
-1394
-1589
-751
-147
-2272
-4540
-4629
-4089
-4069
-4317
-4366
-3077
-1074
51
1651
3893
4890
4686
3904
4386
4912
3747
2077
1957
2425
3222
3743
3900
4696
5026
4866
4728
4697
3660
1792
-449
-1681
-2319
-3551
-4354
-4464
-4155
-3307
-2238
-1111
45
317
-232
-635
-1231
-1922
-3279
-4843
-5444
-5827
-6022
-5283
-3935
-2821
-1741
-612
713
1928
2126
1552
510
-921
-2178
-3754
-5058
-5976
-6535
-7371
-7050
-6717
-6301
-7088
-5345
2235
4521
4260
3979
6603
8905
9667
6899
3868
3981
2967
1066
-1229
1463
3980
1840
180
3767
8009
7994
6907
6421
6538
4822
1525
95
-668
-2497
-5483
-7966
-6523
-3648
-3748
-4737
-2955
-903
-930
-1154
-560
159
-1749
-4286
-4761
-4350
-4225
-4409
-4503
-3540
-1428
-58
1435
3655
4948
4843
3972
4211
4904
3746
2197
2300
2468
2490
3329
4115
4678
5076
4906
4590
4467
3775
2061
-179
-1649
-2317
-3651
-4406
-4088
-3858
-3558
-2479
-975
30
278
-26
-518
-1276
-2119
-3078
-4387
-5371
-5712
-5947
-5411
-3995
-2733
-1716
-684
654
1732
1910
1542
699
-705
-2316
-3814
-5065
-6190
-7002
-7653
-7503
-7690
-7137
-7890
-2433
4355
5405
5098
5319
8401
9766
9046
5187
4091
3111
844
-1625
-1511
2498
2724
-18
667
5702
9012
8632
7448
7260
7071
4087
951
-5
-1409
-3873
-7171
-8345
-5521
-3299
-4037
-4178
-1951
-580
-675
-811
5
-162
-3030
-4991
-4851
-4485
-4605
-4916
-4774
-3048
-854
619
2622
4516
5428
5066
4440
5043
5179
3422
2518
2833
2713
2610
3155
4028
4505
4473
4139
4109
3641
2885
1175
-891
-1892
-2765
-4069
-4454
-3982
-3740
-3360
-2380
-967
-109
-285
-380
-731
-1684
-2464
-3340
-4444
-5120
-5336
-5248
-4401
-3236
-2078
-1135
-103
1138
1681
1408
1030
110
-1525
-3057
-4195
-5502
-6399
-7445
-7713
-8175
-7955
-8981
-4052
3235
4520
4669
4937
8613
10774
10653
6659
5007
3883
1438
-833
-1776
1624
2306
-469
-318
4885
8446
8022
7047
7104
7298
4570
1397
241
-1379
-3844
-7234
-8848
-6525
-4377
-4947
-5070
-2659
-683
-407
-320
653
688
-2077
-4237
-4442
-4344
-4649
-5157
-5255
-3846
-1514
188
2360
4372
5447
5477
4907
5469
5726
4011
2631
2843
2154
1880
2793
3613
3933
4043
4239
4428
4191
3427
1968
-226
-1418
-2319
-3932
-4530
-4219
-4386
-4188
-2979
-1400
-538
-517
-378
-442
-1396
-2118
-2759
-4132
-5180
-5578
-5708
-5147
-3934
-2818
-1923
-788
670
1602
1591
1252
567
-1203
-2679
-3920
-5276
-6818
-7790
-8668
-9084
-9791
-8776
-267
3745
4346
4582
7232
10942
12927
10761
6988
6329
3764
847
-2367
-1001
1936
-159
-2725
706
6528
8318
7653
7203
7808
6855
3117
1004
-41
-2429
-6167
-9884
-9197
-5601
-4757
-5792
-4283
-1229
140
302
749
1780
334
-2992
-4309
-4381
-4547
-5132
-5960
-5640
-3220
-875
1049
3618
5602
6414
6061
6012
6803
5903
3646
3064
2492
1496
1651
2481
3141
3400
3513
3894
4096
3832
3137
1113
-869
-1692
-3034
-4404
-4545
-4602
-4787
-4264
-2733
-1133
-589
-488
-103
-654
-1421
-1862
-2847
-4343
-5254
-5592
-5654
-4870
-3729
-2529
-1486
-110
1326
1997
1919
1537
155
-1733
-3485
-4799
-6690
-8026
-9437
-9866
-11320
-8565
400
3367
4112
4626
8513
11976
13728
10898
7907
6595
3466
151
-3010
-904
1014
-1493
-3162
1451
6841
8007
7311
7391
8490
6832
3126
1339
-249
-3221
-7453
-10908
-9452
-6151
-6035
-6857
-4506
-1074
594
1254
2379
3302
1024
-2211
-3558
-3823
-4423
-5407
-6471
-5962
-3431
-1184
1062
3714
5875
6750
6360
6636
7411
6201
3907
3183
2303
1257
1334
1925
2546
2690
2888
3490
3799
3684
2987
992
-833
-1826
-3255
-4494
-4940
-5155
-5232
-4667
-3048
-1449
-865
-664
-177
-449
-1001
-1318
-2264
-3590
-4520
-4925
-4907
-4377
-3460
-2459
-1392
-148
1183
1752
1676
1174
-230
-1919
-3418
-4939
-6670
-8165
-9761
-10650
-11838
-4890
1606
3065
3515
5805
10406
13237
13319
9592
8633
6206
3072
-790
-1636
903
-386
-4397
-3405
3020
6704
6603
6440
7633
7942
5006
2295
1291
-1000
-4697
-9234
-10604
-7880
-6095
-6858
-6304
-3060
-683
259
973
2952
3430
449
-2096
-2807
-3145
-4189
-5707
-6410
-4809
-2403
-353
2134
4735
6486
6771
6558
7445
7602
5547
4141
3184
1944
1164
1346
1960
2250
2289
2534
3162
3371
3315
2108
206
-823
-1868
-3422
-4135
-4396
-4815
-4908
-4038
-2380
-1208
-974
-587
-454
-841
-1016
-1593
-2838
-3933
-4721
-5033
-4722
-4004
-2958
-2133
-1355
46
1196
1487
1365
647
-805
-2480
-4171
-6063
-7769
-9586
-11016
-12336
-5461
745
2269
2864
5447
10361
13245
13342
10173
9329
6727
3212
-961
-1772
573
-684
-4381
-3078
3198
6639
6598
6434
7706
8064
5072
2372
1679
-219
-4112
-9029
-10871
-8502
-6865
-7610
-6528
-2776
26
1086
1872
3669
3517
215
-2425
-3088
-3457
-4535
-6033
-6733
-5177
-2895
-896
1723
4584
6579
6994
6753
7713
8022
6124
4813
3894
2424
1359
1329
1833
2012
1878
2028
2568
2997
3277
2303
538
-403
-1350
-2847
-3626
-3942
-4474
-5008
-4412
-2979
-1944
-1653
-1191
-998
-1300
-1300
-1703
-2689
-3577
-4196
-4666
-4579
-3842
-2858
-2033
-1446
-168
890
1067
748
107
-1273
-2548
-4023
-5404
-7217
-8734
-10644
-10204
-2530
1362
2486
2790
6607
10933
13404
11952
9397
8855
6109
3019
-702
-167
1199
-1213
-4270
-1875
3430
5607
5381
5786
7688
7445
4055
2177
1473
-927
-5129
-9585
-10078
-7491
-6546
-7451
-6115
-2883
-817
10
1166
3157
2405
-689
-2403
-2496
-2762
-4013
-5534
-5641
-3753
-1846
12
2635
5243
6805
6740
6800
8109
7862
5716
5038
4017
2256
1415
1533
1921
1890
1782
1888
2283
2817
3048
1567
31
-453
-1696
-3245
-3622
-3899
-4588
-4960
-4166
-2791
-2206
-2049
-1559
-1711
-2006
-1658
-2120
-3108
-3703
-4163
-4442
-4116
-3248
-2183
-1659
-994
304
960
897
774
64
-1423
-2603
-4070
-5517
-7597
-8808
-11015
-6215
204
1963
2528
3907
8819
12094
12961
10056
9450
7626
4182
-139
-2306
70
27
-3685
-4389
607
4467
4935
5550
7964
9335
6956
3870
2535
722
-2474
-7100
-9541
-7425
-5605
-6743
-7080
-4275
-1567
-491
57
1971
3077
693
-2018
-2790
-2827
-3536
-5144
-6284
-5068
-2834
-1257
867
3704
6044
6819
6463
7386
8269
6852
4702
3580
2733
2107
1698
1483
1926
2196
2144
2445
3125
3408
2513
578
-454
-1071
-2542
-3832
-4488
-4847
-4864
-4510
-3388
-2040
-1406
-1208
-1032
-974
-939
-1432
-2656
-3497
-4090
-4612
-4593
-3995
-3171
-2300
-1593
-360
894
1489
1286
708
-556
-1855
-3493
-5265
-7066
-8781
-11069
-11231
-3496
754
2036
2404
5822
10519
13425
12436
9856
9240
6450
2965
-1230
-711
1218
-1252
-4680
-2133
3621
6178
5879
6097
7723
7604
4469
2419
1647
-458
-4615
-9577
-10307
-7435
-6584
-7830
-6726
-3284
-879
-41
1248
3599
3317
160
-1957
-2416
-2769
-3988
-5877
-6411
-4565
-2445
-608
1970
4761
6811
6844
6883
8169
8278
5889
4331
3570
2254
1589
1587
2113
2140
2207
2463
3113
3603
3652
2245
328
-516
-1647
-3313
-4198
-4533
-5116
-5395
-4338
-2531
-1461
-1194
-662
-502
-822
-887
-1589
-2882
-3953
-4691
-5111
-4979
-4182
-3168
-2479
-1699
-26
1127
1242
1065
508
-1149
-2597
-4346
-5900
-8173
-9511
-12067
-9085
-1470
1244
2330
3153
7992
11944
13802
11291
10153
8735
5481
1489
-1517
206
934
-2642
-4548
-167
4897
6496
6162
7089
8410
6748
3288
2221
893
-2067
-6790
-10524
-9570
-7309
-7672
-8367
-5981
-2514
-563
156
2004
4040
2593
-710
-2184
-2388
-2945
-4633
-6343
-5782
-3743
-2047
-18
2786
5560
6937
6545
7166
8464
7707
5169
4120
3146
1734
1167
1513
2184
2187
2252
2597
3339
3880
3654
1725
1
-638
-2099
-3771
-4372
-4625
-5237
-5401
-3905
-2104
-1453
-1292
-705
-600
-919
-1122
-1957
-3206
-4099
-4873
-5289
-4844
-3812
-2808
-2397
-1181
614
1501
1363
1260
415
-1264
-2984
-4659
-6454
-8420
-10471
-11730
-4995
82
1785
2329
5225
10272
13528
13032
10533
10410
7912
4154
-550
-1178
428
-1521
-5116
-3110
2761
5983
5929
6126
7958
8566
5394
2842
2077
135
-3845
-9003
-10555
-8292
-7332
-8603
-7749
-4229
-1373
-287
961
3351
3912
1184
-1202
-1890
-2325
-3571
-5671
-6522
-5043
-3098
-1525
1070
3961
6164
6655
6561
7821
8234
6225
4141
3614
2616
1334
1108
1698
2089
2081
2371
3006
3716
3921
2719
840
-11
-837
-2623
-3927
-4183
-4412
-5068
-4631
-2865
-1688
-1516
-1128
-723
-785
-1078
-1538
-2533
-3586
-4304
-4809
-4788
-4070
-2919
-2447
-1795
-287
1076
1172
975
555
-869
-2599
-4272
-5802
-7859
-9866
-11649
-5515
-318
1198
1890
4322
9259
13012
13166
10451
10406
8406
4924
219
-634
1228
-385
-4719
-3656
1635
4959
5153
5344
7215
8256
5650
2963
2222
455
-3264
-8458
-10353
-8105
-6996
-8629
-7951
-4597
-1788
-729
447
2994
3845
1216
-1162
-1614
-1928
-2988
-5121
-6209
-4745
-2910
-1511
931
3914
6131
6690
6720
8101
8736
6827
4809
3928
3221
2408
1384
1494
2171
2085
1953
2605
3362
3510
2364
803
212
-604
-2141
-3353
-3966
-4141
-4400
-4397
-3082
-1627
-1392
-1402
-988
-675
-841
-1613
-2428
-2978
-3840
-4510
-4382
-3787
-2894
-2317
-1623
-401
870
1139
804
189
-811
-2474
-4313
-6039
-7801
-10054
-11653
-5096
-288
1032
1630
4697
9580
13007
12830
10347
10235
8319
4913
212
-360
1635
-265
-4586
-2886
2600
5329
4814
5169
7141
7774
4921
2733
2373
969
-2521
-7717
-9565
-7584
-6810
-8265
-7327
-4019
-1645
-939
327
2965
3585
857
-1292
-1750
-2060
-3245
-5191
-6027
-4605
-2879
-1547
964
3921
6088
6371
6518
8069
8442
6318
4602
3994
3256
2187
1244
1461
2033
1897
1763
2447
3145
3341
2069
617
263
-599
-2330
-3434
-3780
-3897
-4302
-4246
-2989
-1623
-1512
-1537
-1120
-922
-1063
-1907
-2673
-3105
-3741
-4350
-4156
-3431
-2456
-1942
-1328
-115
951
938
494
-191
-1090
-2792
-4390
-6110
-7624
-10298
-10186
-3158
269
1340
1842
5557
10272
13403
12024
10167
9897
7774
3903
-259
254
1736
-1397
-4902
-1865
3104
5172
4710
5536
7530
7466
4191
2451
1601
-472
-4600
-9345
-9751
-7263
-7259
-8535
-6824
-3314
-1140
-500
1267
3748
3314
94
-1589
-1856
-2170
-3457
-5260
-5332
-3504
-2010
-570
2106
4952
6550
6399
6829
8350
8103
5863
4815
4264
3152
1907
1344
1746
2040
1654
1595
2268
2878
2801
1432
350
117
-1041
-2643
-3143
-3140
-3539
-4116
-3609
-2222
-1464
-1586
-1291
-1136
-1178
-1372
-2018
-2697
-3113
-3763
-4229
-3792
-2836
-1979
-1666
-1027
262
815
519
280
-486
-1801
-3588
-5112
-7080
-8577
-11036
-7301
-1441
320
1193
2852
7335
11305
12684
10223
9695
8732
6074
1817
-264
1223
816
-3294
-4023
265
3904
4506
4538
6197
7888
6530
3808
2986
1621
-1368
-6350
-9311
-7877
-6204
-7647
-8075
-5298
-2387
-1162
-222
1970
3474
1803
-512
-1066
-1297
-2023
-3638
-4960
-4211
-2508
-1411
445
3187
5473
6131
5991
7074
8098
6726
5532
4805
3674
2585
1787
1657
1949
1776
1279
1482
2010
2470
1798
570
42
-495
-1979
-2633
-2731
-3047
-3665
-3729
-2917
-1951
-1761
-1690
-1616
-1736
-1709
-1951
-2537
-2797
-3157
-3831
-3652
-2936
-2027
-1594
-1145
-284
528
379
146
-457
-1579
-3211
-4562
-6161
-7545
-9722
-9232
-2781
296
1369
2035
5646
9897
12587
11142
9517
9318
7291
3716
213
751
1838
-1117
-4007
-987
3445
5170
4678
5492
7131
6974
3820
2134
1282
-770
-4839
-8804
-8951
-7057
-7174
-8147
-6188
-2869
-1069
-512
1016
3041
2584
-167
-1514
-1693
-2076
-3455
-4929
-4861
-3168
-1832
-381
2291
4869
6223
6166
6615
7939
7394
6411
5604
4405
3270
2530
2134
2175
2153
1405
1264
1556
2093
1936
807
-13
-420
-1634
-2244
-2312
-2681
-3257
-3448
-3115
-2300
-1922
-1833
-1833
-2125
-2059
-2022
-2488
-2793
-2964
-3502
-3573
-2779
-1842
-1322
-980
-470
179
103
-100
-712
-1753
-3247
-4394
-6181
-7546
-9410
-8607
-2453
412
1486
2317
5680
9779
12327
10874
9211
8779
6862
3382
306
787
1774
-982
-3497
-446
3829
5430
4955
5716
7106
6936
3915
2202
1177
-1022
-4978
-8741
-8733
-6705
-6978
-7988
-6054
-2930
-1237
-744
832
2652
1985
-686
-1841
-1827
-2115
-3265
-4641
-4488
-2817
-1351
137
2822
5433
6593
6547
7063
8069
7649
6426
5391
4228
3112
2298
1777
1871
1851
1118
790
1208
1710
1430
269
-467
-794
-1676
-2331
-2393
-2647
-3056
-3203
-2833
-2005
-1499
-1615
-1802
-1965
-1867
-1936
-2335
-2619
-2812
-3336
-3253
-2378
-1549
-987
-719
-189
316
265
-127
-936
-2075
-3563
-4826
-6615
-7970
-9859
-7371
-1537
905
1761
2994
6880
10611
12356
10446
9412
8590
6198
2346
85
1160
1462
-1831
-3194
567
4378
5260
5008
6201
7405
6219
3074
1892
746
-1952
-6414
-9499
-8662
-6850
-7580
-7985
-5444
-2395
-1023
-190
1956
3607
2189
-571
-1481
-1599
-2315
-3898
-4998
-4235
-2368
-1056
607
3335
5689
6490
6226
6835
7685
7039
5846
4612
3380
2495
1793
1653
1925
1632
955
867
1432
1884
1360
118
-558
-1226
-2094
-2488
-2617
-2905
-3233
-3192
-2554
-1625
-1263
-1448
-1770
-1961
-1890
-2141
-2630
-2750
-3061
-3509
-3244
-2211
-1382
-919
-700
-218
193
9
-474
-1389
-2750
-4188
-5795
-7386
-8960
-9583
-4457
-279
1010
1752
4354
8521
11718
11537
9525
9007
7509
4526
908
386
1679
217
-3180
-1742
2672
5203
4921
5194
6686
7156
4741
2381
1512
-242
-3680
-8010
-9260
-7275
-6557
-7928
-7135
-3986
-1667
-1168
-125
1781
2137
-211
-2021
-2096
-2195
-3143
-4643
-4857
-3247
-1538
-327
1784
4477
6145
6270
6492
7703
7856
6920
5953
4702
3559
2719
2225
2072
2117
1441
754
837
1446
1543
507
-474
-849
-1512
-2164
-2227
-2303
-2698
-2973
-2739
-2108
-1600
-1531
-1846
-2310
-2305
-2257
-2631
-3057
-3174
-3450
-3551
-2877
-1769
-1082
-771
-400
36
4
-515
-1271
-2453
-3977
-5378
-7261
-8690
-10268
-6529
-1257
449
1346
3107
7115
10666
12018
10042
9105
8006
5608
1836
148
1301
981
-2586
-2815
1209
4584
5044
4881
6082
6955
5419
2716
1774
476
-2330
-6870
-9363
-8180
-6655
-7773
-7912
-5184
-2205
-1222
-419
1548
2654
942
-1359
-1816
-1945
-2573
-3956
-4728
-3731
-1862
-567
1195
3730
5915
6465
6143
6942
7696
6863
5782
4687
3613
2728
2001
1791
1996
1601
758
618
926
1269
614
-554
-960
-1417
-2109
-2368
-2399
-2573
-2834
-2847
-2295
-1513
-1433
-1700
-2120
-2251
-2103
-2469
-2914
-3058
-3325
-3531
-3085
-2136
-1355
-944
-740
-291
-76
-289
-987
-2013
-3483
-4712
-6498
-7935
-9807
-7969
-2224
287
1217
2409
6157
9932
12095
10677
9374
8577
6544
2928
362
1014
1513
-1461
-3322
-39
3901
5092
4662
5697
6941
6285
3633
2310
1136
-1207
-5299
-8705
-8348
-6420
-6904
-7700
-5820
-3035
-1645
-1038
755
2367
1282
-1211
-2057
-2153
-2656
-3898
-4973
-4379
-2664
-1317
222
2778
5166
6171
6021
6739
7770
7544
6395
5035
3939
3100
2240
1680
1765
1476
652
386
874
1319
966
-93
-786
-1265
-1689
-1972
-2247
-2539
-2746
-3012
-2846
-2089
-1593
-1893
-2366
-2478
-2221
-2373
-2855
-2944
-3194
-3392
-2999
-2215
-1436
-950
-742
-435
-316
-392
-1009
-2100
-3578
-4827
-6577
-8004
-9828
-8231
-2608
-20
935
2013
5531
9502
11733
10661
9388
8691
6864
3479
933
1343
1880
-1031
-3055
-100
3596
4894
4496
5278
6531
6126
3588
2305
1244
-1042
-4975
-8498
-8439
-6616
-6989
-7829
-5942
-3034
-1503
-955
645
2271
1527
-835
-1664
-1748
-2162
-3386
-4703
-4401
-2808
-1477
-25
2184
4423
5464
5400
6057
7245
7070
6208
5057
3884
3251
2413
1741
1623
1435
601
202
549
1096
765
-232
-837
-1117
-1585
-1702
-1986
-2423
-2625
-2687
-2495
-1925
-1614
-1799
-2347
-2546
-2203
-2252
-2651
-2752
-2891
-3110
-2679
-1879
-1201
-824
-662
-435
-280
-453
-910
-1937
-3556
-4705
-6270
-7659
-9417
-8033
-2629
-111
800
1947
5332
8992
11216
10193
8907
8234
6547
3256
624
1064
1620
-1144
-3136
-174
3513
4764
4308
5139
6301
5883
3499
2172
1134
-1089
-4803
-8148
-8062
-6341
-6813
-7818
-6075
-3317
-1964
-1400
308
2079
1409
-795
-1539
-1518
-1955
-3125
-4361
-4141
-2738
-1387
-32
2183
4417
5434
5395
6021
7190
7255
6188
5205
4243
3475
2725
2043
1952
1564
693
312
604
892
613
-188
-832
-1047
-1364
-1634
-1748
-2078
-2335
-2528
-2394
-1794
-1498
-1810
-2103
-2170
-2069
-2093
-2400
-2486
-2621
-2952
-2703
-1935
-1330
-1017
-868
-591
-433
-546
-1083
-1904
-3266
-4540
-5882
-7184
-8644
-8603
-3949
-558
680
1469
4118
7877
10568
10422
8945
8288
7093
4315
1311
1025
1868
93
-2678
-1016
2688
4622
4368
4822
6109
6209
4092
2399
1586
-166
-3489
-7021
-7648
-5984
-6198
-7697
-6672
-3857
-1926
-1502
-215
1571
1507
-605
-1807
-1788
-2101
-3123
-4354
-4336
-3045
-1784
-579
1461
3821
5221
5433
5836
7082
7295
6566
5505
4731
4109
2883
2187
2155
1884
798
258
416
811
575
-106
-733
-968
-1311
-1535
-1742
-1827
-1968
-2460
-2523
-1987
-1621
-1917
-2350
-2430
-2319
-2464
-2566
-2487
-2545
-2716
-2426
-1750
-1068
-599
-454
-391
-232
-315
-716
-1546
-2597
-3866
-5168
-6513
-7505
-8823
-6433
-1776
377
1226
2623
5871
9077
10301
9091
8367
7554
5598
2648
1033
1578
1559
-1113
-1874
1128
3941
4482
4301
5338
6127
4889
2693
1872
652
-1965
-5621
-7756
-7011
-5987
-6762
-7052
-5069
-2848
-1723
-902
839
1981
717
-1070
-1330
-1435
-2121
-3289
-3862
-3157
-2030
-1124
369
2489
4283
4903
4959
5825
6855
6649
5609
4772
4376
3326
2165
1962
1983
1194
335
302
549
554
241
-361
-818
-939
-1168
-1456
-1624
-1580
-2025
-2475
-2273
-1802
-2001
-2557
-2690
-2562
-2654
-2699
-2450
-2281
-2427
-2316
-1814
-1172
-639
-400
-483
-490
-382
-638
-1373
-2245
-3278
-4484
-5860
-6818
-8025
-8327
-4352
-531
803
1582
3879
7184
9741
9724
8607
7909
6636
4204
1583
881
1677
530
-1955
-1039
2307
4244
4177
4529
5703
5795
3855
2241
1508
-123
-3090
-6107
-6877
-5656
-5482
-6492
-5702
-3350
-1796
-1352
-322
1406
1519
-431
-1600
-1593
-1978
-3015
-4110
-4116
-3038
-1806
-752
1195
3452
4708
4915
5263
6369
6783
5984
5201
4736
3837
2855
2256
2136
1789
957
323
421
738
609
-84
-782
-1006
-1282
-1720
-1784
-1795
-2119
-2449
-2399
-1876
-1582
-1856
-2166
-2328
-2427
-2445
-2589
-2686
-2576
-2597
-2434
-1827
-1082
-646
-466
-365
-175
-260
-784
-1538
-2485
-3777
-4879
-6107
-7092
-8485
-7739
-3449
-266
950
1988
4554
7721
9715
9217
8208
7555
6093
3323
905
870
1571
-208
-1998
-89
3095
4397
4352
5121
6212
5645
3495
2099
1369
-645
-3926
-6962
-7454
-6310
-6409
-6910
-5481
-3094
-2027
-1630
-348
1192
955
-723
-1354
-1231
-1658
-2777
-3587
-3281
-2180
-1283
-153
1886
4045
4983
5050
5588
6522
6471
5307
4777
4290
3456
2401
2160
2256
1846
1053
665
808
870
461
-328
-961
-1204
-1786
-2321
-2186
-2070
-2303
-2626
-2283
-1665
-1503
-1826
-1897
-1992
-2239
-2408
-2566
-2681
-2820
-2908
-2751
-2048
-1155
-717
-436
-80
332
284
-278
-1001
-2006
-3404
-4755
-5994
-7038
-8538
-7398
-3349
-549
691
2034
4776
7864
9596
9047
8270
7512
5916
3090
935
940
1244
-689
-2027
79
3015
4158
4302
5281
6329
5584
3544
2320
1381
-718
-4025
-6714
-6926
-5985
-6449
-6893
-5431
-3306
-2299
-1605
13
1453
887
-853
-1576
-1631
-2268
-3280
-3785
-3414
-2324
-1437
-83
2152
4158
4945
5162
5836
6791
6545
5670
4888
4048
3699
2625
2050
2024
1915
985
636
931
1158
543
-338
-728
-1059
-1694
-1979
-2173
-2290
-2275
-2474
-2361
-1847
-1420
-1750
-2133
-2057
-1902
-2367
-2695
-2529
-2544
-2799
-2536
-1724
-1069
-721
-429
-115
181
141
-459
-1265
-2346
-3408
-4924
-6370
-7677
-8238
-5439
-2089
-165
852
2851
5913
8761
9495
8752
8242
7157
4820
2233
1085
1316
263
-1845
-1538
1110
3319
3903
4407
5619
5947
4587
3016
2115
744
-2098
-5327
-6874
-6365
-6184
-6871
-6404
-4460
-2813
-1999
-900
847
1466
230
-941
-1168
-1468
-2442
-3627
-3904
-3123
-2287
-1397
396
2584
4077
4580
5131
6175
6874
6173
5650
5139
4076
3084
2310
2209
1965
1312
566
497
683
714
13
-654
-874
-1262
-1889
-1968
-1873
-2077
-2407
-2295
-1822
-1523
-1589
-1727
-1978
-2150
-2157
-2308
-2487
-2592
-2767
-2798
-2318
-1602
-1091
-941
-577
-244
-234
-607
-1089
-1844
-2938
-4177
-5521
-7006
-7673
-4862
-1638
-239
643
2609
5580
8231
9044
8536
7897
6988
5021
2516
1396
1610
489
-1963
-1774
868
2808
3162
3640
4882
5278
4042
2822
2141
837
-1839
-4983
-6495
-6011
-5887
-6831
-6677
-4867
-3268
-2566
-1408
586
1344
183
-807
-754
-987
-1938
-3072
-3404
-2881
-2093
-1245
299
2376
3888
4299
4838
5938
6551
5783
5004
4573
3677
3184
2430
2046
1731
1265
554
465
756
722
68
-565
-781
-1026
-1647
-1751
-1885
-2199
-2362
-2313
-1970
-1694
-1726
-2003
-2211
-2196
-2045
-2348
-2670
-2642
-2748
-2998
-2538
-1860
-1423
-1198
-898
-547
-451
-724
-1219
-2099
-3328
-4600
-5693
-7428
-6827
-3353
-966
-120
997
3500
6563
8626
8865
8340
7611
6438
4237
2023
1508
1679
-395
-2269
-1010
1711
2871
3044
3932
5044
4894
3560
2759
2048
234
-2660
-5423
-6349
-5803
-6236
-7046
-6178
-4245
-3018
-2218
-615
1141
1060
-361
-857
-667
-1182
-2289
-3268
-3402
-2675
-1966
-979
813
2747
3855
4127
4941
6131
6338
5355
5035
4148
3432
2830
2039
1647
1225
598
7
129
330
185
-478
-860
-939
-1328
-1726
-1601
-1813
-2094
-2108
-1996
-1727
-1552
-1789
-2059
-2188
-2142
-2102
-2319
-2438
-2320
-2545
-2514
-1817
-1161
-1058
-987
-784
-614
-874
-1332
-1940
-2955
-4333
-5414
-6925
-7303
-4025
-1271
-372
267
2433
5335
7712
8317
7941
7424
6313
4391
2283
1491
1844
430
-1961
-1440
1144
2720
2852
3373
4493
4664
3353
2447
1928
477
-2126
-5005
-6291
-5699
-5605
-6537
-6183
-4405
-2918
-2268
-1072
803
1252
-93
-1028
-904
-1027
-2009
-3020
-3324
-2872
-2053
-1162
412
2355
3614
4048
4505
5656
6280
5807
5254
4455
3537
2905
2507
1935
1489
695
89
7
231
274
-261
-836
-1042
-1326
-1579
-1498
-1623
-2159
-2479
-2329
-2110
-1895
-1818
-1978
-2315
-2414
-2225
-2312
-2484
-2512
-2631
-2644
-2218
-1436
-1217
-1154
-967
-819
-873
-1167
-1585
-2519
-3756
-4931
-6139
-7100
-4787
-1646
-393
75
1737
4483
7057
8034
7796
7350
6457
4824
2726
1616
1837
1070
-1368
-1746
486
2414
2741
3047
4030
4540
3571
2486
2077
1050
-1367
-4220
-5888
-5652
-5333
-6080
-6139
-4721
-3265
-2495
-1511
125
1022
140
-849
-826
-892
-1596
-2569
-3017
-2741
-2110
-1441
-134
1742
3085
3734
4259
5241
6137
6024
5484
4812
3952
3286
2638
2064
1542
724
-135
-302
1
19
-396
-896
-1045
-1149
-1408
-1299
-1354
-1703
-2062
-2196
-2063
-1835
-1883
-2180
-2456
-2431
-2267
-2271
-2330
-2223
-2198
-2308
-1947
-1309
-989
-957
-1006
-959
-997
-1321
-1878
-2630
-3690
-4762
-6014
-7036
-4818
-1815
-504
26
1571
4105
6487
7632
7483
7100
6393
4759
2730
1581
1782
1140
-1011
-1517
462
2305
2627
2975
3959
4510
3623
2611
2199
1296
-964
-3724
-5418
-5440
-5259
-6018
-6165
-4836
-3446
-2741
-1767
-60
945
170
-822
-726
-716
-1418
-2391
-2912
-2687
-2233
-1618
-343
1454
2771
3348
3817
4850
5764
5905
5354
4708
4138
3381
2579
1938
1424
500
-423
-703
-363
-241
-506
-844
-888
-825
-883
-892
-994
-1259
-1693
-2002
-2061
-1947
-2122
-2584
-2910
-2800
-2581
-2580
-2373
-2097
-1990
-1909
-1508
-915
-559
-584
-697
-813
-999
-1335
-2073
-2749
-3659
-4554
-5786
-6217
-3921
-1296
-69
435
2145
4443
6510
7300
7044
6531
5727
4117
2324
1545
1679
673
-1094
-1206
767
2288
2666
3164
4003
4223
3319
2462
2000
906
-1314
-3802
-5147
-5096
-5107
-5758
-5714
-4409
-3192
-2437
-1346
165
824
101
-714
-684
-792
-1537
-2467
-2862
-2636
-2201
-1523
-372
1296
2495
3035
3579
4771
5680
5740
5227
4559
4133
3359
2555
2006
1551
576
-266
-411
-152
-135
-414
-687
-754
-708
-553
-575
-744
-1010
-1428
-1928
-2030
-1924
-2258
-2912
-3120
-2871
-2698
-2644
-2390
-2063
-1935
-1760
-1286
-731
-413
-454
-718
-850
-1045
-1424
-2244
-3042
-3908
-4759
-6082
-5858
-3467
-1238
-134
605
2373
4508
6293
6784
6594
6126
5238
3508
1962
1449
1483
209
-1149
-657
1080
2209
2635
3333
4096
4010
3065
2401
1946
692
-1500
-3765
-4769
-4744
-5004
-5554
-5175
-3938
-3075
-2412
-1151
328
647
-76
-663
-587
-859
-1610
-2418
-2661
-2451
-2117
-1451
-62
1491
2381
2925
3648
4780
5578
5572
4965
4538
4044
3219
2373
1826
1264
272
-548
-584
-380
-368
-633
-724
-614
-518
-476
-611
-716
-976
-1509
-2000
-2019
-1994
-2449
-3024
-3132
-2820
-2696
-2608
-2218
-1910
-1713
-1482
-998
-534
-372
-419
-710
-932
-1154
-1552
-2360
-3063
-3856
-4686
-5812
-5417
-3380
-1464
-266
622
2371
4175
5800
6316
6255
5848
4983
3372
1975
1435
1373
308
-720
-289
1165
2154
2679
3316
3923
3782
3041
2422
1798
579
-1381
-3402
-4415
-4619
-4932
-5294
-4928
-3807
-3000
-2190
-955
250
460
-43
-447
-470
-825
-1577
-2256
-2553
-2518
-2172
-1578
-440
893
1842
2383
3154
4427
5105
5204
4722
4468
3968
3225
2382
1861
1162
233
-409
-591
-506
-529
-727
-831
-722
-539
-569
-705
-850
-1041
-1534
-2036
-2054
-2189
-2634
-2975
-3000
-2912
-2772
-2577
-2293
-1956
-1644
-1247
-739
-347
-118
-270
-510
-712
-1085
-1656
-2416
-3053
-3820
-4502
-5374
-4834
-3076
-1381
-140
809
2282
3963
5248
5628
5705
5259
4359
2932
1852
1414
1126
115
-515
14
1133
1912
2461
3087
3614
3344
2690
2139
1558
342
-1479
-3163
-3998
-4206
-4535
-4771
-4339
-3574
-2915
-2071
-960
-34
83
-333
-612
-716
-1060
-1688
-2088
-2116
-2071
-1773
-1117
-81
994
1723
2300
3023
4307
4762
4644
4344
4155
3599
2784
2196
1688
838
-71
-615
-637
-646
-623
-840
-785
-555
-304
-452
-214
-38
-1017
-1802
-2176
-2204
-2513
-2962
-3246
-3193
-3001
-2711
-2210
-1797
-1478
-1043
-775
-406
-36
176
-47
-389
-666
-1052
-1686
-2352
-2834
-3608
-4228
-4690
-4131
-2597
-1154
58
1069
2471
3765
4731
4876
4835
4386
3475
2163
1270
873
557
-212
-645
-256
601
1116
1690
2296
2844
2764
2189
1722
1266
331
-1102
-2347
-3043
-3414
-3787
-3831
-3436
-2866
-2368
-1642
-739
79
393
369
348
333
-62
-543
-836
-902
-879
-726
-329
517
1345
1908
2229
3169
3845
3883
3655
3526
3147
2369
1551
885
205
-678
-1434
-1833
-1800
-1642
-1510
-1383
-867
-340
-146
38
367
422
15
-441
-619
-913
-1408
-1846
-2051
-2072
-1973
-1867
-1554
-1040
-586
-254
-86
146
213
-90
-586
-1014
-1564
-2308
-2931
-3410
-3878
-4328
-4617
-4721
-3569
-2250
-1037
120
1325
2570
3539
4072
4212
4318
3913
3007
2130
1652
1340
845
317
467
1045
1595
1913
2449
2900
2930
2386
1872
1438
593
-715
-1887
-2673
-3148
-3492
-3632
-3216
-2548
-2110
-1688
-851
-86
325
246
189
402
177
-305
-552
-508
-525
-465
-239
415
1154
1650
1923
2640
3258
3298
3325
3389
3068
2303
1587
921
315
-399
-1095
-1588
-1764
-1669
-1585
-1464
-952
-468
-210
-45
394
574
319
62
-101
-434
-833
-1137
-1331
-1532
-1582
-1407
-1283
-985
-556
-344
-187
22
178
43
-276
-637
-1174
-1844
-2526
-3017
-3465
-3884
-4176
-4174
-4240
-3563
-2264
-1202
-270
895
2082
2781
3344
3534
3520
3248
2766
2075
1469
1211
1118
663
588
1087
1586
1606
1929
2439
2462
2063
1524
1062
491
-444
-1274
-1931
-2355
-2514
-2662
-2573
-2025
-1484
-1141
-645
41
532
636
552
631
539
179
-27
-78
-140
-52
194
496
929
1323
1888
2256
2354
2728
2743
2329
1936
1586
762
-35
-646
-1219
-1778
-2119
-2050
-1888
-1625
-1059
-459
-110
388
946
1035
1005
1034
728
121
-326
-594
-922
-1379
-1439
-1311
-1319
-1070
-513
-215
-30
179
169
40
-184
-549
-1199
-1935
-2488
-2932
-3502
-3765
-3734
-3764
-3508
-3228
-2494
-1390
-451
315
1243
2036
2524
2935
2912
3005
2953
2498
1862
1604
1532
1296
942
934
1223
1363
1172
1361
1598
1468
1018
596
256
-87
-768
-1264
-1492
-1606
-1782
-1751
-1474
-956
-597
-423
122
677
832
835
897
1034
842
510
360
442
342
196
180
467
740
1042
1212
1445
1745
1821
1542
1230
978
394
-381
-903
-1181
-1561
-1978
-1914
-1724
-1395
-824
-321
186
801
1232
1346
1407
1437
1213
619
82
-305
-738
-1263
-1408
-1433
-1448
-1262
-902
-549
-324
-134
-87
-244
-430
-738
-1252
-1843
-2387
-2885
-3272
-3369
-3286
-3137
-2972
-2550
-2084
-1541
-628
150
650
1098
1740
2119
2171
2127
2174
2221
1818
1469
1285
1181
1104
886
691
882
935
771
652
783
742
378
16
-19
-100
-429
-758
-756
-714
-739
-740
-441
-156
28
160
420
730
912
826
669
710
679
397
275
338
248
76
70
345
615
662
692
937
959
820
567
375
-22
-472
-861
-1258
-1358
-1375
-1398
-1176
-658
-125
207
563
1101
1452
1428
1369
1264
970
473
-67
-528
-881
-1188
-1339
-1356
-1242
-1003
-749
-479
-219
-61
-101
-294
-427
-725
-1234
-1717
-2113
-2448
-2699
-2718
-2532
-2317
-1919
-1487
-1070
-800
-531
-30
242
386
506
715
822
896
863
926
1072
1149
1014
1095
1066
1194
991
847
780
636
361
141
162
59
-197
-219
-177
-4
32
30
207
305
342
398
493
647
561
398
362
465
438
333
319
275
326
260
311
357
561
674
768
766
988
1072
811
532
352
87
-297
-576
-778
-1028
-1159
-1143
-933
-692
-289
104
403
858
1140
1121
1031
957
783
408
-34
-336
-786
-1093
-1165
-1070
-946
-871
-618
-389
-79
78
96
-59
-217
-439
-816
-1216
-1527
-1754
-2079
-2173
-1946
-1777
-1613
-1206
-776
-460
-296
-99
43
-135
-97
-43
-153
-180
-114
22
116
279
550
752
1054
1078
1092
1090
1073
1003
656
414
281
72
-210
-198
-112
-22
-20
177
418
677
785
889
893
848
823
777
612
498
247
78
13
154
148
94
138
310
512
599
776
878
858
818
765
651
493
237
-128
-422
-539
-686
-703
-799
-656
-496
-303
-30
248
420
567
659
713
671
482
202
-65
-211
-468
-583
-730
-825
-878
-796
-599
-396
-250
-121
12
-8
-121
-324
-588
-788
-1025
-1194
-1299
-1445
-1452
-1467
-1304
-1081
-844
-612
-467
-306
-102
-72
-154
-295
-456
-719
-747
-644
-518
-403
-199
68
341
562
754
1043
1098
990
904
844
674
490
201
43
-19
-89
-30
135
404
556
649
790
935
1073
979
961
750
484
386
309
196
18
-86
-29
29
209
345
547
593
690
796
874
848
744
627
329
118
-64
-290
-461
-572
-550
-589
-492
-310
-211
4
173
369
476
453
438
366
197
59
-135
-319
-464
-546
-629
-630
-563
-507
-446
-216
-45
54
59
7
-89
-242
-364
-577
-816
-1006
-1116
-1148
-1050
-1090
-1039
-898
-714
-490
-328
-253
-256
-209
-267
-395
-504
-614
-776
-952
-1010
-876
-608
-285
-127
172
542
680
797
816
906
888
683
434
237
111
2
-118
-71
9
57
188
505
779
884
857
845
896
877
650
474
271
102
9
-40
97
146
202
333
511
845
867
868
924
903
907
695
556
338
78
-126
-230
-387
-483
-423
-356
-291
-151
-9
100
312
473
484
392
312
195
26
-81
-281
-396
-571
-615
-531
-438
-245
-151
-124
-20
150
249
214
97
-48
-155
-313
-485
-634
-839
-920
-935
-883
-801
-665
-579
-493
-333
-230
-183
-172
-207
-276
-389
-469
-584
-664
-844
-865
-868
-878
-853
-592
-286
-17
289
427
590
616
620
537
493
438
208
2
-77
-51
4
15
86
242
383
562
773
825
816
750
692
552
458
310
157
49
3
-13
5
91
173
335
458
687
858
915
841
741
712
575
401
183
-20
-192
-353
-427
-345
-404
-343
-246
-159
22
208
270
293
371
309
139
47
-62
-197
-352
-432
-531
-476
-410
-399
-352
-208
-58
19
84
123
140
72
-44
-200
-339
-588
-707
-816
-936
-963
-889
-792
-704
-493
-353
-212
-186
-60
-11
-42
-104
-201
-400
-575
-632
-648
-701
-713
-628
-575
-465
-327
-91
106
256
373
481
500
443
305
271
276
139
-28
-174
-155
-66
43
122
250
318
470
586
718
730
702
537
431
420
337
174
51
65
87
76
212
249
333
419
479
547
651
713
583
493
352
225
22
-245
-331
-355
-377
-364
-278
-172
-74
89
194
235
190
227
208
140
81
-46
-195
-365
-379
-371
-488
-452
-426
-355
-231
-70
36
26
-4
-34
-11
-69
-226
-397
-566
-662
-736
-847
-841
-847
-768
-697
-632
-483
-405
-314
-313
-253
-261
-379
-462
-505
-578
-720
-748
-758
-747
-657
-587
-445
-271
-162
-61
4
21
16
19
-33
16
21
-110
-83
-36
-110
-153
-74
-17
-8
98
125
151
220
204
210
207
137
70
43
38
-1
-72
-91
-67
8
59
107
102
124
250
214
233
308
314
250
121
46
-16
-40
-117
-142
-204
-272
-234
-199
-120
-153
-98
12
60
97
103
98
59
-51
-126
-153
-281
-374
-389
-460
-436
-335
-292
-237
-157
-65
-37
-87
-113
-206
-253
-348
-458
-489
-551
-591
-633
-625
-554
-496
-411
-355
-299
-277
-279
-249
-235
-244
-322
-348
-340
-349
-393
-410
-388
-371
-377
-301
-275
-275
-172
-92
-30
-25
-2
13
-65
-95
-70
-158
-163
-138
-178
-111
-33
22
76
156
172
208
252
269
329
326
303
263
153
86
-6
-85
-94
-41
-21
9
60
93
190
219
266
321
352
310
253
139
63
0
-80
-130
-146
-178
-138
-138
-104
-64
-56
-45
30
26
-7
-86
-106
-46
-139
-188
-241
-277
-283
-256
-322
-262
-223
-247
-202
-177
-164
-192
-106
-165
-129
-208
-270
-287
-315
-330
-343
-337
-363
-331
-359
-324
-327
-321
-334
-352
-319
-313
-303
-273
-290
-309
-268
-305
-313
-280
-281
-179
-196
-173
-103
-142
-146
-127
-76
-90
-101
-35
-15
38
-32
-106
-58
-41
-55
-44
-12
-53
-81
-31
-18
35
44
80
75
63
107
81
44
25
76
119
89
80
50
4
-6
60
87
19
6
-22
-20
21
-6
-35
-58
-39
-75
-137
-146
-169
-151
-229
-274
-300
-260
-205
-154
-138
-175
-152
-176
-124
-184
-163
-165
-195
-211
-247
-256
-291
-273
-222
-256
-244
-260
-295
-255
-268
-346
-371
-272
-237
-289
-307
-296
-264
-268
-305
-280
-329
-320
-319
-333
-322
-342
-314
-307
-223
-202
-194
-177
-216
-137
-131
-116
-109
-149
-212
-215
-231
-249
-188
-220
-201
-194
-159
-101
-91
-50
-45
-45
9
0
-5
-21
-33
-9
42
83
43
30
42
32
15
-11
-22
54
40
47
48
31
41
43
59
57
105
47
76
53
-12
31
46
54
-9
23
30
-31
-8
-13
-13
18
21
8
-2
-34
-84
-91
-139
-128
-135
-177
-99
-54
-19
29
20
-31
-46
-81
-99
-126
-164
-171
-183
-263
-260
-262
-265
-287
-335
-321
-267
-278
-223
-186
-226
-202
-220
-278
-199
-250
-230
-199
-242
-233
-268
-226
-232
-144
-87
-119
-111
-91
-10
-29
-120
-115
-108
-129
-134
-146
-186
-185
-177
-122
-140
-137
-59
-96
-108
-145
-170
-152
-164
-120
-84
-131
-144
-107
-111
-68
-46
-29
-52
-67
-40
-49
-44
-58
12
-56
-85
-56
-91
-81
-73
-79
-107
-55
-75
-136
-122
-94
-116
-107
-44
-55
34
78
78
55
39
102
9
-44
-37
-13
-67
-117
-89
-67
-120
-155
-140
-147
-133
-144
-131
-105
-154
-155
-170
-152
-218
-210
-210
-202
-188
-222
-264
-259
-205
-162
-125
-168
-138
-127
-46
-63
-48
-16
-9
-77
-89
-98
-113
-107
-137
-155
-169
-128
-92
-144
-142
-107
-100
-92
-52
-77
-23
-2
-9
16
-27
-31
-105
-133
-178
-220
-227
-159
-170
-157
-89
-120
-80
-58
-93
-29
-4
-47
-58
-129
-161
-152
-110
-122
-128
-129
-191
-115
-62
-91
-100
-114
-83
-6
-36
-57
-71
-136
-159
-152
-155
-142
-163
-97
-81
-67
18
-15
8
46
41
68
9
-52
-34
-39
-63
-100
-106
-141
-166
-160
-152
-160
-125
-86
-71
-99
-134
-198
-212
-136
-191
-214
-185
-192
-177
-150
-167
-161
-119
-90
-104
-76
-70
-63
-59
-111
-91
-104
-122
-125
-127
-147
-151
-118
-75
-106
-112
-90
-67
-123
-160
-119
-111
-39
-64
-69
-103
-89
-101
-76
-80
-99
-67
-43
-73
-35
-36
-76
-39
-53
-29
-37
-25
-53
-45
-47
-63
-53
-77
-153
-153
-171
-177
-83
-67
-89
-28
-31
-49
-87
-96
-81
-109
-99
-81
-41
-8
36
-18
-67
-15
3
55
22
1
-20
-52
-57
-60
-56
-19
-56
-96
-139
-146
-159
-125
-136
-150
-99
-111
-91
-78
-51
-99
-114
-68
-15
-7
-63
-93
-124
-125
-72
-84
-124
-115
-95
-80
-68
-17
8
-30
-23
-25
-7
-27
-81
-74
-123
-136
-173
-168
-116
-114
-131
-123
-114
-168
-134
-156
-127
-37
-5
13
12
-33
-65
-55
-82
-39
-1
-96
-98
-103
-100
-23
-100
-80
-35
-94
-58
-55
-77
-41
-114
-86
-110
-128
-91
-140
-68
-71
-101
-110
-92
-61
-76
-59
-86
-75
-52
-25
-43
-43
-81
-83
-58
-77
-74
-98
-105
-101
-86
-118
-154
-144
-83
-84
-99
-97
-110
-99
-101
-65
-82
-143
-195
-179
-168
-186
-190
-123
-168
-188
-180
-101
-46
-88
-52
-50
-53
-111
-92
-115
-163
-145
-115
-82
-56
-61
-78
-94
-99
-95
-100
-110
-73
-101
-80
-36
-79
-106
-146
-98
-101
-141
-100
-36
20
-7
-44
-119
-111
-7
31
58
18
-8
3
-45
27
20
-64
-44
-79
-95
-35
-76
-122
-75
17
-25
-66
-98
-90
-57
-80
-76
-107
-89
-99
-146
-131
-118
-163
-103
-89
-74
-87
-89
-96
-117
-120
-104
-112
-91
-113
-92
-77
-100
-109
-141
-127
-91
-60
-127
-82
-41
-40
-35
-75
-47
-58
-32
-41
-85
-70
-76
-53
-85
-55
-42
-130
-102
-77
-47
-10
-39
-33
19
7
54
15
-10
93
106
53
17
65
18
-9
-26
-23
6
12
-35
-14
37
3
18
-22
29
24
28
-18
-71
-17
-81
-52
-46
-10
-34
11
54
44
10
-61
6
7
-20
34
49
-42
-35
23
22
-38
-18
-6
-28
31
34
30
48
26
23
31
18
-24
14
-29
2
21
-3
65
94
-6
-41
-42
-39
-45
-22
45
84
67
62
88
82
71
81
107
50
4
-13
-15
-25
-6
-21
-12
78
69
101
46
5
9
-14
45
77
81
35
-23
-10
-29
-31
0
-12
11
36
24
-31
-10
-22
13
29
28
40
-21
-22
-3
33
-14
8
-32
-31
-61
-62
-58
-15
-37
-15
-30
-34
48
17
54
13
-12
1
13
7
44
-8
-46
-88
-89
-21
13
-33
-58
12
52
-2
-60
-72
-58
-60
-55
-22
-37
11
-5
-40
10
21
61
47
14
-20
-18
26
45
7
-29
-16
-54
-13
66
-8
4
69
55
44
-11
-52
-21
35
41
75
51
61
35
48
60
35
1
7
31
49
40
57
13
52
50
59
94
48
18
1
-7
27
71
87
129
83
106
45
79
39
5
38
-49
-24
51
58
45
37
-20
-9
-33
-39
18
-24
-22
3
-46
-61
-51
-59
-32
-68
-71
-71
-7
-46
-11
-2
-38
55
16
21
-6
-11
24
72
109
73
41
40
39
35
34
-1
-55
-33
-77
-52
-48
-49
24
-25
19
67
65
25
41
16
20
8
20
26
21
57
42
66
68
33
-9
-18
-21
-9
-4
-45
-26
22
-2
-4
13
