15
29
3
-10
59
52
51
76
79
74
53
31
78
70
78
3
-7
26
63
20
-8
65
60
19
8
6
10
24
43
0
-33
-41
27
100
108
28
62
36
-7
83
16
60
12
57
67
48
48
9
89
67
6
-34
-32
-9
9
27
27
48
-8
0
61
38
73
-8
18
61
10
28
-11
55
38
-50
-34
10
47
55
62
26
39
76
49
60
83
65
58
82
27
13
33
63
54
101
40
18
56
19
-2
-30
61
107
81
27
69
83
54
41
24
2
13
38
95
106
123
164
77
81
8
9
8
21
88
36
23
28
3
81
102
60
91
67
-2
29
32
38
19
1
81
-12
-35
-35
-24
2
-10
15
48
36
13
21
36
39
95
104
65
30
88
57
53
77
47
43
15
-21
-14
-9
28
46
-2
-7
11
12
62
16
14
59
30
30
13
28
55
70
52
41
-21
16
81
68
48
83
22
10
37
52
58
36
57
37
21
44
18
-15
-5
-1
17
23
55
113
127
121
114
44
38
58
33
98
99
43
69
2
38
64
6
34
-4
-47
56
64
26
39
50
75
35
84
57
62
62
61
53
34
39
-5
56
82
79
56
93
96
85
120
107
94
40
9
23
20
-11
4
38
37
14
20
49
48
14
52
101
150
106
36
92
21
48
73
105
61
52
64
67
30
98
80
23
62
56
117
72
113
59
53
50
115
46
70
140
57
43
51
61
35
44
68
106
75
74
39
105
98
100
97
65
56
35
33
0
14
39
68
89
99
76
106
77
76
107
145
130
143
137
87
57
112
73
90
121
157
174
91
107
68
53
56
74
54
80
78
96
86
106
133
83
133
140
104
136
126
69
66
93
54
81
141
89
82
89
115
76
36
71
112
97
147
124
72
59
82
13
6
43
21
132
161
115
72
67
79
129
74
98
114
92
94
77
94
91
90
49
136
128
110
106
89
143
141
167
189
129
163
159
109
141
90
97
123
77
109
65
58
102
84
112
135
114
58
78
101
116
92
61
118
111
116
139
161
120
86
86
75
82
63
88
54
71
133
115
138
141
138
137
176
167
92
110
139
139
125
100
144
95
84
145
190
205
118
161
145
137
161
120
128
132
131
89
77
123
138
91
132
152
131
116
181
138
138
213
101
154
93
69
108
155
148
117
106
107
154
138
163
121
91
127
98
114
111
50
91
119
104
83
92
54
53
62
56
109
75
64
75
83
77
96
143
158
174
136
123
113
134
144
121
85
80
63
41
99
137
81
70
30
39
20
66
45
55
181
131
98
85
94
109
79
87
85
141
124
108
118
120
114
87
51
35
41
58
37
55
66
44
66
68
56
44
64
50
63
34
40
68
80
15
48
72
-6
70
84
72
29
69
96
119
143
66
83
104
97
63
10
78
78
36
97
45
33
11
9
25
39
31
-3
14
-14
-50
-14
-57
-4
-21
-22
35
30
17
-24
-18
-34
-39
-14
10
13
66
55
77
135
112
56
102
99
80
112
49
78
52
63
79
59
61
5
-43
3
20
27
46
74
131
135
133
118
82
90
47
81
136
72
118
143
114
100
105
146
122
108
65
49
98
128
82
43
61
86
97
60
25
41
69
10
12
18
-7
11
56
81
119
73
40
57
21
38
42
93
83
84
88
126
120
72
58
46
102
99
66
120
93
33
85
131
136
130
95
103
94
85
42
-13
19
22
107
111
51
68
69
6
-7
65
59
84
14
48
65
69
98
50
93
25
64
38
52
64
24
44
60
66
67
113
117
95
96
69
142
192
149
144
145
131
71
66
96
155
161
128
120
138
124
165
148
138
92
104
187
151
151
91
120
140
142
121
125
137
179
127
153
127
167
180
117
143
172
139
143
156
77
60
77
115
122
118
69
105
71
48
47
39
89
139
138
98
76
30
51
91
54
23
4
28
-14
8
58
48
46
16
18
15
30
32
46
30
7
12
3
2
-17
-58
-54
20
14
-4
-22
16
12
-10
16
6
16
-44
-78
-8
3
5
11
0
-31
-3
5
-12
-60
-20
10
28
-18
-102
-4
-5
0
36
71
106
148
104
118
161
115
120
153
170
225
233
224
288
264
212
233
277
368
335
268
310
310
310
363
376
335
300
320
353
345
278
244
242
216
199
181
172
175
119
88
82
40
45
7
24
36
55
-33
-61
-36
1
4
-40
-3
-24
-24
-40
-42
-7
-30
-78
-45
-20
-44
-41
15
-27
-75
-83
-94
-75
-55
-62
-85
-10
-20
-64
-57
-60
-63
-89
-93
-70
-111
-60
-54
-37
19
-23
3
-20
2
33
-13
-21
-24
-42
-17
-94
-48
31
-33
-47
-132
-77
-63
-20
3
-101
-155
-101
-57
-35
16
110
358
546
533
346
101
17
169
405
488
447
376
398
524
511
474
320
192
164
326
550
570
492
393
333
285
235
142
1
-59
-12
150
286
199
49
44
-32
-47
-84
-134
-122
-22
67
128
139
55
-60
-110
-144
-163
-132
-141
-140
-33
127
100
83
-29
-123
-131
-98
-5
-53
-49
18
111
167
89
62
50
56
-27
-53
-41
35
215
302
328
356
334
368
364
255
182
212
269
404
506
466
291
170
158
143
161
139
114
83
130
244
204
114
22
-38
-114
-128
-80
-53
-92
-92
-54
-60
-89
-176
-257
-319
-304
-291
-273
-247
-239
-239
-274
-290
-395
-391
-339
-341
-358
-272
-224
-216
-161
-125
-102
-291
-317
-279
-299
-282
-300
-266
-347
-325
-229
-222
-180
17
285
503
404
94
-141
-171
95
463
693
536
288
380
666
807
628
349
205
232
418
738
843
658
444
375
365
335
194
-53
-126
-1
227
459
360
144
-37
-99
-98
-135
-104
-203
-171
-13
61
-34
-149
-205
-256
-215
-207
-256
-254
-216
-41
115
57
-41
-263
-350
-301
-272
-228
-222
-231
-149
-5
62
88
-86
-175
-228
-191
-67
-20
9
26
59
104
154
135
72
-24
-4
67
57
149
285
461
607
612
453
198
12
115
387
531
442
259
308
389
447
337
170
-20
-158
52
209
245
124
52
48
-10
-21
-114
-269
-419
-378
-190
-157
-239
-346
-405
-415
-352
-289
-285
-365
-341
-193
-147
-190
-246
-261
-280
-233
-222
-261
-273
-312
-238
-133
-132
-203
-234
-215
-204
-160
-190
-291
-315
-261
-212
-78
-97
-173
-177
-156
-103
-115
-136
-100
-32
82
186
302
357
320
263
319
383
408
342
323
446
573
634
598
581
387
332
402
435
389
318
370
362
375
364
327
131
-8
24
7
-5
-12
-56
-14
-9
-30
-27
-135
-202
-138
-99
-106
-169
-132
-133
-132
-129
-153
-182
-247
-228
-161
-107
-118
-107
-50
-70
-143
-98
-110
-143
-137
-98
-17
-28
14
150
347
523
592
466
255
103
37
287
483
498
402
348
423
350
411
282
88
46
152
407
479
446
335
263
155
60
45
-68
-218
-149
-55
62
73
-80
-207
-287
-312
-297
-294
-409
-347
-181
-207
-301
-388
-456
-526
-543
-509
-503
-554
-513
-418
-349
-365
-480
-584
-621
-681
-644
-624
-706
-751
-725
-585
-274
389
888
776
120
-454
-545
-82
638
992
780
303
271
868
1198
937
407
45
-27
317
1012
1322
1018
519
534
637
492
240
-21
-218
-165
358
784
749
293
14
-13
-91
-180
-215
-331
-340
-110
145
143
-84
-227
-249
-213
-397
-515
-480
-401
-187
75
181
-80
-402
-503
-433
-418
-393
-427
-490
-346
-69
166
113
-104
-304
-369
-249
-132
-107
-183
-277
-152
53
168
138
-20
-99
30
353
668
691
313
111
104
330
615
732
583
233
177
401
566
451
235
143
77
281
622
588
272
1
-13
12
25
-112
-189
-251
-191
-23
-6
-186
-450
-419
-336
-341
-366
-343
-316
-279
-190
-76
-226
-454
-466
-389
-306
-332
-370
-370
-385
-335
-179
-225
-478
-520
-548
-552
-476
-440
-537
-646
-650
-554
-546
-666
-812
-836
-815
-683
-145
591
1025
748
61
-423
-538
23
705
928
627
218
540
1191
1314
879
405
36
-72
412
1046
1247
930
576
619
721
454
111
-174
-388
-254
223
702
558
152
18
-54
-170
-301
-373
-388
-397
-120
153
174
-26
-160
-128
-146
-378
-519
-512
-430
-220
38
155
-128
-291
-337
-314
-291
-345
-390
-561
-351
-13
251
215
-66
-250
-326
-178
-122
-112
-237
-240
-120
173
545
817
804
492
55
-254
-180
188
572
747
657
485
505
571
451
228
-1
-140
-3
377
756
683
381
205
73
-40
-120
-231
-421
-516
-325
-2
42
-157
-417
-481
-525
-550
-482
-499
-458
-452
-355
-283
-432
-569
-621
-574
-604
-560
-574
-631
-567
-427
-273
-380
-591
-735
-725
-630
-636
-683
-848
-915
-787
-241
571
1063
902
85
-520
-784
-313
519
949
838
358
430
1066
1446
1096
442
45
-17
373
1067
1433
1233
816
816
1009
850
364
-16
-127
-28
272
718
882
461
210
213
194
-63
-242
-304
-270
-137
68
174
48
-168
-180
-78
-205
-445
-503
-391
-242
-49
101
40
-172
-331
-245
-140
-250
-406
-480
-407
-199
133
293
116
-200
-287
-138
-53
-28
-32
36
386
835
959
745
469
126
21
340
563
543
466
517
790
834
634
407
222
72
198
559
638
518
452
418
393
270
71
-124
-277
-224
-9
127
32
-74
-162
-106
-201
-318
-353
-387
-401
-311
-242
-273
-405
-488
-410
-450
-539
-632
-633
-613
-492
-337
-336
-442
-618
-582
-542
-706
-827
-922
-1015
-926
-668
-45
894
1509
1302
451
-376
-858
-501
399
1006
978
577
647
1368
1791
1429
737
251
-103
64
822
1419
1378
950
970
1207
1056
608
198
-28
-219
-26
534
856
544
205
398
588
261
-87
-176
-267
-372
-318
-55
-37
-252
-221
64
73
-256
-514
-409
-323
-207
-32
86
-173
-428
-312
32
75
-155
-232
-145
-15
47
213
67
-256
-364
-165
215
568
899
1047
971
779
479
36
-236
-220
-91
80
233
465
721
854
853
750
558
302
253
520
716
720
794
795
681
493
313
56
-334
-629
-714
-610
-524
-533
-563
-415
-339
-390
-407
-560
-726
-966
-1041
-1097
-1101
-912
-715
-568
-627
-670
-862
-1011
-1081
-1021
-1011
-1157
-1347
-1356
-1454
-1519
-1495
-948
903
3676
4864
3270
1688
2010
1853
-881
-2748
-637
1446
109
-946
1200
3390
2020
202
449
-71
-2694
-3170
-209
2490
2425
2243
3305
3351
2082
1337
1352
548
-689
-633
475
1475
1671
1092
357
-682
-1659
-2410
-2595
-2168
-1720
-1330
-584
206
396
20
-49
-219
-739
-966
-593
130
712
1458
1900
1471
629
-43
-439
-819
-1029
-940
-660
-238
388
805
802
362
-138
-312
-280
1978
5050
6008
4457
2524
1365
-360
-2250
-2547
-1053
129
73
676
849
18
-691
-580
222
427
739
1546
2172
2541
2132
760
-947
-1896
-1610
-1151
-523
-128
-538
-1295
-1607
-1442
-1652
-1755
-1429
-877
-486
-204
-253
-901
-1593
-1968
-2131
-1785
-1394
-1431
-1481
-1211
-1225
-1930
-2860
-2803
-2408
-2369
-2781
-2749
-2238
-1263
4322
12409
15793
12252
5963
2495
-62
-4465
-6456
-2959
1803
1965
146
436
560
-2557
-5858
-4653
-1938
-1388
-136
4005
8359
8287
4828
2469
1238
-90
-629
766
2604
2042
183
-477
-470
-1805
-4516
-6087
-5801
-4847
-3227
-725
1658
2467
2034
1476
918
201
-169
478
1832
3087
3541
3238
2342
908
-592
-1820
-2693
-3072
-2691
-1703
-507
305
334
-252
-810
-961
-544
151
965
1698
2622
3407
3791
5409
6093
5499
3469
1051
-853
-2812
-3623
-3400
-2224
-1034
-468
-191
-572
-930
-854
-46
1162
2074
2992
3358
3436
3087
1803
89
-1754
-2782
-2821
-2122
-975
-358
-431
-824
-1364
-1882
-2329
-2541
-2321
-1580
-582
58
238
-152
-853
-1534
-2158
-2298
-1995
-1884
-1885
-1541
-1267
-1303
-1658
-2161
-2741
-3134
-3767
-3098
-2562
2837
12815
18338
15999
7895
2928
-173
-5458
-9176
-6517
-347
1615
62
495
1469
-986
-5036
-5191
-2101
-837
-409
3183
8496
10092
7023
3825
2398
661
-1228
-1201
520
632
-1132
-1569
-711
-1060
-3538
-5841
-6186
-5381
-3704
-1084
1992
3863
3793
3021
2244
1276
443
139
862
1855
2357
2036
1061
35
-1033
-2059
-2922
-3384
-3308
-2559
-1345
33
964
1278
982
734
801
1004
1287
1649
2380
3363
6861
9137
7207
2754
-1444
-3764
-5664
-5987
-4159
-1325
663
1102
1210
813
-234
-986
-367
1290
2656
3323
3514
3574
3118
1387
-1166
-3258
-3980
-3607
-2317
-692
301
210
-470
-924
-1257
-1588
-2096
-2371
-1755
-668
119
252
-234
-1106
-1993
-2590
-2775
-2468
-1942
-1581
-1351
-1236
-1590
-2319
-3107
-3406
-3574
-3727
-3123
-1974
6046
16524
20713
16222
7485
2697
-1765
-8349
-11314
-6794
-351
681
-705
738
1751
-1444
-5124
-4307
-1011
-259
310
4500
9679
10419
6820
4060
3263
1267
-1349
-1999
-1216
-1541
-2893
-2519
-950
-1172
-3775
-6136
-6302
-4853
-2650
267
3168
4765
4441
3397
2597
1971
1427
992
958
1136
913
301
-231
-721
-1167
-2042
-2993
-3601
-3550
-2734
-1223
570
1913
2311
1974
1662
1499
1481
1411
1633
2327
2830
4808
6948
6828
3926
-146
-3152
-5516
-6688
-6137
-3894
-859
1292
2595
2891
2124
940
196
558
1441
2289
2818
3066
2910
1849
-266
-2679
-4141
-4269
-3461
-2156
-884
-177
-41
-138
-291
-803
-1583
-2487
-2800
-2147
-976
-22
298
-14
-816
-1939
-2907
-3143
-2851
-2472
-2319
-1981
-1992
-1972
-2781
-3587
-4103
-3267
-2657
2412
13383
20696
19903
11710
5307
907
-6184
-12226
-11005
-3964
-419
-1808
-1108
1697
1269
-2214
-3581
-1108
12
-611
1568
6767
10038
8308
5675
5123
3969
702
-2379
-3385
-3516
-4527
-4366
-2454
-1133
-2316
-4898
-5542
-4367
-2642
-637
1590
3422
3871
3460
3356
3370
3147
2300
1156
267
-589
-1391
-1861
-1570
-1092
-1369
-2298
-3053
-3203
-2587
-1645
-212
1213
1814
2070
2132
2410
2542
2343
2063
2094
1925
2610
4960
6003
4851
1639
-1438
-4100
-6341
-6735
-5296
-2287
426
2120
3002
2910
2142
1164
833
1156
1507
1721
1869
1943
1513
161
-1585
-2964
-3480
-3290
-2688
-1816
-1044
-469
-142
-99
-374
-1121
-2141
-2847
-2543
-1661
-833
-389
-490
-920
-1474
-2041
-2487
-2632
-2576
-2573
-2639
-3030
-3123
-3225
-3335
-3680
-3071
-2386
899
10948
19577
21199
14477
6937
2299
-4748
-11794
-12831
-6925
-2131
-2662
-2438
766
1985
-676
-2749
-755
1009
7
376
4188
8225
8272
6564
6519
6054
2811
-1599
-4081
-4664
-5472
-5796
-4356
-2637
-2648
-4146
-4535
-3085
-1416
-92
1140
2421
3005
2936
3124
3626
4034
3555
2168
585
-897
-2049
-2738
-2780
-2298
-2029
-2347
-2781
-2621
-1891
-846
17
854
1527
1991
2321
2712
3135
3097
2657
2195
1803
1923
3447
5093
4760
2303
-755
-3468
-5691
-6734
-5599
-2825
-37
1838
2903
3167
2719
1955
1436
1452
1458
1379
1350
1241
938
96
-1182
-2361
-3025
-3070
-2822
-2299
-1613
-763
-60
99
-210
-865
-1751
-2516
-2552
-1821
-1128
-875
-898
-1079
-1282
-1561
-1804
-2136
-2432
-2685
-3075
-3637
-3850
-3996
-3719
-3529
-2255
-1507
3582
14200
21318
20812
12742
5857
736
-7072
-13189
-12352
-5887
-2542
-3824
-2522
1431
2384
-321
-1696
764
1800
89
446
4349
8063
7798
6842
7686
6840
2414
-2918
-5331
-5453
-6277
-6640
-5338
-3617
-3333
-4242
-3243
-1072
295
770
1206
2385
2971
2759
3038
3834
4294
3609
2017
370
-1286
-2662
-3449
-3547
-3061
-3001
-3047
-2711
-1868
-611
215
794
1206
1537
1981
2375
2782
2825
2768
2473
2289
1952
1864
2760
3051
3409
2511
520
-1989
-4644
-5605
-5472
-3689
-1199
1128
3000
3529
3503
2834
1946
1425
971
874
910
679
406
-331
-1045
-1740
-2341
-2535
-2676
-2432
-1997
-1273
-371
-83
-338
-936
-1827
-2409
-2613
-2252
-1701
-1345
-1065
-815
-676
-1009
-1627
-2261
-2975
-3539
-3934
-4002
-4064
-3840
-3613
-2212
-1263
3383
13797
21552
21463
13593
6287
1173
-6630
-13464
-13354
-6996
-3162
-4272
-3201
1228
3119
783
-959
1428
2799
561
-260
2846
7061
7715
7183
8357
7791
3322
-2760
-5752
-5668
-6277
-7199
-6600
-4742
-3605
-3774
-2541
-20
1388
1532
1515
2454
2955
2376
2411
3223
4052
3695
2185
686
-893
-2393
-3408
-3954
-3867
-3872
-3645
-2788
-1531
-103
719
1223
1775
2141
2593
2667
2490
2236
1913
2016
2327
2225
2365
3399
3320
2616
1546
-128
-2374
-4795
-5491
-4781
-2933
-522
1567
3152
3541
3205
2524
1766
1382
1061
851
686
301
-87
-811
-1274
-1596
-2139
-2382
-2452
-2197
-1667
-1028
-457
-311
-569
-1239
-1987
-2364
-2583
-2493
-2127
-1540
-869
-706
-552
-961
-1586
-2446
-3352
-4134
-4597
-4645
-4427
-3975
-2832
-1747
1526
11342
20617
22857
16649
8243
2587
-4956
-12732
-14640
-9478
-4338
-4466
-3899
401
3381
1926
-333
1269
3332
1472
-581
1107
5464
7683
7575
8614
8550
4708
-1320
-5170
-5539
-6212
-8024
-8184
-6278
-4078
-3270
-2244
9
1381
1608
1526
2329
3066
2474
2093
2741
3719
3813
2403
796
-612
-2071
-3296
-4291
-4509
-4464
-4190
-3035
-1508
-66
638
1080
2013
2837
3135
2773
2181
1779
1535
1786
2099
2237
1686
2933
5158
4921
2368
-1300
-4210
-6716
-7761
-5959
-2577
1010
3007
4065
4397
3613
2412
1187
920
1173
1002
557
-36
-339
-715
-1382
-1876
-2478
-3017
-3164
-2563
-1322
-275
159
-199
-775
-1310
-2005
-2632
-2855
-2688
-2395
-1776
-1036
-717
-839
-1131
-1533
-2210
-3039
-4062
-4900
-5424
-5381
-4494
-2446
-655
6156
16987
23397
21350
12373
5177
-1024
-9570
-15169
-13512
-6992
-4402
-5139
-1917
3102
4162
1140
209
2986
2802
-454
-1332
2506
7168
8263
8667
9440
7406
1920
-3715
-5459
-5630
-7693
-9582
-8651
-5352
-2904
-2129
-528
1490
2230
1846
1745
2564
2337
1409
1819
3411
4572
3604
1873
496
-948
-2678
-4537
-5364
-5131
-4641
-3556
-2005
-397
624
1058
1782
2709
3154
2774
2165
1718
1709
1754
2110
2057
2530
5241
6337
4577
798
-2803
-5592
-8311
-8102
-5362
-1524
1771
3337
4710
4656
3602
2174
1098
1178
896
506
32
-212
17
-429
-1213
-2101
-3026
-3407
-3300
-2255
-913
-127
-44
-435
-545
-994
-1973
-2853
-3264
-3146
-2703
-1953
-1240
-998
-1143
-1422
-1966
-2429
-3181
-3921
-4589
-4810
-4729
-3824
-2468
516
10418
20701
24083
18257
8944
2796
-4568
-12780
-15765
-11301
-5628
-5381
-4686
396
4760
4037
1151
2216
4139
1337
-2603
-1704
3661
7569
8255
9228
9496
6140
110
-4282
-5184
-6717
-9835
-10880
-8122
-3974
-2302
-1548
818
2810
3082
2164
1953
2233
1278
731
1713
3587
4294
2993
1669
469
-1168
-3316
-5317
-5862
-5412
-4646
-3411
-1843
-122
1126
1978
3007
3471
3055
2283
1550
1455
1336
1782
2059
3802
6727
6899
4478
183
-3769
-6975
-9227
-8405
-5347
-1225
1986
3973
5322
4898
3574
2090
1338
1364
843
258
-238
-258
-99
-540
-1195
-2302
-3207
-3493
-2970
-1889
-952
-431
-328
-481
-604
-1111
-2083
-2814
-3157
-3126
-2718
-2031
-1655
-1624
-1374
-1280
-1501
-2370
-3665
-4687
-5656
-5984
-5789
-3986
-1859
5782
17743
25014
23524
14369
6366
-694
-9895
-16085
-15196
-9222
-6356
-6036
-1859
3841
5537
2718
1676
4074
3123
-1455
-3475
429
5990
8076
9011
10194
8801
3921
-1517
-4074
-5808
-9414
-12023
-10813
-6565
-3319
-2209
-233
2394
3708
3205
2259
2094
1226
302
894
2794
4266
3804
2726
1738
189
-2259
-5000
-6353
-6086
-5467
-4319
-2812
-953
732
1739
2686
3358
3475
2802
1933
1506
1382
1484
1950
2287
4097
6022
5899
3668
-125
-3585
-6921
-8793
-7835
-4792
-688
2220
4276
5243
4840
3808
2293
1510
1067
548
199
-181
-174
-362
-895
-1582
-2508
-3067
-3179
-2672
-1684
-746
-239
-170
-432
-809
-1731
-2714
-3304
-3467
-2992
-1906
-661
-556
-1089
-1795
-2544
-3109
-4047
-4675
-5262
-5515
-6009
-5106
-3567
1786
14056
23943
26108
18988
9801
2590
-6849
-14657
-16367
-11559
-7426
-7444
-4495
1567
5337
3964
2079
3955
4345
121
-3478
-1503
4478
8072
8927
10161
9844
6134
548
-3127
-4837
-8245
-11796
-11836
-8111
-4112
-2883
-1404
1588
3826
4095
2696
2079
1459
506
694
2144
4091
4343
3243
2365
1109
-1195
-4164
-6249
-6326
-5711
-4837
-3539
-1747
317
1586
2532
3404
3545
3040
1903
1338
1296
1607
2127
2829
4260
4897
4991
3932
1427
-1783
-5262
-7357
-7633
-5785
-2417
759
3273
4492
4838
4325
3163
1970
979
556
463
416
286
-176
-807
-1405
-2020
-2507
-2849
-2725
-2174
-1305
-545
-212
-388
-1048
-1821
-2503
-3074
-3230
-2785
-1712
-724
-628
-1204
-2299
-3142
-3604
-4257
-4692
-5254
-5790
-6080
-4908
-2872
5558
18119
25655
24452
15577
7613
-136
-9770
-15927
-15147
-9520
-7485
-7205
-2614
3305
5380
3039
2655
4798
3068
-1770
-3660
665
6587
8664
9374
10311
9028
4586
-821
-3722
-6080
-10007
-12323
-10625
-6177
-3443
-2765
-382
2783
4584
3894
2450
2052
1090
504
1102
2809
4350
3999
3199
2209
242
-2507
-5443
-6590
-6214
-5602
-4543
-3119
-1079
852
2094
3085
3647
3483
2721
1767
1415
1216
1646
2423
3601
5173
5129
4190
2268
-368
-3354
-6225
-7118
-6328
-3857
-1019
1521
3720
4634
4844
4156
2990
1758
707
301
292
457
317
-348
-1077
-1832
-2518
-2933
-2957
-2541
-1764
-820
-293
-263
-664
-1442
-2490
-3271
-3373
-2863
-1978
-1028
-586
-977
-1915
-3191
-4036
-4415
-4588
-4757
-4951
-5121
-3894
-2428
4933
17099
24830
24015
15034
6968
-271
-9220
-15318
-15050
-9466
-7176
-7023
-2920
2667
5078
2992
2669
5060
3686
-1223
-3611
382
6583
8844
9217
9917
8754
4545
-976
-4044
-6301
-9886
-12044
-10424
-6066
-3346
-2811
-582
2669
4575
3842
2319
2092
1425
872
1357
2885
4427
4260
3410
2350
181
-2889
-5971
-7067
-6528
-5800
-4542
-2980
-807
1151
2188
3126
3441
3221
2443
1618
1461
1519
1985
2771
4596
6350
5966
3732
508
-2710
-5792
-7733
-7322
-5122
-2036
578
2706
4258
4840
4375
3353
2357
1471
834
378
478
737
585
-71
-1109
-2156
-3044
-3491
-3345
-2655
-1618
-668
-74
112
-109
-785
-1949
-3129
-3693
-3293
-2346
-1289
-977
-1506
-2265
-3207
-3835
-4089
-4222
-4683
-5229
-5432
-4150
-2043
6642
18890
25765
23660
13935
6094
-1459
-10538
-15888
-14655
-9038
-7354
-6810
-1992
3497
5160
2780
2745
4764
2444
-2534
-3820
1421
7557
9328
9849
10665
9214
4264
-1675
-4866
-7368
-10911
-12276
-9793
-5235
-2894
-2331
342
3401
4447
2810
1229
1565
1493
1123
1656
3414
5062
4930
4041
2632
-21
-3502
-6569
-7307
-6631
-5905
-4721
-2922
-404
1493
2361
3123
3453
3176
2256
1319
1320
1594
2305
3054
4142
5774
5878
4553
1639
-1790
-5004
-7527
-7630
-5916
-2950
-237
1942
3917
4806
4713
3483
2308
1700
1285
1141
777
634
480
57
-546
-1577
-2617
-3446
-3583
-3006
-2050
-1090
-711
-588
-538
-843
-1801
-2901
-3400
-2799
-1781
-1108
-1039
-1709
-2158
-2728
-3618
-4385
-4776
-4989
-5001
-5028
-3811
-2363
4688
16711
24652
24280
15298
6927
105
-8567
-14804
-15087
-9731
-6887
-6560
-2421
2867
4879
2351
1435
4005
3077
-1698
-3966
662
7439
9582
9440
10067
9409
5378
-748
-4561
-6822
-10146
-11814
-9847
-5409
-2860
-2627
-403
2847
4188
2650
848
1311
1733
1450
1747
3235
4995
5091
4310
2927
318
-3093
-6096
-6902
-6222
-5655
-4791
-3169
-866
1106
1841
2507
2995
2894
2214
1438
1495
2114
2828
4145
7178
8858
7330
3426
-1303
-5600
-9366
-10388
-8494
-4666
-834
1846
4212
5463
5549
4346
2841
1897
1159
849
627
772
986
498
-393
-1624
-2834
-3825
-4073
-3434
-2315
-1077
-402
-181
-177
-585
-1419
-2311
-2729
-2646
-2170
-1615
-1377
-1881
-2598
-3256
-3665
-4091
-4337
-4295
-4456
-5035
-4878
-3666
-213
10662
22139
26759
21233
10672
3478
-4174
-12003
-15972
-13069
-7677
-6950
-5374
-335
4330
4183
1399
2445
4063
916
-3623
-2803
4279
9740
10004
9704
9815
7819
2304
-3327
-5944
-8415
-11154
-11465
-8129
-3885
-2675
-1982
731
3274
3341
1087
558
1807
2188
2170
2763
4670
5868
4996
3435
1138
-1777
-4995
-6997
-6637
-5711
-5015
-4018
-2234
12
1175
1558
2097
2504
2487
1848
1629
2275
2989
3856
6180
8118
7529
4448
473
-3210
-6741
-8598
-8185
-5924
-2941
-525
1877
3669
4604
4365
3378
2745
2167
1827
1540
1367
1368
874
-134
-1388
-2643
-3571
-4028
-3709
-2734
-1660
-785
-239
-227
-618
-1434
-2201
-2490
-2457
-2229
-1860
-1535
-1681
-2106
-2357
-2997
-3789
-4615
-4971
-4997
-4822
-5076
-4189
-2656
1339
12734
23187
26465
19558
9212
2516
-5212
-12717
-16184
-12468
-7154
-6458
-4352
566
4353
3239
596
2223
3628
260
-3485
-1329
6287
10861
10299
9601
9340
6924
991
-4538
-6776
-8908
-11107
-10820
-7294
-3378
-2524
-1728
1033
3109
2491
295
412
2194
2762
2606
3236
5208
6203
5033
3074
467
-2645
-5716
-7267
-6436
-5409
-4598
-3360
-1460
563
1161
1248
1694
2081
2053
1567
1806
2903
3892
7510
10382
9826
6292
464
-4529
-9291
-11057
-9575
-6441
-2232
452
3066
4454
4543
4123
2914
2369
1694
1395
1428
1531
2056
1615
232
-1412
-2993
-4022
-4470
-3934
-2749
-1470
-394
215
342
-169
-1147
-1937
-2198
-2287
-2355
-2352
-2024
-1791
-2052
-2606
-3419
-3739
-3774
-3879
-4269
-4841
-5531
-5783
-4504
-1060
10415
22569
27643
22616
11773
4326
-3680
-11746
-16204
-13773
-8009
-6866
-5205
-274
4103
3780
643
1346
3052
313
-3685
-2304
5308
11020
11010
10254
10141
8072
2463
-3611
-6378
-8460
-10811
-11114
-8161
-3948
-2690
-2225
238
2331
2025
-59
65
2156
2888
2831
3441
5561
6997
5834
3727
1007
-2225
-5299
-7158
-6628
-5468
-4674
-3489
-1700
359
950
782
1135
1622
1759
1585
1873
3162
4125
6930
9831
10088
7568
2275
-2732
-7663
-10282
-9851
-7479
-3630
-765
2000
3810
4304
4054
2828
2253
1870
1863
2003
1946
2182
1686
565
-1037
-2670
-3788
-4386
-3930
-2835
-1661
-525
171
237
-177
-981
-1638
-2191
-2496
-2424
-2206
-1558
-1451
-1895
-2595
-3604
-3975
-4288
-4344
-4647
-4941
-5368
-5650
-3873
-1081
9657
22170
27975
23817
12263
4212
-3357
-11075
-15662
-13989
-7886
-6185
-4816
-547
3574
3622
266
384
2465
471
-3179
-2136
5252
11670
11869
10523
10086
8204
2849
-3663
-6757
-8180
-10013
-10370
-8080
-4168
-2697
-2516
-515
1424
1380
-350
-142
2377
3569
3532
3839
5748
7406
6225
3647
801
-2126
-4821
-6698
-6403
-5144
-4225
-3171
-1822
-19
641
455
658
1253
1629
1761
2224
3634
4671
7927
11394
11062
7671
1283
-4241
-9204
-11423
-9934
-6770
-2337
325
2925
4541
4394
3530
2016
1812
1992
2209
2420
2319
2586
2052
218
-1844
-3571
-4521
-4745
-3865
-2200
-827
237
749
537
58
-843
-1576
-2015
-2238
-2483
-2663
-2361
-2202
-2486
-3002
-3559
-3445
-3430
-3491
-4187
-4778
-5912
-5929
-4199
1034
14250
25323
28569
21100
9877
2334
-5974
-12888
-16027
-12213
-7072
-6066
-3390
1219
4261
2672
-125
1081
1894
-1301
-3707
-62
8133
12554
11615
10613
9960
6850
669
-4946
-7037
-8565
-9999
-9535
-6565
-3138
-2547
-2114
-344
737
88
-1033
641
3120
3841
3867
4818
7097
7772
5638
2563
-477
-3058
-5376
-6488
-5741
-4683
-3657
-2659
-1298
-7
121
29
550
1089
1561
1810
2905
4287
5985
10183
11973
10428
5278
-1219
-6316
-10374
-10421
-8450
-4797
-1143
1229
3673
4266
3793
2378
1339
1605
1871
2498
2735
2972
3027
1642
-650
-2945
-4441
-5000
-4526
-3137
-1588
-341
485
591
258
-278
-1248
-1822
-2013
-2066
-2066
-2424
-2140
-2394
-2835
-3815
-4546
-4320
-3971
-4113
-4487
-5262
-5152
-4175
-228
12802
24918
29002
21786
9974
2854
-4732
-11725
-15375
-11975
-6147
-5342
-3736
265
3340
2026
-1253
-226
1410
-963
-3314
-44
8611
13379
11828
10068
9397
6815
567
-5198
-6645
-7174
-8544
-8845
-6541
-3193
-2712
-3077
-2032
-938
-1023
-1506
502
3711
4650
4357
4889
6925
7887
5611
2379
-519
-2749
-4551
-5652
-5016
-4102
-3485
-2863
-2037
-935
-676
-800
-188
763
1675
2330
3253
4764
7625
11052
11734
9073
3783
-2226
-7257
-9903
-9348
-6831
-3700
-1052
1298
3089
3493
2813
1883
1663
2032
2491
3100
3383
3327
2521
695
-1651
-3728
-4889
-5090
-4085
-2464
-939
190
481
175
-473
-1128
-1516
-1595
-1505
-1626
-1713
-1692
-1932
-2894
-3858
-4869
-5045
-4598
-4140
-4194
-4188
-5014
-4539
-3656
2311
16327
26304
27560
17609
7005
890
-6200
-11885
-14081
-9263
-4878
-4787
-2727
774
2666
197
-2127
51
970
-1604
-2672
2546
10974
13427
10884
9237
8303
4880
-1445
-5796
-5993
-6422
-7735
-7799
-5379
-2764
-3192
-3542
-2701
-2000
-2040
-1472
1717
4609
4933
4612
5570
7522
7163
4114
1095
-1073
-2559
-4054
-4610
-3867
-3356
-3259
-2981
-2366
-1573
-1544
-1301
-226
1069
2149
2909
4099
5486
9662
12499
11440
7095
587
-4795
-9128
-9941
-8204
-5138
-1902
-139
1993
2932
2565
1731
1286
2129
2768
3405
3684
3532
3314
1677
-899
-3349
-4855
-5281
-4789
-3245
-1573
-352
231
23
-478
-998
-1430
-1490
-1253
-899
-835
-1295
-1807
-3065
-4549
-5551
-5701
-5201
-4402
-4206
-3886
-4480
-4548
-4205
-86
13804
25433
28352
19704
7845
1686
-4583
-10187
-13194
-9648
-4274
-3995
-3163
-406
1397
-409
-3166
-1404
694
-870
-2020
2263
10627
14159
11412
8941
7924
5143
-697
-5441
-5521
-5141
-6321
-6913
-5456
-3122
-3592
-4881
-4244
-3211
-2641
-1882
1156
4692
5436
5123
5718
7299
7319
4332
1156
-819
-2081
-3138
-3648
-2879
-2518
-3247
-3729
-3577
-2818
-2441
-2203
-808
914
2391
3267
4702
7219
8623
9389
9195
7113
3285
-2058
-6051
-7708
-7390
-5712
-3940
-1600
246
1228
1773
1745
1814
1955
2598
3630
4310
4356
3136
1287
-487
-2415
-3893
-4588
-4272
-3277
-2090
-939
-273
-197
-513
-1195
-1532
-1406
-1257
-862
-607
-767
-1384
-2356
-3497
-4465
-5091
-5161
-5132
-4348
-4302
-3934
-4908
-4782
-3580
2561
16845
26434
27238
16691
5416
-322
-6035
-10382
-12140
-7450
-2608
-2344
-1478
92
504
-2147
-4481
-2627
-718
-1190
-479
4940
12352
14263
11040
8167
6289
2882
-2284
-5397
-4770
-4250
-5020
-5321
-4061
-2816
-4421
-6129
-5811
-4738
-3253
-1080
2582
5559
5788
5338
5595
6586
5919
3022
453
-1006
-1677
-2076
-2135
-1669
-2070
-3345
-4240
-4315
-3770
-3223
-2453
-521
1353
3272
6258
8001
8648
7476
5932
4407
1991
-150
-2499
-3415
-3569
-3305
-2632
-2557
-2077
-1568
-568
650
1339
2133
2787
3569
4207
3743
2428
566
-1093
-2230
-2759
-2572
-2306
-2148
-1863
-1662
-1517
-1344
-1483
-1481
-1363
-999
-560
-315
-546
-1327
-2226
-3093
-3758
-4169
-4020
-3709
-3982
-4493
-4736
-4720
-4179
-5125
-4657
-3340
6770
21205
28124
24346
11080
2379
-2441
-7537
-11472
-10916
-4148
-595
-818
-302
583
-563
-4794
-6132
-3099
-1063
-888
1352
8357
14668
13725
8986
6070
4160
482
-4043
-5159
-3077
-2482
-3516
-4258
-3471
-3620
-6360
-7809
-6906
-4855
-2406
552
4488
6385
5691
4497
4441
5144
3975
1620
155
-242
-68
-319
-668
-1218
-2834
-4549
-5386
-5077
-4065
-3087
-1540
423
2380
5151
6993
7748
7189
5685
4397
2714
1216
-433
-1669
-2151
-2448
-2292
-2582
-2876
-2718
-1832
-177
1098
2084
2794
3249
3733
3420
2192
602
-899
-1898
-2099
-1822
-1380
-1344
-1516
-1793
-2080
-2109
-2236
-1977
-1371
-671
164
507
428
-463
-2000
-3685
-4742
-4847
-4098
-3449
-3463
-3709
-3888
-3839
-3827
-4580
-5997
-5951
-3534
9567
23733
29076
22049
8137
888
-3687
-8276
-11778
-9144
-1458
968
96
-256
-13
-1888
-6330
-6787
-3405
-892
99
3289
10543
15327
12708
7181
4082
2393
-499
-3629
-3344
-995
-693
-2352
-3998
-3987
-5079
-8029
-9126
-7649
-4374
-923
2550
5765
6247
4736
3138
2975
3622
2883
1455
827
1165
1720
1301
203
-1467
-3786
-5656
-6252
-5308
-3649
-2193
-248
2802
5416
6718
5705
4041
2998
2433
2419
1939
1682
1217
458
-164
-1162
-2012
-3061
-3452
-2561
-809
1209
2400
2858
2927
2534
1585
329
-752
-1260
-1323
-943
-341
132
-17
-960
-2091
-2731
-2887
-2629
-2150
-1129
86
947
1096
347
-1084
-2759
-4300
-5190
-5321
-4495
-3404
-2357
-2107
-2669
-3727
-4818
-5667
-6924
-6819
-4233
9745
24729
29786
21314
6493
-340
-3884
-7871
-11141
-7909
311
2798
1217
-75
-271
-2824
-7917
-8557
-4415
-459
1441
4728
11314
15114
11459
5002
1913
1025
-593
-2495
-1320
1525
1571
-850
-3606
-4725
-6481
-9660
-10448
-8185
-3767
443
3841
6210
5702
3416
1258
1152
2331
2640
2181
2304
3042
3396
2557
678
-1971
-4765
-6602
-6482
-4933
-2744
-946
1377
3951
5104
4924
2846
1515
1286
1883
2717
2942
3327
2698
1543
31
-1666
-2806
-3578
-3250
-1728
437
2355
3145
2996
2144
914
-182
-942
-1353
-1094
-503
19
454
407
-284
-1570
-2713
-3240
-3006
-2109
-1072
-11
786
1078
632
-498
-1938
-3488
-4410
-4599
-4323
-3677
-3372
-2897
-3209
-3396
-4294
-4771
-5948
-6601
-6744
1361
18094
28448
26264
11708
753
-2259
-4723
-8375
-9062
-1543
4411
3178
31
-1241
-1740
-6196
-10157
-7930
-2016
2224
4059
8107
13387
13349
6971
1006
-681
-125
-143
2
2388
3750
1877
-1933
-4810
-6017
-8598
-10874
-10194
-6086
-563
3289
5367
5058
2825
448
-685
593
2367
3373
3778
4098
4512
3914
1936
-959
-4134
-6017
-6039
-4601
-2610
-326
2189
3796
4050
2798
1299
398
74
491
1787
3384
4232
4018
2821
1143
-691
-2310
-2941
-2549
-951
1121
2675
3331
2808
1431
-375
-1724
-2131
-1705
-849
111
772
964
569
-431
-1674
-2867
-3403
-3024
-1823
-169
1205
1683
1252
27
-1353
-2562
-3743
-4209
-4123
-3368
-2854
-2675
-3075
-3684
-4360
-5026
-5788
-6564
-7466
-6581
7595
24205
30952
21200
4202
-2260
-2683
-4484
-8589
-5825
3974
7193
2905
-1865
-2437
-3152
-8148
-10991
-6961
463
4723
6212
9364
12638
10293
3465
-1414
-1917
375
1980
3543
4946
4108
1150
-3221
-5876
-7411
-9416
-9926
-8207
-3490
1719
4821
4886
2030
-591
-1638
-802
1295
3158
4568
5389
5491
4908
3394
823
-2517
-5188
-5713
-4081
-2024
-241
1782
3586
3836
1601
-1056
-2521
-2023
-75
2213
4754
6345
6092
3976
1085
-1150
-2690
-3169
-2383
-466
2075
3604
3585
2259
261
-1567
-2625
-2566
-1417
230
1711
2292
1679
328
-1460
-2973
-3960
-3970
-2870
-1317
660
1980
2016
1028
-787
-2543
-3465
-3602
-3020
-2556
-1999
-2067
-2504
-3722
-4589
-5395
-5301
-6074
-6491
-8209
-3204
13674
27036
28359
13525
-604
-3309
-2635
-4753
-7361
-1136
7533
7221
1313
-2996
-2864
-4444
-9213
-9835
-3641
3535
6057
6302
8850
10675
6616
117
-2956
-1222
2362
3961
5089
5354
3588
-209
-4790
-6793
-8184
-9319
-8636
-5544
-244
3783
4501
2172
-1322
-3137
-2689
-423
2439
4473
5474
5750
5281
4011
2035
-644
-3386
-5025
-4189
-1813
22
1842
2786
2610
1293
-931
-2093
-2075
-772
858
2647
4753
5354
4402
2334
257
-1041
-1633
-1347
-404
1269
2911
3440
2606
885
-1171
-2670
-2945
-2057
-543
1003
1985
1858
947
-290
-1754
-3157
-3819
-3521
-2064
-288
1123
1616
1122
40
-1450
-2728
-3458
-3421
-3132
-2526
-2018
-1488
-1970
-2979
-4737
-5845
-6649
-7230
-7856
-6990
6578
22305
29143
19723
2518
-4165
-2687
-2467
-6073
-4301
5021
9497
5022
-1784
-3532
-3446
-7102
-10678
-7161
1573
6720
6730
6821
9216
8366
1908
-3584
-3515
1434
5268
5861
5572
4324
1847
-2443
-6001
-7458
-8303
-8155
-6328
-2127
2514
4442
2507
-1632
-4405
-4028
-1399
1455
3845
5361
5990
5856
4249
2225
-82
-2393
-3938
-3641
-1084
1448
3322
3306
1652
-558
-2921
-3937
-3626
-1713
1341
4057
5885
5696
4124
1791
-394
-1672
-1799
-546
1281
2815
3582
3328
1999
57
-2136
-3660
-3469
-1898
126
1579
2092
1641
427
-975
-2282
-3163
-3308
-2938
-1738
-85
1224
1441
281
-1177
-2486
-3019
-3152
-2938
-2493
-2055
-1999
-2123
-2773
-3273
-4692
-5322
-6246
-6097
-7658
-5568
9060
23327
27476
14158
-1973
-5086
-911
-529
-4827
-2043
6982
9536
2864
-4375
-4654
-3661
-6754
-9478
-4249
4907
8281
5850
4445
6920
5914
-73
-4136
-1743
4851
7916
6661
4208
1922
-723
-4707
-6910
-6837
-5941
-4828
-3357
-320
2347
2325
-1102
-5151
-6139
-3494
735
4001
5710
5987
5277
3627
1649
283
-874
-1835
-2379
-1179
1191
3460
4228
2263
-663
-2985
-3654
-2848
-1546
-25
1698
3291
3919
3240
1887
465
-351
-306
479
1745
2895
3362
3177
2288
780
-960
-2511
-2960
-2149
-631
718
1170
786
-313
-1460
-2135
-2311
-2204
-2050
-1494
-604
421
822
309
-975
-2353
-2764
-2660
-1915
-1793
-1754
-1861
-2243
-2744
-3643
-4412
-5413
-5717
-6376
-6067
-7524
870
16090
25678
21214
3735
-6487
-3606
1461
93
-2269
3622
9625
6748
-1945
-6443
-4891
-4928
-7762
-6543
1676
8326
7575
3666
3298
4674
1319
-3473
-3261
2957
9038
9308
6076
2417
-665
-3875
-6620
-6388
-4671
-3259
-2325
-1026
934
1338
-1189
-5512
-7589
-5457
-536
3852
5995
6204
4788
2820
675
-709
-679
-393
6
724
2549
5076
4877
1795
-2497
-4917
-4539
-3029
-1162
372
2162
3243
2734
1357
52
-561
-434
644
2214
3803
4427
3711
2311
939
-60
-1278
-2313
-2221
-1015
657
1321
689
-588
-1747
-2193
-2398
-2050
-1425
-1093
-899
-708
-432
-203
-506
-1436
-2254
-2192
-1650
-1424
-1621
-2124
-2479
-2621
-3172
-3740
-3964
-4309
-4477
-5407
-6210
-8480
458
15252
24214
18904
1924
-6895
-2962
2550
1015
-1234
4166
9430
6070
-2810
-6675
-4734
-4053
-6209
-4980
2950
8378
6450
1814
1103
3155
704
-2796
-1670
4369
9913
9096
4922
751
-2187
-4558
-6073
-4642
-2139
-696
-742
-777
-334
-732
-3036
-6683
-7610
-4379
1296
5419
5981
4547
2342
521
-794
-1091
278
1557
2165
2010
3241
5208
4197
636
-3602
-4848
-3212
-1197
-90
267
1321
1786
898
-361
-985
-481
595
2117
3561
4716
4496
2788
991
-104
-309
-725
-1081
-748
193
1122
802
-546
-2098
-2804
-2523
-1684
-568
-34
-268
-881
-1299
-1318
-1144
-1316
-1820
-2011
-1471
-771
-505
-1209
-1986
-3168
-3421
-3889
-3832
-4033
-3665
-4652
-4836
-7533
-5974
7680
19631
21914
8570
-5716
-6015
1524
4561
1017
1610
7530
7871
314
-6907
-6429
-3280
-3055
-4014
253
6825
7260
2301
-1440
54
1099
-974
-846
3404
8994
10112
5727
607
-2813
-4327
-4920
-3549
-797
817
520
-835
-1680
-2540
-3756
-5746
-6967
-4722
238
5080
6478
4200
681
-1890
-2050
-1011
785
2883
3939
3670
2801
3536
3272
868
-2618
-4587
-2890
38
1652
973
106
-105
-627
-1320
-1346
-382
1158
2626
3445
3767
3521
2300
638
-138
361
917
588
126
-42
342
380
-760
-2170
-2826
-2259
-1287
-411
97
-287
-1334
-2288
-2568
-1869
-1015
-818
-1311
-1343
-1139
-1006
-1703
-2362
-3104
-3154
-2799
-2314
-2606
-3029
-4506
-5297
-6907
-7926
3631
16518
21566
11058
-5174
-8383
-200
5583
3301
1379
6511
8710
2553
-6213
-7975
-4434
-1987
-2115
395
6343
7582
2819
-2234
-2467
-35
-512
-28
3477
8140
9820
5820
216
-3766
-5090
-4375
-2069
1111
2575
1587
-882
-2850
-4003
-4479
-4963
-5349
-3493
305
4141
5144
2666
-878
-3134
-2708
-522
1937
4096
4701
3297
2046
2443
2529
827
-2159
-3598
-1877
1036
2208
617
-1427
-1957
-1590
-1022
-411
497
1755
2693
2934
2600
2272
1609
534
185
892
1667
1413
415
-461
-532
-287
-631
-1445
-1870
-1416
-632
-276
-479
-1163
-2034
-2353
-2018
-1183
-729
-1049
-1782
-2200
-1949
-1470
-1629
-1960
-2498
-2391
-2206
-2207
-3329
-3834
-5368
-5054
-7640
-2513
11030
19717
16552
285
-10828
-5801
4376
6944
3141
3648
7875
5728
-3098
-8872
-6405
-1576
594
454
3915
7222
4294
-1673
-4724
-1998
1015
1616
3639
6600
8566
6339
297
-4097
-5051
-3055
-234
2270
3062
1693
-1205
-3857
-4954
-4789
-3489
-2722
-2221
-286
1779
2936
1278
-1556
-3115
-2296
541
2943
4089
4010
2452
272
598
2598
3058
1562
-1083
-1892
-548
541
-221
-2239
-2605
-1316
27
910
1064
1020
1164
1247
1216
1454
2104
2372
1903
1483
1397
946
64
-590
-796
-293
117
-172
-876
-1284
-1298
-1186
-1102
-1227
-1517
-1694
-1536
-1172
-1088
-1084
-1743
-2232
-2276
-1904
-1378
-1240
-2153
-2764
-3369
-2731
-2593
-2400
-3968
-4243
-6669
-5333
6952
16464
16628
3296
-9555
-7193
3960
8666
4798
1877
5109
5224
-1447
-7893
-6204
-721
3065
2127
2143
4278
2605
-2030
-4575
-2091
2836
4155
4546
5080
5295
3900
61
-3576
-3789
-1083
2252
4083
2968
-226
-3377
-5262
-4809
-3343
-1243
100
-558
-1409
-1177
-502
-429
-1619
-2099
-539
2172
3755
3131
1797
523
-498
804
3526
4577
3197
-15
-2070
-1623
-600
-580
-1520
-1402
-22
585
211
-438
-624
47
1043
1618
2176
2650
2418
1482
682
607
576
336
298
404
608
578
-362
-1396
-1654
-1260
-705
-674
-779
-1001
-1463
-1833
-1941
-1779
-1527
-1777
-2102
-2145
-1451
-1160
-1426
-2310
-2701
-2919
-2192
-2050
-2287
-3677
-4309
-5998
-6040
4971
14628
16000
4177
-9417
-9015
3144
9738
6456
1745
3356
4598
-556
-7346
-6360
-714
4489
4021
2234
2588
1054
-2807
-4579
-1927
3271
5271
4978
4435
3758
2115
-655
-3354
-2804
511
3538
4542
2427
-1443
-4297
-5222
-3645
-1706
-90
532
-686
-2060
-2215
-1714
-1443
-1522
-1194
343
2154
2643
1491
-93
-894
236
2910
5336
5119
2088
-1027
-2225
-1295
-176
43
-159
-389
-285
-584
-1068
-1086
-472
596
1585
2063
1804
1429
856
602
763
1047
1234
1145
957
431
-244
-740
-1180
-1000
-416
234
282
-412
-1329
-2077
-2312
-2051
-1551
-1119
-1205
-1694
-2018
-2304
-2213
-2252
-2211
-2227
-1832
-2053
-2095
-2772
-2642
-3866
-3746
-6459
-3168
8660
15834
12013
-2971
-12320
-5305
8257
11302
5148
657
2188
2117
-3638
-7659
-3461
2858
6676
4089
1512
380
-2059
-4605
-3543
1292
6074
6276
4308
2330
1116
-36
-1088
-2062
-515
2612
4350
3685
-146
-4269
-5455
-3936
-839
743
669
-656
-2768
-3775
-2801
-1016
-134
28
-297
273
870
646
-312
-744
-225
1680
5446
6492
3630
-1239
-4122
-2747
900
2603
1638
-75
-1000
-1375
-2062
-2360
-1304
493
2645
3201
2052
488
-604
-639
228
1720
2577
2101
867
-225
-666
-822
-736
-821
-393
690
1023
1
-1820
-2974
-2453
-1353
-234
102
-526
-1753
-3227
-3781
-2826
-1634
-1155
-1628
-2210
-2527
-2592
-3272
-3343
-3593
-3113
-4134
-4555
5320
13532
12761
323
-11370
-7834
6947
13588
7567
-116
-817
1196
-1523
-6149
-3620
2316
6620
4717
44
-1220
-2085
-3440
-2392
1765
6396
6628
3138
234
-296
515
1257
758
370
1859
2630
2138
-431
-3778
-4327
-2181
744
1841
91
-2422
-4679
-5067
-2745
746
2264
1474
-679
-1812
-1139
-417
-196
65
833
2387
4120
4742
3133
-533
-3143
-2550
526
2934
2366
-299
-2403
-2482
-1629
-932
-263
699
1763
1890
1053
-399
-998
-166
1317
2686
3041
1884
-102
-1410
-1265
-209
673
755
310
-23
-206
-705
-1662
-2298
-1885
-899
-34
-182
-1297
-2542
-3031
-2752
-1914
-1055
-847
-1790
-2864
-3363
-2942
-2424
-2549
-2835
-3512
-3648
-5839
1485
11400
13404
3905
-9489
-10290
3488
13856
9518
54
-2848
322
717
-3712
-3481
1936
5596
4513
-713
-2468
-1856
-2322
-1809
1694
5673
6194
2143
-1208
-1063
958
2546
2843
1524
1388
1461
782
-324
-2325
-3098
-1450
721
1776
-86
-3117
-5034
-5134
-2824
948
2708
1434
-1187
-2994
-2068
-66
996
1391
1236
1627
3231
3740
2349
-556
-2402
-1250
1693
3112
1704
-1181
-3030
-2555
-1101
32
558
527
780
782
192
-254
-168
574
1572
2197
2262
1263
-295
-1144
-665
575
1490
1033
-224
-917
-729
-174
-319
-895
-1100
-1075
-938
-1052
-1613
-2310
-2535
-2254
-1340
-909
-1519
-2812
-3401
-3054
-2021
-1799
-2344
-3064
-3585
-4510
-5326
3855
12394
11698
-73
-11186
-7757
7496
14675
7513
-1943
-3147
373
91
-3481
-1399
3569
5543
2707
-1942
-2351
-1237
-1692
-1042
2772
5788
4648
186
-2082
-528
2161
3522
3175
1329
908
603
48
-207
-1125
-1404
-296
814
711
-1243
-3707
-4766
-4015
-1540
1678
2192
-25
-2571
-3435
-1485
1041
1904
1497
626
678
2215
3213
2639
399
-1342
-630
1541
2245
936
-1526
-2669
-1513
136
824
390
-448
-525
-201
223
490
812
1049
1283
1274
1064
545
-296
-584
16
1022
1446
643
-658
-1283
-842
45
103
-636
-1356
-1504
-1250
-876
-1164
-1922
-2385
-2301
-1641
-1471
-1848
-2653
-3037
-3014
-2189
-2031
-1816
-2880
-3790
-6178
-3389
7254
12480
7270
-5358
-10965
-1641
12322
12750
2913
-4272
-2976
314
-483
-1599
2064
4550
3470
-757
-3220
-1690
-619
-1260
512
4108
5232
2181
-1813
-2092
1030
3514
3847
2076
-125
-126
259
799
911
-176
-984
-626
-341
-666
-1831
-3222
-3435
-2284
-307
1232
-61
-2396
-3499
-2379
378
2248
1608
894
-59
-357
1438
3072
2776
1001
-834
-549
1280
1713
274
-1973
-2373
-499
701
556
-208
-1113
-726
316
561
449
584
574
677
737
972
1016
226
-367
-54
449
929
425
-688
-1006
-526
113
-17
-702
-1457
-1713
-1437
-934
-1187
-2080
-2601
-2358
-1698
-1323
-1920
-2845
-3094
-2668
-2230
-2197
-2597
-3403
-4024
-5423
1570
9841
9729
-23
-10195
-8031
6464
14786
8274
-2172
-5370
-1394
1068
-499
482
3791
3692
566
-3189
-2521
357
477
-424
1530
3466
2832
-734
-2448
-87
3395
4356
2790
-327
-1864
-788
695
1993
1956
270
-925
-1240
-1320
-1287
-1941
-2500
-2270
-1286
92
263
-1873
-3608
-3296
-1085
1431
1846
96
-405
-379
753
2896
3319
1744
-237
-1391
-282
1644
1763
-62
-2158
-2213
-505
345
127
-435
-1082
-543
311
275
68
141
420
848
1017
983
553
-272
-404
142
466
653
54
-773
-805
-392
-222
-415
-1136
-1658
-1687
-1442
-1050
-1267
-1930
-2353
-2224
-1898
-1707
-2383
-3034
-3327
-2605
-2201
-1896
-3085
-3553
-5212
-3387
5845
10499
5518
-5676
-10849
-1727
12233
12759
2256
-6023
-4577
309
1673
432
2760
3742
1194
-2567
-3801
-687
1748
590
376
2337
3070
575
-2331
-1649
2083
4584
3497
774
-1977
-1702
277
1757
2318
1097
-1054
-1802
-1561
-932
-764
-1349
-2275
-2146
-1195
75
-374
-2460
-3279
-2130
39
1393
341
-1287
-884
443
2362
3481
2090
-254
-1530
-866
1336
2513
1363
-904
-2351
-1674
25
361
-141
-679
-1062
-479
-23
-155
-162
75
625
1059
928
373
-364
-812
0
963
990
461
-503
-1035
-539
46
63
-369
-1238
-1699
-1532
-1275
-1260
-1760
-2448
-2310
-1889
-1531
-1880
-2787
-3361
-2828
-2433
-1958
-2590
-3391
-4500
-3848
4154
9914
6269
-4232
-10306
-3299
10424
13097
3400
-5681
-5301
-314
2167
1104
2414
3538
955
-2424
-3453
-734
1868
809
-120
1646
2795
873
-1889
-1537
1863
4455
3207
542
-2081
-2054
361
2189
2638
1281
-1117
-2237
-1623
-463
167
-425
-1982
-2596
-1889
-572
-133
-1532
-2496
-1685
-432
476
-71
-1421
-1207
309
2197
3431
2624
-18
-1887
-1381
1110
2785
1929
-417
-2233
-1929
-195
782
443
-375
-933
-832
-111
88
73
47
265
782
790
274
-499
-955
-375
921
1379
721
-457
-1176
-751
157
377
-143
-832
-1345
-1288
-1126
-1198
-1425
-1925
-2179
-2041
-1825
-1888
-2382
-3167
-3193
-2946
-2438
-2812
-3214
-5054
-1354
6814
9124
2107
-7812
-8748
2634
13149
10059
-795
-6448
-3333
1085
1863
1621
3461
2578
-855
-3459
-2350
949
1989
143
178
1862
2045
-261
-1726
-33
3139
4006
1974
-665
-2349
-1081
1627
2969
2367
-10
-2211
-2213
-955
8
-48
-992
-2147
-2254
-1388
-292
-482
-1803
-2270
-1196
-97
326
-612
-1384
-561
974
2310
3095
1730
-638
-1778
-610
1860
2939
1149
-1515
-2480
-1205
563
893
157
-489
-865
-728
-194
32
327
427
280
292
446
278
-195
-607
-244
590
683
31
-698
-931
-312
291
67
-591
-1203
-1372
-1145
-980
-1195
-1669
-2120
-2179
-2008
-1795
-1955
-2451
-2949
-3172
-2717
-2957
-3028
-4575
-1161
6342
8014
1198
-7460
-7433
3665
12435
8115
-2016
-5800
-2020
2074
2044
1307
3062
2205
-1138
-3191
-2064
913
1936
275
301
1580
1287
-766
-1478
362
3304
3675
1357
-921
-2172
-656
2096
3124
2054
-288
-2170
-1804
-567
87
-90
-903
-1922
-2010
-1300
-349
-367
-1942
-2443
-1248
-69
339
-468
-1280
-339
1628
2662
2114
347
-974
-685
644
1916
1794
257
-1130
-1476
-725
427
698
-100
-835
-946
-437
99
198
324
469
518
338
-27
-398
-216
280
480
325
-105
-551
-651
-291
79
110
-477
-1042
-1209
-1080
-856
-907
-1275
-1595
-1747
-1876
-2091
-2251
-2312
-2294
-2637
-2918
-3506
-3366
-4068
-1503
5153
7654
1918
-6602
-7679
2127
11847
9285
-966
-6473
-3071
2144
3002
1377
2232
2351
53
-2364
-2232
120
1703
794
431
1390
1679
-57
-1578
-402
2597
4001
2053
-872
-2599
-1141
2129
3676
2218
-278
-1972
-1703
-489
344
192
-716
-1871
-1975
-1116
-379
-644
-1834
-2235
-985
185
100
-743
-1222
-381
1115
2185
2192
804
-658
-841
305
1602
1834
479
-1204
-1608
-625
650
734
-36
-630
-571
-172
34
-67
4
342
539
464
245
-140
-469
-432
97
695
423
-410
-1039
-798
38
523
16
-946
-1386
-1222
-914
-941
-1334
-1745
-1794
-1831
-1763
-1902
-2175
-2678
-2932
-3177
-3015
-3391
-3194
1899
6775
4772
-3178
-7907
-2730
7790
10553
2976
-4839
-4667
242
3082
1795
1399
2425
1223
-1414
-2324
-791
1168
1311
548
845
1419
525
-1007
-865
1326
3533
2575
86
-1654
-1326
850
2832
2374
466
-1092
-1323
-635
-75
35
-352
-1136
-1722
-1329
-510
-255
-1018
-1952
-1715
-453
120
-462
-1279
-782
1074
2370
1957
502
-834
-737
660
1730
1601
510
-686
-1090
-596
221
538
164
-431
-570
-265
-7
185
277
322
451
381
136
-250
-420
-145
336
405
-11
-533
-763
-394
3
-98
-453
-855
-1112
-920
-713
-702
-1041
-1493
-1728
-1831
-1963
-2221
-2541
-2738
-2589
-2885
-3234
-3790
-972
4523
6142
707
-6116
-5798
2787
9679
6788
-1182
-4785
-2082
1622
2210
1331
2172
2313
212
-1857
-1723
-174
1034
1188
1531
1806
868
-787
-1164
369
2583
3232
1538
-790
-1781
-626
1714
3021
1904
-252
-1408
-1044
-120
143
-219
-510
-898
-1010
-687
-652
-1109
-1541
-1388
-493
67
-283
-983
-1231
-107
1861
2525
1313
-593
-1399
-300
1528
1914
844
-531
-1237
-863
-120
323
383
72
-315
-437
-358
-141
88
245
436
475
205
-248
-607
-516
-70
382
250
-218
-571
-514
-295
-170
-318
-592
-796
-705
-466
-660
-1087
-1533
-1598
-1467
-1440
-1770
-2168
-2530
-2586
-2699
-2902
-3447
-1789
2684
5526
2279
-4266
-5973
392
7771
7226
489
-4132
-2561
1233
2537
1342
1219
1910
1335
-444
-1396
-1109
40
1162
2030
2110
842
-811
-1170
-25
1665
2684
1959
191
-1135
-849
830
2334
1891
301
-899
-823
-155
-65
-407
-756
-720
-467
-282
-500
-1250
-1781
-1526
-596
252
155
-548
-790
-212
895
1685
1643
606
-516
-637
320
1234
1123
251
-596
-721
-424
-62
71
-95
-180
5
122
-122
-402
-321
181
669
543
-55
-581
-598
-223
236
359
-2
-486
-662
-517
-334
-289
-414
-582
-588
-570
-763
-1201
-1378
-1164
-912
-1051
-1667
-2188
-2390
-2331
-2339
-2437
-2675
-1440
1557
4064
2543
-2279
-4889
-1487
4514
6225
2482
-1837
-2525
-347
1387
1421
1201
1281
1308
764
-166
-1173
-1328
-8
2201
3123
1861
-281
-1321
-691
588
1703
1899
1161
-82
-678
-103
874
1143
695
257
261
298
-266
-898
-1063
-640
180
639
336
-887
-1987
-1954
-901
262
518
161
-446
-383
439
1276
1105
-25
-731
-209
1035
1334
445
-550
-878
-443
199
407
229
-126
-117
77
31
-362
-561
-147
431
700
257
-395
-757
-598
-123
198
9
-427
-495
-155
254
161
-227
-576
-629
-424
-126
-134
-583
-1063
-1175
-856
-644
-880
-1468
-1970
-2031
-1769
-1607
-1788
-1631
-303
1746
2447
646
-1960
-2154
233
2645
2808
1172
-184
-480
-242
195
836
1149
1041
855
781
401
-390
-860
-25
1401
2049
1512
549
-107
-220
159
697
845
532
299
582
792
506
-106
-596
-420
196
659
646
27
-836
-1132
-553
248
319
-212
-682
-636
-378
-341
-312
-264
-93
485
1055
1138
348
-703
-1003
-211
595
720
335
-159
-430
-458
-185
-19
80
53
98
303
208
-238
-499
-342
226
531
277
-40
-315
-439
-366
-230
-186
-242
-58
208
242
39
-362
-585
-586
-315
15
52
-318
-676
-856
-757
-734
-972
-1141
-1133
-981
-1015
-1290
-1515
-1381
-722
370
901
489
-414
-767
-520
8
488
747
822
456
-73
-190
187
629
690
632
586
519
350
344
656
796
609
477
650
777
676
358
283
273
113
101
339
449
224
5
-4
159
164
-56
-140
-106
-84
-23
130
159
-82
-237
-267
-147
-233
-404
-334
-17
361
547
445
130
-145
-402
-327
-122
-18
82
58
-1
6
-90
-212
-285
-306
-160
78
223
206
6
-183
-228
-104
-153
-166
-102
-67
-89
-224
-238
-182
-137
-104
-21
-56
-179
-303
-307
-264
-205
-217
-309
-390
-458
-448
-474
-751
-983
-940
-828
-691
-934
-1171
-1237
-962
-318
147
332
118
-133
-477
-528
-281
182
545
547
340
215
422
609
578
498
335
331
448
761
1055
980
608
303
416
711
744
459
279
167
131
179
363
457
219
48
42
178
208
4
-70
8
-45
-110
8
45
-19
-89
-108
-110
-137
-101
-57
-4
197
386
407
251
54
-188
-193
-78
-61
35
66
71
79
19
-33
-102
-209
-205
-115
160
372
338
67
-76
-20
-14
-168
-325
-230
9
68
-18
-72
-187
-221
-162
-91
-119
-169
-218
-317
-314
-240
-188
-297
-523
-616
-530
-414
-543
-761
-793
-762
-763
-866
-1018
-934
-565
-80
227
120
-69
-434
-569
-309
75
476
489
310
193
322
466
538
529
428
346
403
669
953
772
398
417
607
619
447
317
360
398
353
327
403
262
36
76
103
177
64
27
53
115
35
-1
26
54
31
59
2
-71
-128
-111
29
235
322
336
383
315
222
-58
-155
-144
-90
11
44
40
108
146
53
-66
-206
-171
75
279
350
212
-26
-136
-181
-130
-153
-216
-236
-171
-94
-55
-80
-153
-248
-223
-149
-99
74
2
-183
-324
-262
-177
-190
-275
-414
-399
-472
-595
-669
-722
-642
-646
-658
-817
-826
-520
-34
228
184
8
-236
-287
-42
238
403
281
158
311
452
574
605
614
432
217
267
686
1006
848
426
369
624
638
506
434
465
478
301
301
427
340
184
151
303
376
335
211
116
-43
-75
78
229
155
-66
-37
1
-46
-153
-164
75
453
607
684
570
316
-50
-193
-40
32
128
143
75
39
28
61
101
-38
-163
-185
47
203
206
92
-40
-82
-65
-99
-79
-129
-287
-203
-58
39
-12
-232
-275
-216
-165
-132
-156
-213
-253
-273
-191
-195
-223
-317
-411
-352
-315
-339
-505
-633
-590
-536
-504
-599
-605
-392
-79
137
180
60
-215
-197
29
339
464
323
330
459
520
484
440
559
578
512
527
748
790
549
454
564
753
688
428
264
195
232
423
558
409
185
81
163
251
169
154
140
82
-59
-80
117
163
13
-61
64
107
-42
-202
-118
134
400
552
424
158
-36
-144
19
173
81
24
59
229
263
215
170
78
-63
-65
75
212
262
133
17
-6
15
-148
-272
-273
-195
-71
-58
-61
-148
-254
-187
-43
-51
-68
-145
-93
-98
-146
-207
-213
-205
-318
-425
-445
-460
-402
-419
-519
-474
-503
-496
-601
-626
-430
-105
82
48
45
-59
-94
-4
131
261
265
203
259
466
567
586
540
478
540
540
661
776
665
544
540
637
640
514
456
428
328
287
328
441
304
184
205
273
173
34
25
86
83
93
129
184
132
6
89
102
69
-16
14
225
330
471
624
515
174
-119
-183
-74
79
33
35
116
255
219
121
80
43
107
125
179
141
104
45
9
-88
-152
-221
-233
-188
-235
-205
-117
-53
-102
-184
-191
-113
-124
-144
-171
-282
-308
-272
-348
-350
-320
-287
-357
-421
-444
-468
-510
-504
-478
-519
-513
-579
-599
-456
-182
-63
-25
-43
-142
-130
-42
134
251
299
230
280
418
477
420
360
455
552
730
776
659
545
514
630
767
666
567
528
427
325
217
332
399
321
148
176
204
174
233
233
183
57
-80
0
77
22
4
134
107
-97
-130
28
298
523
575
471
288
-19
-209
-89
132
190
12
-53
37
172
136
64
36
6
138
182
238
108
-5
15
69
84
-99
-235
-225
-135
-85
-47
-17
-12
-76
-109
-104
-114
-139
-228
-249
-206
-249
-301
-257
-327
-288
-210
-262
-290
-426
-453
-336
-257
-310
-383
-443
-562
-505
-317
-123
-33
-16
-20
-34
-12
71
229
262
166
208
409
567
475
313
363
477
440
471
602
665
531
511
678
714
599
446
483
521
430
251
250
379
307
351
308
227
160
59
125
145
22
-76
55
193
129
83
141
174
80
9
306
565
483
266
210
211
88
59
132
194
84
13
157
243
170
141
175
195
174
236
251
163
-71
-137
62
188
67
-90
-101
-12
-87
-131
-27
31
0
-2
62
-9
-133
-135
-98
-93
-179
-307
-302
-230
-144
-92
-162
-267
-362
-308
-184
-173
-227
-320
-415
-400
-426
-394
-182
-24
5
70
89
-19
-23
113
249
280
154
135
252
422
486
424
412
391
368
413
672
816
749
568
590
684
576
466
466
449
372
231
353
414
255
144
150
253
99
28
67
133
151
34
80
124
-54
-94
122
287
257
255
366
474
261
75
96
134
155
175
232
157
12
5
203
298
239
152
213
306
217
225
193
70
-72
-85
4
-47
-142
-162
-136
-127
-140
-113
-75
-62
14
166
243
48
-171
-190
-102
-127
-246
-265
-206
-167
-143
-127
-150
-189
-198
-199
-204
-102
-124
-205
-323
-354
-293
-255
-245
-153
36
79
132
29
7
58
221
283
210
183
249
429
459
419
403
412
383
403
547
699
640
520
531
641
622
445
438
463
450
419
424
433
307
146
181
339
319
158
109
133
94
-15
14
123
107
57
141
346
378
373
367
322
174
61
74
278
263
162
172
182
218
101
70
183
194
202
259
353
350
182
115
56
18
-24
-3
12
-27
-103
-39
-7
-18
-62
-19
155
160
96
28
49
-61
-165
-202
-133
-159
-187
-75
-32
-117
-214
-229
-193
-152
-88
-32
-59
-182
-246
-273
-319
-359
-395
-401
-220
-4
86
118
74
-44
-94
29
225
347
303
225
283
406
380
280
302
295
239
354
582
615
575
450
457
550
432
326
303
327
294
258
330
327
242
120
179
247
61
17
113
224
153
45
61
31
42
177
360
420
328
123
75
35
53
95
122
166
130
152
185
128
41
34
125
232
250
184
217
141
11
-131
-191
-147
-180
-109
-63
-34
-92
-171
-199
-202
-150
-69
-12
-20
-15
-18
-4
-131
-232
-302
-259
-151
-201
-247
-224
-161
-125
-134
-148
-133
-124
-107
-114
-115
-133
-222
-185
-247
-249
-252
-255
-170
-9
94
9
-83
-144
-90
-40
168
275
213
55
129
310
374
304
210
175
286
469
572
633
483
318
410
481
434
422
433
427
347
303
269
289
213
94
186
242
198
104
155
231
101
29
110
270
295
327
293
243
84
-23
34
96
81
-16
116
184
140
48
73
108
21
41
135
244
153
25
28
14
-110
-183
-153
-78
-99
-127
-127
-64
-114
-177
-152
-93
-149
-158
2
7
-11
-60
-90
-159
-219
-178
-129
-42
-55
-161
-143
-71
-68
-41
-75
-138
-57
-32
-62
-83
-218
-254
-205
-215
-126
-135
-74
36
122
186
53
-81
-111
-19
166
313
333
226
97
165
305
291
188
177
260
331
400
448
484
393
328
366
483
468
421
397
349
319
228
263
241
145
138
180
166
139
124
180
172
202
216
311
375
283
268
277
335
191
172
107
137
210
265
349
172
5
20
132
141
142
158
180
73
35
81
56
-147
-255
-152
-3
-12
-106
-49
-38
-64
-95
-61
-5
-35
-37
-21
-23
-87
-129
-70
-82
-94
-44
-78
-103
-103
-106
-22
-66
-19
-51
-21
-6
-41
-31
-106
-149
-258
-169
-105
-166
-213
-267
-204
-51
50
111
57
-30
-112
-147
-47
62
220
233
87
58
175
290
229
197
205
216
300
395
418
345
212
198
264
308
277
309
389
305
244
163
225
221
164
138
180
192
87
134
260
224
148
189
241
262
265
256
237
133
-47
-84
18
120
167
132
68
28
39
113
185
146
60
54
109
100
13
-97
-180
-207
-194
-137
-82
-101
-126
-152
-57
-3
-82
-93
-70
-70
-58
-110
-162
-141
-90
-123
-137
-209
-212
-174
-101
-100
-77
-100
-134
-111
-85
-62
-127
-171
-173
-144
-154
-49
-138
-158
-187
-147
-65
-95
-65
-38
54
38
10
17
-53
13
112
185
149
13
-30
83
239
153
124
207
214
214
351
405
328
236
255
314
275
243
255
230
230
200
257
212
124
141
160
184
139
137
222
299
241
129
167
226
207
234
215
134
14
15
78
80
31
-43
46
83
119
128
103
-13
-124
-109
-48
0
-86
-155
-146
-116
-147
-123
-169
-207
-144
-126
-121
-128
-221
-245
-130
-127
-130
-169
-164
-102
-34
-41
-46
-145
-229
-168
-60
-39
-66
-120
-169
-67
-64
-100
-105
-227
-190
-157
-65
-89
-135
-108
-129
-76
-120
-80
-102
-94
10
39
33
13
-85
-142
-46
33
109
107
61
39
134
206
194
117
87
158
173
219
251
222
191
192
223
189
141
209
202
209
252
263
263
180
93
151
254
289
198
204
202
109
113
195
243
213
81
25
84
79
119
25
10
78
91
79
77
40
-21
-70
-4
12
-49
-29
-24
-98
-86
-66
-173
-160
-209
-176
-109
-37
-32
-99
-119
-114
-119
27
52
-67
-110
-133
-57
-95
-124
-101
-123
-88
-78
-94
-171
-145
-108
-65
-26
-92
-88
-131
-115
-57
-73
-131
-207
-169
-120
-120
-66
-126
-125
-65
11
-46
-101
-58
-61
-20
2
23
31
19
-26
63
72
86
51
13
53
98
189
217
238
70
62
104
205
218
192
189
164
133
99
136
171
166
173
142
150
178
123
170
193
211
112
100
127
77
29
7
41
12
80
55
81
65
81
60
50
7
-50
0
-34
10
-23
-34
-44
-83
-137
-101
-112
-106
-149
-177
-157
-159
-164
-119
-118
-143
-149
-178
-121
-156
-153
-177
-149
-126
-94
-184
-175
-74
-64
-67
-93
-77
-26
-65
-111
-65
-117
-53
-54
-95
-134
-166
-50
-113
-99
-71
-17
-51
-55
-132
-182
