31
-40
-85
-91
-228
-181
-138
-153
-21
-6
-169
-171
47
-42
-132
-35
110
-29
-46
17
-131
-65
-1
-54
5
107
-193
-286
-6
-25
-233
2
214
-127
-358
-212
59
21
-259
-185
35
-97
-210
91
166
-209
-95
73
-55
-114
99
129
-40
-193
-131
138
-6
-251
-86
35
-165
-122
102
-11
-113
-37
-6
67
-146
-87
100
-84
-341
-94
24
-80
12
79
-36
-137
-155
-91
34
-113
-193
84
170
-16
-48
15
-39
-195
-219
8
82
-187
-57
261
-19
-321
127
258
-240
-146
295
21
-299
98
176
-81
-112
42
-36
-268
-267
96
174
-84
-118
136
-25
-277
-152
64
-127
-210
48
124
-141
-323
57
183
-71
-221
-24
80
-106
-176
91
-56
-396
-14
250
-10
-444
-64
211
-100
-274
264
331
-397
-359
231
126
-537
-269
221
28
-351
-76
278
-64
-430
-11
311
-224
-477
168
518
-151
-475
202
200
-383
-235
295
1
-420
195
305
-140
-190
140
58
-316
-262
56
4
-405
-157
339
138
-321
1
209
-171
-164
188
82
-249
-79
118
-51
-245
102
112
-170
-278
185
23
-351
50
379
-48
-255
116
-23
-375
-279
169
109
-69
9
221
63
-244
-82
186
-99
-286
-34
84
-247
-177
151
-12
-252
19
151
-87
-97
135
187
-189
-131
123
19
-103
-65
-58
-55
-69
-184
-151
-74
-57
-126
-14
65
-222
-173
14
50
-259
-65
160
-222
-198
136
187
-203
-2
137
-39
-151
-1
181
-94
-236
-46
193
-135
-211
102
-44
-232
-76
60
40
-110
5
24
-64
-134
57
-46
-160
25
-28
-5
-25
-17
-256
-114
-100
-351
-39
93
-200
-158
255
-65
-166
36
32
-171
-92
6
-51
-156
-130
70
-139
-260
-2
154
-296
-136
178
-149
-220
36
-32
-231
-15
4
6
64
13
-213
16
25
-216
-93
-2
117
-103
-158
86
161
-254
-231
163
-75
-330
-38
173
-140
-256
-10
172
-232
-270
172
98
-270
-108
196
-104
-243
68
82
-166
-104
50
-148
-253
-156
-116
-44
17
107
3
27
24
-232
-126
45
102
-84
34
213
-49
-81
125
26
-102
63
71
-124
154
24
-109
-32
-90
-49
38
39
-33
30
61
43
-90
-95
-29
-52
-11
-15
2
-158
-141
4
102
-35
-20
118
-24
122
26
63
79
-9
-112
33
77
-69
-64
201
66
-94
96
88
-93
-41
8
-88
-25
91
-52
-5
-54
-102
216
121
-116
133
167
-186
94
72
-49
285
34
-319
9
205
-348
-110
160
70
-13
48
-5
-69
20
11
129
46
53
70
275
26
-51
-47
35
-28
50
203
38
-11
-79
3
-97
44
63
332
18
42
211
193
-49
-55
180
-148
-165
57
281
-86
-142
226
102
-181
40
201
96
-1
-42
192
80
-145
143
158
-149
99
309
-150
-248
202
100
-95
-87
-3
27
-3
10
123
160
27
-3
127
-42
-192
-120
173
-13
-247
-51
165
-83
-297
228
197
-147
-237
179
148
-258
-80
47
114
-105
15
44
-65
-72
129
235
-52
-7
48
6
-69
109
-33
-122
75
148
49
181
105
-208
-3
120
-141
-313
95
107
-74
79
256
18
-202
-56
-30
-111
18
30
-17
10
97
43
-91
-42
168
-60
-95
129
231
-52
-186
165
54
-214
34
229
-89
-45
68
39
-72
93
-24
-79
6
9
103
-82
164
185
97
-138
215
207
-162
31
150
81
-62
22
83
28
-81
-104
36
-38
-34
76
160
66
-16
42
121
-93
-94
-97
67
155
-10
117
66
42
93
161
-69
73
-97
-91
147
123
-124
61
266
-139
-116
246
40
-65
100
51
-28
32
29
-3
89
-102
71
160
77
-27
242
105
39
-2
-76
-20
39
26
-63
243
180
-148
61
113
-78
-223
249
307
-46
48
106
34
-317
118
67
106
63
148
155
-93
44
4
56
-169
65
73
90
88
97
111
21
-157
71
377
-202
-155
199
304
-349
-49
366
66
-205
169
531
-19
-123
87
131
-92
88
61
75
-49
-43
113
105
39
-99
149
124
161
7
115
135
178
134
120
103
108
-5
-29
162
247
53
-183
130
117
57
-34
97
79
124
161
167
-36
-4
123
89
90
-45
-16
80
221
-57
29
50
-54
-54
95
111
-13
-12
50
84
-11
98
112
-67
-29
83
138
170
200
173
143
233
116
55
7
60
138
96
138
92
152
193
140
-25
50
194
201
-5
50
242
182
0
160
183
68
80
68
228
-101
-27
63
247
139
6
103
190
114
-80
199
-36
91
-3
150
21
66
178
200
23
113
172
84
-119
16
152
-33
-89
216
265
-23
21
254
141
-41
204
181
31
41
127
98
-73
29
254
189
24
25
310
114
-25
18
88
-72
-63
6
60
-13
-31
212
203
89
51
274
40
17
-7
266
164
-107
120
224
188
-84
91
-63
105
-77
-82
116
101
98
-28
199
127
177
-70
120
13
108
107
171
268
31
230
46
166
27
162
30
151
52
43
139
241
8
-28
249
48
140
154
298
-219
68
231
84
-107
170
161
162
54
180
335
9
171
89
113
-122
208
95
103
26
112
171
55
96
105
78
145
162
-15
265
120
-48
107
247
62
-39
261
136
-34
41
99
126
45
95
70
135
106
207
164
14
20
123
-23
19
188
158
47
240
213
57
82
271
192
121
111
277
64
14
206
101
-73
179
235
125
163
231
269
111
149
150
106
-2
156
125
47
55
65
72
143
99
67
136
248
68
90
168
121
103
112
191
138
42
139
69
109
112
182
121
64
258
-18
15
-36
247
155
159
188
232
261
57
115
152
101
68
191
247
84
57
103
177
-60
79
152
191
-8
97
126
-39
84
106
99
166
141
104
181
43
16
165
134
161
121
114
121
71
154
-3
123
41
165
-12
-21
183
123
139
175
239
-41
118
159
20
101
131
105
24
127
84
84
41
143
137
-32
74
183
86
-16
153
158
59
78
72
64
62
146
204
61
-45
176
236
181
112
49
-35
21
7
11
166
26
60
113
28
-39
4
189
80
96
279
129
53
109
63
-15
-23
145
77
142
78
62
2
-32
64
70
224
245
232
93
118
62
99
162
108
-11
131
167
106
-6
57
-70
17
287
187
-113
163
145
-123
105
140
129
54
216
102
173
77
-8
16
-66
304
179
30
100
309
174
-26
92
93
31
-64
191
80
4
96
214
-107
62
123
93
-68
204
120
169
66
73
27
-17
-104
62
211
-117
138
190
145
11
74
85
153
156
225
133
91
80
162
89
47
-19
31
108
-79
302
152
-200
142
313
-130
53
345
68
181
226
184
116
139
-18
19
196
52
119
-79
136
-9
184
198
228
255
48
78
160
115
-88
173
191
79
33
272
122
-142
259
305
-21
-156
103
118
100
71
132
151
-13
-58
139
307
79
66
112
159
114
-32
240
124
23
-19
308
52
-71
5
232
63
-24
291
116
1
53
-23
-52
-8
147
201
136
-74
-102
104
86
-5
-80
182
139
119
229
199
-87
-37
18
25
203
62
227
168
252
-150
-101
-158
-21
-151
216
145
-70
182
303
206
-136
-29
67
108
-24
271
283
-3
-190
302
276
-249
-232
426
140
99
227
330
-82
-99
207
103
-112
223
556
-160
155
416
-88
-334
172
11
33
273
166
16
-247
171
68
-26
-87
219
379
-38
160
214
149
-195
-130
120
168
21
283
542
103
51
113
-21
-221
126
214
-11
331
441
286
-367
-250
23
-271
-253
371
632
70
156
417
-88
-453
-41
105
-185
171
497
208
30
-5
-290
-195
-64
154
-30
162
270
23
67
84
-165
-301
216
28
45
273
396
-14
-246
-9
46
-140
-276
161
305
-58
-92
272
77
-71
103
263
99
-35
-131
221
406
-130
-7
205
168
-123
106
219
14
-131
130
345
34
-46
149
29
-100
60
124
-47
-78
-93
78
286
-95
-107
66
327
-54
-52
304
176
-263
96
282
79
-17
76
38
-269
-48
-98
73
-173
95
262
79
-131
-11
62
-414
-293
139
221
-113
201
247
276
53
-80
-10
-96
-131
-129
227
41
253
229
231
168
367
243
-13
-237
170
337
-5
58
407
242
-149
44
159
-98
-200
208
376
122
-82
450
301
-460
-394
291
-135
-471
425
498
18
260
553
68
-481
15
230
335
22
70
92
-148
-232
-17
149
2
218
451
356
-140
-335
-279
-206
102
323
485
548
206
153
-209
-327
-180
361
192
-89
390
419
-91
-352
-122
-58
-178
242
761
555
313
207
118
-118
-33
-71
-3
341
720
323
83
-93
70
-399
-558
-35
161
-110
232
822
124
-139
325
405
-447
-115
314
141
-63
342
464
339
-149
-175
6
218
-52
95
308
160
382
450
10
-411
-142
166
-22
-209
147
81
-264
-89
104
-142
34
185
586
283
167
141
122
103
-22
359
-175
97
104
-118
-371
86
442
-119
-276
31
124
16
108
196
421
-84
-306
34
151
-169
-11
374
312
45
163
61
153
152
205
301
460
172
-163
-99
406
69
-291
121
517
342
108
371
-81
-196
-101
527
499
250
-179
-378
-447
-294
-86
170
175
-290
-368
153
15
-562
-215
148
237
-214
-184
146
62
-116
177
452
67
-215
6
229
487
750
770
687
257
-57
-179
86
-29
-239
191
257
-307
-602
-149
-53
-309
-60
440
164
-249
104
471
-18
-383
128
479
65
-86
278
269
-123
8
222
-190
-463
11
247
44
35
-52
-347
-517
-508
-42
205
-74
-215
-51
-161
-287
-208
-258
-357
-109
-135
9
169
-154
-397
295
589
50
-149
88
-35
-221
123
134
26
-89
65
81
15
-300
-273
109
483
481
730
706
-55
-371
-207
-42
-84
400
758
814
475
157
109
-41
-15
179
690
569
244
3
-108
-123
-344
-28
223
240
-243
-100
131
45
-64
100
132
-204
-335
-47
167
75
35
135
73
-159
-350
-324
-212
-383
-545
-283
38
-122
-308
-123
36
-35
324
735
755
573
571
650
696
728
829
1216
1389
1427
1420
1432
1230
793
792
975
983
803
772
697
210
-87
-20
94
1
-14
123
6
-77
-54
128
120
-18
-69
81
279
240
389
495
439
155
233
284
109
-151
-397
-315
-105
-66
-142
-306
-445
-567
-615
-719
-852
-891
-916
-778
-416
-407
-512
-592
-627
-674
-826
-577
-623
-700
-616
-639
-802
-792
-752
-962
-872
-388
137
712
1092
1316
1319
1231
3070
5362
6212
4851
3797
4465
4180
3162
3012
4160
3942
2078
2355
3630
3129
443
-967
-407
-990
-1510
-380
1202
296
-2126
-2336
-1591
-2179
-3189
-2653
-1613
-1788
-1438
411
1495
216
-2124
-3158
-3453
-3755
-3054
-1037
867
1891
3522
5567
6430
5953
5272
4847
3530
2036
1355
1026
461
-333
-567
-769
-1196
-1362
-942
-49
523
1165
2057
2747
2872
2445
2170
1806
1092
608
543
457
-34
-708
-918
-1241
-1673
-1852
-1708
-1687
-1688
-1299
-924
-926
-1357
-1901
-2429
-2867
-3246
-3479
-3427
-3284
-3374
-3515
-3551
-3535
-4095
-4832
-5990
-6466
-4681
1671
9435
11550
8073
4393
3945
2626
-296
138
3619
5349
3908
5379
8908
7126
-46
-5784
-6279
-6208
-6368
-3364
789
779
-3498
-5559
-4431
-4986
-7535
-8056
-5777
-4085
-2928
571
4455
4603
1602
-273
117
594
1424
3675
6177
6563
5868
6225
6331
4534
1361
-609
-1160
-1276
-436
1107
1473
-273
-2699
-4137
-4666
-5005
-4966
-4541
-4376
-4136
-2751
-616
1070
2015
2159
1889
1588
2333
3652
4063
4130
4235
4507
4292
3892
3381
1825
-260
-1540
-1271
-663
-481
-566
-1182
-2337
-3289
-3426
-3171
-3066
-3222
-3047
-2387
-1680
-1170
-996
-1196
-1790
-1982
-1334
-199
605
797
764
489
23
-462
-751
-1060
-1922
-3134
-3874
-3777
-3906
-4227
-5657
-6232
-5519
200
9703
14027
10666
4084
3082
2746
-766
-1357
2872
7160
4721
4102
8252
8459
875
-7545
-7447
-5247
-5417
-3513
1770
3863
-1812
-6445
-4859
-3143
-5628
-7513
-4489
-1385
-998
1010
5584
7007
2820
-1038
-568
1187
1550
2902
5837
6669
4492
3250
4033
3154
-432
-3165
-3128
-2444
-2182
-1044
393
-465
-3344
-4866
-4379
-3910
-4122
-3879
-2893
-2365
-1158
1432
4071
4322
3893
4670
5077
4192
3564
4854
4703
2662
1789
2400
1905
-401
-1520
-2005
-3016
-3941
-3114
-1283
-1109
-1760
-2078
-1781
-2045
-2669
-2285
-1465
-1285
-1552
-744
402
220
-835
-1003
-387
-182
203
966
1279
435
-577
-837
-1123
-2266
-3528
-4219
-4850
-5593
-5784
-4970
-5596
-6637
-4305
5031
14698
15726
10141
5450
5122
2315
-1373
412
6079
8172
5053
6068
9052
5475
-4465
-10789
-8719
-6771
-6532
-3219
2074
1806
-4723
-7598
-4924
-3939
-6737
-7215
-2737
736
1600
4298
8466
8295
3087
-105
1372
3249
3394
4396
6768
6654
4095
2766
2910
993
-3376
-5807
-5204
-3991
-3288
-2070
-832
-1682
-3931
-4949
-4228
-3632
-3833
-3151
-1259
720
2602
4265
5333
4412
2909
3869
7122
9306
8135
6161
4253
1585
-937
-1310
-306
-1287
-3300
-3797
-3038
-3448
-4641
-4773
-3949
-3122
-2010
122
1532
863
-822
-1399
-442
445
1037
1554
1770
892
-151
-100
285
103
-459
-213
163
-93
-844
-1424
-2390
-4129
-5650
-5897
-5672
-5964
-6464
-6365
-6286
-6777
-5726
-1842
6998
16373
19147
14085
7332
5843
4446
1114
566
5480
9809
7377
5486
5992
2971
-6931
-14909
-12503
-7305
-5820
-5252
-1566
50
-4982
-8803
-6052
-2633
-4450
-6465
-2218
3753
6099
7316
10124
10894
6202
1471
2033
4712
4676
3482
4720
6037
4229
1157
-395
-2483
-6992
-10126
-8665
-5080
-3350
-2968
-2177
-2195
-3782
-4953
-3985
-2251
-1545
-441
2039
4977
6501
6643
6307
5337
3541
3369
6193
9102
9114
6071
3239
232
-3023
-5407
-5905
-5229
-5762
-5194
-3349
-1857
-2588
-4435
-4519
-3418
-1505
778
3411
4620
3604
2263
1620
1733
1330
776
779
922
970
791
501
-344
-1833
-2904
-2701
-1925
-1722
-2343
-3172
-4289
-5532
-6375
-6260
-5952
-6150
-6310
-5928
-5292
-4793
-3031
560
9830
20338
23469
17151
9007
7375
4918
27
-1325
4887
10058
6372
2983
2944
-301
-11306
-19148
-14927
-8248
-6792
-6621
-1753
1045
-4104
-8105
-4581
-97
-1926
-4228
810
7861
10236
10398
12595
13149
7570
1399
1059
3449
2620
618
2069
4147
2132
-1988
-4300
-6294
-10373
-12752
-9878
-4827
-2323
-2071
-1180
-542
-1523
-2338
-1016
1396
2517
3241
5242
7695
8567
7893
6850
5641
3475
2862
4988
6572
4576
585
-1462
-3434
-5819
-7055
-6243
-5003
-5076
-3734
-1515
-578
-1687
-2786
-1892
-83
1873
3732
5219
5052
3100
1458
1271
1519
970
389
381
274
-181
-600
-1230
-2311
-3463
-3839
-3458
-2788
-2394
-2920
-3645
-4344
-5120
-5743
-5619
-5223
-5106
-5014
-4025
-3732
-3467
-1625
3125
13840
23361
24719
16602
8660
6351
2057
-2933
-3022
4400
8198
3995
1461
946
-4208
-15495
-20422
-13906
-7060
-5811
-4891
86
1636
-3487
-5478
-732
2687
-329
-1940
3703
9946
11540
11623
13270
12000
4946
-1198
-1299
364
-937
-2126
243
2297
-95
-4166
-6352
-8261
-11247
-11588
-7178
-2024
-3
146
1116
1905
1428
1145
2487
4001
3996
4042
5641
7556
7987
6751
5066
2885
339
432
1916
2331
312
-1765
-2741
-4781
-5817
-5882
-4625
-3559
-2564
-435
602
679
-398
-639
483
2171
3848
4581
4507
2976
1169
377
478
606
15
-505
-1082
-1629
-1825
-2074
-2740
-3357
-3673
-3607
-3007
-2640
-2711
-2864
-2930
-3367
-3996
-4293
-4284
-4463
-4172
-3244
-2389
-2976
-3318
-1942
5423
18969
27203
23546
12375
6687
3990
-2917
-7453
-2847
6614
6688
1462
980
362
-8593
-20461
-19399
-9019
-4199
-5143
-2596
3246
1841
-3829
-2347
4058
4434
-1369
-1311
6407
11637
11662
12055
13460
9295
-190
-5270
-3312
-1726
-3510
-3268
666
1832
-2128
-6202
-7391
-8772
-10765
-9005
-3551
946
1496
1342
3008
4287
3921
3282
3796
3883
2960
3234
5434
7499
7166
4895
2070
-714
-3079
-2509
310
1941
688
-1244
-2013
-3913
-5367
-5246
-3343
-1450
-336
1471
2073
1533
128
-259
1014
2499
3585
3419
2972
1756
512
207
440
277
-1066
-2216
-2791
-2620
-2053
-1837
-2271
-3083
-3677
-3794
-3242
-2195
-1561
-1477
-1792
-2274
-2822
-3449
-3821
-3914
-3314
-2700
-2858
-4408
-4320
-2224
6059
19821
27946
23778
10986
4284
1082
-5074
-8443
-2892
7678
7618
1702
-61
-1328
-9346
-20355
-18282
-7584
-2666
-4082
-2368
3771
3245
-1740
-719
4656
4492
-1700
-1893
6215
12464
12893
11858
11852
7085
-2472
-7564
-5444
-2473
-3250
-3036
401
1415
-2343
-6761
-7963
-8339
-9199
-7438
-2682
1718
2651
2813
4547
5849
5293
3574
2655
2381
2323
3542
5771
7520
6676
3343
-92
-1718
-1642
-1820
-2029
-1164
-870
-2037
-3257
-2985
-2183
-2636
-2582
-1190
360
838
757
1588
2383
2581
2239
2126
2053
1064
177
278
1199
1259
181
-689
-1465
-2355
-2993
-2697
-1920
-1983
-2687
-2973
-2545
-2219
-2532
-2450
-1900
-1804
-2411
-2821
-2497
-2445
-2993
-3329
-3759
-4073
-5245
-5872
-4211
-62
12364
25619
28869
18530
5578
2255
-1537
-7254
-7934
1864
10512
5617
74
-637
-3031
-14011
-22211
-14489
-3873
-2038
-4539
-343
5743
2692
-1832
776
5293
1955
-4086
102
10023
14423
12390
10625
9612
2662
-6328
-8453
-4313
-2045
-3608
-2469
1085
847
-3983
-7861
-7857
-7838
-8053
-5392
-255
3348
3600
4190
6043
6811
4906
2285
1608
1875
2754
4466
6538
6869
4110
85
-3138
-4116
-2813
-681
705
364
-765
-1850
-3409
-3952
-3221
-2227
-1139
217
1974
2351
1569
979
1013
1455
1724
2058
1851
1341
845
605
965
587
-765
-2311
-3023
-2803
-2323
-1622
-1340
-2263
-3661
-4116
-3385
-2463
-1795
-1431
-1214
-1387
-2170
-2925
-3202
-3251
-3417
-3647
-3673
-3894
-5537
-5002
-2489
6925
21523
28976
23560
9296
2541
-135
-5519
-8190
-2390
8686
8004
806
-1653
-2387
-9184
-19961
-18075
-7027
-1777
-4015
-3390
3920
5275
307
-332
3995
4092
-2333
-2624
6554
14190
14065
10550
9110
4858
-3880
-8874
-6248
-2147
-2794
-3805
-1027
836
-2194
-6939
-7954
-7177
-7392
-6299
-2328
2418
4100
4293
5789
7116
5960
2692
1055
1511
2681
4369
5957
6617
4352
389
-2307
-2317
-1104
-1629
-2699
-2561
-2130
-2302
-2671
-1378
-366
-1072
-1673
-906
709
981
1011
2084
3433
3411
2046
972
282
-340
-584
366
1623
1105
-807
-2215
-2376
-2287
-2574
-2512
-2402
-2884
-3531
-3150
-1853
-1207
-1933
-2726
-2545
-2322
-2360
-2313
-2170
-2423
-3254
-3947
-4325
-4895
-6297
-5817
-2579
8660
24068
30366
22398
7786
1913
-736
-6644
-9092
-1590
9495
7788
661
-1276
-2153
-10785
-21725
-18224
-6331
-1513
-4252
-2603
5171
5992
491
-554
3399
2647
-3632
-2399
8242
16086
14720
10209
8207
3662
-4771
-9179
-6020
-2059
-3049
-3985
-902
1073
-2391
-7384
-8580
-7791
-7579
-6172
-1934
2885
4624
4949
6305
7389
5644
1907
289
1324
3237
5042
6412
6435
3536
-630
-2347
-1538
-1116
-2707
-3985
-3433
-2933
-2620
-1863
-462
48
-1119
-1517
-665
680
1081
1438
2949
4130
3764
2032
547
-509
-1284
-1087
130
1282
529
-1154
-2077
-1988
-1810
-2472
-3115
-3435
-3590
-3424
-2447
-1000
-870
-1915
-2878
-3253
-3310
-3034
-2555
-2146
-2102
-2281
-3272
-4248
-5967
-6837
-5389
562
15726
28902
29114
15618
3361
1103
-3258
-8920
-7665
4075
10884
3932
-1784
-1820
-4447
-15890
-22131
-12896
-2953
-2996
-5732
412
7819
5119
-137
895
3810
-291
-4793
1952
13494
17359
12569
8091
6010
-143
-7657
-8798
-4168
-1987
-4118
-3713
-339
-137
-5016
-8950
-8569
-7438
-6970
-4957
-26
4252
5389
6066
7314
7256
4091
438
160
2512
5019
6160
6259
4893
1254
-2283
-2551
-785
-1244
-4113
-5095
-3596
-2580
-2222
-1280
142
-317
-1820
-1759
-339
959
1107
1949
3657
4478
3172
918
-213
-779
-1123
-778
389
955
-357
-1866
-2132
-1606
-1808
-3174
-4121
-4181
-3651
-2770
-1481
-592
-1284
-2941
-3926
-3904
-3381
-2988
-2398
-1911
-1834
-2900
-4608
-6239
-7111
-5477
-714
12917
27559
30334
18552
4336
856
-2019
-7456
-8024
1808
11046
5823
-1830
-3071
-3753
-12930
-21680
-15549
-4633
-2487
-5960
-1989
6923
6992
935
-605
2504
774
-4196
215
12195
18488
14119
7639
5328
1175
-6169
-9131
-5163
-1391
-2962
-4092
-1380
-1
-3988
-9164
-9618
-7750
-6694
-5323
-1213
4028
6147
6238
6660
6802
4499
750
-134
2457
5667
6840
6117
4610
1596
-2023
-2894
-1248
-801
-3473
-5262
-4067
-2910
-2367
-2035
-884
-549
-1484
-1414
-320
1127
1503
1903
3191
4170
3558
1214
-244
-617
-693
-509
13
358
-544
-1604
-1866
-1522
-1781
-3191
-4424
-4617
-3877
-2913
-1639
-673
-1121
-2698
-3793
-4194
-4097
-3593
-2512
-1591
-1702
-2661
-3949
-5469
-6854
-5310
-1142
10469
24756
29945
21087
6064
631
-1232
-5556
-7769
-815
9543
6958
-1506
-4386
-3916
-10215
-20081
-17453
-6600
-2024
-5339
-3954
5196
8076
2534
-1131
1316
1990
-2354
-510
10285
18408
15659
7850
4377
1827
-4236
-8614
-6363
-1797
-2135
-4266
-2786
-619
-3145
-8788
-10520
-8331
-6351
-5152
-2079
3213
6294
6519
6217
6288
5010
1755
409
2572
5848
7109
5896
4253
1784
-483
-1150
-1020
-1719
-4342
-5780
-5325
-3779
-2019
-1432
-999
-1235
-1453
-1347
-755
556
1643
2732
3614
4103
3353
1554
138
-585
-518
-373
-254
-413
-858
-1115
-1119
-1066
-1891
-3613
-5109
-5255
-4000
-2459
-1445
-1251
-2182
-3416
-4144
-4067
-3728
-3321
-2969
-3163
-3155
-3441
-4094
-5844
-5200
-1903
7581
22521
30032
24044
8845
919
-385
-4286
-6827
-1930
9102
8990
-490
-5427
-5105
-8802
-18783
-19123
-8643
-2007
-4508
-5495
2771
8003
3451
-1818
-516
2109
-635
-493
9011
18597
17888
9328
3953
2202
-2336
-7373
-6923
-2242
-936
-3288
-3475
-1537
-2845
-8387
-11742
-10247
-7247
-5101
-2568
2282
6105
6914
6050
5138
4365
2371
1418
3186
6447
8177
6867
4357
1819
-718
-1677
-981
-864
-3092
-5510
-5068
-3810
-2831
-2606
-2056
-1508
-2015
-1476
-453
914
1685
2404
3634
4154
3650
1663
296
72
220
391
65
-233
-891
-1466
-1379
-1103
-1416
-3078
-4904
-5586
-4841
-3419
-2401
-1801
-2274
-3364
-4178
-4165
-4095
-3976
-3595
-2957
-2856
-3463
-4808
-5507
-3433
875
13378
27545
30886
18877
2997
-772
-1363
-4823
-6185
2633
12466
6618
-4153
-7592
-5945
-12085
-21375
-17007
-5412
-1323
-5823
-3802
6382
8609
1138
-3884
-527
1964
-517
2948
14227
21404
16042
6016
2377
1028
-3770
-8083
-5703
-781
-989
-3526
-3020
-1312
-4591
-11121
-13139
-10401
-6948
-4679
-843
4892
7846
7210
5103
3980
2919
1453
2255
5567
8967
9076
6318
3535
925
-906
-1117
-866
-2016
-4857
-5909
-4890
-3623
-2502
-2383
-2362
-2786
-2667
-1561
-244
1312
2351
3505
4017
3936
2860
1154
286
228
901
836
65
-866
-1407
-1269
-1073
-1294
-2383
-4208
-5624
-5698
-4429
-3232
-2874
-3149
-3636
-3956
-4192
-4407
-4333
-4176
-3977
-4034
-3556
-4163
-3936
-2137
4416
19320
30332
28177
12514
367
-901
-2755
-5539
-3771
7654
12095
2247
-6580
-7279
-6579
-15732
-21801
-13907
-3657
-2736
-6203
198
8911
6382
-2385
-4645
341
1131
-35
7079
18311
20891
11728
3474
2181
284
-4955
-7513
-3333
114
-1898
-3759
-2135
-1435
-6815
-12840
-13232
-9752
-6605
-4216
828
6186
7790
5800
3608
3084
2093
1483
3327
7196
9685
8480
5482
2968
746
-819
-1114
-1138
-2579
-4853
-4993
-4072
-3128
-2956
-3232
-2977
-2957
-2110
-1157
-48
1260
2309
3309
3521
3306
2254
909
404
628
1157
896
193
-527
-979
-1049
-1213
-1782
-2910
-4273
-5081
-4632
-4042
-4002
-4135
-4208
-4206
-4072
-3808
-3726
-4240
-4386
-3723
-3416
-3530
-4888
-3747
-447
9896
25141
31492
23495
6654
-712
-1331
-4258
-5962
-149
11114
9108
-2076
-7793
-6357
-8891
-19087
-19668
-9549
-2725
-5206
-5707
3914
9604
3729
-4185
-3396
1180
506
1811
11312
20583
18397
8008
2492
2231
-654
-5814
-6458
-1898
-311
-2674
-3436
-1527
-2550
-8798
-13247
-12301
-8772
-6217
-3204
2395
6750
7195
4885
3092
2529
1684
2159
4911
8385
9361
7429
4955
2925
585
-744
-604
-1082
-3427
-5337
-4384
-3417
-3414
-3918
-3685
-2770
-2508
-1605
-652
359
1017
1746
2957
3563
3264
1802
894
986
1205
1041
306
-95
-445
-644
-738
-963
-1623
-3046
-4372
-4866
-4330
-4027
-4393
-4713
-4714
-4287
-4093
-4273
-4633
-5088
-4970
-4598
-4179
-4688
-3638
-1353
7455
22708
31106
25186
8753
233
-107
-2459
-5001
-599
10924
10790
-699
-8027
-6508
-7432
-17631
-20713
-11625
-3128
-4645
-6498
2056
8920
3942
-5139
-5232
778
1590
1887
9836
19785
19300
9019
2505
2745
1238
-4207
-6070
-1769
842
-1545
-3477
-1847
-2097
-8066
-13436
-13068
-8928
-5857
-3561
1078
5374
6075
3681
1985
2129
2252
2691
4727
8103
9670
8070
5538
3586
1769
-232
-768
-637
-1672
-3429
-3835
-3224
-3646
-4757
-5343
-4304
-3057
-1814
-430
698
1447
1647
2043
2252
2242
1725
1287
1598
1970
1820
973
328
-247
-1017
-1452
-1582
-1678
-2317
-3045
-3281
-3304
-3784
-4833
-5461
-5444
-5075
-4462
-4230
-4348
-4756
-5073
-5178
-4948
-5201
-3525
-1026
7457
22344
30940
25465
8986
446
560
-1380
-4301
-787
10875
11540
188
-7738
-6521
-6856
-17271
-21523
-13127
-4091
-4808
-6886
1437
8757
4148
-5652
-6647
-42
1918
2369
9633
19704
20070
9789
2773
2891
2146
-3184
-5980
-1819
1463
-451
-2971
-1992
-2172
-8023
-13894
-14034
-9469
-5984
-3725
702
4983
5879
3107
1031
1345
1861
2545
4589
8184
9967
8661
6416
4639
2723
689
-124
-432
-1927
-3656
-3705
-3149
-3598
-4637
-5089
-4614
-4037
-2979
-1413
112
1301
2093
2977
3146
2511
1232
541
954
1459
1515
1120
855
429
-272
-896
-1328
-1884
-2927
-3665
-3569
-3147
-3243
-3824
-4188
-4428
-4870
-5363
-5483
-5568
-5694
-5306
-4636
-4178
-4918
-3822
-1359
7005
21306
29704
24888
9592
1242
1117
-137
-2489
230
10337
10872
250
-7495
-6380
-6050
-15251
-20173
-13552
-5135
-5486
-7761
-372
7194
3940
-5355
-7052
-710
2032
2583
8672
18153
19889
11074
3971
3851
3528
-1280
-4963
-2148
1240
280
-2236
-1884
-1801
-7124
-13431
-14796
-10712
-6577
-4216
-572
3498
5125
2959
652
933
1932
2758
4121
7027
9371
9063
7431
5659
4446
3285
1961
143
-2409
-3940
-4298
-4217
-4344
-4479
-4342
-4617
-4448
-3508
-2214
-1130
-256
1139
2612
3536
3312
2511
1752
1264
989
696
540
579
760
720
430
-357
-1477
-2698
-3555
-3661
-3482
-3489
-3747
-4145
-4196
-4665
-5198
-5674
-5952
-6155
-6231
-5697
-4718
-4586
-3688
-2012
4702
18751
28930
26261
11824
2121
2148
1334
-1529
-473
9199
12414
2754
-6349
-6358
-4596
-12857
-20125
-15600
-6516
-5028
-8344
-2980
5559
4530
-4709
-8771
-2908
1485
1843
6124
15571
20110
13469
5498
4532
5726
1886
-3591
-2851
1033
1403
-1360
-1889
-921
-4586
-11499
-15194
-12595
-8165
-5900
-3050
1081
4095
3174
556
257
1612
2741
3340
5327
8118
9141
8389
6960
6521
6383
4380
983
-2082
-3066
-3486
-4509
-4790
-4226
-4046
-5176
-5633
-4259
-2667
-2134
-1743
-57
1945
2955
2840
2743
2823
2215
1209
490
481
582
620
891
1252
798
-854
-2386
-3222
-3371
-3576
-3823
-3623
-3447
-3724
-4719
-5464
-5975
-6478
-7145
-6851
-6000
-5364
-5723
-4764
-2276
4225
17314
27417
25999
13036
2859
2393
2508
228
317
8510
12660
4593
-4729
-5892
-3681
-10480
-18652
-16591
-8424
-5825
-8880
-4709
3901
4571
-4009
-9578
-5038
-82
574
3764
12658
18820
14330
6812
5603
7544
4681
-1535
-2379
1209
2348
-116
-875
665
-1939
-8947
-14279
-13497
-9840
-8003
-5777
-1618
2252
2172
-152
-664
634
1817
2049
3470
6306
8109
8597
8202
8760
9707
8019
3805
-1094
-3337
-4139
-4939
-4393
-3036
-2206
-3794
-5492
-5569
-4826
-4449
-4031
-1847
827
2636
3063
2996
3011
2326
998
-213
-255
348
1070
1922
2554
2447
773
-1494
-3102
-3501
-3340
-3398
-3304
-3260
-3328
-4006
-4897
-5934
-6936
-7749
-7848
-7424
-6437
-6113
-5471
-3953
1299
14242
25807
26490
14935
4298
3310
3401
868
119
7860
13886
7831
-1674
-4130
-1654
-7211
-16449
-17136
-10199
-6720
-9770
-7154
1815
4924
-2539
-10096
-7733
-2602
-1853
-386
7739
16369
15192
8194
6055
8837
7870
1498
-1545
1168
3445
1496
23
2323
2289
-3554
-10801
-12837
-10688
-9613
-8857
-5883
-1129
875
-623
-1785
-903
490
280
340
2425
5049
6920
7804
9238
11260
11544
8788
4043
53
-2228
-3770
-4335
-3573
-2298
-2328
-3909
-5108
-5182
-5249
-6011
-5686
-3413
-512
1223
2149
3123
3290
2206
252
-936
-704
41
999
2119
3108
2916
1358
-562
-1788
-2374
-3011
-3612
-3559
-2850
-2870
-3872
-4983
-5874
-7031
-8393
-9015
-8649
-7917
-7703
-6468
-3622
5859
19424
26283
20808
8787
3794
4128
2272
-868
2627
12078
13144
5205
-1032
506
-2
-9206
-16309
-14073
-8521
-9616
-11395
-4641
3840
3012
-5904
-10068
-6678
-4548
-5575
-2378
7291
13672
11226
7208
8602
11341
7768
1346
-263
2311
3015
1036
1911
5154
4752
-1215
-7595
-9399
-9413
-10431
-10811
-7639
-2893
-1144
-1952
-2286
-954
-317
-1490
-2297
-1156
1313
3515
5679
9053
12957
14813
12359
6739
1616
-1601
-3352
-3777
-2438
-357
83
-1355
-2945
-3848
-5503
-7478
-7931
-6207
-3341
-1101
802
2528
3390
2453
165
-1681
-2197
-1626
-414
1371
3097
3712
2650
984
-164
-876
-1653
-2471
-2765
-2583
-2732
-3356
-4057
-4772
-6323
-7935
-8930
-8741
-8986
-9890
-9213
-4551
7538
19639
23210
16649
7993
5356
3547
65
-1481
4351
11701
10731
5261
3250
5492
2169
-6918
-12322
-11049
-9523
-12404
-11684
-3438
3840
2198
-4648
-7206
-6162
-7349
-9193
-5433
2972
7660
6609
6062
9550
12023
8532
3353
1721
2273
1220
-179
2257
6479
7367
3542
-1088
-3679
-6142
-9046
-10447
-8515
-5256
-3524
-3262
-2580
-864
-242
-1426
-3064
-3712
-2973
-1736
585
4555
9969
14245
13842
9686
5348
2341
-512
-2744
-2592
-620
731
498
156
-291
-1902
-4709
-7006
-7417
-6461
-4932
-2962
-524
1605
2350
1211
-716
-1865
-2260
-2130
-1551
-235
1305
1932
1813
1622
1561
1067
-234
-1713
-2538
-2841
-3160
-3634
-3855
-4206
-4755
-5723
-6796
-7784
-9407
-10230
-8580
-109
12235
19403
17009
9648
6289
5194
1760
-2370
-480
6735
9142
5717
3270
6382
7593
1347
-5698
-7807
-7320
-10432
-13291
-8779
-369
3346
-135
-3675
-3858
-4698
-7597
-8451
-4153
745
1918
1846
4427
8591
9650
7204
4621
3382
1893
-449
-720
1948
5148
6003
4297
2055
-185
-2470
-4961
-6435
-6066
-5210
-4845
-4830
-3730
-1548
100
-44
-1685
-2984
-3487
-3364
-1890
2030
7259
10001
8986
6517
4810
3395
1232
-463
-603
199
412
88
269
729
477
-1162
-3166
-4409
-4882
-5009
-4469
-2754
-716
332
-144
-893
-1059
-1111
-1408
-1720
-1488
-1095
-922
-758
173
1553
2068
1263
-216
-1202
-1964
-2951
-3875
-4004
-3644
-3540
-4301
-5216
-6103
-6968
-7484
-4707
3923
12948
15374
10376
5505
5000
4273
600
-2056
1564
6369
5854
2396
2441
6168
5750
308
-4155
-4741
-5567
-9239
-10363
-5645
482
1592
-1574
-3320
-2806
-3251
-5480
-5756
-2882
-321
-264
-481
2024
5612
6802
5542
3966
3156
1919
100
-248
1479
3669
3909
2533
1377
886
181
-1239
-2448
-2961
-3469
-4535
-5214
-4152
-1882
-120
-36
-882
-1677
-2209
-2258
-912
2024
4427
4403
3158
2692
2836
2604
2010
1705
1649
823
-463
-1191
-699
314
608
140
-697
-1616
-2722
-3390
-3296
-2561
-1788
-1667
-1820
-1675
-1106
-504
-357
-591
-1183
-2009
-2417
-2038
-896
357
895
673
108
-696
-1600
-2325
-2637
-2795
-3071
-3694
-4522
-5144
-5751
-6160
-5790
-1456
6505
12559
12168
7271
4513
4481
2892
-898
-1746
2381
5579
4230
1951
3699
6511
4553
-486
-3576
-3572
-5039
-8244
-8031
-3336
957
547
-1888
-2280
-1450
-2487
-4663
-4458
-2223
-1082
-1749
-1524
1313
4077
4710
3932
3380
2989
1577
20
-132
1115
2116
2111
1807
1727
1905
1611
835
-112
-1319
-2632
-3835
-4111
-3305
-1735
-288
140
-375
-1191
-1640
-1277
-183
1098
1894
1823
1342
1066
1320
1819
2141
1974
1149
196
-664
-1026
-726
68
734
543
-248
-1012
-1584
-2145
-2337
-1987
-1525
-1589
-1953
-1669
-911
-40
110
-327
-776
-1326
-1730
-1656
-1038
-272
16
-107
-380
-779
-1219
-1581
-1848
-2086
-2571
-3368
-3904
-4055
-4259
-4661
-5128
-3875
1182
7475
10243
8236
5283
4479
3903
1137
-1583
-254
3167
4104
2173
1776
4201
5203
2830
-312
-1229
-1788
-4478
-7030
-5999
-2221
98
-529
-1323
-844
-617
-1919
-3274
-2920
-1886
-1986
-2817
-2306
-140
2036
3005
3113
3212
2749
1372
-150
-747
-35
845
1183
1295
1685
2188
2184
1582
725
-36
-994
-2090
-2900
-2662
-1492
-560
-332
-435
-500
-328
62
509
794
463
-82
-400
-308
169
626
1124
1168
697
46
-392
-539
-564
-404
-205
-57
-348
-824
-953
-694
-435
-649
-1083
-1508
-1480
-1145
-737
-257
43
-19
-561
-1042
-1125
-966
-913
-954
-729
-693
-1086
-1171
-1003
-1020
-1410
-1769
-2155
-2713
-3217
-3522
-3728
-4105
-4841
-3737
780
6178
8538
6923
4774
4297
3634
938
-1261
136
2731
3027
1239
1169
3653
4992
3525
1242
345
-650
-3569
-6174
-5470
-2327
-294
-480
-734
27
209
-1102
-2463
-2510
-2047
-2515
-3406
-2909
-866
1218
2313
2732
2837
2285
957
-348
-748
-199
404
776
1084
1427
1761
1882
1908
1683
1221
189
-1012
-1994
-2234
-1637
-743
-321
-255
68
428
507
268
50
-2
-390
-831
-842
-225
472
892
1112
1056
738
20
-623
-799
-500
-481
-551
-509
-176
168
126
16
-133
-523
-1152
-1520
-1439
-871
-444
-262
-142
-182
-558
-963
-1170
-1252
-1143
-847
-897
-1079
-1056
-1083
-1256
-1307
-1211
-1388
-1947
-2715
-3192
-3741
-4005
-4504
-3975
-301
4979
8033
6933
4604
4050
4025
1947
-893
-756
1649
2422
875
524
3164
5354
4343
1724
527
-11
-2627
-5901
-6002
-2603
117
6
-795
-195
456
-749
-2528
-2643
-1754
-1976
-3266
-3308
-1421
584
1501
1859
2457
2566
1451
-50
-581
-45
404
378
424
1034
1704
2033
2161
2199
1756
538
-905
-1931
-2263
-1936
-1218
-611
-312
-161
-131
-9
510
1074
909
-129
-1002
-1217
-775
43
805
1411
1266
649
-170
-768
-1003
-870
-435
-212
-183
-161
17
167
187
-22
-552
-1274
-1688
-1616
-1105
-487
-61
-7
-370
-991
-1311
-1244
-1089
-968
-927
-1080
-1200
-1147
-1070
-997
-994
-1177
-1602
-2149
-2704
-3134
-3629
-4283
-5090
-4115
53
5464
8254
6944
4847
4349
3691
1038
-1623
-823
1802
2518
1086
987
3610
5417
4166
1611
366
-532
-3130
-5758
-5313
-2032
251
-103
-957
-415
96
-1003
-2438
-2502
-1701
-2101
-3409
-3452
-1558
732
1996
2524
2962
2851
1613
-2
-791
-318
300
536
669
1241
1999
2373
2335
2031
1501
276
-1319
-2549
-2725
-2032
-1164
-492
-81
46
69
44
98
457
491
-42
-738
-711
7
626
1076
1310
1254
586
-331
-911
-884
-425
-96
78
177
171
39
-152
-288
-478
-865
-1397
-1598
-1453
-975
-538
-316
-275
-458
-845
-1328
-1564
-1378
-1019
-862
-822
-792
-767
-873
-994
-1173
-1253
-1467
-2033
-2581
-3094
-3854
-4873
-5440
-3304
1902
7065
8594
6584
4690
4182
2937
27
-1701
14
2409
2245
849
1743
4468
5371
3380
1041
236
-1128
-4276
-6388
-4905
-1515
59
-552
-898
-29
64
-1532
-2797
-2467
-1925
-2803
-3873
-2936
-328
1814
2622
3070
3541
2872
899
-772
-857
-42
468
726
1280
2101
2478
2330
2116
1769
820
-781
-2330
-2957
-2727
-1972
-952
-81
290
120
-167
-112
255
515
368
-100
-524
-349
335
1075
1556
1582
1265
477
-455
-941
-766
-222
353
545
369
13
-349
-574
-728
-808
-1093
-1554
-1852
-1663
-988
-434
-111
-192
-641
-1258
-1737
-1549
-935
-454
-533
-800
-986
-1206
-1276
-1158
-1066
-1317
-1906
-2759
-3556
-4480
-5499
-5836
-2967
3149
8613
9692
6919
4704
4242
2849
-462
-2047
367
3121
2757
1253
2541
5558
5929
3083
331
-581
-2243
-5708
-7383
-4820
-732
633
-340
-644
171
-165
-2262
-3673
-3032
-2238
-2965
-3654
-2116
926
3104
3665
3658
3695
2749
615
-997
-820
442
1161
1416
1932
2735
3061
2501
1734
968
-113
-1822
-3278
-3649
-2770
-1426
-475
90
246
31
-121
-180
-94
10
-44
-207
-176
486
1453
2095
2133
1881
1249
195
-758
-1055
-493
272
701
763
455
-94
-638
-990
-1228
-1478
-1816
-2135
-1997
-1407
-606
-55
-24
-319
-987
-1700
-2106
-1831
-1181
-694
-587
-765
-895
-996
-1138
-1341
-1604
-2109
-2986
-4059
-5096
-6048
-6508
-3319
4077
10962
12237
8358
5106
4509
3046
-859
-2759
448
4247
3950
1691
2893
6426
6663
2537
-1409
-2433
-3935
-7487
-9054
-5382
137
2005
295
-819
-194
-959
-3683
-5118
-3643
-1912
-2346
-2928
-769
2956
5202
5023
4284
3821
2371
-126
-1628
-629
1440
2455
2512
2781
3177
2813
1535
246
-780
-2038
-3605
-4550
-4018
-2347
-556
514
647
-126
-1029
-1108
-550
189
613
844
1067
1181
1699
2527
3114
2796
1985
717
-526
-1183
-1143
-45
986
1461
1118
192
-819
-1660
-2040
-2126
-2245
-2338
-2245
-2039
-1457
-565
-75
-197
-1014
-1984
-2507
-2460
-1775
-916
-305
-17
-259
-748
-1145
-1766
-2440
-3560
-4591
-5487
-6300
-7219
-5257
2737
12552
16603
12145
6095
4195
3357
-438
-3989
-991
5165
6571
2933
1775
5638
7194
2669
-3214
-4700
-4671
-8033
-11157
-7902
-197
3642
1454
-1016
-804
-1279
-4669
-6904
-4471
-643
121
-1063
455
4674
7285
6573
4767
3990
2420
-701
-2606
-1003
2543
4453
4318
3663
3031
1466
-1072
-2848
-3378
-3469
-4198
-4877
-4127
-2040
181
1129
859
-145
-1162
-1612
-1396
-20
1929
3427
4108
4010
3725
3247
2582
1545
541
-144
-821
-1000
-512
673
1545
1669
809
-788
-2347
-3604
-3919
-3364
-2373
-1514
-1127
-883
-704
-769
-1297
-2010
-2541
-2908
-2843
-2365
-1408
-364
227
140
-608
-1635
-2795
-3959
-4807
-5338
-6120
-7040
-8098
-3924
7676
18947
20792
12849
5719
3664
1514
-3804
-5709
1486
9170
8765
3335
2928
6665
4802
-3054
-8636
-7612
-7161
-11085
-11737
-4288
4822
5884
702
-2370
-2386
-4492
-8634
-7993
-1429
4184
4278
3147
5807
9194
8464
4646
2206
1865
-57
-2752
-2175
2505
6807
6733
4263
1840
-484
-4082
-7337
-7472
-5244
-3405
-3153
-2522
-570
1122
1153
-227
-1266
-1780
-1795
-637
2093
5458
7364
7305
5861
4146
2343
630
-419
-709
-225
-42
52
219
697
953
185
-1040
-2535
-3832
-4652
-4384
-2907
-1227
-132
82
-306
-871
-1497
-2018
-2265
-2223
-2139
-1866
-1333
-491
351
562
-115
-1400
-3262
-4946
-6325
-6738
-6747
-7155
-8231
-5878
5332
18855
23697
15904
5738
2594
1750
-2703
-6310
133
10667
12467
5701
1625
4625
3812
-4678
-11772
-10192
-6208
-8543
-10849
-4791
5131
7153
376
-4693
-4579
-5222
-8815
-8307
-18
8225
9172
6015
6262
8759
7287
2340
-426
819
1294
-634
-393
3850
7745
6304
1504
-2193
-4606
-7305
-9669
-8397
-3946
-398
113
-646
-231
199
-656
-2378
-2877
-1485
899
3485
6109
8726
9668
7722
4026
931
-706
-1362
-1189
-55
1551
2109
1097
-569
-1624
-2240
-3270
-4046
-3872
-3132
-2314
-1471
-487
214
-33
-1165
-2375
-2766
-2446
-1771
-900
-9
400
287
-195
-626
-762
-1187
-2094
-3251
-4605
-5588
-6139
-6390
-7181
-8130
-8624
-2525
11473
23111
22674
11532
2970
1716
690
-3543
-3569
5960
13831
10806
2664
942
3565
-951
-10300
-13682
-8572
-5615
-8813
-8145
184
7305
3631
-4808
-7396
-5521
-6023
-7524
-2338
7698
12727
9403
5260
6029
6974
3422
-1002
-618
2479
2633
1305
2875
6527
6491
841
-5187
-7819
-8407
-9033
-8213
-3959
851
2123
-130
-2018
-2074
-2006
-2723
-2833
-316
3565
6849
8813
10019
9938
7178
2652
-1195
-2428
-1773
-490
1099
2480
2709
677
-2289
-4349
-4924
-4663
-4107
-2824
-1246
-201
-79
-416
-626
-1167
-2149
-2935
-2599
-1373
-58
798
1166
1132
275
-1018
-1905
-1888
-1301
-1413
-2240
-3656
-4934
-6236
-7145
-8028
-9161
-10479
-8294
4315
20709
27586
18692
5219
800
1290
-1689
-5198
1498
13762
15775
6662
-222
1947
1248
-8579
-16355
-12767
-5070
-5715
-8725
-3293
6083
6432
-3627
-10213
-8280
-5580
-6559
-3861
6725
15490
13997
6737
4041
5449
3558
-1320
-2380
2182
5250
3898
3163
5417
6096
559
-7152
-10699
-9981
-8714
-7466
-3710
1499
3507
620
-3122
-4182
-3692
-3427
-2827
412
5496
9450
11322
11324
9964
6444
1426
-2501
-3514
-1774
524
2346
3209
2573
-210
-4229
-6749
-6931
-5372
-3533
-1506
662
1814
1413
-115
-1448
-2392
-3183
-3515
-2474
-184
1662
2448
1944
874
-407
-1889
-2700
-2616
-1733
-1168
-1787
-3280
-4800
-5955
-7176
-8170
-9481
-10744
-11116
-1905
16300
29487
25624
9482
-457
-229
-370
-4433
-1797
11400
19039
11720
208
-1374
878
-6367
-16898
-16773
-6834
-2526
-6537
-5407
3565
7802
-1184
-11802
-11679
-6006
-4065
-2872
5948
16992
18018
8875
1654
2229
2960
-666
-2761
1778
7503
7067
3717
3149
3747
-618
-9190
-13872
-11834
-7696
-5217
-2479
1958
4490
1681
-3885
-6616
-5542
-3269
-1121
2109
6969
11421
13360
12364
9091
4502
-533
-4100
-4477
-1670
1924
3763
3231
995
-2332
-6244
-8768
-8254
-5129
-1584
912
2555
3157
1992
-432
-2628
-3511
-3255
-2313
-604
1741
3636
3786
1930
-597
-2454
-3338
-3229
-2230
-830
56
-879
-2971
-5261
-6644
-7912
-8576
-9163
-9826
-11064
-9819
3598
22923
32468
22091
3682
-3616
-1041
-609
-3309
3257
17056
19889
7599
-4162
-3502
-2580
-11677
-19813
-14322
-2212
-441
-5508
-2998
5383
4958
-7450
-15428
-10419
-2512
-195
2653
12808
20863
16081
3747
-1991
699
1785
-1073
-582
5899
9934
6284
1266
76
-835
-6951
-14109
-14347
-8435
-3073
-1167
577
3022
2472
-2655
-7472
-7017
-2916
1182
4118
7597
10958
12271
11291
8591
4943
747
-2667
-4002
-2294
985
3135
2676
-107
-3630
-6873
-9059
-8652
-5237
-673
2539
3627
3495
2331
134
-2024
-2815
-2180
-857
568
2077
3450
3701
2276
-364
-2504
-3382
-3170
-2175
-804
-25
-482
-2417
-4862
-6899
-8137
-8445
-7908
-7259
-7522
-8660
-9847
-245
18494
31727
25710
6754
-3808
-1246
2272
-219
2293
14100
19384
8735
-5568
-7236
-3817
-9636
-18906
-16323
-3460
1709
-3832
-5154
2082
4770
-5210
-14634
-10406
74
4479
5302
11958
19731
16682
3930
-3984
-1148
2732
1324
263
5024
9229
5584
-1444
-4323
-4431
-8037
-14002
-14044
-7017
-304
1093
453
1383
1168
-2584
-6616
-5170
383
5152
7443
8932
10435
10344
8668
6250
3455
326
-2373
-3414
-2197
61
1101
-155
-3015
-5593
-6942
-7361
-6017
-2703
1175
3468
3611
2993
2091
509
-948
-1165
-228
796
1448
2088
2632
2399
800
-1395
-2868
-3071
-2657
-2040
-1041
-436
-1240
-3358
-5705
-7137
-7397
-7090
-6254
-5699
-5387
-6121
-6676
-8045
-683
16457
30876
27721
9241
-3032
-1383
3790
1441
791
9692
15382
7145
-7283
-9972
-5630
-9200
-17976
-17297
-4403
3010
-1437
-4616
840
4933
-2690
-11015
-6979
4369
9522
8411
11782
17699
15272
3390
-5055
-2413
2112
1198
-877
2173
5744
1955
-5308
-8599
-7810
-9251
-13071
-11773
-4381
2235
2968
1239
1423
1340
-1248
-3444
-637
5215
8733
9462
9357
9009
6156
2684
1777
2005
412
-2818
-4168
-3125
-2130
-2738
-3636
-4121
-4633
-5033
-4484
-2136
710
2622
3406
3664
3682
2918
1509
662
1020
1361
1075
845
997
1136
322
-829
-1550
-1986
-2721
-3419
-3277
-2397
-2092
-3058
-4458
-5004
-5086
-5163
-5358
-4824
-4138
-3808
-4174
-4723
-5520
-6770
2605
19647
31865
23926
4317
-5378
-1694
2547
-1825
-911
8797
12676
2503
-10658
-9858
-5864
-10991
-18700
-14088
875
6000
-3
-2666
3148
5696
-3086
-8926
-2167
8751
11124
8366
11622
16038
11281
-1255
-7808
-3393
721
-889
-2391
1189
3754
-1314
-8319
-10094
-8129
-8600
-10684
-7395
383
5446
4380
1872
1802
1778
-331
-1280
2300
7661
9682
8404
6564
4887
1684
-1419
-1419
-55
-450
-2939
-4153
-3648
-2978
-3433
-3821
-3049
-2405
-1823
-1106
594
2473
3236
3177
2807
2942
2732
1917
1196
932
872
217
-490
-780
-690
-663
-1113
-1729
-2331
-2823
-3278
-3480
-3319
-3104
-2992
-3082
-3173
-3327
-3441
-3247
-3122
-2917
-3194
-3400
-3733
-4066
-6413
286
16274
29863
24461
4201
-7701
-4678
1721
-1452
-2502
6567
11893
3601
-10330
-11092
-5604
-9087
-16588
-13277
2350
9890
3141
-2377
1655
5805
-1363
-8362
-2477
9059
12569
8386
9053
13298
9558
-2558
-10010
-5660
379
-364
-2412
536
3478
-1028
-8998
-11140
-7949
-6386
-7417
-4834
2505
7088
4922
1015
387
1363
392
-406
2972
7670
9086
6687
4062
2268
-544
-2743
-2718
-958
-597
-2054
-3167
-3083
-2467
-2788
-3092
-2549
-1472
-308
562
1832
3158
3444
2557
1785
2011
2275
1688
763
368
49
-710
-1347
-1246
-600
-720
-1426
-2116
-2447
-2681
-3153
-3248
-2835
-2147
-2139
-2307
-2334
-2209
-2583
-2835
-2818
-2005
-2263
-2404
-3423
-3232
-5904
-5025
7418
23060
27165
10464
-5927
-7737
-10
1090
-3874
1610
10122
8081
-4762
-11758
-5912
-4924
-11996
-14257
-2327
10506
7598
-1312
-1602
4427
2783
-6019
-5568
5048
12419
9322
5771
8884
9710
715
-9326
-8850
-1092
1706
-1394
-1416
2029
959
-6253
-11198
-8615
-4365
-3910
-3796
499
5889
5758
1253
-881
470
1572
578
1318
5373
8115
6728
2878
147
-1473
-3540
-3377
-887
1921
1481
-1588
-3588
-3875
-3052
-2674
-1855
-104
1484
2172
1817
1676
1557
1050
681
1188
2401
2866
1903
472
-496
-1243
-1944
-2178
-1336
-300
-71
-679
-1588
-2164
-2782
-3544
-3540
-2459
-1057
-634
-1011
-1765
-2295
-2753
-2871
-2376
-1704
-2118
-2524
-3788
-3651
-6569
-4545
7813
22160
24015
6884
-7403
-7618
463
1222
-2838
2753
10021
7136
-5032
-10678
-5126
-4520
-10420
-10979
640
11091
6796
-1882
-1919
3224
1222
-5747
-3969
6118
11823
8406
5237
7081
6320
-2156
-9508
-6929
235
2188
-469
-439
1706
-791
-7102
-10267
-7257
-3436
-2900
-1775
2271
5796
4278
-169
-1565
-136
870
868
2483
5854
7030
4736
1348
-1172
-2622
-4476
-3257
1115
4434
3124
-1710
-4231
-4216
-3199
-2482
-1097
1442
2592
2205
1310
907
417
-699
-718
1097
3353
3860
2181
97
-1121
-1783
-2274
-1934
-631
568
422
-552
-1383
-2016
-2863
-3811
-3358
-1791
-255
-34
-989
-1891
-2461
-3064
-3202
-2589
-1436
-900
-1583
-2529
-4052
-5108
-8485
-2894
11016
23308
18917
1166
-8070
-4370
2483
51
-2573
4584
9374
4018
-6391
-7644
-3068
-5705
-10695
-7105
5018
10227
3060
-2858
-432
2815
-1224
-5047
303
8695
9780
5284
4061
5481
2181
-5497
-8125
-2990
2007
1521
-678
196
350
-3901
-8295
-8087
-4305
-2092
-1570
971
4176
4338
1068
-1578
-937
346
962
1919
4191
5941
4728
2180
-105
-1917
-3601
-3427
43
3549
3301
-307
-3375
-4047
-3692
-2855
-1109
1297
2486
2010
1106
608
112
-653
-608
944
2944
3662
2636
937
-402
-1402
-1972
-1712
-644
262
332
-45
-588
-1405
-2580
-3491
-3225
-1981
-682
-212
-590
-1291
-2051
-2739
-2846
-2459
-1510
-1206
-1085
-1929
-2545
-4102
-5001
-7876
-5374
6655
19402
20485
5326
-6691
-5963
926
1364
-2318
2606
9028
6585
-2632
-7080
-3693
-4887
-9788
-7795
3125
10313
4831
-2487
-1711
2087
-447
-5047
-1681
6365
9115
5561
4276
5762
3095
-4526
-8241
-3579
1854
1730
-787
-384
728
-2402
-6920
-7656
-4667
-2235
-1586
547
3641
4099
893
-2135
-1664
586
1737
2334
3597
4849
4194
1906
-281
-1975
-3047
-3156
-359
3276
4058
848
-3057
-4458
-4058
-2810
-1185
1059
2597
2275
1325
388
-368
-1096
-907
978
3399
4509
3562
1368
-710
-1936
-2285
-1747
-715
409
905
597
-348
-1789
-3155
-3641
-3096
-1732
-399
133
-204
-1104
-1962
-2490
-2635
-2291
-1692
-901
-664
-1080
-1816
-2847
-3918
-5131
-5392
-6939
-865
10614
19709
14608
-466
-7501
-3862
1825
290
-796
5778
9005
3972
-4249
-5751
-3904
-6953
-8852
-2262
8218
9615
1329
-3714
-1548
291
-3246
-4159
2112
8582
8097
4210
3617
3129
-1713
-7245
-5951
511
3461
1505
-247
602
-195
-4750
-7727
-6291
-2997
-1107
259
3079
4613
2024
-2274
-3602
-1331
921
1770
2596
4047
4334
2466
221
-1238
-2311
-3327
-1707
1978
4437
2878
-983
-3322
-3739
-3192
-2291
-94
2249
2702
1650
709
583
-14
-805
-217
1811
3395
2981
1323
-126
-1011
-1661
-1788
-973
250
745
94
-816
-1495
-2106
-2396
-2077
-1048
-187
-156
-734
-1244
-1622
-2054
-2477
-2076
-1196
-465
-830
-1337
-2034
-2354
-3382
-3804
-4266
-3542
-4973
-4702
4052
14474
16892
4794
-6094
-5516
913
2800
119
3561
8925
6116
-2021
-6262
-3561
-3836
-7379
-4779
4639
9658
3605
-3764
-3420
-124
-1689
-4291
-301
6476
7948
4216
2790
3352
248
-5260
-5823
-181
4128
2681
118
77
-59
-3276
-6363
-5367
-2356
-872
-333
1525
3131
1371
-2456
-3980
-2061
442
1719
2529
3492
3339
1540
-129
-785
-1078
-1561
-808
2013
4189
3304
-53
-2827
-3508
-2977
-1710
352
2315
2818
1776
418
-578
-1452
-1968
-1031
1295
3388
3733
2444
503
-1257
-2206
-2113
-951
424
1108
1044
549
-156
-1165
-2203
-2508
-1957
-951
-180
-102
-711
-1433
-1885
-1904
-1945
-1771
-1589
-1344
-1327
-1018
-1262
-1776
-2901
-3415
-3616
-3340
-3963
-4983
1682
10948
15355
7440
-2939
-4218
372
2317
85
1975
7465
6364
-133
-4543
-3124
-3172
-6684
-5366
2487
7815
3917
-2235
-2484
-238
-1496
-3847
-547
5199
6887
4376
3391
3902
851
-4176
-4699
-157
3169
1840
202
683
578
-2429
-5299
-4840
-3157
-2551
-1885
663
2626
1324
-1635
-2964
-1910
-597
266
1775
3445
3696
2343
1290
1100
-79
-1685
-1835
382
3140
3692
2105
-361
-2312
-3187
-2911
-1136
998
1904
1432
457
7
-500
-1365
-1304
263
2224
3046
2471
1304
208
-739
-1067
-525
266
760
793
627
183
-837
-1996
-2525
-1969
-877
-189
-241
-798
-1529
-2174
-2430
-1963
-1377
-807
-611
-557
-785
-1232
-1818
-2221
-2288
-2334
-2157
-2592
-2687
-4563
-1114
6520
12157
8522
-455
-3288
145
2209
412
491
5146
5699
889
-3080
-2405
-2114
-5003
-4798
1218
6085
3795
-1208
-1406
337
-565
-2968
-763
3780
5055
3556
3233
3900
1295
-3185
-3824
-529
1633
650
-36
767
343
-2351
-4322
-3780
-2859
-2805
-1728
902
2343
695
-1516
-1870
-781
-261
233
1422
2716
2611
1570
907
1024
598
-774
-1357
-445
1030
1547
1128
516
-259
-1364
-1992
-1333
145
1039
911
624
448
-27
-756
-768
287
1489
1969
1955
1657
780
-399
-1150
-944
-237
402
889
942
527
-437
-1632
-2310
-2213
-1534
-775
-110
271
7
-887
-1817
-2217
-1773
-1083
-608
-244
-209
-329
-962
-1475
-2137
-2266
-2556
-2311
-2238
-2052
-3199
-4201
630
7468
10131
4423
-1366
-879
1618
781
-720
2186
6015
3904
-381
-1435
-423
-2821
-5313
-2380
3542
4753
902
-864
598
279
-2412
-2982
835
3509
3070
2480
3404
2736
-1046
-3671
-1932
739
979
158
726
1280
59
-2032
-2771
-2581
-2723
-2267
-511
1347
1541
281
-626
-961
-1013
-755
-70
795
995
1064
1602
1728
928
-230
-421
-324
-213
175
1392
2205
1142
-360
-801
-595
-623
-521
530
1272
772
-191
-333
24
-173
-273
488
1547
1672
878
184
-43
-120
-263
-13
615
874
534
-45
-435
-640
-857
-856
-432
71
-9
-568
-1124
-1394
-1526
-1464
-1053
-483
-223
-623
-1107
-1358
-1344
-1431
-1455
-1128
-828
-1040
-1699
-1913
-2297
-2619
-4056
-1556
4042
8274
6241
1143
-541
899
576
-1014
439
4314
4670
1646
-101
332
-1150
-4253
-3680
599
3213
1579
108
1102
1164
-1163
-2858
-1164
1344
1942
2061
3298
3480
1067
-1719
-1727
-295
-111
-508
394
1557
1327
-109
-1116
-1759
-2816
-3180
-1773
248
1100
537
-65
-453
-1168
-1747
-1460
-270
849
1298
1632
1853
1432
138
-541
-255
174
344
717
1768
2156
1101
-475
-1260
-1235
-1025
-422
485
898
429
-84
-228
-362
-400
-127
505
1001
1196
1127
828
334
-17
-128
-35
207
395
435
112
-292
-546
-781
-922
-837
-631
-425
-281
-333
-493
-864
-1155
-1207
-1040
-657
-388
-371
-558
-745
-881
-1002
-1138
-1054
-716
-601
-709
-923
-1231
-1629
-2323
-1627
689
3441
3744
2091
497
535
346
-598
-605
1405
2812
1986
570
687
885
-302
-1583
-1023
321
676
642
1318
1798
897
-602
-754
-38
413
384
499
977
1192
841
248
-264
-753
-1113
-936
-180
637
978
660
28
-535
-898
-1058
-1048
-740
-155
525
830
405
-217
-600
-697
-640
-527
-126
355
533
332
212
157
-197
-685
-816
-220
600
929
795
425
134
0
-88
-71
54
210
162
64
-15
-86
-133
-68
96
111
-32
-68
-29
-56
-94
11
244
225
130
208
346
150
-84
-71
22
-19
-115
63
285
347
175
49
-125
-391
-636
-777
-523
-117
-12
-179
-398
-479
-629
-972
-1130
-927
-494
-223
-41
19
-207
-633
-1002
-1099
-1029
-750
-159
731
1139
638
-334
-932
-728
-77
518
630
396
223
416
679
724
318
-63
-173
86
650
915
718
290
272
485
585
571
306
-72
-362
-85
601
943
621
132
77
75
-115
-238
-70
106
86
39
165
215
-105
-435
-551
-415
-421
-491
-298
110
431
222
-146
-398
-482
-378
-201
89
292
205
0
-33
43
-61
-437
-633
-392
40
289
286
167
-76
-305
-500
-447
-230
-151
32
361
662
490
25
-152
-19
51
-35
84
350
426
217
12
132
176
-84
-327
-115
151
114
-182
-341
-325
-301
-291
-247
-167
-145
-164
-150
-50
-207
-492
-695
-559
-240
-52
-137
-444
-676
-817
-762
-800
-928
-912
-586
24
478
520
123
-360
-740
-561
36
477
498
147
168
533
610
376
111
-19
-44
175
752
1169
872
244
17
203
297
110
42
241
444
490
508
451
154
-309
-470
-216
99
289
264
226
144
-44
-240
-381
-308
-139
-56
80
176
87
-139
-209
-200
-181
-206
-277
-119
151
258
103
-68
-306
-536
-391
-107
64
100
5
-149
-257
-225
-108
20
76
217
308
290
144
111
5
-136
2
200
313
270
226
198
0
-330
-427
-229
-14
59
120
171
126
67
40
71
96
-6
69
202
309
259
80
-132
-356
-337
-250
-193
-202
-276
-337
-375
-464
-563
-598
-624
-532
-425
-353
-207
-301
-459
-562
-592
-563
-578
-335
180
508
405
-34
-298
-243
-133
2
93
109
2
97
279
409
285
75
33
108
400
616
574
431
361
311
346
364
372
273
161
166
275
387
441
292
126
-11
-10
14
-69
12
169
378
311
48
-181
-261
-243
-203
-73
124
126
-2
-129
-67
-86
-278
-424
-326
-90
90
87
-29
-154
-209
-216
-142
-48
82
80
-53
7
139
94
-133
-284
-292
-249
-209
5
150
71
-37
-96
-33
40
108
243
310
346
385
338
163
-74
-70
168
258
265
289
248
94
-54
-227
-346
-303
-119
74
97
-38
-186
-243
-250
-235
-175
-184
-148
-23
49
3
-157
-333
-406
-471
-545
-404
-321
-440
-583
-603
-645
-767
-808
-620
-254
-103
-169
-239
-205
-145
-99
47
159
117
60
278
543
682
464
198
140
233
345
401
454
428
399
316
290
217
83
15
59
258
360
317
286
228
163
79
67
162
265
299
336
392
260
96
-34
-130
-167
-129
-152
-154
-47
-92
-107
-237
-326
-394
-494
-471
-330
-136
22
155
143
-18
-266
-303
-161
149
410
425
276
88
-84
-105
28
141
2
-113
94
337
369
155
9
42
72
161
356
343
147
127
259
401
371
224
189
111
151
251
256
205
147
130
173
157
52
-14
-26
30
-12
-155
-337
-350
-185
-177
-242
-344
-383
-470
-505
-302
-122
-116
-397
-560
-401
-254
-269
-396
-425
-422
-486
-478
-262
32
155
-5
-202
-280
-286
-270
-185
46
176
102
132
290
311
221
177
198
242
323
409
597
713
655
556
475
554
593
528
416
355
352
309
244
225
272
163
121
145
215
110
-80
-72
88
145
98
134
188
68
-163
-210
-113
23
6
-85
-32
58
-97
-304
-352
-246
-140
-243
-180
25
170
144
97
57
-23
-107
-78
276
527
505
239
173
275
168
-16
-95
127
353
412
493
533
272
-18
35
204
235
244
313
388
365
234
122
-53
-84
57
188
219
181
149
103
68
57
26
-90
-193
-237
-166
-95
-10
-33
-177
-266
-261
-123
-112
-187
-235
-247
-291
-287
-300
-226
-203
-221
-300
-336
-372
-413
-324
-244
-171
-233
-110
-9
113
103
-38
-78
-3
212
411
461
371
301
194
155
147
265
363
307
332
438
480
427
334
348
395
354
282
384
424
335
341
370
291
203
161
146
152
80
43
123
75
-22
-9
41
109
44
39
-16
-17
72
96
97
106
189
210
117
-25
-127
-230
-212
-45
88
164
6
-152
-180
-24
91
102
160
205
172
163
213
232
189
80
100
195
321
418
306
133
52
95
167
108
168
194
214
185
167
116
31
11
-14
70
124
213
226
222
109
39
59
15
-48
-35
125
164
52
-62
-122
-204
-308
-376
-344
-291
-249
-194
-184
-170
-134
-276
-314
-295
-265
-178
-173
-107
-47
-50
-89
-225
-310
-269
-214
-175
-233
-299
-273
-71
54
60
-64
-149
-119
-93
55
202
197
26
93
297
346
207
64
181
294
365
357
392
421
366
285
228
253
285
259
211
295
340
278
72
-10
103
124
38
-2
137
160
36
-58
-5
65
-73
-136
7
192
184
-16
-110
-72
-18
31
86
66
75
49
15
-6
-37
-69
-148
-78
36
40
93
198
243
169
137
137
178
214
249
285
313
233
127
139
295
298
213
220
222
236
270
237
119
23
-67
-94
17
75
63
37
24
-9
25
-73
-197
-62
62
149
179
191
177
56
-141
-198
-184
-159
-90
-59
-4
-93
-218
-323
-343
-363
-357
-268
-185
-100
-128
-166
-194
-243
-254
-305
-166
54
74
-73
-165
-155
-137
-89
-64
-71
-101
-110
-115
-21
77
112
40
-43
-65
15
117
178
234
181
192
244
290
229
237
231
196
232
291
358
337
333
304
260
193
130
139
165
173
226
249
157
77
98
94
86
65
90
178
117
102
138
94
34
53
76
9
29
38
90
147
142
102
20
-30
-18
17
87
97
153
224
128
120
111
103
154
219
288
307
274
170
102
141
124
175
168
188
252
215
179
170
246
223
189
168
111
59
-14
-36
-38
-72
-46
34
38
19
-42
-59
-19
-34
0
13
75
136
61
31
-20
55
51
4
-54
-77
-75
-50
80
96
63
-21
-132
-143
-113
-85
-1
37
34
46
-21
27
-31
-91
-116
-44
76
35
11
-17
34
-8
-93
-164
-131
-48
-51
-4
24
93
45
50
39
-12
-35
51
181
236
254
229
169
186
161
7
38
169
246
200
193
232
200
140
161
246
179
98
136
211
188
196
318
430
338
221
179
177
171
132
242
387
448
397
304
219
151
109
143
206
226
251
263
202
143
0
-64
-68
-37
84
144
90
132
212
151
71
59
176
112
151
150
265
227
141
214
184
118
85
110
93
85
98
142
143
86
97
196
103
-7
-3
-6
7
88
139
165
117
150
157
126
85
68
113
147
173
185
199
120
115
94
13
17
54
166
240
179
86
77
98
63
-4
44
120
175
142
75
93
5
-91
-70
-36
2
16
58
54
12
-27
-54
-103
-80
13
76
44
-49
-49
-17
-28
-25
-36
2
51
103
119
163
152
55
38
153
279
274
139
97
184
243
199
196
322
303
271
295
400
364
301
325
389
423
376
388
387
361
347
391
280
145
240
274
211
230
327
247
125
113
216
180
25
95
216
240
115
112
117
12
32
82
88
75
118
154
209
166
179
221
156
89
93
131
138
118
192
184
121
136
135
109
45
47
147
197
207
277
206
74
20
141
264
225
189
226
258
225
228
186
84
24
47
204
204
182
236
194
130
82
116
133
75
87
222
170
100
71
17
38
26
34
75
106
108
88
38
6
49
4
-41
2
-7
-8
-67
-51
-42
-119
-167
-86
34
32
-47
-33
-29
-16
-65
3
94
108
74
20
55
2
-38
-2
116
192
185
143
109
120
77
37
75
92
116
201
209
157
102
101
145
196
191
238
219
264
397
350
329
324
304
263
273
336
412
313
156
140
176
185
142
166
134
146
113
65
98
74
72
134
118
66
77
84
148
180
217
145
128
182
200
197
194
205
207
243
190
120
98
88
75
167
232
178
120
116
189
265
221
202
171
197
268
302
229
179
203
213
191
137
132
118
116
124
176
124
65
62
107
234
214
136
119
102
175
206
105
-12
-26
23
75
88
124
80
37
42
50
84
32
9
54
91
64
18
12
-22
-15
15
33
45
9
-45
6
45
41
124
120
27
42
109
123
143
101
127
144
113
81
62
121
138
147
131
101
22
-17
25
3
43
75
123
119
104
107
50
29
57
110
175
170
191
199
192
169
74
62
76
68
106
161
171
163
167
26
3
44
98
173
175
191
201
199
188
184
72
33
61
136
212
229
181
200
215
156
107
115
142
133
128
125
193
167
72
61
136
173
138
134
135
169
199
231
204
167
88
51
142
230
254
207
121
183
207
180
78
17
54
14
17
65
51
68
81
122
121
35
-39
-65
14
63
67
126
151
159
122
76
51
21
41
84
147
193
170
80
19
62
83
26
15
40
82
102
84
10
18
48
50
42
61
134
122
115
41
-13
11
7
18
57
71
142
121
54
84
33
37
5
21
36
-12
-39
-21
31
-13
-24
17
34
30
25
12
20
-8
2
77
112
123
150
124
76
99
154
99
135
211
184
180
88
75
92
90
150
206
182
137
152
130
195
252
238
230
209
224
209
159
197
200
206
216
224
264
243
179
132
166
188
186
180
161
157
130
159
140
129
228
183
185
208
229
222
152
133
115
126
199
218
191
195
164
131
148
148
195
236
187
162
125
64
85
118
120
79
94
172
127
126
160
184
152
139
108
68
42
135
212
201
202
105
34
-44
53
122
155
167
186
176
87
91
79
51
60
105
205
230
133
117
122
116
106
156
110
105
126
130
85
52
64
95
180
151
103
54
36
-9
-40
-5
44
91
60
72
78
66
65
57
52
52
159
186
151
125
96
82
65
27
64
106
183
240
203
183
188
216
173
143
162
194
238
180
178
159
126
129
168
193
170
196
219
255
234
194
224
256
207
229
223
278
330
260
222
207
219
178
175
