103
125
95
1
26
92
121
56
-2
-26
-63
17
26
36
13
-33
-45
-125
-108
-42
31
43
60
78
104
77
114
187
72
69
127
49
21
79
165
130
61
95
118
104
4
-85
-38
2
20
87
228
230
71
47
-18
-72
-20
51
132
176
102
82
-33
-195
-193
61
198
88
89
44
-47
-125
-14
20
-32
-28
-36
-19
12
-23
-64
-60
91
141
92
50
4
-135
-26
154
78
18
23
11
-94
-67
-70
-45
50
50
4
-49
-152
-200
-137
-13
-33
-139
-142
-150
-178
-64
-12
-99
-170
-223
-249
-290
-298
-260
-246
-200
-159
-147
-129
-292
-261
-65
35
-41
61
257
254
202
187
261
277
263
133
76
127
237
260
164
116
94
243
237
166
252
282
325
468
469
257
87
83
29
36
68
0
-121
-166
-22
64
-8
-140
-210
-200
-158
-156
-84
-123
-249
-215
-125
-160
-168
-82
-91
-245
-303
-173
-229
-309
-213
-213
-232
-357
-506
-434
-252
-104
-26
-21
-118
-136
-45
9
-148
-260
-194
-118
-2
177
113
-89
-136
57
253
172
-52
-46
109
89
184
329
296
105
66
239
416
286
73
33
-15
-26
291
361
44
-225
-150
-183
-207
116
260
60
-33
92
-43
-89
7
-15
-36
49
227
61
-142
-353
-430
-218
1
95
-30
-69
55
109
-78
-205
-23
48
-3
203
357
191
9
91
-24
-260
-90
181
170
48
-19
-80
-208
-261
-269
57
327
0
-284
-47
69
-233
-88
330
240
0
166
306
129
55
223
253
178
359
212
-74
-59
-47
121
220
169
-136
-197
-99
-67
222
408
214
26
281
335
75
-4
187
115
66
102
142
94
24
28
111
178
40
26
187
151
-101
101
317
-75
-232
133
66
-259
-80
124
-109
-194
-195
-199
-40
-241
-384
-105
124
-141
-317
83
137
-177
-315
-389
-419
-237
-108
-63
-110
124
31
-103
116
-150
-245
-121
84
241
72
30
-30
18
134
156
345
245
-164
35
447
178
0
112
141
127
241
198
-10
43
-35
72
538
200
-234
234
482
-57
-202
71
53
165
336
275
-156
-271
-113
-153
7
73
-40
-16
-89
-196
-109
279
-118
-290
-55
-4
65
-101
-178
-281
-127
-73
178
29
-442
-152
392
202
-120
-66
-74
-72
167
77
-246
-67
-105
-74
13
113
-40
14
277
-78
-145
-70
-43
-301
-23
221
-14
1
208
186
-51
174
191
-185
-185
214
53
-130
-111
-8
-73
-11
138
115
210
328
157
-51
-5
230
116
-21
217
283
42
51
71
-138
-110
233
255
9
48
13
-55
0
10
160
49
26
-93
137
384
-130
229
268
94
-103
68
219
-99
62
95
1
285
45
-55
-262
-142
117
-105
169
-168
36
-220
-425
66
80
-127
-424
151
-6
-225
92
-32
-365
-344
171
-86
-238
-256
-160
-109
-23
178
-165
-199
-20
142
-87
-6
-85
16
111
76
104
-16
-43
-96
-62
334
-134
-122
147
120
-173
-125
395
-170
-136
239
244
298
-163
45
245
-83
47
255
417
-38
97
318
5
42
206
221
67
-28
189
13
-8
109
182
67
21
-94
-249
46
345
-7
-209
336
127
-171
91
150
-218
-277
171
-9
-90
169
23
-203
45
104
-97
12
57
-71
-102
223
83
94
130
-78
-173
57
120
-96
-186
-76
201
-24
-86
81
183
-72
-52
26
-45
-28
-41
-88
-115
-37
20
-6
-39
148
103
67
88
94
84
124
302
198
92
-45
216
151
37
15
329
-5
-171
45
83
-18
59
222
9
-54
28
220
100
-23
-93
-76
-16
35
-57
-112
39
-52
-5
150
151
44
40
286
203
-1
34
58
-82
35
170
55
-32
-78
22
-51
-84
33
-7
-213
22
212
-204
-44
94
-191
-178
176
11
-253
-47
-123
-265
-38
89
-172
-71
-17
-155
6
-72
-273
-110
-39
-166
162
-19
-145
-111
-290
-99
202
57
-8
-7
-57
69
258
-64
-239
-45
15
26
173
-27
-224
-133
74
35
37
-82
-210
-165
177
-100
-278
-141
-89
60
-150
-199
-1
84
114
-126
84
140
16
50
-85
70
-80
-91
125
209
83
167
-4
27
65
114
-85
-4
201
20
43
90
89
130
77
98
90
127
100
-34
171
186
-48
30
-4
146
140
-74
54
174
-67
-177
125
158
-70
-40
221
35
-175
126
160
-18
79
126
105
54
53
129
30
32
-21
-37
163
25
-35
104
-77
-170
9
98
-73
-233
28
-133
-266
-111
223
82
-391
-60
193
-120
-294
-12
276
-237
-98
261
-117
-315
-56
40
-236
-72
240
51
-69
47
4
-143
-61
35
-91
-137
-64
32
-111
128
-14
-237
11
130
-125
-267
28
15
-78
29
2
-94
19
-71
-77
-76
-96
3
73
98
-87
152
260
47
111
141
-118
-99
89
22
-71
98
65
-79
-1
-9
4
74
-20
-53
151
143
-52
-19
71
151
62
-19
55
21
5
-85
138
80
-7
59
48
-138
-142
-76
-41
-26
0
65
-122
-96
-65
-51
-105
48
-46
-41
-96
-24
-107
-78
74
128
236
40
-78
93
192
113
88
86
174
-72
97
157
26
-43
86
158
-108
23
84
-63
-174
18
-75
-102
-21
-128
-90
-150
-132
-51
-21
16
90
62
53
-20
-9
-117
-44
11
7
49
-17
-45
-169
7
-101
-146
-209
-37
-20
-117
17
-96
-252
-147
-55
-46
-8
15
39
46
291
27
83
103
-89
-37
93
74
-88
222
93
35
-45
131
69
-101
57
22
61
44
46
-78
-118
-99
-79
-8
-16
-34
-91
6
-8
-76
-77
-91
-124
-112
93
32
-1
119
-64
-57
-103
57
-33
-36
-17
-10
61
-27
-2
-65
42
-65
-35
0
48
-12
-140
-102
-32
-147
-12
-9
-89
-98
272
95
-75
137
9
-101
-96
249
-42
-59
101
74
-165
-82
65
-157
-168
-102
275
316
-114
-74
71
-43
-162
105
206
-229
-136
-8
-279
-347
-134
-84
-189
-64
194
-161
-211
-57
132
-181
71
114
1
-198
67
82
68
-42
98
176
-97
237
-114
181
-103
13
9
-63
222
161
202
-64
-266
-150
38
-47
-127
-66
-34
-213
-79
25
-247
31
-81
23
143
118
-101
-17
-50
-79
32
34
57
-43
-12
147
114
58
45
109
42
18
65
59
-78
-95
-37
-208
141
79
17
-30
231
67
107
1
-114
118
214
156
-144
70
82
-121
-78
-16
-16
-233
-61
40
76
81
-111
30
52
-121
-150
41
-166
-278
17
39
-159
-180
37
-27
-101
-12
-68
-107
-128
25
-64
-164
-3
24
-17
-170
-95
-12
-40
-40
-45
92
59
17
-178
-53
-15
104
13
-57
-159
18
7
-241
-47
151
-74
-272
83
29
-173
-21
4
-152
-58
47
-123
-11
-1
-143
-47
91
-18
-153
-68
60
-135
34
14
-67
42
-100
-249
-31
-55
-86
-182
-101
-93
-177
36
111
62
-32
149
216
-28
-25
50
-133
-102
96
53
4
-3
-86
-153
98
29
-265
6
320
124
191
159
-59
-105
-37
51
-115
42
43
-19
-135
-90
174
70
-36
-17
115
216
163
88
511
384
-22
103
249
59
31
183
98
-91
-100
154
-368
-501
-148
77
-43
-212
45
88
-157
81
174
-41
-11
73
39
-155
15
-41
-225
132
216
-41
120
106
-55
-373
14
-205
-229
165
115
-516
-116
291
-156
-38
-4
-5
-20
328
83
-88
156
-14
-197
135
248
-44
-32
122
15
-69
435
39
-589
-208
106
32
-116
338
101
-147
20
302
-12
-285
224
-46
-127
169
265
66
128
200
67
185
140
-367
103
319
-269
-580
113
73
-365
90
445
-116
-106
230
-47
70
259
248
92
26
121
85
177
54
-79
82
1
-55
-151
150
279
106
-36
499
165
-60
133
326
154
-161
109
3
-99
-92
-194
-110
-320
-282
101
-42
103
170
322
-41
-176
29
170
63
132
300
110
38
143
138
-195
-158
-50
-80
-57
286
22
51
-266
-251
45
-125
-23
112
180
51
350
142
-48
-4
118
-21
-287
14
117
-204
-171
-60
-203
-280
-138
75
11
250
144
-323
16
163
-443
-348
439
120
-372
28
344
-223
58
569
228
-387
180
346
-455
-429
150
49
-515
-316
118
-345
-289
199
23
-313
-224
-18
-188
128
60
81
-29
-36
-202
24
258
-135
-53
251
575
248
200
108
133
292
-53
-93
163
-122
-429
8
-32
-658
-391
308
-59
-160
171
-103
-436
-147
-108
-115
-65
113
161
458
359
-62
12
170
-35
209
574
-204
-208
142
-188
-614
-142
-15
-615
-101
251
-316
-557
-60
-71
23
186
-88
-31
153
-73
-122
265
233
-190
97
160
-26
37
88
125
-154
-125
-53
58
191
179
283
140
79
-90
-116
208
146
-51
-34
25
-509
-132
182
-297
-162
296
160
-219
174
109
-201
-156
53
80
-34
-102
262
60
-94
-33
358
11
-292
378
397
353
295
108
99
-184
35
331
-15
-660
-572
323
162
-241
123
412
-461
-276
319
185
-320
-503
111
-14
-124
-130
200
-19
-620
53
643
79
-629
146
366
-60
-435
-83
197
-303
-341
-199
633
-34
-537
313
321
-431
21
701
262
-384
-84
456
-188
-413
-206
391
54
-468
399
704
-344
-428
347
140
-359
-221
488
-5
-109
41
-1
-189
-136
378
402
-143
-355
248
473
-117
-309
180
375
73
10
32
-114
-281
101
215
-136
-214
-177
-393
16
35
43
-18
-180
222
228
-70
-303
24
-17
0
-136
373
-105
-224
-339
-256
-329
-364
193
-55
-229
163
427
367
242
38
298
59
-254
26
118
326
-493
-360
-46
-527
-791
-284
138
-302
-352
235
-111
-646
-549
-526
25
-401
-348
-120
-70
-20
-88
-417
-99
237
399
1099
896
230
-15
531
448
-209
175
34
-534
-689
-197
-321
-573
-275
-485
16
292
-391
-396
33
-292
-41
623
227
-362
-552
109
463
155
-209
-9
120
-247
171
573
175
146
316
-80
-270
67
53
-576
-702
-53
663
411
-395
-376
0
-3
307
424
51
-232
-47
295
85
37
-11
-314
182
-219
-1
268
-779
-1741
-549
405
-411
-127
785
245
-267
328
500
316
-1
102
207
96
226
394
42
-348
112
909
446
68
608
680
734
880
572
506
265
-57
362
1029
684
185
403
882
736
577
601
650
366
52
-118
79
-475
-1472
-1397
-1075
-1661
-1791
-699
-572
-1099
-1247
-901
-964
-775
-318
-475
-263
222
444
423
333
279
-63
375
620
574
781
758
609
675
1264
1336
1036
746
389
347
977
1606
1333
519
53
-434
-1188
-1309
-1176
-1294
-875
-218
-258
-241
-110
-232
-871
-1126
-808
-1027
-1460
-1421
-488
-379
-430
186
500
714
1217
1656
1827
1860
2060
1899
1311
825
519
455
486
469
496
477
453
124
362
604
303
82
614
896
473
430
903
1284
1547
1916
2208
2267
2120
2370
2695
3300
3327
1876
-263
-1959
-3195
-4997
-5910
-6214
-6940
-6571
-4213
-758
575
111
-70
-341
-234
1019
2135
2522
2406
1916
1401
1231
1369
1451
1484
1435
1129
1463
2011
2732
3942
5116
5979
6303
5673
4037
2620
2511
2598
3803
5176
3857
2046
1442
2176
1688
-1169
-3640
-3090
-1774
-1442
-2106
-4122
-5318
-3877
-1795
-1275
-1702
-1524
-696
357
1686
3945
7314
10313
10694
8670
3185
-4281
-9395
-13443
-11262
121
8476
8758
4191
4771
7606
1997
-6371
-6093
1481
1165
-331
837
208
-810
1564
7914
12859
6301
-5278
-6423
-102
6919
7459
-1656
-11590
-16249
-16619
-12806
-8298
-6655
-6132
-4583
-2838
-2396
-2763
-2192
-1125
-693
134
1570
2609
2621
2298
2606
3674
4457
4717
3953
2414
2418
4286
3786
316
-4234
-7697
-9127
-9323
-8033
-6260
-5130
-4750
-4522
-3087
-609
2053
3692
5344
10081
11449
8371
3945
1383
1073
623
2301
4061
3934
2260
434
959
-675
-4675
-6034
-3788
-648
1147
3057
3763
301
-3625
-4281
-3324
-3426
-3812
-2683
-1956
-2572
-3308
-3985
-5437
-6731
-5642
-2381
335
1227
681
-795
-2806
-3597
-3016
-2215
-2303
-2438
-2530
-2374
-2909
-4537
-7308
-7825
-7535
-3563
8038
14960
12680
2586
-2692
-84
1123
544
920
6441
9516
7307
9002
10717
6474
-3741
-8174
-2079
4354
6164
6097
5839
2598
-3323
-6302
-4603
-4363
-7558
-8440
-4722
-328
-764
-3973
-6609
-8592
-9318
-6882
-815
3924
4347
2901
2866
3655
3109
1744
786
276
1027
3846
7014
7907
5320
1309
-1268
-1681
-579
930
1807
1823
1413
1028
299
-1198
-3827
-5281
-3351
-442
1353
1323
241
-1751
-3912
-4015
-2436
-926
-415
57
1531
2207
1478
401
-268
-504
-85
1889
3711
3583
2119
494
-727
-1313
-1029
-431
-414
-740
-1031
-1378
-2127
-3126
-4244
-5079
-4615
-3567
-2880
-3097
-3751
-4776
-5814
-6491
-6831
-6523
-6839
-7379
-8395
-9667
-7678
6645
20677
20386
7936
-1737
1839
6439
5394
4504
10264
15441
11483
10063
12841
9688
-4350
-14697
-7630
4060
7394
4458
2814
-364
-9104
-14931
-11204
-6251
-8503
-11138
-6227
1549
2235
-3615
-7853
-9120
-9853
-7867
-341
7546
8534
4615
3278
5484
5861
3356
1999
2969
4721
7127
10562
12470
9073
2211
-2333
-2543
-1006
161
388
505
-219
-1347
-2574
-4094
-6930
-8847
-5426
-264
2661
1794
-361
-2446
-4403
-4184
-2030
1041
2279
2221
3393
4238
3237
900
8
766
1994
4099
5635
4785
1907
-1105
-2664
-2712
-2248
-1957
-2281
-2872
-3494
-4267
-5161
-6307
-7074
-7407
-6285
-4519
-3529
-4055
-5174
-6426
-7797
-7996
-7430
-7247
-8541
-9979
-5842
12144
27016
24486
8513
-2533
1470
6698
6139
6465
14384
19293
13396
10100
11024
6430
-9801
-18967
-7956
6220
9267
3646
130
-4297
-13886
-19524
-14088
-6733
-7857
-10459
-5229
3388
3055
-5253
-10084
-9403
-7913
-4996
3258
12005
12433
6589
4225
6747
6956
3510
1856
4169
7549
9813
11727
11702
6279
-1939
-6615
-5287
-1684
-178
-498
-775
-1541
-3553
-6118
-7871
-9514
-10255
-5036
2767
6913
4615
-19
-2863
-4210
-2835
370
4408
5966
5072
5225
5301
3910
441
-1326
201
3010
5955
6737
4692
356
-3741
-5488
-4731
-3043
-2758
-3596
-4131
-4178
-4926
-6638
-8067
-8621
-8042
-5682
-2844
-1639
-2848
-4982
-6737
-7100
-6788
-6519
-6664
-7755
-8381
-5127
12577
29214
27431
9408
-4799
-244
7798
7876
6207
13841
20478
14055
7901
7274
4041
-11655
-21351
-8768
8150
11588
2265
-4089
-7164
-14665
-20079
-14549
-5122
-4968
-8967
-5188
4263
4749
-5269
-11330
-8865
-4517
-1085
5708
13767
13914
6882
3270
6068
7369
3775
1282
4290
9399
11446
10828
8446
2524
-5099
-8745
-5608
-374
911
-1153
-2530
-3084
-5070
-8222
-9835
-9955
-8547
-2931
5071
9008
5537
-496
-3766
-3302
-634
2950
6414
7591
6710
5572
4811
2896
-324
-1685
313
4264
7108
6559
2769
-2065
-5668
-6531
-5068
-3375
-3028
-4087
-4984
-5222
-5790
-7293
-8523
-8326
-6712
-3851
-1623
-1581
-3554
-5671
-6839
-6166
-5351
-4627
-5514
-7349
-8634
-2998
17120
31361
25426
5253
-5878
1570
9140
8046
6792
15515
19869
11971
5871
5206
722
-15196
-19931
-4022
11515
10470
-1660
-7307
-9531
-15385
-18356
-11570
-3288
-4671
-8196
-3288
5382
3130
-7907
-12076
-7128
-1091
2755
8580
14241
12119
4972
2538
5911
6825
3253
1854
6232
11447
11747
8559
3939
-1962
-7204
-7823
-2990
1563
867
-2440
-4100
-4512
-6421
-9372
-10334
-9085
-3750
3015
7041
5745
845
-3096
-3786
-880
2913
6076
7340
6643
5783
4605
2712
-46
-1079
713
3513
6311
6680
3377
-1617
-4851
-5435
-4535
-3352
-2893
-3478
-4792
-5554
-6144
-7171
-8023
-8216
-6720
-4495
-2465
-2243
-3392
-5036
-5241
-5286
-5441
-5790
-5858
-6918
-7378
-7343
4143
25163
31791
17493
-3085
-5640
5464
9919
6833
10188
20349
18535
7752
1947
1867
-5508
-18357
-12745
5188
13988
4724
-7782
-10050
-11612
-16509
-16658
-7703
-1540
-4482
-6161
112
4936
-2846
-12435
-11054
-2546
3739
6701
11190
13332
8550
2251
2087
5609
5829
3674
5035
10387
12948
9352
3356
-1843
-5461
-6802
-4091
840
2687
-385
-4339
-6010
-6689
-8889
-10352
-9190
-4678
2892
8170
7327
1081
-4893
-6299
-2997
2426
6811
8813
7597
5433
3537
1489
-734
-2087
290
4736
8091
8446
4591
-1720
-6436
-7082
-4922
-2616
-1509
-2145
-4079
-5839
-6561
-7756
-9329
-9388
-7213
-3886
-1262
-867
-3346
-6348
-8011
-7388
-6201
-5176
-4671
-6564
-7886
-5923
12050
30494
28660
8264
-8610
-2910
9569
12154
9021
14339
20981
13569
3182
-129
556
-9302
-16960
-4728
11469
12722
-2510
-12743
-12605
-13612
-16323
-12691
-3208
-950
-5229
-5518
526
1009
-8739
-13675
-7376
2872
7906
9112
11100
9719
4014
269
3096
7065
6941
5928
8570
12531
11012
4620
-1499
-4623
-4830
-3018
524
3023
1066
-3832
-7500
-8214
-8266
-9094
-8809
-5882
1091
6469
5818
625
-4783
-6440
-3779
1725
6444
8590
7586
4457
2505
1644
800
-317
1162
5114
7600
7478
4212
-1096
-5573
-6442
-4453
-2330
-1493
-2602
-4723
-6516
-6943
-7344
-8492
-8755
-7324
-4783
-2909
-2285
-4384
-6678
-7622
-6671
-6216
-5959
-6439
-7077
-7834
-2921
17966
32767
25376
2023
-10485
-217
12244
13140
11111
18134
21289
10864
97
-1911
-1091
-10482
-12816
814
13341
9396
-7338
-14933
-13826
-14596
-15949
-10265
-1340
-1102
-5545
-5509
-1129
-3760
-11902
-12018
-3356
6154
9042
9330
9914
7091
1990
278
4404
8288
8746
8778
11140
12294
7682
947
-3348
-3705
-2098
335
3022
2703
-1410
-6589
-9265
-9496
-8994
-8313
-6131
-3509
2259
6313
3326
-3401
-7713
-5983
-583
5419
8239
8136
5973
2367
660
294
1186
1855
4280
8194
8531
6028
1057
-4064
-6246
-4471
-1095
102
-812
-3458
-6321
-8410
-8540
-8028
-7931
-6483
-4587
-3415
-3775
-4946
-6817
-8031
-7719
-5907
-4969
-4720
-6612
-8231
-9778
2759
25172
31888
15868
-6499
-8642
5977
15158
12355
12440
19352
16449
5040
-1982
205
-2373
-11503
-6673
7238
13212
1565
-12814
-14707
-12773
-13786
-12739
-4775
112
-3744
-7843
-5365
-2181
-7650
-12139
-7020
2454
7876
7389
7404
6922
3403
237
2504
7746
9968
9335
9239
10748
8738
3012
-1102
-1871
-144
1076
2457
3041
93
-5067
-8767
-9111
-7852
-6911
-5634
-4014
-393
2601
1482
-2851
-6371
-5779
-1902
3661
7250
7332
4882
1346
-312
-1
1533
3055
5022
7507
7487
5011
1158
-2418
-4283
-3199
-437
958
-106
-3100
-6330
-8449
-8131
-7012
-6664
-6347
-5518
-4681
-4385
-5441
-7013
-8304
-7849
-6808
-5882
-6045
-6944
-9238
-7137
13027
30981
26945
3401
-12652
-4030
12180
16650
13815
17847
20265
10506
-650
-2078
1654
-5206
-8691
1765
12887
9609
-7105
-16344
-15073
-13532
-13077
-7515
343
-433
-7414
-10301
-6156
-6259
-11339
-9581
-1002
6781
7419
5861
5533
3143
-294
374
6527
11817
12541
10560
9502
8278
4044
330
-301
1690
3450
4046
3978
1444
-3850
-8633
-9720
-7777
-5836
-4496
-3834
-2993
-881
-582
-2783
-5552
-5866
-3096
1450
5170
6121
4688
1886
-74
36
1631
3567
4769
6265
6750
5229
2885
216
-1946
-2136
-467
597
-257
-2382
-4944
-7134
-7544
-6456
-5798
-6151
-6412
-6871
-6502
-6042
-5259
-6589
-8108
-7920
-6525
-6721
-8632
-11909
-8834
13606
31654
26817
2556
-13996
-5724
11228
16897
14774
18022
19633
10470
-171
-1382
2071
-4562
-6946
3025
13191
9556
-6553
-15702
-15254
-13553
-11894
-5799
1163
-626
-8222
-11351
-7502
-7458
-11272
-8504
-364
6250
6245
4465
3861
1045
-1706
504
7349
12514
12757
10242
8443
6702
3057
1164
1893
3991
4989
4591
3841
808
-4315
-8173
-8138
-5730
-3729
-3452
-3632
-4827
-3734
-1766
-2160
-3962
-4728
-2783
735
3633
3617
2159
744
211
1548
3084
4354
4310
4448
4911
3904
3001
1923
496
-404
36
419
-1071
-3303
-5009
-5934
-5646
-4583
-4667
-6087
-6927
-7400
-7204
-6678
-5824
-5715
-6652
-8228
-8111
-8890
-9483
-11733
907
23556
31078
14041
-10550
-13607
3605
17442
16666
15917
19641
14913
3317
-3349
1292
1862
-3826
440
10127
12378
-97
-13359
-15576
-12799
-10838
-6917
260
1454
-5783
-12830
-11828
-7937
-9547
-9077
-2723
4060
5210
2010
1015
245
-1756
-633
5715
12132
13236
10095
6942
5445
3537
2461
3995
6459
7490
5685
3437
887
-2807
-6123
-6255
-3689
-1284
-1586
-3391
-5777
-6416
-4632
-2982
-2429
-2698
-2363
-1117
441
748
242
60
307
1741
3318
4273
3691
2670
3003
3211
3461
3650
2882
1290
268
-54
-1104
-2673
-3731
-3996
-3684
-3151
-3632
-5571
-7461
-8098
-7590
-5738
-4715
-5730
-7799
-9203
-8526
-8635
-10509
-13004
2928
24801
28727
8875
-14086
-13616
5123
18292
17208
16431
18384
12409
1158
-3656
2690
3359
150
4560
10897
9630
-3296
-13123
-13161
-10437
-8122
-3627
1960
-7
-8599
-14753
-12250
-8178
-8568
-6211
-778
3014
1462
-2002
-1923
-1676
-1906
1296
7922
12363
11147
6911
4134
3712
3265
4657
7459
9033
8143
4888
2063
-379
-2950
-3724
-2099
78
340
-1329
-3026
-4520
-6218
-6967
-5340
-2882
-1174
-991
-1447
-2090
-3007
-2818
-1151
1022
2700
3422
3584
3125
2197
1564
1646
2390
3600
4073
3066
1209
-944
-2636
-3297
-2805
-1776
-1334
-2201
-4004
-5907
-7119
-7493
-6524
-5236
-4684
-6052
-8339
-9157
-10099
-10788
-13656
-71
21658
27322
8220
-15303
-15631
3212
17776
16803
15153
16867
11955
1145
-5008
2040
6362
4495
6290
10047
9304
-1633
-11432
-12201
-7933
-4226
-1026
2147
-892
-8547
-14529
-12777
-8168
-7095
-4396
-929
722
-1541
-4895
-4776
-3409
-1411
2216
7249
9653
7853
4096
1725
2562
4091
6583
9125
9638
7782
4165
1471
-254
-1026
-447
1457
2688
1815
-414
-3188
-5500
-6401
-5126
-2795
-1358
-1238
-2265
-3342
-3975
-4012
-2746
-577
1063
1654
1461
1127
834
985
1824
2842
3333
3213
2375
1261
506
-116
-575
-1006
-1139
-1276
-1431
-2262
-3687
-5310
-5919
-5710
-4606
-3675
-3539
-6581
-9840
-11790
-10992
-10831
-8899
8645
24067
19882
-5064
-21776
-12024
10411
19729
15723
15056
14420
5806
-6187
-6346
5905
10599
9522
8509
9162
4564
-6575
-12384
-8950
-1936
1579
2880
1638
-4369
-11529
-15115
-10862
-6319
-3532
-636
-130
-2149
-6356
-7952
-5797
-2865
515
4276
6950
5773
2660
106
496
3062
5319
8035
9284
8117
4955
1839
910
1305
2171
3122
3703
2735
-16
-2189
-2921
-3040
-2532
-1469
-993
-2004
-3588
-4834
-4439
-3151
-1722
-489
34
-29
-982
-1596
-1050
263
1881
3153
3451
2638
1481
73
-748
-158
872
1358
689
-507
-1854
-2456
-2650
-2857
-3710
-4138
-4446
-3828
-3203
-3525
-6381
-9537
-11704
-10027
-10453
-3365
14290
22584
9947
-14175
-20676
-4190
14957
17122
13448
13261
9464
-1657
-9779
-1082
11586
12448
8494
6011
5729
-694
-8432
-8108
-991
3432
2593
941
-2068
-6943
-11898
-11076
-4832
-1640
-791
-1665
-3290
-5964
-8578
-7166
-2940
834
2933
3776
2545
165
-1448
-950
2454
5473
7017
7267
5713
3624
1601
1291
2759
4319
5024
4797
3225
807
-1809
-2264
-178
1025
1490
764
-1436
-3953
-5106
-4399
-2321
-476
-34
-654
-1874
-2515
-2704
-1868
170
1611
2404
2095
887
-236
-617
-362
377
1374
1783
885
-1147
-2536
-2817
-1888
-314
-328
-1801
-3905
-4803
-4661
-4025
-3695
-4108
-6427
-9325
-10271
-11179
2003
17563
18667
184
-17823
-15147
2789
14597
13529
13222
11798
2861
-9224
-8868
6970
14896
11084
5518
4144
1935
-5066
-7075
-790
5522
3855
271
-1350
-3277
-6930
-9822
-5344
-524
-98
-1661
-3457
-4743
-7297
-7740
-4173
322
2007
1745
727
-1410
-2637
-2392
610
4238
5513
5461
4028
2248
879
946
2655
4608
5176
4628
3413
1537
-122
-735
-516
2225
4720
4254
264
-4079
-5552
-4327
-1165
1100
1559
-358
-3124
-5063
-4406
-1658
244
1468
1606
723
-800
-1845
-1477
-575
679
1427
1294
208
-1072
-2183
-2699
-1726
189
1314
354
-1871
-3895
-4519
-3772
-2514
-1694
-3046
-4942
-7980
-8718
-10987
-783
14228
17954
2811
-15436
-15245
-338
11703
11775
12711
11758
1957
-11107
-10475
6557
15791
11317
4964
2945
133
-6649
-5985
2825
8932
4379
-1390
-2370
-2877
-5437
-6820
-2080
1706
-380
-3239
-3770
-3352
-5404
-6416
-3582
225
471
-586
-800
-1593
-2655
-2793
-102
3021
3488
2635
1363
433
208
1175
2784
4180
3810
2646
1623
1103
1008
1777
3622
3981
2813
681
-590
-1480
-1027
-378
497
416
-873
-2208
-2868
-2368
-1603
-740
-75
-62
-337
-817
-1122
-1282
-808
-402
-258
-327
-448
-796
-1373
-1598
-1374
-1087
-569
18
-4
-1128
-2026
-2618
-2368
-1989
-1228
-1870
-3293
-5470
-6451
-7259
-6908
4577
13314
11137
-4929
-13650
-8828
3373
8785
9899
12156
6560
-5153
-12600
-3186
10479
11861
7212
3597
1542
-5329
-7438
-8
8978
7702
102
-2470
-2897
-3701
-4457
-556
3522
997
-3386
-4350
-2446
-2715
-3515
-2415
-118
-770
-2268
-1153
-143
-977
-2529
-1642
377
1054
996
1298
1081
-323
-552
634
2380
2482
1785
1438
973
835
863
2942
4426
3562
1495
474
16
-191
352
1407
2036
562
-1216
-1950
-1625
-1010
-681
-180
56
-410
-1032
-996
-1108
-1092
-1057
-1053
-1088
-1328
-1229
-1378
-1759
-1712
-1370
-1240
-1119
-756
-506
-572
-1057
-1221
-1105
-788
-521
-753
-1336
-1942
-2478
-2952
-3016
-3233
1941
6811
6216
-1603
-6406
-4510
1070
4067
5326
7181
4102
-2532
-7060
-2276
4389
6129
4520
3339
731
-4188
-4624
454
5395
3958
527
-443
-1216
-2775
-2464
1278
3208
819
-2447
-2174
-1047
-890
-918
86
198
-1438
-1980
-544
688
-59
-978
-1013
-783
-743
42
1209
1009
-274
-1128
-754
23
688
1148
1258
504
-355
-600
-200
516
1148
1676
1542
796
145
-93
40
352
603
773
534
-48
-670
-746
-626
-488
-267
-212
-293
-418
-489
-628
-783
-733
-511
-398
-422
-387
-463
-894
-1026
-794
-304
-250
-492
-304
116
363
197
44
132
320
201
101
63
60
-62
-211
-170
-192
-172
-270
-84
396
894
721
280
-347
-544
-162
338
751
534
125
-306
-387
-244
-112
-17
112
137
25
-124
-130
51
203
318
281
121
6
94
333
428
326
157
24
110
116
118
267
298
103
-150
-34
234
387
199
-27
15
41
-34
-115
-72
5
-80
-236
-282
-116
29
60
12
-90
-265
-296
-174
-42
99
201
211
86
-111
-48
131
251
191
89
152
276
287
10
-32
-99
-74
58
48
167
140
-88
-279
-458
-446
-361
-191
126
357
272
-79
-499
-482
-57
230
245
204
243
307
132
-153
-169
81
304
252
202
367
390
214
-22
-78
73
14
-217
-299
-55
200
13
-228
-461
-568
-503
-406
-249
-147
-109
-171
-277
-398
-486
-412
-357
-223
20
239
441
336
29
-207
-166
44
311
498
607
493
249
125
164
81
-89
-40
282
532
385
203
61
-53
-240
-323
-143
27
74
25
42
10
-183
-380
-331
22
311
454
320
36
-8
133
145
90
-5
129
371
262
41
-173
-176
-76
19
23
-8
-97
-251
-274
-257
-277
-364
-417
-320
-92
89
5
-157
-230
-167
-46
42
103
132
129
89
112
211
337
318
122
-20
90
162
220
239
298
306
105
-319
-484
-261
56
212
172
-92
-357
-493
-544
-421
-230
-102
-81
-63
-5
-61
-179
-343
-385
-257
-63
129
345
288
93
-40
-142
13
190
336
348
242
159
126
8
-48
35
157
217
75
-66
-35
-5
-5
-2
61
32
-239
-384
-197
58
144
-7
-124
-16
53
80
75
29
-10
83
176
201
85
-12
138
204
32
-141
-89
109
178
86
-15
-99
-211
-355
-320
-115
-24
-121
-275
-285
-281
-426
-337
-154
19
65
12
95
87
2
-190
-188
86
296
403
367
252
32
-161
-119
204
404
371
63
-222
-189
-124
-51
-65
-48
-116
-178
-321
-442
-448
-329
-96
-47
-70
-169
-234
-291
-318
-238
-54
122
124
11
-99
-257
-319
-240
69
401
502
413
225
51
-128
-234
-93
192
321
340
81
-62
-116
-204
-199
-70
147
143
66
-110
-197
-153
-86
-174
-206
-53
75
86
-89
-122
-49
59
24
-69
-47
-8
36
24
52
13
31
133
108
-46
-219
-260
-202
-99
-41
-97
-145
-203
-314
-352
-246
-179
-195
-124
-74
12
-36
-94
-35
-51
-104
-107
147
301
217
125
133
20
-173
-192
85
555
576
77
-290
-249
-73
41
135
131
-53
-229
-246
-226
-209
-165
-53
26
-54
-177
-172
-78
-154
-244
-181
21
43
-73
-133
-36
-46
-245
-178
107
232
83
0
43
14
6
53
265
369
53
-208
-119
73
24
53
162
211
105
-226
-298
-245
-194
2
161
228
75
-97
-207
-308
-255
-74
244
355
207
-60
-53
-7
-159
-240
-111
81
177
268
272
51
-310
-426
-282
22
186
168
18
-217
-436
-411
-169
73
147
62
1
-84
-105
-72
-2
30
46
80
35
43
136
191
145
13
-73
23
194
191
19
-135
-104
21
94
114
175
-6
-209
-268
-229
-87
-22
1
-57
-95
-196
-174
-163
-189
-76
40
36
-53
-89
-10
-63
-237
-199
59
161
95
17
-16
35
-70
-134
133
312
184
-96
-175
9
144
56
21
104
110
38
-96
-147
-140
-114
-73
12
20
-44
-41
-123
-170
-101
81
197
153
81
9
3
87
108
94
40
-47
62
255
319
185
-119
-228
-99
9
108
137
114
59
-130
-314
-296
-172
87
166
141
14
-189
-167
-72
118
163
106
5
31
158
205
148
-24
-165
-114
94
161
70
33
24
60
22
-22
-50
-28
-69
-98
-35
46
71
-6
-184
-296
-160
42
139
18
-63
-34
5
-114
-164
-10
80
-38
-41
105
215
18
-138
-76
110
195
63
72
163
240
76
-84
-32
150
163
77
18
30
-24
-47
-67
-107
-53
-31
-110
-110
-1
13
-37
-118
-123
29
76
45
-80
-133
-79
-29
81
187
127
-104
-263
-154
40
166
88
-80
-100
-130
-161
-142
-11
75
4
-136
-192
-110
-50
0
42
-1
-59
-54
-17
27
62
32
-87
-166
-127
4
86
61
-11
-79
-122
-120
-86
2
93
135
44
-64
-127
-213
-166
-135
-128
-59
-36
-31
-173
-282
-238
-112
-63
-99
-36
-4
-26
-65
-120
-142
-142
-124
-6
95
121
-11
-161
-106
5
103
124
59
-21
-68
-89
-30
25
37
26
103
150
49
-40
-108
-10
23
-14
-11
-21
-20
-120
-79
19
-46
-87
-94
-1
30
-77
-200
-111
20
6
11
-32
-58
-109
-140
-36
37
38
30
22
2
-42
-82
-34
-46
-38
-66
-1
15
-125
-133
-45
34
-23
-36
17
44
25
32
43
141
163
23
16
8
23
89
79
3
-70
-35
114
119
6
-104
-78
7
-70
-44
-83
-43
-2
-30
-80
-193
-159
-69
17
37
5
5
4
-41
-54
15
68
27
-61
-41
96
122
-49
-141
-86
37
162
182
87
-45
-156
-82
35
81
97
15
-36
-40
-124
-143
2
82
-1
-108
-191
-172
-139
-44
14
79
8
-117
-164
-114
-49
-34
50
17
-17
-127
-159
-99
118
192
96
37
37
95
51
2
-8
-21
-68
-68
-33
75
21
-88
-102
-109
-17
-22
-19
10
100
58
-71
-176
-149
9
112
127
87
13
-115
-163
-106
-49
-60
2
88
129
20
-143
-214
-150
-120
-136
-131
-96
-113
-191
-208
-205
-152
-157
-225
-211
-136
-143
-53
-57
-88
-48
-66
-109
-109
-62
-27
10
14
21
0
14
64
-4
-17
5
3
46
11
11
28
-1
-22
-67
-121
-117
-52
8
-9
-73
-230
-285
-266
-164
-3
60
20
-80
-194
-215
-81
63
92
117
70
5
-87
-174
-114
16
85
113
60
-56
-92
-155
-140
-77
-19
-122
-247
-199
-3
2
-109
-169
-112
-97
-116
-43
22
-2
-129
-132
-19
222
237
160
163
122
40
-122
-61
32
68
32
30
86
-60
-101
-95
-36
11
-34
-48
-54
-49
-133
-225
-135
-54
-58
-180
-163
-76
-51
-85
-158
-156
-147
-93
-59
-53
-47
-7
22
32
62
-18
-21
30
155
157
63
-12
-45
-49
-44
1
13
58
53
-72
-82
-65
-51
-101
-154
-94
-39
-92
-156
-206
-177
-99
-140
-166
-124
-71
-42
6
52
47
13
-70
-49
-25
21
101
148
78
-27
-56
-89
-66
-88
-76
-144
-122
-72
-56
-108
-194
-184
-111
-11
9
54
64
4
-89
-185
-173
-81
-113
23
138
175
52
-166
-133
-155
-80
-36
36
107
11
-123
-209
-92
-71
-78
-103
-104
-99
-190
-224
-192
-130
-114
-219
-270
-258
-209
-177
-186
-90
-63
-69
-161
-196
-84
1
-9
-96
-34
35
37
-45
-90
-54
-16
-64
-58
26
10
-78
-132
-103
-70
-169
-136
3
12
-165
-293
-230
-105
-130
-216
-167
-94
-90
-142
-101
-57
-134
-174
-134
-137
-83
-33
-35
-50
-73
-78
-124
-38
27
11
33
6
-81
-136
-120
-124
-78
-6
-16
-101
-170
-213
-201
-162
-137
-64
-108
-76
-44
-32
56
55
2
-98
-14
-14
-64
-94
-17
49
15
-36
-44
-65
-64
-162
-80
46
226
1658
2157
1870
593
-375
-2146
-3238
-2918
-2497
-1737
-250
1330
1953
2136
1452
770
-515
-206
-332
-20
-168
-106
-362
-821
-959
-1241
-923
-796
-436
-341
370
391
578
407
440
197
47
-46
-265
-424
-636
-682
-866
-675
-656
6
157
451
558
835
524
187
-149
-252
-518
-514
-469
-249
-393
1065
3158
3266
2382
884
-295
-2961
-3275
-3346
-2903
-1363
1301
2464
2602
1975
284
-1508
-2621
-2790
-2405
-825
260
1413
1962
1794
408
-240
-1032
-1434
-1180
-372
426
614
1027
548
476
-539
-741
-976
-490
-427
43
461
283
77
-342
-45
-738
99
215
948
755
922
679
-6
-340
-1039
-752
-1128
-608
-618
-1
-1
6
8
-315
-379
-726
-369
-524
-433
-106
-17
192
91
117
-177
-312
-383
-383
59
-66
43
-10
215
-123
-104
-29
-347
-231
-200
20
-162
-45
-299
-477
-521
-338
-372
-136
-251
-126
-167
-206
-368
-435
555
673
1208
871
1063
97
-600
-1120
-1235
-940
-690
-299
152
242
879
909
529
280
115
-123
-1186
-644
-313
-70
-20
710
318
-50
-557
-565
-845
-813
-143
108
141
-229
-458
-508
-623
-536
-388
-613
-570
-947
-451
-250
65
716
687
770
-94
-134
-730
-680
-150
485
1207
1793
1616
837
394
-426
-1130
-1989
-1631
-1511
330
810
450
177
-10
-995
-1593
-1007
-606
-612
-27
675
719
730
331
189
-300
-204
-143
140
367
577
367
520
336
294
-6
66
-6
-159
81
-128
45
-141
-47
16
100
-63
-181
-294
-408
-472
-230
-524
-374
136
-317
-342
232
-160
-711
-469
-122
-91
-497
-30
202
-82
-1062
-1163
-171
-269
55
-35
-251
-282
-171
-193
-990
-860
-333
-49
226
173
283
-68
-753
-876
-778
-537
7
620
466
234
565
283
-77
380
407
-430
-73
1046
440
-457
420
878
-459
-790
-218
-118
428
781
149
-921
-775
-795
-380
972
914
47
-541
-816
-756
-244
397
-672
-209
-216
-580
807
1389
357
-887
-407
-299
228
720
674
402
-438
-493
-878
-524
299
573
569
-811
-115
171
-186
-79
223
411
-387
193
7
-344
-611
-458
-14
-86
541
494
576
198
580
466
-296
-467
210
469
-247
85
67
586
-155
350
-128
-1358
-586
-531
90
-250
592
600
174
352
-126
-52
256
244
387
517
-32
-96
1120
1031
588
1201
759
-96
-140
27
290
1315
723
687
486
260
-229
-794
-920
-1067
-337
186
-23
377
-943
-569
1003
-497
-1321
-1117
-238
-468
-490
266
181
-393
-1256
-1733
-1713
-1236
-19
262
719
583
349
-1110
-2113
-1316
-916
106
231
1034
281
-466
-180
-1542
-1519
-696
201
-18
685
781
-791
-384
490
-860
-980
-144
-220
-44
1031
498
-656
117
-176
-637
229
-148
-1170
-20
575
201
-277
-82
-1155
-510
138
-427
270
1094
66
-249
663
-961
-1081
288
877
-514
115
776
-301
-479
-700
-646
158
-312
466
84
489
-130
-521
840
-532
-353
-554
684
436
158
1325
243
-162
176
187
-167
-817
-34
78
178
529
-6
543
486
97
-332
-107
-64
-402
987
645
-641
115
512
-586
160
1409
17
-1157
149
35
-470
400
169
441
1041
1160
79
-584
-232
-1122
-885
-378
701
1147
646
316
403
-1114
-1404
-263
318
56
350
1345
-143
-383
-181
-314
-965
-304
459
547
514
-121
120
553
-40
-128
665
808
-603
-1108
-61
-328
-69
556
1008
-45
-354
-38
-107
-1151
-296
202
283
1424
674
-508
-132
-529
-561
-955
-551
236
703
1646
1386
-141
-990
-839
-1092
-655
800
1335
39
1043
637
-725
-477
-744
-421
-193
301
606
379
227
-927
108
-388
-986
720
43
-1250
-356
466
-141
304
938
-66
-657
661
-702
-1635
926
784
594
1034
524
-982
-1140
310
-221
-94
122
526
-44
585
316
-507
105
-416
84
-580
405
776
-134
-13
-317
-85
-775
-559
191
270
266
393
-211
-96
152
-682
518
218
-21
817
438
-95
-294
700
-732
-199
772
141
497
617
-151
-571
648
243
-542
212
900
-564
63
1425
38
-1130
-253
704
230
-242
725
815
768
369
-569
-423
-221
647
172
112
223
386
-723
39
-292
-520
-179
130
284
432
362
-456
90
-18
-569
-117
628
-142
595
254
-918
-691
815
306
-815
838
-12
-1178
269
998
92
916
587
-823
181
460
-912
-292
1175
-1002
-876
896
33
-1406
-69
228
-437
-24
29
20
29
-476
-898
-12
371
-556
112
421
-605
-417
24
-467
-1195
-375
971
215
-408
69
-175
95
350
-219
-605
-236
860
-302
-427
85
-342
-623
504
102
-824
175
721
-42
-487
615
148
-340
274
1045
-1212
-291
185
230
200
15
712
-727
206
-429
-220
1335
613
153
248
-331
-365
-573
590
156
-368
418
586
-55
-51
108
508
-335
-154
1116
-399
602
829
379
-514
-296
-87
-483
183
735
414
-100
306
-1131
-491
593
-44
16
-312
104
-78
-336
351
-717
-561
159
-390
83
176
505
-149
544
194
-592
75
124
-71
-653
619
304
133
-354
-775
168
-8
223
245
350
99
-493
-694
178
565
-175
73
473
-177
-688
-64
-217
-410
106
1368
342
-396
-300
-468
-452
-186
345
-10
144
895
858
-588
-211
200
86
720
175
378
223
-603
-800
-584
445
-247
-597
-161
146
-171
-250
778
-231
311
156
59
98
45
7
-345
247
-131
-574
621
432
-672
-123
-222
-660
-590
149
-113
-504
108
-132
-443
-1325
0
603
210
-199
252
-479
-1194
-183
42
-49
-226
663
-165
-27
-893
-520
-24
-804
559
63
241
689
-662
-654
-590
960
-326
90
1484
269
278
508
297
-687
-197
237
-299
156
514
431
577
-250
710
-119
-341
-396
507
369
-439
498
916
63
-120
95
-67
-775
-5
1073
258
-371
351
844
-517
-932
306
442
-464
861
648
-112
-235
-170
210
-184
556
-115
126
949
53
-532
642
480
-932
-484
754
405
-781
-56
519
-1106
-521
594
161
-220
-233
-396
-488
-134
-325
-1109
-72
-10
-521
66
-662
-909
-343
-126
-496
-755
406
189
-1140
-796
-769
61
-664
-422
630
-770
-581
27
-576
-391
-31
533
-264
301
-269
-1370
-157
-260
-845
-147
-46
-375
453
407
-202
-324
-107
-1112
244
545
232
854
1106
236
-147
-207
-875
-177
356
-127
168
370
-254
-379
375
-402
24
-259
130
489
176
977
161
568
-470
-376
444
329
126
-25
1301
-359
-1281
210
1308
11
639
213
-587
-702
62
364
-443
315
389
-359
20
77
-606
-1743
-416
-19
237
936
454
-505
-294
46
-99
493
476
-344
-444
828
-469
270
566
127
-320
-913
894
260
221
-201
373
224
-828
288
28
381
292
662
-278
470
-35
69
-120
575
371
-857
-370
202
173
-536
192
790
-95
-339
212
-113
-55
-142
15
591
832
-174
6
649
567
-658
-18
739
-632
170
1607
350
-531
125
718
-354
158
458
-62
923
-64
-908
302
-161
-1042
-300
616
-714
-828
-133
-1444
-1272
-455
-228
-580
-442
-403
184
-10
-786
-224
306
-947
-996
104
-333
-628
340
255
-354
5
288
-746
379
466
-586
244
747
-354
-214
453
-897
-1122
-136
-259
-1009
-156
27
-312
199
-299
-954
-47
109
-479
-468
172
-400
-1365
129
326
-714
243
1075
353
-407
723
839
263
-6
941
-110
-565
539
640
274
444
333
-39
359
1031
892
637
654
-738
245
562
629
-259
-120
994
223
-722
-816
596
-140
-1048
-139
789
-266
-640
142
-1001
-1651
-460
-532
-1141
-757
108
-841
-164
-831
-737
-105
-150
-510
135
1074
-563
34
1155
258
-811
556
384
46
940
807
-22
-221
558
-634
442
1752
527
-324
684
501
-285
589
831
39
-178
1364
1489
-522
313
254
210
90
407
1690
-7
-101
-604
-389
-109
-51
-844
18
400
-289
-1452
-336
116
-929
-877
-1356
-853
-600
-653
-790
453
185
-203
369
-167
-773
-178
344
134
936
663
604
828
743
220
687
1541
930
846
1103
1312
1334
486
644
190
596
1014
667
-70
206
1434
883
505
258
516
-246
-459
241
979
461
-810
157
272
-638
-656
33
-502
-910
199
853
-395
-327
375
-637
-1065
-329
36
-649
-522
43
-1231
-326
1237
267
-371
-379
-335
-919
340
974
-281
-615
830
642
-830
144
209
-271
-168
773
339
-655
913
206
-276
80
1654
386
-425
-249
-271
-256
-149
-17
-184
587
-28
-248
-450
-594
239
375
-269
247
1314
917
-726
163
990
145
-358
557
649
351
529
587
232
-309
144
623
659
557
227
165
954
633
1172
114
-21
-129
184
189
267
-119
-350
522
115
-27
55
228
-643
530
1169
648
917
943
93
-354
639
879
425
739
1256
579
398
-63
-62
137
528
184
-19
584
988
154
-16
714
-67
-272
208
461
625
-204
597
662
316
289
-26
896
310
354
-162
1082
734
-399
-33
707
-72
-104
1147
496
433
144
511
1060
130
-140
-443
-40
-637
-460
395
-60
-671
339
1766
210
-647
53
1139
414
31
512
-90
289
-60
-106
109
226
-798
-90
1183
794
-117
867
1096
-394
736
132
188
566
505
37
224
1144
517
0
47
427
-360
1089
1396
907
-152
-57
742
172
396
-100
388
458
248
827
1033
718
943
625
468
211
751
739
-976
-716
351
661
-405
-300
-767
-1214
91
34
-505
399
1133
-78
300
724
319
201
1619
612
-258
449
499
58
34
549
-91
846
856
626
-249
1410
671
-421
-39
972
682
-546
387
872
-323
-566
1019
881
176
65
152
-297
362
471
436
-53
-260
-317
1256
229
-477
321
709
360
610
1058
538
818
919
-158
105
1025
-181
-287
848
483
91
887
385
-253
56
294
360
-205
14
1050
1180
469
-651
292
764
339
-218
115
66
-42
443
-10
325
220
4
194
463
776
393
297
1144
737
396
128
1152
511
444
1308
229
102
-236
1492
648
108
1290
849
-135
68
928
496
7
-13
307
743
312
-667
415
436
-504
-249
810
1202
-349
-23
302
716
-161
-751
-98
-377
-108
-833
45
436
-114
99
1569
841
-483
-312
103
566
525
717
492
1013
984
893
473
254
500
935
429
-33
894
621
353
117
969
1065
587
363
925
794
393
320
411
6
450
1466
516
343
557
519
-342
662
808
208
-115
-194
114
228
719
-524
-1214
-114
-138
-751
-573
-311
13
6
431
-104
-137
651
975
795
231
790
871
771
979
1834
1372
903
1609
1502
894
1190
1989
2095
1906
856
1820
2786
904
-221
214
-289
-1695
-1529
-1838
-2800
-3304
-3719
-4126
-3503
-3263
-2588
-1929
-1193
-1073
-1147
-380
199
1267
1470
909
1590
1803
1473
2161
3583
3128
1642
2975
3491
2463
2497
2821
1630
1473
1696
1500
976
727
111
-241
632
-350
-458
142
-200
-650
-988
271
892
579
541
1003
877
383
1238
1932
1744
1357
2430
2905
1717
1328
707
-103
-1088
-979
-1238
-3093
-3012
-3095
-3612
-2917
-1818
-1757
-2002
-1300
-743
-1005
-1465
-1769
-2088
-2463
-3004
-1199
479
1973
1805
1220
1951
1808
1330
2659
3142
3586
3385
3294
3222
2404
2423
1696
898
732
926
1372
892
293
976
-403
-535
-227
-664
-91
950
510
-135
143
116
-1465
-1214
-125
-981
-619
387
172
114
477
95
-233
967
1039
-200
792
2310
1723
1062
1588
1564
486
1417
1807
987
1391
1327
750
835
2017
1406
747
1215
1195
1254
2104
1836
1532
1289
1453
1832
1337
1012
99
631
-54
-949
-923
-989
-1514
-600
409
150
-734
-1371
-1123
-784
-1020
-1374
-640
-587
-1585
-1466
-927
-640
-610
90
1286
2060
2170
1864
1568
493
-1128
-2898
-3545
-4176
-3916
-2510
-1841
-687
-1290
-1778
-2803
-3890
-2833
-1152
212
1144
2771
3338
2594
3987
4785
4093
4062
4703
3883
3502
3368
1920
841
-193
564
-284
-1242
-1494
-1730
-2390
-2162
-1101
-1188
-1181
-670
-121
-269
963
1502
1532
1318
1535
1738
987
878
577
-867
-1072
124
-201
-428
775
1449
1125
1601
1785
1624
1735
1621
1127
883
398
199
406
247
-393
-1223
-1495
-798
-496
-657
-438
-19
229
864
2012
1766
1396
1449
2282
1802
1069
780
649
585
-106
-72
-117
210
935
1095
1261
1541
1437
938
1440
987
545
14
121
-615
-458
517
96
37
722
1428
1319
1595
1472
878
-570
-1815
-1986
-1396
-1198
-1205
55
1040
781
1291
2030
844
-1401
-2669
-3520
-3711
-2762
-1778
-563
1885
4008
4620
4329
3421
3127
3854
3518
2665
3009
3682
4394
3953
4413
4806
4725
4541
4421
4404
3444
2576
3791
3833
2523
1822
540
-2129
-4953
-4367
-2316
2633
8334
12882
13832
11533
4802
-2638
-10731
-16821
-13366
-7120
-2924
-1436
-779
-665
-1535
-1998
-2309
-2180
-2257
-2408
-1756
-1013
-983
-2115
-2501
-2218
-1612
-1263
-661
-496
-925
-1156
-386
517
2111
2639
3636
4457
4455
2650
1276
1850
951
2
-655
-1221
-1637
-2799
-3771
-3107
-932
1025
2856
6032
7438
7611
7995
7293
4804
1398
-1028
-2486
-3847
-4507
-4122
-4238
-4558
-4136
-3679
-3528
-3476
-2830
-2210
-2121
-2235
-3196
-3726
-2655
-2518
-3360
-3804
-2106
-864
-536
677
2915
2825
2466
3403
4062
3789
3369
3893
3561
3293
2487
1619
1730
1715
1645
718
-921
-749
-1796
-3072
-3337
-2664
-2443
-2214
-1328
-1377
-1201
-304
-312
-407
383
468
769
1705
2026
1898
1955
1895
2074
2776
3927
4840
4572
3783
2871
2510
3489
2135
-586
-2760
-3289
-2798
-1479
-354
1533
4136
5206
4919
3164
-764
-4796
-6678
-6781
-5916
-4324
-3187
-3120
-2198
-1721
-1426
-537
661
746
744
515
129
-24
-602
-463
-295
-369
593
1976
442
-1903
-3274
-4384
-4245
-2578
-288
1024
2046
2423
2628
3328
2835
2060
2617
2693
2360
1711
1874
1382
-360
-1198
-1143
-1541
-1762
-1569
-1195
-1337
-1048
-306
-201
593
1580
1442
1123
1990
1790
1846
2074
1800
1148
1297
1031
-227
556
1410
626
-563
-328
427
199
-324
0
314
-308
-1376
-705
-524
-1432
-1225
-486
-320
-1148
-1359
-815
-824
-1021
-828
-179
519
459
271
883
913
633
1267
2044
2074
1641
1808
2168
2316
1842
1095
1586
1148
-564
-586
34
-499
-1003
-423
-112
-449
-203
-159
-361
-292
-132
304
272
246
136
869
1242
601
-848
-1345
-555
-1772
-2495
-2343
-2227
-2416
-1449
323
-187
143
1019
1458
1397
1606
1743
987
1188
680
876
1730
1980
1912
2193
2685
2035
1330
2094
1670
622
535
486
-287
-973
-891
-1777
-2449
-1982
-2081
-2360
-1631
-1270
-1456
-1141
-757
-889
-855
-431
-477
166
690
776
792
1318
1557
1670
1924
2148
2460
1987
1447
1475
2044
2070
1267
1262
1250
722
33
65
-161
-750
-972
-629
-579
-826
-1131
-1217
-835
-1175
-766
-33
242
-197
600
1271
899
665
1076
1535
1207
1412
696
617
1009
540
130
451
794
309
187
-125
-1405
-1588
-1353
-1185
-1007
-741
-322
-320
59
-121
150
748
759
698
967
1542
1222
491
949
582
-100
414
999
459
110
268
215
524
516
252
440
535
-149
-399
737
742
79
339
1084
369
-71
521
561
157
444
800
608
637
929
474
-70
581
712
488
155
290
433
269
-84
-112
-137
-232
10
55
-336
-634
-774
-907
-416
-97
-409
-477
266
225
-489
-121
459
333
-3
355
675
192
-215
-255
-58
-150
-201
170
152
-265
-623
-588
-696
-387
-525
-1251
-1342
-1301
-1771
-1721
-871
-629
-683
615
1372
877
970
1291
1276
483
299
995
1024
201
-314
69
-164
-1103
-851
-736
-937
-592
227
573
690
1062
1001
168
-302
-158
-161
585
1126
1305
998
1355
1161
838
920
866
576
643
937
387
451
870
681
233
566
1139
1147
1048
1524
1508
1542
1372
984
805
-7
-233
-119
256
258
94
169
-428
-1196
-1218
-1013
-515
-744
-1203
-1052
-1551
-2694
-3361
-2579
-1437
-1311
-548
299
580
989
1180
798
793
1459
1673
926
997
1742
1441
892
932
767
145
364
1074
652
689
773
438
-50
80
375
56
483
663
463
101
136
-86
-417
-250
352
134
-502
-335
123
-195
-616
-146
-214
-742
-1122
-509
41
-3
-216
14
80
-645
-781
-226
271
65
298
582
185
-350
-427
-544
-780
-804
-891
-631
-273
-367
-765
23
396
-236
-42
970
905
519
1177
1552
1059
650
824
745
430
98
32
638
753
389
479
802
378
-187
-97
12
-69
-256
256
358
269
-306
-302
-119
-38
19
199
414
361
95
222
533
316
339
677
1094
487
238
382
223
362
577
669
599
435
315
246
443
734
533
62
218
699
240
-178
22
144
-515
-217
518
63
20
73
4
-229
48
-125
-496
-173
-253
-713
-469
-299
-726
-569
-332
-474
-281
231
152
-123
227
419
-62
244
399
-38
43
257
-225
-527
-112
-340
-779
-66
327
-363
-480
165
81
-162
384
408
213
554
693
389
379
494
180
354
1214
1030
512
653
1298
1038
622
715
584
285
364
813
592
634
716
658
455
497
796
601
572
796
923
663
536
364
157
161
352
444
-170
-872
-1036
-816
-1072
-1061
-985
-1249
-1532
-1072
-519
-448
-245
263
589
673
679
488
528
638
841
820
1034
1432
1175
825
504
264
54
-442
-1079
-1714
-2204
-2305
-2033
-1416
-1237
-1772
-1778
-1332
-1434
-1771
-1070
-243
-238
-313
135
581
247
148
326
503
620
886
1042
1136
1120
968
945
974
626
164
176
464
429
217
43
295
434
307
305
571
599
420
577
498
197
172
235
-149
-109
65
164
272
482
332
469
828
489
-75
99
591
484
398
497
566
517
526
466
273
468
319
160
300
477
213
111
366
-46
-446
-88
152
-204
-373
-46
-148
-685
-712
-495
-388
-292
-184
57
65
-256
-245
-171
-233
-238
-261
-367
-288
74
-39
-255
71
329
69
-67
216
154
-87
311
743
313
245
865
772
178
12
-192
-432
-332
-301
-497
-442
-230
-559
-501
-228
-668
-988
-281
-47
-748
-967
-678
-512
-622
-539
-373
-293
-193
86
409
415
163
256
674
723
650
583
353
211
357
333
134
354
459
298
536
990
676
223
456
614
423
360
230
-97
-139
-14
-32
-100
-80
-156
-115
12
-75
-50
58
170
206
179
299
355
182
299
732
730
637
720
793
626
777
945
897
708
552
544
651
750
623
469
668
923
591
99
236
249
22
276
573
313
-22
152
112
-45
-85
-185
-119
28
-84
-216
-92
-99
-476
-527
-396
-560
-541
-232
-27
-82
-302
-364
-218
-92
46
93
63
-199
-196
-316
-513
-491
-484
-573
-764
-424
-314
-633
-568
-390
-649
-867
-463
-227
-341
-175
-44
-164
-208
-231
-432
-536
-395
-152
0
0
-107
-263
-350
-56
39
-49
65
348
324
331
396
140
57
391
656
519
430
416
318
278
547
626
501
481
473
293
212
287
118
-108
-9
249
250
47
-24
-152
-332
-370
-403
-350
-153
145
266
284
279
208
118
-32
-1
58
93
-12
54
142
97
83
62
123
35
247
191
-30
27
-9
-44
-168
-13
-15
2
178
219
187
106
162
322
197
99
193
251
320
217
57
48
92
153
177
141
68
106
247
215
157
184
286
200
241
421
481
304
230
114
41
50
195
222
152
138
41
-43
-58
-53
-178
-214
-156
-116
-33
6
-66
-330
-532
-507
-556
-659
-652
-548
-558
-531
-422
-445
-390
-207
-63
-105
-44
89
-5
-4
153
208
158
211
166
69
-2
64
25
-136
-174
-150
-119
-19
67
34
28
27
-68
-179
-53
-89
-264
-200
11
87
93
172
231
163
129
288
333
253
165
126
63
184
377
348
361
298
241
162
84
38
-13
83
215
275
262
300
379
424
346
275
278
268
183
242
195
-5
19
97
48
-65
-45
-46
-70
-2
148
250
290
289
148
44
-28
-118
-162
-86
-33
-59
-151
-159
-173
-148
-190
-332
-427
-401
-503
-645
-595
-650
-731
-856
-770
-739
-578
-319
-246
-166
-39
70
-11
49
14
-139
-209
-237
-213
-141
2
104
265
250
217
137
77
78
-52
-123
-237
-294
-349
-409
-368
-294
-257
-235
-189
-66
-112
-75
42
100
39
29
84
54
-9
59
97
65
72
32
29
-36
-25
-17
7
-14
-22
15
-64
-82
-40
17
-44
-121
-76
-192
-236
-182
-145
-147
-104
-58
-92
-168
-214
-270
-352
-246
-187
-191
-218
-190
-121
-93
-184
-197
-177
-184
-283
-238
-189
-185
-88
-150
-149
-182
-218
-272
-301
-196
-137
-96
-65
-103
-201
-213
-185
-181
-164
-157
-165
-102
-94
-101
-67
-58
-84
-86
-100
-105
-53
-34
-89
-97
-86
-139
-98
-80
-158
-175
-246
-200
-114
-155
-144
-66
-74
-145
-192
-189
-155
-130
-127
-156
-48
28
-20
-54
-169
-162
-125
-94
-72
-39
-56
-146
-168
-214
-239
-254
-108
-90
-116
-88
-68
-118
-171
-241
-217
-95
-114
-135
-120
-91
-163
-231
-190
-151
-171
-137
-90
-86
-170
-225
-239
-177
-168
-241
-185
-178
-79
-12
-27
-54
-126
-115
-136
-120
-65
-165
-227
-202
-181
-208
-216
-284
-221
-196
-225
-225
-213
-259
-238
-142
-127
-177
-176
-150
-205
-235
-241
-274
-307
-224
-237
-214
-204
-230
-234
-219
-161
-179
-238
-146
-123
-150
-176
-169
-101
-155
-148
-111
-155
-187
-179
-212
-212
-190
-212
-203
-183
-147
-140
-184
-212
-242
-231
-252
-286
-312
-214
-179
-205
-258
-266
-188
-198
-169
-172
-133
-151
-84
-111
-193
-185
-171
-141
-180
-243
-258
-216
-200
-125
-136
-149
-148
-161
-177
-165
-187
-223
-228
-174
-142
-159
-217
-193
-184
-181
-163
-141
-127
-93
-99
-179
-184
-194
-194
-220
-215
-199
-146
-88
-138
-126
-60
-106
-148
-147
-157
-135
-137
-77
-134
-161
-186
-184
-176
-207
-271
-218
-128
-120
-39
-107
-132
-165
-158
-158
-236
-228
-174
-145
-155
-190
-173
-185
-176
-167
-165
-183
-180
-106
-174
-172
-155
-212
-211
-230
-214
-169
-184
-231
-177
-163
-206
-197
-240
-206
-223
-218
-188
-169
-178
-226
-247
-243
-272
-282
-219
-213
-215
-246
-255
-232
-182
-191
-224
-250
-180
-212
-195
-116
-98
-145
-151
-101
-121
-178
-164
-155
-210
-188
-194
-199
-179
-217
-237
-280
-206
-164
-183
-178
-194
-183
-215
-183
-174
-216
-153
-118
-78
-94
-120
-125
-143
-125
-139
-187
-203
-209
-172
-173
-193
-153
-175
-151
-184
-246
-207
-187
-161
-126
-180
-203
-207
-197
-272
-252
-232
-195
-256
-319
-264
-309
-270
-279
-268
-236
-247
-249
-169
-215
-219
-212
-229
-205
-275
-235
-241
-170
-82
-156
-179
-194
-190
-218
-235
-171
-214
-246
-261
-202
-161
-208
-202
-187
-177
-194
-171
-120
-163
-184
-214
-245
-208
-165
-214
-225
-235
-242
-252
-235
-237
-159
-154
-174
-133
-158
-184
-229
-181
-212
-231
-225
-226
-218
-238
-291
-261
-177
-189
-200
-129
-146
-180
-209
-196
-183
-177
-205
-176
-199
-134
-140
-173
-171
-165
-188
-190
-164
-228
-165
-204
-177
-167
-207
-208
-240
-169
-188
-153
-141
-202
-217
-199
-253
-236
-195
-187
-221
-253
-193
-223
-221
-206
-171
-178
-149
-173
-220
-145
-123
-160
-128
-146
-149
-154
-219
-217
-198
-192
-223
-208
-192
-114
-191
-250
-242
-241
-195
-138
-161
-219
-197
-205
-194
-217
-184
-123
-141
-145
-192
-158
-113
-176
-217
-240
-187
-227
-264
-289
-266
-240
-211
-222
-255
-262
-291
-237
-235
-291
-281
-254
-230
-198
-232
-265
-236
-225
-179
-149
-181
-209
-224
-199
-239
-245
-249
-226
-216
-210
-243
-242
-246
-267
-235
-268
-225
-203
-233
-269
-291
-219
-260
-320
-254
-303
-288
-240
-294
-203
-244
-213
-161
-197
-161
-208
-260
-269
-222
-238
-267
-261
-240
-194
-255
-239
-197
-189
-137
-157
-181
-177
-209
-223
-223
-282
-257
-219
-231
-185
-194
-256
-249
-203
-213
-209
-201
-189
-250
-279
-249
-250
-299
-305
-234
-220
-149
-209
-252
-339
-311
-260
-253
-225
-239
-246
-268
-279
-275
-220
-223
-223
-249
-272
-258
-264
-306
-331
-296
-266
-317
-330
-267
-309
-299
-344
-363
-382
-340
-297
-309
-288
-271
-207
-251
-252
-238
-274
-233
-261
-266
-309
-303
-230
-248
-265
-292
-260
-209
-298
-263
-232
-228
-225
-197
-180
-179
-167
-196
-252
-220
-222
-194
-159
-192
-219
-223
-240
-211
-193
-236
-208
-248
-215
-233
-254
-307
-271
-189
-190
-163
-212
-177
-146
-190
-237
-226
-229
-207
-203
-201
-224
-221
-211
-224
-256
-254
-249
-264
-249
-226
-244
-283
-290
-251
-250
-216
-233
-222
-170
-206
-186
-206
-164
-132
-182
-175
-193
-234
-272
-249
-237
-226
-255
-232
-204
-239
-211
-243
-206
-203
-232
-259
-286
-289
-295
-330
-306
-275
-251
-234
-224
-177
-200
-218
-203
-261
-238
-196
-211
-214
-264
-248
-239
-208
-233
-208
-226
-209
-240
-215
-207
-260
-222
-229
-244
-233
-189
-214
-174
-155
-126
-133
-172
-219
-244
-237
-198
-185
-172
-195
-194
-200
-180
-164
-167
-168
-159
-112
-173
-171
-141
-148
-139
-141
-115
-118
-160
-148
-132
-152
-158
-175
-184
-202
-187
-115
-144
-180
-138
-155
-152
-137
-131
-124
-132
-165
-143
-120
-96
-106
-104
-121
-89
-59
-88
-86
-141
-135
-108
-109
-137
-135
-99
-147
-195
-136
-105
-69
-77
-38
-92
-99
-105
-101
-54
-73
-108
-116
-121
-157
-124
-147
-165
-121
-140
-130
-128
-151
-132
-162
-173
-150
-123
-137
-125
-145
-132
-110
-121
-113
-154
-158
-157
-173
-185
-159
-163
-149
-160
-160
-182
-155
-152
-163
-178
-108
-89
-127
-110
-158
-117
-82
-148
-199
-153
-121
-160
-148
-172
-226
-143
-107
-112
-135
-170
-170
-170
-179
-249
-196
-214
-175
-165
-171
-136
-189
