86
111
169
113
145
155
124
161
208
192
183
230
191
150
118
86
137
82
75
62
77
17
-2
-64
-89
-69
-32
-43
-89
-108
-52
-35
-7
30
-45
-45
-26
31
52
82
81
25
-15
-9
-53
-44
-18
-1
-62
-66
-65
-110
-100
-102
-115
-157
-142
-176
-162
-154
-247
-352
-304
-271
-296
-268
-276
-260
-255
-249
-258
-249
-194
-231
-207
-189
-237
-168
-172
-157
-184
-203
-236
-280
-311
-352
-287
-295
-266
-319
-363
-475
-481
-355
-400
-315
-350
-420
-425
-426
-419
-419
-457
-457
-433
-515
-485
-448
-571
-505
-581
-633
-596
-484
-48
383
543
302
263
374
261
-1
206
607
552
234
533
797
555
273
447
597
194
148
585
690
217
28
242
78
-180
-41
218
-19
-311
-202
-81
-229
-457
-397
-435
-514
-340
-20
29
-144
-280
-301
-310
-285
-217
-264
-332
-239
-87
-115
-107
-89
-254
-356
-312
-144
-99
-145
-94
-150
-259
-252
-208
-254
-314
-267
-142
-107
-111
-47
-89
-143
-113
35
170
194
315
426
353
294
340
283
106
40
139
199
180
218
275
127
-9
46
114
-4
-63
2
-73
-151
-160
-165
-277
-438
-437
-401
-464
-368
-279
-278
-403
-339
-228
-267
-233
-129
-122
-183
-168
-152
-212
-313
-439
-429
-403
-397
-412
-420
-495
-455
-458
-485
-451
-444
-415
-423
-452
-515
-503
-518
-488
-506
-498
-426
-420
-455
-506
-511
-526
-582
-451
-63
338
414
244
339
394
266
82
326
619
477
300
506
862
504
366
675
729
381
305
715
680
273
260
327
113
-110
82
292
53
-135
-32
-2
-176
-284
-317
-380
-438
-241
-60
16
-103
-185
-260
-342
-256
-200
-256
-238
-156
-137
-125
-26
-46
-234
-422
-272
-107
-131
-104
-45
-39
-89
-117
-95
-20
-129
-108
73
241
192
246
338
275
263
379
422
319
243
251
280
198
219
284
183
75
88
180
119
56
142
66
-81
-83
-6
-58
-241
-208
-141
-210
-218
-141
-105
-252
-274
-197
-219
-226
-199
-81
-132
-192
-86
-126
-262
-296
-254
-349
-491
-347
-289
-448
-479
-341
-322
-490
-425
-281
-415
-534
-434
-341
-480
-506
-460
-499
-552
-475
-377
-404
-420
-469
-510
-528
-530
-550
-272
127
329
136
147
270
217
-7
117
606
554
202
407
796
554
259
480
686
357
188
627
853
442
234
391
300
15
116
340
174
-137
-87
-10
-184
-342
-296
-304
-458
-356
-159
-149
-182
-317
-386
-466
-436
-247
-311
-353
-277
-207
-241
-221
-111
-222
-390
-334
-107
-107
-163
-73
-110
-258
-309
-104
-33
-148
-49
156
287
156
175
425
425
236
155
196
127
-27
104
242
146
-16
98
121
-60
-79
57
51
-88
-14
92
-65
-234
-221
-160
-262
-321
-180
-143
-247
-275
-205
-301
-413
-236
-174
-268
-230
-110
-230
-325
-151
-224
-463
-442
-334
-528
-597
-349
-314
-558
-484
-356
-536
-516
-330
-384
-621
-430
-271
-503
-481
-267
-365
-560
-387
-215
-469
-548
-431
-441
-577
-487
-386
-354
18
420
374
82
131
232
24
-78
343
684
369
198
636
831
444
288
720
717
297
453
900
710
239
290
478
174
21
301
447
141
-45
157
150
-167
-312
-285
-356
-408
-306
-119
-116
-256
-351
-414
-463
-425
-344
-400
-292
-192
-188
-155
-33
-49
-199
-242
-87
-57
-55
-25
-7
-81
-233
-86
47
51
-70
168
403
278
145
197
226
2
-80
161
275
40
-64
97
58
-120
-98
128
73
-155
-59
205
-3
-214
-49
19
-210
-353
-72
-16
-260
-281
-123
-158
-412
-270
-15
-218
-374
-78
53
-334
-189
77
-317
-489
-147
-175
-457
-419
-261
-371
-468
-327
-233
-205
-356
-325
-188
-322
-508
-331
-282
-579
-446
-151
-368
-463
-123
-261
-568
-352
-223
-525
-527
-196
-301
-541
-410
-367
-424
-140
367
293
-80
98
291
62
-63
332
542
209
87
510
689
295
204
504
506
219
389
791
671
269
263
442
241
50
131
238
47
-132
36
32
-227
-340
-325
-384
-432
-314
-149
-147
-235
-302
-273
-247
-217
-169
-226
-230
-204
-171
-145
-67
-42
-169
-215
-36
56
-9
-58
9
-39
-153
-66
77
112
122
107
143
128
108
135
68
61
44
64
27
16
39
0
-103
82
144
-67
-118
54
80
-197
-216
0
-29
-262
-173
0
-84
-200
-153
-150
-238
-301
-190
-49
-188
-241
-65
-268
-452
-115
-71
-283
-372
-117
-204
-365
-286
-56
-218
-352
-162
-223
-257
-201
-134
-406
-388
-260
-247
-287
-339
-337
-249
-112
-268
-430
-439
-315
-238
-299
-312
-483
-392
-288
-383
-454
-326
-318
-496
-301
93
250
19
-37
91
90
10
47
209
330
176
186
392
357
189
220
342
342
294
428
637
518
243
168
166
81
24
148
133
14
9
119
117
-156
-308
-356
-323
-298
-181
-108
-193
-204
-238
-338
-330
-247
-208
-303
-224
-76
-64
-153
-194
-171
-241
-195
-189
-67
-44
-127
-183
-110
-2
73
-24
-59
-37
-23
41
82
16
-4
3
-80
74
112
-50
-163
-70
-44
-69
97
121
-151
-264
-195
-108
-183
-276
-209
-48
-9
-250
-244
-200
-292
-396
-363
-210
-41
-207
-211
-36
33
-213
-333
-212
-116
-265
-301
20
121
-495
-633
44
183
-467
-421
22
-22
-388
-274
-30
-316
-529
-325
56
-365
-481
-216
-87
-540
-552
-64
-203
-671
-410
161
-241
-620
-136
123
-328
-532
-215
-110
-482
-450
180
335
-7
-54
149
45
-208
-62
241
313
87
142
340
209
50
164
299
193
165
383
440
245
172
288
166
53
89
147
36
4
102
41
-167
-297
-212
-241
-316
-223
-112
-171
-151
-76
-139
-340
-285
-148
-305
-416
-179
24
-228
-399
-90
-6
-428
-398
115
-4
-534
-318
77
-199
-400
98
248
-296
-316
268
188
-339
-162
362
134
-378
-57
274
-219
-389
183
197
-171
-160
72
-180
-384
-182
-139
-298
-227
-25
-226
-346
-223
-210
-412
-267
-167
-376
-284
-3
-103
-152
-96
-458
-481
139
36
-479
-249
-8
-377
-238
52
-131
-373
-278
-116
-114
-492
-391
117
-99
-411
-215
64
-294
-420
-24
-102
-528
-452
-95
-157
-477
-332
-162
-382
-457
-44
-78
-548
-279
81
-261
-531
-267
-284
-383
-238
146
145
-92
-139
66
134
-20
-16
281
233
77
314
432
186
54
184
368
306
308
534
562
282
119
187
235
128
77
119
170
109
58
185
-27
-233
-274
-192
-100
-100
-85
-41
-44
-133
-95
-8
-124
-300
-145
34
-69
-143
47
28
-262
-192
-53
-123
-77
7
-58
-131
54
182
172
161
195
21
-48
213
122
-77
109
264
22
-20
229
33
-181
8
108
89
10
26
-54
-172
-65
-100
-43
-97
-72
164
42
-395
-278
68
-101
-253
-108
-13
-95
-157
91
149
-77
-219
125
216
-162
-304
-5
218
-187
-326
-7
101
-296
-352
119
-19
-315
-2
363
123
-336
43
224
-216
-420
-2
-25
-382
-123
8
-134
-296
-5
42
-293
-288
188
85
-496
-342
158
-24
-603
-303
51
182
219
120
-111
-78
-4
82
265
331
145
229
554
378
311
297
238
175
314
524
544
457
476
460
336
257
217
242
191
301
404
211
-31
-46
22
-112
-194
-102
7
69
93
27
-109
-183
-156
-21
0
-122
-133
27
115
48
-207
-69
24
-103
16
188
95
-152
10
281
195
318
275
-101
-54
389
373
-45
89
393
225
56
66
116
-11
-29
111
68
45
12
-93
-28
9
-200
-286
-152
-105
-153
60
101
-168
-135
-187
-421
-323
158
-188
-455
352
386
-650
-366
338
-252
-508
271
208
-145
146
178
-372
-333
244
34
-222
-62
283
75
-374
35
-5
-185
-222
90
18
-302
17
3
-583
-590
334
-8
-579
-232
313
-264
-551
-105
-24
-596
-580
18
-198
-372
200
689
144
-65
339
357
-17
149
466
419
299
239
464
543
267
147
417
478
319
559
792
558
106
69
137
132
115
322
340
82
-10
59
-22
-254
-93
89
-114
-212
40
91
-159
-214
-128
-156
-211
-130
-87
-143
-13
109
-59
-317
-235
-95
-33
54
250
154
-26
14
-5
-32
247
315
317
278
392
129
-17
237
337
84
-6
189
95
-193
-112
324
122
-330
-230
454
295
-357
-297
171
-133
-676
-138
267
-196
-765
-204
179
-554
-825
-70
-101
-655
-263
756
401
-696
-318
141
-208
-825
95
391
-345
-191
368
-98
-647
-135
119
-407
-418
187
162
-152
-395
-44
309
-34
-444
122
412
-117
-549
-380
-328
-586
-324
-46
-55
-412
-282
-67
-311
-630
-524
-137
403
597
470
256
115
207
82
3
349
610
435
321
707
782
265
12
345
522
428
630
936
679
60
102
278
246
186
361
423
209
73
119
155
-72
-337
-356
-235
-105
80
203
98
-39
-226
-321
-158
-81
-70
-103
-21
85
187
32
-199
-222
-216
-149
173
135
-109
-13
108
-26
-20
-58
-53
103
429
809
629
359
199
268
266
-43
-33
261
162
142
54
93
21
21
-255
-149
104
98
264
338
48
-474
-197
-173
-125
-320
-165
-29
-323
-340
-465
-423
-871
-334
-39
76
615
176
-199
-284
309
-217
-597
-49
102
121
-150
3
-193
-310
-141
-72
429
7
-320
-146
112
-424
-635
123
324
-116
-389
-201
-110
-539
-806
-466
-176
-601
-603
-190
392
723
1037
445
-250
-119
265
163
245
807
849
429
499
1137
920
236
185
799
982
786
946
1291
685
-18
219
689
544
291
390
473
142
-67
121
-25
-489
-558
-232
149
245
192
189
-81
-369
-434
-250
-238
-155
48
36
-51
158
153
-294
-413
-13
72
19
320
634
154
-259
130
310
-78
-246
185
417
486
907
1285
804
-58
-152
262
396
451
631
476
178
82
128
-5
-262
-265
117
441
274
63
173
-14
-882
-1201
-80
647
-563
-766
229
-85
-843
-141
-85
-685
-38
238
-217
-95
188
-288
-308
-364
-273
391
325
-484
-341
98
-90
-475
-292
283
206
-194
-281
-46
123
-372
-597
414
468
-438
-458
240
-267
-928
-617
-374
-991
-1248
-554
579
1334
1183
262
-104
33
332
170
525
1333
1218
399
822
1553
1034
208
489
1167
1183
1096
1497
1532
689
0
209
657
657
502
646
741
370
73
59
-184
-584
-619
-276
219
321
106
-117
-284
-422
-472
-337
-63
176
-2
160
473
278
-329
-315
134
80
6
508
665
252
153
179
205
306
357
308
466
704
1061
1551
1424
600
17
288
526
645
926
1156
709
-171
-131
341
-5
-324
139
653
429
209
170
-168
-797
-1051
-293
917
366
-618
-216
625
-52
-692
-610
-302
-367
325
698
318
-488
-690
-432
-200
177
204
-15
-390
113
-155
-599
-544
-340
-619
-259
378
5
-604
-377
-555
-572
118
97
-567
-300
-265
-949
-1059
-763
-1604
-1752
829
2954
1813
-685
-308
471
221
-134
1456
2525
1244
302
1746
2605
1133
-213
720
1760
1568
1728
2651
2261
182
-622
412
1021
563
607
879
686
-37
-92
-36
-643
-1288
-1000
-230
373
562
373
-208
-855
-967
-454
-56
51
255
348
315
268
152
-123
-316
-229
542
1027
1012
818
671
96
-194
-12
408
474
694
754
1045
1582
1854
1446
341
191
521
938
1029
1215
968
211
-108
336
374
-199
-146
328
231
286
690
303
-812
-1007
-601
-184
-26
6
-279
-437
-920
-778
-111
-200
-432
-489
57
277
175
-430
-232
177
-179
-569
-23
338
-258
-397
-462
-506
-489
-280
-221
-450
-637
-238
-164
-797
-1074
-1013
-1308
-1303
-650
-734
-1539
-2285
-507
2155
3627
1508
-1002
-608
803
1080
627
2374
3036
1284
307
2708
3374
1430
-154
1263
2482
2255
2292
2880
1845
-341
-890
652
1546
865
214
301
294
-453
-655
-556
-1025
-1880
-1520
-266
537
-143
-788
-1275
-1586
-1387
-399
342
354
55
61
320
426
174
77
55
284
867
1449
1502
1055
434
162
191
754
1190
1188
937
1098
1932
2336
1843
501
321
467
967
1376
1796
1146
-148
-551
125
204
-165
-30
245
93
43
395
78
-967
-1222
-477
186
59
-21
-512
-1106
-1105
-832
-409
-503
-438
12
532
232
-57
-77
-550
-809
-36
551
173
-356
-597
-527
-764
-926
-604
-302
-809
-1184
-686
-916
-1662
-1990
-1300
-1347
-1557
-1920
-2101
-2868
-670
3416
5530
1674
-2146
-884
1723
1999
1334
3614
4430
1865
395
3458
4491
1644
-692
1719
4039
3507
2560
2948
1662
-962
-1461
1136
2723
1335
-478
-347
5
-963
-1671
-1296
-1256
-2068
-1702
71
725
-963
-2434
-2394
-1730
-1159
-95
740
605
-280
-461
99
481
235
140
651
1460
1913
2043
1859
1250
535
365
1165
1983
2059
1631
1368
1722
2156
2416
1701
997
473
762
1114
1434
1066
44
-772
-601
-137
-24
-151
-327
-514
-607
-315
-126
-464
-1046
-1052
-473
131
176
-153
-546
-776
-842
-395
69
38
-412
-447
-137
7
-209
-426
-509
-592
-449
-104
-151
-665
-1096
-1191
-1084
-1061
-1150
-1482
-1710
-1953
-1937
-1913
-1959
-2294
-2751
-3386
-2912
1313
5652
5704
-195
-3306
-698
2898
2768
2434
4736
4821
1518
914
4145
4696
1108
-680
2788
5705
4439
2089
1597
570
-1612
-1545
1898
3666
1096
-2041
-1637
-605
-1611
-2755
-1899
-1203
-1826
-1734
-71
154
-2128
-3786
-2815
-777
305
588
801
397
-752
-1015
72
1232
1003
697
1486
2510
2440
1749
1319
959
766
1129
2371
2981
2432
1117
1265
2224
2845
2321
1607
1129
474
507
848
1121
180
-813
-756
-24
48
-365
-809
-988
-961
-392
136
149
-536
-1146
-1106
-468
-30
-95
-450
-422
-244
-77
77
21
-257
-482
-135
337
312
-23
-358
-688
-717
-505
-551
-966
-1435
-1407
-1390
-1459
-1832
-2131
-2433
-2306
-2271
-2373
-2741
-3229
-3780
-2850
2785
7510
6108
-1542
-3993
-41
4197
3650
3311
5350
5177
1508
991
4601
5242
1070
-943
3304
6674
4585
777
66
-206
-1586
-1321
2209
3625
-35
-4134
-3373
-998
-1318
-3057
-2470
-1235
-1832
-2530
-1433
-999
-2852
-4456
-2586
667
1669
488
-378
-671
-1076
-863
818
2562
2363
1226
1502
2570
2456
1385
962
1418
1883
2379
2918
2927
1543
1035
1488
2567
2470
1987
956
291
100
219
366
28
-446
-727
-751
-521
-482
-957
-1363
-1115
-369
95
-27
-359
-775
-1197
-935
-168
282
169
-36
-197
-128
-35
-38
-257
-278
6
183
177
-4
-458
-1025
-1097
-769
-714
-1127
-1479
-1798
-1990
-2036
-2003
-2379
-2611
-2528
-2696
-3006
-3793
-3926
-2712
3488
8532
6724
-1740
-4904
-361
4734
4780
4028
5813
5456
1791
803
4587
5968
2159
-651
3337
7292
5349
444
-951
-329
-831
-953
2207
3719
-126
-5245
-4761
-1342
-683
-2571
-2810
-1565
-1914
-3170
-2600
-1602
-2446
-3956
-2398
1125
2284
314
-1576
-1507
-708
94
1656
3414
3172
1456
862
1973
2549
1934
1358
1900
2758
2857
2558
1933
1323
1311
1707
2456
3000
2399
247
-1170
-724
368
484
45
-220
-664
-1489
-1567
-910
-770
-1265
-1046
-35
349
-431
-1231
-1562
-1376
-671
292
971
679
-262
-889
-669
-61
201
89
175
348
88
-300
-445
-618
-1141
-1187
-707
-571
-1258
-2180
-2513
-2654
-2637
-2631
-2332
-2394
-2982
-4183
-4676
-4176
-869
5904
9029
3894
-4863
-5171
1635
6566
5081
4056
5621
4756
1057
1276
5194
5785
1407
112
4970
7989
4208
-1280
-1687
321
413
534
2771
2677
-2308
-6591
-4448
-132
164
-2614
-3238
-2209
-2476
-3645
-3250
-2070
-2391
-3111
-1232
1648
1653
-1221
-3024
-1834
320
1801
2926
3447
2449
696
385
1877
3045
2781
2266
2560
3090
2729
1713
1200
1778
2383
2707
3260
2893
628
-1578
-1396
354
1277
696
-145
-954
-2063
-2430
-1656
-871
-631
-667
-487
-300
-730
-1592
-2139
-1614
-355
595
815
410
-495
-1364
-1250
-177
795
934
508
213
-256
-560
-567
-500
-462
-493
-580
-901
-1331
-2129
-2740
-2964
-2246
-1992
-2398
-3332
-3671
-4390
-4547
-4276
524
7765
9058
975
-7437
-4670
3762
7545
4528
4070
5743
3939
-268
1297
6020
6109
890
605
5979
8062
2511
-2804
-1713
1457
1450
1103
2613
1758
-3724
-7258
-3794
1153
944
-2683
-3760
-2717
-2862
-4112
-3546
-1884
-1497
-2253
-1129
850
511
-2391
-3622
-1364
1740
3059
2936
2357
1197
76
526
2358
3841
3630
2591
2209
2396
2215
1372
1041
2428
3649
3651
2805
1695
-128
-1535
-830
1364
2402
1115
-960
-2200
-2624
-2133
-1062
-160
-61
-672
-1135
-1404
-1573
-1782
-1682
-890
257
810
165
-991
-1621
-1454
-488
777
1310
745
-501
-1138
-1004
-440
222
211
-160
-630
-1067
-1549
-2167
-2335
-2287
-2040
-1931
-2034
-2601
-3773
-4518
-4882
-4031
-2442
3605
9096
6937
-3600
-9192
-2740
7108
8574
4208
3547
4675
2058
-1028
2342
7320
6047
494
1295
6594
6767
-173
-4043
-567
3554
2722
1190
1338
-553
-5656
-6863
-1553
3348
1215
-3875
-5239
-3580
-3098
-3738
-2709
-774
-798
-2121
-1675
-362
-1040
-3235
-3041
246
3323
3366
1634
60
-645
-169
1565
3738
4598
3292
1546
925
1609
2000
1919
2617
3754
3569
2366
1674
921
-452
-868
969
2847
2073
-607
-2475
-2933
-2234
-696
718
654
-680
-2191
-2658
-2088
-1079
-517
-623
-656
-360
-680
-1391
-1579
-1148
-392
615
1169
562
-901
-1852
-1480
-289
1070
1324
68
-1495
-2041
-1830
-1445
-1261
-1427
-1877
-2222
-2661
-3045
-3598
-3724
-4155
-4228
-3172
2990
9407
7547
-3442
-10515
-3736
7677
10495
4871
2099
2984
1639
-1000
2248
8086
7709
910
-538
4701
7134
1502
-3559
-925
4197
4049
993
-119
-1067
-4518
-6023
-1462
3986
2575
-3903
-7094
-5059
-2318
-2033
-1914
-840
-768
-2375
-3029
-1747
-962
-2021
-2271
76
2995
2976
665
-1251
-1134
512
2569
4212
4402
2682
528
-100
1172
2758
3303
3748
3926
3213
1924
989
227
-78
990
2533
2737
958
-1406
-2794
-2782
-1165
757
1233
-90
-2005
-2932
-2601
-1543
-412
4
-448
-1118
-1631
-1986
-1846
-1107
-165
562
753
183
-1059
-1995
-1703
-535
951
1619
802
-1029
-2368
-2444
-1620
-872
-481
-966
-2109
-3224
-3477
-3233
-2830
-3210
-4085
-3998
-1407
5842
9256
3510
-7894
-9294
1249
11123
9205
2333
687
1979
505
192
4995
9462
5689
-1188
-310
5463
6196
-212
-3102
1259
5302
3006
-643
-1641
-2128
-4408
-3763
1181
4436
48
-6661
-8093
-4035
-583
-505
-1128
-1161
-2031
-3534
-3395
-1514
-529
-1249
-1222
740
2307
1245
-1049
-1900
-266
2226
3919
4121
2850
642
-596
151
2509
3947
4334
3785
2447
996
826
1652
1722
1520
1641
1876
1023
-652
-1652
-1683
-968
272
852
129
-1663
-2939
-2816
-1568
-58
457
-368
-1821
-2546
-2402
-1677
-565
103
82
-461
-908
-1183
-1369
-1230
-612
277
918
629
-849
-2273
-2448
-1571
-696
-263
-980
-2410
-3666
-3437
-2738
-2422
-3002
-3956
-3968
-1860
5332
9403
4103
-7824
-10043
548
11410
9987
2139
-447
1443
1031
553
4544
9142
5999
-1248
-1351
4688
6955
1018
-3009
411
5044
3428
-735
-2168
-1834
-3189
-3055
692
4008
364
-6447
-8569
-4228
375
564
-1242
-2121
-2602
-3511
-3462
-1678
-93
-508
-1228
-200
1450
1016
-859
-1934
-288
2495
4074
3483
1719
39
-373
648
2754
3949
3966
3188
2219
1596
1313
1375
1319
1865
2336
1933
483
-1062
-1562
-1227
-283
717
670
-596
-2299
-2740
-1936
-553
111
-227
-1191
-2101
-2403
-2124
-1419
-476
25
-119
-661
-1133
-1497
-1498
-969
-94
592
607
-268
-1562
-2186
-1670
-636
-410
-1027
-1960
-2520
-3021
-2990
-2933
-2660
-3451
-3722
-3370
865
7451
8042
-788
-10441
-6720
5964
12802
6525
-570
-407
2153
1199
1456
6114
9078
3528
-2424
-275
6266
5841
-751
-2614
2471
5603
1808
-2619
-2715
-1477
-2175
-1685
1572
2767
-2154
-7760
-7537
-1901
1686
559
-2079
-2964
-3130
-3433
-2837
-905
284
-237
-1105
-291
685
324
-911
-1051
1107
3255
3743
2184
406
-312
450
2075
3434
3621
3325
2458
1509
1133
1943
2555
1964
1277
1355
1435
381
-805
-887
-260
212
167
-319
-1278
-2163
-2053
-1095
-70
14
-955
-2362
-2793
-1993
-1119
-657
-563
-765
-1111
-1390
-1171
-944
-756
-562
-355
-201
-116
-614
-1473
-1866
-1177
-379
-648
-1772
-2529
-2865
-2936
-2782
-2682
-2775
-3739
-3738
-2711
3607
8806
5943
-5600
-11130
-2249
10446
11707
2617
-1935
643
2556
936
2506
7762
8057
764
-2994
1791
7412
3917
-2322
-1588
4443
5066
-200
-3614
-2219
-969
-1516
-624
2034
969
-4660
-8326
-5393
444
2035
-651
-3376
-3612
-3325
-3002
-1992
-341
57
-785
-1325
-529
77
-211
-858
-155
1856
3319
2880
926
-500
-224
1514
3172
3671
3490
3008
1982
794
993
2307
2888
2108
1117
867
474
-451
-789
-294
219
103
-570
-1299
-1811
-1849
-1454
-839
-465
-793
-1925
-2931
-2800
-1806
-910
-424
-631
-1270
-1859
-1873
-1325
-785
-360
-195
-432
-703
-830
-1025
-1229
-1059
-743
-1150
-1815
-2258
-2371
-2786
-2764
-2766
-2817
-3982
-4169
-3202
2444
8636
7017
-3894
-11847
-4684
8899
12864
4103
-2180
-489
2312
916
1700
6997
8937
2145
-3445
-99
6610
5255
-1395
-2146
3598
5572
381
-3889
-2951
-851
-1210
-832
1641
1448
-3825
-8346
-6492
-238
2436
-29
-3441
-4120
-3595
-3119
-2178
-361
384
-744
-1749
-1151
-149
-1
-562
-213
1525
2822
2564
771
-466
-147
1436
3066
3461
3196
2768
2385
1435
800
1607
2599
2653
1743
835
76
-676
-787
-99
521
300
-691
-1684
-2221
-1823
-1065
-538
-685
-1296
-2189
-2943
-2787
-1849
-950
-612
-891
-1394
-1853
-1863
-1474
-908
-353
-148
-404
-785
-969
-1088
-1168
-1105
-821
-848
-1413
-2385
-2867
-2834
-2371
-2569
-3131
-4253
-3847
-3078
1271
7553
7610
-1971
-11718
-6916
7042
13800
5933
-2180
-1671
2172
1610
1322
5801
9219
3858
-2986
-1554
5468
6274
-160
-2480
2535
5862
1567
-3658
-3544
-676
-420
-813
789
1327
-2957
-7636
-7000
-1086
2490
607
-3124
-4442
-3819
-3028
-2170
-628
367
-388
-1580
-1577
-772
-173
-249
19
1387
2586
2443
867
-483
-182
1529
3271
3542
2678
3099
3518
2298
-108
182
2472
3860
2581
685
-316
-956
-1006
-68
1011
847
-676
-2075
-2350
-1487
-487
-411
-1108
-1558
-1803
-2452
-2781
-2254
-1175
-498
-648
-1247
-1806
-2066
-1723
-1075
-184
380
48
-962
-1635
-1422
-903
-586
-743
-1164
-1847
-2417
-2693
-2707
-2639
-2677
-3315
-4324
-4074
-1841
5350
9247
3634
-8694
-11523
408
12817
11060
642
-2907
461
1859
403
3530
9203
7622
-1001
-3892
2276
7569
3197
-2426
-328
5291
4045
-1876
-4166
-1612
-241
-1244
-286
1921
-200
-5948
-8418
-4064
1640
2132
-1381
-4331
-4475
-3843
-2727
-1122
635
386
-1347
-2238
-1460
-389
114
70
789
1958
2358
1566
139
-367
783
2622
3536
3290
2722
2490
2238
1573
1209
1960
2737
2427
1178
302
-191
-393
-249
199
375
-280
-1308
-1880
-1726
-1065
-621
-743
-1278
-1818
-2271
-2383
-2020
-1328
-823
-816
-1252
-1826
-1954
-1525
-915
-427
-337
-599
-842
-911
-865
-826
-960
-932
-1241
-1629
-2092
-2144
-2448
-2601
-2959
-3003
-3844
-4615
-4072
-102
7625
8884
189
-11437
-9416
4228
13713
8562
-401
-1825
788
601
559
5680
10221
5629
-2662
-2898
4066
6780
1262
-2048
1638
5540
2128
-2888
-3421
-912
-677
-1213
633
2084
-1730
-7420
-8124
-2529
2229
1408
-2233
-4378
-4515
-4128
-2779
-602
1082
296
-1542
-2273
-1330
-191
263
429
1366
2337
2322
1011
-261
-121
1350
3112
3654
3095
2786
2504
1965
1115
1273
2300
2970
2429
1008
-77
-654
-545
38
562
457
-628
-1703
-2131
-1573
-762
-542
-922
-1635
-2124
-2385
-2329
-1899
-1207
-640
-696
-1309
-1908
-1937
-1454
-778
-219
-92
-347
-840
-999
-887
-760
-757
-976
-1269
-1558
-1964
-2314
-2905
-2929
-2887
-2902
-4075
-4845
-4049
1830
9445
8036
-3751
-13316
-6366
8539
13818
5446
-1570
-741
1025
-523
1325
8518
10982
2790
-4610
-1331
6316
5986
-395
-1318
3645
5030
-151
-3615
-2118
-287
-1509
-1338
1761
2084
-3411
-8592
-7150
-816
2508
760
-2584
-4199
-4612
-4285
-2446
294
1536
-13
-1933
-2235
-1028
67
468
794
1749
2466
2086
684
-136
412
2007
3293
3562
3742
3341
2116
741
667
2182
3310
2893
1563
329
-634
-970
-293
639
790
-199
-1435
-2102
-1856
-1165
-739
-713
-962
-1510
-2297
-2707
-2373
-1648
-850
-326
-421
-1321
-2225
-2160
-1249
-225
267
13
-548
-802
-867
-939
-1028
-853
-726
-1044
-1900
-2460
-2800
-3108
-3228
-2884
-2997
-4194
-5212
-2265
7013
11056
2271
-11773
-11711
3163
13975
9369
300
-812
1077
-875
-1352
6090
12695
7182
-3693
-4438
3895
7647
1848
-1854
1947
5269
1306
-3254
-2413
-77
-1481
-3003
190
3405
-273
-7401
-9205
-3883
1438
1548
-979
-2960
-4212
-5279
-4200
-852
2016
1425
-1179
-2470
-1572
-258
492
829
1779
2509
2294
1282
313
374
1286
2607
3325
3741
3831
3208
1612
298
775
2307
3281
2777
1347
-352
-1576
-1441
-205
934
686
-662
-1943
-2466
-1915
-1075
-571
-659
-1199
-1882
-2442
-2465
-2029
-1495
-772
-227
-358
-1304
-2067
-1944
-1090
-28
471
254
-308
-858
-1306
-1407
-1063
-594
-693
-1622
-2480
-2824
-2928
-3020
-3190
-3509
-4428
-4931
-3078
5332
11377
5358
-9413
-14058
-881
13319
12436
2309
-1240
626
-393
-2183
4185
12932
10411
-1504
-5875
1463
7708
3511
-1536
1172
5456
2498
-2937
-2972
-255
-1319
-3755
-1102
3593
1856
-5837
-9933
-6189
-218
1507
123
-1543
-3183
-5486
-5723
-2407
1900
2527
-59
-2101
-1873
-698
99
755
1797
2805
2803
1811
720
486
908
1806
2803
4651
5406
3757
720
-835
310
2342
3532
3397
1857
-709
-2600
-2277
-306
1263
1037
-449
-1817
-2480
-2249
-1634
-865
-388
-722
-1623
-2308
-2333
-2192
-1903
-974
161
449
-602
-1973
-2473
-1495
-29
867
807
110
-841
-1664
-1729
-1052
-629
-814
-1416
-1984
-2597
-3400
-3870
-3601
-2855
-3676
-4951
-4351
4310
11985
6975
-8553
-14808
-2222
12748
12999
3591
278
1211
-1395
-3917
3610
14148
12230
-870
-6302
891
7313
3244
-1444
1672
5669
1922
-3423
-2468
522
-1742
-5387
-2226
3819
2911
-4914
-9656
-6961
-1808
24
225
226
-1530
-5563
-7121
-3703
1507
2996
941
-1138
-1363
-839
-315
633
2189
3291
3052
2325
1706
1426
1109
1210
2079
4605
6637
5598
1470
-2075
-1651
1317
3814
4315
2806
-419
-3582
-3885
-1349
1311
1445
-155
-1680
-2563
-2597
-2248
-1448
-613
-557
-1141
-1739
-2074
-2247
-2411
-1769
-95
1239
702
-1079
-2378
-2319
-925
720
1657
1361
-115
-1803
-2781
-2230
-1028
-363
-999
-1945
-2968
-3651
-4161
-4146
-4194
-4452
-4742
-1260
8434
12120
2362
-13121
-13081
2641
14801
11258
3501
1670
422
-4406
-3729
7677
16168
9485
-3129
-4513
3104
5709
477
-829
3928
5309
-357
-3526
-1052
44
-4593
-6287
-390
5111
1527
-6375
-9433
-6379
-2896
-1135
961
1920
-1178
-6449
-7661
-3249
1839
2835
1413
219
-270
-916
-680
723
2855
3573
3210
2709
2603
2017
946
246
2009
5862
7853
5258
19
-2764
-1640
996
3165
4333
2971
-985
-4568
-4450
-1423
797
595
-337
-1354
-2135
-2855
-2979
-2238
-986
-363
-536
-1007
-1460
-2249
-2819
-1979
88
1593
1294
-417
-2014
-2478
-1470
290
1735
1624
-104
-2167
-3148
-2686
-1767
-1517
-1269
-1593
-3089
-5229
-5827
-5285
-4639
-4776
1089
11372
12175
-1503
-15471
-10275
6241
14224
8544
4521
4903
958
-6629
-3976
9583
16166
6773
-3076
-813
5448
2966
-2909
-563
5667
4468
-1877
-2365
913
-1293
-8091
-7604
857
5352
106
-6462
-7719
-5837
-5293
-3559
1147
3799
-134
-5943
-6661
-2510
713
1184
1609
2512
1899
-59
-591
873
2482
2642
2836
3993
4669
3392
1028
-498
141
3930
7679
7192
1936
-2870
-3364
-1275
1342
3487
3636
171
-4138
-4971
-2713
-844
-478
-414
-373
-1078
-1862
-2565
-2907
-2550
-1410
-213
553
313
-984
-2527
-2541
-870
942
1668
1290
-118
-1960
-2560
-1336
447
1218
416
-1040
-2499
-3216
-3440
-2974
-2240
-1887
-2936
-4614
-5753
-6075
-5617
-2557
7347
12986
5927
-9164
-12513
-865
10443
9690
5509
6314
5239
-1972
-5415
3219
12756
9352
-150
-512
5773
5777
-1775
-3521
1772
3982
-700
-2057
1769
1739
-5916
-10310
-4630
2666
1475
-3816
-5614
-4442
-5377
-6453
-2774
2305
1988
-2982
-5032
-2270
449
-118
-420
1519
3013
2088
1308
2063
3102
1984
945
2361
4828
5284
3512
1391
380
1489
3618
4942
3692
1031
-1039
-1922
-1320
522
1604
520
-1650
-2720
-2469
-2225
-2133
-1461
-967
-1086
-1136
-973
-1172
-1974
-2531
-1897
-457
701
686
-290
-1018
-910
-553
-116
527
883
280
-893
-1423
-1012
-462
-408
-878
-1768
-2554
-3070
-3047
-2822
-2739
-4290
-5420
-5988
-5359
-5116
-1738
8072
12961
4938
-9984
-11424
769
10446
8316
5515
7831
6594
-1714
-4562
3942
12031
7021
-1027
1181
7825
6100
-2267
-3805
1135
2143
-1867
-1461
3132
1971
-6370
-10134
-4561
1397
-700
-4502
-4525
-2924
-4663
-6285
-3160
1067
600
-2862
-3601
-537
1267
174
-372
1434
2643
1853
1885
3357
4272
2733
1200
1914
3755
4388
3538
2516
1680
1961
3060
3546
2481
472
-780
-1386
-1084
99
930
-121
-2134
-2835
-2199
-1889
-2068
-1789
-1154
-1211
-1248
-881
-815
-1274
-1672
-1421
-757
-100
425
347
78
4
-4
-171
-35
409
295
-498
-1208
-1207
-852
-838
-1277
-2081
-2668
-2744
-3378
-3881
-4027
-4169
-4702
-5960
-6113
-5260
1886
10308
11027
953
-8995
-7998
661
7494
10151
9803
5991
320
-795
3161
5050
3726
2737
5307
5484
3423
2285
2587
431
-3409
-4441
-347
3171
3033
-646
-4456
-6779
-6063
-3264
-1177
-1635
-3335
-3924
-3737
-3496
-2716
-1539
-1381
-2156
-2258
-543
1002
1540
1116
644
50
661
2352
3972
4105
3170
2071
1914
2333
3184
3249
2621
1666
1787
3173
3927
2893
798
-1178
-2085
-1221
746
1683
410
-1607
-2418
-2358
-2313
-1879
-1357
-1164
-1144
-803
-451
-789
-1530
-1834
-1706
-1324
-492
364
513
139
-305
-427
-397
-304
-68
89
-38
-372
-802
-1031
-1115
-1112
-1278
-1562
-2260
-2799
-3281
-3249
-3236
-3368
-4444
-5111
-5375
-1547
5520
10108
7168
-2455
-9066
-6289
2676
8845
8921
5108
2947
2572
2364
1288
1115
1376
2971
4033
5114
5392
3831
799
-2240
-4200
-3054
-57
3149
3741
961
-2895
-4998
-4589
-3319
-2604
-2581
-2136
-1488
-1050
-1042
-1688
-2767
-3465
-3555
-2073
-89
1657
2251
1390
-239
-1309
-1189
304
1968
2977
2807
2230
1895
2116
1999
1176
305
112
1200
3160
4808
4823
2299
-1141
-2850
-1898
406
2023
1951
726
-612
-1455
-1830
-2370
-2733
-2458
-1651
-532
389
354
-910
-2583
-3311
-2402
-951
292
1030
1070
397
-372
-319
-459
-974
-962
72
840
689
529
128
-851
-1755
-1660
-1433
-1209
-721
-149
-659
-1708
-2402
-2511
-2868
-3079
-3056
-1469
1746
5003
5618
1939
-2788
-5101
-3348
237
3250
4603
4604
3133
1536
175
-397
-754
-332
913
2829
4328
4326
2956
745
-1624
-2535
-1987
-65
1962
2872
2251
421
-1211
-2222
-2516
-2487
-2230
-1571
-695
132
540
236
-727
-2219
-3012
-2791
-1403
418
1752
1843
1227
314
-488
-1052
-1059
-533
321
894
1475
1929
1718
769
-590
-1401
-1205
-300
974
2128
2873
2813
1796
262
-1067
-1415
-892
-70
764
1336
1481
830
-427
-1515
-2157
-1884
-882
400
1420
1688
901
-543
-2038
-2525
-1487
-180
389
633
721
300
-392
-868
-1244
-1735
-922
526
1028
866
371
-240
-582
-671
-790
-817
-563
-239
-110
-61
-303
-745
-1068
-1349
-1855
-2261
-1923
-1746
-1513
-378
1918
3729
2761
-351
-3182
-3596
-1910
544
2713
3883
3766
2493
748
-343
-781
-351
501
1789
2963
3481
3283
2159
658
-520
-1222
-813
291
1435
1770
1226
437
-137
-621
-1479
-2397
-2829
-2505
-1553
-383
638
764
-176
-1531
-2714
-2767
-1836
-324
928
1585
1519
969
282
-343
-689
-818
-705
-11
1111
2224
2523
1720
425
-808
-1261
-798
302
1589
2594
2818
2135
1078
28
-777
-1290
-1188
-395
551
1231
1444
865
-531
-2001
-2504
-1834
-761
144
573
668
420
-167
-1158
-1542
-1353
-1115
-683
220
997
719
219
-135
-828
-1102
-570
-100
127
397
543
359
76
-395
-1117
-1394
-1076
-834
-607
-399
-341
-1358
-2642
-2816
-2381
-2228
-2241
-979
1689
4182
4015
1427
-1630
-2918
-2670
-1262
1249
3999
5330
4480
2348
655
-414
-806
-573
612
2297
3505
3749
2993
1614
-160
-1635
-2099
-1447
-383
220
230
157
19
-498
-1586
-2625
-3315
-3453
-2818
-1256
576
1721
1464
285
-910
-1647
-1834
-1288
-150
1018
1834
2012
1673
1210
503
-381
-931
-513
436
1226
1651
1644
1223
483
-286
-506
-522
-259
318
1141
1949
2044
1381
259
-881
-1607
-1617
-879
58
761
998
659
-43
-995
-1487
-1567
-1217
-585
241
868
922
375
-267
-666
-1054
-1296
-1178
-565
36
780
1100
598
-115
-974
-1606
-1529
-903
-79
867
1144
383
-940
-1816
-2160
-2093
-1664
-1198
-729
-1274
-2120
-2550
-2650
-2981
-2762
-925
2404
5457
5468
2857
-688
-2607
-2896
-1407
1493
4642
6001
5039
2948
1410
577
-63
-540
-193
963
2233
2808
2616
1783
533
-1010
-2026
-2307
-2141
-2116
-1881
-1023
68
470
-77
-1333
-2861
-3982
-4053
-2805
-585
1439
2204
1923
901
-143
-833
-1055
-669
186
1218
2076
2586
2697
2347
1594
571
-186
-237
81
377
531
827
1141
1084
713
-132
-500
-428
38
313
412
606
561
203
-358
-495
-435
-578
-668
-526
-250
10
200
293
136
-80
-147
-254
-438
-531
-337
-239
-223
-139
-45
-103
-395
-618
-685
-564
-786
-1080
-785
-315
-142
-220
-243
-622
-1301
-1996
-2673
-2689
-2026
-1879
-2760
-3462
-3297
-3473
-4245
-4986
-3555
459
6273
9036
7017
2362
-1580
-2996
-2458
264
4444
7704
7763
5433
3449
2503
1525
89
-840
-441
287
761
784
925
1148
720
-496
-2220
-4129
-5655
-6279
-5025
-2274
204
1135
379
-1384
-3333
-4487
-4244
-2745
-769
771
1860
2211
2155
2182
2181
1962
1439
829
610
918
1790
3147
4331
4479
3554
1932
110
-1149
-1703
-1642
-899
194
1365
2078
2083
1260
-413
-2164
-3323
-3397
-2727
-1661
-371
777
1474
1248
339
-637
-1483
-1866
-1502
-474
785
1670
1944
1693
1225
596
-249
-1048
-1490
-1327
-843
-221
291
572
481
-181
-1229
-2197
-2913
-3232
-3339
-3199
-2792
-2408
-2468
-2900
-3454
-3883
-4667
-5603
-6937
-7337
-4033
3432
11800
13822
9537
3027
-771
-1982
-1564
1579
5878
8035
6886
5463
6128
6724
5001
1379
-1415
-2758
-3780
-4421
-3404
-513
2102
2105
189
-2579
-5714
-8646
-9675
-7666
-4363
-2197
-1440
-1184
-658
-411
-261
-43
-105
-749
-1439
-1114
520
3131
5611
6968
6968
5413
3186
1207
531
1219
2009
2262
2177
1999
1883
1596
1185
193
-1466
-2871
-3376
-2939
-2254
-1389
-765
-552
-778
-1109
-1372
-1797
-2007
-1669
-939
-304
395
1068
1559
1984
2276
2226
1559
673
-52
-454
-487
-9
550
697
519
106
-417
-1039
-1719
-2333
-2955
-3529
-3959
-3976
-3653
-3229
-3017
-3019
-3540
-4096
-4892
-5335
-5866
-6206
-7081
-6868
-2086
6739
14776
14660
9295
4296
2738
1744
860
2802
5822
6229
4312
4624
8148
9557
6346
1325
-1613
-3355
-6059
-8090
-6755
-3114
-669
-753
-1515
-2392
-4272
-6675
-7483
-6222
-5472
-6169
-6024
-3669
-229
2282
3870
4734
4293
2700
1036
469
1109
2419
3717
5013
6170
6405
5755
4959
4376
3308
1195
-1248
-2746
-3266
-2864
-1644
-492
-360
-1396
-2293
-2296
-1986
-2055
-2719
-3410
-3693
-3228
-1708
184
1699
2273
2154
1666
1132
918
933
1054
1276
1751
2083
2155
2220
2203
1969
1211
-97
-1393
-2523
-3022
-2866
-2395
-1803
-1677
-1973
-2523
-3144
-3650
-4131
-4632
-4911
-4782
-4545
-4292
-3985
-3670
-3550
-4077
-4943
-6485
-4513
2110
11019
14482
10870
7277
6898
7266
4993
3724
5205
4582
1376
47
4048
8011
6666
2744
699
-42
-3453
-7910
-8620
-5924
-4470
-6003
-6554
-4294
-2576
-3149
-3408
-2204
-2170
-4838
-6578
-4666
-1522
172
1070
3176
5536
6132
5510
5393
5838
5321
3515
2065
1930
2227
2154
2739
4087
4667
3208
993
-448
-1584
-3227
-4750
-5340
-5532
-5582
-5033
-3430
-1003
1374
2128
984
-735
-1354
-1269
-1112
-517
355
780
902
2135
4024
4986
4480
3514
2576
1383
259
-450
-779
-942
-983
-1016
-990
-734
-660
-1191
-2019
-2787
-3620
-4696
-5198
-4728
-3942
-3577
-3439
-3107
-2736
-2353
-2310
-2458
-3145
-3792
-4965
-5913
-7300
-5853
1051
10091
15109
12317
9237
9876
10277
7174
3427
3212
2049
-1885
-3339
1062
5880
5532
3509
3488
3109
-1839
-7435
-7884
-5633
-6537
-10220
-10234
-6057
-2783
-2257
-721
2071
1498
-2342
-4405
-2527
-1067
-1945
-1670
1131
3621
4194
5229
8260
10295
8510
4819
2615
1888
859
-354
-274
516
178
-655
-27
1678
1754
-133
-2008
-3413
-5401
-7400
-7475
-5639
-3250
-1206
475
1921
3079
3566
3348
2741
1757
463
-753
-781
167
1174
1989
2942
3960
4346
3964
3285
2123
337
-1794
-3567
-4399
-4345
-3764
-3130
-2285
-1545
-973
-849
-1092
-1893
-3228
-4553
-5343
-5486
-5032
-4256
-3101
-2054
-1290
-1027
-1076
-1748
-2980
-4818
-6117
-2305
4997
10282
9603
7849
10348
12266
9752
6336
6111
5274
45
-4386
-3287
471
759
25
1599
2742
198
-3516
-2718
-842
-3723
-9426
-10983
-8112
-6746
-6868
-4256
420
1634
-332
-269
2351
3400
1411
170
743
690
-210
926
4680
7167
6669
5636
6204
6390
4519
2348
1356
180
-2530
-4643
-4168
-2469
-1842
-1866
-1458
-1115
-1894
-2789
-2855
-2767
-2829
-3071
-2744
-1586
6
1340
2139
3132
3825
3709
3253
3336
3177
1789
481
145
267
188
652
1546
1713
1193
542
6
-767
-1740
-2916
-3971
-4612
-4904
-4440
-3465
-2509
-2060
-1967
-1703
-1565
-1710
-2174
-2555
-3036
-3524
-3889
-3748
-3420
-3064
-3071
-3202
-4044
-4378
416
7478
11061
9303
7785
10056
10415
7097
4676
5579
4210
-1167
-4413
-2255
1326
847
156
1369
1697
-1119
-3529
-1771
-1067
-4719
-8974
-8771
-6900
-7009
-6713
-3484
196
-49
-1219
406
3448
4030
2105
1285
1444
668
-192
1354
4147
5254
4601
4383
5236
5338
4495
3780
2770
579
-2242
-3748
-3566
-3155
-3495
-3636
-2988
-2472
-2325
-2000
-1248
-1044
-1342
-1611
-1571
-862
123
865
1207
1758
2403
2841
3243
3788
3578
2445
1397
908
593
271
242
288
-107
-570
-612
-421
-618
-1185
-1874
-2682
-3390
-3817
-3746
-3424
-3250
-3195
-2988
-2562
-2182
-1898
-1747
-1686
-1700
-2140
-2501
-2696
-2968
-3444
-3986
-4313
-4888
-5435
-1524
5674
10061
9182
8104
10922
11948
8721
5965
6440
4952
-1020
-4925
-3412
-450
-1164
-1771
370
1739
55
-1605
383
970
-2789
-7050
-7545
-7145
-8718
-8700
-5361
-2120
-2435
-2372
845
4344
4964
4079
4545
4136
1709
-223
861
2501
2022
1259
2111
3799
4331
4649
5559
5497
3240
309
-1212
-2194
-3600
-4886
-5167
-5042
-5171
-4784
-3147
-1366
-639
-528
246
1086
1010
805
1219
1534
812
404
1266
2489
2797
2882
3197
2965
2290
1799
1803
1406
571
-462
-1128
-1478
-1677
-1621
-1743
-1911
-2345
-2657
-2448
-2165
-2257
-2602
-2802
-3008
-3219
-3159
-2701
-2336
-2424
-2242
-1817
-1474
-1505
-1645
-1873
-2489
-3375
-4303
-5309
-5525
-1167
5021
7916
6991
7658
11469
12032
9085
7333
8103
5292
-1161
-4494
-3213
-1643
-3356
-3709
-1509
-107
-1015
-992
1691
2084
-1105
-4125
-4683
-5825
-7868
-7793
-6029
-5252
-5572
-3568
-24
2413
3934
5611
6512
5127
3493
3328
3415
1995
562
475
440
15
867
3192
4273
3580
3169
3090
2004
91
-1101
-2048
-4081
-6153
-6716
-6076
-5409
-4473
-2904
-1395
-743
38
1819
3372
3506
3162
3324
2955
2120
1954
2367
2144
1207
1006
1289
1396
1447
1605
1522
746
-192
-754
-1036
-1436
-2050
-2696
-3130
-3346
-3276
-2941
-2556
-2291
-2287
-2320
-2180
-1840
-1690
-1725
-1889
-2035
-2168
-2139
-1752
-1470
-1648
-2033
-2387
-2574
-3200
-3937
-4729
-2905
2024
5742
6165
5645
8443
10915
9473
7042
7307
7447
2716
-2458
-3178
-1244
-2395
-4974
-3686
-868
-959
-2717
-447
2941
1670
-2378
-3497
-2425
-4403
-7292
-6927
-4463
-4764
-6256
-4165
392
2868
2544
3831
6199
6111
3921
3475
4813
3746
572
-929
-9
291
-466
226
2177
2773
1639
1363
2363
2183
62
-1804
-2512
-3813
-5631
-6173
-5173
-4419
-4334
-3600
-1782
149
1387
2603
3900
4890
4890
4245
3909
3585
2551
963
39
-114
-211
-421
-166
574
635
163
259
777
470
-638
-1421
-1835
-2645
-3714
-3955
-3614
-3573
-3604
-3063
-1961
-1228
-945
-626
-309
-419
-1028
-1454
-1595
-1789
-2239
-2610
-2582
-2805
-3186
-3722
-4073
-4720
-3286
1562
5668
6279
5167
7558
10469
9278
6603
6868
7726
3248
-2305
-3113
-915
-1902
-4682
-3510
-807
-783
-2263
-159
3118
2161
-1351
-2555
-1835
-3614
-6097
-5984
-4468
-5206
-6669
-4716
-925
1019
1351
3145
5484
5284
3710
4092
5393
3945
865
-330
71
-440
-1432
-411
1481
1631
645
1079
2717
2656
1017
-45
-600
-2175
-4265
-4981
-4584
-4670
-5266
-4798
-3310
-1778
-264
1662
3632
4577
4827
5056
5218
4529
3165
1987
872
-267
-1153
-1317
-1110
-976
-922
-599
76
602
793
686
354
-410
-1656
-2675
-3122
-3377
-3775
-3834
-3486
-2825
-2230
-1509
-550
-50
-63
-297
-316
-374
-788
-1478
-1952
-2374
-3018
-3533
-3653
-3803
-4432
-5400
-4785
-546
3984
5614
4951
6599
9835
9591
7144
6780
7934
4859
-777
-2860
-1262
-1391
-4183
-4036
-1488
-832
-2183
-857
2736
3137
420
-1251
-758
-2064
-4887
-5692
-4689
-5194
-7167
-6395
-3136
-820
-261
1347
4060
4800
3837
4156
5685
4831
1939
427
658
14
-1548
-1292
329
745
-43
413
2335
3171
2284
1382
1081
-177
-2290
-3498
-3642
-4186
-5305
-5630
-4645
-3403
-2203
-274
1954
3300
3909
4702
5627
5647
4524
3266
2163
754
-838
-1704
-1853
-1962
-2106
-1921
-970
-20
460
681
915
805
24
-767
-1156
-1641
-2589
-3452
-3663
-3567
-3378
-2843
-1892
-909
-510
-193
272
486
297
-322
-827
-1314
-2130
-2923
-3381
-3721
-4205
-4902
-5399
-5795
-4289
197
4251
5168
4548
7082
10092
9323
6930
7333
8133
3751
-1615
-2405
-267
-1635
-4813
-4021
-1009
-506
-2134
-444
3336
3509
-88
-1886
-377
-998
-4456
-6390
-5061
-4902
-7284
-7530
-3938
-604
-422
-9
2758
5182
4871
4158
5108
5503
3270
383
-217
397
-143
-1202
-968
352
659
230
1102
2766
3045
1619
516
122
-828
-2591
-3909
-4375
-4876
-5544
-5593
-4215
-2502
-876
719
2468
4173
5203
5557
5406
5133
4151
2451
745
-340
-1206
-2402
-3105
-2826
-2181
-1808
-956
419
1395
1556
1417
1410
896
-206
-1404
-2387
-3263
-3993
-4362
-4059
-3182
-2499
-2010
-1220
-216
405
418
341
245
-170
-1040
-1694
-2191
-2884
-3746
-4568
-4883
-5159
-5735
-5726
-2336
2547
4937
4456
5729
9749
10463
7749
6902
8690
6548
346
-2427
-612
-436
-4282
-5429
-2393
-492
-2127
-2209
2047
4267
1483
-1606
-319
636
-2793
-6164
-5474
-4197
-6681
-8591
-5848
-1767
-963
-1281
1310
4658
5152
4159
5151
6668
5214
2031
648
1150
484
-1420
-1888
-702
-166
-775
-177
1751
2766
1878
892
779
312
-1344
-3004
-3622
-4220
-5197
-5918
-5345
-3755
-2634
-1592
453
3076
4724
5264
6208
6825
5905
4015
2605
1575
-80
-1817
-2884
-3206
-3433
-3280
-2497
-1246
89
584
851
1513
1891
1111
-178
-947
-1742
-3200
-4319
-4296
-3921
-3835
-3548
-2631
-1491
-635
-14
633
1171
1166
514
-102
-526
-1160
-2319
-3350
-3981
-4435
-5017
-5403
-5741
-5013
-1470
2710
4419
4095
6134
9717
9726
7175
7065
8438
5058
-666
-2184
-477
-1613
-5299
-5091
-2059
-1208
-2906
-1579
2784
3887
832
-965
784
595
-3108
-5478
-4268
-4176
-7187
-8045
-4762
-1685
-1582
-1074
2140
4697
4488
4141
5640
6377
4325
1744
1010
912
-491
-2175
-2248
-1298
-1230
-1401
-278
1593
2225
1492
1061
1188
600
-957
-2438
-3133
-3893
-4877
-5386
-4687
-3329
-2384
-1484
343
2900
4476
5135
6097
6960
6120
4162
2915
2093
273
-2063
-3194
-3406
-3804
-3903
-3052
-1595
-543
7
629
1515
2078
1446
302
-449
-1213
-2568
-3652
-3702
-3558
-3692
-3552
-2600
-1412
-668
49
882
1403
1372
1021
607
291
-471
-1654
-2654
-3354
-3926
-4637
-5080
-5059
-5427
-5295
-2143
2320
4314
3644
5269
8959
9068
6354
6140
7906
5228
-400
-2295
-469
-1035
-4522
-4769
-1863
-775
-2466
-1628
2458
3991
1208
-712
976
1048
-2325
-4641
-3582
-3406
-6296
-7481
-4750
-1835
-1763
-1516
1245
3782
3997
3694
5099
6080
4395
1799
887
1059
-26
-1554
-1907
-1241
-1112
-1562
-760
1029
1925
1332
853
1099
937
-279
-1678
-2425
-3059
-4043
-4769
-4315
-3078
-2196
-1726
-774
1278
3331
4308
4657
5496
6156
5222
3588
2740
2215
187
-2281
-2984
-2867
-3535
-4112
-3059
-1634
-1181
-889
117
1314
1437
1013
639
378
-298
-1582
-2493
-2585
-2557
-3150
-3172
-2137
-1081
-827
-476
605
1248
1196
1014
1153
805
-170
-1184
-1895
-2559
-3382
-4193
-4788
-5173
-5431
-5992
-5299
-1728
2158
3283
3006
5422
8619
8208
6097
6840
8030
4656
-174
-1047
453
-1068
-4304
-3901
-1409
-1268
-2768
-1303
2485
3115
422
-469
1263
772
-2414
-3925
-2972
-3548
-6316
-6838
-4113
-2016
-2256
-1686
1002
3124
3360
3561
5138
5811
4250
2245
1748
1727
563
-1040
-1658
-1276
-1475
-1763
-1096
308
1039
527
247
692
763
-167
-1340
-1946
-2470
-3442
-4270
-3950
-3023
-2539
-2312
-1442
422
2142
3267
4264
5274
5540
4820
4149
3724
2759
970
-839
-1975
-2679
-3357
-3634
-3108
-2321
-1843
-1407
-353
763
1246
1105
889
685
21
-814
-1451
-1685
-2089
-2611
-2593
-2022
-1258
-776
-263
544
1052
976
941
996
726
-73
-1094
-1793
-2378
-3026
-3668
-3986
-4117
-4404
-4727
-4657
-4573
-3878
-1314
1805
3080
2985
4662
7309
7194
5505
5906
7116
4777
870
-20
1012
-305
-3084
-3017
-1366
-1465
-3007
-2003
958
1477
-510
-1084
364
126
-2099
-3227
-2461
-2829
-4991
-5482
-3417
-1826
-2042
-1587
734
2581
2887
3301
4682
5252
4067
2700
2255
2092
927
-511
-1169
-1307
-1565
-1935
-1556
-682
-247
-602
-788
-399
-265
-740
-1466
-1978
-2290
-2727
-3211
-3044
-2358
-1876
-1692
-1001
417
1574
2358
3429
4741
5040
4231
4026
4123
3146
1358
209
-462
-1806
-3095
-3479
-3222
-3035
-2987
-2410
-1371
-334
313
630
955
1113
732
33
-286
-414
-940
-1622
-1762
-1497
-1376
-1085
-495
148
462
606
834
1027
924
304
-385
-983
-1620
-2391
-3007
-3383
-3678
-4103
-4367
-4058
-3737
-3834
-3787
-3630
-2331
243
2439
2874
3270
5303
6644
5718
5008
6359
6541
3306
718
1028
1076
-1242
-2829
-1942
-1491
-2897
-3598
-1557
239
-366
-1578
-945
355
-506
-1934
-1698
-896
-2106
-3856
-3210
-1326
-855
-1350
-360
1614
2429
2550
3509
4686
4429
3149
2301
1984
1396
173
-1005
-1787
-2152
-2592
-2855
-2503
-1817
-1555
-1750
-1392
-663
-219
-372
-631
-622
-655
-1011
-1275
-978
-543
-607
-788
-237
907
1631
2128
3047
4003
4089
3509
3332
3187
2096
544
-568
-1411
-2538
-3552
-3843
-3651
-3447
-3132
-2295
-1003
182
885
1371
1943
2302
2078
1587
1301
858
11
-822
-1138
-1214
-1299
-1232
-838
-312
-13
139
337
526
429
-32
-660
-1211
-1828
-2585
-3254
-3596
-3700
-3959
-3966
-3271
-2756
-2450
-2289
-1807
-1670
-1720
-274
2224
3684
3294
3920
5939
6266
4543
4390
5831
4912
1505
-161
487
-174
-2749
-3609
-2484
-2676
-4368
-4101
-1479
-145
-1040
-1433
61
920
17
-442
451
643
-1000
-1936
-830
374
-4
-367
645
1704
1915
2152
3171
3565
2719
1683
1241
978
184
-949
-1970
-2690
-3063
-3249
-3139
-2682
-2167
-1976
-1846
-1162
-152
460
373
321
492
468
111
-18
220
227
-209
-325
280
970
1302
1784
2647
3107
2785
2368
2318
1997
781
-522
-1192
-1877
-2934
-3597
-3369
-2946
-2761
-2179
-991
213
1059
1765
2403
2863
2786
2224
1687
1246
561
-519
-1214
-1463
-1539
-1741
-1617
-1122
-674
-544
-375
-33
102
15
-410
-704
-996
-1631
-2199
-2524
-2492
-2572
-2676
-2453
-1935
-1575
-1392
-1086
-634
-575
-805
-1297
-986
383
1863
2164
2236
3640
4614
3811
2753
3894
4616
2488
-15
-134
96
-1796
-3366
-2697
-2060
-3278
-4033
-2047
196
436
-16
827
2247
2082
1422
1690
2232
1057
-767
-838
62
9
-995
-880
45
425
482
1173
2075
1885
995
525
497
201
-530
-1451
-2143
-2422
-2586
-2767
-2534
-1825
-1292
-1237
-741
312
1210
1290
1236
1581
1596
1054
505
487
505
-169
-857
-720
-220
3
254
947
1519
1590
1500
1584
1589
1102
289
-377
-792
-1325
-1887
-1947
-1644
-1310
-1151
-628
400
1217
1701
2112
2431
2471
2122
1619
1139
518
-290
-1160
-1620
-1714
-1735
-1884
-1769
-1270
-885
-601
-257
175
126
-282
-499
-624
-758
-1118
-1482
-1693
-1754
-1905
-1862
-1499
-1243
-1162
-1130
-839
-505
-475
-688
-909
-1215
-1856
-1795
-580
814
1051
1207
2482
3364
2837
2398
3554
3896
2018
323
420
251
-1369
-2183
-1653
-1511
-2448
-2442
-661
717
828
797
1555
2229
2035
1804
1769
1439
272
-921
-1111
-882
-1036
-1523
-1544
-1042
-472
135
797
1325
1329
1026
752
552
426
54
-718
-1418
-1640
-1679
-1888
-1913
-1491
-1134
-1016
-527
359
971
933
895
1139
1139
728
341
226
-3
-549
-909
-650
-162
-63
248
1044
1642
1553
1495
1959
1832
965
348
110
-479
-1228
-1518
-1401
-1361
-1233
-766
-185
482
898
1271
1645
1864
1686
1221
823
583
-61
-911
-1324
-1514
-1783
-1908
-1669
-1266
-956
-688
-266
15
194
204
39
-224
-340
-621
-1136
-1349
-1373
-1479
-1698
-1567
-1206
-1114
-1153
-924
-640
-559
-694
-705
-686
-819
-1032
-1410
-1414
-915
-236
283
972
1915
2583
2502
2459
2954
3131
2442
1483
921
380
-563
-1153
-1251
-1365
-1833
-1964
-1190
-284
321
653
1105
1574
1668
1717
1753
1499
715
-172
-656
-868
-1037
-1278
-1371
-1209
-841
-422
71
504
750
792
741
685
668
396
-143
-666
-873
-1164
-1515
-1523
-1340
-1174
-1158
-791
-146
257
430
683
906
1024
846
809
812
546
159
-71
37
70
136
340
684
811
815
871
1018
996
727
376
22
-249
-526
-669
-701
-689
-684
-608
-224
304
658
763
916
1063
1011
808
523
206
-226
-624
-763
-867
-855
-859
-880
-803
-544
-275
-112
-72
-74
-170
-262
-283
-393
-528
-716
-944
-1060
-1107
-1055
-1005
-996
-894
-706
-594
-471
-266
-125
-209
-360
-443
-574
-780
-1114
-1255
-1141
-726
-200
288
965
1599
1949
2033
2192
2490
2305
1719
1206
662
38
-505
-656
-965
-1357
-1511
-1258
-797
-271
354
702
940
1220
1516
1707
1505
1216
779
252
-62
-268
-419
-652
-882
-795
-508
-200
53
333
536
479
575
672
596
257
-109
-299
-545
-787
-957
-1069
-1067
-1085
-869
-501
-183
175
482
713
856
949
896
735
593
427
224
-13
65
302
422
359
501
586
345
277
507
764
435
55
-64
-89
-114
-135
-173
-259
-273
-168
137
525
770
665
523
634
659
496
188
-69
-331
-593
-686
-578
-583
-753
-757
-512
-326
-209
-111
-102
-177
-258
-305
-420
-523
-618
-755
-771
-704
-689
-745
-620
-412
-303
-276
-207
-103
-112
-128
-137
-248
-480
-595
-752
-858
-873
-1002
-1061
-862
-336
48
505
1075
1443
1460
1468
1878
2012
1460
1020
774
466
-70
-277
-428
-780
-983
-892
-416
-163
188
482
688
1001
1270
1387
1291
1124
849
457
111
-102
-295
-589
-769
-682
-543
-343
-116
70
221
336
493
465
330
265
210
-1
-168
-366
-625
-766
-760
-750
-715
-538
-361
-72
203
447
626
671
695
637
640
777
713
682
602
822
735
497
198
49
5
-203
-109
-165
-192
-259
-232
-110
-27
90
-18
77
330
404
461
504
569
397
205
235
201
62
-187
-280
-269
-280
-361
-356
-358
-369
-269
-213
-126
-76
-151
-184
-198
-231
-344
-470
-445
-433
-530
-545
-473
-442
-496
-406
-259
-186
-168
-106
5
-17
-89
-122
-168
-241
-333
-434
-488
-525
-591
-821
-831
-606
-268
-67
174
479
723
834
866
1124
1238
968
720
648
564
260
-3
-125
-318
-564
-591
-374
-141
3
112
294
588
806
870
936
901
743
522
365
255
162
-65
-275
-258
-239
-326
-319
-148
65
106
66
191
340
360
277
239
124
-20
-95
-91
-135
-226
-351
-318
-278
-238
-115
-19
87
183
143
273
507
755
846
850
996
836
737
395
-28
-287
-173
-243
-562
-678
-671
-536
-310
-95
48
53
214
541
740
853
804
641
440
370
223
34
-180
-367
-475
-483
-275
-214
-331
-377
-167
21
149
155
89
53
32
59
-65
-181
-261
-299
-331
-352
-348
-397
-497
-431
-240
-226
-301
-247
-202
-134
-121
-112
-161
-263
-360
-398
-376
-420
-510
-717
-643
-591
-653
-689
-514
-328
-167
43
352
638
626
635
721
894
860
686
514
468
290
169
150
36
-242
-414
-314
-130
23
74
207
293
445
632
737
757
725
599
507
556
519
302
47
-106
-167
-163
-133
-181
-171
-107
0
118
188
212
172
179
123
117
110
-23
-124
-166
-249
-304
-275
-295
-249
-119
-28
108
233
366
500
691
671
573
471
438
384
183
22
-81
-181
-268
-307
-272
-225
-174
-26
96
234
376
461
354
412
447
370
204
179
106
-41
-70
-206
-245
-355
-330
-209
-158
-100
-100
-89
54
127
100
37
41
1
-89
-121
-117
-163
-270
-309
-288
-297
-321
-345
-377
-273
-228
-186
-107
-105
-183
-132
-65
-81
-148
-192
-230
-294
-287
-320
-275
-334
-366
-304
-177
-180
-153
-105
18
157
205
267
437
603
509
480
521
574
592
408
261
165
152
192
237
256
175
147
112
256
378
395
305
226
359
433
392
335
364
302
215
213
306
283
206
137
94
145
100
111
59
123
160
95
101
125
143
124
149
165
270
261
165
190
221
134
114
118
218
227
254
252
158
113
196
320
258
226
141
149
132
218
338
221
137
91
182
265
240
184
99
163
262
263
258
212
224
186
225
241
150
49
-10
1
16
-92
-206
-180
-138
-185
-183
-162
-105
-82
-7
102
104
46
41
60
124
149
30
-29
-54
-91
-142
-164
-204
-221
-238
-260
-179
-118
-173
-212
-213
-102
-105
-172
-119
-91
-86
-113
-136
-97
-70
-44
-72
-55
20
21
39
51
77
104
116
92
141
169
214
301
352
364
330
357
408
392
338
222
246
298
249
189
175
185
160
198
206
288
304
314
356
450
527
460
347
347
426
333
218
166
69
-75
-84
-52
-44
-14
-64
16
138
127
209
273
296
258
215
239
257
245
298
330
313
326
224
116
170
255
347
332
260
297
287
305
372
351
289
216
211
292
292
239
165
130
127
144
65
64
83
72
185
282
296
247
231
226
293
287
263
214
94
115
75
7
-11
31
24
-3
-12
48
1
-69
1
-22
-42
-53
-74
-80
2
82
64
52
28
57
104
81
126
172
177
177
119
134
170
94
57
-4
-1
93
43
89
62
18
92
44
27
38
18
17
24
63
37
1
20
82
106
148
145
123
196
203
223
186
205
270
271
270
365
382
281
263
239
283
246
230
179
191
165
167
193
176
227
222
269
232
272
326
332
353
407
420
360
336
300
364
399
317
284
280
278
272
246
283
291
275
292
284
314
261
254
309
291
283
270
238
291
187
59
80
77
41
35
41
48
135
199
183
202
251
240
268
316
310
253
209
100
59
41
-23
-77
-47
1
3
-10
8
40
33
145
216
254
217
208
275
303
308
239
254
222
198
192
226
252
298
320
387
472
486
477
461
454
462
490
481
478
487
394
283
318
270
239
250
221
254
266
294
281
328
374
377
352
368
364
333
350
353
263
185
140
96
17
-43
-81
-158
-109
-120
-149
-213
-176
-136
-135
-194
-205
-148
-64
-36
-50
-10
-28
-20
-22
60
151
240
332
362
406
339
267
341
438
420
416
453
419
424
436
439
441
382
335
425
487
504
459
437
438
396
364
342
287
247
210
171
129
86
42
52
75
57
110
80
183
253
201
197
198
194
169
208
250
189
174
156
165
162
120
100
99
159
185
207
206
167
144
103
100
81
68
83
77
99
86
66
81
73
38
143
100
-3
30
104
144
142
190
227
195
202
230
238
219
154
209
228
191
161
105
87
51
21
22
82
95
54
12
32
23
19
31
10
36
69
44
11
45
-20
-10
24
51
44
13
64
58
117
137
132
118
42
47
63
45
46
-5
29
40
90
114
95
125
135
179
212
196
188
307
245
228
256
285
311
332
330
333
432
382
413
489
494
458
353
357
324
307
266
288
318
377
339
324
369
324
253
275
308
217
143
212
207
178
209
131
133
177
225
217
277
260
316
293
367
376
279
249
195
214
252
232
240
265
296
278
253
285
280
320
340
361
350
354
316
311
322
318
345
269
210
283
304
329
306
266
292
332
332
272
250
244
243
235
267
226
215
215
99
86
158
145
139
109
72
108
70
40
-5
0
60
89
86
105
43
-45
-58
-17
-24
-40
-32
-36
14
-43
34
52
7
63
22
-28
-20
17
2
0
1
25
-4
-56
-11
21
-39
-58
-29
-3
30
28
52
98
121
46
-3
85
138
35
-39
60
154
128
156
239
195
130
136
198
148
115
58
63
114
101
176
162
225
212
189
216
241
262
272
262
243
226
211
248
237
226
219
159
177
255
275
284
250
313
370
366
386
425
404
377
317
309
344
224
223
277
237
235
242
258
262
296
290
278
315
259
298
286
242
316
281
235
226
201
236
202
195
187
191
184
183
196
241
280
269
243
188
212
205
155
189
202
160
150
146
199
161
142
177
103
72
101
116
140
147
69
132
123
68
91
127
190
117
124
151
170
163
152
173
190
168
112
100
93
62
35
9
-6
50
40
-1
17
36
69
95
101
92
56
58
97
126
132
140
161
120
138
121
124
203
166
141
127
87
34
24
-2
7
-8
24
35
50
124
161
177
122
106
76
128
134
103
111
191
193
172
191
167
247
271
277
296
307
274
298
322
310
321
306
280
258
272
239
253
292
258
249
293
399
429
364
344
345
396
373
347
357
340
368
352
279
286
271
282
309
316
283
210
168
197
179
168
191
134
220
147
111
134
90
70
53
61
58
72
108
173
221
222
189
149
142
187
183
142
96
72
69
36
25
-66
-102
-147
-150
-195
-189
-164
-135
-72
-97
-84
10
-4
36
82
126
188
158
225
293
294
322
371
410
457
452
436
445
448
386
383
403
391
380
335
306
348
305
239
278
269
193
173
144
158
105
52
98
136
98
47
71
16
2
30
38
88
149
94
23
41
18
7
55
43
50
36
50
89
45
86
83
44
60
76
118
139
131
152
162
132
94
139
128
113
189
215
180
203
167
217
254
215
163
212
209
225
243
221
204
192
192
194
158
133
207
166
184
217
203
190
223
186
172
192
203
219
179
189
146
66
102
115
121
105
23
32
36
-1
-39
9
38
12
-29
11
19
12
-56
-103
-50
-48
-12
-10
11
39
-2
37
28
62
102
22
-27
-2
66
83
73
86
45
37
57
44
5
-36
27
-7
-32
6
5
83
64
69
70
18
-7
8
22
15
29
41
61
111
126
96
24
33
116
112
19
86
129
19
120
128
118
101
61
143
137
104
84
70
79
67
7
25
32
10
-18
-68
-40
59
86
105
122
125
162
150
118
58
39
45
62
77
89
37
74
136
113
117
84
73
109
99
116
173
104
72
72
111
96
121
115
112
101
49
62
80
50
100
119
98
100
69
156
125
112
102
161
130
153
150
116
171
106
121
142
94
130
156
90
150
104
129
105
67
146
206
165
148
183
214
220
172
161
156
131
127
148
142
123
117
110
90
88
81
110
109
81
89
61
63
46
24
91
52
80
81
14
40
66
-29
-34
13
7
-1
20
68
25
-9
61
42
18
86
101
115
77
128
129
138
97
88
73
109
124
123
161
220
246
209
191
184
121
124
215
118
54
36
32
61
19
13
16
28
-6
59
62
54
58
12
23
11
62
106
80
106
66
98
95
55
121
76
144
136
113
123
124
90
56
76
86
38
37
97
100
76
64
61
103
136
108
135
110
99
98
104
110
117
138
141
141
119
68
61
27
23
86
166
169
126
141
149
142
33
38
47
48
-15
-27
5
30
17
-34
-12
12
0
24
92
51
34
53
52
50
52
65
52
32
63
52
96
108
79
130
195
198
168
181
204
247
249
261
255
182
150
126
92
47
57
79
45
9
-58
-71
-120
-114
-85
-175
-267
-235
-183
-211
-190
-216
-212
-228
-235
-184
-151
-184
-158
-122
-125
-167
-174
-205
-190
-168
-160
-135
-158
-185
-159
-154
-127
-104
-150
-159
-182
-97
-81
-119
-128
-122
-159
-140
-74
-35
-70
-45
-71
-4
4
-46
-10
7
-2
36
6
-44
-39
-77
-21
27
30
57
42
27
85
49
71
117
130
76
-2
-20
-43
-46
-90
-15
-18
0
33
46
-17
-86
-78
-81
-45
-25
14
46
62
47
61
39
-34
-63
-12
26
-21
-39
-28
-40
-33
-30
-46
-91
-18
19
-12
-46
-58
-106
-103
-86
-77
-56
-32
-6
31
58
14
24
44
46
55
21
37
34
47
