-205
-203
-180
-194
-202
-238
-236
-224
-272
-280
-264
-230
-224
-244
-223
-164
-152
-179
-233
-248
-219
-189
-148
-187
-170
-180
-161
-157
-175
-132
-146
-165
-130
-144
-189
-190
-201
-215
-141
-191
-226
-193
-286
-277
-208
-243
-239
-225
-208
-206
-197
-177
-176
-94
-172
-234
-160
-130
-200
-206
-179
-218
-231
-192
-189
-231
-221
-216
-232
-250
-262
-236
-240
-227
-237
-232
-182
-204
-199
-210
-220
-226
-222
-212
-188
-195
-148
-206
-233
-184
-199
-169
-183
-189
-200
-187
-191
-184
-152
-156
-172
-169
-215
-233
-221
-139
-175
-192
-213
-209
-206
-193
-197
-160
-150
-189
-209
-231
-145
-240
-250
-192
-212
-182
-179
-197
-184
-181
-168
-196
-136
-168
-213
-215
-205
-182
-208
-240
-264
-175
-218
-250
-169
-136
-156
-157
-185
-198
-210
-236
-246
-220
-171
-206
-157
-163
-158
-179
-171
-147
-146
-169
-190
-205
-181
-185
-203
-205
-144
-136
-161
-135
-145
-165
-191
-255
-186
-184
-188
-172
-224
-180
-174
-176
-209
-195
-221
-248
-178
-207
-222
-143
-191
-262
-263
-205
-189
-161
-154
-107
-81
-130
-154
-161
-225
-231
-189
-166
-141
-208
-217
-158
-181
-161
-160
-214
-219
-187
-169
-190
-209
-210
-187
-164
-241
-295
-228
-174
-184
-182
-205
-178
-208
-184
-159
-202
-177
-153
-165
-176
-129
-159
-214
-226
-223
-180
-233
-293
-259
-227
-196
-225
-237
-187
-134
-189
-175
-178
-136
-190
-251
-216
-261
-201
-229
-238
-245
-188
-141
-200
-147
-148
-95
-118
-137
-157
-126
-145
-172
-151
-198
-178
-184
-220
-236
-252
-218
-195
-224
-225
-226
-215
-282
-206
-169
-180
-221
-192
-198
-196
-201
-214
-222
-218
-145
-149
-159
-186
-212
-185
-165
-103
-192
-206
-184
-269
-208
-187
-179
-213
-186
-184
-211
-164
-155
-195
-198
-168
-171
-171
-170
-186
-155
-210
-259
-196
-129
-109
-160
-157
-157
-171
-188
-101
-109
-169
-188
-171
-162
-205
-124
-106
-150
-242
-271
-268
-229
-156
-185
-137
-154
-165
-149
-170
-192
-195
-195
-185
-163
-204
-171
-175
-209
-212
-218
-224
-198
-209
-210
-177
-95
-127
-133
-123
-143
-185
-165
-178
-207
-232
-215
-169
-214
-170
-150
-134
-187
-244
-247
-186
-197
-175
-153
-179
-174
-213
-239
-224
-229
-210
-168
-186
-209
-221
-215
-249
-232
-204
-211
-150
-164
-152
-168
-186
-158
-182
-156
-185
-204
-177
-212
-237
-220
-218
-284
-267
-280
-229
-213
-216
-201
-263
-209
-177
-132
-207
-244
-240
-250
-248
-224
-251
-270
-242
-235
-238
-201
-239
-252
-155
-185
-239
-231
-245
-264
-234
-243
-240
-230
-257
-247
-249
-274
-236
-211
-173
-162
-200
-212
-180
-140
-194
-160
-171
-237
-204
-206
-225
-191
-168
-143
-94
-154
-217
-271
-225
-247
-232
-179
-162
-142
-148
-176
-192
-229
-252
-218
-187
-231
-150
-120
-138
-145
-209
-171
-173
-191
-162
-197
-229
-252
-175
-185
-219
-211
-212
-248
-241
-231
-238
-205
-194
-173
-118
-183
-199
-204
-222
-270
-246
-206
-235
-249
-235
-265
-247
-208
-221
-188
-184
-142
-184
-198
-138
-165
-193
-254
-216
-215
-196
-110
-177
-150
-127
-203
-160
-125
-158
-141
-220
-220
-179
-197
-243
-196
-209
-223
-114
-157
-172
-157
-161
-170
-197
-136
-179
-214
-173
-208
-179
-209
-176
-161
-188
-197
-220
-240
-221
-165
-193
-237
-247
-268
-231
-177
-292
-271
-234
-263
-259
-233
-233
-259
-255
-279
-267
-216
-110
-170
-192
-156
-141
-121
-141
-156
-160
-204
-142
-113
-141
-153
-177
-132
-188
-214
-255
-206
-194
-194
-167
-127
-125
-146
-148
-143
-135
-163
-175
-175
-151
-136
-139
-141
-131
-131
-159
-181
-143
-211
-231
-197
-213
-152
-183
-158
-146
-190
-208
-198
-197
-193
-217
-209
-232
-240
-155
-136
-150
-198
-155
-152
-205
-183
-144
-174
-162
-192
-239
-177
-152
-187
-170
-268
-212
-149
-185
-218
-299
-291
-199
-172
-213
-177
-195
-178
-230
-239
-213
-177
-152
-188
-143
-138
-150
-139
-200
-216
-193
-183
-156
-209
-220
-223
-193
-205
-192
-144
-147
-144
-163
-150
-172
-200
-210
-204
-195
-162
-160
-188
-168
-206
-251
-211
-182
-129
-120
-167
-249
-195
-141
-160
-160
-198
-189
-217
-245
-245
-280
-253
-193
-162
-155
-149
-180
-191
-143
-207
-189
-233
-232
-198
-203
-180
-145
-104
-207
-221
-172
-199
-228
-195
-210
-218
-176
-180
-162
-186
-168
-175
-232
-206
-192
-190
-213
-197
-217
-237
-261
-217
-147
-213
-197
-210
-256
-240
-210
-220
-218
-219
-202
-152
-155
-166
-205
-210
-233
-240
-248
-222
-221
-249
-174
-224
-174
-144
-170
-197
-252
-227
-247
-246
-228
-215
-236
-247
-215
-236
-217
-197
-175
-192
-190
-157
-173
-158
-201
-238
-247
-210
-149
-158
-214
-222
-205
-219
-248
-290
-268
-178
-193
-200
-207
-179
-212
-198
-227
-238
-192
-295
-236
-247
-216
-174
-229
-200
-214
-210
-181
-122
-104
-177
-163
-128
-104
-141
-165
-170
-200
-170
-179
-167
-225
-218
-240
-236
-170
-215
-190
-193
-230
-212
-137
-167
-161
-159
-169
-197
-177
-152
-160
-147
-205
-203
-183
-196
-158
-128
-204
-154
-182
-271
-239
-209
-204
-141
-131
-160
-103
-157
-184
-188
-193
-118
-119
-141
-94
-94
-92
-114
-134
-110
-168
-185
-230
-144
-87
-132
-159
-90
-136
-178
-138
-148
-163
-198
-125
-139
-155
-116
-154
-122
-98
-130
-116
-142
-170
-144
-144
-190
-220
-217
-188
-233
-211
-174
-177
-135
-152
-194
-207
-182
-133
-94
-98
-170
-168
-152
-107
-71
-121
-87
-65
-164
-177
-131
-108
-94
-83
-74
-98
-117
-149
-155
-93
-96
-125
-101
-95
-88
-95
-161
-146
-142
-158
-120
-114
-135
-126
-102
-56
-113
-139
-110
-90
-61
-114
-55
-44
-48
-50
-44
-64
-88
-125
-184
-153
-168
-111
-82
-79
-46
-70
-126
-70
-84
-102
-90
-105
-106
-102
-45
-12
-84
-93
-28
-81
-76
-162
-187
-130
-100
-87
-134
-154
-179
-124
-137
-127
-63
-50
-54
-107
-100
-109
-125
-95
-94
-91
-84
-41
-76
-50
-20
-29
-51
-84
-98
-113
-101
-97
-100
-167
-143
-107
-111
-61
-90
-108
-182
-122
-100
-144
-121
-166
-139
-127
-86
-68
-59
-72
-73
-81
-104
-79
-50
-126
-154
-96
-139
-127
-124
-110
-115
-110
-122
-130
-148
-199
-136
-173
-134
-118
-84
-109
-141
-149
-194
-119
-131
-107
-62
-94
-131
-108
-107
-155
-97
-99
-104
-40
-70
-125
-176
-69
-68
-118
-93
-101
-151
-128
-121
-100
-81
-43
-74
-105
-48
-99
-51
-39
-44
-33
-79
-112
-95
-69
-88
-67
-112
-107
-55
-51
-88
-45
-84
-87
-80
-163
-98
-155
-151
-126
-142
-76
-27
-48
-74
-122
-89
-99
-77
-96
-64
-89
-92
-63
-85
-124
-99
-98
-160
-170
-217
-148
-171
-133
-158
-144
-143
-124
-139
-119
-75
-120
-74
-56
-59
-91
-68
-92
-110
-79
-67
-18
-36
-79
-126
-107
-89
-65
-18
-54
-60
-20
-10
-26
-61
-48
-37
-22
-3
-22
-31
-57
-54
-71
-64
-60
-62
-33
-30
-12
-27
-23
12
-43
-12
-58
-108
-101
-106
-107
-118
-106
-122
-138
-83
-78
-113
-87
-87
-30
-55
-82
-54
-94
-46
-90
-126
-132
-107
-81
-107
-96
-70
-107
-97
-61
-84
-161
-179
-67
-50
-76
-142
-156
-99
-69
-75
-117
-72
-63
-88
-78
-160
-162
-85
-118
-146
-133
-147
-140
-128
-173
-158
-124
-102
-105
-126
-76
-64
-103
-30
-39
-78
-109
-178
-187
-118
-77
-137
-90
-104
-137
-102
-49
-74
-86
-19
15
-1
-61
-35
-27
-63
-49
-93
-107
-79
-46
-103
-41
-20
-6
-7
-58
-72
-106
-74
-97
-69
-94
-154
-138
-79
-45
-16
-52
-76
-72
-77
-25
-27
-3
-16
-16
-56
-85
-13
-30
2
-21
-92
-41
-41
-80
-54
9
40
15
-35
-38
-37
-68
-73
-23
-38
-60
-52
13
-15
-37
-31
-95
-72
-37
-22
-49
-26
-3
-20
-29
-37
-33
-80
-61
-44
-18
-69
-117
-18
-7
-15
-13
-22
-45
-29
40
3
-87
-80
-53
-48
-42
-58
-58
-13
-13
-11
-15
-37
-46
-68
-76
-94
-52
-74
-76
-39
-58
-44
-52
-63
-65
-89
-87
-37
-25
-29
1
35
15
-30
-78
-49
14
-37
13
-7
-31
-3
13
43
-4
-13
-27
-45
-39
-32
-61
-67
-63
-73
-77
-23
2
-28
-25
-64
-52
-48
-69
-69
-88
-91
-85
-96
-110
-111
-76
-98
-129
-117
-107
-78
-45
3
-24
-30
4
-11
-16
-27
-30
18
46
-3
-7
4
18
13
-39
-37
-8
-66
-56
-41
-6
-23
-2
19
-13
-20
-25
-8
-61
-20
29
42
32
45
10
13
-14
-17
51
85
65
27
13
61
33
-32
-41
-54
-83
-53
-86
24
18
-88
-60
-94
-26
1
-32
-13
-2
-10
36
-7
-31
3
-45
-48
-55
-22
-65
-12
-38
-19
-6
-29
0
15
1
-50
-47
2
-31
-44
-49
-71
-3
-31
-75
-89
-53
-57
-52
13
-10
-31
-47
-8
-18
-47
-52
-54
-85
-128
-140
-171
-165
-120
-140
-117
-82
-59
-46
-75
-62
-74
-62
-94
-91
-58
-81
-61
-83
-90
-100
-170
-115
-91
-121
-89
-93
-48
-127
-129
-79
-70
3
-18
-46
-75
0
-80
-108
-80
-56
7
-55
-57
-99
-89
-35
-50
-76
-126
-125
-69
-27
-90
-73
-21
-44
-40
-34
-16
-8
-50
-56
-54
-60
-52
-37
-94
-109
-120
-123
-98
-116
-102
-85
-118
-57
-36
-92
-137
-103
-67
-48
-34
-101
-121
-131
-96
-103
-84
-33
-20
9
-37
-105
-91
-58
-50
-70
-103
-86
-138
-169
-112
-102
-124
-167
-159
-106
-110
-80
-79
-64
-79
-169
-149
-171
-207
-135
-121
-83
-51
-152
-154
-147
-115
-84
-103
-73
-67
-44
-41
-59
-84
-111
-132
-61
-31
-56
-73
-92
-96
-110
-174
-138
-158
-167
-137
-119
-85
-116
-73
-63
-118
-136
-93
-87
-46
-68
-125
-122
-66
-112
-130
-125
-201
-129
-151
-130
-97
-135
-126
-132
-62
-95
-114
-137
-151
-171
-209
-186
-144
-162
-192
-121
-103
-121
-104
-117
-150
-115
-115
-65
-87
-69
-7
-93
-100
-54
-96
-88
-93
-132
-124
-144
-109
-73
-81
-112
-65
-72
-125
-164
-147
-108
-157
-195
-132
-166
-161
-103
-133
-69
-148
-148
-128
-98
-139
-111
-124
-204
-130
-136
-155
-133
-145
-129
-88
-88
-111
-113
-155
-117
-117
-97
-80
-78
-78
-98
-107
-76
-99
-99
-61
-85
-117
-124
-104
-109
-121
-182
-206
-147
-135
-124
-97
-93
-110
-174
-101
-107
-57
-83
-84
-80
-106
-122
-80
-34
-87
-59
-119
-138
-110
-59
-105
-105
-112
-135
-130
-122
-96
-108
-90
-91
-61
-77
-86
-116
-103
-56
-78
-70
-97
-81
-58
-40
-84
8
8
-7
-41
-49
-96
-94
-22
-44
-54
-76
-48
-76
-43
0
-80
-36
-70
-34
-46
-116
-72
-74
-35
2
-10
-3
13
27
-13
5
-14
-31
-16
-27
-19
-44
-8
-62
-51
-35
-11
12
-35
-50
-35
6
-32
-22
0
-67
-104
-86
50
82
-100
-175
118
137
-117
78
202
124
85
173
167
80
205
186
160
343
2801
2882
-12
-1521
-312
128
-2422
-1965
-1732
-1596
-546
1438
2713
914
-77
-786
378
776
-220
-514
-93
724
427
480
386
83
150
633
815
-88
-37
-608
-1093
-1046
-753
-464
-826
-383
-636
42
1418
691
-1569
-859
1419
1330
-532
849
360
-423
-865
-806
-75
-915
415
1358
670
969
409
116
-153
-336
100
-311
261
-468
-138
-395
-1430
-799
-416
466
746
513
627
-49
-289
-689
-1020
-238
509
738
678
449
665
494
-731
-82
288
642
218
-33
1117
275
-879
-518
-21
219
55
362
511
-143
-143
280
-118
-10
465
-63
21
60
900
160
-531
289
8
22
371
592
666
335
276
721
474
415
1672
2086
1351
1079
2211
1698
384
1511
2830
2976
3267
4584
5212
4981
7903
10158
10771
9955
9418
9921
11086
17705
29130
22337
2860
-8552
-10078
-13268
-17853
-16635
-12973
-2755
9107
15746
15619
13367
8882
417
-5597
-7490
-7627
-10862
-14794
-17565
-12791
-6971
-5210
-5852
-7878
-11145
-12621
-8412
-1254
5027
6810
7462
8309
9578
11357
11129
8634
5365
-231
-4479
-2688
1596
5323
10013
21723
32381
24867
10075
-1666
-9692
-5962
836
2437
-1730
-7779
-7781
-5522
-6915
-6121
-2523
-8632
-13903
-12812
-11300
-9673
-9061
-8158
-7519
-7385
-6930
-6293
-6042
-5387
-3375
-1459
-574
-587
-239
917
593
54
-146
-1051
-2104
-2707
-2503
-1963
-2305
-2951
-2701
-2279
-1627
-1712
-1032
-377
-959
-1332
-856
139
589
-596
-1599
-727
-648
-2048
-2649
-2027
-1428
-1598
-1493
-780
-875
-1287
-1232
-1049
-1060
-1139
-1014
-1217
-1486
-1518
-1689
-1261
-128
610
298
308
1090
1088
995
923
590
547
314
-147
-101
-7
25
338
696
1529
1823
709
26
178
138
51
26
680
740
349
861
1156
1057
498
20
-94
-526
-980
-927
-855
-915
-1094
-392
352
-567
-808
-578
-879
-907
-1361
-1378
-508
-985
-1338
-866
-1136
-980
-1651
-1528
-263
-404
45
8
-533
124
-224
-697
-273
-292
306
358
-565
-162
-784
-1513
-1651
-1570
-500
-151
20
570
640
490
337
172
177
357
239
359
-13
222
816
503
196
490
1287
1755
1651
1589
1516
1244
794
332
699
1140
861
549
539
785
888
496
196
223
89
342
765
796
627
314
301
401
56
-194
-82
121
19
-131
-121
13
-423
-622
-463
-288
53
-105
-277
44
669
928
1610
2192
2527
2570
2842
3170
2703
1469
131
-651
-1178
-1452
-2019
-2587
-2902
-3561
-3895
-3758
-3194
-2777
-2593
-2638
-2761
-2546
-2669
-2860
-3468
-4302
-3733
-2898
-2547
-2750
-2699
-1881
-1478
-1306
-1037
-30
-258
-825
-2817
-1988
4063
8686
7451
388
-3389
134
3572
3339
3471
5375
5337
1841
1034
3085
3422
837
-622
2464
6020
5808
3109
427
-1177
-2062
-903
1702
3609
2706
53
-1357
-1388
-1416
-2088
-3098
-3241
-2956
-2306
-1643
-2270
-3981
-5279
-4477
-2220
-17
1406
1513
571
-724
-826
322
827
855
1181
2484
5189
6893
6083
2838
323
875
2911
4381
4058
2271
-78
-1948
-2189
-1320
-767
-931
-950
-105
576
497
-850
-2792
-3569
-2524
-361
1179
1160
-4
-1307
-1842
-1211
-85
931
1069
900
1204
1567
1537
978
-53
-590
550
1739
1970
1004
121
189
144
120
-27
-448
-2071
-4210
-5115
-4563
-3265
-1089
1329
1996
730
-2542
-7247
-9210
-6638
-4747
-7841
-10883
-6310
-745
-3503
-5117
-983
3645
5563
4128
4728
9801
14215
13205
8891
8740
8801
5982
1366
-2711
-5417
-6620
-6076
-5490
-5070
-5364
-6273
-5378
-2258
-923
-1478
-1853
-2443
-3399
-2978
-266
2457
2599
1497
1742
2887
3572
3191
1656
-351
-1698
-1309
434
1942
2353
2063
1703
17
-1759
-1875
-653
1059
2679
4413
5848
6010
5444
4979
4348
3437
2062
491
-969
-1878
-2018
-1901
-1978
-2398
-2766
-2912
-2818
-2189
-1207
-233
261
307
336
123
-227
-190
315
386
333
426
25
414
388
-10
100
787
1861
2057
2296
2599
3426
2935
1870
997
347
11
-390
-418
205
692
449
1466
3476
5667
6107
6360
7377
9223
11097
13157
17451
26519
32347
23751
8306
-3038
-1630
8961
15457
5919
-6191
-3834
-2207
-5553
-10757
-15546
-18070
-19147
-18023
-18005
-16679
-12999
-9151
-7181
-6527
-6425
-6818
-7854
-8208
-6048
-2350
700
2034
1321
-484
-1832
-2378
-3012
-3766
-3975
-3174
-1520
162
838
329
-743
-1153
-374
982
2046
2061
1142
-332
-1348
-1042
133
953
865
524
246
38
-268
-718
-1313
-1693
-1437
-301
879
1600
2106
2183
1516
135
-1031
-1201
-565
500
1225
904
-569
-2132
-2832
-2612
-2012
-1315
-596
23
347
430
25
-845
-1413
-955
55
931
1400
1566
711
-841
-1143
-28
827
596
1275
1394
577
261
1015
1342
591
24
423
1227
1340
735
-273
-697
-822
-250
790
1485
1458
24
-1473
-1255
248
568
-477
-1327
-1660
-2380
-2444
305
4443
5495
409
-6247
-6362
-1024
3786
4248
2000
-3647
-6056
-4230
-1433
3376
4355
2034
2401
7558
11561
11307
7247
1184
-3091
-3009
-395
1478
1334
-715
-2818
-3403
-2597
-1628
-1315
-1822
-2478
-2183
-1063
8
174
-944
-2014
-1607
-202
1151
1652
751
-1100
-2262
-1637
214
1731
1956
1122
83
-565
-661
-590
-710
-1026
-1002
-345
508
1102
1287
1250
1041
676
373
158
23
-36
-64
-318
-875
-1442
-1704
-1675
-1681
-1623
-1436
-1001
-445
-49
-60
-298
-504
-284
71
209
217
223
-281
-616
-34
296
325
-40
452
1096
968
978
1718
1867
1334
1012
1284
1410
638
-83
9
1031
1598
1803
1941
2337
1961
1001
644
1004
1441
1175
176
-832
-1822
-4064
-4536
-864
4720
7218
2894
-4346
-6833
-3571
1798
6361
8095
5604
2178
39
853
3859
5551
3780
1935
2034
1646
-144
-4005
-6922
-4035
647
3434
4788
4945
2551
-1233
-3872
-4404
-3835
-3872
-4883
-5999
-6025
-4907
-3573
-3082
-4066
-5057
-4439
-2158
322
1449
779
-886
-2107
-1935
-643
793
1294
1095
781
642
685
712
452
61
-100
408
1324
1924
1933
1486
1123
1002
1049
956
571
155
-31
-109
-238
-633
-1089
-1420
-1507
-1207
-908
-569
-246
59
264
211
15
-208
-171
-254
-321
-82
244
379
182
323
758
519
711
1040
1158
1848
2442
2716
2359
2408
2302
1875
1436
738
297
221
572
491
254
-156
-867
-1638
-2342
-2538
-2628
-2384
-1722
-973
-1129
-330
3360
8838
10284
5575
-2462
-5690
-2745
1877
3951
1755
-2113
-3268
-1938
-283
-3084
-9999
-12480
-7760
422
7901
9539
6520
2297
-1920
-1630
2583
6041
6250
3766
555
-1207
-823
234
295
-863
-2142
-1800
-629
-743
-2363
-4628
-6253
-6024
-3857
-1217
99
-450
-2117
-3453
-3293
-1508
661
1787
1728
1107
474
181
201
175
-15
-222
-14
757
1238
1263
1045
858
1067
1821
2579
2564
1635
466
-134
-48
255
343
-49
-721
-1082
-847
-477
-325
-350
-133
316
863
1213
1073
404
-443
-821
-690
-300
95
138
-396
-811
-1088
-440
239
-56
-256
597
1777
2068
1270
-37
-767
-965
-830
91
1202
1328
45
-1625
-2322
-2103
-1774
-1466
-1808
-2025
-2133
-2708
-1238
4147
9810
9813
3059
-3572
-1763
6511
13257
11775
3737
-6532
-7018
2877
10019
10577
8799
7901
7732
5523
-40
-6383
-10508
-12196
-10946
-7457
-3232
-647
-1044
-4060
-6925
-7268
-4718
-1603
172
-44
-1061
-1671
-1450
-1242
-1694
-3037
-3885
-2955
-687
1171
1234
-432
-2391
-3136
-1750
856
2776
2895
1634
227
-534
-453
207
913
1213
1079
1146
1337
1235
683
458
850
1818
2479
2098
661
-837
-1400
-888
-26
281
-106
-674
-1148
-1451
-1546
-1539
-1135
-379
384
740
331
-259
-680
-694
-335
310
776
870
358
180
22
-557
-973
-692
10
782
1374
1362
1070
584
513
815
724
688
1222
2044
2178
1799
1584
1502
1505
1978
3150
4040
3066
5906
15078
20592
11822
-68
-9849
-9967
-6092
1772
21833
19188
-1969
-15467
-13094
-3989
4721
9277
5328
-2809
-8528
-1837
12769
17076
9399
-2413
-7254
-3658
-1582
-3519
-7129
-11167
-13857
-12882
-9066
-4601
-2089
-2388
-3525
-3608
-2960
-2318
-1693
-1272
-639
495
1164
377
-1622
-3739
-4691
-4041
-1745
1113
2589
1869
188
-1293
-1724
-785
858
2172
2474
2120
1700
1358
869
571
952
2256
3734
3806
1664
-1403
-3182
-2334
-235
1230
1095
-234
-1742
-2559
-2665
-2426
-1900
-885
359
1073
610
-698
-2035
-2550
-1803
-88
1458
2000
1370
42
-1530
-2510
-2266
-879
358
950
870
196
-654
-1628
-1979
-1683
-804
341
975
408
-1136
-2773
-3294
-2968
-2122
-2006
-2386
-3375
-4052
-475
7314
12803
8608
-2901
-9898
-3826
8313
14785
11483
4582
37
1083
5061
8675
9670
9880
12006
14816
15852
14183
5925
-1969
-4342
-1894
5879
12038
9576
2205
-1771
-5752
-11343
-11642
-9441
-11762
-16245
-17840
-15424
-10965
-7029
-4709
-4283
-4489
-4629
-4631
-4191
-3855
-4337
-4513
-2967
413
3669
4317
2280
-114
-769
1102
4299
6713
6851
4940
2372
958
931
1686
3350
5247
5830
4807
2741
516
-1146
-1952
-1699
-1266
-1321
-1796
-2388
-3367
-4249
-4140
-2683
-686
671
917
-84
-1853
-3148
-2965
-1644
-112
971
1142
338
-848
-1518
-1379
-911
-313
418
957
1098
752
-279
-1727
-2684
-2055
-464
332
-257
-1708
-3019
-3733
-3416
-2877
-2382
-2594
-3379
-4989
-6091
-1858
6996
12354
6066
-6718
-11936
-2606
10498
15202
9538
1990
-1369
602
4736
8324
8882
7320
6312
6677
6460
4712
1768
-1010
-2050
-142
4198
7223
5769
544
-4155
-7015
-5489
870
8124
6468
-4766
-11778
-13499
-10512
-6412
-4751
-3928
3395
10041
10392
9673
8243
5425
1885
401
1194
1493
-939
-5110
-7948
-8108
-6219
-3459
-1478
-1433
-2618
-3370
-2505
-1091
356
2385
4625
5008
2373
-1615
-3971
-3010
-155
2343
2518
359
-2367
-3981
-4311
-3669
-2363
-553
1056
1318
32
-1742
-2969
-2608
-523
2094
3687
3344
1318
-1144
-2883
-3010
-1665
-169
568
522
-43
-894
-1772
-2494
-2446
-1683
-522
-74
-970
-2917
-4189
-4451
-3729
-2971
-2130
-2609
-4001
-6833
-7846
-1563
9155
13190
3376
-11151
-13866
-920
12217
14246
6949
164
-2189
-258
3225
6858
7438
5629
4527
5205
5597
4849
2874
609
-430
1499
6216
9000
5870
-1167
-6211
-5347
-391
3495
2861
-948
-5076
-6619
-4989
-1277
2085
4038
1422
-4065
-8301
-11175
-13723
-13581
-5537
6735
16535
29267
28846
5816
-5886
-7490
-7516
-4604
-838
1158
-1999
-4859
-3893
-561
3173
6150
7452
6899
5132
3640
2696
1707
202
-1437
-2925
-4057
-4967
-5731
-6310
-5989
-4478
-2578
-1185
-963
-2117
-3570
-3999
-2950
-895
712
817
-338
-1876
-2738
-2232
-788
614
1480
1714
1683
1475
767
-314
-1277
-1550
-946
-307
-506
-1508
-2797
-3308
-2975
-2225
-2076
-2564
-4395
-6263
-8452
-5656
3525
12267
9123
-4829
-14945
-8196
7207
15198
11320
3711
-672
-1253
446
3828
6890
6634
4438
3143
2964
2625
1526
-259
-1649
-1220
1741
4976
3804
-2151
-7916
-8359
-3756
1458
2723
237
-3800
-6751
-6844
-3956
-492
1215
195
-1475
-2183
-2163
-2011
-1654
-1306
-795
336
1991
2776
1233
-1363
-2070
11
2967
5196
5266
3453
847
-420
1169
4050
5909
5303
2344
-1248
-2683
-1524
289
448
-323
-779
-832
-499
267
666
754
967
1399
1488
483
-1817
-3890
-4583
-3293
-549
1866
2475
1759
1061
1275
2046
2340
1428
-212
-1611
-2048
-1869
-1705
-1628
-1343
-922
-447
-764
-1781
-3291
-4089
-4031
-3070
-2666
-2664
-3893
-5047
-7034
-7087
-44
10720
13488
1816
-13284
-14099
1189
14150
14162
5759
-432
-2543
-1916
652
5380
7644
5732
2912
1810
1682
1361
270
-775
-788
1000
4248
4757
86
-6388
-8657
-5009
889
3562
1651
-2670
-6716
-8083
-5796
-1565
1362
1022
-1516
-3145
-3255
-2522
-1327
62
1125
1798
2399
3117
2541
439
-737
741
3655
5666
5565
3583
867
-687
604
4213
7210
6575
2381
-2093
-3097
-215
3481
4931
3684
1483
-28
-458
-386
-579
-1202
-1512
-882
-96
-187
-1315
-2567
-2733
-1192
1422
3203
2802
749
-953
-945
315
1400
1097
-340
-1921
-2595
-2426
-2009
-1873
-1869
-1827
-1727
-1927
-2718
-3962
-4927
-5234
-4475
-3988
-3793
-5215
-6845
-9582
-7600
2407
13182
11444
-3736
-16457
-10645
6577
16089
12361
3625
-1467
-2857
-1679
2262
7364
8277
4963
1722
866
1379
1293
4
-1075
-643
1894
4785
3474
-2157
-7246
-6948
-1794
3305
3798
411
-4352
-7612
-7529
-3911
323
2127
93
-3110
-4398
-3856
-2345
-768
260
688
848
1313
1674
697
-827
-615
1792
4479
5584
4568
2142
-34
-122
3021
7130
8010
4310
-849
-2978
-783
2651
4058
2606
-51
-1747
-1680
-889
-290
-67
175
847
1444
1220
338
-935
-1732
-1062
814
2385
2121
288
-1185
-922
1086
3298
3815
1939
-631
-2280
-2582
-2065
-1500
-1142
-855
-906
-1353
-2469
-3744
-4429
-4452
-4295
-4344
-4551
-5440
-6551
-8972
-5710
4708
13297
7470
-8870
-17643
-6593
10197
15630
8799
475
-3110
-3493
-1603
3405
8482
8084
3781
269
-270
1013
1601
687
-153
339
2790
4211
1137
-4594
-7728
-5193
458
3976
2564
-1633
-5877
-7841
-6088
-1606
2171
2513
-856
-4014
-4713
-3408
-1347
476
1186
909
482
580
650
-98
-556
800
2987
4374
4145
2579
633
-229
1384
5235
7914
6357
1653
-2309
-2229
1080
4166
4435
2049
-980
-2292
-1891
-813
88
412
438
538
315
-381
-1217
-1756
-1250
230
1554
1437
-624
-3365
-4699
-3512
-382
2665
4015
3733
2615
1421
813
553
-111
-1034
-1994
-2689
-3271
-3820
-4242
-4359
-4156
-4061
-4097
-5050
-6007
-7859
-4205
6359
14484
7954
-9087
-17935
-6303
11129
16539
9420
1293
-1497
-1254
494
5021
9919
9189
3952
-713
-1432
401
1252
51
-860
-401
1802
2828
-239
-5265
-7688
-4751
797
3880
1827
-2680
-6637
-7993
-5825
-1145
2634
2545
-1584
-5297
-5762
-3821
-1250
547
976
334
-447
-519
-282
-525
-465
1025
3073
4229
3623
1660
-87
-807
1375
5343
7882
6406
1756
-2765
-3248
59
4085
5199
2717
-1182
-3398
-3168
-1365
425
923
412
-302
-912
-1192
-1502
-1740
-1357
-300
866
960
-522
-2508
-3316
-2148
198
1833
1377
-621
-2406
-2686
-1267
398
1001
421
-1086
-2332
-3008
-2609
-2038
-1685
-2205
-2673
-3761
-4447
-6685
-6288
2389
13040
11970
-3380
-16539
-9633
9684
19368
13880
3750
-700
-1282
-678
2411
8220
9633
4746
-946
-2362
530
3033
2552
1073
693
1675
2574
333
-4087
-7059
-5368
-382
3236
1807
-2600
-6544
-8023
-6457
-2247
1802
2348
-1696
-6125
-6741
-4132
-980
947
1212
313
-902
-1236
-394
229
587
1679
3141
3849
3367
1748
453
229
1951
5488
7441
5956
2148
-1553
-2336
-48
3281
4812
3070
-607
-3485
-3910
-2153
260
1282
570
-813
-1926
-2321
-2149
-1798
-996
-252
-23
-380
-1481
-2642
-2915
-1833
15
1120
509
-1108
-2368
-2334
-1012
372
749
121
-1181
-2544
-3319
-3242
-2377
-1859
-2538
-3630
-5103
-6114
-7721
-3584
7780
15219
6717
-11711
-18597
-3256
15633
18455
7384
-2218
-3818
-2287
106
5584
11492
10038
2628
-3076
-2119
2239
3735
1912
541
824
2218
1707
-1844
-5709
-6428
-2687
2019
3054
-672
-5430
-8110
-7573
-3828
1218
4058
2010
-3380
-6123
-4216
-250
2617
3141
1859
29
-1281
-932
588
1682
2127
2645
3081
3002
1961
443
-35
729
3339
6140
5882
2622
-1107
-2584
-1070
1646
3537
3240
472
-2879
-4295
-3189
-638
1278
1166
-228
-1727
-2403
-1867
-1039
-265
427
582
20
-1137
-2104
-2210
-1415
-146
801
584
-864
-2379
-2687
-1499
289
1008
111
-1462
-2670
-2908
-2722
-2526
-2316
-2684
-3304
-4673
-5921
-7802
-3488
8512
15720
6239
-12979
-19136
-2274
16891
18660
6520
-3221
-4218
-2623
-340
5623
12426
10961
2184
-4622
-3061
2756
4917
2758
1123
1261
2213
1017
-2322
-5033
-4766
-1149
2774
3004
-1156
-5768
-8039
-6998
-3034
1774
3880
860
-5146
-7718
-5119
-192
3076
3231
1490
-567
-1716
-1083
946
2651
3465
3541
3166
2691
1736
630
662
2121
5115
7221
5924
2064
-1788
-2811
-359
3252
5127
3417
-890
-4701
-5197
-2498
1046
2554
1055
-1560
-3335
-3138
-1635
-297
427
395
-310
-1323
-2411
-2846
-2170
-689
584
899
-55
-1902
-3077
-2742
-804
1256
1593
-105
-2447
-3899
-3441
-2366
-1468
-1788
-2875
-4567
-5824
-7206
-6208
3780
14696
12185
-5638
-20064
-11276
11089
20983
12286
-914
-5022
-3222
-1274
2756
10446
13360
6130
-3491
-5679
415
5583
4473
1621
922
1622
1325
-1597
-4204
-4540
-1941
1606
2965
225
-4363
-7364
-7493
-4294
630
3851
2623
-3250
-7893
-6676
-1628
2936
3915
2151
-218
-1923
-2129
-277
2332
3934
3961
2857
1903
1537
933
954
2058
4554
7178
6432
2734
-1081
-2307
-236
3000
4846
3870
266
-3326
-4436
-2559
628
2649
1668
-1116
-3189
-3282
-1624
-54
489
131
-908
-1904
-2487
-2547
-1969
-949
-28
156
-626
-1980
-2716
-2128
-527
1044
1195
-385
-2288
-3413
-2862
-1686
-971
-1610
-2984
-4997
-5986
-7013
-5516
5180
15718
11842
-7539
-21687
-10715
13191
22621
12189
-2137
-6311
-3942
-1431
3471
12021
14563
5727
-5260
-7079
759
6643
5157
1872
1137
1734
588
-2783
-4778
-3824
-670
2194
2723
-618
-5264
-8155
-7763
-3688
1573
4348
1857
-4836
-9200
-7062
-919
3978
4225
1407
-1590
-2967
-2405
236
3210
4545
3842
1956
937
1068
1162
1581
3042
5814
7711
5773
836
-3105
-2529
1958
5922
5729
1921
-2716
-5285
-4186
-556
2799
3362
333
-3453
-4871
-3229
-314
1265
970
-362
-1756
-2825
-3170
-2409
-912
565
934
-9
-1640
-3006
-2908
-1181
982
2056
893
-1585
-3629
-3847
-2576
-928
-665
-1703
-4047
-6280
-7922
-6451
4929
16568
13144
-6806
-22221
-11973
12594
23092
12380
-2549
-6557
-3509
-1143
2821
11084
14534
5873
-5765
-7790
869
7535
5397
803
103
1715
1077
-2373
-4529
-3425
-486
1793
2114
-576
-4564
-7206
-7100
-3432
1292
3753
1513
-4537
-8566
-6547
-703
3899
4021
1047
-1912
-2978
-2232
360
3278
4434
3504
1412
455
1045
1540
1944
3332
5831
7257
4970
334
-2718
-1512
2675
5946
5262
1207
-3265
-5279
-3584
172
3111
2923
-487
-4163
-5133
-3028
52
1553
872
-1003
-2797
-3537
-3248
-2087
-544
582
252
-1077
-2400
-2985
-2223
-657
987
1563
107
-2392
-3987
-3618
-2043
-753
-1219
-2845
-5274
-6932
-8252
-1945
11776
17135
3976
-17469
-20303
1150
21383
19668
3539
-6641
-5346
-1768
858
7263
14617
11349
-1131
-9230
-4157
6211
8283
3063
-645
246
1530
-752
-3800
-3912
-1200
1193
1722
44
-3491
-6181
-7101
-4938
-536
2935
2787
-2178
-7924
-8311
-3089
2961
4959
2458
-1273
-3216
-2808
-453
2992
5060
4748
2241
126
419
1811
2868
3573
4976
6974
6673
2787
-1827
-2676
1155
5907
6866
3276
-1762
-5060
-4596
-1071
2701
4089
1507
-3040
-5601
-4275
-664
1907
1673
-293
-2233
-3364
-3370
-2408
-947
369
509
-697
-2289
-3244
-2739
-1093
639
1277
319
-1861
-3770
-4056
-2804
-1117
-1018
-2600
-5313
-7089
-8245
-1696
11780
16534
3120
-18060
-19992
2043
21973
19347
2218
-7962
-5783
-1416
1352
7398
14462
10936
-1735
-9866
-4431
6472
8687
3497
-355
26
906
-1337
-3859
-3184
-498
1420
1431
-460
-3836
-6352
-6915
-4273
114
2876
2091
-2910
-7957
-7804
-2599
3226
4801
1820
-2056
-3738
-2958
-424
2846
4720
4310
1732
-622
-336
1157
2711
3410
4418
6879
6580
2397
-2592
-3389
1246
6411
7191
2965
-2673
-5841
-4651
-584
3158
4279
1138
-3705
-6214
-4569
-120
2570
1718
-1033
-3312
-3764
-3250
-2305
-1133
-2
211
-931
-2519
-3475
-2711
-1141
545
1462
588
-1867
-4124
-4522
-2604
-658
-554
-2736
-5533
-7982
-6370
5785
16881
11896
-8928
-22604
-9155
15890
24106
10260
-5683
-8004
-2692
874
4820
12452
14343
3776
-8353
-8638
2959
10430
6761
392
-1272
529
132
-2616
-3301
-1191
1108
1450
351
-2389
-5245
-6664
-5581
-1452
2080
2847
-571
-6349
-8853
-5385
1172
5099
3516
-990
-4042
-3825
-1562
1728
4228
4606
2596
-328
-1045
580
2443
3510
3660
5114
6448
4322
323
-2421
-885
3491
6297
5116
666
-3819
-5232
-2795
1154
3787
2944
-1351
-5125
-5534
-2196
1648
2259
69
-2653
-3970
-3543
-2379
-1294
-614
-603
-1443
-2332
-2937
-2732
-1677
-589
286
233
-1223
-3003
-3929
-3088
-1742
-1466
-2813
-4813
-6851
-6588
3805
15483
13061
-6053
-21929
-11702
13382
24455
12462
-4521
-8497
-3190
699
3999
11436
14858
5582
-7625
-10180
1070
10336
7762
894
-1659
-3
54
-2784
-3737
-1294
1278
1524
121
-2476
-5123
-6608
-5814
-1858
1930
2903
-260
-6074
-8994
-5918
642
5195
3995
-675
-4139
-4253
-1975
1361
4152
4882
3123
-295
-1614
-131
2275
3788
4185
4947
5464
3918
1181
-743
-296
2481
5143
5111
1828
-2588
-4662
-2963
623
3481
3154
-591
-4434
-5392
-2744
1022
2537
1046
-1899
-4284
-4476
-2853
-950
102
-310
-1642
-2846
-3233
-2697
-1638
-719
-71
-18
-1161
-2667
-3701
-3449
-2463
-1973
-2733
-4355
-6424
-6289
3664
14894
12335
-6255
-21253
-10848
13879
24174
11681
-5157
-8601
-2608
1429
4381
11249
14457
5350
-7480
-9670
1640
10808
8001
866
-1726
166
369
-2474
-3429
-803
1870
1787
-156
-3023
-5256
-5938
-4725
-1200
1755
2264
-671
-5864
-8447
-5460
854
5094
3509
-1371
-4476
-3936
-1467
1481
3705
4316
2711
-430
-1728
-188
2205
3712
3704
4278
5400
4209
1065
-1560
-848
2932
5934
5201
1195
-3223
-4696
-2413
1264
3749
3038
-870
-4563
-5134
-2088
1781
2731
684
-2315
-4155
-3801
-2222
-813
-102
-470
-1793
-2865
-3195
-2494
-1389
-672
-203
-300
-1359
-2782
-3727
-3227
-1843
-1395
-2792
-5067
-6857
-6396
3397
15009
13230
-4990
-21427
-12879
12278
24988
13803
-4270
-9458
-3488
1452
4384
10694
14451
6347
-6741
-10395
243
10567
8779
1206
-2266
-408
484
-2057
-3594
-1473
1320
1734
61
-2916
-5473
-6311
-5192
-1567
1537
2141
-595
-5747
-8588
-5920
311
4947
3958
-883
-4470
-4290
-1692
1433
3692
4316
3083
83
-1524
-458
1768
3602
3987
4793
5337
3532
420
-879
894
3673
4891
3542
804
-1950
-3145
-1769
682
2691
2342
-679
-3772
-4346
-1768
1465
2169
347
-1947
-3290
-3185
-2174
-1021
-89
-162
-1528
-2850
-3256
-2361
-1043
-398
-394
-761
-1636
-2792
-3456
-2921
-1678
-1528
-3097
-5528
-7037
-6720
2349
14520
14286
-3032
-21127
-15163
9895
25149
15911
-2826
-9797
-4325
1202
3942
9827
14673
8038
-5237
-10734
-1512
9610
9470
2466
-1612
-406
420
-2107
-3917
-1799
1519
2544
860
-2588
-5849
-6888
-5455
-1435
2004
2564
-239
-5539
-8836
-6462
19
5240
4605
-544
-4616
-4542
-1661
1498
3720
4331
3241
405
-1448
-456
1801
3685
4105
4620
5318
3442
669
-62
1238
3087
3819
3324
1667
-1054
-2989
-2475
-224
2094
2403
-329
-3514
-4442
-2377
867
2017
681
-1587
-3608
-3950
-2706
-943
279
-156
-1841
-3323
-3572
-2472
-942
-317
-487
-1029
-1974
-2982
-3432
-2927
-1809
-1807
-3266
-5331
-6770
-7257
771
13670
15271
-1004
-20801
-17447
7621
25291
17695
-1791
-10194
-4870
1052
3551
9056
14698
9287
-4131
-11166
-3062
8954
10053
3194
-1560
-788
415
-1789
-4004
-2309
1245
2872
1395
-2308
-5995
-7022
-5368
-1562
1660
2368
178
-4889
-8841
-7151
-743
5108
4961
-228
-4549
-4631
-1819
1324
3632
4448
3480
603
-1482
-644
1732
3837
4444
4931
5818
3999
498
-1028
670
3879
5401
4118
1105
-2185
-3596
-2075
676
2628
2480
-505
-3924
-4902
-2610
1120
2465
822
-1807
-3759
-4034
-2866
-1187
156
210
-1312
-3078
-3838
-2973
-1119
35
57
-472
-1616
-2980
-3676
-3187
-1560
-1132
-2471
-5113
-6909
-8107
-1787
11924
17030
3525
-18717
-21285
1967
24048
21370
1733
-10330
-6816
102
3189
7759
14140
11110
-1581
-10755
-5454
7077
10518
4646
-884
-1092
405
-1113
-3722
-3085
183
2715
2295
-1034
-5484
-7385
-6162
-2433
1298
2460
821
-4003
-8628
-8051
-2096
4399
5308
653
-4153
-4952
-2537
587
3190
4199
3626
1118
-1207
-929
1128
3277
4296
4896
5905
4928
1672
-1273
-1192
2282
5954
6162
2510
-2314
-4869
-3180
759
3715
3659
174
-4005
-5447
-3116
1004
3083
1649
-1441
-3835
-4186
-2865
-1334
-116
181
-741
-2336
-3603
-3512
-1991
-382
440
128
-1270
-3033
-4009
-3689
-1964
-943
-1736
-4553
-7006
-8919
-3247
11044
17678
5473
-17713
-22774
-477
23105
22335
2951
-10206
-7352
-258
2700
6828
13538
11674
-439
-10406
-6179
6234
10422
4944
-830
-1113
647
-629
-3595
-3604
-502
2482
2543
-800
-5638
-7639
-6355
-2580
885
1945
665
-3738
-8455
-8251
-2518
3958
5119
434
-4327
-5078
-2519
502
2917
3750
3292
1121
-1023
-771
956
2796
3891
4756
5915
4537
1257
-324
428
2701
4438
4516
2542
-734
-3143
-2705
-135
2332
2918
554
-2954
-4462
-2979
283
1995
1006
-1184
-3167
-3910
-3178
-1737
-448
-100
-1190
-2738
-3541
-3112
-1736
-649
-328
-507
-1406
-2778
-3524
-3288
-1952
-1513
-2297
-4520
-6291
-8486
-4799
9006
17905
8654
-14959
-24489
-4811
21384
24850
6152
-9782
-8996
-1226
2632
6306
13010
12642
1321
-9751
-7779
4512
10627
6458
194
-1454
-26
-503
-2951
-3413
-822
2314
3109
76
-5416
-8042
-6597
-2502
1130
1988
940
-3099
-8189
-8853
-3404
3760
5817
1237
-4175
-5442
-3005
124
2762
3816
3429
1166
-1296
-1058
799
2744
4052
4795
5641
3931
1119
149
922
2601
3903
4284
2796
-234
-2855
-2722
-280
2218
2958
666
-2795
-4390
-3079
99
1983
1264
-877
-3100
-4029
-3352
-1780
-432
-72
-1142
-2870
-3722
-3280
-1655
-539
-341
-655
-1646
-2863
-3400
-3023
-1871
-1620
-2340
-4350
-6095
-7999
-6532
5807
17108
12189
-10183
-25148
-10637
17069
26385
10406
-7984
-10241
-2742
1913
4849
11579
13704
3988
-8266
-9486
1931
10076
7508
1345
-1143
-364
-765
-2899
-3454
-1281
1710
3024
1142
-4209
-8100
-7394
-3362
1046
2231
1104
-2286
-7194
-8957
-4800
2401
5939
2539
-3263
-5670
-3767
-533
2451
3997
3725
1680
-941
-1202
354
2231
3770
4884
5949
4737
1575
-368
190
2278
4361
5239
3656
61
-3288
-3485
-399
2929
3950
1460
-2651
-4806
-3514
-98
2332
1950
-555
-3318
-4630
-4003
-2260
-788
-417
-1333
-2990
-4018
-3836
-2399
-897
-229
-376
-1216
-2541
-3423
-3237
-2166
-1209
-1560
-3134
-5381
-7047
-8232
87
13976
16942
123
-21734
-19450
6553
25914
18555
-1592
-10458
-5512
273
2852
8836
14821
9189
-4225
-11055
-2949
8156
9114
3314
-509
-285
-390
-2539
-3605
-1813
1015
2402
1860
-1695
-6474
-8086
-5583
-536
2423
1935
-1042
-5673
-8708
-6656
-347
4961
4288
-944
-5179
-5029
-2167
1217
3696
3977
2438
-364
-1705
-504
1432
3191
4358
5800
5832
3125
-560
-1976
897
5220
7095
4507
-428
-3862
-3826
-559
2999
4223
2082
-2175
-4983
-4233
-620
2492
2519
-113
-2905
-3959
-3439
-2244
-1038
-229
-306
-1715
-3393
-3982
-3074
-1385
-197
82
-808
-2452
-4048
-4315
-2965
-1086
-848
-2497
-5606
-7098
-8627
-3599
10340
18114
6969
-17195
-24397
-2478
23128
23696
3521
-10703
-7841
-358
2151
5669
13410
12838
467
-10957
-7291
5882
10558
4712
-791
-190
1271
-1520
-5066
-3817
899
3660
2461
-1274
-5641
-7381
-6304
-2420
1706
3026
898
-4387
-9083
-8034
-1629
4512
4850
94
-4276
-4631
-2535
11
2672
4206
3770
987
-1656
-1216
992
2949
3992
4867
6001
4215
402
-1813
24
4157
6498
4959
843
-2515
-3327
-1436
1484
3317
2903
-384
-4035
-4897
-2225
1523
2626
621
-2261
-3811
-3763
-2864
-1713
-608
-174
-1198
-3172
-4228
-3556
-1648
-313
-16
-581
-1747
-3271
-3898
-3152
-1266
-553
-1823
-4431
-6414
-7342
-7193
2872
15748
15698
-4449
-24817
-17060
12133
28645
15971
-6260
-12514
-4154
2487
4123
9390
14357
7679
-6276
-11761
-1029
10495
9507
1349
-2140
317
1298
-2396
-4862
-2273
2568
4211
1762
-3544
-7568
-7609
-4317
430
2959
2380
-1499
-7214
-9890
-5771
2097
6625
3530
-2996
-6205
-4115
-481
2385
3966
4226
2683
-327
-1607
104
2655
4278
4419
4590
4835
3447
339
-1589
529
5138
7251
3866
-1696
-4749
-3406
442
3231
3367
822
-3102
-5450
-4273
-222
3070
2622
-942
-3944
-4430
-2856
-1190
-394
-247
-761
-2236
-3590
-3799
-2695
-972
-8
111
-863
-2405
-3896
-3912
-2422
-344
-178
-2186
-5633
-7395
-8376
-3969
9394
18281
9061
-15251
-25700
-5895
22157
26495
6299
-11485
-9985
-493
3549
5633
12104
13154
2207
-10408
-8850
4843
11791
6302
-1202
-1442
1508
74
-4355
-4690
-281
3798
3515
-414
-5757
-8300
-7047
-2532
2004
3298
1023
-4154
-9188
-8996
-2804
4558
6285
911
-5275
-6460
-3014
606
2939
3632
3254
953
-1826
-1931
533
3151
4197
3685
3258
3261
2143
812
658
2394
4686
4779
2240
-863
-2347
-1292
1033
2599
2364
246
-2853
-4196
-2700
647
2804
1685
-1261
-3504
-3749
-2354
-705
163
-27
-1329
-2906
-3510
-2800
-1562
-670
-507
-722
-1346
-2517
-3465
-3217
-1957
-817
-1493
-3375
-5806
-7029
-7908
-1331
12023
17017
2719
-20253
-22212
2624
25831
21854
-354
-13050
-7419
1437
4200
7174
12980
10559
-2101
-11719
-5408
8093
11429
3910
-2277
-1048
1377
-955
-4481
-3351
1191
3830
2374
-1850
-6499
-7928
-5860
-939
2795
2836
-519
-5885
-9524
-7440
-462
5843
5348
-1094
-6497
-5994
-1727
1885
3556
3647
2694
79
-2101
-1275
1669
4077
4368
3317
2554
2415
2222
1260
995
2653
5101
4816
1158
-2439
-2756
39
2796
3215
1383
-1508
-3789
-3922
-1561
1612
2819
786
-2752
-4596
-3569
-1084
395
105
-1123
-2537
-3297
-3083
-2272
-1307
-829
-877
-1201
-1958
-2901
-3357
-2847
-1711
-913
-1841
-3845
-6141
-6988
-7222
-975
11589
16268
2503
-19715
-21979
2236
25472
21968
-54
-13174
-7725
1586
4616
7129
12564
10609
-1520
-11201
-5613
7716
11542
4338
-2104
-1162
1445
-570
-4216
-3368
1170
4206
2837
-1641
-6585
-8029
-5606
-630
3061
3045
-401
-5782
-9503
-7475
-309
6072
5500
-1179
-6810
-6189
-1606
2102
3620
3429
2377
-162
-2209
-1301
1740
4077
4212
3025
1984
1336
1441
1897
2265
2973
4136
3899
1234
-1739
-2139
393
2982
3154
1221
-1613
-3659
-3510
-1167
1789
2789
826
-2511
-4398
-3492
-848
1012
632
-1175
-2898
-3441
-2689
-1571
-785
-802
-1154
-1473
-2015
-2542
-2688
-1919
-1152
-1015
-1962
-3356
-4867
-5695
-6174
-4682
5151
15168
11274
-8895
-23672
-11278
16106
26882
11349
-8840
-12004
-2539
3956
5753
10138
12916
5089
-7572
-10352
1156
11474
9300
868
-2378
100
970
-2360
-4092
-995
3568
4332
682
-4866
-8010
-6671
-2470
2002
3358
1317
-3412
-8416
-9162
-3566
4098
6944
2032
-5120
-7339
-3733
906
3494
3743
2760
732
-1840
-2213
331
3366
4455
3406
2050
1201
922
1583
2633
3479
3664
2916
1120
-447
-723
337
1677
2088
1474
-58
-2216
-3237
-2086
650
2343
1415
-1281
-3359
-3313
-1634
222
692
-316
-1942
-3070
-2885
-1762
-652
-307
-926
-1748
-2164
-2105
-1700
-1341
-1248
-1663
-1893
-2639
-3512
-4791
-5347
-5955
-2809
7970
15054
6565
-14195
-22283
-3748
21278
24267
4878
-11768
-9927
-59
4802
6775
11636
11678
1123
-10346
-8444
5127
12680
7431
-881
-2493
171
45
-2956
-2942
986
4312
3015
-1460
-6279
-7512
-4928
-488
2888
2770
-319
-5095
-8737
-7304
-724
5661
5930
-348
-6448
-6544
-1943
2222
3978
3612
2178
-250
-2377
-1556
1721
4335
4567
2954
1476
620
845
2256
3660
3930
3244
2309
1042
-245
-653
489
2281
2981
1819
-874
-3230
-3137
-691
1954
2451
518
-2002
-3351
-2711
-766
747
671
-794
-2395
-3185
-2593
-1343
-223
-191
-1190
-2177
-2328
-1800
-1354
-1359
-1440
-1425
-1408
-2417
-3911
-5110
-5079
-4840
-3703
4741
13472
9614
-9025
-22185
-9643
16460
25912
10141
-9693
-12302
-2353
4808
6835
10650
12155
3429
-8722
-10192
2322
12713
9974
771
-3276
-1197
367
-1455
-2115
602
3759
3254
-578
-5362
-7059
-4624
-568
2518
2371
-28
-3761
-7417
-7468
-2127
4609
6392
1005
-5738
-7146
-2777
1868
4055
3702
2077
-240
-2446
-1963
1293
4198
4617
2716
988
242
706
2356
4013
4210
2803
1271
193
-18
466
1361
2114
1753
587
-764
-2016
-2095
-875
1008
1741
808
-1108
-2528
-2678
-1605
-34
772
7
-1730
-3305
-3127
-1437
167
285
-1019
-2161
-2319
-1821
-1286
-809
-590
-715
-1677
-2849
-3792
-3718
-3648
-3642
-5003
-1232
9128
13410
1907
-16974
-18294
3557
23588
19237
-1245
-12678
-6882
2336
5669
7869
11968
8611
-3262
-11335
-4350
9321
12613
4412
-3194
-2906
406
142
-1944
-1036
2103
3176
567
-3276
-5906
-5174
-2794
60
1645
1068
-1532
-5427
-7829
-5146
1234
5745
3607
-2845
-6771
-4712
26
2994
3571
2510
837
-1418
-2233
-69
3145
4481
3394
1376
832
635
1249
2972
4541
4110
1983
298
204
844
1326
1664
1830
1412
371
-1361
-2541
-1806
305
2038
1517
-452
-2342
-2917
-2121
-391
963
780
-1084
-3084
-3563
-2025
-16
988
132
-1659
-2821
-2629
-1381
-127
358
-336
-1664
-2968
-3308
-3041
-2415
-2803
-3813
-5898
-2666
8054
13770
3825
-15195
-18638
1320
21807
19608
374
-11767
-7001
1848
5174
7110
11380
9119
-2022
-10568
-4878
8475
12584
5068
-2746
-2861
519
685
-1417
-1081
1605
2948
964
-2337
-5056
-4925
-3008
-212
1642
1377
-782
-4501
-7312
-5456
386
5340
4257
-1702
-6159
-5053
-653
2572
3702
2961
1345
-1126
-2402
-448
2982
4707
3740
1640
701
732
1215
2356
4295
5040
3405
684
-809
-29
1685
2867
2812
1448
-118
-1372
-1912
-1169
484
1804
1337
-674
-2484
-2615
-1404
-122
466
79
-1175
-2532
-3005
-1862
-58
859
61
-1657
-2604
-2101
-913
-121
25
-453
-1388
-2451
-2966
-2576
-2052
-2347
-3811
-5413
-5478
2182
11907
10742
-5085
-19164
-11216
11681
22961
11400
-6425
-10609
-2902
3393
5633
9274
11512
4296
-7086
-9461
1458
11576
9545
766
-3387
-1224
890
-484
-1475
344
2485
1942
-730
-3564
-4989
-4032
-1815
817
1831
680
-2443
-6236
-7096
-2795
3367
5697
1416
-4763
-6584
-3071
1270
3421
3332
1827
-318
-2301
-1792
1309
4143
4326
2342
601
333
527
1807
3457
4529
3922
1978
247
-454
153
1568
2851
2990
1585
-610
-2591
-2766
-817
1804
2842
1007
-1801
-3510
-2906
-852
905
1242
9
-1876
-3151
-2935
-1183
565
1051
-265
-1939
-2555
-1977
-935
-179
149
-248
-1363
-2489
-2985
-2749
-2330
-2578
-3433
-4597
-5036
1601
10632
9988
-4510
-18040
-10778
11159
22127
10968
-6497
-10517
-2697
3660
5608
8866
11142
4371
-6671
-9273
1224
11474
9900
1309
-3202
-1477
736
-195
-890
903
2889
2105
-659
-3506
-4667
-3399
-1225
976
1503
300
-2338
-5492
-6307
-2494
3009
5131
1192
-4344
-5904
-2703
1162
3077
3212
2024
65
-2028
-1737
1264
4051
4242
2424
967
826
691
1387
3595
5517
4764
1518
-1034
-368
1860
3283
3108
1899
565
-751
-1788
-1666
107
2020
2176
-94
-2579
-3048
-1731
-71
800
455
-682
-2191
-3137
-2615
-918
587
678
-828
-2543
-2975
-2061
-727
104
4
-671
-1642
-2706
-3291
-2893
-2152
-1708
-2842
-4664
-6765
-2827
7555
12333
2555
-14279
-16140
2095
19140
15873
-598
-9650
-5039
1624
3955
6392
10726
7949
-2558
-9527
-3417
8408
11189
4137
-2586
-2571
403
678
-789
-287
1761
2405
420
-2373
-4440
-3835
-2082
-141
963
752
-804
-4003
-6471
-4536
835
4789
2971
-2476
-5678
-4089
-363
2229
3190
2444
578
-1771
-2359
40
3183
4186
2867
981
414
468
1008
2556
4442
4455
2213
-207
-591
872
2150
2429
1923
988
-90
-1356
-2006
-867
1097
2021
744
-1389
-2461
-1972
-784
312
720
254
-1064
-2375
-2533
-1237
405
1047
176
-1437
-2333
-1994
-996
4
349
-32
-948
-2139
-2787
-2584
-1863
-1451
-1800
-3515
-5388
-6841
-1341
9145
12429
790
-15817
-15275
4142
19879
14853
-1566
-9224
-4470
1321
3595
6914
11080
7161
-3397
-9167
-2115
8691
10334
3466
-2147
-1793
547
401
-687
73
1852
2230
369
-2199
-4224
-3833
-2170
47
1087
730
-1135
-4303
-6342
-4055
1140
4503
2428
-2564
-5354
-3752
-380
2112
3145
2449
503
-1918
-2187
251
3129
3930
2723
1051
518
226
718
2547
4536
4487
1995
-586
-792
806
2249
2477
1561
529
-333
-1128
-1508
-641
794
1657
648
-1221
-2099
-1553
-362
361
419
82
-721
-1840
-2381
-1479
213
1054
130
-1576
-2369
-1882
-863
-83
142
-181
-969
-2304
-3004
-2678
-1547
-1164
-1923
-3810
-5081
-6454
-3865
5645
12351
6236
-10667
-17891
-3735
15885
18637
4624
-7551
-6689
-683
2691
5564
10532
9915
769
-8064
-5755
5244
10856
6726
-50
-2070
-306
590
-418
-170
1358
2569
1390
-1293
-4093
-4273
-2509
-365
838
910
33
-2800
-5985
-5400
-410
4328
4004
-882
-4703
-4441
-1239
1638
3373
3109
1295
-1214
-2269
-336
2698
4110
3331
1352
184
53
394
1483
3553
4909
3497
-67
-2431
-1071
1899
3547
2623
550
-955
-1750
-1910
-825
983
2117
1249
-1152
-2624
-1964
-318
758
704
94
-627
-1556
-2340
-1664
-24
1217
843
-840
-2185
-2235
-1341
-175
512
437
-425
-1897
-3049
-2668
-1409
-386
-1043
-2743
-4643
-5363
-5819
-4147
4200
11672
7966
-8075
-18242
-7462
12824
19413
7915
-5583
-7322
-2438
1246
4611
10279
11391
2926
-7133
-7494
2629
10168
8406
1908
-1473
-900
37
-607
-247
1495
3090
1999
-962
-4119
-4585
-2742
-753
463
672
302
-2162
-5780
-6262
-1776
3425
4328
117
-4087
-4896
-2457
487
2958
3546
2136
-683
-2714
-1652
1430
3857
4060
2356
541
-331
-522
697
3164
5338
4599
849
-2439
-1864
1229
3488
3199
1468
-255
-1449
-2147
-1294
581
2159
1756
-427
-2250
-2321
-889
428
825
484
-209
-1248
-2104
-1986
-506
873
1051
-237
-1772
-2452
-1851
-545
447
511
-200
-1643
-2710
-2529
-1440
-843
-1055
-2344
-3269
-4217
-4562
-5304
-3953
3949
10760
6774
-8508
-17141
-6094
12714
17892
6736
-5175
-6400
-2375
729
4421
10558
11301
2479
-7421
-7437
2486
9793
8212
2066
-1418
-1283
-508
-726
131
1847
3192
1801
-1362
-4401
-4241
-1956
-59
591
531
297
-1986
-5471
-5794
-1283
3645
4213
-44
-3933
-4496
-2087
624
2817
3293
1774
-1002
-2816
-1600
1506
3602
3704
1936
71
-792
-566
824
2872
4762
4371
1258
-2258
-2447
509
3396
3782
1967
-469
-1997
-2548
-1326
872
2563
2099
-338
-2586
-2740
-829
1074
1605
806
-313
-1272
-2046
-1791
-328
1292
1549
18
-1803
-2490
-1526
-201
557
596
118
-713
-1802
-2224
-1543
-286
24
-907
-2648
-3512
-3999
-3666
-4543
-3191
4254
10139
5346
-9275
-15999
-4128
13175
16553
5520
-5121
-5868
-2371
836
5167
11137
10508
1151
-7812
-6459
3625
9980
7810
1740
-1806
-1923
-965
-399
903
2184
2569
586
-2273
-4398
-3471
-1261
-55
131
17
-233
-2273
-5136
-4839
-650
3234
3098
-571
-3386
-3754
-1978
305
2677
3265
1704
-1094
-2655
-1283
1514
3449
3446
1718
40
-719
-413
637
2110
4050
4115
1580
-1892
-2556
90
3055
3792
2194
-164
-1782
-2278
-1061
927
2399
1954
-142
-2137
-2320
-679
1101
1472
670
-265
-1077
-1589
-1307
-86
1010
1151
28
-1216
-1781
-1329
-428
163
356
106
-565
-1662
-2244
-1660
-662
-196
-944
-2065
-3064
-3412
-3565
-3348
-4172
-1225
5852
8953
1467
-11058
-12330
1326
14332
13044
2006
-5270
-4516
-1466
1869
6965
11405
7604
-2036
-8092
-3484
5974
9703
6118
478
-2331
-1940
-731
477
1963
2807
2218
-476
-3264
-4306
-2156
-30
477
-149
-280
-753
-2973
-4949
-3151
1255
3790
1959
-1714
-3558
-2883
-641
1668
3458
3047
784
-1843
-2255
24
2996
4279
3333
1019
-485
-695
217
1486
2691
3874
3518
883
-2182
-2347
659
3626
3687
1504
-856
-2169
-2152
-636
1323
2515
1707
-690
-2683
-2502
-238
1774
1762
434
-759
-1309
-1332
-936
141
1180
1117
-100
-1495
-2075
-1492
-278
463
446
-299
-1357
-2060
-2225
-1486
-610
-372
-1163
-2422
-3336
-3502
-2812
-2548
-2670
-4201
-2006
4252
7200
957
-9357
-9882
1865
12165
10338
1011
-4408
-3452
-989
2060
6668
10025
5801
-2656
-6840
-2012
5991
8666
5175
-27
-2592
-1860
-76
1530
2492
2398
1152
-1302
-3000
-2957
-694
666
215
-810
-812
-678
-2104
-3569
-2133
1091
2619
1032
-1512
-2584
-2043
-463
1377
2770
2140
235
-1599
-1701
149
2325
3267
2540
577
-673
-720
324
1564
2244
2451
2410
1713
-49
-1136
-313
2145
3612
2670
468
-1282
-1727
-530
1310
2526
2022
89
-1746
-2130
-736
1220
1981
1039
-661
-1836
-1859
-886
352
947
356
-926
-1677
-1694
-1134
-453
-27
-135
-708
-1421
-1735
-1589
-1011
-601
-566
-1233
-1977
-2536
-2621
-2395
-1960
-2235
-2756
-4014
-3676
1435
6422
4674
-4565
-10035
-3381
7788
10686
4457
-1873
-2660
-1294
332
3789
8181
7693
1374
-4238
-3271
3013
7005
5728
1664
-1097
-1267
-40
751
1357
1501
1281
-70
-1714
-2552
-1690
-450
-585
-1132
-844
49
-946
-3172
-3414
-724
1684
1608
-324
-1644
-1823
-1049
276
1986
2600
1587
-122
-1239
-527
1230
2737
2768
1426
-132
-664
-373
480
1525
2389
2147
708
-787
-1123
-200
1085
1863
1514
304
-1005
-1578
-988
279
1191
1261
308
-946
-1448
-708
504
1299
1128
308
-592
-962
-606
192
870
930
432
-371
-841
-739
-202
221
358
148
-369
-981
-1251
-1090
-755
-442
-581
-1097
-1691
-2070
-2046
-1833
-1877
-1990
-2723
-3219
-4021
-2621
2287
5794
2545
-5754
-8683
-1393
7536
8542
2805
-1732
-2101
-1313
415
4156
7737
6121
218
-3947
-2246
3051
6109
5030
1545
-1212
-1536
-358
708
1373
1556
1263
-370
-2131
-2722
-1374
-75
-178
-718
-642
-409
-1541
-2888
-2113
295
1667
1051
-546
-1453
-1679
-707
941
2308
2144
771
-503
-943
-58
1522
2654
2400
924
-287
-386
96
897
1468
1627
1458
907
104
-412
-241
593
1461
1492
896
-188
-1109
-1059
44
1225
1522
598
-627
-1193
-896
239
1324
1448
579
-541
-1016
-559
357
1117
1019
212
-593
-843
-543
-28
338
331
-43
-602
-996
-1037
-611
-92
216
-22
-538
-968
-1178
-1187
-948
-812
-1121
-1990
-2572
-2960
-2811
-3117
-2456
1445
4982
3221
-3857
-7826
-2534
6106
8466
3974
-883
-2031
-1668
-218
3142
6789
6178
967
-3421
-3059
1238
4786
4857
1984
-1096
-2101
-1183
-45
897
1351
1272
-189
-2204
-2952
-1760
-148
-6
-590
-676
-552
-1329
-2380
-1938
71
1484
1246
-134
-1115
-1540
-858
595
2013
2244
1186
-104
-890
-518
903
2356
2418
1207
-219
-758
-541
256
1216
1651
968
116
-243
-11
302
286
545
977
940
333
-630
-830
-271
566
1046
796
126
-501
-609
-257
569
1296
1348
559
-413
-668
-28
830
1088
595
3
-352
-450
-340
-81
272
190
-245
-753
-912
-603
-358
-326
-484
-735
-927
-1113
-1138
-958
-660
-645
-981
-1513
-1741
-1657
-1447
-1614
-1857
-2511
-1422
2167
4509
1973
-3702
-5108
408
6312
6612
2797
-274
-1071
-861
865
4203
6352
4139
-409
-2957
-1502
2296
4459
3609
699
-1745
-1944
-642
560
1216
1289
676
-1060
-2345
-1891
-239
466
-166
-704
-487
-372
-1149
-1523
-594
697
1019
463
-336
-724
-727
98
1067
1446
1109
485
-202
-680
-184
1031
1836
1246
76
-540
-480
-308
190
857
972
368
-417
-128
720
824
155
-79
826
1693
1178
-102
-705
96
1215
1616
1147
430
-77
-272
-15
659
1366
1306
327
-625
-509
703
1534
1268
711
331
403
471
389
429
576
538
-44
-637
-711
-385
-239
-516
-815
-803
-861
-1223
-1443
-1226
-827
-711
-1133
-1773
-2086
-1759
-1486
-1473
-1871
-2292
-2532
-2619
-899
2163
3405
555
-3548
-3569
1150
5015
4552
1753
-92
-605
-200
1358
3784
4776
2864
-147
-1624
-416
1873
3066
2087
-48
-1495
-1278
-502
-48
274
434
47
-1174
-1932
-1587
-602
-311
-541
-520
-198
-434
-1145
-1252
-470
359
637
366
-180
-547
-576
6
740
1091
798
244
-295
-640
-308
583
910
433
-158
-448
-602
-602
-219
349
461
78
-243
31
581
482
-179
-346
326
1198
1118
176
-463
-271
522
1034
1086
804
294
-27
102
635
1293
1332
630
-258
-391
198
781
796
376
-8
-257
-314
-206
-14
167
143
-70
-278
-356
-288
-253
-320
-311
-280
-377
-683
-977
-941
-667
-563
-777
-1115
-1268
-1244
-1048
-1070
-1151
-1276
-1513
-1750
-1890
-974
988
2297
807
-1978
-2796
-152
3018
3572
1870
171
-630
-607
432
2269
3504
2529
427
-1002
-507
1174
2625
2507
1055
-322
-550
-8
530
909
1056
817
8
-795
-855
-203
224
246
116
175
97
-200
-355
-7
700
1184
1056
600
312
298
613
1025
1309
1254
908
365
-89
7
639
1031
817
167
-136
-143
-31
101
423
544
522
704
560
-242
-975
-592
667
1325
744
-376
-1130
-1126
-351
682
1106
591
-447
-1010
-659
243
1028
940
14
-748
-875
-393
134
321
146
-422
-743
-793
-572
-347
-219
-174
-280
-450
-529
-519
-496
-374
-262
-126
-254
-582
-839
-889
-595
-367
-442
-660
-1005
-1135
-1031
-798
-602
-649
-1000
-1423
-1530
-1325
-1216
-899
-62
850
764
-521
-1378
-548
1111
2096
1912
1082
164
-510
-197
995
2051
1989
1046
16
-588
-158
901
1709
1331
204
-492
-516
-338
134
625
841
261
-523
-889
-664
-96
332
396
91
-204
-347
-319
-62
260
568
615
269
-221
-383
-95
351
587
452
129
-112
-281
-242
-135
-36
139
87
-227
-558
-674
-453
45
408
456
184
-106
-307
-272
94
735
1055
722
-43
-536
-269
357
884
837
328
-203
-228
114
416
501
364
143
-126
-241
-126
130
337
228
-69
-226
-246
-193
-81
43
127
104
-133
-226
-154
-36
115
81
7
-234
-512
-530
-375
-241
-282
-494
-737
-902
-787
-622
-510
-546
-648
-851
-1038
-1080
-1027
-835
-678
-819
-785
-258
304
130
-516
-663
218
1094
1136
672
177
57
142
426
880
981
552
150
15
139
413
722
772
325
-106
-209
76
198
342
394
303
-5
-236
-225
-69
119
313
436
181
-141
-200
5
264
449
547
454
89
-218
-205
74
350
316
69
-330
-614
-666
-474
-200
-204
-336
-524
-604
-543
-393
-153
366
727
734
350
-109
-6
720
1338
1426
953
304
132
334
717
872
957
850
550
370
377
671
981
1007
684
361
217
172
123
170
226
145
-153
-500
-691
-617
-221
-8
-64
-209
-330
-297
-178
14
157
196
-17
-252
-330
-338
-236
-161
-161
-449
-700
-855
-819
-593
-432
-440
-573
-785
-1064
-1164
-1040
-680
-476
-628
-1013
-1174
-804
-170
130
-250
-588
-395
151
393
338
190
236
187
136
261
457
480
403
329
200
219
402
569
372
150
149
353
343
232
238
235
156
7
-30
45
162
146
36
-63
-57
31
52
-73
-123
-55
44
5
-114
-180
-230
-223
-203
-209
-191
-154
-201
-440
-483
-345
-174
-51
-103
-151
-27
96
163
160
103
161
227
267
205
10
-95
-50
196
291
215
99
3
-5
110
305
333
260
66
-33
-47
39
153
124
-16
-93
-74
0
38
29
17
-7
-38
-37
54
90
53
-12
-38
-88
-94
-122
-254
-387
-320
-317
-316
-329
-372
-449
-536
-549
-523
-413
-293
-348
-615
-732
-684
-516
-376
-448
-586
-641
-651
-567
-483
-364
-407
-428
-225
136
312
-15
-310
-129
323
592
502
227
33
-27
54
270
474
491
306
79
9
187
424
467
296
169
133
126
233
368
387
297
87
114
220
144
-17
7
127
308
324
66
-33
-36
105
197
193
65
-74
-203
-191
-76
11
88
15
-224
-390
-240
119
494
545
194
-377
-699
-367
354
718
315
-357
-759
-538
-167
179
292
161
-61
-188
-122
24
229
353
232
79
24
-9
-60
-98
42
258
185
-33
-209
-222
16
193
225
96
-102
-160
-194
-235
-150
-101
-220
-368
-470
-468
-428
-410
-389
-345
-245
-213
-258
-286
-315
-210
-69
-31
-45
-122
-305
-329
-176
1
39
-34
-127
-204
-227
-188
-63
3
-42
-224
-333
-397
-395
-321
-249
-260
-265
-269
-181
-187
-283
-249
-40
184
159
92
-28
-109
-90
23
143
162
134
60
-33
-155
19
238
258
141
32
-27
-46
133
297
212
58
-9
103
76
19
114
223
144
-10
-18
86
93
64
77
-2
-41
2
86
46
-66
-214
-177
8
101
13
-277
-347
-120
220
317
128
-143
-203
0
351
517
477
435
278
235
251
346
480
444
206
48
13
38
58
-33
-15
-18
-59
-127
-152
-163
-14
131
91
-6
-104
-90
-11
56
97
106
2
-116
-196
-159
14
132
103
-7
-72
-26
50
145
254
318
317
253
172
141
150
238
277
294
238
108
64
38
31
10
-8
-54
-187
-358
-395
-332
-267
-215
-239
-350
-464
-437
-396
-315
-276
-277
-308
-383
-400
-405
-328
-186
-105
-32
-78
-175
-263
-264
-68
-20
-90
-194
-345
-389
-261
-157
-91
-62
-113
-85
-112
-100
-29
33
110
169
146
58
-114
-110
-16
99
127
42
-42
-127
-35
73
138
248
252
80
-59
-21
165
275
296
138
52
216
279
189
-6
-67
151
344
301
117
-21
-31
59
218
371
435
283
39
-59
45
207
246
105
-102
-129
-62
-28
-86
-141
-79
-36
-118
-231
-321
-271
-164
-118
-199
-325
-396
-426
-334
-270
-229
-244
-263
-290
-285
-173
-143
-146
-119
-150
-237
-240
-205
-88
-95
-116
-126
-57
-109
-145
-105
-97
-7
26
8
-76
-122
-82
-54
-31
-70
-70
-15
-36
-30
-3
14
-6
-22
-34
27
45
38
33
-18
-48
28
87
70
61
-13
-45
0
64
54
-17
-23
-25
-7
-14
-25
9
42
51
-73
-123
-48
-23
-68
-81
-94
-19
62
59
0
-39
-18
-2
38
62
120
155
-9
-14
79
156
200
169
63
76
149
226
200
140
138
178
171
268
265
193
172
160
237
250
211
174
124
79
127
176
201
157
90
39
43
49
23
29
60
68
40
-15
-56
-61
-83
-62
-32
-27
-159
-250
-140
-44
5
-10
-93
-173
-181
-175
-113
-87
-80
-120
-103
-102
-80
-79
-44
2
-49
1
45
49
49
41
17
61
-10
-7
69
66
41
2
67
141
130
98
61
-36
42
64
23
39
4
-46
-36
32
143
200
247
172
40
-124
-302
-532
-806
-938
-979
-965
-878
-755
-649
-518
-366
-188
-113
-22
105
145
200
275
332
371
377
439
494
587
558
504
551
563
521
417
335
222
57
-53
-136
-170
-223
-204
-50
85
183
317
330
302
346
427
479
485
415
335
359
318
315
327
292
294
304
244
197
171
119
114
157
122
49
-34
-21
36
-24
-11
24
18
-5
6
17
75
61
85
84
44
84
71
71
140
90
31
37
33
51
-19
-50
-114
-137
-115
-76
-58
-87
-135
-189
-188
-183
-190
-211
-266
-207
-253
-291
-282
-268
-199
-144
-159
-205
-208
-211
-132
-112
-80
-157
-169
-201
-250
-285
-237
-195
-205
-145
-111
-114
-135
-129
-104
-96
-94
-36
0
11
-35
-20
3
-1
6
32
64
129
120
140
223
276
379
392
413
439
420
436
414
374
414
413
344
367
345
248
245
226
168
81
134
86
-22
-93
-168
-229
-275
-261
-258
-205
-235
-284
-284
-259
-242
-181
-163
-201
-226
-128
-116
-121
-102
-103
-85
-103
-32
-52
-61
-23
0
5
17
29
72
93
32
-18
29
124
188
215
214
119
116
90
160
197
240
247
163
170
111
157
209
262
291
259
237
228
203
256
281
286
298
270
204
159
153
227
267
262
178
172
168
145
184
178
190
185
147
95
118
153
156
104
105
67
65
44
-9
36
66
127
115
66
14
-18
17
38
34
35
9
-47
-62
-65
-115
-182
-276
-276
-318
-379
-365
-377
-361
-230
38
216
477
662
821
1000
1098
1142
1095
1026
968
864
760
777
726
784
759
584
447
220
-35
-219
-322
-406
-461
-450
-511
-508
-454
-483
-517
-513
-448
-392
-337
-346
-334
-266
-218
-172
-109
-96
-76
-61
-15
28
63
119
104
61
72
157
199
126
141
87
63
106
65
50
70
19
6
21
5
-54
-46
70
59
12
29
95
141
159
158
145
90
44
118
221
277
295
262
211
182
192
187
258
265
239
202
148
171
177
183
246
312
261
207
171
189
225
214
235
168
111
107
152
81
76
140
165
119
50
27
1
1
-10
31
60
16
23
80
88
219
259
223
284
404
618
818
1037
1176
1206
1212
1203
1107
991
811
501
259
47
18
10
89
153
161
98
-11
-117
-163
-192
-178
-150
-164
-82
-72
-68
-103
-48
-31
-69
-60
-68
-97
-139
-114
-145
-208
-277
-358
-403
-330
-332
-336
-307
-231
-198
-190
-212
-208
-141
-50
5
-17
-53
-44
14
11
34
-38
-73
-54
-46
-13
-37
48
36
-30
-47
2
86
157
116
150
188
143
75
23
57
105
118
88
59
48
79
67
120
176
224
179
92
64
41
62
89
76
108
124
37
-5
28
34
75
99
88
49
68
76
59
93
77
74
84
65
17
-1
44
136
235
244
241
254
263
359
418
433
460
458
467
531
557
594
637
672
667
806
896
984
1089
1107
1169
1212
1258
1267
1304
1337
1335
1251
1136
1015
862
752
572
366
128
-33
-227
-364
-410
-475
-494
-518
-472
-491
-468
-455
-437
-426
-441
-449
-422
-387
-384
-318
-272
-211
-197
-174
-117
-130
-58
42
125
164
108
182
236
238
249
301
269
245
234
274
272
222
200
181
177
136
109
47
86
131
125
154
144
142
154
189
233
208
232
330
302
282
258
232
182
199
316
351
333
288
390
393
400
354
372
388
332
245
232
225
201
244
272
295
305
330
347
371
312
302
342
395
360
332
248
161
148
69
56
-70
-196
-301
-397
-461
-519
-469
-471
-458
-441
-369
-229
-83
-94
-48
-32
45
181
251
306
319
370
420
448
469
510
490
420
297
199
79
40
20
-36
6
27
2
-9
-39
58
122
139
188
240
302
309
302
290
322
374
364
314
322
298
256
236
235
231
216
181
105
113
87
97
47
-60
-80
-12
6
-45
-110
-168
-231
-292
-355
-370
-375
-363
-350
-356
-294
-206
-75
58
228
351
512
647
715
773
753
705
621
498
340
152
58
26
-37
-35
32
116
299
445
534
711
799
772
826
879
931
894
848
853
838
913
926
932
927
866
760
670
562
415
303
185
108
-9
-68
-133
-166
-49
24
47
135
223
256
279
354
362
328
227
73
-42
-60
-53
-5
76
163
213
278
386
444
441
382
392
404
297
233
192
79
12
-87
-103
-181
-212
-169
-225
-243
-361
-362
-277
-239
-268
-248
-244
-273
-253
-273
-220
-179
-173
-171
-178
-196
-171
-176
-229
-191
-118
-77
-70
-146
-82
-48
-44
-28
-9
67
59
110
47
33
90
55
50
17
28
115
121
95
124
106
84
77
108
142
141
205
166
195
261
291
367
409
426
447
461
462
445
401
380
344
356
297
286
308
243
267
233
230
240
159
115
104
60
77
162
155
149
129
93
90
56
31
-2
-54
-77
-87
-173
-186
-128
-94
41
172
279
343
442
555
642
694
708
747
696
685
695
697
700
757
940
1070
1216
1344
1282
1168
1030
857
624
370
189
34
32
18
20
29
-17
31
60
73
87
14
-57
-90
-194
-257
-309
-269
-252
-221
-202
-180
-117
-65
-25
75
109
75
80
151
191
202
230
146
183
232
251
213
228
237
126
33
-19
3
-106
-138
-207
-242
-258
-317
-349
-349
-307
-215
-121
-49
6
42
82
115
150
119
60
-2
-158
-311
-377
-440
-382
-314
-115
50
318
623
841
943
1071
1191
1223
1322
1318
1258
1110
979
760
520
282
244
224
182
269
335
419
602
763
865
832
755
725
682
679
