-357
-340
-280
-311
-309
-295
-336
-334
-291
-334
-343
-281
-294
-310
-334
-280
-291
-277
-259
-268
-274
-334
-279
-285
-301
-292
-310
-267
-280
-258
-185
-244
-204
-230
-282
-272
-269
-285
-327
-338
-336
-348
-255
-272
-331
-336
-345
-279
-296
-304
-271
-311
-316
-267
-301
-304
-311
-329
-323
-332
-312
-280
-274
-303
-292
-327
-296
-291
-263
-242
-260
-285
-255
-193
-242
-296
-304
-305
-346
-342
-300
-282
-284
-307
-271
-234
-306
-343
-314
-331
-266
-264
-245
-226
-298
-291
-306
-274
-217
-241
-302
-269
-272
-314
-282
-290
-348
-288
-255
-251
-281
-311
-252
-253
-226
-253
-267
-283
-241
-231
-283
-257
-220
-229
-259
-276
-289
-241
-212
-217
-244
-295
-287
-241
-217
-276
-268
-281
-289
-251
-220
-206
-238
-250
-240
-236
-199
-238
-261
-240
-203
-233
-254
-245
-250
-247
-224
-231
-260
-286
-237
-207
-174
-220
-258
-232
-233
-295
-281
-245
-218
-247
-218
-229
-239
-238
-234
-217
-244
-194
-253
-238
-240
-209
-251
-241
-230
-240
-230
-226
-198
-232
-262
-275
-282
-255
-225
-296
-290
-252
-279
-219
-243
-263
-226
-219
-217
-244
-223
-183
-151
-179
-188
-206
-255
-202
-201
-225
-206
-224
-220
-224
-209
-210
-232
-212
-175
-217
-185
-150
-119
-203
-210
-259
-210
-224
-248
-240
-237
-223
-189
-210
-243
-196
-207
-194
-220
-220
-195
-224
-232
-227
-217
-234
-235
-226
-278
-221
-219
-232
-211
-255
-285
-200
-215
-242
-203
-238
-224
-223
-208
-199
-254
-306
-275
-296
-306
-280
-286
-307
-248
-253
-284
-273
-271
-299
-250
-220
-234
-182
-171
-191
-131
-217
-174
-171
-145
-166
-225
-216
-200
-185
-115
-142
-180
-157
-180
-200
-272
-250
-235
-206
-217
-211
-223
-190
-161
-169
-185
-206
-187
-166
-198
-209
-214
-223
-191
-189
-178
-226
-210
-238
-267
-239
-245
-193
-236
-216
-223
-173
-128
-183
-179
-212
-179
-180
-110
-137
-171
-161
-162
-150
-154
-197
-170
-129
-148
-141
-154
-138
-202
-228
-198
-180
-150
-131
-198
-145
-138
-128
-110
-107
-91
-52
-146
-178
-131
-166
-144
-208
-221
-162
-163
-175
-184
-115
-189
-214
-165
-210
-212
-187
-194
-219
-196
-197
-184
-165
-173
-163
-160
-176
-207
-184
-169
-92
-41
-96
-147
-140
-106
-129
-97
-132
-157
-181
-165
-146
-148
-121
-131
-72
-68
-78
-69
-84
-132
-147
-128
-131
-164
-144
-90
-121
-114
-125
-135
-143
-115
-115
-170
-191
-137
-159
-207
-205
-216
-201
-171
-123
-167
-158
-138
-155
-146
-108
-128
-147
-169
-156
-140
-174
-160
-237
-183
-107
-104
-125
-156
-129
-196
-84
-116
-164
-99
-95
-86
-12
-63
-85
-114
-125
-47
-133
-160
-131
-142
-122
-41
-38
-109
-80
-71
-100
-102
-125
-119
-132
-93
-127
-124
-108
-136
-190
-172
-111
-161
-158
-133
-138
-195
-189
-194
-202
-197
-183
-188
-239
-224
-229
-150
-109
-133
-156
-204
-181
-158
-92
-107
-125
-103
-146
-143
-193
-195
-169
-161
-162
-136
-175
-137
-118
-174
-180
-155
-131
-171
-173
-161
-179
-159
-162
-170
-129
-152
-166
-130
-110
-95
-144
-76
-95
-162
-124
-166
-124
-146
-141
-99
-68
-67
-114
-111
-107
-111
-115
-139
-157
-158
-107
-113
-172
-177
-146
-154
-170
-186
-177
-153
-139
-89
-146
-159
-211
-164
-145
-119
-136
-99
-135
-91
-133
-173
-123
-176
-110
-139
-117
-112
-177
-150
-129
-163
-134
-107
-140
-177
-135
-72
-104
-81
-87
-86
-106
-149
-110
-135
-210
-98
-121
-202
-130
-91
-100
-123
-114
-130
-158
-114
-127
-159
-147
-128
-48
-96
-48
-18
-47
-72
-79
-80
-118
-121
-111
-103
-112
-120
-118
-139
-129
-138
-130
-166
-170
-114
-129
-149
-73
-69
-117
-119
-110
-138
-76
-43
-100
-41
-59
-35
-101
-90
-77
-50
-49
-84
-59
-69
-87
-106
-81
-62
-115
-127
-54
-80
-116
-94
-106
-119
-110
-119
-124
-140
-117
-47
-24
-52
-37
-66
-139
-128
-99
-70
-97
-103
-32
-15
-44
-111
-124
-118
-144
-123
-151
-171
-131
-106
-121
-90
-120
-195
-78
-56
-76
-83
-87
-20
-83
-71
-28
-113
-56
-109
-126
-119
-121
-108
-90
-57
-101
-85
-93
-100
-72
-89
-109
-117
-85
-59
-85
-35
-5
-101
-98
-129
-55
-50
-80
-113
-78
-18
-9
30
-7
-42
-116
-112
-101
-128
-117
-95
-150
-146
-112
-64
-87
-98
-32
-24
-57
-81
-109
-102
-97
-86
-71
-108
-89
-130
-154
-138
-77
-156
-160
-143
-120
-109
-143
-106
-133
-101
-139
-61
-108
-117
-146
-92
-68
-132
-58
-105
-102
-99
-84
-60
-75
-92
-85
-123
-125
-61
-99
-82
-85
-143
-144
-143
-102
-104
-128
-142
-94
-62
-74
-80
-77
-105
-98
-108
-90
-58
-54
-49
-64
-12
-79
-77
-97
-57
-35
-81
-74
-91
-34
-27
-80
-89
-42
-31
-7
-18
-31
-68
-63
-61
-41
4
-51
7
-14
-77
-89
-95
-118
-97
-90
-52
-93
-73
-44
-60
-95
-89
-25
-69
-78
-65
-84
-50
-29
-65
-85
-82
-100
-163
-162
-141
-116
-66
-124
-159
-182
-143
-144
-132
-121
-121
-170
-149
-172
-221
-237
-194
-142
-168
-209
-193
-200
-203
-190
-218
-235
-238
-214
-212
-201
-186
-220
-204
-146
-195
-182
-159
-118
-143
-151
-206
-193
-137
-169
-143
-131
-155
-161
-132
-113
-136
-117
-98
-136
-98
-67
-60
-100
-104
-43
-74
-56
-20
34
69
75
98
150
162
187
222
176
253
251
288
333
341
361
337
304
286
293
311
310
312
319
273
290
248
257
224
60
69
56
17
-13
-19
14
-12
-35
-92
-58
-146
-165
-127
-172
-151
-159
-217
-184
-126
-209
-222
-254
-209
-212
-305
-273
-228
-244
-247
-274
-311
-316
-317
-317
-262
-220
-202
-248
-252
-246
-280
-200
-220
-214
-173
-125
-155
-189
-181
-128
-189
-231
-185
-249
-276
-331
-307
-293
-295
-329
-354
-364
-355
-373
-438
-460
-396
-291
-286
-321
-358
-54
501
941
759
76
-412
-511
-23
584
887
660
300
350
758
865
552
224
-102
-115
293
903
933
467
233
298
318
276
147
-117
-353
-156
270
470
349
50
-132
-284
-268
-149
-146
-268
-255
12
198
45
-78
-169
-317
-309
-250
-242
-340
-214
-13
125
96
-55
-262
-443
-398
-267
-162
-192
-184
-65
50
175
350
341
100
-73
-58
-41
83
237
252
266
302
364
354
112
-31
-5
59
192
460
543
426
355
346
301
41
3
13
-52
-15
94
238
155
119
69
-89
-232
-293
-275
-278
-208
-84
-108
-166
-314
-337
-393
-566
-535
-554
-531
-530
-449
-336
-372
-431
-437
-496
-660
-656
-642
-732
-783
-729
-663
-679
-618
-240
423
893
608
-170
-638
-595
7
666
867
578
321
464
921
933
465
170
23
146
730
1267
1178
772
520
587
603
492
302
-47
-224
98
617
827
657
311
73
-50
-117
-31
-63
-119
-15
241
450
300
99
-114
-239
-310
-290
-298
-328
-166
58
226
180
-33
-300
-465
-450
-324
-180
-226
-225
-97
87
214
179
53
-170
-174
67
294
414
504
328
221
276
275
332
359
243
221
294
424
490
458
419
500
526
495
575
502
322
155
201
297
245
284
307
248
174
104
16
-131
-162
-114
-172
-134
-67
-62
-71
-179
-304
-352
-494
-575
-476
-394
-327
-358
-404
-453
-487
-542
-578
-553
-576
-572
-640
-707
-762
-644
-511
-288
304
884
864
172
-429
-630
-205
473
1045
989
489
432
866
1146
806
414
197
183
546
1205
1485
1213
771
698
813
719
521
205
22
61
565
1028
966
614
335
208
95
85
103
26
45
303
500
469
262
117
-2
-173
-263
-238
-280
-237
51
371
337
135
-68
-265
-345
-365
-299
-318
-410
-225
52
271
261
167
28
-115
125
414
527
307
215
318
480
676
693
500
207
242
390
399
407
475
449
495
726
834
656
361
286
305
187
206
253
290
318
440
493
310
53
-65
-34
-93
-84
-14
-33
-44
76
6
-142
-398
-513
-572
-569
-500
-395
-379
-398
-370
-342
-424
-614
-681
-740
-765
-764
-766
-697
-694
-453
292
1012
1134
305
-514
-846
-509
370
1098
1108
576
453
917
1307
996
397
65
-14
337
1148
1610
1329
848
772
928
825
510
132
-141
-128
368
999
1129
802
459
272
122
25
49
-8
-30
192
489
715
469
260
12
-149
-265
-396
-383
-269
-24
304
469
247
2
-181
-242
-275
-232
-281
-324
-240
52
317
424
197
-74
-181
-171
210
528
555
403
349
400
406
471
532
382
176
264
486
529
483
508
516
479
590
717
628
375
282
352
233
222
346
295
250
249
356
195
-59
-93
-148
-187
-278
-248
-116
-87
-65
-140
-240
-483
-650
-623
-627
-584
-576
-531
-529
-502
-484
-545
-655
-865
-883
-928
-1014
-972
-753
-383
445
1200
1209
323
-621
-955
-528
410
1079
1093
579
543
1110
1449
1025
368
2
-66
271
1059
1564
1318
804
851
1064
842
483
53
-233
-238
302
1003
1156
779
471
347
191
24
-67
-106
-109
121
465
641
416
251
136
-67
-287
-516
-489
-463
-199
206
370
277
-19
-159
-271
-338
-339
-410
-571
-479
-39
296
385
323
108
-5
6
164
415
525
518
438
426
428
383
446
547
483
338
333
464
508
418
479
626
553
632
808
728
441
249
229
104
95
241
332
269
92
73
161
-19
-167
-237
-375
-433
-325
-157
-188
-325
-378
-439
-499
-662
-775
-826
-781
-699
-572
-471
-634
-745
-837
-868
-1003
-1123
-1145
-1042
-674
280
1438
1595
538
-597
-1057
-648
359
1193
1255
627
378
1058
1612
1214
421
-16
-200
-5
953
1662
1547
876
838
1198
1016
536
-9
-332
-472
-4
877
1230
960
469
325
291
10
-113
-160
-235
-127
265
580
450
212
99
33
-199
-500
-636
-645
-458
-34
335
318
39
-172
-226
-326
-346
-489
-639
-653
-349
128
407
423
220
22
-119
12
365
623
616
475
304
235
370
596
802
666
413
430
514
456
255
288
317
373
656
933
955
645
396
227
84
82
72
109
12
12
175
198
124
-96
-276
-385
-532
-526
-454
-370
-333
-381
-432
-515
-655
-723
-727
-765
-854
-873
-834
-824
-842
-828
-885
-1098
-1233
-1169
-1017
-372
670
1624
1560
257
-872
-1179
-495
575
1281
1152
546
588
1509
1794
1158
325
-49
-195
101
1047
1666
1373
775
886
1341
1123
408
-151
-487
-546
-63
877
1269
900
438
412
472
140
-169
-262
-283
-273
-3
485
418
99
102
145
-113
-563
-760
-657
-536
-291
106
184
-37
-222
-155
-99
-194
-452
-615
-607
-457
-52
271
332
218
154
175
180
340
675
922
853
529
202
-44
-31
335
765
752
585
484
608
516
404
331
221
245
537
980
1082
812
471
309
220
147
105
-27
-290
-294
-78
194
134
-99
-312
-418
-511
-572
-494
-542
-669
-697
-670
-654
-722
-724
-640
-670
-835
-1043
-1130
-1117
-1173
-1128
-1095
-1212
-1148
-729
476
1738
2366
1676
184
-1044
-1468
-598
698
1386
896
318
903
1923
1780
933
288
-78
-542
-212
918
1476
1053
567
1298
1790
1312
607
276
-18
-414
-47
903
1131
575
352
678
780
221
9
87
-151
-572
-575
-298
-461
-737
-472
-48
-166
-529
-510
-272
-403
-431
-213
-128
-355
-376
59
448
382
121
128
166
75
132
317
256
43
7
483
1033
1315
1394
1208
655
-112
-625
-586
-396
-267
-42
299
608
733
793
850
703
425
356
515
643
765
852
870
805
670
606
475
213
-238
-583
-827
-1127
-1292
-1210
-1041
-810
-708
-630
-825
-1308
-1666
-1822
-1832
-1712
-1397
-1007
-751
-791
-826
-776
-1052
-1376
-1760
-1904
-2386
-2109
155
4035
7267
7574
6019
3560
44
-3850
-5128
-2183
593
302
-495
1653
3784
2057
-758
-799
-618
-3134
-5182
-2353
1427
1887
2020
4675
6396
3379
159
634
1131
-784
-1715
652
2371
1515
1431
2708
1766
-1765
-3683
-2921
-2982
-3739
-2840
-805
101
316
1442
1924
376
-1554
-1834
-980
-322
343
1405
2028
2283
2327
2066
832
-1077
-2513
-3256
-2838
-1767
-434
346
1010
1594
1726
1628
1544
1470
1008
1485
2597
2751
1391
208
192
-377
-1315
-1237
-566
-754
-1249
-40
1278
1476
1346
1780
2025
1059
405
158
-382
-1030
-982
-366
-243
-535
-847
-1395
-1954
-2271
-2204
-2166
-2127
-1636
-1288
-1110
-1061
-945
-1258
-1801
-2289
-2565
-3082
-3314
-3293
-3032
-3000
-2874
-2882
-3813
-4702
-4226
3059
13454
20295
16867
8582
3182
-1891
-8141
-10272
-3298
4018
2176
-1225
521
2047
-3596
-8885
-5803
-1057
-938
-798
4521
9655
8398
5898
5847
5075
4
-4413
-2111
2905
4443
2384
399
-797
-4087
-7236
-7048
-5489
-5426
-5493
-1696
3244
4694
3063
1473
761
-401
-857
654
2329
2969
3092
3737
3573
1153
-2359
-4756
-5006
-4044
-2798
-1352
-431
46
94
292
256
-775
-1420
-815
932
2962
4543
5161
6056
6646
5687
2505
-326
-1670
-2805
-3340
-2187
-197
14
-928
-1403
-1606
-1941
-1735
-231
1578
3161
4340
4365
3556
2425
1038
-523
-1584
-1814
-2116
-1854
-876
-164
-481
-1424
-2141
-2691
-2967
-2640
-2165
-1853
-1560
-1430
-1193
-1048
-1172
-1807
-2436
-2474
-2234
-2337
-2255
-2033
-1738
-2333
-3025
-4692
-5000
-5036
-484
10744
21401
22505
12144
3477
-707
-6252
-11773
-9156
97
3379
-438
-712
1988
-139
-7043
-8286
-2456
1447
1319
3086
8271
10491
7703
5397
4893
1993
-3790
-4978
-121
3782
2565
-396
-1865
-3616
-6601
-7439
-5965
-4692
-4268
-1681
3320
6146
5364
3025
1623
692
-228
132
1502
2287
2340
2398
2280
568
-2806
-5445
-5936
-4789
-3190
-1377
289
1180
1384
1536
1506
649
-360
-220
951
2478
3988
4931
5956
6026
4519
1328
-1502
-3202
-4597
-4316
-2113
641
1810
1747
1409
-4
-1647
-2166
-1076
927
2975
4437
4520
3554
2050
175
-1507
-2480
-2623
-2364
-1362
79
872
655
-430
-1607
-2600
-3043
-2970
-2537
-1812
-1355
-1040
-829
-900
-1291
-2056
-2316
-2114
-2049
-2100
-2090
-1976
-2035
-2546
-3378
-4368
-5283
-4715
-3384
5412
17658
24595
18771
7074
1296
-3551
-10252
-12985
-6208
1795
691
-1564
1172
2884
-2238
-8565
-5785
643
1920
1369
4702
10201
10143
6785
6337
5442
203
-5885
-4867
866
2332
-612
-2678
-2533
-3700
-6408
-6545
-4840
-4162
-3506
228
5475
7127
5045
2916
2291
1744
327
-156
642
1232
1088
1061
766
-1140
-4015
-5761
-5226
-3668
-2366
-913
528
1709
2468
2662
2324
1128
395
342
1271
2458
4321
6861
7094
4842
1252
-1484
-3890
-5691
-5205
-3072
-923
471
1844
2589
1698
386
-467
-138
1241
2568
3370
3466
3082
1981
415
-1026
-2570
-3855
-3790
-2253
-394
646
663
-62
-907
-1411
-1776
-2124
-2481
-2668
-2405
-1767
-1066
-928
-1026
-1340
-1516
-1519
-1745
-2702
-3525
-3838
-3311
-3127
-3152
-3947
-3548
-2919
1237
12206
21550
22334
12042
3589
-783
-6903
-12000
-10625
-2634
355
-2372
-1146
2044
1323
-4727
-6316
-450
2730
1807
1811
6134
10064
8404
7458
6967
3573
-2616
-5998
-2189
765
-1047
-4178
-4610
-3029
-3978
-4936
-4221
-3602
-3311
-1678
3013
6451
5867
3765
2943
3172
2073
443
-251
-38
-5
-348
-538
-1396
-3010
-4598
-4695
-3447
-2363
-1436
-337
1247
2542
2976
2826
2297
1590
1173
1046
1885
4158
6335
7166
5204
2060
-1712
-5052
-6689
-6612
-4670
-2212
418
2837
3772
3395
1796
498
471
1298
2387
2625
2528
2203
1422
520
-1062
-2856
-4347
-4392
-2787
-772
511
632
121
-298
-604
-994
-1705
-2352
-2569
-2290
-1746
-1684
-1778
-1793
-1616
-1751
-1663
-1748
-2301
-3365
-3788
-3572
-3425
-4191
-4353
-3534
-936
9317
20337
24552
16756
6487
943
-6199
-12547
-13219
-6082
-814
-2859
-1534
2401
3149
-2317
-6273
-1167
2531
1440
449
4046
9634
9288
8424
8343
5178
-949
-5969
-3163
-141
-2163
-5278
-5623
-2622
-2626
-4228
-4046
-3515
-3058
-2100
1954
5754
5543
4037
3679
4255
3024
528
-523
-538
-632
-1326
-1596
-1716
-2540
-3652
-3832
-3092
-2560
-2010
-784
1195
2498
3021
3136
2941
2374
1661
983
1377
3430
5474
5784
3812
1621
-782
-3606
-5544
-5804
-4639
-3251
-766
2369
4058
3934
2412
1537
1587
1687
1630
1279
1384
1605
1265
561
-765
-2288
-3426
-3266
-1998
-970
-646
-534
-57
433
221
-478
-1415
-2115
-2371
-2388
-2314
-2572
-2638
-2196
-1521
-1091
-1123
-1650
-2260
-3139
-3680
-4280
-4354
-4611
-4604
-3683
-1203
9131
20623
25413
18262
7465
1360
-6628
-13118
-13884
-7387
-1883
-3538
-1109
3162
3733
-1765
-5693
-224
3095
1533
-189
2989
8929
9234
8985
8558
5119
-543
-4834
-2275
-580
-3607
-6632
-5958
-2137
-2093
-4000
-3961
-3033
-2075
-1099
2105
4981
4597
3639
4012
4703
3032
241
-477
-201
-598
-1825
-2465
-2280
-2555
-3212
-3187
-2545
-2021
-1564
-416
1176
2338
2907
3326
3410
2680
1447
755
1149
2852
4869
5073
3534
1482
-75
-2329
-4721
-5192
-4439
-2760
-682
1845
3439
3278
2950
2424
2340
1807
925
572
797
1443
1161
203
-871
-2011
-2506
-2364
-1507
-914
-815
-585
-426
-39
-100
-565
-1012
-1618
-1905
-2047
-2205
-2540
-2478
-2053
-1778
-1661
-1417
-1506
-1910
-2791
-3118
-3610
-4035
-4736
-5040
-4625
-2393
8551
20816
26094
19167
8862
2680
-5993
-13104
-14538
-8649
-3939
-4863
-821
3766
4031
-1585
-4110
1801
3746
695
-1487
2566
8804
9071
8971
8613
5581
349
-3481
-1677
-1778
-5397
-7340
-5196
-1495
-2405
-4334
-3414
-1668
-784
-590
1802
4290
4244
4051
4425
4397
2542
235
69
52
-924
-2276
-2622
-2164
-2664
-3358
-3053
-2032
-1198
-975
-424
718
2146
3346
3745
3383
2248
1277
1231
1423
1553
2370
3628
4264
3268
1399
-1079
-3853
-4843
-4003
-2176
-795
643
2278
3109
3442
2869
2261
1826
1428
1230
891
1076
1014
445
-197
-1036
-1695
-1984
-1508
-849
-574
-439
-502
-214
-51
-602
-1201
-1555
-1491
-1638
-2145
-2519
-2477
-2023
-1602
-1363
-1149
-1158
-1619
-2081
-2775
-3060
-4031
-4231
-4812
-4537
-4339
-192
11935
22764
25354
16300
7394
819
-7986
-13581
-13803
-7442
-4860
-4123
1108
3948
2701
-2511
-1294
3999
3031
-517
-1216
4770
9193
8325
8423
7553
4999
264
-2434
-1730
-3982
-6617
-6605
-3645
-1826
-3958
-3916
-1550
140
-303
-439
2555
4559
4480
4150
4082
3618
1491
240
227
-401
-1493
-2458
-2282
-2336
-3203
-3202
-2166
-1071
-1064
-1155
103
1836
3147
3577
3312
2769
1940
1709
1421
1016
1524
2527
4351
4371
2850
272
-2457
-3663
-4353
-3492
-2286
-504
1682
2916
3880
3301
2685
2167
1491
1304
843
1000
919
592
-27
-1046
-1402
-1785
-1729
-1256
-869
-308
-184
81
-47
-614
-948
-1108
-1024
-1318
-1895
-2226
-2258
-1822
-1745
-1927
-1738
-1226
-1024
-1594
-2398
-3083
-3920
-4336
-4756
-5080
-4818
-3441
6254
18770
26004
21559
11429
5061
-3450
-11190
-14926
-11498
-6343
-5916
-1694
2755
3878
250
-1798
3364
4467
651
-2095
1417
7805
7995
7515
8395
7732
4209
-910
-1853
-3090
-6223
-7292
-5763
-2911
-3857
-4606
-1786
642
782
-496
1207
4144
4397
3755
3571
3874
2706
730
512
324
-554
-1918
-2632
-2590
-3418
-3562
-2548
-1448
-1141
-1479
-291
1786
3101
3346
2956
2947
2524
1939
1381
741
198
488
2437
4448
4679
2928
638
-1473
-3382
-4331
-3851
-2230
-339
1768
3371
3915
3447
2312
1445
1071
1149
1076
910
813
541
149
-330
-924
-1539
-1876
-1561
-850
-219
87
46
-167
-363
-707
-1118
-1507
-1923
-2187
-2208
-2068
-1820
-1478
-1297
-1357
-1324
-1411
-1677
-2434
-3183
-3944
-4557
-5175
-5321
-4394
-2195
7326
19193
25916
21195
11171
4351
-3966
-11130
-14795
-11613
-7115
-6140
-1623
2521
3733
526
-747
3830
4133
444
-2115
1643
7368
7461
7371
8318
8132
4628
-498
-1980
-3786
-6544
-7630
-6197
-3816
-4637
-4373
-1405
1017
904
-227
1989
4608
4461
3481
3243
3635
2430
529
473
390
-453
-1950
-2817
-3043
-3805
-3648
-2661
-1662
-1588
-1579
154
2275
3446
3414
3041
3099
2658
1882
889
125
26
847
2950
4347
3972
2236
296
-1673
-3490
-3968
-3299
-1776
84
2201
3535
3703
3178
2144
1414
1002
1003
818
577
441
175
-35
-435
-909
-1312
-1511
-1199
-720
-273
-26
22
-62
-470
-828
-1187
-1455
-1848
-2268
-2377
-2591
-2620
-2322
-1699
-1192
-958
-1065
-1428
-2291
-3170
-4177
-4827
-5613
-5237
-4384
-867
9747
20958
25933
18977
9633
2608
-5770
-12321
-15452
-11079
-7511
-5710
-824
2716
3758
432
1026
4949
3506
-614
-2322
2826
7246
6656
7253
8675
8492
3838
-1014
-2319
-4419
-6754
-7849
-6292
-4490
-5149
-3585
-235
1630
887
170
2946
4852
3978
2877
2924
3380
1731
290
700
794
-375
-2431
-3300
-3500
-3854
-3481
-2687
-1861
-1757
-1088
1073
2771
3333
3030
2979
3343
2598
1306
90
-76
128
522
2314
3494
3682
2483
958
-670
-2689
-3194
-3001
-1738
-238
1482
2958
3046
2812
1796
1254
1186
1091
943
402
343
164
-59
-190
-581
-922
-1228
-1136
-931
-618
-178
-111
-254
-698
-1153
-1444
-1689
-2028
-2607
-2915
-2893
-2564
-1807
-1131
-731
-768
-958
-1858
-3062
-4260
-4948
-5444
-5246
-4025
-2170
6377
17742
25093
21400
11525
4644
-3369
-10363
-14995
-12853
-8255
-6730
-2127
1806
3837
1854
822
4517
4117
365
-2247
1105
6271
6132
6443
8524
9391
5960
-182
-2299
-3669
-5993
-7734
-7495
-5444
-5359
-4174
-803
1546
1286
164
2268
4759
4152
2765
2507
3291
2196
435
776
1151
356
-1893
-3337
-3296
-3582
-3571
-3190
-2419
-1845
-1244
725
2409
3060
3027
3187
3737
2947
1419
427
112
622
760
2152
3835
4335
3176
407
-1659
-3909
-4492
-3642
-2124
233
2027
4065
4331
3427
2235
1008
927
621
563
262
91
226
-260
-497
-908
-1183
-1261
-1359
-872
-446
97
378
-34
-585
-1287
-1522
-1714
-2194
-2583
-2988
-2720
-2485
-2048
-1558
-1073
-1074
-1592
-2426
-3006
-3654
-4335
-5179
-4857
-4210
-1429
8367
19731
25324
19074
10173
3579
-4302
-11407
-15533
-12131
-8685
-6593
-1754
2119
4045
1669
2235
5306
3592
-168
-1852
2482
5702
4918
6419
9191
9821
4717
-958
-2200
-3624
-6097
-8408
-7793
-5724
-5272
-3155
136
1899
1218
766
3420
4897
3573
2209
2517
3323
1772
470
1105
1397
-104
-2707
-3633
-3470
-3758
-3815
-3320
-2158
-1362
-522
1237
2384
2915
3045
3615
3902
2577
1081
431
386
706
1409
2812
3766
3032
1496
-932
-2747
-3711
-3838
-2763
-1555
663
2486
3823
4110
3047
2144
1143
989
674
393
477
17
-137
-580
-887
-1055
-1506
-1380
-1207
-540
-2
74
69
-607
-982
-1241
-1595
-2043
-2716
-3006
-3014
-2790
-2345
-1988
-1323
-1193
-1459
-2141
-2810
-3368
-4327
-5390
-5073
-4656
-1338
8498
19790
25129
18534
9905
3145
-4156
-10943
-15235
-12131
-9183
-6602
-2035
1672
3898
1978
2875
4969
3019
-362
-1637
2606
5267
4847
6691
9379
9606
4253
-933
-2071
-3430
-5861
-8633
-8228
-6207
-5286
-2858
-126
1370
923
1002
3488
4437
3180
1994
2472
3142
1727
870
1342
1333
-364
-2963
-3732
-3754
-4187
-4326
-3657
-2205
-1203
-234
1306
2394
2660
2659
3244
3484
2509
1312
777
692
497
1034
2441
3515
2714
1007
-961
-2515
-3397
-3816
-2958
-1639
524
2393
3451
3926
3102
2287
1359
1010
607
134
251
42
-209
-658
-946
-1169
-1595
-1759
-1540
-676
174
327
169
-302
-644
-1115
-1702
-2207
-2855
-3074
-3116
-2987
-2519
-2147
-1630
-1240
-1281
-1884
-2639
-3466
-4298
-5552
-5417
-4805
-1744
7936
19074
24937
18853
9712
2927
-4141
-10318
-14915
-12475
-9202
-6590
-2028
1212
3510
2027
2644
4654
2506
-609
-1821
2082
4958
4864
7072
9592
9464
3991
-1335
-2164
-3325
-5844
-8727
-8351
-6006
-5008
-2755
-247
1166
760
764
3265
4162
2847
1891
2562
3350
1975
1232
1895
1650
-498
-3324
-4022
-3891
-4414
-4652
-3858
-2179
-1245
-319
1285
2356
2717
2436
2791
3180
2334
1505
1034
1016
507
976
2471
3140
2266
591
-564
-1969
-3122
-3848
-3507
-2053
72
2239
3213
3583
3148
2448
1815
1079
633
175
256
233
69
-206
-694
-1138
-1788
-1995
-1719
-970
-59
199
151
-79
-279
-651
-1461
-2242
-2847
-2969
-3082
-3157
-2760
-2107
-1419
-1421
-1541
-1891
-2484
-3518
-4508
-5308
-5386
-4553
-2319
6436
17588
24534
20188
10530
3497
-3685
-9703
-14351
-12843
-9079
-6672
-2176
972
3177
2204
2040
4117
2437
-273
-1608
1371
4556
4823
7196
9931
9888
4654
-1159
-2321
-3236
-5633
-8552
-8570
-5863
-4511
-2886
-687
822
779
468
2503
3688
2797
2155
2620
3519
2419
1515
2139
2074
43
-3027
-4153
-4075
-4609
-4933
-4165
-2453
-1268
-575
917
2243
2697
2401
2496
2877
2351
1628
1307
1251
1392
2027
3479
3765
2018
-378
-2462
-3425
-4191
-4250
-3245
-1439
1007
2690
3719
3657
3073
2451
1715
1411
906
581
444
138
-96
-624
-1020
-1590
-2218
-2261
-1706
-591
129
313
217
-149
-362
-748
-1219
-1794
-2368
-2652
-2883
-3119
-3067
-2691
-1816
-1203
-1147
-1516
-2096
-3149
-4636
-6092
-6173
-5253
-2943
5963
17755
25347
20844
10861
3527
-3452
-9555
-14815
-13187
-9074
-6233
-1794
1237
3689
2450
1728
3198
1695
-569
-1959
893
4139
4928
7835
10463
10085
4553
-1279
-2132
-3115
-5646
-8704
-8566
-5608
-4156
-2634
-966
270
453
292
2034
2958
2366
2090
2704
3596
2600
1972
2563
2276
236
-2747
-3966
-4129
-4684
-4828
-4100
-2549
-1491
-636
955
2151
2537
2299
2418
2720
2317
1626
1164
1012
1498
2759
3883
3470
1313
-444
-1984
-3014
-3879
-4389
-3455
-1934
677
2331
3047
3442
2940
2567
1732
1502
1286
902
920
338
140
-345
-1013
-1751
-2496
-2392
-2036
-1172
-434
-90
129
-99
-306
-760
-1369
-1943
-2477
-2519
-2651
-2803
-2582
-2215
-1661
-1557
-1450
-1834
-2387
-3542
-4748
-5966
-5693
-5066
-451
10375
21135
24653
16476
7633
377
-6004
-11504
-14545
-10722
-7490
-3743
36
2186
3329
1236
1815
1959
186
-1048
-978
2592
4510
6229
9444
10517
7858
1389
-2071
-2376
-3916
-6408
-8329
-6503
-3984
-2962
-1673
-786
-250
-458
176
2151
2558
2428
2689
3322
3359
2188
2317
2640
1583
-868
-3160
-3632
-3934
-4417
-4369
-3602
-2298
-1539
-523
1073
1957
2035
1826
2388
2739
2258
1669
1151
1761
3444
5030
5118
2657
-462
-3117
-4736
-5039
-5020
-3968
-2142
430
2560
3158
3346
2764
2286
1956
1616
1781
1476
1317
782
97
-422
-1223
-1887
-2717
-2705
-1973
-1183
-390
-105
62
-139
-488
-765
-1126
-1476
-2135
-2562
-2634
-2791
-2617
-2264
-1822
-1670
-1781
-2051
-2547
-3438
-4508
-5915
-5678
-5227
357
11506
22087
24206
14733
6049
-777
-6189
-11427
-13850
-9622
-6325
-2396
555
2198
2821
414
807
794
-31
-519
-130
3317
5191
7239
9747
9407
6149
166
-2333
-2296
-3487
-5530
-7381
-5580
-3423
-2651
-1834
-1550
-1063
-1180
-288
1871
2855
3382
3435
3483
3018
2038
2298
2386
1274
-856
-2799
-3110
-3357
-3710
-3908
-3742
-2770
-1987
-615
754
1491
1657
1746
2368
2620
2206
1848
1299
2077
3756
5125
4825
2411
354
-2167
-3857
-4933
-5165
-4272
-2886
-204
1586
2654
2962
2542
2228
1762
1975
2064
1879
1755
1271
717
-155
-1047
-1919
-2727
-2675
-2145
-1353
-750
-377
-178
-451
-825
-1210
-1390
-1628
-2138
-2560
-2871
-2796
-2402
-1755
-1507
-1610
-1993
-2142
-2887
-3945
-5399
-5889
-5756
-3308
6634
18327
24954
18507
7772
760
-4622
-8603
-12649
-10264
-5969
-2888
347
1241
2187
-4
-1395
-482
-662
67
235
2771
5672
7067
9392
9073
6359
1153
-2787
-2482
-2484
-3387
-5248
-5367
-3415
-2943
-2751
-2890
-2872
-2408
-1618
927
2953
3961
4417
3876
3191
1939
1443
1828
1442
306
-1396
-2217
-2276
-2708
-3215
-3925
-4061
-3396
-2209
-237
942
1427
1633
1996
2423
2183
1663
1468
2815
4980
6130
5142
2877
-64
-2810
-4887
-5751
-5286
-4277
-2089
114
1683
2385
2342
1994
1324
1269
1626
2164
2527
2267
1741
726
-325
-1444
-2439
-2590
-2430
-1761
-1245
-712
-204
-207
-396
-1054
-1409
-1640
-1825
-1986
-2307
-2584
-2702
-2609
-2092
-1890
-1707
-1925
-2012
-2601
-3391
-4853
-5483
-5420
-2784
7220
18521
24142
16399
5514
-1225
-5478
-8344
-11351
-7964
-3483
-731
1292
859
931
-1708
-3521
-2746
-1821
653
1949
4570
7000
8185
9463
7458
3853
-942
-3383
-2057
-1303
-1557
-3169
-3627
-2957
-3374
-3902
-4502
-4398
-3644
-1997
1058
3690
4982
4805
3685
2411
1314
1117
1543
1615
1003
-18
-842
-1338
-2109
-3147
-4080
-4619
-4075
-2655
-599
861
1311
1559
1750
1888
1590
1181
1366
3115
5142
6042
5124
3856
2071
-634
-3077
-5235
-5778
-5402
-3419
-999
501
1953
2186
1827
944
666
1346
1858
2707
3001
2860
2106
538
-755
-2062
-2536
-2648
-2481
-1800
-1062
-158
6
-251
-1043
-2062
-2504
-2680
-2541
-2594
-2409
-2044
-1460
-1010
-1019
-1664
-2675
-3331
-3848
-4122
-5089
-4597
-3908
3239
14389
22631
19831
7301
-909
-5150
-6404
-8517
-7847
-2421
357
2231
1187
-278
-2063
-5584
-5192
-3492
208
3263
4679
7304
7959
8620
6930
3100
-459
-3072
-1479
669
1410
204
-2127
-3162
-4296
-5414
-6097
-5882
-4467
-2359
662
3639
5102
4596
2894
1075
121
536
1732
3087
3360
2506
1022
-423
-1695
-3484
-4841
-5343
-4485
-2447
-340
1259
1245
391
-177
-320
-2
403
1146
2822
5266
7080
6878
5062
3056
518
-2024
-3985
-4913
-4474
-3265
-1133
438
992
806
-215
-943
-1011
106
1822
3309
4386
4307
3252
1476
-517
-1969
-2878
-2759
-2117
-1261
-233
390
436
-461
-1602
-2462
-2874
-2707
-2327
-1996
-1931
-1887
-1605
-1496
-1564
-1666
-1791
-2132
-2666
-3213
-3419
-4396
-3952
-3652
2377
12735
20767
18567
5955
-2080
-5076
-4712
-5743
-5474
-680
1370
2048
90
-1673
-2997
-6282
-5505
-2819
1537
4443
4990
6821
6666
6149
4169
1451
-341
-1507
561
3157
3879
1677
-2164
-4636
-5953
-6445
-6237
-5081
-3129
-958
1531
3435
3841
2166
87
-1074
-680
1072
3227
5201
5101
3445
1069
-1157
-2535
-3955
-4610
-4237
-2826
-578
999
1514
289
-1620
-2708
-2626
-1320
345
2162
3952
6161
7482
6422
3430
772
-735
-1612
-1732
-1250
-639
-541
-487
-556
-1352
-2021
-2448
-2229
-1136
783
2939
3812
3711
2974
1724
564
-486
-1007
-1180
-879
-218
71
15
-439
-1317
-2133
-2537
-2400
-2056
-1779
-1528
-1676
-1998
-2325
-2544
-2541
-1966
-1573
-1159
-1773
-2189
-2816
-2752
-3245
-3852
-4554
-2689
7403
18090
21400
10612
-1146
-5032
-4249
-3518
-5000
-1370
2600
2983
990
-2525
-3712
-6348
-7402
-4305
507
5358
5977
6019
5752
4353
3047
626
-330
-341
1311
4579
5794
4075
-354
-4650
-6928
-7499
-6337
-4407
-2499
-958
494
1920
2297
661
-1663
-2578
-1610
1237
4126
6187
6276
3903
913
-1711
-2739
-3028
-2893
-2138
-1120
329
1091
643
-1247
-3717
-4875
-4001
-1792
848
2702
4358
5355
5668
5864
4442
2360
-424
-1588
-1334
-798
213
78
-83
-912
-1761
-2275
-2951
-2305
-1159
775
2793
3960
3975
2310
622
-534
-1061
-910
-506
25
337
428
217
-546
-1580
-2585
-3045
-2545
-1538
-631
-473
-1137
-2082
-2873
-3004
-2732
-2366
-2128
-1567
-1358
-1203
-2230
-2859
-4184
-4700
-5190
-2084
9221
19313
20170
7316
-3608
-5519
-3355
-2373
-3293
850
4504
3803
296
-4145
-5599
-7463
-7199
-3032
2211
6786
6694
5245
3684
1935
714
-783
-532
1540
4840
7342
6366
2392
-2419
-5883
-7138
-6505
-4442
-1713
-40
263
-20
-449
-950
-2317
-3376
-2597
-81
3640
6202
6779
5135
1624
-1489
-3056
-2554
-1089
133
989
1182
1019
288
-1554
-3778
-5330
-4762
-2475
368
2823
4020
4829
4478
3572
1936
931
695
579
1141
1272
1376
567
-659
-1649
-2455
-2042
-1295
-363
473
1037
1671
1376
830
343
-135
-92
157
678
998
803
223
-674
-1258
-1318
-1252
-1072
-841
-608
-430
-766
-1347
-2130
-2786
-3086
-2843
-2354
-1659
-1633
-1515
-1938
-2251
-2788
-2959
-3210
-3474
-3912
-2943
5986
16295
19570
9089
-3390
-6181
-2841
375
-539
1334
4653
3974
253
-5172
-6888
-6788
-5685
-1821
2546
6631
6464
3465
741
-852
-490
31
1370
3589
6300
7715
5943
1412
-3520
-6431
-6524
-3971
-1057
953
1082
-487
-1895
-3027
-3589
-3688
-3111
-808
1780
4175
5256
4433
2428
-437
-2055
-1622
45
1945
2701
2240
1032
-635
-1924
-2895
-3314
-2881
-1872
-398
969
2195
3136
2511
1202
181
445
1411
2063
2607
2440
1736
684
-538
-1586
-2096
-1282
104
1116
1457
1117
480
-154
-566
-624
-283
226
696
838
776
417
-317
-1128
-1615
-1491
-819
-75
281
-54
-675
-1239
-1600
-1815
-1925
-1873
-1789
-1907
-2050
-1923
-1877
-2188
-2967
-3085
-3125
-2525
-2958
-3009
-4488
24
10598
18462
14520
407
-6493
-4076
1318
2636
1726
4137
4175
1414
-3417
-7131
-7104
-5465
-1342
2506
4521
5089
3553
1041
-2322
-3122
-323
3485
5245
5468
5818
5441
2363
-2792
-5485
-4871
-2442
205
1684
1852
-406
-3490
-5064
-4958
-3367
-1666
318
1817
2385
2762
2517
1148
-1053
-2105
-851
1845
3792
3884
2296
-76
-1930
-2602
-2023
-1088
-806
-483
-293
66
1244
1886
1550
-387
-860
538
2090
2803
2031
1179
443
-14
-223
-699
-437
505
1327
1556
1056
405
-335
-714
-506
-11
496
1009
777
84
-565
-989
-1066
-1197
-1093
-916
-585
3
269
5
-659
-1371
-1552
-1453
-1126
-1031
-1340
-1753
-2144
-2065
-1970
-2298
-2996
-3536
-3194
-2560
-2756
-3436
-4979
868
11063
17389
10790
-2078
-6307
-2261
3144
3947
3645
4954
3207
-46
-4359
-7046
-6519
-3383
1659
4108
3700
2509
1361
-426
-3142
-2994
840
5372
6646
5800
4592
2543
-769
-3829
-3723
-1745
556
2354
2584
865
-2735
-5226
-5200
-4012
-2059
-16
1694
1788
509
-179
230
333
-369
-573
618
2517
3364
2671
1014
-1111
-1881
-1229
316
931
336
-621
-390
677
1287
555
-470
-524
385
1559
1874
1417
556
-43
-84
-88
36
511
1200
1528
1231
833
500
244
129
186
267
327
398
181
-199
-693
-933
-1008
-1008
-842
-762
-703
-685
-781
-657
-509
-457
-665
-1066
-1089
-1215
-1322
-1511
-1661
-1505
-1346
-1575
-2342
-3066
-3655
-3398
-3500
-3257
-4995
-622
8653
15565
10681
-1963
-6713
-2580
3542
5164
4736
5561
3443
-117
-3862
-6057
-5558
-2275
3141
5543
3210
-157
-1261
-1006
-2257
-2248
867
5665
6839
4903
2900
1028
-905
-2941
-2158
336
1879
2277
1182
-489
-3027
-4658
-3828
-2101
-421
567
941
17
-1834
-2628
-1147
1016
1855
1621
1297
1375
1150
522
-14
-635
-514
752
2147
2120
242
-1777
-1514
380
1884
1607
706
326
324
461
255
-107
-299
174
848
919
473
408
1106
1393
999
493
478
687
793
797
550
330
225
100
-38
-361
-701
-967
-1128
-987
-996
-1025
-1023
-939
-852
-639
-752
-1194
-1482
-1119
-216
35
-835
-1896
-2375
-1864
-1716
-1645
-2433
-2544
-3188
-3121
-4599
-3389
4105
11918
12156
1478
-6117
-4084
2653
6015
5015
5018
3994
851
-2506
-4738
-4332
-1771
2904
5679
3583
-639
-2536
-1314
-892
-1080
482
4166
6125
4270
1837
102
-722
-1277
-336
2210
3103
2115
181
-1669
-3227
-3798
-2392
-479
460
398
62
-549
-2253
-3225
-2262
555
2311
1977
1083
441
323
115
275
544
740
1294
1987
1877
364
-1583
-1284
475
2060
1909
1040
466
-4
88
165
441
484
531
775
364
-140
-251
584
1507
1912
1762
1221
615
103
28
289
644
886
875
661
223
-481
-1287
-1684
-1244
-570
-108
-57
-386
-804
-1283
-1512
-1553
-1480
-1121
-671
-285
-464
-634
-1103
-1392
-2043
-2179
-2310
-2011
-2407
-2754
-4248
-4030
2887
10874
12110
2029
-6423
-4852
2197
6126
4838
4279
3957
1338
-1687
-4036
-3754
-1444
3109
6044
4022
-861
-3383
-1830
-226
-206
688
3565
5656
3915
1364
-182
-789
-1190
-372
2289
3648
2652
379
-1445
-2472
-3074
-2003
-432
149
-343
-660
-515
-1441
-2539
-2149
346
2281
1658
156
-806
-519
189
977
1434
1163
966
1105
1225
167
-952
-1438
105
3164
4462
2772
-1050
-2526
-1424
462
1952
1873
1198
259
-260
-552
-1186
-719
1117
2916
3124
2146
676
-461
-555
117
981
1153
1250
1015
133
-645
-1348
-1748
-1738
-937
149
222
-333
-1186
-1731
-1595
-1189
-867
-924
-868
-758
-934
-1404
-1773
-1550
-1474
-1065
-1714
-2214
-3337
-3122
-4193
-2192
4981
11164
9147
-1631
-7013
-2895
3986
6123
4331
3889
2671
-111
-2545
-3550
-2391
231
4312
5999
2866
-2044
-3529
-867
859
900
1426
3534
4512
2394
604
-186
-388
-718
239
2566
3104
1691
-582
-1870
-2251
-1895
-431
573
189
-1077
-1648
-1363
-1763
-1914
-1069
948
1813
786
-645
-1371
-778
163
1181
1610
1309
913
784
534
-467
-1143
-625
1563
3411
3073
1039
-681
-961
-292
427
1056
1078
683
222
-165
-479
-478
398
1497
1851
1574
1111
542
195
303
855
1339
1223
790
207
-211
-427
-858
-1209
-1056
-445
-135
-447
-1036
-1536
-1660
-1271
-807
-623
-796
-941
-998
-1034
-1550
-1721
-1497
-1000
-1034
-1927
-2780
-3343
-3091
-4127
82
7020
11111
5322
-4228
-5833
-34
5327
5429
3913
3599
1337
-1461
-3166
-2552
-840
1974
5089
5007
798
-3250
-2915
181
1555
1979
2771
4161
3212
956
-98
-135
-81
-61
1481
3283
2681
396
-1689
-2167
-1949
-910
559
905
-138
-1306
-1482
-1291
-1528
-1250
-100
1304
1142
27
-914
-997
-376
596
1455
1526
850
562
356
-2
-841
-842
896
2769
3059
1235
-370
-849
-267
706
1220
1279
635
33
-438
-807
-510
525
1888
2240
1588
628
153
117
215
652
1187
1632
1556
826
-9
-632
-828
-864
-809
-395
-134
-124
-514
-1139
-1625
-1764
-1349
-939
-810
-911
-949
-1022
-1194
-1543
-1390
-1248
-853
-1370
-2064
-2897
-2845
-2989
-3291
1614
7836
9632
1893
-5656
-4436
2200
5956
4732
3488
2989
312
-2157
-3098
-1661
126
2940
5132
3867
-661
-3850
-2358
715
2103
2501
3068
3627
2013
358
119
485
229
240
1757
3086
2046
-208
-1849
-2015
-1607
-184
1053
806
-670
-1900
-1650
-1384
-1284
-478
926
1777
771
-664
-1420
-1161
-241
835
1691
1485
685
160
64
-188
-743
-289
1466
3048
2725
830
-658
-962
-40
890
1393
1338
590
-14
-572
-866
-589
534
1852
2242
1733
832
192
-89
207
909
1428
1525
1093
369
-332
-692
-666
-546
-339
-150
-97
-290
-765
-1220
-1411
-1342
-1103
-914
-897
-872
-1057
-1437
-1801
-1822
-1346
-843
-686
-1380
-2179
-3042
-2936
-3704
-508
5593
9417
5048
-3212
-5174
-194
4429
4552
3273
3241
1598
-1118
-2627
-1782
-18
1884
3984
3998
1095
-2401
-2771
-430
1478
2636
3265
3478
2302
690
325
431
241
40
1197
2867
2720
769
-1240
-1971
-1860
-852
524
1083
134
-1331
-1826
-1546
-1295
-774
82
975
858
40
-595
-912
-580
351
1373
1689
988
196
-39
-162
-173
944
2157
2212
845
-154
-60
314
548
565
534
395
34
-277
-503
-359
386
1487
1971
1604
792
132
173
570
996
1217
1101
1032
748
265
-260
-795
-958
-590
-123
-8
-260
-542
-767
-926
-967
-845
-875
-996
-914
-889
-937
-1052
-1276
-1396
-1558
-1482
-1264
-1433
-1783
-2487
-2639
-3398
-238
5035
8090
3953
-2954
-4232
321
4164
4178
3174
3239
1452
-1299
-2546
-1342
351
1828
3374
3550
1051
-2157
-2556
-203
1899
2827
2710
2565
1916
851
519
604
660
464
917
1868
1997
1115
-392
-1263
-1468
-810
332
768
-20
-1287
-1712
-1331
-980
-445
203
714
410
-356
-938
-888
-397
500
1325
1431
891
257
-143
13
1021
2204
2411
1022
-314
-462
317
796
704
501
312
80
-232
-546
-689
-184
1004
1929
2052
1398
452
-14
135
744
1136
1090
985
675
345
-8
-344
-782
-933
-607
-102
37
-416
-853
-1115
-1116
-836
-698
-850
-1079
-1069
-1036
-1024
-1229
-1270
-1346
-1334
-1547
-1625
-1981
-2084
-2738
-2723
1134
5824
6738
1029
-3740
-2467
2361
4275
3339
2839
2556
332
-1832
-1761
-18
1071
2382
3569
3056
-102
-2813
-2099
646
2494
3083
2925
2430
1187
269
318
814
952
1017
1477
1803
1349
254
-637
-1005
-987
-11
922
728
-440
-1336
-1366
-1202
-978
-254
419
519
-52
-424
-661
-694
-303
723
1346
1156
476
289
790
1550
1673
1160
546
434
763
1003
722
24
-470
-449
-111
141
339
458
580
649
670
752
763
766
804
870
886
801
709
593
515
312
118
-2
-181
-259
-233
-292
-445
-638
-674
-631
-596
-584
-669
-1019
-1291
-1304
-1187
-927
-1003
-1185
-1406
-1358
-1602
-1660
-1926
-1920
-2543
-2042
1523
5543
5532
241
-3565
-1883
2372
3875
3054
2635
2183
84
-1759
-1591
-36
966
2021
3147
2763
179
-2119
-1703
631
2367
2907
2469
1917
1081
602
771
973
899
814
1223
1610
1304
399
-471
-938
-921
-79
625
274
-749
-1453
-1447
-1004
-457
137
521
205
-360
-761
-879
-657
-75
738
1185
930
469
328
770
1386
1372
889
427
442
584
620
338
79
-132
-224
-100
28
109
234
393
636
828
856
763
771
929
974
816
551
438
560
636
493
169
-184
-399
-440
-330
-424
-530
-724
-850
-751
-611
-584
-761
-913
-992
-1171
-1350
-1355
-1427
-1565
-1660
-1631
-1534
-1882
-2229
-2776
-1193
2785
5919
4005
-1287
-3601
-640
2978
3371
2509
2440
1579
-659
-1874
-855
498
1065
2141
3074
2105
-810
-2462
-1221
1047
2442
2761
2560
1878
786
224
445
856
959
1113
1504
1706
1129
112
-542
-928
-704
154
831
459
-690
-1400
-1390
-1178
-855
-190
296
98
-470
-724
-781
-618
-142
615
1132
921
488
450
957
1444
1222
577
272
562
825
662
192
-204
-238
-135
-32
9
-11
122
287
579
828
905
861
792
813
873
801
488
267
370
557
610
462
1
-576
-831
-687
-327
-268
-416
-576
-706
-911
-1133
-1381
-1466
-1424
-1247
-1216
-1325
-1533
-1637
-1795
-1685
-1938
-1994
-2711
-2324
1198
5312
5489
377
-3769
-2221
2313
3679
2434
1943
1915
52
-1874
-1452
303
891
1447
2507
2437
21
-2346
-1860
430
2169
2957
2777
1793
459
1
544
1227
1175
941
1106
1323
1078
457
-92
-473
-815
-542
322
732
-217
-1500
-1870
-1358
-717
-11
419
323
-550
-1066
-921
-537
-141
292
744
689
282
60
55
767
1586
1759
896
-82
-50
582
732
345
42
-283
-486
-608
-482
-193
105
624
1018
980
720
420
310
428
694
889
789
743
803
621
141
-256
-505
-621
-518
-355
-228
-377
-676
-904
-1130
-1197
-1105
-1005
-1134
-1299
-1448
-1437
-1466
-1473
-1800
-2063
-2447
-2358
-2786
-1979
1615
5432
5010
-431
-4163
-2012
2675
3995
2693
1974
1525
-414
-2155
-1642
207
937
1659
2700
2475
-149
-2606
-2101
266
2197
3000
2737
1613
322
127
713
1152
833
792
1205
1508
1169
563
8
-579
-1068
-541
613
891
-336
-1741
-1977
-1346
-644
0
431
115
-792
-1298
-1083
-557
-253
154
798
926
520
86
-258
-29
974
2125
1998
452
-698
-437
488
691
325
-178
-498
-597
-436
-109
-3
102
460
870
958
615
224
57
268
739
1046
848
484
252
104
-79
-279
-431
-579
-515
-341
-235
-385
-786
-1202
-1320
-1146
-802
-847
-1294
-1859
-1923
-1719
-1421
-1507
-1754
-2354
-2372
-2690
-2036
1075
4843
5113
210
-3861
-2417
2283
3816
2462
1700
1799
135
-2090
-2049
66
1153
1665
2465
2499
208
-2475
-2343
142
2309
3012
2589
1527
277
22
669
1238
839
491
901
1396
1295
692
75
-486
-1034
-786
311
846
35
-1266
-1606
-1163
-740
-445
1
-26
-648
-1114
-971
-505
-326
-15
609
908
472
-156
-1
563
1092
1178
932
571
224
76
93
74
68
-83
-345
-463
-463
-254
28
271
336
362
422
517
588
613
508
313
222
280
484
574
278
-121
-311
-376
-462
-540
-554
-465
-423
-519
-698
-949
-1094
-1259
-1317
-1427
-1463
-1621
-1576
-1619
-1780
-2048
-2333
-2529
-2684
-672
3023
5575
2977
-2152
-3993
-294
3477
3523
2050
1880
1257
-970
-2447
-1071
804
1362
1772
2720
1837
-1459
-3375
-1681
1352
2903
2912
2284
894
-275
-62
955
1165
503
686
1427
1613
970
208
-348
-924
-1058
-154
795
527
-731
-1540
-1444
-1029
-723
-303
209
135
-429
-852
-805
-510
-376
40
669
774
342
-189
238
1190
1666
863
-206
-415
264
812
487
-17
-368
-645
-840
-685
-303
69
423
795
892
465
-151
-165
237
707
996
813
288
-172
-20
313
155
-302
-526
-447
-439
-489
-516
-589
-844
-1019
-935
-924
-1174
-1345
-1396
-1289
-1411
-1345
-1488
-1669
-2085
-2284
-2511
-2210
39
3361
4973
2038
-2347
-3369
99
2990
2907
1946
2000
1019
-1376
-2468
-825
995
1481
1949
2868
1637
-1687
-3250
-1259
1603
2748
2570
2081
737
-438
-199
1009
1237
385
594
1638
1888
863
-53
-429
-757
-694
96
820
414
-731
-1268
-1088
-823
-804
-667
-175
-17
-245
-469
-547
-699
-624
-58
785
1123
805
573
770
835
364
-191
-14
637
928
790
297
-202
-713
-842
-677
-345
61
447
804
633
47
-375
-261
167
540
814
897
566
126
-38
96
22
-154
-156
-121
-143
-371
-419
-368
-579
-662
-632
-584
-759
-1090
-1311
-1315
-1247
-1194
-1345
-1395
-1664
-1721
-1962
-1898
-487
2176
4077
2716
-662
-2531
-950
1121
1883
2030
2399
1646
-647
-2082
-1119
319
805
1345
2597
2275
-378
-2271
-1361
527
1456
2034
2574
1803
206
-500
302
650
89
270
1401
1888
1105
213
-55
-487
-885
-336
732
703
-310
-727
-313
-173
-789
-919
-495
-296
-217
108
377
-1
-751
-681
134
641
709
876
1245
990
266
-336
-342
174
586
797
725
288
-412
-916
-883
-439
-5
288
557
512
139
-287
-232
26
113
321
521
507
196
26
35
6
-236
-236
75
196
-17
-161
-251
-414
-551
-528
-370
-487
-733
-875
-882
-927
-1024
-1156
-1122
-1347
-1510
-1649
-1434
-480
1228
2563
2145
146
-1385
-1080
-136
558
1330
2322
1945
-47
-1324
-630
318
270
601
1795
1900
470
-576
-99
399
119
468
1677
1897
844
196
437
214
-425
-179
1045
1406
648
326
543
381
-398
-498
142
155
-278
-166
414
485
-122
-453
-397
-612
-909
-565
323
545
134
-85
-62
-155
-185
106
656
713
411
163
91
90
5
146
321
194
-139
-197
43
123
-76
-58
178
283
253
247
349
268
31
61
323
244
4
-43
86
103
37
24
9
-210
-377
-237
13
38
-176
-296
-294
-435
-656
-671
-608
-594
-665
-699
-753
-891
-1101
-1161
-1013
-486
449
1269
1232
206
-572
-740
-565
-115
655
1319
852
-166
-181
543
784
270
232
572
385
362
1011
1492
830
-15
292
901
799
356
443
630
151
-114
507
959
430
-181
126
608
360
-24
192
312
-82
-384
-14
295
54
-153
117
345
-82
-491
-305
40
-2
9
172
87
-173
-128
371
656
378
-98
-202
-43
174
394
573
465
23
-294
-53
267
87
-160
-12
320
416
414
454
280
-199
-341
65
352
290
161
221
169
-78
-120
-9
-2
-154
-154
1
59
-53
-187
-213
-303
-388
-524
-657
-744
-820
-728
-588
-646
-915
-1107
-909
-267
556
1177
798
-123
-683
-712
-241
471
1116
971
65
-243
516
1110
788
288
278
310
175
670
1590
1507
464
-35
588
953
518
265
487
421
70
386
1029
871
49
-124
446
577
189
126
399
286
-122
-85
199
10
-346
-133
337
306
-232
-359
76
182
40
68
210
-30
-204
168
750
722
89
-346
-290
-68
114
459
650
256
-289
-170
291
446
190
15
169
333
312
444
479
184
-141
-90
195
213
2
13
173
91
48
70
70
-198
-367
-160
20
-51
-132
-65
-141
-320
-468
-493
-568
-694
-703
-536
-561
-832
-967
-998
-716
-20
811
1025
354
-389
-674
-437
23
700
1167
625
-31
234
981
1069
433
137
255
283
543
1304
1618
805
-8
262
833
744
415
415
451
103
171
812
945
298
-147
156
483
256
26
319
378
23
-138
110
220
-76
-201
200
395
-48
-335
-42
107
-15
-34
113
9
-281
-139
462
793
355
-158
-269
-168
-50
299
655
428
-164
-219
284
420
82
-155
90
187
207
482
605
189
-347
-278
120
297
132
118
209
102
-71
-21
43
-115
-291
-211
-50
-130
-235
-195
-119
-292
-514
-625
-711
-755
-724
-581
-532
-732
-1012
-1019
-869
-450
365
906
644
-46
-468
-439
-216
234
663
545
67
42
742
1097
612
187
114
176
262
787
1427
1102
292
179
644
726
357
262
479
361
137
312
657
441
-82
-33
392
447
183
238
391
161
-98
-71
96
-76
-298
-2
242
77
-241
-223
-54
-108
-104
-16
84
-78
-50
460
889
582
-108
-357
-270
-144
145
544
445
-146
-351
37
366
116
-209
-40
97
247
554
715
448
-151
-264
21
154
32
-16
50
-8
-98
18
70
-148
-364
-247
-29
-98
-238
-255
-155
-141
-349
-565
-700
-817
-780
-495
-410
-690
-1022
-1029
-872
-664
-257
446
681
250
-182
-337
-302
-181
252
588
340
44
270
845
789
293
59
105
127
365
914
1258
802
170
252
563
530
319
402
418
201
101
498
657
327
-19
60
331
166
72
285
382
49
-131
-54
-43
-228
-259
39
132
-102
-283
-152
-112
-126
-147
5
-22
-129
109
591
765
226
-228
-339
-288
-81
297
496
167
-284
-223
112
171
-33
-67
25
60
238
501
454
-3
-230
-127
75
85
-43
-26
-87
-184
-119
-79
-131
-283
-215
-104
-91
-227
-212
-154
-217
-423
-671
-698
-763
-755
-652
-489
-552
-834
-936
-803
-773
-715
-335
141
304
223
58
-184
-457
-422
3
444
398
232
351
538
543
355
312
245
182
374
754
866
620
386
454
489
385
377
414
327
193
272
522
496
295
124
106
131
49
57
205
213
53
1
66
-23
-206
-156
-33
16
-83
-166
-161
-212
-257
-185
-30
53
135
396
544
334
-31
-213
-202
-177
87
373
227
-74
-76
35
83
-26
-31
-36
-50
80
223
270
-1
-158
-113
17
22
-121
-118
-61
-12
70
51
-112
-251
-224
-137
-54
-66
-80
-97
-132
-295
-433
-549
-672
-701
-500
-354
-353
-541
-713
-676
-669
-726
-663
-347
-76
139
209
93
-168
-392
-381
-56
242
222
137
239
332
302
239
272
289
134
244
553
752
578
345
318
319
269
367
456
251
137
272
483
455
237
178
215
181
116
153
177
73
-48
61
129
-40
-201
-211
-30
-13
-82
-87
-94
-218
-166
-24
14
14
90
380
449
166
-113
-242
-335
-169
172
326
144
-84
-58
21
-28
-47
11
33
103
174
224
175
-49
-42
33
60
-54
-115
-107
-138
-92
-90
0
-106
-215
-200
-166
-108
-116
-129
-169
-137
-179
-261
-377
-513
-506
-410
-319
-398
-479
-554
-652
-670
-621
-603
-524
-374
15
204
65
-137
-260
-273
-171
60
242
202
66
169
318
344
272
207
208
245
372
613
702
470
289
348
374
294
344
450
370
249
241
416
371
168
143
251
231
98
141
246
212
119
86
91
19
-133
-87
22
28
-82
-121
-72
-104
-167
-108
41
144
158
190
207
-31
-262
-285
-65
98
4
-25
42
6
-53
-61
-5
-34
-139
-4
272
220
61
-54
-99
-123
-163
-92
-32
-87
-194
-138
-20
-38
-169
-136
-64
-47
-130
-185
-181
-188
-229
-218
-178
-244
-438
-459
-357
-351
-350
-378
-410
-455
-473
-482
-435
-470
-451
-170
91
58
-110
-184
-193
-230
-162
115
222
102
43
227
421
223
24
57
248
254
312
512
568
401
328
488
557
342
225
408
410
272
242
394
365
141
203
338
280
96
45
221
254
112
44
125
134
-41
-38
75
9
-114
10
227
117
-36
61
319
368
246
102
24
-162
-320
-76
170
104
-100
-56
74
75
18
141
110
-28
23
233
307
119
-91
-80
19
-38
-109
-96
-78
-95
-40
30
9
-168
-154
-4
78
31
-116
-192
-170
-194
-171
-170
-214
-331
-310
-176
-163
-245
-263
-280
-348
-342
-375
-404
-380
-405
-361
-140
25
3
-100
-127
-86
-73
-5
239
311
118
127
282
364
235
172
294
299
182
332
618
573
247
257
488
517
303
305
481
426
291
309
396
300
120
263
495
379
178
165
323
229
96
111
144
28
-59
111
180
33
-79
53
177
140
176
420
420
126
-1
32
53
-4
88
198
142
9
-16
122
95
63
80
95
47
90
237
255
90
-78
-32
21
-64
-125
-72
-27
-48
-50
-64
-51
-98
-127
-27
10
-41
-128
-178
-215
-237
-215
-168
-200
-204
-187
-175
-226
-244
-251
-291
-282
-228
-179
-191
-302
-444
-475
-325
-112
11
-11
-71
-159
-142
-70
61
185
113
19
5
233
350
177
103
165
282
277
344
542
448
274
310
434
443
300
250
381
384
301
298
360
242
70
249
362
280
132
183
317
207
136
162
88
-60
-61
70
161
77
-57
16
34
92
245
405
320
33
-122
-104
7
-38
42
109
26
-54
-43
47
43
-22
2
114
181
192
139
61
-59
-171
-143
-36
-64
-136
-72
-36
-90
-180
-219
-214
-151
-46
74
42
-50
-145
-189
-144
-152
-202
-171
-169
-144
-154
-217
-222
-274
-253
-145
-80
-66
-146
-154
-247
-295
-294
-314
-139
-13
40
-38
-95
-76
-78
-52
83
163
60
40
141
249
222
88
111
122
103
176
282
300
166
138
302
301
188
224
323
288
283
259
276
204
78
168
230
215
108
109
136
160
139
128
89
13
-75
-21
42
29
5
139
350
382
351
68
-101
-179
-131
40
272
245
-57
-166
-20
87
-1
-78
-43
16
84
183
290
154
-169
-268
-108
-68
-173
-163
-102
-44
-99
-139
-107
-204
-275
-141
42
12
-50
-68
-137
-166
-268
-311
-268
-169
-167
-90
-50
-181
-307
-299
-223
-153
-94
-134
-75
-154
-214
-201
-293
-409
-409
-269
-38
69
-5
-84
-127
-204
-225
-78
-26
8
-5
73
149
142
55
3
54
54
129
217
294
242
136
154
237
234
223
221
250
221
128
113
161
145
78
154
180
129
9
43
66
18
-15
-21
4
-57
-47
84
253
234
128
108
74
-69
-131
-26
95
11
-54
-5
-9
-82
-137
-75
-41
-65
-48
112
138
-8
-144
-153
-146
-156
-211
-178
-110
-136
-205
-176
-158
-178
-245
-206
-141
-208
-174
-129
-124
-158
-245
-221
-232
-349
-262
-184
-132
-175
-221
-259
-215
-221
-259
-220
-193
-194
-251
-216
-203
-231
-259
-298
-302
-252
-309
-275
-199
-170
-104
-189
-289
-260
-218
-91
28
33
-59
-91
-53
-9
23
-21
-62
19
149
191
242
118
-8
-86
-60
72
135
176
144
86
160
150
83
61
71
11
-42
61
48
-2
-42
30
90
-40
-21
172
243
109
22
20
23
-20
5
32
-46
-150
-162
-58
-55
-135
-160
-50
-33
-107
-51
1
6
-75
-54
-25
-185
-287
-200
-99
-182
-249
-210
-208
-203
-252
-227
-169
-242
-275
-203
-132
-120
-190
-198
-204
-254
-235
-189
-154
-197
-203
-147
-113
-135
-169
-116
-100
-103
-71
-78
-81
-137
-183
-137
-172
-240
-295
-229
-216
-244
-207
-162
-63
-61
-64
-104
-195
-206
-206
-61
21
-67
-140
-110
-57
-13
10
11
51
48
72
83
127
-21
9
76
137
132
57
110
107
102
52
55
15
-32
-15
26
54
7
-43
-87
-40
-11
38
106
83
11
22
91
81
61
-8
-78
-138
-133
-96
-44
-23
-141
-118
-106
-140
-158
-150
-99
-170
-109
-33
-64
-221
-314
-275
-263
-297
-254
-204
-189
-267
-229
-192
-223
-198
-183
-130
-177
-306
-298
-206
-238
-250
-258
-294
-307
-253
-193
-138
-120
-133
-187
-165
-149
-189
-190
-191
-212
-244
-213
-264
-257
-216
-213
-142
-156
-188
-209
-211
-279
-181
-165
-127
-94
-165
-210
-247
-157
-150
-67
-15
-51
-74
-34
-10
-41
-54
-3
14
-78
-14
115
111
86
71
81
30
-17
8
62
63
-18
-13
32
65
-1
-31
33
52
16
24
100
42
-13
48
44
-7
-111
-139
-78
-41
-73
12
-11
-114
-179
-116
-49
-126
-165
-171
-72
-128
-60
-45
-147
-176
-183
-92
-94
-138
-128
-66
-42
-120
-159
-162
-130
-153
-196
-148
-188
-189
-168
-144
-139
-141
-146
-128
-124
-125
-117
-109
-80
-145
-108
-100
-139
-168
-151
-142
-99
-18
-82
-85
-127
-154
-162
-132
-122
-80
-83
-65
-43
-55
-90
-176
-198
-148
-98
-84
-73
-55
-99
-134
-94
-75
-54
-38
19
59
21
-28
-33
8
-18
24
15
-25
-13
20
59
66
64
48
13
31
30
13
23
12
38
80
74
21
-5
4
59
71
18
3
-68
-39
-20
-61
-63
-47
-11
10
-8
-17
-118
