-69
-103
-106
-130
-124
-74
-61
-101
-121
-101
-85
-108
-135
-175
-200
-143
-119
-99
-147
-163
-251
-210
-212
-222
-171
-149
-171
-202
-145
-99
-64
-66
-85
-129
-132
-101
-90
-120
-88
-89
-107
-106
-129
-97
-85
-81
-95
-165
-132
-111
-142
-113
-155
-163
-139
-159
-165
-131
-127
-104
-124
-127
-108
-167
-154
-151
-85
-94
-115
-91
-69
-57
-105
-111
-109
-93
-140
-148
-142
-129
-152
-94
-157
-120
-112
-127
-100
-148
-151
-146
-169
-190
-182
-213
-201
-166
-116
-184
-187
-195
-228
-192
-109
-114
-118
-97
-133
-133
-160
-193
-159
-134
-156
-177
-164
-167
-166
-165
-168
-147
-136
-91
-68
-118
-178
-126
-104
-151
-81
-117
-93
-91
-149
-169
-101
-76
-67
-30
-53
-143
-150
-136
-94
-32
-113
-120
-101
-95
-112
-104
-120
-149
-105
-134
-155
-150
-176
-135
-104
-117
-123
-133
-128
-119
-148
-156
-129
-108
-164
-158
-169
-219
-202
-169
-144
-151
-160
-180
-148
-193
-201
-185
-135
-131
-173
-212
-184
-142
-206
-155
-161
-171
-178
-156
-153
-159
-172
-173
-153
-150
-209
-272
-206
-207
-169
-134
-182
-126
-178
-186
-180
-183
-184
-134
-145
-166
-193
-263
-263
-242
-166
-182
-171
-180
-254
-217
-211
-276
-276
-259
-235
-209
-209
-188
-211
-273
-235
-239
-178
-202
-187
-154
-172
-178
-209
-223
-239
-194
-163
-162
-183
-131
-144
-135
-156
-136
-163
-192
-231
-229
-240
-232
-234
-202
-154
-141
-134
-209
-188
-175
-205
-181
-177
-186
-154
-175
-164
-160
-176
-109
-96
-111
-115
-158
-189
-222
-223
-232
-219
-182
-216
-226
-203
-186
-193
-254
-217
-280
-254
-240
-262
-219
-205
-217
-187
-188
-223
-186
-201
-193
-226
-221
-147
-146
-176
-164
-201
-183
-173
-184
-182
-214
-176
-191
-205
-171
-145
-125
-172
-184
-171
-225
-191
-161
-149
-163
-154
-133
-217
-275
-239
-206
-161
-202
-217
-121
-152
-156
-132
-164
-142
-190
-186
-137
-103
-135
-196
-176
-214
-219
-147
-151
-155
-194
-175
-138
-191
-186
-193
-221
-209
-189
-221
-227
-226
-236
-147
-126
-167
-148
-152
-186
-145
-110
-129
-182
-157
-174
-164
-204
-171
-131
-149
-137
-213
-217
-175
-151
-133
-155
-199
-190
-200
-158
-120
-136
-171
-129
-80
-110
-170
-186
-186
-160
-136
-109
-153
-139
-123
-121
-141
-155
-184
-172
-98
-143
-150
-170
-123
-84
-98
-146
-166
-123
-120
-134
-126
-85
-156
-140
-145
-150
-173
-127
-170
-180
-109
-100
-85
-57
-176
-215
-162
-131
-84
-109
-89
-133
-121
-113
-96
-142
-161
-133
-143
-130
-149
-109
-130
-115
-139
-150
-84
-112
-101
-126
-107
-95
-183
-194
-149
-141
-112
-132
-119
-94
-152
-167
-193
-155
-181
-116
-102
-121
-144
-215
-166
-117
-137
-144
-122
-155
-112
-140
-175
-148
-128
-87
-54
-36
-65
-42
-25
-28
-45
-92
-70
-111
-87
-96
-141
-117
-64
-103
-129
-108
-129
-150
-199
-159
-136
-110
-134
-170
-114
-49
-87
-100
-87
-107
-103
-80
-43
-149
-100
-148
-189
-147
-156
-126
-117
-135
-140
-184
-164
-133
-101
-91
-100
-65
-123
-174
-139
-64
-72
-66
-49
-79
-71
-100
-143
-173
-161
-96
-94
-85
-47
-84
-101
-75
-68
-30
-61
-85
-36
-12
-27
-28
-16
-39
-91
-101
-128
-137
-109
-144
-116
-102
-91
-79
-92
-131
-144
-101
-44
-73
-64
-60
-153
-166
-132
-135
-111
-95
-73
-76
-130
-133
-83
-101
-128
-142
-118
-124
-74
-72
-99
-94
-87
-120
-114
-90
-97
-116
-74
-58
-104
-49
-66
-15
15
11
-54
-99
-73
-71
-80
-36
1
-39
-78
-70
-96
-107
-140
-174
-120
-133
-148
-146
-114
-120
-93
-77
-44
-60
-43
-58
-15
12
-51
-92
-99
-100
-114
-52
-75
-128
-127
-138
-166
-98
-50
12
10
-103
-80
-27
-38
-35
-50
-31
-47
-93
-99
-85
-80
-64
-74
-74
-56
-70
-50
-65
-55
-42
-73
-64
-72
-159
-78
-59
-126
-123
-62
-59
-106
-43
22
-19
2
-22
-40
-4
-8
19
-21
-16
-73
-67
-68
-79
-103
-89
-75
-74
-102
-112
-74
-68
-59
-63
-112
-116
-78
-56
-38
-48
-62
-16
-3
-50
-30
-67
-52
-2
-14
-27
-13
-57
-33
-4
-16
-39
-47
-28
-38
-13
-44
-28
-29
-24
-12
-20
9
12
-3
-36
-45
-25
38
-35
-56
-41
-6
21
66
99
36
20
-43
18
21
61
-16
-25
25
-7
-24
0
27
-7
45
-25
25
24
-1
4
45
4
13
52
50
52
-9
-27
-51
-22
9
-42
-69
-41
-24
5
51
-3
57
49
6
30
-4
-20
-63
-22
-22
-17
31
5
8
-29
-42
-5
24
-14
5
18
-10
-4
22
55
36
32
38
37
-31
80
84
10
-27
-36
-1
48
34
69
34
33
55
28
0
-30
-3
5
3
15
29
34
20
42
14
5
-40
-34
20
-41
-24
-7
-4
-55
-36
-47
-19
-78
-66
-24
-36
-42
-12
13
-8
-7
10
-15
-10
-34
-111
-98
-36
-40
-4
16
-27
-54
4
28
-21
-45
-62
-102
-73
-21
-58
-13
-16
-30
-12
31
7
1
12
-32
-48
12
24
-42
-25
-37
-45
-80
-73
-23
-33
-29
-4
-47
-52
-51
-45
-24
-54
-28
-52
-57
-38
-1
-19
-30
-21
-8
2
-27
-29
-14
-49
-27
-35
-31
-62
-56
-63
-42
-35
-6
8
-2
70
65
58
38
39
-4
0
7
65
32
-18
-33
-70
6
-68
-108
-66
-58
-62
-22
-6
-46
-63
4
28
29
-24
-13
3
-13
-18
-29
-32
-59
-20
-30
-53
-53
-41
-16
-14
-18
-30
-58
-62
-42
-38
-70
-78
-83
-76
-48
-89
-25
-6
-6
-12
0
4
22
27
-13
-52
-27
-63
-58
-28
-76
-73
-57
-80
-70
-48
-43
-51
-35
-6
-30
-54
-74
-50
-31
-41
-27
-29
-24
26
26
-26
-64
-91
-83
-42
-34
2
10
-40
-43
-55
-10
-22
-41
17
54
39
-50
-17
4
-10
-17
4
19
47
-20
12
2
-67
-24
-1
43
-17
13
-15
-56
-5
-21
10
15
30
-15
-18
-27
-33
-32
-9
10
-15
-11
45
12
29
41
73
123
38
41
33
50
-2
-36
-31
0
9
30
41
71
89
57
2
-31
-9
71
55
5
-16
1
20
-2
2
43
29
58
53
78
40
10
57
53
28
66
46
-2
51
78
93
-25
-16
2
22
68
25
6
-35
-53
26
58
32
-23
-20
6
18
-9
37
-14
-49
-7
13
12
-26
-40
-70
-3
-5
-21
-34
-33
-62
-33
-8
-63
-120
-124
-34
-59
-122
-107
-47
-35
-48
-73
-98
-58
-111
-86
-89
-151
-113
-122
-197
-164
-146
-121
-69
-31
-87
-77
-71
-61
-81
-90
-113
-102
-36
-60
-79
-80
-4
-11
11
23
-16
-7
-3
-1
19
33
-42
-50
8
39
24
9
48
129
138
77
54
79
105
76
80
120
81
74
73
137
168
174
176
131
115
147
125
114
194
103
89
80
96
122
120
89
54
46
27
49
5
-26
-16
-39
-16
-18
-48
-56
-89
-83
-122
-179
-192
-163
-111
-176
-173
-163
-183
-203
-180
-132
-159
-187
-241
-245
-216
-241
-254
-256
-233
-257
-252
-203
-200
-181
-187
-162
-186
-263
-299
-282
-264
-256
-278
-274
-302
-305
-255
-281
-262
-259
-308
-308
-312
-307
-322
-370
-417
-408
-419
-436
-419
-437
-376
-371
-95
416
775
635
214
-84
-218
19
427
748
632
352
411
796
867
563
298
119
91
312
627
747
545
321
436
507
221
-67
-139
-183
-92
172
312
165
-67
-92
80
25
-292
-407
-331
-143
-101
17
19
-150
-276
-126
5
-153
-350
-362
-221
-44
123
185
116
-65
-57
61
143
74
-75
-122
-39
-20
125
236
230
139
64
56
18
6
-43
62
138
129
152
297
253
122
51
-16
-113
-174
-118
-15
10
10
25
56
-16
-117
-129
-176
-221
-196
-144
-127
-140
-167
-196
-257
-344
-432
-493
-504
-516
-475
-468
-497
-486
-492
-477
-549
-505
-614
-677
-675
-728
-660
-664
-644
-674
-750
-714
-276
395
797
477
-145
-502
-490
33
578
786
453
128
443
1046
1050
586
156
50
127
529
971
1024
630
387
676
749
380
-48
-80
-64
13
272
471
284
-36
-49
180
96
-269
-415
-315
-131
24
136
29
-245
-269
-23
30
-224
-505
-460
-303
-180
-93
-59
-156
-274
-214
-81
-123
-380
-448
-325
-97
95
279
331
196
73
9
102
168
66
29
122
151
165
267
355
265
149
168
239
245
158
167
241
239
208
194
210
71
-22
0
0
-27
-51
-26
55
14
-58
-49
-115
-202
-216
-292
-368
-466
-516
-496
-484
-538
-510
-487
-562
-570
-536
-552
-561
-622
-671
-666
-716
-721
-694
-758
-880
-902
-878
-912
-931
-824
-354
435
886
610
-48
-584
-604
-129
482
772
382
42
326
967
1132
669
167
-43
-6
368
893
1030
708
452
697
861
526
53
-166
-137
-102
181
467
350
29
-15
257
208
-203
-470
-402
-298
-211
-33
13
-265
-372
-184
65
-194
-553
-602
-420
-278
-166
-28
-146
-350
-331
-98
-35
-305
-505
-383
-123
18
158
332
320
115
-28
142
141
34
-27
110
230
160
246
363
310
221
131
215
261
130
174
256
248
105
180
243
68
-42
15
-14
-97
-127
-79
-54
-96
-107
-68
-127
-334
-423
-393
-475
-620
-680
-573
-582
-576
-542
-521
-646
-757
-761
-731
-687
-772
-798
-784
-811
-889
-865
-852
-978
-1134
-1071
-737
-24
799
1124
549
-219
-627
-428
173
657
733
268
66
568
1364
1243
539
-38
-117
44
551
1023
980
644
479
910
991
515
-78
-219
-136
-35
222
458
339
53
164
476
354
-247
-549
-390
-221
-176
-51
8
-147
-287
-61
151
-253
-786
-817
-541
-308
-158
-115
-142
-348
-344
-142
-96
-402
-690
-526
-159
61
251
289
229
186
138
207
123
-119
-208
2
227
232
233
357
406
324
282
336
247
49
160
436
438
295
227
280
227
89
-1
-59
-150
-261
-142
4
-76
-238
-268
-210
-236
-332
-375
-459
-554
-587
-537
-528
-654
-695
-677
-608
-647
-739
-817
-814
-810
-769
-702
-768
-879
-974
-951
-970
-1119
-1105
-948
-102
903
1389
884
-28
-652
-669
44
716
908
430
79
576
1519
1528
828
157
-92
-92
402
1060
1209
785
479
880
1227
812
127
-157
-187
-117
109
530
500
158
181
551
567
-1
-470
-485
-313
-260
-183
8
-122
-326
-88
150
38
-475
-772
-573
-319
-200
-41
-55
-208
-319
-164
70
-94
-521
-576
-194
138
264
333
397
322
253
291
257
10
-215
-42
413
562
294
207
273
278
267
348
431
277
261
504
753
665
352
182
213
239
88
105
42
-137
-70
95
179
-50
-340
-439
-321
-372
-525
-582
-625
-665
-671
-519
-506
-646
-811
-820
-741
-830
-930
-934
-882
-846
-804
-783
-944
-1243
-1357
-1369
-1015
-457
831
1910
2139
1226
318
-396
-1028
-692
392
973
361
-256
710
2139
1858
924
415
277
-298
-409
685
1532
961
268
1066
2100
1630
654
491
500
-59
-429
203
641
101
-209
557
1043
231
-555
-370
-180
-672
-1006
-625
-487
-916
-811
126
468
-186
-716
-333
78
-151
-253
107
250
-124
-74
621
778
366
222
674
1073
951
820
724
441
166
261
404
74
-418
-419
-205
-167
-268
-100
127
245
395
822
1223
1074
777
855
917
866
571
459
317
27
-26
-2
-54
-381
-672
-712
-717
-841
-895
-1010
-1118
-1082
-958
-976
-1093
-1193
-1215
-1398
-1596
-1428
-1225
-1479
-1782
-1576
-1549
-1871
-2324
-2247
-2466
-2955
-3453
-3004
799
6351
10436
9017
5611
3684
2002
-2311
-5186
-2549
1786
1792
472
1414
2583
-109
-3437
-2777
-1388
-2060
-2273
1007
4902
5427
3734
2692
2140
1132
-90
-150
415
647
526
636
1312
1003
-963
-3055
-3867
-3573
-3158
-2289
-691
535
1023
953
466
-441
-993
-726
-6
743
1448
1729
1570
1424
1372
893
-390
-1436
-1822
-1637
-991
-462
65
660
1084
1453
1157
1356
1389
949
272
346
1059
1163
804
577
512
327
-197
-322
-183
69
605
1178
1726
1728
1250
692
134
-18
-359
-750
-662
-303
-21
-190
-364
-761
-1336
-1597
-1623
-1344
-1049
-771
-443
-219
-229
-641
-1343
-2134
-2388
-2392
-2231
-2130
-1813
-1622
-1432
-1679
-2158
-2627
-2810
-2635
-2685
-2617
-3052
-2866
-3138
2735
10408
15279
11841
6092
3892
1224
-3880
-7088
-3187
2282
2627
579
331
48
-3030
-6281
-4402
-724
341
265
2853
7273
7529
4070
1475
921
828
-358
277
2125
2137
660
-698
-658
-1709
-4470
-6158
-5799
-3517
-1345
365
1829
2271
1626
304
-785
-942
-603
593
2040
3276
3447
2264
688
-524
-1050
-1659
-2352
-2492
-1933
-908
190
510
947
962
765
597
1005
2064
2534
2217
1886
2034
1768
685
-458
-1029
-1341
-1321
-934
-146
572
962
1292
1419
1414
829
98
-97
134
385
347
148
-139
-520
-957
-1305
-1619
-1902
-1911
-1484
-929
-353
-126
-131
-264
-405
-948
-1630
-2219
-2589
-2750
-2452
-2059
-1841
-1965
-2141
-2389
-2315
-2838
-2504
-2633
-2032
-2824
-3175
-3917
-121
9231
15480
15934
9262
5631
2363
-3496
-7784
-6522
-250
2246
357
43
-9
-1642
-5036
-5050
-1142
610
551
2079
6156
8538
6046
2929
1742
1258
5
-765
492
1353
543
-640
-975
-1604
-3999
-6333
-6583
-4402
-1640
532
2146
2817
2603
1525
401
-45
28
662
1409
2249
2787
2190
1026
-284
-1128
-1905
-2876
-3240
-2639
-1115
231
862
993
389
-324
-755
1630
4739
6452
6020
4266
2698
105
-2126
-3449
-3326
-2161
-1150
-61
471
493
298
28
616
1428
1699
1777
1952
2449
2046
783
-725
-1874
-2349
-2290
-1851
-1394
-1158
-1213
-1341
-1276
-1212
-1238
-1358
-735
131
443
46
-927
-1920
-2827
-3620
-3652
-3396
-2739
-2370
-1814
-1576
-1690
-2374
-3023
-3573
-3856
-4459
-3174
5991
15143
19108
13994
8387
5047
-1647
-8660
-10305
-4423
865
117
-274
981
597
-2855
-5267
-2337
74
-482
269
4314
8924
8329
5135
3672
2781
560
-1975
-1971
-239
-87
-923
-850
-693
-2282
-5299
-6632
-5257
-2988
-1047
688
2430
3522
3173
2190
1292
779
382
134
553
1596
1818
1256
323
-350
-1327
-2805
-3575
-3325
-2092
-886
60
861
1177
1058
725
2065
3541
4615
5025
4744
3891
1597
-515
-2299
-3377
-3446
-2813
-1321
-300
238
444
317
850
1402
1727
2037
2311
2543
2103
1107
66
-1120
-1948
-2190
-1975
-1549
-1392
-1374
-1416
-1363
-1314
-1261
-1141
-746
-271
174
194
-231
-1224
-2496
-3531
-3820
-3755
-3360
-2920
-2191
-1788
-1809
-1918
-2366
-3061
-3997
-5111
-4692
3760
13844
19688
16477
10620
6985
-332
-8342
-11520
-6942
-987
-1136
-1096
845
1490
-768
-4100
-2271
-179
-783
-318
2862
8127
8830
6211
4934
3922
1847
-1689
-3180
-1752
-1288
-1514
-1619
-1295
-1879
-4323
-5498
-4671
-2899
-1279
-303
1371
3180
3931
3502
2352
1602
726
51
47
678
1011
671
-101
-507
-1091
-2142
-3020
-3171
-2300
-1289
-625
209
924
1485
1459
1436
3594
5798
6690
5280
3182
1283
-1616
-3766
-4430
-3378
-1650
-693
171
411
360
282
174
1223
2257
2710
2634
2444
2335
1333
-260
-1485
-2239
-2443
-2260
-1679
-937
-500
-499
-865
-1203
-1468
-1550
-1214
-417
523
678
87
-1096
-2329
-3496
-4086
-4239
-3724
-3048
-2383
-1533
-1194
-1435
-2346
-3154
-4150
-5038
-5928
1265
11980
19717
18655
12732
9165
2049
-6724
-11805
-9146
-2926
-2619
-2844
-162
1933
1333
-2238
-1432
582
-583
-972
876
6062
8333
6683
6303
5565
3811
-103
-3158
-2465
-2319
-2271
-2672
-2364
-1885
-3568
-4200
-3681
-2385
-1222
-1027
490
2393
3805
4007
2952
2420
1599
820
248
172
388
-199
-821
-960
-847
-1284
-2280
-2582
-2123
-1532
-1096
-467
457
1454
1774
2595
4370
5846
6306
5146
3507
1033
-1806
-3778
-4469
-3516
-1998
-743
238
563
508
239
432
1262
2047
2621
2737
2662
2278
1129
-229
-1510
-2368
-2699
-2694
-2071
-1318
-667
-438
-630
-886
-1186
-1275
-935
-429
71
43
-531
-1332
-2280
-3071
-3695
-4124
-4048
-3899
-2878
-2047
-1328
-1338
-1547
-2676
-3727
-5800
-4548
4822
14840
20447
16714
12338
7979
-950
-9121
-12077
-7287
-3575
-5053
-3233
58
2454
979
-1312
1320
1512
-177
-828
1547
6245
6246
5977
6725
6103
3777
-1243
-2824
-2488
-3220
-3622
-4377
-3149
-2984
-3729
-2810
-1926
-746
-891
-769
1169
2641
3712
3137
2371
2407
1832
1399
714
411
-209
-1454
-1881
-1700
-1398
-1810
-2192
-1754
-1238
-905
-834
-288
512
1763
2926
4359
5780
6330
5479
3141
853
-1500
-3516
-4292
-3650
-1893
-482
325
789
708
602
416
690
1358
1934
2400
2170
1942
1408
261
-938
-1937
-2412
-2575
-2429
-1665
-884
-295
-194
-566
-889
-1084
-905
-441
-102
-60
-539
-1287
-2088
-3029
-3886
-4370
-4246
-3816
-3030
-2476
-1826
-1935
-1922
-2860
-3414
-5347
-3994
5356
15176
20697
16957
12554
7941
-1180
-9211
-11980
-7427
-4352
-6117
-4360
-736
2295
1263
-548
2263
2282
481
-576
1291
5437
5244
5462
6848
6771
4386
-765
-2599
-2443
-3312
-4242
-5549
-4364
-3778
-3885
-2352
-1303
-147
-422
-250
1711
2811
3497
2477
1694
2140
2069
2085
1190
470
-325
-1671
-2065
-2172
-2050
-2336
-2546
-1712
-792
-347
-202
109
756
1905
2803
4373
5656
6101
5065
2616
361
-2104
-3933
-4402
-3470
-1495
-369
247
494
537
922
1033
1431
1783
1908
1987
1591
1409
832
-155
-930
-1754
-2037
-2253
-2290
-1700
-1103
-536
-505
-624
-587
-671
-456
-242
-68
-371
-967
-1428
-2237
-3001
-3851
-4442
-4407
-3959
-2975
-2241
-1572
-1692
-2009
-3031
-3882
-5382
-1319
8612
17506
20392
15835
11897
5759
-3693
-10392
-11054
-6602
-5805
-6871
-3729
168
2537
903
803
3423
2330
616
-265
2225
4917
4370
5709
6978
6576
3122
-1452
-1995
-2619
-3914
-5529
-6271
-4624
-4339
-3283
-1654
-569
103
-343
995
2725
3335
3105
1644
1588
2066
2081
1821
757
249
-703
-1634
-1918
-2300
-2441
-2923
-2623
-1477
-683
-222
39
696
1564
1830
2653
3980
5118
5874
5263
3983
1371
-1886
-4127
-5167
-4146
-2754
-1417
-271
413
1196
1328
1685
2106
1976
2045
1815
1708
1363
636
105
-802
-1480
-2174
-2759
-2604
-2238
-1534
-1039
-665
-328
-381
-146
-121
-105
-345
-920
-1401
-1896
-2386
-3131
-3922
-4405
-4393
-4167
-3457
-2716
-1970
-1556
-1677
-2798
-3990
-5089
1129
11386
19286
19930
14582
10675
3111
-5836
-10987
-10322
-6119
-7196
-7173
-3105
822
2641
586
2192
4356
2492
725
-245
2823
4198
3994
6283
7021
6210
1818
-1615
-1572
-2986
-4602
-6894
-6820
-4732
-4198
-2518
-1184
70
638
423
2162
3095
3047
2087
1016
1822
2334
2345
1639
661
206
-867
-1744
-2211
-2637
-2936
-3079
-2187
-1153
-569
-369
275
1449
2272
2303
2028
3687
4978
6031
5538
4152
1938
-2133
-4512
-5560
-4513
-2833
-2003
-275
636
1614
1881
1682
2609
2457
2320
1834
1339
1316
194
-273
-973
-1614
-2082
-2972
-2514
-1935
-1382
-1064
-1138
-517
-524
-310
21
110
194
-513
-1157
-1950
-2835
-3428
-4140
-4057
-4004
-3769
-3425
-2806
-2234
-2183
-2852
-3872
-5319
-4433
4695
15302
21832
19333
14010
9262
149
-8046
-11831
-9200
-6511
-8770
-6514
-1911
1914
2084
332
3705
4280
2111
84
22
3666
3824
4870
7201
7380
5611
528
-1058
-1191
-3583
-5921
-8261
-6636
-4985
-4208
-2192
-1177
379
769
1483
3345
3194
2563
1130
795
2125
2343
2324
1311
691
264
-1138
-2015
-2828
-3055
-3164
-2934
-1755
-1027
-783
-421
543
2139
2648
2440
1793
2442
4779
6780
6994
5002
2056
-1652
-5016
-6424
-5589
-3786
-2243
-658
813
1932
2479
2452
2466
2500
2425
1919
1315
968
430
-193
-829
-1459
-2258
-3041
-3124
-2581
-1616
-1060
-927
-699
-624
-451
-189
96
-114
-688
-1299
-1897
-2578
-3176
-3973
-4262
-4169
-3657
-3168
-2643
-2239
-2189
-2843
-3883
-4532
-4006
4506
14477
21211
19673
14089
9632
575
-7552
-11505
-9706
-6679
-9078
-7128
-2439
1539
2568
590
3943
4941
2637
562
-332
3101
3286
4196
6826
7178
6003
1097
-657
-895
-3612
-6102
-8765
-7192
-5344
-4617
-2432
-1255
752
1365
2103
3885
3303
2377
741
453
1760
1896
2088
1358
1057
788
-806
-1959
-3184
-3549
-3430
-3038
-1809
-1199
-810
-140
965
2387
2556
2234
1756
2186
4322
5749
6399
5251
2848
-583
-4122
-5521
-5664
-4600
-3164
-1344
640
1691
2525
2664
2720
2806
2346
1977
1266
922
399
-213
-505
-1074
-1675
-2500
-2814
-2543
-2079
-1489
-1121
-785
-680
-632
-177
155
47
-478
-1182
-1753
-2288
-2750
-3156
-3665
-4048
-4174
-3983
-3415
-2701
-2660
-2590
-3765
-3944
-5001
339
11059
19380
21824
16098
11991
4926
-4667
-10408
-11703
-7526
-8448
-9088
-4440
-160
3281
1117
2405
5528
3782
1635
-1191
1221
3452
3448
6261
7433
7618
3904
-104
-299
-2715
-5505
-8675
-8939
-6030
-5127
-3226
-1667
146
1903
2005
3472
3474
2359
1221
176
1445
2035
2001
1930
1426
1606
152
-1770
-3122
-4074
-3763
-3490
-2645
-1533
-1055
-80
944
2256
2895
2290
1776
2150
3683
5226
5256
4912
3836
1533
-1341
-3912
-4596
-4879
-4396
-2859
-970
1123
2143
2929
3339
3211
2833
1740
1116
830
400
95
-449
-676
-1191
-1829
-2210
-2389
-2094
-1984
-1715
-1335
-887
-459
-182
261
246
-399
-1172
-1913
-2174
-2232
-2270
-2861
-3475
-4005
-4016
-3752
-3137
-2645
-2653
-3008
-3775
-4061
-3223
5235
15082
21504
19813
13960
9207
403
-7267
-11423
-9955
-7265
-9447
-7253
-2702
1799
2809
1041
4490
5306
3385
343
-979
2498
3137
4767
6885
7659
6750
1982
117
-991
-3884
-7030
-9792
-7786
-5684
-4527
-2700
-1243
1527
2426
2977
3661
2712
1930
620
873
1876
1918
2059
1657
1936
1332
-760
-2576
-3886
-3781
-3599
-3322
-2487
-1618
-600
577
1762
2828
2656
2178
1697
2125
4293
5433
6242
5164
3364
345
-3579
-5209
-6014
-4949
-3655
-1951
455
1735
3301
3385
3385
3085
2079
1692
686
491
88
-381
-232
-754
-930
-1867
-2483
-2226
-2002
-1435
-1559
-1247
-746
-313
374
251
46
-705
-1454
-1633
-2067
-2430
-3308
-4244
-4113
-3694
-2845
-2606
-2116
-2050
-2743
-4280
-4739
-4825
572
10579
19026
21873
16554
11615
4563
-3704
-9152
-11462
-8628
-9287
-9172
-4698
-350
3509
1947
3130
5793
4340
2029
-1634
237
2794
3538
6223
6988
7688
4753
1194
519
-2444
-5480
-9053
-9267
-6224
-5270
-3439
-1907
686
2928
2714
3423
2809
2101
1300
485
1651
1790
1983
2193
2101
2187
77
-1999
-3296
-3708
-3382
-3667
-3136
-2157
-1000
471
1502
2325
2661
2067
2039
1592
2706
5126
6546
6909
4311
1748
-2149
-5718
-6309
-5849
-3729
-2523
-575
1795
2890
4132
3229
2842
2501
1866
1419
45
-17
-361
-362
-204
-953
-1485
-2558
-2643
-2031
-1582
-1248
-1621
-1145
-250
317
489
-152
-673
-1350
-1628
-1818
-2520
-2902
-3751
-4191
-4083
-3482
-2526
-2088
-1922
-2164
-4149
-4510
-4923
73
10060
18214
21958
16405
11496
5098
-3034
-8227
-11517
-8593
-8710
-8931
-4656
-841
3516
2081
2756
5618
4207
2151
-1723
-64
3019
3808
6192
6670
7712
5278
1414
355
-2499
-5254
-8688
-9134
-6201
-5396
-3766
-2224
464
2833
2479
2987
2712
2245
1589
599
1360
1730
2122
2547
2277
2049
36
-2008
-3191
-3674
-3412
-3712
-3484
-2280
-932
485
1276
2092
2584
2363
2096
2429
3748
5277
5877
5275
3626
602
-2504
-4826
-5212
-4443
-3625
-2028
-422
1610
2831
3016
3253
2797
2625
1860
1116
648
-60
52
-183
-403
-1014
-1894
-2131
-2190
-1590
-1336
-1380
-1011
-749
-200
-24
-150
-428
-836
-994
-1264
-1620
-2293
-3126
-3885
-4087
-3715
-2938
-2663
-2186
-2493
-2999
-4386
-4161
-3320
1279
10273
17713
20749
15467
10091
4071
-3178
-8237
-11146
-8536
-8139
-8070
-4420
-505
3475
2052
2485
4794
3906
1954
-1530
219
3170
4283
6115
6583
7499
5008
1341
-301
-2833
-5222
-8293
-8492
-5914
-4841
-3455
-1984
657
2666
2316
2436
2317
2286
1780
966
1461
1921
2471
2696
2322
1659
-350
-2192
-3233
-3480
-3344
-3644
-3275
-2062
-695
599
1226
1989
2431
2410
2043
2101
3501
5074
6334
5609
3976
892
-2467
-4687
-5531
-4502
-3722
-2206
-240
1513
2987
2904
3014
2658
2361
2024
1041
714
176
195
115
-357
-841
-1823
-2056
-2132
-1774
-1457
-1504
-985
-533
-17
30
-294
-610
-1034
-1197
-1423
-1701
-2086
-2747
-3480
-3772
-3662
-2993
-2784
-2185
-2379
-2855
-4248
-4153
-3049
892
9506
16786
20340
15634
9767
3975
-3002
-7481
-10562
-8368
-7391
-7444
-4046
-818
3171
2147
1676
3830
3277
2006
-1276
-86
3385
4752
6489
6490
7099
5140
1211
-571
-2960
-5020
-7705
-8325
-5859
-4580
-3309
-2052
89
2126
1911
1911
1962
2124
2119
1175
1573
2158
2634
3004
2349
1562
-303
-2196
-3097
-3495
-3348
-3609
-3381
-2106
-853
430
1033
1579
2182
2256
2746
3330
4389
5142
4901
3876
1939
-387
-2729
-4018
-4052
-3498
-2504
-1490
-57
1169
1877
2312
2446
2576
2268
1819
1221
731
552
245
-150
-705
-1301
-1763
-1857
-1738
-1650
-1530
-1294
-893
-420
-173
-178
-397
-855
-1187
-1529
-1725
-1995
-2181
-2354
-2908
-3531
-3570
-3090
-2738
-2661
-3104
-3292
-4144
-3057
-2275
3180
11773
18224
19775
13152
7864
1493
-4664
-8519
-10330
-6665
-6673
-5949
-2741
417
3546
813
1156
2942
2632
1348
-1535
1467
4695
6051
7061
6407
6823
3594
-59
-1670
-3818
-5262
-7804
-7378
-4767
-3783
-2688
-2012
187
1575
1055
1401
1694
2382
2198
1486
2040
2618
3193
3031
1968
855
-1148
-2609
-3211
-3362
-3190
-3473
-3050
-1761
-659
257
571
1213
1986
2313
3088
3801
4985
5441
4741
3367
1125
-1163
-3306
-4101
-3835
-3094
-2093
-1098
270
1178
1672
1845
2002
2133
1959
1607
1243
1054
846
479
-147
-972
-1631
-2016
-1962
-1765
-1565
-1404
-1222
-695
-354
-222
-199
-328
-725
-1270
-1800
-2104
-2406
-2526
-2649
-2843
-2619
-2612
-2610
-2936
-3299
-3326
-3805
-3812
-2498
-1534
4542
12116
18819
18708
11621
6283
-495
-5020
-9148
-9780
-6101
-6172
-4154
-1982
1364
3014
-271
620
1868
2624
1025
-1278
2298
5097
7011
6953
5994
6053
2441
-618
-2588
-4041
-5096
-7292
-6275
-4192
-3112
-2368
-2023
7
1023
705
946
1409
2607
2503
1790
2241
2798
3392
2857
1546
356
-1512
-2652
-3173
-3203
-2898
-3254
-2697
-1594
-635
199
233
961
1671
2468
3427
4229
5420
5499
4557
2668
222
-1864
-3420
-3790
-3310
-2445
-1480
-532
403
966
1258
1364
1654
1977
2013
1768
1500
1403
1150
645
-299
-1190
-1772
-2100
-1870
-1656
-1316
-1169
-954
-486
-316
-198
-304
-419
-761
-1329
-1969
-2473
-2693
-2549
-2247
-2258
-2576
-2550
-2590
-2890
-3201
-3658
-3676
-4181
-2938
-2287
3752
12574
19251
19585
11866
6258
-233
-5457
-8990
-9670
-5390
-5193
-3877
-1304
1411
2959
-824
-572
1188
1846
793
-1448
2482
6017
7585
7488
5998
5773
2276
-1042
-2708
-4030
-4734
-6732
-5931
-3683
-2806
-2439
-2457
-846
130
-51
481
1344
2732
2928
2225
2397
2942
3439
2890
1511
192
-1359
-2428
-2672
-2696
-2553
-2834
-2643
-1701
-995
-335
-26
477
1381
2051
3219
4605
5600
5868
4556
2670
342
-1893
-2975
-3443
-2831
-1990
-1262
-312
100
567
718
826
1377
1611
1942
1760
1646
1680
1206
674
-484
-1325
-1782
-2025
-1648
-1481
-1233
-1218
-1088
-774
-682
-522
-465
-418
-623
-1122
-1708
-2324
-2659
-2665
-2571
-2482
-2378
-2255
-2493
-3116
-3136
-3343
-3152
-4119
-3435
-3199
1013
10106
17648
20961
14011
7453
1226
-4458
-7515
-9977
-6094
-4467
-3553
-1126
60
2523
-582
-1666
175
907
1612
-809
1663
5785
7567
8250
5895
5354
2831
-564
-2165
-3742
-3680
-4983
-5224
-3686
-3051
-2485
-2883
-2307
-1157
-856
16
1071
2501
3368
2773
2419
2642
3103
2964
1682
343
-781
-1702
-1844
-2106
-2222
-2308
-2597
-2141
-1627
-884
-254
97
1118
1450
2304
4294
5780
7035
5399
3365
846
-1911
-2753
-3479
-2420
-1784
-1147
-90
-165
476
77
223
998
1470
2447
1967
2019
2051
1595
1117
-474
-1379
-2158
-2166
-1463
-1103
-679
-891
-1133
-1091
-1110
-964
-840
-615
-550
-583
-811
-1303
-2005
-2726
-3159
-3502
-3182
-3043
-2478
-2270
-2130
-2510
-2739
-3581
-4334
-4889
-2109
7973
17165
21916
15960
8368
2638
-3675
-6990
-9632
-6410
-3588
-3400
-855
255
2333
-408
-3215
-1148
89
1457
-46
1554
6277
8036
8437
5816
4299
2528
-671
-1878
-2917
-2711
-3329
-4151
-3167
-2795
-2899
-3526
-3555
-2385
-1399
-246
1260
2745
3734
3282
2284
2145
2424
2561
1836
549
-164
-762
-882
-1168
-1661
-2036
-2848
-2808
-2342
-1497
-430
-20
863
1473
1784
3669
5792
7597
6409
3448
717
-1983
-2865
-2979
-2093
-1029
-655
23
-196
-325
-399
-535
319
1420
2737
2897
2330
2076
1443
714
-681
-1961
-2365
-2073
-1084
-440
-287
-638
-1384
-1851
-1933
-1623
-1109
-571
-179
98
-99
-806
-1951
-3043
-3804
-4403
-4163
-3564
-2467
-1600
-1204
-1673
-2886
-4754
-5115
-5289
1661
12132
20417
20675
11661
5553
-708
-4626
-7654
-8317
-3340
-2366
-788
63
749
1299
-3141
-3548
-1983
136
1319
622
4749
8091
8966
7086
3503
2367
272
-1105
-1464
-1685
-1250
-2285
-2716
-2849
-3598
-4365
-5073
-4433
-2613
-688
1104
2614
3416
3493
2326
1182
1188
1587
2279
1782
1080
870
267
-33
-1222
-2187
-2997
-3738
-3042
-2262
-871
274
461
1287
1719
2879
4312
4773
4846
3092
1644
338
-790
-680
-1070
-705
-887
-1186
-935
-1369
-787
-314
579
1798
2165
2529
1894
1352
907
78
-490
-1230
-1305
-885
-451
-44
-578
-1336
-2152
-2662
-2427
-1935
-1153
-369
264
503
149
-854
-1957
-3246
-4203
-4676
-4255
-3559
-2736
-2124
-1381
-1941
-2655
-4479
-4933
-5576
-1620
9514
18786
21914
13108
5079
179
-3876
-5952
-7885
-3447
-164
103
780
-269
145
-3759
-6227
-3669
-776
2389
2213
4569
8488
8936
6778
2124
210
-165
-611
110
350
915
62
-1670
-3011
-4604
-5815
-6758
-5937
-3311
-22
2139
3037
3159
2503
1385
-378
-550
646
2368
3346
2938
2608
1619
296
-1379
-3129
-3766
-3971
-3255
-1728
-452
914
653
592
627
1558
3507
3903
4075
2917
2049
1332
381
296
-425
-754
-1327
-1744
-1358
-1248
-554
83
1011
1909
2080
1927
1178
634
239
-166
-511
-754
-628
-280
-69
-241
-999
-2000
-2695
-2881
-2304
-1403
-511
59
329
304
-304
-1334
-2253
-3217
-4000
-4440
-4044
-3254
-2358
-2404
-2364
-2956
-3350
-4626
-5055
-5657
49
11342
19999
20226
9787
2377
-1623
-3525
-4982
-5501
-377
2106
2094
930
-1205
-2247
-6665
-7694
-4173
415
4061
4179
6354
8318
7330
3572
-1083
-1878
-448
1596
3150
3192
2344
64
-2613
-4948
-6542
-7402
-6916
-4784
-1336
2086
3234
2631
817
-594
-1321
-1919
-558
1837
4518
5561
4307
2774
534
-1240
-2926
-3945
-3215
-2251
-583
213
686
455
-882
-1308
-1068
1059
3206
4355
4447
3313
2346
931
-12
-471
-779
-657
-854
-584
-319
-98
141
186
492
738
1078
1197
1052
870
432
-90
-705
-1046
-1019
-652
-413
-548
-1147
-1982
-2424
-2468
-1956
-1150
-388
148
142
-4
-603
-1371
-2329
-3257
-3829
-3866
-3366
-2870
-2726
-2989
-3112
-3753
-3882
-4781
-4491
-5010
2437
13180
20429
17171
5635
49
-1922
-1961
-3279
-2811
2692
3926
2429
-1001
-3599
-4601
-7967
-7032
-2509
2740
5666
4979
5903
6314
4353
339
-2887
-1668
1892
5128
6075
4481
1613
-1865
-4672
-6619
-6993
-6430
-4571
-1960
692
2758
2063
-174
-2672
-3605
-2442
-994
1680
4206
5972
5762
3193
688
-1628
-2601
-2713
-2062
-459
833
1244
780
-848
-1743
-2210
-1736
-210
1421
4101
4530
3792
1951
250
-369
-957
-387
148
526
753
351
226
-61
-130
-195
-33
661
1403
1699
1271
621
-136
-745
-1330
-1498
-1230
-775
-378
-719
-1433
-2070
-2465
-2318
-1735
-672
91
247
-38
-640
-1119
-1808
-2617
-3118
-3371
-3108
-2986
-2723
-2914
-3127
-3960
-4065
-4943
-4681
-5910
-723
10220
18457
18103
6385
-627
-1999
-971
-965
-1669
3453
6077
3860
-645
-4810
-5296
-7038
-6958
-2962
2315
6068
5434
4145
3782
2487
-500
-2824
-1707
2661
6716
7638
5526
1549
-2334
-5370
-7024
-6106
-4172
-2129
-597
320
1246
382
-2087
-4370
-4928
-2618
186
2737
4851
5256
4243
1426
-1121
-2049
-1954
-805
318
1521
2256
1489
-94
-2480
-3224
-2208
-625
1553
2735
3385
2533
1015
-181
-1107
-905
-367
930
2032
2109
1294
-45
-805
-848
-281
357
1078
1612
1805
1442
505
-449
-1249
-1405
-1043
-626
-307
-395
-802
-1544
-2390
-2711
-2545
-1884
-878
126
624
123
-735
-1650
-2235
-2460
-2430
-2116
-1840
-1655
-2043
-2728
-3710
-4091
-4819
-4606
-4694
-3604
-4806
273
9812
17016
15047
2909
-2807
-2159
1203
1774
1001
5145
6546
3405
-2385
-6698
-6257
-5866
-3884
113
4200
5959
3752
1372
396
51
-1079
-1198
783
4829
7919
7336
3849
-1114
-4402
-5614
-5387
-3150
-760
853
841
-670
-1755
-3131
-4410
-4916
-3801
-566
2460
4212
4211
2771
691
-1491
-2348
-1418
452
2309
3114
2733
1629
-74
-2145
-2806
-1746
337
2320
2833
2270
881
-462
-1287
-1608
-939
178
1341
2182
2147
1373
52
-894
-799
123
1403
2227
2148
1608
598
-403
-1024
-1213
-716
-18
466
330
-560
-1635
-2761
-3217
-2869
-2148
-1118
-202
399
565
-167
-1332
-2485
-3110
-2757
-1800
-641
-231
-608
-1963
-3312
-4396
-4215
-4392
-3457
-4112
-3256
-5478
-1205
8258
15060
14100
1850
-3467
-1963
1964
3241
1438
5150
6819
3818
-1741
-6732
-5969
-4566
-2009
1525
4397
5180
2594
-77
-1240
-716
-969
-76
2039
5312
7796
6179
2332
-2373
-4907
-4269
-3098
-758
987
1475
605
-1869
-3313
-4193
-4268
-3688
-2217
302
2535
3340
2513
1078
-821
-1899
-1679
-58
2206
3144
3123
1849
332
-765
-2021
-1011
676
2363
3085
1746
411
-1218
-1790
-1398
-607
732
1499
1759
1415
542
-254
-727
-503
577
2017
2922
3000
1944
341
-1021
-1755
-1225
-341
811
1455
1164
176
-1556
-2862
-3446
-3106
-2100
-948
-123
145
-252
-966
-1728
-2154
-2279
-1959
-1221
-613
-744
-1016
-1862
-2498
-3425
-3630
-3536
-2836
-2803
-2912
-4427
-5652
2667
10840
15400
6876
-3101
-3194
928
4619
2451
1901
5438
4965
1595
-4170
-5810
-3876
-1751
1324
3542
4474
2554
-116
-1541
-985
39
193
1866
3450
5876
6040
2746
-992
-4327
-3682
-1683
-177
1408
1062
205
-1873
-3799
-4051
-3658
-2458
-1385
36
1217
1561
790
-235
-724
-1094
-321
721
1924
2768
1804
983
-668
-868
-929
-53
2039
2538
2998
1588
34
-1366
-2365
-1312
-55
1575
2113
1576
548
-808
-1532
-1427
-104
1514
2849
3185
2563
1511
-34
-1068
-1614
-992
264
1136
1543
767
-546
-1973
-2881
-2763
-2195
-1299
-586
-341
-433
-989
-1814
-2525
-2584
-2169
-1250
-830
-744
-1095
-1709
-2544
-3003
-3236
-2628
-2486
-1989
-2680
-3168
-5022
-6183
2472
10648
14744
5992
-4008
-3779
1030
5014
2985
1814
4772
4413
1209
-4287
-5868
-3777
-615
2825
4606
4308
1161
-1377
-2370
-1063
915
1424
3075
3877
5077
4535
1057
-2193
-4547
-2980
151
1837
2562
876
-1180
-3419
-4657
-4060
-2773
-1264
-331
573
654
345
-744
-1709
-1440
-960
700
2106
2476
2358
612
-238
-1156
-867
104
933
2874
3119
2901
754
-1508
-2355
-2131
-150
1263
2293
2002
647
-521
-1648
-1545
-1004
541
2412
3441
3375
1723
81
-1257
-1279
-536
407
1280
1387
1144
38
-1351
-2444
-2824
-2111
-1062
-203
-78
-601
-1213
-1741
-1898
-2118
-2024
-1742
-1379
-1160
-1323
-1937
-2377
-2723
-2325
-2277
-1902
-2522
-2378
-3503
-3278
-5539
-3315
5862
12279
12396
639
-6313
-3262
3183
6705
3667
2971
4076
2444
-924
-5105
-4970
-2339
1723
4965
5600
3123
-1507
-3286
-2700
397
2409
2948
4277
4017
4134
2155
-1175
-2974
-3657
-812
2013
3210
2440
-497
-3154
-4752
-4121
-2315
-634
-42
-328
-234
-905
-1220
-1958
-1720
-332
599
2011
2067
1431
388
-894
-822
-125
784
1868
2178
2818
2249
605
-1178
-2259
-1290
16
1323
1692
1377
381
-912
-1639
-1544
-493
814
2056
2726
2475
1619
312
-447
-367
239
1008
1099
826
146
-402
-973
-1354
-1412
-1392
-1195
-1064
-1128
-1521
-1797
-1570
-915
-531
-683
-1396
-2060
-2584
-2397
-2163
-1625
-1551
-1615
-2144
-2446
-2887
-2943
-3454
-3674
-4116
-4518
3621
10183
12430
3875
-6138
-5208
1305
6990
5932
2748
3178
1913
-327
-3618
-4392
-2233
1036
4251
5275
3433
-1360
-4085
-3090
120
3710
3827
4009
3367
2323
1661
-385
-1587
-1837
-661
1990
2738
2002
-528
-3425
-4689
-3564
-1158
497
489
-1118
-1928
-1936
-1652
-1147
-1272
-308
619
1221
1587
604
-111
-880
-712
560
1565
1940
1523
1185
1420
1637
501
-830
-1220
-393
1107
1421
889
-262
-1153
-945
-520
88
676
995
1511
1690
1545
1127
522
224
656
1219
1360
843
-230
-683
-719
-549
-467
-856
-1197
-1468
-1567
-1421
-1475
-1498
-1386
-1070
-652
-955
-1708
-2361
-2623
-2227
-1595
-1146
-1533
-2109
-2651
-2431
-2814
-2837
-3784
-3290
-4985
-84
7571
11416
7058
-4288
-6859
-328
6739
7760
3059
1627
1383
60
-2258
-3507
-1668
578
3453
4605
3610
-322
-4584
-3904
-712
3818
4854
3565
2761
1110
752
156
-770
-518
-315
1514
2294
1769
-192
-2669
-3948
-3396
-910
736
700
-1212
-3039
-2658
-1754
-467
-365
-341
156
241
616
298
-491
-698
-428
824
1645
1845
1570
1516
1246
622
-5
-618
-17
616
975
811
-67
-514
-1055
-1174
-666
104
1103
1454
1332
1051
773
625
541
736
878
1031
888
564
43
-435
-473
-612
-689
-828
-976
-1182
-1560
-1704
-1626
-1442
-1099
-908
-949
-1508
-2042
-2429
-2192
-1774
-1492
-1525
-1659
-2123
-2438
-2671
-2658
-2670
-3099
-3866
-4998
2339
8671
10393
2244
-6981
-5006
2790
8260
6663
1996
1326
266
-917
-2409
-1680
108
2001
3550
3635
1900
-2033
-4188
-1925
1512
4761
3878
2344
1461
622
757
274
48
301
434
1188
1243
858
-756
-2367
-3255
-2048
42
655
-137
-2343
-3380
-2399
-1117
370
335
-117
-486
-582
-18
285
-5
-141
70
993
1182
1248
1294
1675
1500
298
-531
-688
410
1097
720
119
-591
-611
-660
-655
-261
272
1035
1310
1217
771
526
559
862
1318
1147
830
429
98
145
-129
-299
-576
-843
-848
-994
-1047
-1326
-1527
-1715
-1546
-1136
-926
-1138
-1756
-2127
-2131
-1858
-1540
-1556
-1775
-2012
-2411
-2320
-2676
-2113
-2696
-2523
-4887
-762
6392
9519
5134
-4994
-6429
634
7100
7519
2656
494
-59
-988
-1484
-1021
702
1337
2456
2954
2197
-566
-3785
-2343
1033
4178
4468
2114
984
-9
68
763
907
1044
436
442
523
496
-8
-1298
-2360
-2471
-490
647
122
-1671
-3492
-2798
-1294
50
549
-356
-994
-1270
-751
306
383
95
-117
564
1219
2090
2426
1602
458
-930
-677
295
1184
1258
-84
-877
-961
-654
-313
-524
-472
133
900
1209
962
377
133
699
1309
1649
1015
-70
-437
-165
447
428
-200
-829
-1204
-1112
-856
-892
-1166
-1485
-1498
-1045
-838
-1159
-1780
-2176
-2068
-1770
-1597
-1527
-1995
-2264
-2626
-2312
-2505
-2223
-2928
-2764
-4033
-2618
4535
8496
7030
-2229
-7147
-2048
5624
8135
4343
170
-529
-1035
-803
-706
626
868
1723
2618
2183
87
-2805
-2457
940
3257
3988
1897
873
476
501
1177
1456
1088
215
-410
-47
544
840
-277
-1470
-2218
-1133
265
-164
-1581
-3081
-2731
-823
75
330
-505
-1142
-1401
-997
-246
365
281
-161
125
645
1422
2519
2316
1111
-669
-1272
94
1400
1587
220
-1283
-1376
-745
-208
-288
-462
-57
724
1049
546
63
-65
552
1392
1584
1250
370
-176
-118
98
402
125
-522
-1182
-1379
-1006
-760
-951
-1556
-1668
-1446
-1009
-953
-1706
-2174
-2313
-1751
-1350
-1228
-1885
-2355
-2915
-2402
-2273
-1824
-2536
-2583
-4406
-2396
4504
8066
5729
-3168
-6643
-782
6332
7672
3315
-663
-1080
-710
-16
155
792
493
1728
2663
1684
-877
-2990
-1370
2127
3446
3414
1527
600
48
148
1418
2305
1508
-181
-909
36
1090
1164
-693
-1881
-2060
-690
375
-563
-1947
-2682
-2136
-664
-123
-216
-801
-1332
-1399
-777
86
439
93
-250
157
854
1883
3026
2078
119
-1553
-1020
991
2018
1236
-378
-1256
-910
-404
-374
-471
-278
296
888
671
-43
-369
-178
833
1641
1478
695
-249
-422
51
510
439
81
-500
-937
-965
-755
-632
-1002
-1482
-1523
-1276
-1001
-1249
-1810
-2233
-2080
-1839
-1473
-1818
-2138
-2615
-2225
-2165
-1852
-2367
-2474
-3748
-3177
3212
7115
5936
-1937
-6309
-1665
5529
7517
3578
-934
-1469
-824
429
483
906
654
1625
2622
1490
-901
-2479
-1307
1871
2900
2947
1661
674
53
147
1448
2595
1703
-296
-1161
117
1244
1240
-354
-1437
-1421
-554
241
-497
-1844
-2351
-1937
-739
-218
-525
-1098
-1200
-976
-483
53
102
-125
-598
-397
529
2187
3235
2358
1
-1463
-856
1008
1868
1181
-231
-1024
-903
-452
-366
-536
-336
313
868
757
109
-204
25
670
1260
1179
544
-154
-441
-65
388
541
101
-628
-1075
-987
-604
-471
-759
-1115
-1070
-816
-1044
-1635
-2222
-2134
-1717
-1637
-1852
-2346
-2404
-2523
-2285
-2411
-2191
-2715
-2514
-4100
-1653
4187
7230
3927
-3822
-5815
323
6561
6542
1806
-1561
-1275
-117
410
276
579
773
2070
2238
375
-1737
-2198
74
2664
2740
2073
799
148
-118
803
2178
2491
796
-1187
-1106
459
1292
1037
-430
-1078
-1158
-567
-249
-1059
-2021
-2046
-1123
-227
-302
-894
-1406
-1260
-1081
-509
-76
-197
-440
-548
-315
1376
2735
2582
593
-1386
-1234
509
1804
1399
-92
-1040
-825
-186
-196
-512
-656
-18
758
654
-63
-720
-406
555
1271
1268
559
-233
-565
-130
434
655
243
-725
-1161
-957
-452
-347
-826
-1167
-1076
-884
-958
-1451
-1920
-1897
-1443
-1252
-1389
-1885
-2380
-2774
-2469
-2370
-1954
-2629
-2649
-3683
-2284
3077
6144
3951
-3027
-5739
-428
5893
6411
2120
-1334
-1152
34
708
81
128
483
1788
2486
953
-1629
-2384
-585
2302
2936
2223
774
-83
-118
882
2213
2290
658
-780
-607
788
1030
554
-408
-964
-708
-507
-418
-907
-1691
-1699
-990
-356
-489
-982
-1288
-1151
-843
-568
-94
-245
-525
-404
-43
1453
2442
2062
399
-1037
-738
600
1481
1001
-22
-766
-858
-471
-489
-516
-325
198
776
411
-363
-714
-273
668
1263
1189
462
-266
-576
-306
77
136
-4
-401
-700
-682
-557
-598
-922
-1003
-820
-845
-1055
-1541
-1767
-1582
-1319
-1315
-1707
-2202
-2505
-2509
-2109
-2005
-1799
-2302
-2369
-3582
-2007
2550
5415
3125
-2757
-4643
35
4966
5272
1785
-606
-837
-236
245
148
368
622
1962
2549
801
-1797
-2429
-342
2269
2746
1929
580
-171
-220
983
2052
1818
387
-603
-190
858
942
472
-445
-721
-548
-149
-264
-1093
-1883
-1575
-644
-199
-758
-1440
-1560
-1164
-703
-380
-185
-410
-464
-247
818
1830
1864
822
-588
-858
84
1037
1052
196
-516
-654
-377
-324
-624
-678
-242
373
473
-71
-689
-696
66
827
951
416
-347
-702
-358
91
246
0
-390
-545
-549
-577
-870
-1046
-911
-491
-285
-841
-1515
-1892
-1583
-1081
-1012
-1413
-1962
-2190
-2247
-2052
-2115
-1956
-1929
-1887
-2453
-2789
-243
3089
4061
604
-3105
-2180
1838
3856
2780
797
257
-109
-355
-427
200
558
1344
2375
2097
-305
-2240
-1653
949
2468
2219
1334
341
-214
-18
957
1409
771
45
110
711
625
-138
-508
-465
-51
235
130
-593
-1529
-1797
-1003
-199
-331
-1028
-1351
-1197
-915
-766
-498
-230
-262
-111
715
1420
1165
149
-342
45
564
608
368
-87
-325
-440
-268
-269
-388
-334
114
411
154
-396
-664
-433
104
531
580
58
-476
-626
-463
-318
-346
-405
-378
-367
-422
-591
-875
-944
-605
-100
95
-305
-1057
-1479
-1440
-1124
-936
-937
-1159
-1486
-1730
-1750
-1826
-1809
-1673
-1555
-1752
-1966
-741
1519
2656
1211
-1167
-1525
325
1622
1468
1011
1037
662
-179
-598
-107
482
894
1553
1984
844
-848
-1106
298
1343
1375
1222
1310
1023
449
226
364
147
-218
169
886
866
86
-423
-410
-339
-289
25
87
-494
-1112
-930
-442
-420
-650
-614
-440
-470
-781
-796
-685
-695
-370
508
1299
1052
129
-433
-235
-6
-90
-26
152
211
-1
-352
-567
-664
-556
0
426
323
-92
-350
-309
-289
-281
-141
72
67
-21
-112
-327
-618
-818
-521
-59
109
-93
-346
-606
-770
-545
-222
-233
-485
-704
-778
-855
-994
-1042
-1069
-1008
-1041
-1082
-1206
-1296
-1354
-1226
-1164
-1328
-1136
-401
497
763
253
-236
-267
-443
-376
157
882
905
53
-558
-271
418
621
546
739
579
256
278
733
780
344
165
616
1089
1001
517
198
-70
-356
-209
356
599
206
-48
-2
195
-37
-397
-477
-433
-356
-216
58
71
-216
-395
-242
-258
-603
-723
-444
-48
128
264
393
169
-204
-404
-250
-121
-295
-242
-104
94
-13
-136
-62
-139
-152
-46
144
140
27
36
63
-56
-274
-316
-193
-79
-151
-221
-277
-366
-470
-522
-578
-555
-435
-259
-173
-223
-325
-380
-475
-591
-751
-745
-657
-575
-652
-855
-1046
-1139
-1095
-998
-951
-1047
-1081
-1136
-932
-446
120
178
-79
-324
-439
-366
-88
322
436
256
-69
90
453
640
519
375
299
236
366
797
995
764
436
516
729
789
538
387
300
112
197
369
491
252
-15
129
262
143
-159
-241
-273
-358
-355
-167
-19
-124
-191
-214
-240
-489
-681
-554
-323
-137
87
301
432
294
-39
-215
-402
-537
-306
80
252
189
-1
-59
-83
-170
-83
89
158
183
269
417
256
-85
-215
-54
74
-15
-157
-201
-286
-417
-452
-388
-424
-540
-583
-427
-140
-20
-113
-318
-596
-759
-775
-751
-615
-577
-553
-595
-781
-906
-939
-948
-922
-855
-906
-938
-671
-205
142
137
-94
-415
-500
-295
304
584
442
123
120
445
685
717
640
445
292
449
870
1027
733
284
324
654
767
607
465
442
232
181
277
388
264
147
246
292
176
-48
-105
-100
-165
-188
-126
-44
-153
-217
-74
-104
-386
-583
-541
-270
-132
34
329
493
300
-93
-220
-264
-322
-222
-53
110
-17
-28
95
78
-88
-266
-185
-48
149
274
277
136
-172
-281
-108
-92
-110
-136
-167
-224
-298
-353
-445
-600
-655
-564
-308
-126
-168
-322
-468
-611
-759
-772
-690
-566
-658
-670
-601
-622
-697
-866
-1002
-963
-874
-921
-791
-531
-59
210
162
-96
-417
-550
-316
163
376
123
-178
-5
341
448
343
330
272
304
430
727
844
578
332
538
711
570
441
410
405
113
2
146
151
60
-67
151
297
76
-168
-164
-264
-370
-256
2
-14
-248
-249
-117
-210
-521
-644
-504
-377
-282
39
327
251
-89
-172
-225
-394
-468
-295
-119
-174
-231
-104
20
-160
-292
-230
-75
-62
-71
78
126
-2
-110
-171
-150
-212
-266
-169
-226
-363
-444
-405
-453
-577
-584
-398
-290
-340
-384
-404
-451
-635
-802
-856
-790
-673
-600
-673
-841
-1020
-998
-924
-866
-890
-960
-999
-890
-650
-319
-77
-125
-273
-403
-416
-228
74
136
7
-30
164
284
320
214
257
272
231
286
473
498
390
240
270
295
321
332
348
376
178
140
168
127
68
107
121
79
1
-87
-132
-157
-280
-295
-245
-295
-307
-281
-259
-375
-560
-554
-484
-373
-133
155
269
76
-190
-322
-375
-258
-117
-78
-137
-175
-101
0
-62
-136
-294
-296
-142
0
39
-72
-184
-227
-248
-273
-397
-392
-323
-298
-351
-338
-349
-394
-449
-450
-343
-285
-274
-330
-344
-422
-534
-689
-801
-801
-784
-694
-647
-670
-786
-878
-874
-881
-921
-934
-972
-906
-723
-327
-101
-250
-395
-499
-447
-332
-111
-2
-67
-110
-5
155
229
169
216
248
248
373
465
456
181
50
306
611
559
372
305
215
74
78
253
188
7
-42
129
289
90
-114
-219
-152
-172
-149
-16
-171
-379
-367
-248
-207
-343
-407
-361
-242
-53
117
247
39
-142
-207
-225
-233
-315
-316
-303
-196
-90
-68
-137
-244
-251
-189
-77
31
22
-19
-64
-102
-160
-293
-373
-455
-464
-441
-492
-468
-422
-540
-618
-467
-317
-304
-339
-400
-476
-491
-539
-618
-628
-656
-666
-689
-711
-746
-763
-731
-749
-713
-767
-778
-817
-805
-699
-452
-283
-322
-316
-406
-416
-344
-173
-28
-31
-69
-35
42
150
165
178
212
189
212
302
393
305
163
200
318
401
365
290
314
299
238
165
127
56
74
149
176
82
-64
-86
-90
-45
-59
-96
-104
-263
-307
-218
-235
-363
-393
-329
-116
114
168
145
12
-120
-263
-360
-274
-196
-207
-168
-165
-189
-209
-213
-211
-178
-187
-141
12
-18
-208
-243
-309
-382
-458
-434
-463
-512
-527
-439
-321
-409
-416
-388
-354
-328
-283
-282
-293
-350
-378
-456
-578
-699
-675
-503
-426
-500
-574
-567
-583
-624
-691
-666
-568
-598
-688
-684
-612
-498
-398
-307
-328
-358
-303
-196
-132
-149
-241
-251
-128
99
191
95
72
140
209
243
293
323
261
224
322
438
353
217
191
195
188
182
230
83
-17
-26
48
50
34
-33
-6
67
23
-93
-151
-136
-232
-204
-133
-167
-277
-242
-35
178
270
215
93
-121
-369
-394
-202
-79
-95
-145
-92
-78
-185
-281
-217
-203
-248
-78
136
111
-133
-207
-206
-318
-431
-459
-359
-330
-344
-426
-462
-532
-526
-432
-337
-233
-241
-236
-227
-348
-448
-443
-473
-519
-423
-343
-328
-400
-520
-540
-489
-467
-376
-355
-441
-544
-514
-466
-573
-608
-567
-392
-326
-260
-229
-209
-140
-73
35
-106
-232
-214
-21
191
172
109
27
-3
-1
215
360
238
58
29
251
303
236
172
169
101
165
309
204
36
-72
53
133
117
45
-116
-203
-164
-26
-11
-102
-159
-167
-22
62
53
180
250
221
90
22
-130
-314
-292
-140
-32
-70
-155
-230
-209
-193
-133
-60
-103
-153
-169
-48
-42
-198
-314
-321
-348
-384
-334
-387
-404
-417
-343
-329
-397
-395
-328
-235
-252
-230
-284
-309
-373
-448
-397
-421
-421
-357
-378
-371
-362
-393
-396
-367
-357
-283
-288
-320
-336
-366
-319
-436
-540
-473
-289
-109
-24
-73
-200
-318
-315
-234
-92
-38
-84
-142
-108
-40
6
-5
-56
-38
-25
38
106
183
122
81
126
120
89
33
51
100
88
88
180
97
-8
30
94
62
60
109
78
-5
-60
-38
-15
25
-69
0
182
258
273
214
74
-41
-108
-43
55
-22
-113
-61
94
103
-49
-131
-161
-147
-68
38
93
-69
-209
-261
-265
-300
-336
-339
-337
-361
-240
-211
-229
-355
-361
-254
-168
-153
-235
-270
-287
-282
-261
-332
-337
-342
-257
-162
-202
-264
-363
-400
-325
-214
-164
-145
-213
-278
-292
-261
-263
-366
-346
-372
-297
-183
-83
12
-67
-115
-203
-252
-232
-89
81
142
123
74
33
-20
-81
-87
-26
50
140
161
283
208
62
78
139
167
164
130
137
160
139
90
62
9
-19
41
59
114
28
14
83
109
68
-58
-57
22
74
150
193
135
-3
-74
-17
-7
-7
-49
43
153
77
10
-38
-57
-60
-83
12
35
-8
-62
-12
-151
-366
-340
-296
-296
-257
-227
-210
-294
-344
-326
-237
-191
-222
-264
-260
-164
-235
-282
-353
-366
-293
-170
-196
-280
-261
-206
-222
-189
-171
-154
-148
-156
-161
-119
-142
-227
-273
-267
-274
-236
-272
-247
-245
-200
-60
44
-43
-158
-145
-110
-41
28
102
58
30
11
127
154
28
38
-13
26
44
136
245
201
139
167
197
171
163
135
98
93
172
142
167
118
27
112
160
109
45
139
139
131
200
235
212
124
59
128
120
53
11
-12
-56
18
178
173
78
-98
-89
-7
68
84
43
34
-39
-38
-91
-198
-290
-275
-217
-196
-167
-125
-146
-226
-211
-207
-183
-216
-277
-271
-198
-213
-268
-306
-308
-230
-216
-120
-106
-165
-190
-215
-180
-154
-157
-100
-117
-140
-104
-97
-137
-130
-182
-161
-125
-120
-156
-139
-97
-146
-113
-63
3
76
67
-11
-82
-147
-104
35
47
75
23
3
88
129
100
52
26
56
123
134
233
212
157
80
83
152
133
148
190
219
199
203
176
145
99
129
134
163
183
206
277
286
190
120
106
22
105
202
177
151
179
196
141
46
4
45
141
81
37
38
74
-1
4
40
-93
-130
-184
-103
-65
-119
-107
-101
-159
-157
-157
-158
-159
-195
-124
-15
-88
-191
-282
-317
-238
-214
-160
-89
-140
-81
-49
-126
-148
-207
-111
44
21
-40
-54
-127
-135
-96
-113
-74
-39
-27
1
-49
-113
-137
-133
-68
-23
-48
-92
-87
-12
36
79
32
-25
1
38
94
108
85
71
60
14
103
128
173
126
123
171
101
148
237
261
220
160
96
174
183
183
201
163
179
156
121
109
66
91
202
249
276
136
141
170
165
104
54
42
-9
70
97
112
58
73
-12
-5
16
-11
49
62
78
-19
-27
-98
-118
-135
-150
-97
-115
-41
-84
-118
-104
-115
-79
-114
-141
-101
-131
-143
-95
-115
-68
-106
-179
-108
-59
-30
-33
-7
-8
-2
14
4
25
46
-16
-68
-57
-50
-87
-183
-106
-64
-10
14
-24
24
12
14
-11
14
22
13
119
113
105
134
104
28
14
15
30
124
161
185
194
223
221
226
264
245
253
267
213
218
220
203
224
306
274
210
229
265
291
295
247
206
215
211
217
195
157
166
165
227
261
172
151
166
211
179
123
81
95
99
103
131
102
38
-22
11
31
4
33
59
-2
33
89
28
74
49
-11
40
44
-20
36
53
97
67
34
-5
-66
-50
-59
-16
-21
13
25
32
41
54
17
6
28
78
52
71
77
-10
77
81
107
94
126
95
55
106
80
127
24
40
122
106
158
50
55
61
138
184
151
167
187
210
272
221
117
173
178
234
291
323
235
174
115
145
180
191
166
189
222
231
216
138
186
213
213
204
173
174
180
219
174
133
144
189
190
206
240
208
179
151
173
182
142
123
127
124
107
95
134
156
104
10
22
-6
7
-9
13
41
108
104
105
99
37
-18
-41
-25
-7
91
107
42
17
18
24
29
52
60
69
98
83
80
74
89
91
100
61
88
117
119
76
79
35
12
16
-3
33
37
60
25
48
56
78
120
90
43
61
118
175
104
95
110
95
126
136
156
121
60
60
94
100
100
89
149
156
148
164
100
140
160
108
121
107
89
88
97
137
121
79
122
125
123
112
192
202
173
193
147
135
153
106
102
190
202
166
166
105
64
60
63
99
107
46
72
57
57
90
64
48
29
52
57
77
42
56
27
-16
33
-24
44
141
124
