22
25
-36
-19
-29
-18
35
9
45
67
103
82
11
-4
-33
-47
-26
-14
-16
-2
54
28
34
10
-1
-36
-62
-14
-16
-58
-71
-50
-2
-19
-17
1
17
42
-2
19
11
-25
-48
-61
-69
-43
-52
-56
-56
-11
-10
14
39
8
-18
-20
37
2
-14
15
8
8
22
-59
-83
-7
-10
-18
9
18
-6
-29
-53
-76
-98
-90
-90
-98
-94
-34
-42
-55
-11
-47
-50
-47
-20
-27
-111
-50
-48
-74
-51
-49
-72
-104
-93
-104
-92
-28
1
-123
-75
-96
-31
-46
-89
-29
-37
-28
-74
-92
-84
-78
-1
4
-35
-30
8
-8
-26
-100
-46
-34
-74
12
9
-38
-84
-103
-127
-58
-98
-137
-140
-85
-52
-100
-56
-135
-133
-59
-51
-26
-97
-125
-73
-70
-107
-106
-65
-87
-55
-44
-106
-100
-89
-103
-127
-89
-120
-35
-22
-18
9
-27
-52
-46
-11
-32
-108
-68
-79
-47
-77
-144
-96
-75
-63
-46
-50
-28
-40
-88
-59
-5
-67
-80
-85
-122
-91
-58
-101
-107
-106
-102
-42
-57
-37
-24
-9
-23
-85
-49
-24
-1
2
-37
-28
21
-1
31
6
-24
11
-3
-10
-54
-105
-107
6
-22
-34
18
-22
-27
-5
-46
-43
-36
-45
-12
-27
-65
-88
-71
-81
-91
-66
-25
-23
-17
12
4
-1
44
23
-20
-31
19
-14
-27
-42
-31
7
-19
-7
-62
-125
-37
-37
-28
-6
-49
-30
-78
-50
-23
-46
-12
-24
-56
-49
-76
-99
-106
-81
-42
-46
-37
-14
-55
-57
-54
-33
29
-1
-2
-65
-73
-54
19
-14
-43
-10
-58
-64
-52
-46
-50
-53
-77
-75
-48
-29
-11
-30
-47
-67
-65
4
15
-25
-30
-3
11
-2
-45
-10
0
-2
5
-48
-28
-69
-58
-27
-76
-13
-47
-18
-61
-60
-105
-115
-91
-72
-38
-65
-94
-83
-22
-58
-69
-50
-71
-72
-34
-11
-30
-72
-71
-61
-17
-64
12
-18
-68
-49
-35
-66
-55
-6
-21
-7
-19
-60
-69
-19
14
-18
-15
-5
4
17
53
32
-1
48
31
13
8
3
-17
-12
0
-18
45
14
23
-17
-54
-63
-35
43
13
28
-12
8
-32
-26
-6
21
-15
-7
-3
-69
-38
-50
-28
-38
-8
-55
-39
-33
-38
-31
-14
-43
-93
-35
-53
-73
-37
21
40
2
10
-12
-13
16
-54
-34
26
-67
-91
-51
-21
-23
-4
49
21
11
-20
6
17
4
-15
7
-21
-12
-25
-18
36
-34
-22
-13
60
61
7
-4
-14
-33
-39
-25
-17
-3
-47
-39
61
-21
-25
14
-21
19
1
-31
-60
-42
-8
24
17
25
1
-12
20
11
-10
-38
-29
-8
-42
-45
-1
0
-10
7
21
-30
2
34
25
9
35
49
78
59
-22
-11
-26
-48
-30
-66
12
13
14
36
7
-31
-13
34
-39
-42
-43
-77
-94
-33
15
18
15
24
48
-19
-19
-35
-37
19
-12
37
-15
-75
3
12
2
-2
-39
41
-15
-64
-55
-45
-86
-78
-16
-17
-58
-29
-54
-32
-17
-5
-1
30
38
5
42
-27
33
-36
-26
-9
-47
-73
-38
-59
-85
-64
-92
-78
-82
-30
4
33
-3
-18
-11
16
24
6
-31
-73
-12
-61
-53
-55
-49
-35
-71
-105
-46
5
-50
-64
-9
-39
-93
-58
-84
-73
-102
-78
-70
-92
-85
-83
-42
-19
-40
-45
-37
-97
-54
-73
-48
-47
-28
-14
-33
-5
7
-64
5
-269
136
394
-599
-462
476
124
-747
-63
326
28
-818
306
738
-1192
-174
708
-221
-640
-42
390
-199
-400
15
58
-105
-226
-49
9
-93
-204
-134
55
-117
-132
-124
-86
-157
-151
-21
-45
-9
-70
-68
-34
-74
-109
-43
13
17
-33
-47
13
-11
-84
-50
-1
37
-29
-88
19
-1
-79
-60
-16
-62
-43
-34
-77
-50
-104
-67
-32
-56
9
-23
31
-25
13
-30
24
-346
74
692
-422
-338
170
229
93
-329
-243
-25
212
54
-378
-167
92
20
-27
-189
-93
124
78
-2
-174
-159
-15
46
-20
-121
-19
59
28
3
-23
-61
-6
-1
-57
-101
-95
-36
-9
-112
-127
-152
-158
-114
-131
-99
-151
-131
-46
-44
-113
-132
-122
-152
-119
-127
-126
-121
-65
-92
-66
-75
-96
-118
-99
-141
-132
-119
-129
-75
-80
-37
-58
-33
-23
-107
-81
-55
-29
-42
11
6
-81
-90
-82
-73
-49
19
-9
14
16
-24
-17
33
39
49
50
12
0
18
-5
34
54
12
-29
2
63
7
-42
-22
-58
-98
-33
-36
-21
-48
-69
-23
19
21
-32
10
-29
-3
-14
-37
45
46
41
59
23
29
-47
-83
-136
-141
-100
-110
-165
-236
-167
-207
-212
-277
-207
-160
-176
-181
-123
-72
-213
-190
-152
-69
-153
-206
-126
-55
-44
-78
-112
-86
-62
-97
-70
-87
-13
7
-7
62
72
56
45
36
67
28
28
22
37
82
125
113
105
83
34
23
40
12
32
97
86
76
33
44
-22
16
65
51
3
-116
-60
-102
-92
-52
-54
-48
-70
-73
-122
-124
-139
-120
-44
-34
-62
-87
-27
-44
-66
-139
-130
-75
-106
-149
-117
-112
-183
-132
-84
-37
-68
-79
-61
-57
-99
-97
-33
2
-15
-61
-78
-65
-49
-76
-23
-15
-58
-22
-42
-24
-57
-46
-39
49
65
48
83
31
17
4
8
-2
58
33
63
57
17
46
-4
13
-17
-12
19
9
-30
-46
-54
12
4
-52
-49
-34
-66
-105
-83
-108
-70
-105
-57
-46
-80
-84
-149
-81
-16
-49
-49
-47
-54
-72
-45
-92
-100
-36
-27
-58
-53
-50
-72
-57
-91
-71
-45
-68
-68
-45
-21
-23
-42
-58
-122
-102
-52
-52
-6
16
1
42
-21
-47
-119
-74
-1
-30
-4
-40
-2
-2
-63
-52
-61
35
8
-31
-65
-54
-60
-82
-57
-64
-49
-72
-68
-65
-26
-88
-85
-92
-82
-111
-147
-148
-126
-77
-48
-38
-68
-70
-73
-58
-107
-84
-95
-107
-67
-48
-8
-76
-120
-72
-73
-65
-124
-82
-83
-119
-94
-90
-73
-46
-49
-69
-102
-119
-58
-23
-44
-89
-77
-80
-93
-63
13
-42
-26
-47
-90
-57
-74
-37
-12
52
-54
-131
-111
-113
-75
-18
19
15
-39
-44
-61
-100
-73
-77
-56
-100
-90
-50
-58
-51
-83
-75
-98
-137
-118
-108
-39
-86
-28
-12
-81
-104
-107
-80
-50
-111
-179
-163
-135
-60
-35
-64
-62
-59
-50
-35
-76
-58
-48
-38
-2
-16
-6
-11
-36
-58
-48
-67
-117
-89
-44
-87
-34
0
-7
-44
15
5
-91
-109
-90
-59
-87
-84
-54
-51
-54
-8
-39
-48
-134
-100
-106
-55
-38
-83
-109
-89
0
-7
-9
4
-9
-38
27
-13
-36
-82
-34
21
94
4
-148
-115
38
47
52
39
-58
-140
-101
-3
-66
-128
-171
-130
-85
-100
-72
-48
-70
-85
-76
-50
-29
10
-20
-10
-44
-30
-55
-52
-41
-10
-34
-66
-22
-49
14
-3
-19
-23
5
10
-38
-49
-18
-43
-34
-37
-8
-12
-20
-3
-9
0
20
-45
-34
-10
-47
-22
16
16
-3
-75
-96
-31
-35
-37
-16
-8
-40
-23
2
-32
-75
-90
-79
-55
-55
-23
-42
-17
-45
-28
-2
-27
-14
-31
-29
-76
-42
9
43
15
-53
-29
-18
13
-6
5
-31
-51
67
72
-94
-207
-111
137
89
21
38
-7
-94
-86
71
101
-17
-85
-126
-151
27
98
68
-1
-64
-8
8
96
108
49
33
-62
-63
-28
-28
55
-6
-65
-48
-1
57
55
62
12
-36
-49
-13
52
10
48
24
-17
-29
-44
-5
2
-22
-81
-63
-75
-59
-27
-37
-17
-26
-64
-66
-82
-33
-17
-29
-65
-61
-61
-55
-51
-56
3
-24
-13
-72
-18
10
-59
-25
-120
-79
-8
-3
-2
-86
-76
-45
-16
-37
-49
-72
-94
-41
-68
-33
-22
-11
-32
-16
8
10
14
-58
-63
-29
-30
-67
-28
-26
-19
-32
-54
-8
15
-44
-25
-36
4
20
39
-12
-32
15
-56
-36
-48
-25
30
24
22
3
17
29
30
-44
-26
4
-42
-28
-40
-8
-21
-41
-36
-34
-65
-53
-34
-52
-53
-20
13
-33
-13
-4
-11
36
-9
-14
-35
-40
-91
-58
-46
-49
-25
-20
4
-47
-47
-21
-39
-57
-34
-40
3
-28
-26
-22
-6
50
47
44
75
48
2
21
-4
70
24
-15
-14
-85
-57
-36
11
36
-18
-22
-20
-71
-60
-48
-23
-12
-83
-52
5
3
-29
-71
-30
-29
-40
-37
-27
-28
0
25
37
-16
-67
-2
-36
-8
4
-32
0
-47
-81
-77
-62
-39
-53
-8
22
-19
49
36
-15
12
-35
-70
-31
26
-28
-36
-35
-26
-7
-25
-16
-62
-37
-88
-74
-41
-25
-48
-9
54
62
36
-17
28
7
19
58
75
86
79
53
11
45
29
26
45
-12
-16
-2
30
24
17
9
-15
48
-11
-68
-20
-14
30
2
-12
-64
-68
-8
-28
-14
-13
-28
-13
-24
-43
-28
16
16
-3
14
-2
-12
14
-21
-26
-9
-11
35
39
7
-24
-8
-13
-32
-41
-47
-25
-2
-29
-52
-44
-14
36
41
17
60
73
24
41
29
-36
20
76
5
58
98
66
17
35
79
46
23
15
33
-15
16
-4
60
46
106
62
10
59
39
47
34
-2
-27
10
-10
29
8
-44
-23
-40
-8
34
11
5
32
11
17
3
27
-3
20
57
80
117
89
90
49
40
50
36
60
32
46
20
19
-19
42
82
48
96
88
103
119
72
48
22
35
30
50
21
31
84
70
62
164
627
1057
899
107
-460
-295
220
700
899
693
66
-565
-797
-360
248
674
532
-97
-435
-600
-367
-4
257
327
-37
-474
-683
-410
-55
149
14
-269
-445
-518
-334
-37
175
102
-168
-486
-521
-170
50
-54
-207
-365
-437
-494
-382
-173
-111
-165
-220
-179
103
603
777
492
148
17
242
584
918
1052
812
264
-65
62
356
688
742
470
164
-58
-107
8
179
352
230
-89
-379
-337
-206
-45
56
-13
-135
-206
-130
-84
109
204
167
99
29
125
220
304
281
185
146
73
34
169
297
206
97
36
6
-29
76
77
-23
0
-34
-84
-127
-175
-92
-99
-123
-28
-94
-101
-116
-36
-15
-65
-23
-10
62
51
88
80
81
205
217
201
200
136
96
104
138
184
167
195
182
131
94
49
24
67
105
-6
38
67
64
75
95
84
96
113
75
85
70
18
50
51
28
-22
-17
71
-5
-12
34
59
33
80
108
44
6
-30
22
-35
-8
18
28
35
0
19
-15
-24
-28
-47
-46
-50
-50
-8
-45
27
30
-12
0
-11
38
29
31
-5
28
73
52
29
42
93
65
51
73
90
21
44
41
1
52
18
-17
-33
-39
-23
-3
-19
-87
-79
-35
-25
-26
7
-26
-54
-36
-25
-1
11
78
9
137
1367
2466
2027
-345
-1775
-1108
36
997
1718
1921
80
-1857
-2220
-1057
181
886
1099
340
-773
-1628
-1437
-522
486
618
-222
-849
-835
-551
-333
-62
152
-151
-539
-549
-107
452
488
124
-251
-323
-97
130
387
476
160
-316
-390
-118
159
322
268
0
-323
-345
-189
-59
-34
-267
-442
-447
-271
-148
-192
-423
-556
-505
-395
-204
-216
-324
-730
-1012
-965
-458
160
523
171
-444
-635
-162
918
1662
1521
419
-229
98
744
1158
1591
1810
906
-421
-719
143
861
830
702
324
-660
-1336
-776
192
214
-241
-405
-645
-1039
-1015
-348
81
-184
-565
-563
-563
-447
-32
278
110
-182
-80
117
186
291
590
554
115
-39
252
384
263
199
246
30
-249
-106
212
177
-131
-185
-172
-287
-380
-114
-23
-180
-301
-19
437
282
-166
-235
308
331
21
-20
415
401
-45
138
377
243
-217
-49
325
120
22
110
117
-209
-446
-369
-158
-72
-213
-328
-354
-336
-420
-482
-348
-194
-237
-396
-300
-217
-279
-326
-207
-103
-228
-286
-218
-108
-114
-114
-191
-163
-243
-354
-325
-309
-176
-236
-415
-428
-327
-307
-336
-267
-120
-246
-457
-501
-451
-475
-461
-313
-339
-407
-643
-700
-797
-584
99
791
785
-55
-500
-508
-119
350
1076
1462
986
407
375
816
760
642
906
1017
722
343
460
574
267
-178
-204
-12
-110
-236
-236
-234
-600
-885
-749
-510
-414
-447
-396
-546
-726
-583
-273
-105
-188
-135
-89
-190
-158
105
363
251
175
164
234
224
222
359
393
176
37
124
198
104
96
84
8
-247
-268
-185
-55
-258
255
1436
1754
1130
34
212
-85
-172
270
1279
1363
142
-374
-817
-693
-658
67
518
277
-125
-781
-788
-640
-249
-314
-445
-389
-522
-736
-778
-533
-549
-780
-726
-483
-427
-522
-443
-450
-621
-608
-375
-131
-293
-578
-766
-734
-824
-774
-639
-617
-871
-1178
-1343
-1291
-1201
-1312
-1465
-1629
-1670
-2084
-2064
933
5863
6787
684
-5710
-4219
1720
4442
4269
6160
6092
-706
-6980
-3379
5273
6595
2383
919
1196
-2619
-6126
-1867
4516
3794
-1932
-3678
-1508
-1406
-2682
-1225
1595
612
-2812
-3245
-728
521
-626
-857
51
-212
-1121
-340
1404
1355
88
-309
372
706
843
1578
1718
527
-500
15
884
983
1063
1046
4
-1309
-1184
116
515
-135
-573
-657
-1324
-1859
-860
224
175
-843
-1024
-939
-903
140
2714
3897
1236
-2174
-2529
263
1794
2593
3016
2146
-886
-2953
-1219
1368
2387
1461
964
-27
-1396
-1850
-511
1121
721
-912
-1874
-1303
-754
-573
-455
-467
-1378
-2303
-1766
-211
337
-291
-978
-1145
-1177
-757
326
832
193
-1057
-1536
-1074
-260
-12
-224
-885
-1599
-1782
-1404
-872
-991
-1429
-2331
-2628
-2810
-2190
-1997
39
5339
8140
3760
-5818
-7035
577
6988
6387
5527
7042
2598
-6097
-6762
3554
9980
4954
240
690
2
-5257
-4673
3112
5684
-448
-5840
-3064
-301
-2090
-3464
-510
1703
-1500
-4097
-2035
1009
95
-2337
-1394
433
381
-299
793
2020
543
-1014
-277
1633
1945
1439
1379
798
-161
-523
847
1934
1610
602
-318
-850
-1101
-156
973
909
-352
-1277
-1174
-1208
-970
23
1393
2491
1667
154
-1549
-1389
-202
1229
2206
1981
1060
-1055
-1711
-1195
287
1127
1311
912
-253
-917
-987
-211
478
611
104
-662
-933
-875
-655
-395
-377
-634
-1171
-1187
-1038
-887
-844
-983
-1115
-1148
-752
-621
-929
-1487
-1780
-1671
-1483
-1117
-1212
-1614
-2511
-2741
-2595
-2168
-2270
-2301
-2843
-2014
-1719
1456
8120
11447
5562
-6691
-7993
1556
10127
8487
5629
5844
1901
-6422
-7471
3320
11263
6214
-474
-1792
-680
-4628
-5088
1354
5547
464
-6225
-4343
218
-733
-4158
-2559
1260
-533
-3926
-2631
1068
753
-3072
-2774
356
1946
597
431
1521
857
-809
-290
2528
3546
2065
783
506
425
166
1202
2563
2016
164
-1066
-803
-510
-146
288
240
-1006
-2285
-1767
-770
-418
-607
409
1983
1830
-61
-1453
-712
346
932
1757
2578
1771
-527
-1398
-556
534
1049
1336
1446
262
-831
-924
-91
523
431
82
-641
-1080
-1164
-898
-644
-576
-865
-1532
-1685
-1378
-1287
-1259
-1252
-1323
-1540
-1190
-106
456
-403
-1787
-2420
-2139
-1409
-1013
-1507
-2576
-3708
-4252
-3740
-2974
-2022
-3135
-3274
-4884
1136
10996
14985
3792
-10800
-7883
5784
13744
10390
8537
7774
598
-6979
-3682
8934
11958
4013
-2075
-1556
-596
-4864
-4033
761
1351
-4412
-6883
-2133
-551
-5440
-8860
-4641
-116
-1682
-2954
-1224
61
-3592
-5117
137
5356
4566
776
943
2729
2111
1504
4134
6970
4568
1030
1094
3724
3351
997
959
2038
1061
-1611
-2052
-561
-1110
-3231
-3892
-2350
-2231
-3464
-3948
-2171
-151
-296
157
1574
1800
-647
-1961
994
3985
4185
3069
2852
1507
-194
567
2858
3500
2084
1347
570
-560
-929
-493
-68
-544
-994
-1572
-2155
-2490
-2755
-2806
-2563
-1833
-1759
-2195
-2505
-2764
-2652
-2091
-994
-609
-1345
-2250
-2544
-2518
-2267
-1892
-1552
-2068
-2864
-4070
-3920
-3651
-2355
-2629
-2135
-3579
4260
15517
17480
2019
-14206
-7211
10390
18392
12102
7901
5886
-1353
-7841
-2491
10630
11670
1831
-4759
-3274
-1495
-6101
-5765
-1480
-640
-5548
-6952
-2206
-2035
-7913
-10292
-3971
1733
223
-2011
-1461
-419
-3395
-2935
3404
8095
5721
941
1300
4063
3829
3112
5116
7062
4120
627
1121
3829
2461
-833
-838
1128
442
-2737
-3700
-2218
-2756
-4732
-4706
-2418
-2186
-3990
-2767
1366
3034
-570
-3185
-1084
2354
3609
3976
4375
2474
203
890
3590
4119
2678
2252
2126
930
-188
159
372
-521
-1189
-1057
-1011
-1832
-2811
-3407
-3367
-2700
-2445
-2427
-2628
-3135
-3660
-3428
-2494
-1889
-1845
-2026
-1807
-2315
-2650
-2569
-1455
-1172
-1607
-3171
-4193
-4314
-2913
-2150
-1749
-2205
-429
11552
18804
12529
-7801
-12851
4060
20529
17590
4754
774
2159
458
-1758
3001
8729
3838
-3535
-5632
-964
-1156
-5416
-5997
-4524
-4105
-5020
-3329
-2193
-5773
-9251
-7043
-766
1397
109
-1491
-1546
-1627
-1476
2365
6127
6054
3105
1812
3650
4821
4483
4502
5103
4095
2212
2114
3175
2663
-295
-1580
-713
-8
-1235
-3009
-3435
-3710
-4598
-4624
-3678
-2808
-3299
-3460
-756
2217
2998
581
-925
-360
1655
3914
5538
5412
3011
1196
929
1930
2730
3076
3107
1604
136
-604
-383
-567
-1251
-1598
-1658
-1872
-2487
-3188
-3723
-3917
-3596
-3016
-2630
-2965
-3599
-3910
-3693
-2818
-2082
-1448
-1557
-1981
-2136
-2134
-2158
-2286
-2355
-2797
-3390
-3195
-2472
-2050
-2638
-1127
11604
20189
14483
-7238
-14942
-62
17403
19001
10560
6327
1959
-4726
-6813
2303
11551
8082
-522
-5645
-3712
-3688
-5660
-4641
-3174
-3048
-4554
-3555
-3092
-6011
-9100
-7509
-2083
1153
1508
-77
-1981
-3357
-3170
1334
5747
7106
4874
2484
2157
2864
3813
5174
6097
5191
3121
2124
2243
2127
460
-247
-26
210
-693
-2334
-3250
-3908
-4448
-4212
-3042
-643
680
298
-1742
-3277
-2555
-38
2392
3240
2765
1719
1008
810
1234
2487
3275
3404
2982
2491
1668
541
-19
30
390
434
-122
-1242
-2383
-2951
-2948
-2541
-2480
-2827
-3472
-4253
-4556
-4184
-3511
-2779
-2714
-3036
-3446
-3271
-2829
-2034
-2262
-2681
-3540
-3317
-2764
-1974
-3414
-3760
-3573
2578
16790
21937
11295
-10952
-13725
3713
20669
20137
11389
5924
706
-5519
-5935
4246
12318
7686
-1399
-6253
-3375
-4013
-6774
-6509
-3732
-2247
-3670
-4102
-4813
-7546
-10083
-7927
-1578
2498
2316
-1126
-3358
-3795
-2162
2466
6562
7920
5415
2676
2313
3492
4642
5572
6186
5489
4090
3098
2722
1734
-233
-761
-29
756
-167
-2316
-3751
-4660
-4756
-4264
-2411
1204
3058
1040
-4036
-6122
-3430
1386
4166
4525
2883
370
-762
106
2166
3717
4037
3719
2718
2108
1603
656
-215
22
634
698
-95
-1552
-3039
-3997
-3725
-2707
-2264
-2772
-4140
-5582
-5929
-5244
-3906
-2752
-2029
-2127
-3572
-4942
-5663
-3958
-2524
-1298
-2961
-4208
-5877
-4299
-2813
4426
19819
26357
12718
-14320
-18442
3380
24952
23681
12537
6661
1915
-6831
-9153
2934
14942
10697
-1137
-6792
-3224
-4928
-10013
-9500
-2618
745
-2498
-5538
-6227
-8728
-11974
-9318
-380
5101
3183
-2491
-4712
-3872
-1856
2283
7173
9275
6480
2860
2452
3951
4618
4952
6254
6654
5501
3659
2462
946
-1283
-1507
271
1903
474
-2577
-4842
-5325
-5227
-2375
1222
2723
-249
-5074
-6289
-3667
640
3307
3564
2028
289
-450
24
1746
3407
4435
4226
3888
3478
2022
485
-264
471
1505
1694
718
-1209
-3064
-3959
-3485
-2606
-2024
-2755
-4509
-5710
-5768
-5031
-4515
-4263
-3799
-3020
-2423
-3235
-6013
-6790
-5906
-2785
-2125
-2425
-5241
-5391
-5365
5714
22292
24915
7946
-15839
-11139
10840
27540
23385
11655
3173
-3418
-5255
788
11643
13042
3545
-4554
-5959
-2044
-4673
-7012
-6950
-4446
-3145
-4232
-4701
-7526
-11596
-11793
-5949
1086
2316
-290
-4372
-5297
-3990
386
5855
7928
6687
3964
3493
4480
4881
5721
6932
7445
6177
4973
4578
3425
842
-1028
174
1639
1512
-1044
-3523
-5046
-5659
-5211
-3022
135
1812
-100
-4445
-6432
-4549
-779
2150
3254
3020
1373
-241
-463
1129
3341
4842
5252
4780
3850
2489
1149
451
973
1939
1906
817
-975
-2774
-3750
-3651
-2940
-2754
-3525
-4840
-6000
-6121
-5250
-4337
-4296
-4259
-4023
-3461
-4474
-5555
-6212
-4617
-3677
-3090
-4744
-5834
-5138
1338
19551
26457
14969
-11749
-16771
4092
24951
25065
14096
8503
4123
-4080
-7265
3600
15479
11208
-72
-5397
-1719
-3671
-10602
-9853
-2863
1308
-2729
-6434
-7481
-9801
-12866
-9906
-1103
3832
1244
-3944
-5673
-3894
-2082
2169
6246
8334
6257
3691
3686
4989
5183
5645
6931
8003
7407
5629
3426
1373
-558
273
1971
2815
712
-2482
-4988
-5604
-5428
-2718
874
1711
-888
-5122
-6237
-4742
-1815
1210
2665
2108
470
-517
-661
501
2371
4359
5220
4954
4414
2701
1112
641
1407
2499
2466
1437
-378
-2285
-3189
-3245
-2640
-2230
-2687
-4625
-6245
-6489
-5424
-4135
-3858
-4496
-5118
-4956
-4821
-5084
-5863
-5232
-4026
-2731
-5289
-8001
-9389
7086
27846
29072
4080
-21870
-12176
14393
28529
20814
13421
10359
1838
-9367
-6033
11415
18209
7412
-3432
-3245
87
-7823
-12565
-7098
1600
880
-5381
-7559
-8099
-11975
-13738
-6904
2144
3112
-2163
-6438
-5243
-3499
-1169
3155
7062
7806
4971
3572
4565
5129
5071
5960
7770
8506
7779
5958
3469
419
-798
1412
3460
3304
101
-2961
-4827
-5547
-3711
-359
1284
-462
-4059
-5597
-5063
-3233
-955
793
1221
729
-42
-422
179
1479
3114
4260
4699
4628
3578
2162
1221
1332
2123
2589
2127
732
-961
-2213
-2760
-2800
-2524
-2859
-4029
-5445
-6027
-5636
-5299
-5218
-5085
-4436
-4568
-5453
-6426
-6860
-6206
-6014
-5307
-6207
-7223
-7408
9497
28248
27809
-83
-24037
-10191
19338
31647
20671
12046
9686
1655
-9597
-4812
13814
20446
7782
-4675
-3757
-304
-8668
-13089
-6379
3567
1574
-6748
-9948
-9947
-12813
-13326
-6094
2641
2522
-3968
-8400
-6252
-3367
-156
3758
7283
7467
4458
3278
4562
5506
5910
7178
8987
9231
7683
5628
3393
854
62
2249
4339
3586
-657
-3892
-5594
-4625
-2800
-270
471
-1683
-4832
-7019
-5826
-3236
-420
975
839
-58
-1136
-1105
-216
2045
4141
5326
5273
4173
2847
1568
1476
2186
3066
3027
1896
264
-1355
-2295
-2532
-2332
-2422
-3407
-4707
-5753
-5816
-5780
-5830
-5939
-5785
-5183
-5232
-5836
-7127
-7187
-7102
-5863
-6343
-6477
-9136
918
23053
32206
13696
-19748
-19496
8880
31337
25713
13483
10934
7070
-5571
-10334
5917
21608
15401
-862
-6455
-382
-4583
-13135
-10651
1343
5180
-4185
-11335
-11087
-10869
-12992
-9445
-495
3326
-1634
-8044
-7517
-3644
-1297
1504
5075
7873
6204
4057
4154
5099
5187
6251
8774
10284
9052
6275
3743
1534
206
1798
4252
4643
864
-3676
-5366
-3859
-1859
-778
-1546
-2777
-4430
-5663
-5493
-3907
-1673
-325
-326
-461
-507
-543
-263
1168
3290
4948
5138
4354
3113
2242
2198
2531
2767
2619
1828
679
-485
-1457
-2267
-2993
-3198
-3479
-3971
-4817
-5464
-6116
-6493
-6367
-5771
-5417
-5831
-6722
-7366
-7625
-7447
-7255
-7225
-8387
-7219
12525
29913
26821
-5603
-25589
-7294
22915
31689
18959
11868
10255
1437
-10770
-4418
16024
22013
8477
-5181
-3363
-1112
-10161
-13607
-4573
6390
1549
-9470
-13017
-10742
-11552
-11959
-5740
1578
1068
-5612
-8987
-5166
-2237
-319
1604
5823
7974
6409
4732
4390
4121
4624
7200
10660
11416
8829
4788
2046
115
998
3512
5405
3641
-1296
-5087
-4984
-2998
-2303
-2349
-1896
-1745
-4255
-7012
-6768
-3878
-1216
-26
208
-99
-1003
-1453
-564
1828
4359
5600
4957
3982
3195
2465
1748
1902
3006
3299
2014
400
-916
-2019
-3150
-3684
-3384
-3037
-3623
-5142
-6328
-6938
-7011
-6527
-5743
-4676
-5776
-7294
-9081
-8717
-7879
-7304
-8587
-6671
13461
29876
25430
-7847
-26230
-6443
23572
31398
19141
13313
11621
839
-12413
-5112
17344
23624
9249
-5115
-3274
-1757
-11450
-14321
-3764
7798
1794
-10401
-14116
-11227
-11530
-12296
-6348
1174
873
-5738
-8730
-5027
-2479
-1171
627
5564
8520
7570
5602
4494
3578
3867
6848
11004
12563
10145
5546
1660
-811
443
3750
6007
3915
-1211
-5017
-5275
-3437
-2287
-2063
-2719
-3680
-5223
-6183
-5456
-3784
-2088
-1177
-638
-235
-166
-213
164
1663
3585
5054
5043
4271
3678
3138
2674
2290
2390
2400
2000
1231
-17
-1311
-2528
-3521
-3956
-3950
-3759
-4409
-5961
-6902
-7062
-6495
-6441
-6058
-6199
-6693
-7877
-8340
-8225
-8223
-9397
-9217
10438
28851
28575
-2759
-26342
-11072
19596
31305
20672
14345
13609
3506
-12246
-8744
13927
24179
12200
-3491
-3453
-623
-10143
-15173
-6601
6571
3639
-8087
-13257
-11197
-11584
-13131
-8287
-111
1667
-3917
-8088
-5351
-3245
-2078
-594
4492
8553
8337
6285
4697
3308
3090
5724
10223
12612
10933
6425
2305
-800
-382
2764
5623
4556
-543
-4387
-5324
-3208
-1479
-2006
-4282
-6022
-5496
-4300
-3588
-3597
-3283
-3027
-2183
-459
874
1218
837
1364
2543
3792
4553
4455
3957
3348
2940
2404
1973
1668
1286
829
182
-654
-2210
-3704
-4531
-4461
-3921
-4158
-5582
-7109
-7546
-6639
-6085
-5721
-6575
-7108
-8611
-8262
-8295
-8044
-10222
-8446
12742
29946
26764
-7233
-26620
-8518
22077
30397
19485
14322
13092
1316
-13583
-7023
16027
23699
10456
-4712
-3167
-1564
-10682
-14694
-5323
6537
2239
-8563
-12591
-10629
-11766
-13297
-8163
-141
1850
-3525
-7499
-5536
-3721
-2070
-74
5103
8544
8380
6409
4529
2917
3147
6158
10371
12451
10813
6601
2302
-1297
-861
2505
5688
4592
-311
-4258
-5605
-3779
-1791
-1654
-3725
-5982
-5871
-4491
-3193
-2950
-2758
-2858
-2283
-654
944
1476
1192
1575
2498
3554
4450
4675
4235
3410
2790
2194
1986
1901
1581
1038
210
-823
-2453
-3776
-4386
-4259
-3807
-4038
-5073
-6821
-8004
-7192
-5812
-4719
-5990
-7355
-8982
-8608
-8843
-8087
-10934
-1529
19954
31939
16686
-18197
-23873
2136
28306
27456
16870
14159
10578
-4787
-14730
-133
21337
21674
4638
-6511
-1660
-3728
-12495
-13489
-1203
6647
-1000
-10935
-12599
-10643
-12141
-12337
-6132
571
837
-4722
-6808
-5346
-3442
-1503
1549
6427
8595
7973
5950
3727
2402
3686
7552
11114
11838
9528
5604
1144
-2066
-577
3404
6124
3501
-1651
-4943
-5405
-3145
-1886
-2393
-4310
-5599
-4987
-4509
-3865
-3338
-2694
-2687
-1826
34
1225
1049
577
1538
2899
3895
4290
4199
3923
3153
2297
1577
1576
1699
1534
776
-289
-1676
-3428
-4131
-3753
-3384
-3881
-5134
-6414
-7227
-7048
-6365
-5304
-5785
-6761
-8969
-8680
-8975
-7975
-11526
-4567
17197
31585
20300
-15340
-25796
-2210
25998
28253
17307
14189
11947
-2278
-15001
-3410
19668
23733
7917
-6390
-3022
-2712
-10285
-12932
-2988
6341
960
-8909
-12461
-10989
-11459
-11743
-6866
-859
705
-3225
-5818
-5773
-4987
-2460
1046
5690
7761
7788
6828
4400
1596
1951
6669
11583
12379
9682
5803
2118
-1354
-836
2877
6403
4752
-679
-4444
-5377
-3236
-2057
-2390
-3751
-4641
-4199
-4420
-4437
-3931
-2723
-2379
-1842
-110
1359
1286
101
422
2161
4023
4771
4013
3519
3057
2486
1453
1169
1973
2140
1230
-254
-1629
-3012
-3921
-3762
-3159
-2970
-4339
-6077
-7239
-6723
-6186
-5723
-5956
-6091
-7545
-8383
-9158
-8418
-10100
-8622
10168
28160
27394
-4478
-26401
-11943
18627
29932
20190
14215
13467
3214
-12837
-9606
13238
25154
14211
-3627
-5099
-1627
-7740
-12976
-6875
5016
3560
-6739
-12517
-10939
-10343
-11827
-9219
-3042
375
-2101
-5516
-5380
-5038
-3549
-1092
3796
7484
8069
7155
5071
2165
1242
4717
10352
12616
10683
6701
3253
-288
-1082
1773
5742
6119
1097
-3571
-5051
-3124
-1887
-3004
-4250
-4572
-3452
-3778
-4425
-4315
-3473
-2980
-2690
-875
1137
1687
481
-220
1104
3022
4198
3888
3627
3645
3045
1734
793
1302
2058
1865
754
-669
-2119
-3483
-3917
-3441
-2832
-3517
-4923
-6446
-7007
-6964
-6046
-5199
-5274
-7179
-8927
-9446
-9198
-9716
-10603
5752
25210
29612
2454
-25469
-17490
12591
29773
22287
14522
13950
6166
-10710
-13208
8307
25376
18661
-609
-6498
-1319
-5525
-12102
-9111
3786
6035
-4101
-12134
-11466
-9324
-11017
-10418
-4837
247
-457
-4993
-5919
-5740
-4240
-2247
1985
6755
8336
7475
4908
1749
543
3630
9428
12437
11387
7593
3901
68
-1369
1461
5762
7004
2534
-2615
-4356
-2927
-1408
-2203
-3643
-4544
-4153
-3706
-3516
-3453
-3380
-3365
-3261
-1567
610
1805
1058
107
726
2160
3550
3890
3790
3633
3164
2191
1256
1186
1747
2006
1322
14
-1386
-2701
-3372
-3387
-2906
-2862
-4112
-6183
-7338
-6309
-4992
-4864
-6470
-7221
-8036
-7998
-9001
-8438
-10739
-3151
15953
29133
17438
-14994
-24386
-1780
24599
27009
16538
13349
10850
-2563
-14573
-3093
19545
24393
8245
-6705
-3991
-2570
-8616
-11464
-2215
6475
1031
-9462
-12668
-10000
-9423
-10638
-7661
-2240
437
-2834
-5692
-6224
-5286
-3106
58
4701
7484
7576
6166
3002
449
1453
6789
11613
12063
8793
5082
1821
-885
-103
3584
6876
5112
-499
-4303
-3638
-828
-940
-3837
-5677
-4368
-2644
-2702
-3508
-3628
-3444
-3763
-2927
-381
1921
1954
275
-319
1061
2944
3584
3199
3211
3457
2782
1288
509
1049
1742
1492
369
-900
-1910
-2716
-3419
-3604
-2899
-2797
-4288
-6239
-6594
-5691
-5393
-6005
-6212
-6124
-6515
-7462
-8759
-9579
-12233
-222
20637
31604
12237
-20626
-23190
3746
26910
24603
15348
14254
9520
-6737
-15819
961
22417
22789
4167
-7073
-2755
-3010
-9838
-10883
-232
6690
-447
-9938
-12117
-9601
-9538
-10059
-6719
-1730
326
-2716
-5455
-6753
-5447
-2228
1254
5115
6802
7309
6059
2353
-258
1821
7940
11718
10928
7740
4928
1468
-1454
-90
4373
7138
4045
-1833
-4444
-2813
-934
-1876
-4101
-4369
-3252
-3117
-3711
-3617
-3007
-3101
-3601
-2636
-17
1923
1530
-36
-214
1540
2947
3165
3139
3490
3379
2094
735
578
1321
1910
1322
-34
-1100
-1884
-2648
-3385
-3390
-2713
-2675
-4143
-5715
-6142
-5471
-5249
-5505
-6129
-5817
-6137
-6164
-8037
-8693
-11771
-7116
12349
29548
24552
-8053
-26672
-9879
19010
28205
19242
14576
12384
12
-14980
-8856
14700
25437
13299
-4431
-5747
-2468
-7108
-11212
-5058
5449
3851
-6030
-11713
-10916
-9057
-9530
-7795
-3817
-35
-658
-4090
-6532
-6792
-3415
91
3454
5837
6998
7258
3885
-65
0
5455
10794
11166
8620
5974
3377
-432
-1291
2186
6221
5790
656
-3505
-3641
-1668
-1174
-2820
-4133
-3808
-3229
-3376
-3262
-2895
-2905
-3630
-3517
-1146
1458
2118
781
-412
310
1933
2966
3410
3790
3708
2556
858
313
1128
1920
1704
624
-361
-1176
-2141
-3093
-3526
-3048
-2499
-2936
-4401
-5308
-5457
-5120
-5306
-5556
-5824
-5483
-5965
-6195
-7635
-8211
-10779
-8419
8576
26847
26442
-2235
-24883
-13633
14382
27460
20682
14738
12551
2102
-13007
-11222
10401
24315
16387
-1831
-6793
-3597
-6078
-9802
-5698
3861
4261
-4618
-10800
-10923
-8850
-8949
-7718
-4588
-799
-319
-3101
-5605
-6675
-4321
-698
2976
5997
7120
7058
3984
59
-383
4444
10028
11135
8842
5970
3463
190
-963
1713
5292
5654
1627
-2599
-4217
-2829
-931
-1108
-2816
-4400
-4016
-3094
-2907
-3126
-3157
-2974
-2615
-1094
829
1608
604
-489
-144
1506
3616
4557
4126
2778
1656
1108
992
1566
2303
2279
1319
52
-1289
-2363
-2766
-2795
-2747
-2663
-2773
-3316
-4594
-5441
-5770
-5506
-5166
-4049
-3737
-4940
-7187
-7770
-7240
-6100
-8088
-8696
4766
23312
27621
3667
-21736
-15882
10443
26189
20915
13913
12902
5023
-10180
-12942
5919
22225
17968
19
-7356
-3823
-4519
-8671
-7229
1499
4434
-2948
-9749
-11050
-8610
-7795
-7282
-5578
-2197
-189
-1683
-4768
-6893
-4575
-220
2912
5043
5892
6898
4929
890
-303
3813
9441
10605
8148
5726
4036
1117
-917
989
4490
5422
1624
-2392
-3831
-3124
-1366
-1134
-1621
-3069
-4347
-4959
-4688
-2747
-1114
-969
-2220
-2269
-768
239
133
82
1532
2897
3527
3201
2674
2490
2098
1862
1784
2200
2604
1994
831
-373
-1138
-1629
-1761
-1922
-2585
-3206
-3465
-3461
-4046
-4475
-4633
-4823
-5416
-5820
-5584
-5103
-4949
-5360
-6047
-7253
-8335
-10820
-2476
16334
29537
16973
-13055
-22127
-1795
21066
24097
16334
14487
9961
-4047
-14871
-3494
16934
22064
7809
-5747
-5236
-3568
-6940
-8256
-2052
4007
-418
-7378
-10068
-8615
-7674
-7812
-6726
-4487
-1585
-790
-1982
-4656
-5702
-2900
653
3967
5476
6571
6539
3148
-31
992
6567
10348
9403
6494
4841
2880
80
30
2850
5141
3406
-624
-2808
-3455
-2589
-1659
-1237
-1908
-3706
-4794
-4664
-3362
-1615
-778
-1474
-2527
-2011
-502
764
1091
1536
2094
2401
2823
2902
2933
3021
2909
2418
1727
2027
2292
1473
156
-447
-603
-1100
-1892
-2602
-2982
-3252
-3501
-3817
-4087
-3797
-4316
-5498
-6349
-5845
-4752
-4177
-4422
-5241
-6848
-7901
-8564
-9330
31
17340
27952
14129
-13252
-19749
-383
20377
22997
16609
14356
8599
-5161
-13866
-1952
16664
20788
7020
-5251
-5325
-4319
-6633
-7196
-1395
3314
-1295
-7566
-9801
-8067
-6982
-7346
-7056
-4827
-1521
-298
-1786
-4937
-5494
-2547
678
3588
5231
6893
6537
2892
-96
1212
6443
9741
8730
6216
4504
2602
380
491
2702
4230
2435
-1033
-3053
-3439
-2222
-1605
-2023
-2995
-3882
-4090
-4102
-3438
-2212
-1381
-1715
-2124
-1221
157
706
518
966
1928
2852
3239
3206
3223
2957
2303
1808
1790
2297
2368
1539
446
-461
-1148
-1638
-1970
-2210
-2643
-3526
-4273
-4458
-3991
-3609
-4271
-5621
-6349
-5880
-4715
-3990
-3985
-4997
-6024
-7629
-7775
-9620
-5012
10626
26068
23042
-3139
-21075
-10428
13118
23875
18945
15355
12098
904
-12968
-9841
8944
21116
14152
-1278
-6026
-4681
-5793
-7733
-4753
1846
1252
-4598
-8576
-8601
-7197
-7245
-7072
-6081
-3098
-314
192
-2713
-5739
-4446
-1068
2548
4887
6566
7515
4674
579
-562
3613
8603
9542
7478
5515
3819
924
-646
828
3479
3718
943
-1570
-2701
-2376
-2196
-2968
-3539
-3389
-2962
-2982
-3353
-3203
-2617
-2459
-2294
-1115
721
1867
1140
163
532
1926
3174
3706
3762
3392
2516
1632
1352
1642
2053
1865
1125
320
-482
-1217
-1912
-2522
-2891
-3401
-3945
-4067
-3784
-3298
-3727
-4901
-5941
-6004
-5333
-4318
-3529
-3144
-4012
-5498
-7252
-7154
-7885
-5379
7000
22194
23998
2789
-17466
-12811
8111
21374
18806
15020
12390
2999
-10323
-11078
4485
17803
15010
1301
-5739
-5482
-5512
-6639
-5210
184
1040
-3245
-7155
-8448
-7336
-6451
-5969
-5937
-4330
-1067
1013
-1125
-4828
-4657
-1545
1749
3805
5588
7184
5341
1312
-817
2138
7272
9186
7377
4881
3055
956
-333
709
2947
3458
1033
-1439
-2901
-2697
-1679
-1829
-2924
-3924
-3311
-2657
-2965
-2761
-1858
-1526
-2146
-1794
-27
1648
1616
786
598
1323
2866
3605
3220
2680
2460
2189
1323
1027
1646
1853
1067
-75
-893
-1178
-1497
-2168
-2949
-3275
-3189
-3214
-3504
-3440
-3461
-4297
-5325
-5397
-4428
-3398
-2887
-2951
-3859
-5282
-5790
-5840
-5395
-7024
-2773
10440
23146
18648
-4083
-17276
-7069
12357
19790
16082
14142
10456
-842
-12295
-7993
7912
17453
11438
-691
-5378
-5507
-5657
-6296
-3476
1121
377
-3654
-7213
-7902
-6805
-5490
-4933
-5205
-3475
-237
1061
-2334
-5498
-3859
-89
2703
3668
5319
6176
3708
179
-457
3394
7469
7909
5419
3455
2317
812
180
1159
2790
2264
45
-1808
-2472
-1201
-182
-1195
-3836
-4913
-3213
-1813
-1729
-1817
-1529
-1738
-1967
-1061
271
966
963
829
789
1580
2931
3170
2224
1511
1659
1533
1063
1303
1648
1219
196
-782
-1348
-1388
-1310
-1887
-3012
-3379
-3120
-3330
-3489
-3065
-2820
-3572
-4688
-5058
-4505
-3569
-2393
-2365
-3503
-4687
-4982
-5404
-5501
-6890
-4284
6704
19593
20276
1535
-14825
-10823
6659
17556
16314
13991
10800
1744
-9472
-9417
3184
14474
13353
2726
-4200
-5616
-4989
-5066
-3871
-121
517
-1826
-5139
-6944
-6716
-5419
-4349
-4871
-4383
-1424
1477
-542
-4525
-4719
-1697
1520
2946
4409
5293
3743
906
-573
1574
5235
7260
6127
4019
2268
869
450
1063
2474
2392
917
-647
-1800
-2142
-1106
-85
-782
-2907
-4002
-2845
-1712
-1116
-900
-1077
-1305
-1325
-724
-124
452
1083
1425
1267
1444
2028
1936
1478
1247
1515
1483
1041
901
637
226
-85
-442
-973
-1402
-1657
-2085
-2402
-2343
-2390
-2950
-3177
-2741
-2494
-3071
-3775
-3965
-3679
-3240
-2545
-2239
-2621
-3720
-4415
-4951
-4847
-5465
-6064
317
12160
19977
10165
-8355
-13786
-1918
12799
16260
13710
10863
5142
-4212
-9342
-2615
8916
14167
8056
-1007
-5530
-5351
-3196
-2447
-1238
-611
-945
-2076
-4478
-6068
-5748
-3916
-3855
-4825
-3469
221
1289
-2502
-5353
-4085
-470
1870
2924
4022
3655
1798
-282
-106
2607
5533
6382
4725
2640
1188
911
1209
1951
2301
1730
760
-475
-1243
-885
72
-182
-1745
-2974
-2440
-1486
-1161
-966
-1131
-1293
-1335
-909
-566
-466
162
738
735
701
1432
1814
1258
597
708
1168
1226
1231
1009
480
-51
-386
-566
-656
-557
-709
-1366
-2001
-2327
-2529
-2548
-2140
-1879
-2157
-2797
-3328
-3719
-3718
-3040
-2168
-1931
-2502
-3422
-4178
-4810
-5170
-5493
-6299
-1833
8316
17108
12308
-3873
-12943
-6084
8326
15095
13823
10694
6155
-1136
-7017
-4199
4876
12037
10444
2969
-3384
-5391
-3177
-1239
-651
-973
-991
-610
-2108
-5057
-6479
-4834
-3076
-3533
-3965
-1969
277
-1205
-4339
-5228
-2861
556
2764
3475
2308
567
-179
340
1717
3586
5384
5475
3500
945
444
1888
3072
2698
1331
813
727
190
-569
-705
-75
122
-467
-1559
-2258
-2092
-1386
-852
-913
-937
-944
-1041
-1179
-1021
-397
328
1090
1399
1109
745
777
926
784
852
1261
1520
1153
505
10
-162
-101
-190
-486
-838
-941
-1153
-1678
-1974
-1985
-1981
-1983
-1926
-2185
-2756
-3212
-3105
-2708
-2576
-2441
-2714
-3077
-3704
-4008
-4480
-5147
-6079
-3724
4277
13123
13194
1054
-10056
-8525
3217
12636
13903
10995
6293
692
-3925
-3215
2305
8340
10415
6718
459
-4527
-4423
-1468
474
180
-921
-587
-643
-2949
-6034
-6412
-4019
-2376
-2613
-2730
-1513
-1578
-3358
-4711
-3961
-1201
1601
3040
2055
-30
-714
530
2055
2856
3689
4369
4058
2501
1256
1409
2261
2948
2561
1808
1248
765
249
-427
-921
-738
306
1096
153
-2247
-3700
-2925
-1098
150
183
-589
-1524
-1851
-1355
-688
88
1030
1599
1133
204
76
820
1347
1310
938
575
817
1164
963
148
-380
-192
-37
-306
-558
-680
-1027
-1629
-2001
-2087
-1905
-1653
-1608
-2086
-2840
-3377
-3443
-2976
-2243
-1946
-2263
-3080
-3834
-4518
-4827
-4916
-4195
8
7030
11928
7109
-3850
-9368
-3417
7412
13038
11958
7250
2283
-1460
-2121
437
4348
7700
7802
4435
-834
-3989
-3032
-495
867
-124
-1149
-989
-1122
-3145
-5568
-5798
-3940
-1985
-1340
-1300
-2007
-3370
-4090
-3636
-2211
-460
1594
2759
1623
-518
-1193
265
2112
3297
3787
3623
3009
2142
1592
1252
1571
2310
2645
2238
1402
623
-42
-490
-919
-690
124
953
770
-815
-2307
-2902
-2194
-881
353
773
-158
-1444
-2167
-1678
-540
774
1423
1135
586
265
130
-108
102
872
1319
1124
590
214
69
-154
-397
-518
-460
-314
-438
-897
-1250
-1470
-1599
-1785
-1849
-1631
-1537
-1596
-1632
-1876
-2156
-2249
-2208
-2124
-2009
-1925
-2113
-2711
-3234
-3588
-3872
-1983
3144
8691
8283
802
-6346
-5813
1911
9189
10977
7465
2213
-1341
-1733
347
2753
4624
5332
4428
1605
-1765
-3199
-2077
144
1102
391
-799
-1394
-1932
-2942
-3848
-3782
-2617
-1096
-198
-659
-2339
-3672
-3564
-2246
-793
386
1083
859
-90
-872
-618
304
1478
2393
2716
2206
1571
1338
1324
1433
1593
1831
1833
1598
1320
947
276
-349
-386
-1
546
1147
1377
412
-1438
-2646
-2058
-255
1357
1618
256
-1435
-2050
-1444
-340
668
1322
1370
886
332
-137
-447
-413
359
1328
1479
882
178
-306
-656
-654
-416
-163
-23
10
-209
-716
-1222
-1423
-1265
-1039
-827
-831
-1051
-1138
-1179
-1292
-1536
-1452
-1164
-1161
-1313
-1420
-1455
-1778
-2225
-2634
-3155
-2972
-541
3942
7112
4902
-1459
-5971
-4006
2666
8150
8666
4901
208
-2093
-994
1477
3181
3744
3928
3711
2107
-264
-1764
-1416
240
1636
1810
786
-699
-1870
-2369
-2332
-2178
-1761
-883
-60
-394
-2024
-3407
-3306
-1794
-226
776
930
228
-665
-962
-482
306
1202
1996
2386
2021
1048
303
230
851
1611
2087
2043
1708
1191
570
99
-11
353
972
1609
2147
2318
1678
477
-615
-572
564
2025
2925
2398
756
-1033
-1641
-1038
-103
493
542
158
-509
-1108
-1480
-1469
-1059
-354
166
161
-353
-1035
-1481
-1264
-660
-93
135
75
-21
-329
-685
-651
-302
-8
87
80
7
-360
-774
-784
-473
-230
-277
-563
-811
-988
-1175
-1357
-1510
-1500
-1564
-1890
-2149
-2404
-2403
-1434
848
3078
2839
-94
-2981
-3054
-117
3387
4992
3710
724
-1342
-1033
784
2243
2615
2379
2247
1894
1086
38
-756
-601
401
1516
1727
579
-1180
-2217
-2085
-1354
-889
-740
-669
-663
-976
-1605
-2096
-2026
-1128
129
944
690
-245
-972
-1013
-488
146
679
881
631
192
-86
-221
-204
40
536
1070
1239
981
369
-148
-296
-80
364
831
1005
875
564
246
222
26
-234
-403
-132
399
662
456
-255
-830
-926
-374
420
844
771
388
38
-19
235
451
566
614
642
549
195
-102
-306
-418
-298
-202
-317
-573
-847
-1027
-1127
-1110
-864
-663
-545
-601
-568
-435
-432
-332
-136
149
267
91
-218
-343
-30
56
-46
-223
-245
-156
-223
-443
-742
-908
-1108
-1052
-735
-54
582
676
-56
-1261
-1795
-1226
222
1599
2008
1363
263
-323
28
978
1873
2164
2153
2018
1900
1635
1132
772
893
1406
1903
1972
1499
518
-632
-1164
-878
-342
-163
-524
-1083
-1598
-1924
-2013
-1734
-1242
-926
-795
-700
-697
-968
-1362
-1319
-765
-130
191
100
-185
-506
-691
-639
-461
-212
-21
200
227
-57
-518
-808
-660
-225
78
100
1
-208
-353
-219
173
336
-18
-538
-676
-325
166
278
83
-294
-473
-381
-258
-79
50
96
5
-15
66
89
-60
-278
-265
23
286
272
42
-73
-75
-104
-108
59
228
157
-119
-178
16
170
81
-115
-131
-115
-137
-182
-304
-242
-89
-19
-93
-354
-450
-473
-292
-77
6
-2
-191
-354
-325
-157
-74
-91
-103
-20
-13
-135
-216
-165
34
160
143
84
96
43
-146
-168
-59
270
470
396
242
105
29
-58
10
321
670
628
338
40
15
184
306
454
601
629
507
413
474
676
762
733
687
601
628
802
908
832
530
299
200
89
-6
-41
64
-4
-315
-704
-853
-629
-565
-663
-731
-727
-773
-953
-1004
-905
-707
-649
-717
-774
-799
-765
-741
-626
-465
-335
-269
-207
-228
-273
-368
-390
-229
38
180
59
-54
-230
-224
-98
11
66
139
262
128
-71
-204
-179
-92
-96
-51
56
99
-13
-198
-303
-248
-153
-84
54
150
156
86
-22
-41
62
246
304
242
26
-164
-107
89
222
243
189
-110
-356
-415
-258
-2
134
95
-129
-362
-561
-520
-270
-116
-64
-128
-253
-343
-410
-422
-332
-147
-64
-94
-130
-128
-138
-91
-94
-89
-1
91
183
100
-28
-63
20
152
206
152
73
-30
-25
21
131
203
219
92
-169
-290
-248
-86
42
101
21
-142
-249
-294
-233
-108
62
157
176
6
-173
-166
-59
86
225
304
245
135
48
-48
-18
72
101
151
217
124
-90
-193
-172
-24
101
77
-9
-132
-248
-267
-166
-24
71
37
-78
-209
-176
-55
63
49
-39
-66
-70
-38
-54
2
135
70
6
-43
-13
54
68
63
18
-16
-111
-93
-71
-38
-2
-82
-122
-144
-167
-185
-221
-206
-161
-167
-215
-160
-135
-157
-190
-239
-214
-157
-85
8
24
-46
-51
-101
-103
-75
-60
-24
60
131
73
-35
-190
-154
47
156
76
-51
-69
-32
-106
-162
-102
32
-11
-141
-173
-179
-132
-215
-216
-97
-23
-99
-233
-239
-162
-110
-116
-55
-46
-115
-146
-160
-122
-13
51
17
-5
-42
-79
-100
-128
-115
-23
102
46
-119
-244
-262
-211
-90
-55
-51
-19
-117
-185
-192
-87
46
96
119
92
32
-79
-148
-104
76
193
137
51
-49
-144
-197
-167
35
168
187
69
-64
-85
-180
-172
-69
-25
20
-17
-191
-233
-238
-161
-135
-177
-231
-256
-191
-193
-199
-243
-235
-208
-168
-164
-80
-7
-88
-203
-236
-232
-125
27
81
-32
-208
-267
-194
-85
-6
47
36
-123
-281
-118
32
0
-150
-204
-122
-11
-58
-124
-80
-98
-151
-223
-119
24
67
46
-64
-44
-134
-197
-134
-90
44
85
-25
-136
-127
-19
-17
-135
-225
-179
-69
-34
-115
-162
-218
-230
-293
-271
-209
-136
-186
-335
-285
-227
-93
-76
-95
-76
-162
-248
-204
-93
29
59
-49
-138
-89
-52
-21
21
49
33
-24
-51
-28
54
-18
-47
-53
-61
-45
-68
-53
-72
-22
-112
-225
-178
-42
28
10
-44
-155
-232
-240
-115
8
39
-87
-174
-217
-226
-210
-112
7
-48
-128
-203
-188
-138
-98
-107
-70
-31
-104
-162
-210
-180
-119
-88
-89
-99
-90
-140
-221
-198
-149
-109
-69
23
-9
-231
-354
-273
-100
-17
-60
-110
-103
-96
-167
-202
-88
10
-52
-167
-161
-97
-83
-137
-130
-168
-107
-138
-67
-50
-117
-137
-217
-168
-131
-131
-110
-104
-197
-203
-224
-206
-122
-62
-68
-146
-222
-268
-191
-101
20
-103
-164
-153
-108
-70
-138
-79
-31
-5
-131
-224
-193
-50
-42
-99
-13
28
-35
-119
-93
-77
25
32
-60
-82
-120
-156
-159
-49
-20
-13
-73
-125
-113
-114
-170
-233
-137
-59
-17
-75
-137
-136
-129
-154
-96
-17
-19
-119
-213
-257
-250
-134
-127
-118
-89
-43
-104
-230
-241
-130
49
66
-6
-71
-52
-39
-50
-39
-78
-45
-12
-29
-78
-157
-167
-181
-137
-127
-188
-143
-117
-104
-109
-90
-67
-103
-193
-157
-91
-103
-74
-154
-114
-115
-176
-111
-95
-107
-119
-117
-50
3
-67
-147
-67
44
51
-55
-135
-105
-67
-100
-126
-130
-160
-122
-120
-122
-114
-92
-98
-137
-218
-201
-126
-99
-64
-51
-70
-112
-180
-151
-92
-117
-97
-70
-31
-67
-145
-136
-70
-60
-74
-56
25
70
46
34
-59
-174
-209
-130
-56
-34
-18
-96
-93
-233
-304
-201
-43
-21
-84
-82
-99
-112
-215
-178
-76
-30
-6
-34
-57
-22
-31
-106
-99
-35
28
85
36
29
6
-40
-34
20
38
89
70
-65
-139
-173
-56
-1
-54
-148
-193
-156
-134
-104
-100
-75
-134
-187
-204
-95
8
-13
-19
-90
-140
-112
-118
-39
31
71
-10
-138
-168
-100
80
71
-17
2
-29
-27
-62
-63
7
-13
-28
-16
-33
-114
-151
-53
-5
-7
-97
-153
-80
-61
-77
-92
-28
58
10
-64
-93
-86
-27
-5
6
61
51
6
-28
12
97
113
28
-36
26
13
-54
-61
-59
-32
-88
-165
-115
-90
-80
-109
-108
-98
-126
-210
-190
-2
13
-61
-100
-137
-111
-97
-87
-11
24
-11
54
42
33
76
31
-37
-7
7
57
109
113
45
-7
-34
-53
-35
-9
39
-30
-30
-108
-101
-68
-137
-119
-151
-57
-43
-72
-71
-1
-62
-141
-146
-54
-17
31
91
-14
-106
-104
-36
22
79
85
12
-88
-104
-149
-150
-131
-101
-49
-8
-7
-160
-239
-178
-74
-24
-64
-46
-68
-51
-79
-158
-85
-53
5
-3
49
62
27
-26
12
99
94
81
26
118
91
1
0
2
64
81
35
-18
-45
-47
-93
-120
-119
-90
-88
-105
-76
-126
-104
-93
-139
-193
-82
-26
3
-68
-121
-73
-84
-107
-37
63
48
18
-3
26
44
20
43
65
26
-23
-51
-45
27
32
4
-6
8
-4
-17
-16
23
3
-32
-81
-86
-57
-22
-9
-54
-21
-28
-21
57
46
-29
-70
-55
2
14
21
62
2
-42
-55
-66
-8
36
7
21
0
-64
-103
-69
-83
-103
-82
-47
-106
-138
-116
-42
-24
-90
-97
-50
22
-25
-49
-51
-52
-37
0
9
18
18
-6
-29
19
60
61
12
-7
10
13
5
-33
-2
-20
19
-102
-63
45
22
-17
-102
-136
-165
-134
-98
-49
-8
15
-51
-129
-114
-124
-5
82
93
42
-2
-7
-24
-25
-22
31
86
92
106
23
-37
-74
-85
-65
25
103
13
-46
-124
-144
-78
0
82
112
33
-56
-134
-114
-104
-27
105
98
28
-72
-131
-78
-72
-3
63
57
67
-8
-62
-19
-25
69
122
139
72
-24
-79
-76
11
-22
-26
-32
-34
-91
-102
-103
-86
-64
-74
-84
-86
-100
-147
-104
-78
-30
-33
-78
-106
-132
-122
-46
-13
37
80
98
81
35
62
57
71
87
74
57
64
-7
-52
-127
-109
22
59
48
-7
-42
-91
-126
-109
-48
60
68
-15
-82
-98
-50
-6
-24
39
73
55
40
-33
20
37
102
73
56
110
46
-1
24
37
12
15
-10
22
62
11
-40
-46
-89
-58
-42
34
57
-33
-82
-146
-76
-10
-19
10
22
3
-4
-18
-26
4
-5
-3
-26
7
41
48
119
31
-3
-29
9
73
40
1
-20
-29
-20
84
72
3
-59
-80
-114
-64
12
74
22
10
-57
-104
-43
-21
31
43
-14
-50
-83
-67
-11
17
51
48
38
-5
17
-12
-13
18
-11
71
105
77
-2
-60
-34
13
80
132
103
11
-156
-178
-118
15
45
14
-13
-97
-122
-161
-119
-11
26
-6
-54
-100
-97
-35
79
74
-5
-47
-52
-9
50
54
9
-56
-66
-115
-84
37
28
55
-7
40
37
-13
-39
-10
46
9
-29
-35
-13
-24
-90
-54
-12
13
58
11
-14
-53
-74
-62
-33
15
20
11
-33
-58
-82
-83
-42
-60
-17
-11
19
-39
-150
-191
-131
-31
19
60
-1
-26
-89
-115
13
53
23
35
-18
-35
-78
-99
-116
-75
-29
-14
13
-41
12
33
-18
-28
-30
-40
-26
-6
-2
-8
5
-41
-53
-14
10
5
-35
-34
-9
5
-39
-47
-50
-37
-36
-80
-40
19
2
-38
-78
-26
63
22
-34
-83
-32
13
-79
-134
-49
-12
-16
-79
-84
-17
-29
-73
-119
-128
-96
-57
-32
-41
-45
-34
-73
-74
-38
11
-26
-52
-104
-125
-24
2
3
-75
-60
-17
-28
-63
-83
-5
-17
-92
-145
-73
-45
-33
-76
-106
-92
-105
-53
-50
-68
-90
-80
-83
-75
-50
-60
-95
-99
-81
-86
-38
29
2
13
-27
-106
-95
-89
-20
-23
-64
-78
-81
-17
-15
-30
-31
-25
-85
-93
-70
-33
-39
-51
-36
-26
-58
-107
-66
-76
5
19
-7
-30
-66
-71
-31
-25
-67
-46
-60
-65
-68
-8
-29
-49
-21
-56
-53
-44
0
-33
33
95
32
-69
-138
-121
-90
-75
-92
-71
-87
-66
-68
-71
-48
-14
3
28
19
3
-54
-49
2
12
-37
3
78
61
65
71
103
108
34
117
3
143
1850
3710
3968
2211
-298
-1584
-1352
-303
242
-328
-1258
-1730
-1472
-1119
-1087
-985
-628
219
1134
1313
571
-699
-1063
-527
86
658
866
879
701
389
265
252
93
202
518
930
1042
479
-213
-162
277
194
-312
-443
206
620
126
-862
-1299
-1167
-895
-325
76
-23
-104
14
-367
-1075
-1506
-884
235
920
899
555
162
-438
-670
-345
339
887
916
792
701
460
-134
-619
-338
264
609
775
719
459
-175
-796
-899
-585
-85
119
59
-36
-224
-541
-674
-595
-359
-129
52
-19
-94
-122
-375
-544
-299
239
520
431
49
-395
-700
-726
-529
-333
-131
-83
-312
-580
-769
-976
-1053
-668
-173
1
-88
-177
-209
-290
-240
64
563
879
704
306
-64
-392
-669
-783
-728
-688
-704
-646
-668
-847
-1063
-1160
-988
-458
220
571
569
458
366
399
519
495
246
-83
-336
-519
-835
-1324
-1854
-2182
-2158
-1943
-1612
-1316
-1284
-1312
-1395
-1385
-1145
-828
-737
-716
-735
-764
-780
-931
-1078
-1174
-940
-387
-33
-234
-1062
-2031
-2616
-2534
-1726
-588
354
502
-288
-1503
-1875
-1104
105
1271
2075
1352
-566
-828
1276
3249
3394
2402
1402
901
911
955
762
477
130
-123
-128
39
236
409
538
617
586
505
564
665
708
670
628
575
477
341
136
-193
-529
-784
-989
-892
-651
-302
-37
254
695
963
1009
846
525
139
-273
-546
-584
-679
-694
-725
-719
-613
-499
-479
-558
-584
-469
-277
-148
-23
88
258
364
436
525
536
500
500
533
507
403
280
181
133
104
91
153
176
251
297
262
136
20
49
185
439
682
837
834
589
356
241
223
279
315
296
246
212
181
219
259
266
298
216
176
52
5
-59
-172
-187
-257
-273
-321
-379
-446
-503
-507
-425
-372
-311
-267
-222
-252
-273
-302
-307
-311
-294
-305
-268
-180
-124
-89
-152
-110
-75
-24
118
202
308
319
233
182
171
201
211
274
248
207
147
64
-11
19
69
127
229
208
116
58
5
-8
99
127
155
280
362
264
137
73
55
127
234
343
409
442
410
293
233
244
267
246
252
236
140
81
-49
-151
-211
-152
-45
-19
-100
-261
-433
-631
-620
-498
-369
-251
-69
41
87
56
-51
-89
-66
93
211
309
290
164
47
-64
-119
-160
-199
-178
-138
-166
-201
-268
-302
-281
-316
-296
-292
-228
-190
-173
-164
-230
-370
-393
-312
-232
-170
-88
-24
-85
-11
13
-41
-72
-87
-26
59
93
2
-79
-172
-245
-263
-250
-178
-124
-47
12
-48
-98
-209
-234
-182
-68
38
122
146
33
-91
-116
-155
-102
19
89
125
99
27
-60
-181
-136
-98
-125
-35
8
-13
2
-13
-46
-75
-79
-74
-20
62
134
218
184
68
-87
-84
16
118
190
210
180
80
-34
-10
-20
40
96
145
137
142
90
101
176
180
182
100
76
74
74
60
61
69
49
-58
-53
1
-55
-20
-23
-11
28
54
41
30
-25
-61
-81
-62
-35
1
17
-59
9
76
121
84
98
74
28
2
-1
-39
-33
-20
-86
-68
-38
-28
32
38
-5
-25
-9
15
-12
6
31
8
-51
-64
-38
-55
-66
-54
14
69
38
19
28
9
23
-2
-48
24
46
35
135
106
79
68
47
42
68
117
157
151
141
153
102
78
41
56
114
151
128
132
57
19
3
-13
41
52
55
-5
-19
-84
-91
-102
-142
-164
-162
-133
-159
-114
-60
-65
-75
-17
59
129
136
61
-3
-35
-21
21
135
222
174
125
83
18
18
-2
24
92
92
130
88
-48
-70
-118
-147
-133
-92
-58
42
37
40
-52
-102
-70
-82
-20
30
43
21
21
-23
-30
-125
-159
-107
-21
22
63
121
76
94
57
9
-41
-29
-39
-49
-8
-5
-50
-139
-118
-117
-65
-13
14
97
37
-37
-126
-149
-81
-21
25
-31
-38
-78
-139
-129
-63
-11
-16
28
-3
1
17
-32
-9
-64
-46
-12
-15
84
62
38
11
-53
-62
-11
23
32
69
92
102
112
110
8
0
26
-1
-9
40
27
-14
-46
-61
-86
-47
-47
-26
32
97
188
70
37
56
-20
-53
-54
-52
16
7
28
13
1
66
32
58
-33
-29
-5
-51
-63
-81
-68
-181
-136
-99
-113
-110
-133
-103
-23
-76
-101
-39
-82
6
-18
-5
15
-61
-34
-34
-52
-73
-17
63
47
-11
-61
-78
-87
-25
-17
-1
6
-33
-48
-81
-98
-53
-37
35
127
147
86
-14
-9
52
73
30
38
98
80
90
83
16
-67
-87
-50
-35
-5
-12
11
-7
-37
-41
-46
-34
-115
-163
-126
-98
-92
-122
-106
-112
-106
-161
-146
-189
-210
-205
-157
-53
-80
-107
-156
-134
-138
-185
-153
-91
-34
-71
-74
-42
-76
-62
-97
-33
-9
-22
-46
-59
-78
-102
-85
-108
-117
-154
-122
-110
-120
-127
-145
-83
-37
-35
-49
-38
-107
-107
-107
-105
-112
-55
-12
-21
-16
-61
-61
-65
-10
13
2
-12
-21
-51
-100
-126
-135
-132
-118
-57
-26
-31
-76
-89
-136
-161
-70
8
12
36
66
44
40
55
69
-7
15
39
50
58
-9
34
37
-11
0
31
44
63
32
32
-17
-22
-15
24
77
60
45
23
16
27
-37
-53
-9
-56
-17
-36
-74
-56
-52
-63
-42
-41
13
11
21
24
5
50
31
16
-25
32
74
65
27
27
22
65
49
39
70
-6
4
-20
-30
-66
-79
-108
-40
-13
-59
-59
-80
-26
42
43
44
21
1
52
34
56
43
29
13
-13
-13
26
31
23
54
18
-37
-18
-71
-117
-53
-15
-19
-5
-4
11
-34
-32
-70
-92
-38
-49
-25
-21
12
-11
45
59
-4
22
41
68
53
74
73
44
-20
-25
4
-11
46
52
47
87
72
55
43
-6
3
24
32
77
86
41
-19
-20
0
-3
-49
-7
36
40
36
28
21
29
21
-19
-43
-65
-32
24
12
4
29
78
92
40
32
100
139
64
50
87
50
71
75
74
84
27
7
48
-1
32
122
32
-18
-65
-41
-10
-26
-21
16
70
47
95
71
57
6
-34
-4
9
-1
48
57
28
-27
-16
28
9
16
17
1
48
32
3
22
61
48
75
65
21
17
-9
39
8
-16
42
5
-1
-6
31
36
16
61
73
55
85
78
76
101
69
89
108
106
104
97
57
92
89
76
90
20
-11
-45
1
11
-50
5
-25
-24
22
38
25
58
56
15
42
-38
20
45
11
57
46
13
9
27
11
3
46
71
-3
-25
-34
-26
58
11
-13
6
17
-9
-31
-23
-23
0
-6
9
-13
-12
-16
-55
6
-22
-32
-5
-23
-19
-14
1
-32
-10
-3
-31
0
-32
-1
-9
-29
-13
-9
-3
-21
-22
-16
70
72
77
53
42
52
17
42
54
88
84
55
39
20
7
15
46
86
108
104
79
106
108
86
57
36
72
98
65
62
35
13
41
47
69
40
15
42
102
82
101
126
91
86
104
108
64
41
14
49
62
80
39
66
70
61
83
37
39
34
48
40
66
85
84
89
59
24
19
-23
-7
-13
-15
25
37
35
37
46
17
39
29
-89
-95
-81
-52
-20
-23
-15
41
78
44
26
32
9
61
53
22
45
34
48
2
7
61
26
-23
-9
22
-3
13
7
15
24
-4
27
8
0
-38
6
-19
-21
18
2
6
-41
-5
-33
-29
23
12
18
1
36
35
94
83
55
81
59
25
-12
0
-7
75
84
43
5
27
3
-13
13
37
103
68
48
-47
-49
-44
-59
-26
23
17
19
41
-17
-23
-89
-97
-49
-37
-20
-31
-28
1
17
-16
14
1
-5
46
7
10
26
-2
62
119
55
70
44
-26
12
8
-16
43
16
-43
-43
-19
-20
-47
62
20
14
12
13
42
-13
-16
-29
-64
-97
-75
-67
-80
-85
-71
-64
-48
-27
-41
-81
-67
-47
10
10
15
62
-8
-4
-40
-32
-4
-2
-50
-94
-111
-91
-53
-32
-20
-4
-24
-20
-37
16
9
-54
-37
-67
-59
-49
-50
-62
-48
-32
-41
-49
-32
-62
-91
-56
-40
0
-7
-6
9
24
-4
-37
-49
-42
-14
10
23
52
43
18
-13
-14
-53
-30
-21
-25
37
-2
-37
-22
-44
-20
-12
-4
-5
-5
-38
-79
-49
-83
-62
-54
-38
-7
-18
-32
-46
-29
-47
-53
-38
-43
-10
-36
-39
-17
-31
-67
-58
-17
14
62
-10
-55
-86
-67
-18
18
23
2
23
3
27
14
-33
-62
-81
-43
-55
-49
-60
-86
-90
-61
-48
-11
-2
-47
-73
-50
-27
-33
17
-60
-35
-37
-31
29
-9
32
6
-45
25
35
15
-16
-14
3
33
43
69
65
40
31
-12
-12
-19
-19
18
47
17
-25
-88
-102
-66
18
13
-1
17
-20
6
2
-27
-41
-63
-75
-59
-12
18
23
3
15
-46
-35
-26
-68
-42
-46
-104
-56
-74
-76
-138
-163
-173
-156
-83
-55
-98
-119
-88
-43
-20
-50
-86
-90
-85
-92
-82
-56
-43
-83
-99
-11
-39
-72
-56
-63
-48
-47
-37
-61
-51
9
27
-10
-13
6
1
-79
-59
-54
-52
-12
-12
-65
-17
-23
-21
-7
4
-36
-14
-17
-55
-3
11
-35
-61
-29
-2
36
1
59
83
75
75
33
41
29
27
63
43
33
11
-26
-51
-46
3
33
61
22
-10
8
62
74
22
-16
-18
5
22
81
52
34
70
37
35
1
62
90
98
99
21
25
87
89
70
30
49
57
86
58
2
49
-33
-17
13
10
20
68
41
15
-36
-28
-15
-24
58
24
16
24
-12
-5
33
128
117
82
100
47
2
-57
-1
10
16
47
17
20
11
-25
-16
25
13
-7
-62
-74
-64
-43
-34
-15
8
0
-37
-37
-22
-37
-5
52
40
17
33
1
9
48
61
34
32
25
5
9
12
67
93
118
114
89
90
103
94
23
-36
-18
-11
35
75
77
93
64
76
102
63
67
46
57
74
50
47
41
51
36
42
44
26
28
40
56
48
-2
40
43
22
25
52
80
112
109
26
-4
-3
-2
23
-26
25
-14
-53
-20
4
38
-17
37
58
58
-39
-14
48
8
-2
6
20
-9
2
28
32
41
18
50
116
47
39
45
68
87
55
35
31
63
50
109
84
124
143
77
97
60
84
72
46
66
57
20
59
93
88
68
76
62
79
60
74
122
135
81
50
111
102
102
81
15
24
0
38
49
-5
28
60
53
81
54
86
100
56
73
81
132
78
91
79
113
131
85
112
90
101
153
105
69
37
-27
10
67
148
172
125
58
21
28
29
44
125
93
106
172
155
68
79
125
110
118
155
211
180
173
125
102
95
109
94
95
108
99
96
76
59
67
96
43
53
79
75
36
83
77
66
3
24
46
31
37
38
119
100
70
53
56
79
77
40
58
99
70
1
1
15
38
66
98
68
59
70
33
77
80
53
33
58
37
54
97
76
92
105
61
57
38
29
47
65
86
70
118
127
122
103
111
122
65
51
99
117
115
93
39
54
96
104
119
102
98
132
101
73
67
61
81
67
65
44
33
38
112
121
55
85
81
85
137
98
101
57
42
67
89
105
89
41
24
69
47
34
16
13
43
66
45
9
67
93
67
62
80
103
98
58
64
56
98
79
40
21
48
54
38
96
78
118
126
87
103
94
79
79
100
99
107
144
141
100
86
86
100
89
99
152
148
150
87
60
95
136
150
141
135
67
86
148
114
96
92
115
64
58
14
-4
36
22
9
53
50
4
68
75
59
84
110
111
118
114
134
36
34
110
65
63
