9
22
52
44
55
13
-67
-32
-26
-22
-1
3
-33
-1
40
1
-51
-60
-28
15
6
-9
-6
-9
-29
-57
-31
3
-4
-71
-35
14
42
12
-50
-2
21
-11
8
-3
59
62
-10
-14
5
35
15
29
8
50
78
33
64
66
45
7
-16
-19
-28
13
-8
-8
73
21
-15
0
-31
8
20
27
-12
3
63
37
28
-4
-70
-32
-43
-69
-58
-5
-21
-58
-5
29
-29
-5
-44
-68
-26
-7
-8
-24
-54
-33
-39
-24
21
-3
37
7
6
-16
55
17
14
1
21
64
-50
9
-23
-23
19
14
-18
-47
-22
-26
-65
-90
-58
-22
-22
-23
-70
-67
-11
-24
-12
-43
-43
-31
-56
-51
-30
-12
27
35
14
-17
-11
19
4
1
-7
-57
-25
-72
-84
-12
-13
5
-17
10
24
13
29
28
-45
-36
-12
-51
-2
-1
36
38
-8
-20
33
37
37
9
24
31
-32
-16
14
9
42
-6
42
65
46
15
47
54
42
-29
-37
-25
-49
7
-39
36
32
-11
23
-43
-38
-9
-9
-34
14
-8
18
49
10
-26
-42
5
-38
-45
-33
-25
15
11
30
36
-43
-9
-15
-23
22
14
30
30
-14
-6
51
56
31
40
49
45
53
34
46
39
11
-10
1
-27
-14
-42
-26
-41
-7
-35
-29
-6
3
29
50
81
33
24
-15
-26
-6
14
-24
-7
13
-17
26
-33
-9
34
3
-49
34
61
1
73
46
53
36
20
10
26
22
24
1
-13
-6
-13
-5
0
23
44
57
-13
-12
21
-1
6
16
18
41
-26
-1
1
-1
55
66
61
50
12
23
13
-14
30
5
-72
-79
-114
-55
-21
-27
1
-69
-38
-38
-6
-10
22
5
-18
-1
-25
-9
25
64
59
11
33
-3
-33
13
-39
-38
-23
-66
-22
42
29
29
52
71
39
15
-27
-100
-53
-8
32
60
86
124
81
54
78
93
71
33
32
80
33
11
61
81
43
61
47
16
85
99
59
20
18
58
61
26
37
53
99
115
145
124
51
25
48
91
38
43
56
74
48
-19
40
68
109
117
121
157
126
63
24
65
92
101
111
91
106
55
28
85
104
108
14
12
74
44
41
85
115
79
42
53
18
68
63
1
3
48
55
61
7
49
52
10
51
45
48
61
60
-4
73
63
113
69
56
99
26
24
17
28
10
13
-33
35
65
45
-20
19
23
-23
41
38
91
96
94
70
47
86
52
18
-26
-20
3
6
39
9
-14
-28
-31
0
17
-20
3
11
9
37
3
45
34
11
54
39
9
-7
16
76
99
83
106
130
100
81
81
90
57
21
76
41
24
88
123
104
85
74
69
94
79
105
73
86
82
61
68
51
75
21
78
51
46
55
91
83
61
56
25
83
94
104
97
60
7
52
67
44
50
37
74
55
91
38
47
61
-2
43
-8
10
69
28
33
44
80
96
56
81
41
15
43
100
118
93
66
47
54
86
66
126
118
94
112
38
36
83
98
115
89
67
104
76
67
60
61
101
108
98
114
6
11
54
47
32
101
83
70
63
26
89
86
94
97
65
97
124
99
95
12
3
-18
16
68
14
49
20
40
39
15
54
86
115
57
18
75
86
69
64
-1
43
68
71
57
69
126
85
73
52
87
74
77
111
43
83
59
45
155
191
147
143
122
159
110
87
112
75
102
62
146
160
117
97
61
71
47
83
90
85
109
104
94
36
97
152
145
126
123
129
99
97
85
78
74
45
105
87
46
81
64
23
57
41
15
40
71
45
39
48
83
127
96
67
40
30
27
17
43
68
35
100
115
148
110
100
90
96
84
85
109
62
43
60
133
159
193
199
141
74
126
98
110
184
155
135
86
114
122
85
79
108
88
85
73
77
46
61
50
82
120
89
70
134
113
105
112
107
133
70
104
115
129
122
113
115
75
71
68
109
94
74
9
9
68
72
82
66
137
139
139
174
136
99
100
109
132
133
138
164
134
89
64
152
195
166
127
142
120
96
86
93
153
155
177
199
164
181
114
86
59
103
113
163
134
141
94
74
120
100
120
66
112
79
156
181
125
138
124
89
161
86
125
150
121
102
158
147
115
157
104
140
96
138
94
69
59
84
112
111
95
118
203
146
166
147
140
157
151
211
161
147
110
130
114
109
81
78
124
124
179
108
151
161
188
137
132
177
132
132
117
77
64
92
112
198
201
219
178
156
204
179
170
183
142
97
133
78
116
132
105
90
98
163
105
138
88
62
118
161
125
110
165
132
162
154
142
74
57
98
157
118
86
107
101
115
114
132
155
184
108
92
29
34
38
99
175
123
117
111
110
122
117
43
59
62
77
35
11
61
130
140
128
156
126
151
137
193
138
137
80
77
202
180
184
122
180
113
154
90
81
117
66
109
109
155
76
80
19
74
103
104
86
75
55
87
111
84
46
54
108
101
109
83
147
141
110
107
94
117
136
91
49
106
96
81
71
58
56
23
99
51
20
44
80
75
126
107
104
61
35
28
42
40
54
104
80
116
133
94
60
120
124
141
86
85
87
39
111
57
94
32
60
77
41
43
60
151
141
83
111
94
57
101
76
141
145
51
74
52
65
57
94
90
44
95
41
99
55
107
107
144
70
54
104
62
50
31
97
117
121
82
153
134
134
112
54
64
96
168
130
79
51
48
6
107
72
92
71
55
48
33
87
41
95
50
96
100
126
66
87
128
183
149
160
125
129
178
154
171
50
84
80
139
118
113
86
149
96
111
108
115
99
65
105
119
109
74
116
125
156
52
93
12
63
92
71
129
97
79
22
90
65
124
161
147
132
113
84
104
25
72
72
115
150
115
123
73
173
89
65
68
38
77
31
55
147
46
111
26
65
127
132
122
115
44
86
45
120
104
138
135
118
74
60
65
39
116
73
142
123
126
70
54
84
-21
10
28
28
83
29
87
60
140
56
52
42
134
91
157
108
97
15
96
100
147
86
101
60
153
155
120
111
115
168
88
147
65
123
74
187
124
137
120
103
49
115
97
200
133
138
142
177
167
160
91
78
107
107
41
27
70
78
75
97
77
57
133
94
153
84
76
57
115
66
32
127
78
97
121
173
61
93
32
95
141
133
19
38
72
133
73
55
24
90
107
71
135
57
152
44
127
76
54
78
67
105
26
73
61
176
38
108
25
136
79
110
151
95
199
168
223
99
148
111
122
26
100
137
144
111
63
78
95
101
35
41
61
110
52
78
68
137
-8
92
88
147
94
125
82
59
14
117
135
118
46
20
69
68
115
38
72
85
70
58
8
160
196
233
82
143
77
115
147
184
83
90
86
109
146
151
128
55
43
105
31
44
-27
104
37
129
64
123
127
159
178
170
218
86
185
152
189
98
170
204
166
139
93
133
253
127
244
80
147
106
63
32
35
80
81
69
52
40
114
159
44
70
52
86
-6
136
226
88
178
89
213
165
162
117
-24
63
48
155
62
178
103
127
41
107
75
107
48
133
68
100
101
98
158
49
64
-94
89
-2
64
-15
101
85
41
35
174
127
136
106
143
160
-23
145
-8
139
-57
197
-8
73
-66
206
90
67
-49
-17
77
63
161
-17
59
39
242
174
170
44
119
-14
179
72
219
23
31
163
119
86
-106
32
78
71
8
18
86
0
153
60
149
31
101
16
96
66
116
-21
34
98
77
177
149
18
-56
117
72
215
-24
-17
143
161
196
3
99
-184
122
-33
181
-38
120
-72
6
-88
199
99
167
106
106
5
69
157
139
38
19
110
96
230
-6
109
28
242
22
103
49
85
131
185
267
34
198
-110
357
-117
296
-107
283
0
198
126
-10
371
163
326
12
156
32
257
16
270
135
266
160
237
91
49
169
198
164
265
160
71
98
210
175
96
70
87
200
256
244
5
177
238
288
124
141
-52
103
189
262
157
-1
93
230
255
208
53
91
52
258
254
186
154
90
196
99
255
157
226
162
188
160
25
181
2
300
76
261
-91
274
297
229
277
207
201
75
144
33
99
148
439
161
259
-25
182
259
309
317
296
172
47
125
241
219
48
212
382
285
268
159
212
282
194
220
154
312
397
165
217
237
31
389
100
261
116
310
235
44
307
106
384
-54
469
-31
282
39
260
370
52
334
271
473
191
-33
64
343
166
300
21
370
158
313
238
138
139
135
345
281
256
239
438
123
222
347
17
390
73
439
275
68
284
150
491
60
423
42
508
37
300
131
190
176
384
79
494
-20
337
121
342
43
406
367
408
246
134
379
220
496
238
304
398
262
334
85
216
238
286
410
71
420
223
359
450
240
252
94
263
311
134
202
-24
519
355
481
139
230
374
-11
295
5
753
197
490
-155
291
142
294
448
166
609
240
245
-18
174
124
350
188
196
92
543
254
581
340
315
123
299
199
-166
415
29
544
87
385
176
279
187
365
353
153
9
219
230
202
295
591
-103
504
170
673
-215
916
97
461
125
296
341
424
639
225
308
315
404
69
314
-208
289
-107
442
-177
552
165
240
308
106
193
262
367
-23
514
-11
357
263
214
398
175
383
342
410
281
298
378
5
196
24
399
381
818
252
414
247
400
304
-46
359
94
400
404
172
297
-417
565
379
376
45
-200
331
141
444
263
482
262
-60
349
282
539
159
183
34
-6
26
712
592
432
150
558
-116
260
51
378
255
296
580
220
457
232
386
338
292
181
345
365
295
404
693
97
326
163
559
395
60
90
998
556
130
326
318
285
47
713
532
601
512
-287
-199
-598
1060
1285
2066
1061
959
-110
-545
-525
-854
543
411
1070
338
218
4
-99
-71
-44
343
271
203
292
-131
148
623
518
289
592
355
243
112
235
550
272
777
330
662
540
396
735
1034
862
288
664
-278
13
195
529
-19
497
11
-161
171
265
376
451
300
256
600
609
1010
-1241
-391
-945
562
1468
477
362
-203
232
358
-68
91
433
-306
125
528
1066
1203
-8
-142
175
-384
-755
-519
62
-127
557
701
947
-4
114
471
575
269
-417
403
-359
700
432
448
-1031
155
438
1294
469
513
3744
1709
1067
-653
-430
-896
-846
-700
-747
-578
8
92
313
690
755
182
248
85
-358
-684
-429
173
-13
69
186
530
650
425
741
806
811
309
735
-41
-91
-712
-407
58
164
558
-30
19
-480
316
355
238
-70
574
112
166
626
779
712
547
617
-267
-91
-158
133
138
521
137
-238
-138
570
800
821
599
413
354
221
348
189
405
774
902
527
458
304
184
132
160
2
326
767
495
224
137
423
289
358
201
533
404
440
296
-97
-289
-438
-290
-18
368
669
1023
864
766
924
734
447
274
-171
66
235
-199
-141
-436
454
379
467
709
876
869
33
-78
-367
-52
74
-128
-540
-442
7
248
653
636
762
497
-134
314
152
-34
-48
1063
1493
1224
1171
648
-164
-498
-48
-652
-12
52
243
449
870
1084
1765
2838
2205
944
-101
-935
-2402
-2306
-1361
-310
385
1054
1329
1088
492
40
-61
-432
-533
-232
465
719
816
239
-422
-329
-110
56
233
482
391
173
390
826
1078
555
118
-83
107
-142
-84
29
-74
-187
-432
-644
-534
254
738
823
1032
979
552
424
466
126
240
580
1081
1388
1318
1127
867
449
531
857
663
264
-29
-87
-359
-273
-192
-25
323
916
1057
797
430
410
396
160
-402
-679
-639
-128
493
1010
603
-155
-426
-99
378
304
154
-239
-320
-262
-662
-1057
-1014
-640
-533
-286
-341
-335
-637
-958
-778
-1115
-1009
-1137
-1145
-1120
-813
-317
235
731
727
859
592
448
420
657
876
716
650
690
711
720
812
677
452
563
754
1009
1350
1704
1881
1993
2247
2210
2229
2176
2029
1844
1636
1659
1591
1579
1423
1274
1063
935
879
678
494
222
30
-303
-392
-370
-452
-835
-1329
-1274
-1321
-1330
-1277
-1255
-1100
-1117
-1312
-1195
-1213
-1241
-1329
-1059
-743
-472
-64
-111
-396
-726
-788
-712
-44
596
1347
1369
1288
783
221
-868
-1621
-1930
-1966
-1709
-1638
-1422
-1264
-873
-935
-811
-850
-323
362
536
246
-43
-375
-806
-1223
-1434
-1761
-2146
-2390
-2677
-3155
-3218
-3269
-1462
768
2286
2925
3161
6252
7744
8547
8169
9405
10006
7588
5535
3904
4466
1881
-877
-2497
-2760
-2752
-4202
-3515
-2195
-533
-952
-1414
-19
961
1174
-470
-755
-734
-1895
-3385
-4194
-3368
-3529
-3993
-3946
-2693
-1187
-364
860
2056
3101
3800
4141
4640
4914
4865
4048
2754
1825
921
280
-595
-1170
-1557
-1891
-1632
-1379
-742
-213
420
541
255
619
2261
3010
2426
2118
2236
2748
1393
903
882
917
-780
-2279
-1885
-1742
-1713
-2769
-1919
-1298
-823
-521
-9
1049
1069
956
-234
-308
-383
-1118
-2431
-3935
-3896
-4810
-5289
-5224
-4182
-3531
-4119
-3679
-3026
-1812
-1683
-2512
-4415
-6054
-6381
-8338
-9853
-10005
-10277
-9093
-5227
-1497
1560
3788
5158
6427
9134
14069
16656
17287
17148
18473
17752
13456
9128
7435
7163
2894
-1821
-3703
-3122
-4028
-6074
-5080
-2333
-583
-1640
-1662
637
2527
1825
-881
-1610
-2021
-3962
-7030
-8063
-6861
-7126
-8327
-8231
-5307
-2344
-539
1447
3948
6437
7623
8160
8834
9398
9017
6981
4400
2817
1717
160
-1706
-2737
-2943
-3152
-3088
-2412
-970
295
771
627
471
976
1002
136
-898
-534
-51
-1208
-1668
-1006
851
1121
1021
2052
3070
3541
2789
3074
2915
2602
1153
-118
-194
-479
-675
-1801
-1652
-1086
-862
-1149
-1026
97
-193
-882
-1617
-1409
-1517
-2480
-3076
-3490
-3504
-3964
-4120
-4175
-4091
-4196
-5187
-5491
-5175
-4481
-4948
-5546
-5582
-6240
-10488
-12613
-8875
-6654
-4456
-3200
2789
9287
14954
18568
19881
21209
15824
9658
5828
7942
5995
-957
-4989
-5981
-5373
-8830
-10158
-7736
-4054
-3652
-5744
-3189
274
1301
-2848
-5105
-3533
-3270
-4530
-5455
-2419
-790
-2003
-3759
-2797
809
3146
4935
6780
9529
11674
11590
11393
11737
11717
9461
6197
4188
2895
1512
-400
-1764
-2508
-3092
-3151
-3147
-2369
-1022
-294
-687
-1597
-1352
-819
-1262
-1920
-2037
-1910
-2317
-2392
-965
781
2106
2326
3028
3865
4893
5196
4575
4284
3290
2019
40
-521
-752
-1494
-2624
-3265
-2519
-2298
-1935
-1631
-1164
-1285
-1946
-2323
-2735
-2736
-3485
-4641
-5785
-6163
-6165
-6845
-7142
-7078
-6515
-6774
-7232
-7041
-6409
-6131
-6157
-6492
-2228
3981
7672
8840
9150
15729
19221
18975
16887
18838
20110
13615
7518
4630
6487
1527
-5596
-8194
-7378
-6721
-10684
-10488
-6974
-3867
-5969
-8788
-5530
-2119
-1874
-6140
-6279
-4071
-5304
-8212
-8990
-5124
-3877
-4723
-4428
-718
4094
6095
7956
10018
12804
13863
12516
11940
11867
10966
7092
2970
835
-684
-2537
-4787
-5424
-5507
-5522
-5024
-4488
-3016
-1864
-1252
-2171
-2923
-2165
-1774
-1802
-2757
-1908
-1502
-1427
-623
956
3225
3804
4680
5020
6221
6682
6573
6008
4796
4164
2190
817
-184
-419
-1491
-3064
-3294
-3359
-3072
-3542
-3292
-3189
-3679
-4102
-4748
-4744
-5205
-5768
-6821
-7702
-8168
-8559
-8620
-8371
-7890
-7845
-8220
-7724
-7132
-6416
-6653
-2858
4587
8819
10934
10758
17603
23013
22802
20214
19877
22318
15812
8343
4066
5727
2360
-6876
-10213
-9151
-6778
-10685
-11847
-7364
-3485
-4192
-8042
-4934
-1006
-909
-5979
-8426
-5686
-6732
-9903
-11719
-7878
-5055
-6077
-5402
-1037
5422
8106
9550
11985
14734
16093
14225
13239
12773
11239
7192
2396
277
-1089
-2756
-5125
-5966
-5568
-5557
-4925
-4347
-2945
-1831
-1810
-2562
-2679
-1511
-1030
-2179
-3225
-2050
-1135
-1444
-923
1803
3770
4010
4259
6029
7778
7669
7151
6464
5917
4587
2732
964
2
-712
-2750
-4446
-4894
-4128
-4305
-5195
-4837
-4337
-4517
-5396
-5439
-5022
-5463
-6613
-8066
-8541
-8755
-8813
-9473
-10278
-10156
-10123
-10051
-9958
-8559
-6130
1748
8167
12149
12946
16193
25004
26635
24821
21868
24337
20921
10992
4630
3564
3753
-6042
-12791
-12962
-10090
-10450
-13990
-10034
-5179
-3311
-7478
-7629
-2203
-647
-4408
-10390
-8590
-7396
-10586
-13167
-10730
-5317
-5096
-4875
-907
6495
11770
13056
15350
17531
19569
18090
15292
14196
12285
8481
2200
-1383
-2576
-3981
-6132
-7864
-6963
-6514
-5767
-4631
-3457
-1900
-1793
-2561
-3294
-2459
-1467
-2402
-3878
-3415
-1663
-1404
-1042
1807
4536
5278
5262
6812
8805
8803
8001
6862
5783
4006
2094
91
-1478
-2271
-3995
-5882
-6744
-5596
-5146
-6072
-6100
-5436
-5288
-6419
-6592
-6191
-6820
-8155
-9309
-9081
-8965
-8915
-9133
-9312
-9130
-8847
-8784
-7956
-6469
1194
9039
13036
14474
15894
25261
28700
27329
23405
24147
23462
12912
4920
1890
3729
-4488
-14281
-15158
-12159
-10287
-14853
-12440
-6602
-3682
-6643
-8937
-2914
-246
-2731
-9559
-9717
-6758
-9411
-12352
-11508
-5258
-3564
-4304
-904
6346
13170
14289
16018
18190
19802
19178
15589
14083
11775
8029
1749
-3156
-4343
-5566
-7122
-9221
-8660
-7468
-6591
-5034
-3900
-2144
-1630
-1483
-2308
-2498
-1428
-1694
-2789
-3702
-2080
-498
-94
1414
4021
6189
6472
7071
8801
9729
9120
7297
5956
4457
2440
171
-1895
-3000
-4516
-6218
-7320
-6962
-6057
-6318
-6606
-6506
-5913
-6238
-6855
-7005
-7300
-7871
-8737
-9117
-9059
-8988
-9024
-9543
-9678
-9856
-8851
-8343
-3477
7052
12527
15375
14671
22704
30550
29572
26287
24383
26867
17333
6763
1786
3069
-570
-13563
-16915
-14929
-11152
-14211
-15179
-8260
-4060
-4643
-9517
-5227
-10
-1299
-7646
-11668
-7716
-8924
-12519
-13062
-7694
-3010
-4260
-1765
4715
13141
16308
16773
19379
20555
20946
17120
14404
12499
8365
2609
-3978
-5744
-6649
-7980
-9788
-10236
-8310
-7618
-5689
-4278
-2608
-1605
-1802
-1833
-2731
-1751
-1767
-2535
-3616
-3056
-708
128
1869
3933
6376
7250
7585
9131
9880
9872
7975
6027
4272
2346
299
-2143
-3686
-5107
-6501
-7651
-7534
-6435
-6117
-6380
-6566
-6172
-6136
-6560
-7029
-7626
-7813
-8141
-8739
-8938
-8618
-8145
-8841
-9354
-9665
-8533
-7990
-4303
6611
12810
15856
14795
21558
30867
30167
26831
23929
26593
18339
6621
998
1592
-237
-13516
-18409
-16334
-11985
-13845
-16227
-9281
-4272
-4290
-9386
-6135
239
-863
-6953
-11930
-8263
-8372
-12157
-12596
-7885
-2309
-3250
-1257
5195
13636
17574
17323
19770
20849
20991
17321
13924
12109
7679
1880
-4678
-6724
-7225
-8451
-9894
-10527
-8513
-7349
-5446
-3724
-2188
-366
-563
-1624
-2649
-1289
-527
-2342
-3941
-3029
-518
-366
812
4255
6950
7357
7212
9472
10947
10336
8376
6467
4516
2009
-279
-2988
-4722
-5965
-7596
-9296
-9235
-7304
-6780
-7644
-7680
-6539
-6452
-7652
-7686
-7057
-7387
-8470
-9037
-8796
-8731
-8814
-9464
-10093
-10449
-9463
-7959
1822
11354
15166
15570
17701
29774
32308
29140
25639
27388
24022
9499
2222
853
1721
-9737
-19527
-18010
-14573
-13175
-16944
-11772
-4866
-3386
-7496
-8269
-437
943
-4415
-11325
-10347
-7608
-12028
-13672
-10164
-3674
-2887
-2946
3469
11872
18365
18634
20172
21949
21900
19679
14982
13114
9364
3368
-3713
-7564
-7499
-8613
-9852
-10828
-9196
-7422
-5956
-3440
-2104
-150
97
-1282
-2154
-1719
-319
-2172
-4081
-3675
-1376
-461
-152
3693
6702
7586
7286
9181
11471
10861
9285
7176
5234
2464
102
-2355
-4645
-5723
-7544
-9242
-9749
-7953
-6866
-8025
-8325
-7394
-6944
-8257
-8277
-7163
-7584
-8683
-9286
-8934
-8614
-9072
-9531
-10533
-11104
-10115
-6703
4447
12185
15912
15631
20173
31376
31815
29000
25819
28289
21214
6999
1543
1641
414
-13475
-19815
-17212
-13869
-14589
-16841
-9366
-4205
-4261
-8658
-6461
915
-7
-6250
-12104
-9261
-8504
-13326
-13464
-8431
-2378
-3394
-1868
6054
14483
19098
18759
21280
22288
21560
18296
14220
12384
7464
1071
-5774
-8232
-7898
-9214
-10504
-10906
-8507
-7073
-5595
-3197
-1578
154
-779
-2225
-2887
-1748
-722
-3137
-4546
-3180
-479
-167
973
5488
8076
8032
7632
10158
11787
10121
7940
5784
3759
1009
-1352
-3697
-5370
-6217
-8009
-9483
-9060
-6788
-6328
-7932
-7985
-6786
-7013
-8420
-8132
-7329
-7821
-9152
-9344
-8958
-8820
-8995
-9532
-10811
-10466
-8644
-14
10251
14630
16592
17237
27508
32754
30251
26755
26827
25999
11921
2411
628
2249
-7085
-19517
-18571
-14794
-13047
-16734
-13016
-5028
-3389
-6955
-8967
-1720
1328
-3688
-10859
-11640
-7706
-11335
-14220
-10979
-3867
-1688
-3174
2842
12003
18956
19266
19900
22358
21919
19721
15029
12660
9245
3205
-3690
-8340
-8025
-8424
-9700
-10843
-9398
-6891
-5927
-3775
-2075
-836
-516
-1903
-2775
-2795
-1451
-2020
-4240
-4129
-1661
629
722
3622
7425
8591
8199
8903
11528
11088
8970
6658
4625
2226
-420
-2409
-4888
-6149
-7281
-8728
-9317
-8173
-6390
-7063
-8074
-7413
-6416
-7224
-7945
-7266
-7282
-8184
-8800
-8754
-8524
-8831
-9035
-10219
-11297
-9966
-4354
7258
12782
15573
16193
22840
32473
31159
28735
26220
27546
17881
4562
948
1665
-2041
-16760
-20461
-16365
-13387
-15397
-16001
-7227
-3361
-5290
-8727
-4399
1939
-1328
-8185
-12498
-8907
-9259
-13901
-12681
-6980
-1604
-3107
-93
9022
17317
20187
19174
21863
22358
20868
16814
12995
10556
4729
-1764
-7789
-9038
-8413
-9435
-10594
-10566
-7461
-5682
-4047
-2180
-340
821
-1146
-2350
-2606
-1230
-1800
-4248
-4731
-3021
-484
-192
2269
6112
8237
8124
8540
11271
11789
9943
7105
5130
2903
-35
-2426
-4788
-6135
-7549
-9058
-9776
-8672
-6728
-6910
-7719
-7364
-6312
-6582
-7501
-7186
-6953
-7816
-8744
-8967
-8901
-8950
-9356
-10509
-11558
-10802
-5758
6150
12714
15460
16178
21883
32012
31318
28598
26203
27519
18902
5070
682
1437
-983
-15460
-20674
-16440
-12955
-14379
-15732
-7399
-2504
-4371
-8343
-4789
2086
-686
-7786
-12596
-9554
-9238
-13966
-13204
-7680
-1974
-3028
-699
8184
16794
20295
19141
21576
22414
20859
16909
12947
10718
5045
-1557
-7426
-8892
-8110
-9021
-10019
-10074
-7257
-5230
-3619
-1669
-283
882
-690
-2323
-2842
-1661
-1683
-4217
-5225
-3485
-774
-283
1645
5762
8237
8169
8441
11008
12061
10191
7363
5285
3066
242
-2332
-4704
-6233
-7326
-8798
-9734
-8647
-6572
-6464
-7556
-7214
-5936
-6241
-7418
-7167
-6808
-7923
-9095
-9513
-9252
-9663
-10291
-11370
-12222
-11066
-2272
9410
13290
14861
16719
26998
32767
29752
27415
27377
26489
12857
2505
835
2416
-5842
-19579
-19306
-14371
-12372
-16229
-13264
-3922
-2111
-6456
-8530
-1148
2301
-3681
-10866
-12130
-8485
-11789
-15081
-11891
-5188
-2127
-3414
2125
11669
19309
19847
19752
22444
22230
19747
14859
12261
8885
2420
-4300
-8629
-8516
-8502
-9324
-10319
-9143
-6079
-4459
-2535
-1104
780
899
-1618
-2671
-2226
-1153
-3210
-5369
-4691
-2454
-833
-232
3469
6910
8027
8010
9439
11919
11389
9154
6476
4513
2106
-873
-3412
-5518
-6611
-8332
-9898
-9760
-7921
-6738
-7629
-7968
-6836
-6171
-7018
-7427
-6889
-7149
-8456
-9632
-9663
-9820
-10432
-12232
-12818
-10954
-430
9791
12550
14395
18021
29785
32357
29283
27962
29041
25539
10466
2950
1899
2035
-9031
-20165
-17828
-13808
-13171
-17020
-11498
-2810
-2680
-7345
-7630
642
1534
-5503
-11701
-11024
-8378
-13345
-15123
-10894
-4225
-2837
-3417
3829
13263
19727
19335
20200
22906
22290
19125
14176
12189
8245
1363
-5205
-8586
-8015
-8601
-9610
-10210
-8442
-5627
-4241
-2310
-1001
820
442
-2134
-2858
-2084
-1363
-3947
-5741
-4239
-1825
-654
282
4508
7721
8329
8457
10348
12497
11214
8626
6048
4048
1507
-1467
-3954
-5907
-6832
-8671
-9998
-9251
-7381
-6546
-7780
-7619
-6395
-6233
-7399
-7452
-6889
-7847
-9101
-10040
-9896
-10275
-11053
-12197
-12642
-8949
3331
11528
13232
14497
20986
32054
31233
28244
27326
28961
21259
6651
2063
2399
442
-13201
-20261
-15946
-12266
-13823
-16545
-8425
-1631
-3824
-8759
-5755
2259
-468
-8250
-12624
-9738
-9159
-14627
-14098
-8444
-2508
-2948
-1457
7101
16106
20382
19012
20901
22750
21335
17026
12696
10963
5823
-1157
-6855
-8411
-7749
-8810
-9556
-9578
-7143
-4872
-3417
-1839
-760
935
-656
-2845
-3294
-2009
-1911
-5065
-5505
-3491
-712
-279
1713
6220
8444
8759
8839
11511
12374
10453
7586
5132
3251
332
-2418
-5009
-6302
-7455
-9256
-10011
-8835
-6673
-6740
-7646
-7118
-6027
-6225
-7646
-7346
-7122
-8109
-9657
-10417
-10166
-10556
-11750
-12575
-11861
-4872
7000
11764
13897
15877
25510
32767
29982
28207
27746
27760
15424
4517
1940
2298
-3748
-17144
-18504
-14408
-12031
-15096
-13906
-4891
-1967
-5497
-8671
-2587
1887
-3548
-10466
-12554
-8909
-11456
-15130
-12497
-6272
-2206
-3234
1555
10456
18379
20005
19266
21873
22203
20049
14994
11793
9125
2994
-3553
-8271
-8312
-8064
-9043
-9777
-9125
-6060
-4279
-2738
-1380
513
1042
-1515
-3305
-2884
-1502
-3418
-6026
-5495
-2728
-1054
-399
3083
7316
8923
8783
10196
12714
12684
10094
7178
5073
2621
-589
-3642
-5799
-7018
-8567
-10202
-10146
-8098
-6664
-7231
-7381
-6208
-5495
-6482
-7283
-6833
-7058
-8730
-10100
-10712
-10833
-11615
-13214
-13020
-9148
3095
10544
12941
14674
21413
32464
30961
28493
27466
29138
20928
6646
2537
2417
-24
-13814
-19473
-15190
-11979
-13557
-15939
-7458
-1482
-3533
-8116
-4880
2646
-736
-8404
-12649
-9315
-9408
-14924
-14197
-8596
-2652
-3407
-1141
7554
16186
20076
18876
21229
22745
21319
16842
12503
10570
5099
-1692
-7273
-8543
-7976
-9115
-9760
-9573
-6954
-4795
-3276
-1446
585
1582
-719
-3259
-3442
-2060
-3425
-6405
-6918
-4531
-2693
-1908
1194
5892
8457
8538
9859
12533
13535
11382
8228
5841
3284
31
-3601
-6022
-7340
-9013
-11021
-11385
-9158
-7270
-7503
-7889
-6731
-5634
-6279
-7252
-7113
-7026
-8595
-10510
-11491
-11565
-12164
-13472
-13538
-9017
3322
10484
12951
14688
22528
32767
30765
28071
27405
29011
19723
5946
1941
2011
-1547
-15235
-19761
-15314
-12177
-14206
-15813
-7113
-1354
-3576
-8061
-4390
2240
-1541
-9158
-12980
-9438
-10212
-15385
-14218
-8300
-2631
-3171
-194
8493
16968
20305
19405
21642
22795
21238
16422
12074
9793
4385
-2250
-7722
-8716
-8217
-9135
-9640
-9206
-6315
-4260
-2657
-1040
1064
1721
-727
-3070
-3248
-1943
-3823
-6522
-6590
-4127
-2556
-1722
1919
6337
8628
8704
10354
12991
13515
11473
8374
6048
3488
200
-3274
-5690
-6857
-8605
-10660
-10963
-8707
-7099
-7606
-7902
-6707
-5858
-6870
-7566
-7114
-7359
-9222
-11051
-11930
-12183
-13378
-13946
-11604
-855
8307
11098
12657
18351
30797
31888
28383
27158
29511
24408
9846
3976
3569
1770
-11124
-19265
-15783
-12347
-13267
-16502
-10224
-2877
-3264
-7597
-6359
1078
96
-7386
-12628
-10171
-8733
-14225
-15079
-10215
-4134
-3788
-2442
5482
14088
18865
18542
20438
22458
21839
18301
13583
11284
6862
404
-5523
-7847
-7516
-8647
-9614
-9683
-7442
-5202
-3639
-1801
-218
966
-426
-2505
-3375
-2342
-3165
-5975
-6893
-5095
-2844
-2179
379
4703
7609
8166
9374
12168
13265
11839
9285
7003
4530
1463
-1747
-4497
-6195
-7752
-9609
-10463
-9170
-7452
-7557
-7991
-7282
-6344
-6775
-7570
-7496
-7744
-9166
-10859
-11817
-12661
-13723
-14016
-11852
-1508
7153
10414
11910
17670
30440
31987
28678
27181
29978
24958
10496
4609
4447
2735
-10633
-18649
-15199
-11907
-13001
-16276
-9811
-2830
-3314
-7522
-6097
1373
74
-7386
-12753
-10146
-8820
-14447
-15149
-10204
-4256
-4434
-2766
5500
14043
18526
18302
20628
22511
21785
18386
14126
11814
7072
696
-5001
-7089
-6857
-8162
-9069
-9103
-6875
-5057
-3547
-1725
-489
684
-813
-2653
-3916
-3083
-3513
-6294
-7276
-5532
-2880
-2311
279
4675
7672
8269
9322
12287
13236
11647
9014
6874
4369
1261
-1661
-4465
-6171
-7710
-9370
-10170
-8924
-6997
-7152
-7814
-7196
-6028
-6681
-8060
-7745
-7843
-9323
-11693
-12658
-13216
-13997
-14118
-10017
1615
8094
10902
12135
20980
32151
30811
27748
27064
30141
21016
7890
4346
5276
605
-13945
-17636
-13104
-10568
-13722
-15142
-6804
-2228
-4653
-8506
-4270
1756
-2569
-10355
-13667
-9461
-10820
-16069
-14762
-8500
-3822
-5053
-1019
8258
16156
18276
18186
21343
22444
20851
16567
13192
10711
5061
-1196
-6075
-6737
-6801
-8316
-8993
-8227
-5718
-4384
-2616
-1182
6
72
-1764
-3465
-4183
-3417
-4806
-7155
-7463
-4872
-2652
-1754
1609
6014
8235
8453
10246
13026
13229
10934
8335
6376
3567
378
-2389
-4674
-6243
-7863
-9246
-9508
-7889
-6512
-7011
-7538
-6719
-5993
-7158
-8231
-8185
-8704
-10766
-12755
-13455
-14290
-14711
-13069
-2947
5683
9070
10736
15987
28933
31537
28880
26905
29636
25865
11719
5132
5179
4244
-9069
-18109
-14561
-10712
-12139
-15990
-9588
-2357
-3383
-7844
-6370
1140
-159
-7864
-13508
-10955
-9486
-15136
-16366
-11399
-4957
-5158
-4023
4550
13865
18151
17596
20286
22724
21815
18224
14298
12413
7561
1142
-4405
-6518
-6218
-7498
-8431
-8451
-6194
-4375
-3106
-1251
183
701
-1084
-3094
-3975
-3586
-4520
-6806
-7879
-6331
-4021
-2655
-36
4344
7517
8218
9594
12369
13721
12052
9445
7503
4959
1662
-1337
-3563
-5475
-7331
-8855
-9388
-8295
-6879
-6611
-7094
-6733
-5920
-6548
-7804
-8163
-8415
-10400
-12699
-14119
-15118
-15652
-13213
-2616
4756
7928
9671
16903
29158
30597
29106
28065
30799
24700
11569
6347
6365
3899
-10222
-17446
-13943
-10666
-12750
-15645
-8042
-1953
-3778
-7874
-4694
2314
-673
-8411
-13058
-10073
-10542
-16176
-16405
-11208
-5865
-6787
-4364
4647
13884
17474
17285
20631
22962
22044
18088
14824
12958
7444
893
-4471
-5873
-6033
-7513
-8386
-8220
-5808
-4181
-2541
-824
693
964
-1091
-3006
-3666
-3340
-4999
-7573
-8378
-6578
-4694
-3370
-203
4183
6978
7838
9772
12705
13764
11920
9477
7607
4984
1701
-1391
-3597
-5469
-7544
-9150
-9285
-7732
-6591
-6696
-7030
-6440
-5874
-6908
-7846
-8059
-8614
-11195
-13363
-14658
-15487
-16090
-11467
-250
5220
7788
9705
20295
30372
29680
28167
28464
30888
20983
9601
6646
7521
1401
-13277
-16369
-12203
-10063
-13962
-14287
-5334
-1741
-5046
-8090
-2157
2753
-2708
-10391
-12772
-9207
-12243
-17102
-15611
-9510
-5973
-7350
-2620
6912
15091
16891
17475
21278
22643
21062
16827
14544
11912
5774
-505
-4911
-5263
-5968
-7326
-8073
-7222
-4892
-3643
-1712
-201
1163
614
-1768
-3402
-3808
-3727
-6085
-8374
-8353
-6274
-4705
-3226
906
5076
7066
7841
10512
13424
13365
11373
9231
7365
4318
1065
-1614
-3664
-5510
-7727
-8903
-8640
-7027
-6236
-6732
-6643
-6007
-5864
-7275
-7931
-8051
-9259
-11954
-13749
-14719
-15741
-16241
-9776
937
5588
7914
10387
22295
30236
28973
27339
28524
29828
18306
8214
6113
7329
-896
-14613
-15485
-11137
-9782
-14303
-12607
-3589
-1592
-5638
-7830
-1040
2078
-4193
-11616
-12664
-9415
-13403
-17085
-14765
-8319
-5826
-6769
-1014
8616
15877
16664
17903
21258
21937
19804
15682
13897
10499
4427
-1342
-5017
-5083
-5879
-6761
-7452
-6357
-4196
-2912
-831
670
1439
273
-2242
-3544
-3929
-4435
-6639
-8728
-8456
-6640
-4628
-2567
1633
5402
7084
8344
10838
13508
13063
10816
8674
6446
3325
19
-2188
-4076
-6046
-8040
-8796
-7955
-6578
-5953
-6344
-6309
-5830
-6108
-7103
-7593
-8067
-9963
-12489
-14253
-15364
-16669
-14157
-3190
3634
6297
7457
15885
28242
29120
27782
27517
30874
23980
11540
7132
7844
4950
-9280
-15700
-12199
-8863
-11387
-14230
-6444
-822
-3204
-7753
-3981
2734
-885
-8958
-13312
-10107
-11335
-16667
-16574
-11208
-6485
-7430
-4525
4217
13386
16643
16574
19793
21864
21112
17136
14373
12710
7337
1108
-3778
-4454
-4575
-5690
-6295
-6082
-3871
-2622
-880
812
1864
1654
-1220
-3357
-4059
-3951
-5898
-8603
-8949
-7324
-5495
-4103
-237
4236
6451
7252
9301
12436
12987
10961
8573
6735
4124
679
-2054
-3899
-5267
-7321
-8820
-8433
-6778
-5664
-6245
-6518
-5913
-5867
-7077
-7846
-8035
-9023
-11643
-13458
-14512
-15437
-16985
-12562
-972
4792
7564
8465
19056
29665
29001
26860
26934
30386
20847
8770
5153
7050
2286
-12551
-15775
-11052
-7984
-11933
-13067
-3843
232
-3199
-7634
-2450
2587
-2670
-11003
-14013
-10034
-12670
-17596
-16392
-9632
-5472
-6690
-2473
6897
15284
16821
17037
20270
21469
19828
15155
12809
10403
4932
-778
-4944
-4844
-4890
-5425
-5989
-5151
-2706
-1691
-190
829
1870
956
-2445
-4556
-5290
-5104
-7428
-9796
-9426
-7063
-4945
-3428
1084
5571
7628
8104
10135
13134
12889
10287
7722
5929
3161
-301
-2806
-4284
-5415
-7225
-8310
-7528
-5514
-4650
-5557
-5807
-5076
-5133
-6942
-7773
-7827
-8999
-11682
-13583
-14079
-14786
-16823
-12962
-833
5691
8557
8635
18610
29923
29216
26389
26053
30393
21285
8182
3814
6452
2955
-12315
-16057
-11033
-7286
-11163
-13025
-3561
1096
-2382
-7729
-3019
2557
-2231
-10932
-14649
-10295
-12491
-17586
-16685
-9775
-4852
-6245
-2551
6722
15447
17094
16998
20027
21045
19457
14648
12193
9913
4827
-750
-5178
-5055
-4742
-4849
-5469
-4598
-2136
-1148
72
594
1743
627
-2652
-5179
-5742
-5289
-7344
-9440
-9002
-6039
-4091
-2444
1739
6265
8170
8200
10005
12578
12361
9538
7087
5428
2957
-57
-2535
-3516
-4402
-5895
-7103
-6531
-4540
-3995
-5001
-5601
-4909
-5484
-7415
-8271
-8090
-9109
-11419
-12891
-12683
-13385
-14696
-16188
-7770
3487
7970
9379
10432
23925
29832
26757
23883
26811
28349
14218
4377
3731
7136
-2215
-14990
-13181
-8240
-6963
-12802
-9787
-427
676
-5101
-8539
-1115
970
-5997
-14339
-13583
-9552
-14456
-17745
-13930
-5580
-3901
-4960
1049
10595
16820
16071
17226
19503
19664
16619
11782
10601
7835
3119
-2715
-5225
-3744
-3615
-4128
-4860
-2744
-1222
-797
-283
123
667
-1168
-3903
-6330
-5898
-5707
-7354
-8858
-7300
-3718
-2359
-502
3679
8003
8573
8235
10055
11884
10769
7651
5785
4100
1655
-1044
-2847
-3565
-4347
-5470
-6542
-5659
-4190
-4162
-5469
-5952
-5192
-6251
-8012
-8539
-8144
-9312
-11091
-11911
-11648
-12112
-13259
-14606
-6684
4407
9075
10250
10443
23107
29045
25992
23095
25584
27392
13907
4231
3673
7051
-1319
-13830
-12363
-7865
-6386
-11760
-9470
-424
553
-5016
-8650
-1632
826
-5920
-13910
-13185
-9100
-13745
-16897
-12869
-4832
-3296
-4542
1144
10222
16067
15300
16324
18466
18573
15528
10957
10219
7837
3335
-2261
-4420
-2850
-2824
-3399
-4067
-2097
-1095
-1066
-561
-470
334
-1948
-4925
-6765
-6297
-5567
-7725
-8495
-6584
-3204
-2077
-383
4416
7770
8213
7658
9708
11321
9725
7153
5241
3895
1626
-624
-2224
-2592
-2971
-4509
-5495
-4698
-2993
-3539
-5183
-5469
-4999
-6364
-8358
-8627
-8249
-9284
-11170
-11512
-10997
-11202
-11976
-13555
-11710
-122
7078
9925
8857
15045
26914
26028
23318
22286
27201
20974
7609
3291
5206
5336
-7753
-13389
-9497
-5901
-7855
-12453
-4892
924
-1752
-8650
-6771
528
-2418
-10465
-14838
-10098
-10395
-15714
-14988
-8336
-2677
-4142
-2564
4936
13099
15283
14304
16494
17764
16766
12122
9862
9545
6095
1003
-3243
-2663
-1938
-2372
-3107
-2701
-1039
-1264
-934
-1234
-1106
-1013
-3705
-6086
-7237
-5786
-5854
-7843
-7301
-4398
-1543
-1280
1632
6058
8051
7500
7211
9639
10017
7810
5494
4273
3184
938
-1027
-1915
-1656
-2525
-4393
-4802
-3472
-2640
-4318
-5711
-5385
-5488
-7599
-9117
-8757
-8385
-9761
-11087
-10769
-9843
-10478
-11431
-12975
-10070
1382
6925
9604
8645
15875
25937
24282
22389
22094
26553
18935
7076
3776
6151
5098
-8158
-12085
-8384
-5284
-8356
-11788
-3507
797
-2729
-9124
-5828
475
-3313
-11082
-14258
-9354
-10785
-15509
-14128
-7278
-2546
-4455
-2208
5447
13159
14447
13652
16000
17174
15862
11242
9931
9524
5875
951
-2584
-1585
-1196
-1643
-2402
-1969
-839
-1265
-797
-1290
-1329
-1935
-4945
-6723
-7358
-6183
-6481
-8053
-6778
-4101
-1640
-935
2332
6144
7277
6928
6960
9184
8855
6807
4861
3691
2797
743
-557
-1125
-951
-2018
-3652
-3543
-2405
-2064
-4147
-5398
-5117
-5753
-7836
-9044
-8529
-8674
-10139
-11055
-10110
-9438
-10013
-11080
-11780
-11386
-1901
5605
8940
9204
11625
22632
24014
22567
21193
24548
22172
9958
4355
4982
7439
-2803
-11228
-8811
-5440
-5859
-11353
-6110
520
-1344
-7982
-8418
-1042
-1777
-8928
-14386
-11002
-9538
-14438
-14999
-9325
-2839
-3704
-3825
2639
11059
14056
12661
14471
16256
15781
11647
9584
10016
7190
2583
-1595
-1297
-470
-753
-1396
-1593
-520
-996
-891
-1218
-1688
-1916
-4554
-6930
-8072
-7335
-6098
-7295
-7006
-4741
-1692
-59
1806
5594
7625
7731
6605
7721
8703
7054
4909
2858
2389
1225
-263
-906
-677
-519
-2076
-2849
-2286
-1379
-2641
-5030
-5654
-6133
-7542
-9459
-9901
-9673
-10174
-11200
-10753
-9824
-9196
-9836
-10367
-11648
-7476
3029
7413
9789
8226
15905
23682
22158
20801
20791
24444
15946
6070
3821
7112
4945
-7537
-9817
-6466
-3743
-7967
-10061
-2136
131
-4642
-10391
-5848
-1011
-5349
-12637
-13971
-9314
-11443
-14928
-12274
-4969
-1866
-3929
-1094
6774
13130
12800
12648
14699
15480
13226
9430
9743
8863
5370
759
-1015
302
257
177
-647
-205
-489
-1119
-747
-1728
-2123
-3895
-5931
-7357
-8020
-6610
-6363
-6508
-5762
-3179
-417
1081
3650
5897
7211
6731
6424
7597
7401
6075
3898
2720
2187
1369
556
-143
81
-544
-1811
-2497
-2013
-1815
-3652
-5515
-6248
-6712
-8043
-9395
-9548
-9464
-9791
-10320
-9647
-8716
-8206
-9266
-10060
-11704
-6069
3431
7125
9192
7932
16739
22609
21514
20376
21008
23664
14030
5685
3943
7269
3286
-8364
-9062
-6207
-4127
-8738
-8775
-1079
-322
-5560
-10050
-4653
-1432
-6522
-13118
-13207
-9468
-12302
-14701
-11080
-4122
-2162
-3788
-7
7943
12913
12211
12738
14457
14648
11495
8588
9190
7804
4124
-11
-577
418
466
371
197
795
-297
-641
-631
-1536
-2293
-4692
-6616
-8314
-8630
-6907
-6493
-6056
-5163
-2240
552
2355
5015
6758
7804
6730
6385
6946
6392
5303
2910
1812
1468
1229
838
428
906
334
-684
-1553
-1147
-1156
-3279
-5421
-6586
-7047
-8140
-9571
-9669
-9393
-9369
-9534
-8804
-7636
-6985
-7830
-8709
-10182
-8792
595
5747
8685
7184
11427
20600
20979
20472
19359
23219
18272
8007
4303
5989
6768
-4275
-9172
-7196
-4652
-6415
-9947
-3410
-24
-3284
-9034
-7145
-1564
-4214
-10511
-13401
-9847
-10588
-14029
-12072
-5683
-1622
-3132
-1492
5367
11576
12344
12213
13768
14176
11995
8591
8796
8488
5436
1382
-173
887
920
1078
1253
1795
626
-706
-218
-718
-1947
-4224
-5978
-7240
-8435
-7600
-6550
-5516
-4887
-3437
-708
1697
4283
5544
6482
6589
6111
6006
5419
5320
4024
2187
1124
1079
1501
866
514
201
-149
-1193
-2067
-2104
-3010
-4534
-6521
-7558
-7814
-8360
-8954
-9292
-8733
-8270
-8281
-7837
-7058
-6581
-7855
-9657
-10893
-3056
4523
7448
7557
8405
18498
21026
20047
19012
21771
21195
10070
4207
4279
7112
-691
-9054
-7643
-5041
-4631
-9144
-5247
753
-843
-6719
-8593
-2902
-2719
-8679
-13544
-11465
-9843
-13346
-13492
-7845
-1833
-1655
-1864
3396
10424
12575
11791
12619
13520
11987
7754
6645
7303
5627
1862
-592
742
1556
1747
1844
2947
2564
211
-423
-952
-1803
-4258
-6911
-8051
-8800
-8272
-7280
-5767
-3884
-2394
-562
1661
4720
6277
6250
6042
5665
5316
3966
3418
3343
2199
896
534
1762
2363
1895
1347
940
427
-989
-2053
-3007
-4141
-5872
-7791
-8347
-8009
-7981
-8376
-8231
-7280
-6677
-6449
-6236
-5691
-6149
-7855
-9834
-10872
-2724
3881
7106
6921
8907
18995
20902
20518
19333
22068
19985
9098
3861
3588
5723
-2561
-9551
-8137
-5432
-4622
-8378
-3808
1446
-266
-5886
-7312
-2259
-3135
-9395
-13821
-11822
-10931
-14111
-13111
-6923
-1339
-1010
-487
5067
11330
12938
12154
12227
12600
10295
5958
5116
5711
4334
775
-621
1366
2622
3051
3277
4681
3650
1021
-402
-1366
-2431
-5491
-7990
-9640
-9701
-8427
-7189
-5133
-2853
-402
1023
2973
5866
7225
6550
4896
4396
3900
2583
1723
1644
1549
879
876
2110
3447
3603
2668
1605
686
-557
-2254
-4021
-5179
-6417
-8102
-8845
-8153
-6936
-6834
-6928
-6062
-4984
-4690
-4955
-5209
-5364
-7349
-9421
-12562
-8030
1281
5371
7549
6899
15590
21765
21165
20545
20835
22434
12739
4033
1500
3793
788
-8857
-9443
-6764
-3547
-5698
-5068
2106
2869
-1886
-7034
-4455
-2296
-7391
-13629
-14619
-11959
-13633
-14510
-9588
-2368
965
476
3547
10053
13379
12438
10975
10760
9445
4935
1967
2838
3646
1702
-543
878
3647
5048
4965
5615
5711
2822
-382
-2915
-4108
-5992
-9054
-10951
-10886
-8986
-7091
-4744
-1598
1648
3245
3700
5489
7033
6709
4368
2350
1791
1078
152
207
1412
2319
2551
2947
4397
5659
4913
2772
785
-653
-2621
-5005
-6560
-7032
-7660
-8280
-7853
-6211
-4591
-4253
-4215
-3783
-3437
-4067
-5113
-6388
-7312
-9306
-11445
-14054
-9197
757
6009
9016
9030
17127
23093
22022
20616
19594
20115
10432
1181
-1762
563
-1160
-9156
-8955
-5475
-1507
-2760
-2197
4103
4320
-819
-7146
-6434
-5076
-9895
-15897
-17002
-13578
-13474
-13156
-8005
7
4615
4277
5887
10810
13548
11799
8682
7387
6345
2566
-356
790
3454
3954
2606
3695
6878
8884
8023
6590
5413
2168
-2093
-6423
-8012
-8603
-10412
-11766
-11584
-7430
-3879
-1489
969
3846
5883
4536
4150
4433
4231
1532
-1414
-1498
-1062
-175
503
2562
4705
5520
5769
5873
6414
5110
2080
-1295
-3730
-5307
-7215
-8169
-7916
-6998
-6415
-5666
-3939
-2078
-1589
-2420
-3537
-4423
-5508
-7036
-8488
-9432
-10099
-11317
-12337
-12421
-3268
6382
11003
12319
13076
21285
22675
19917
17090
16408
13898
2715
-3343
-3082
1024
-2172
-6816
-3678
110
2535
-17
2083
5570
1970
-5293
-10787
-9546
-10087
-14483
-17707
-15909
-12022
-10965
-7946
-1605
4976
7195
5913
6796
9095
9470
7307
4526
3321
2645
1227
1311
3836
7227
8562
7713
7666
8786
9130
6662
3129
-572
-4158
-7550
-10816
-11382
-10211
-8365
-8096
-6741
-2323
1585
3578
3247
4309
4192
1862
-254
-782
-63
-1404
-2458
-1733
1092
3581
4983
6652
7604
7800
6214
4403
2836
626
-2352
-5582
-7126
-7210
-6647
-5927
-4755
-3253
-2348
-1866
-1762
-1783
-2689
-4528
-6614
-8145
-9005
-9300
-9538
-9532
-9112
-8541
-8646
-8505
410
9030
12743
11903
11310
18244
18408
15197
12273
12678
10846
1265
-2937
-1296
3478
383
-3589
-1231
909
1643
-1808
-213
1556
-2933
-9010
-12438
-10406
-10464
-12359
-12645
-10196
-7791
-6885
-2995
1865
4953
5135
4385
4825
4654
4215
4627
4315
2830
1855
2664
5101
6687
7617
8666
8640
6958
4654
4012
3427
682
-4116
-7152
-7363
-8160
-8527
-7572
-4637
-3131
-3389
-1503
1363
3149
1819
498
73
-453
-1313
-1930
-419
586
846
1173
3074
5811
6713
6458
5857
5148
3331
1210
-151
-1323
-2944
-4805
-5342
-4655
-3674
-2820
-2222
-1728
-1979
-2852
-3441
-3755
-4723
-6372
-7589
-7816
-7671
-7558
-6709
-5871
-5161
-5884
-6054
-7518
-4356
4307
8365
9992
7966
11848
16692
14872
13524
12542
13756
7499
294
-547
2371
2911
-3085
-3116
-1223
-529
-2142
-2854
1324
-553
-6040
-9776
-8823
-7471
-10273
-11197
-9069
-6802
-7757
-6497
-414
3752
3719
2363
4124
5983
4214
3213
4922
5669
3530
1226
3141
6786
7295
6170
6420
7433
5670
2563
1610
1983
-246
-5366
-7387
-6750
-6451
-7035
-6284
-3235
-2201
-2292
-1227
1394
2798
1343
-21
-426
-35
-854
-995
545
1652
1859
1773
3741
5744
5873
5117
4390
3653
1769
-3
-1047
-1502
-2657
-4226
-4317
-3365
-2458
-2427
-2301
-1856
-2260
-3609
-4273
-4244
-4664
-6044
-6910
-6618
-5829
-5413
-4808
-4090
-3772
-4373
-5529
-6702
-7564
-1332
5088
8236
8281
8228
14655
16332
14650
12799
13137
11631
2983
-1481
-632
2399
-1032
-4766
-2177
-397
-189
-2506
265
2673
-1953
-7367
-9269
-6989
-8374
-11404
-10526
-6976
-5955
-7270
-3215
3156
5415
3355
2527
5194
5236
2473
2034
4079
4370
1757
880
4429
7824
7537
6162
6754
7033
4217
1130
493
308
-3125
-7069
-7452
-6190
-5135
-5122
-3414
-863
-452
-284
452
2199
2077
-30
-1409
-1442
-866
-1276
-337
1542
2846
3074
3366
5449
6388
5514
3885
2762
1829
-67
-1489
-1828
-1641
-2371
-3303
-2778
-1465
-888
-1590
-2034
-2066
-3057
-4514
-5165
-4780
-4801
-5590
-5897
-4924
-3821
-3253
-3108
-2724
-3222
-4006
-5829
-6657
-8259
-8426
-1182
4818
8568
8333
10421
16955
16639
14229
11595
12047
8150
-574
-3697
-2242
527
-3259
-3891
-178
1777
1505
-567
2660
2737
-3001
-8577
-9749
-8123
-10559
-12192
-9679
-5374
-4533
-4774
194
5482
6252
3451
2636
4234
2744
-48
126
2419
3115
1505
2192
6213
9087
8497
7041
7097
5909
2306
-1015
-1883
-2317
-5219
-7378
-6676
-4757
-3339
-2599
-786
698
705
-223
-835
-272
-813
-2424
-3613
-2710
-1033
-414
1249
3521
5324
5197
4665
5403
5265
3827
1581
266
-389
-1320
-1908
-1658
-550
-379
-873
-970
-573
-488
-1861
-3231
-3880
-4574
-5429
-5638
-4641
-3629
-3427
-3254
-2720
-1931
-1819
-2154
-2921
-3581
-4750
-5713
-6662
-6806
-7812
-7649
-372
6547
10622
10435
11324
15987
14772
11084
8110
8317
5391
-2053
-4648
-2227
1718
-126
-380
2958
4080
2471
-978
474
434
-5008
-10574
-11766
-9294
-9687
-10047
-6641
-1645
-387
-1593
1145
4829
4900
1496
-594
293
-378
-1977
-935
2548
5092
4882
4990
7669
9679
8597
6034
4484
2649
-1005
-3964
-4359
-3317
-3928
-4647
-3621
-1988
-726
-728
-484
77
-624
-2351
-3528
-2832
-1834
-1995
-1878
-136
2028
2840
3672
5008
5726
4601
2688
2144
1895
1256
298
-91
374
614
528
495
1071
877
-582
-2135
-2959
-3398
-4458
-5084
-4801
-4394
-4092
-3532
-2268
-1167
-813
-1345
-1995
-2343
-2845
-3383
-4056
-4024
-3860
-3991
-4016
-3475
-3266
-3602
-5717
-3242
3607
8040
9070
7216
9590
12205
9858
7148
6591
7873
3521
-2090
-2546
1082
2489
-637
5
1872
1689
-1236
-2650
100
-999
-5647
-9121
-7958
-5725
-6468
-6247
-3188
-191
-1293
-2564
-84
2499
2112
-615
-1136
295
112
24
1661
4446
5618
4420
4060
5107
5888
4589
2508
1208
-122
-1772
-3121
-2294
-1076
-1463
-1906
-1985
-1286
-985
-1370
-1527
-1736
-1704
-2202
-2232
-1024
520
1147
935
1717
2611
2908
2812
2691
2786
1812
984
800
1145
1710
1591
1259
934
901
368
-549
-1096
-1723
-2672
-3839
-3959
-3411
-3104
-2696
-2299
-1846
-1576
-1331
-1103
-1002
-1068
-1624
-2353
-2833
-2614
-2346
-2275
-2123
-1869
-1864
-1850
-2065
-2365
-3196
-4349
-6028
-7371
-2999
3264
7137
7177
6582
9695
10335
7743
5542
5533
4781
-397
-3903
-2500
1549
2375
1315
2763
3879
3143
-69
-639
535
-1943
-6355
-9040
-7285
-5259
-4761
-3306
-337
1366
108
-574
452
1442
288
-2248
-3182
-2592
-1591
-158
1826
4139
5447
5050
4405
4439
4516
3391
1295
-612
-1762
-2133
-2007
-1061
135
796
578
-428
-709
-652
-1290
-2478
-3149
-3009
-2759
-1981
-409
1473
2211
2204
2278
2044
1812
1242
569
-207
-721
-650
-316
544
1646
2419
2269
1731
1101
282
-708
-1736
-2460
-3133
-3577
-3133
-2260
-1367
-619
-260
-419
-774
-973
-1309
-1637
-1982
-2247
-2429
-2364
-1784
-1215
-747
-534
-642
-1298
-1923
-2448
-3011
-3772
-4405
-4894
-5502
-5983
-6372
-2461
3153
7379
8438
6708
7709
8371
6784
4468
2888
2650
604
-1134
-1022
1710
4144
4457
4346
2846
2284
761
-1123
-2231
-3831
-4800
-6437
-6632
-5144
-2911
-770
-86
-184
-1080
-1365
-1747
-2485
-2615
-2625
-2304
-2363
-1400
1278
3794
5141
5015
4417
3774
2983
1921
1041
609
24
-577
-566
174
1428
2069
1921
984
-550
-1640
-2526
-3234
-3660
-3450
-2545
-1774
-822
405
1626
2237
1808
985
96
-370
-732
-825
-445
89
830
1402
2186
2897
3143
2655
1388
190
-985
-1710
-2100
-2160
-1780
-1408
-793
-322
122
245
-157
-887
-1859
-2533
-2803
-2627
-2273
-1676
-991
-482
-25
79
-56
-436
-1088
-1804
-2463
-2908
-3086
-2904
-2535
-2273
-2156
-2329
-2431
-3006
-3637
-4998
-4357
-1184
2595
5630
5427
5541
6516
6641
5987
4168
3308
2033
447
-698
-710
895
1962
3042
2663
1778
989
-265
-920
-2496
-3694
-4680
-5495
-5569
-5140
-3236
-1446
-387
-593
-1436
-1619
-1849
-1871
-2152
-2004
-1401
-818
325
1726
3474
4693
4982
4348
2938
1967
1394
1057
656
139
73
141
388
838
1124
1096
292
-851
-2089
-3097
-3437
-3235
-2509
-1863
-710
608
1671
2251
2001
1768
1033
95
-690
-1166
-874
-332
558
1353
2028
2546
2684
2538
1734
886
-94
-1084
-1654
-1919
-1574
-1171
-685
-306
-114
-116
-443
-867
-1555
-2168
-2475
-2528
-2202
-1618
-805
41
533
773
581
62
-711
-1453
-2068
-2460
-2451
-2262
-1820
-1445
-1112
-854
-938
-1171
-1659
-2358
-3325
-4089
-4758
-4599
-2519
865
4416
5751
5467
5112
4533
3878
2572
1413
413
-474
-721
-400
644
1764
2856
3306
2479
1150
-558
-1924
-3081
-3863
-3849
-3614
-3144
-2743
-2008
-960
-3
298
-439
-1708
-2968
-3622
-3475
-2752
-1602
-358
832
1891
2481
2784
2825
2617
1853
674
-236
-661
-557
-64
820
1767
2183
1994
1466
829
94
-758
-1317
-1878
-2431
-2550
-2242
-1361
-282
925
1844
2215
1983
1173
341
-108
-110
20
107
231
671
1247
1736
2096
2194
1783
970
109
-469
-693
-809
-568
-102
100
146
7
-197
-452
-871
-1268
-1589
-1903
-2090
-1998
-1517
-648
176
586
682
613
179
-348
-712
-949
-1124
-1315
-1383
-1252
-973
-713
-542
-483
-694
-1258
-1962
-2521
-2884
-2984
-2862
-2632
-2481
-2435
-2644
-2564
-1616
249
2320
3516
3742
3287
2636
1970
1537
1479
1485
1576
1411
1272
1179
1052
1195
1318
1151
648
-160
-1061
-2088
-2741
-2664
-2140
-1613
-1534
-1635
-1927
-2126
-2012
-1857
-1724
-1899
-2097
-2176
-1935
-1380
-651
403
1295
1833
1895
1672
1418
1096
995
1067
1266
1337
1295
1261
1219
1220
1165
1064
792
226
-453
-989
-1168
-1174
-1062
-751
-462
-340
-341
-338
-131
192
541
737
723
517
275
233
341
698
1051
1410
1493
1298
1004
677
475
386
415
458
448
317
88
-118
-214
-209
-215
-324
-599
-939
-1196
-1286
-1208
-1001
-790
-670
-663
-743
-755
-788
-664
-448
-347
-329
-462
-605
-668
-656
-627
-537
-553
-649
-911
-1117
-1269
-1370
-1435
-1446
-1412
-1481
-1537
-1586
-1780
-1827
-1942
-1999
-1704
-1020
134
1226
2085
2519
2450
1958
1368
977
705
478
496
702
856
943
1047
1118
1143
962
647
315
-120
-633
-1158
-1461
-1471
-1253
-924
-674
-572
-608
-776
-1100
-1393
-1520
-1466
-1245
-1052
-662
-253
128
465
692
787
750
611
308
19
-165
-131
56
357
661
857
865
727
491
6
-382
-689
-843
-837
-833
-739
-637
-492
-354
-182
93
356
680
846
683
430
187
90
82
194
361
539
616
599
465
319
168
-10
-76
64
272
307
200
-44
-291
-410
-522
-530
-454
-614
-843
-945
-903
-783
-711
-523
-299
-172
-243
-403
-428
-423
-475
-533
-482
-337
-226
-285
-364
-356
-476
-673
-759
-831
-911
-1004
-1083
-1091
-910
-788
-781
-732
-703
-846
-1026
-1094
-1103
-1072
-1077
-983
-756
-554
-296
168
720
1110
1278
1360
1259
997
658
403
325
386
438
531
634
674
635
439
314
231
17
-211
-241
-339
-513
-612
-598
-435
-321
-324
-290
-321
-466
-676
-904
-810
-613
-431
-202
76
279
285
332
339
336
201
85
66
50
70
71
114
158
96
27
1
-21
-139
-378
-497
-554
-568
-562
-491
-230
108
425
795
988
1025
850
467
131
-52
-195
-136
-4
206
379
406
340
201
172
22
-116
-208
-247
-290
-298
-289
-266
-347
-406
-372
-423
-515
-588
-640
-707
-749
-706
-558
-283
-66
173
216
220
125
-132
-249
-250
-230
-403
-466
-516
-556
-559
-646
-675
-746
-832
-916
-1051
-1125
-1082
-960
-795
-642
-471
-459
-546
-643
-644
-647
-753
-715
-647
-522
-424
-376
-259
-129
140
392
634
717
694
638
498
464
438
434
536
558
569
587
384
99
-145
-246
-257
-169
-20
58
-50
-160
-240
-292
-210
-190
-209
-245
-324
-328
-348
-267
-165
-64
121
281
389
265
117
38
-24
-8
19
99
141
88
88
96
22
24
4
-45
-53
-89
-162
-207
-226
-223
-87
120
365
623
888
1058
951
645
271
-110
-430
-511
-425
-203
97
301
477
437
268
97
-74
-198
-157
-118
-249
-292
-370
-433
-427
-390
-303
-279
-391
-508
-527
-578
-616
-553
-423
-184
58
234
273
132
-63
-341
-497
-563
-600
-585
-600
-485
-381
-301
-217
-216
-260
-379
-471
-606
-668
-648
-514
-285
-151
-106
-132
-198
-230
-312
-387
-470
-492
-412
-333
-286
-221
-171
-134
-181
-298
-291
-290
-216
-111
59
191
252
333
344
325
245
186
138
98
30
69
92
157
202
158
140
90
53
-39
-76
-69
-91
-78
-55
-53
17
24
81
38
-107
-190
-227
-217
-262
-198
-52
-42
68
171
218
239
175
111
34
1
-3
-25
44
83
144
204
129
106
131
165
231
295
369
458
441
252
10
-185
-310
-302
-299
-235
-154
-105
-77
-68
-80
-49
7
-2
28
-37
-91
-132
-188
-244
-265
-113
-42
-25
-26
-73
-149
-162
-223
-267
-181
-91
-29
-30
-118
-221
-274
-345
-388
-420
-435
-490
-542
-545
-483
-374
-342
-356
-403
-440
-426
-393
-482
-539
-469
-376
-303
-186
-33
-63
-191
-202
-265
-234
-245
-265
-182
-123
-195
-296
-381
-395
-386
-393
-304
-274
-295
-383
-492
-527
-402
-135
177
338
453
352
167
109
64
48
91
179
285
353
364
301
190
223
222
151
137
97
69
43
-15
-22
70
121
148
165
101
-17
-230
-374
-433
-344
-239
-73
79
159
154
54
29
19
17
39
100
184
192
186
245
246
211
217
199
185
67
-11
-62
-168
-170
-263
-196
-109
-91
-137
-126
-114
-220
-240
-217
-184
-140
-149
-182
-180
-175
-193
-169
-84
-118
-157
-213
-207
-211
-180
-145
-66
33
-67
-93
-82
-49
-151
-189
-163
-181
-240
-261
-246
-275
-340
-389
-321
-321
-254
-282
-257
-303
-332
-337
-369
-357
-298
-250
-257
-291
-376
-340
-324
-316
-317
-297
-317
-308
-251
-211
-172
-128
-21
-1
-144
-186
-232
-310
-331
-331
-227
-139
-132
-120
-63
-26
-3
-40
-67
-142
-155
-168
-179
-65
94
184
294
344
286
248
127
86
-46
-134
-134
-7
52
35
100
110
92
145
196
206
141
0
-109
-229
-213
-107
9
152
178
181
167
91
12
-66
-101
-70
17
64
167
272
192
99
-3
-134
-201
-263
-319
-312
-286
-250
-140
-45
82
120
84
7
-34
-65
-157
-190
-249
-278
-232
-194
-124
-57
-23
-23
-72
-76
-133
-127
-170
-179
-193
-270
-219
-171
-149
-156
-161
-249
-262
-307
-361
-276
-172
-126
-140
-133
-65
-53
-145
-185
-189
-189
-213
-269
-258
-248
-199
-215
-211
-211
-255
-193
-182
-135
-158
-250
-264
-290
-325
-292
-278
-284
-281
-280
-212
-115
-121
-188
-144
-150
-215
-234
-191
-127
-140
-100
25
92
80
30
-60
-82
-119
-144
-139
-86
-53
-89
-43
-5
91
168
172
215
215
153
139
91
66
17
-6
16
43
106
94
146
143
200
144
44
23
1
-30
-24
29
66
123
149
127
98
69
29
-54
-173
-153
-185
-188
-139
-126
-38
-84
-48
4
-28
-67
-134
-221
-230
-249
-259
-196
-142
-109
-117
-56
-82
-140
-146
-150
-146
-153
-203
-207
-181
-122
-78
-75
-45
-35
-57
-77
-107
-135
-153
-196
-191
-118
-55
-182
-163
-162
-227
-222
-301
-260
-306
-337
-299
-246
-241
-304
-314
-257
-212
-250
-365
-409
-395
-409
-369
-339
-308
-276
-221
-195
-176
-173
-236
-252
-212
-236
-271
-272
-220
-174
-124
-46
-16
-25
-98
-142
-164
-169
-119
-166
-144
-134
-80
2
28
44
10
-59
-77
-129
-226
-229
-204
-245
-181
-132
-83
-4
-39
-66
-31
-11
-145
-205
-140
-163
-163
-109
-99
-80
-54
-109
-139
-168
-216
-202
-239
-305
-290
-220
-177
-204
-144
-91
-123
-110
-195
-252
-271
-277
-317
-326
-301
-325
-316
-249
-210
-176
-152
-176
-162
-158
-135
-141
-170
-111
-19
-73
-30
-34
-47
-53
-115
-93
-47
-50
-127
-194
-139
-109
-140
-133
-128
-95
-107
-98
-65
-111
-98
-177
-216
-182
-154
-163
-164
-81
-70
-66
-131
-110
-144
-184
-165
-114
-85
-112
-82
-141
-134
-96
-97
-160
-148
-165
-165
-149
-137
-165
-211
-199
-210
-235
-248
-231
-248
-264
-253
-230
-235
-217
-271
-271
-269
-275
-196
-195
-192
-214
-273
-282
-332
-307
-398
-429
-356
-384
-410
-361
-295
-350
-348
-343
-286
-234
-309
-247
-256
-245
-251
-257
-196
-230
-94
-45
-61
-74
-81
-106
-110
-105
-164
-121
-105
-89
-105
-28
71
29
-19
-31
-41
-17
-30
-96
-59
-62
-78
-70
-71
-51
-42
-34
0
3
-41
-82
-25
-9
-16
-59
-49
-73
-126
-147
-169
-145
-151
-158
-184
-179
-186
-201
-194
-197
-155
-73
-103
-145
-123
-109
-103
-87
-143
-164
-155
-80
-43
-29
-55
-37
23
57
26
42
12
-5
-3
-56
-65
-65
-15
-73
-86
-114
-102
-107
-95
-116
-129
-185
-269
-259
-203
-190
-180
-139
-150
-160
-197
-206
-238
-195
-201
-256
-227
-191
-158
-196
-188
-177
-211
-209
-253
-239
-293
-356
-385
-385
-387
-384
-362
-365
-387
-360
-363
-362
-368
-410
-456
-452
-434
-352
-285
-228
-191
-158
-146
-156
-103
-156
-205
-201
-196
-178
-150
-180
-101
-170
-139
-93
-162
-143
-186
-207
-190
-189
-188
-191
-200
-210
-192
-195
-190
-216
-207
-192
-167
-109
-118
-100
-94
-89
-42
-42
-60
-62
-45
-2
29
36
49
35
49
-3
-123
-80
-44
-54
-70
-17
-74
-99
-31
-85
-59
-42
-43
-6
-27
-10
-47
-72
-46
-126
-122
-85
-97
-84
-166
-119
-70
-137
-104
-135
-96
-112
-163
-133
-132
-134
-90
-92
-130
-130
-140
-126
-130
-84
-73
-95
-102
-107
-137
-71
-59
-91
-154
-129
-167
-208
-155
-118
-23
-92
-88
-89
-47
-62
-53
19
41
86
82
123
136
62
7
40
93
97
124
92
9
12
-31
-7
-20
-65
-87
-123
-140
-133
-110
-176
-130
-167
-138
-181
-198
-162
-159
-179
-193
-128
-146
-160
-128
-110
-86
-122
-138
-82
-56
-55
-65
-63
-101
-148
-171
-153
-124
-157
-159
-190
-100
-65
-82
-130
-121
-81
-134
-144
-148
-138
-163
-137
-131
-97
-113
-106
-76
-31
24
39
31
68
13
-42
-2
-7
21
45
54
68
26
23
43
24
-46
-101
-110
-96
-107
-106
-154
-190
-175
-116
-104
-152
-135
-145
-120
-102
-80
-61
14
54
13
68
114
73
57
100
78
37
13
22
43
3
17
-1
30
43
54
24
40
69
50
29
-36
-7
-5
-39
-62
-64
16
39
2
-20
-30
-90
-43
-45
-62
-69
-111
-84
-70
-32
-65
-99
-36
-5
27
14
16
43
12
19
67
75
71
115
65
67
26
45
39
-19
-2
-75
-139
-186
-124
-129
-163
-181
-205
-209
-171
-183
-221
-155
-92
-110
-84
-49
-37
-32
-1
-31
-4
7
37
67
43
151
134
86
37
-23
-41
-41
-53
-13
20
55
16
-25
29
67
27
-12
-1
-60
-51
-51
-22
-34
-76
-31
-24
3
-26
-20
5
11
5
-2
5
30
45
23
40
91
113
146
111
34
28
-5
-14
-38
-48
-23
-89
-76
-69
-118
-93
-113
-134
-174
-217
-202
-172
-190
-265
-252
-209
-161
-161
-147
-27
-42
-5
5
42
146
118
112
97
93
99
78
63
86
95
90
44
79
120
47
40
16
112
105
54
63
32
45
18
38
105
110
99
86
57
7
39
29
15
25
41
22
56
112
92
74
14
36
113
79
83
39
54
117
108
111
138
109
73
52
-4
3
19
-4
-33
-54
-88
-40
19
-18
-25
-9
-68
-35
-8
-33
13
1
35
43
68
67
11
29
16
39
35
11
-38
-35
-76
-70
-83
-96
-78
-66
-22
-42
-53
-45
17
50
16
9
43
34
52
87
62
69
44
102
75
79
142
106
120
161
159
146
145
126
197
165
178
108
103
132
96
48
45
1
-60
-12
-52
-68
-14
-32
-51
-54
-39
-59
-137
-89
-100
-124
-95
-136
-113
-140
-171
-142
-143
-130
-89
-128
-95
-89
-104
-122
-105
-45
-97
-73
-42
-21
-38
-27
-5
48
83
110
102
85
89
57
46
-2
-4
-20
7
12
-2
-41
-49
-8
-9
0
5
-16
-46
-79
-113
-152
-107
-101
-91
-82
-109
-76
-69
-99
-110
-85
-79
-42
-15
-12
-9
55
20
-33
-77
-103
-72
-12
16
-10
-47
-40
-5
-54
-77
-30
-44
-9
-41
-68
-81
-23
99
57
108
139
64
81
125
142
134
82
48
90
122
78
64
55
29
63
48
28
36
-11
29
57
8
21
32
47
79
53
35
70
33
47
39
-46
-47
-82
-110
-80
-97
-125
-134
-146
-165
-208
-188
-219
-208
-214
-173
-121
-95
-63
-65
-66
-4
36
-14
-27
-25
-24
-18
-36
-67
-50
-30
-37
-23
-21
-11
-43
-116
-119
-136
-139
-122
-81
-63
-60
-55
-49
-38
30
57
44
52
63
73
63
56
71
62
83
17
64
137
114
124
96
149
128
115
111
117
113
84
122
118
95
56
10
