57
135
165
119
119
37
39
100
69
118
91
107
166
159
115
91
84
95
112
120
104
87
140
193
138
103
115
118
151
133
117
130
120
140
64
86
95
80
99
79
119
94
159
180
157
115
127
118
105
79
98
56
23
67
104
68
88
92
60
49
48
56
53
79
91
53
67
121
102
143
115
64
84
76
87
65
76
101
75
59
58
30
52
91
47
68
81
28
58
105
88
87
139
102
73
126
107
30
50
64
19
89
9
56
92
107
124
51
119
117
47
74
131
104
136
100
99
106
103
111
137
177
81
29
35
38
113
102
105
122
119
162
121
92
49
43
30
54
81
91
31
34
126
139
79
55
60
62
58
53
50
30
18
17
61
47
23
69
73
100
118
109
115
100
29
81
89
64
73
50
81
100
144
138
141
79
52
59
62
61
78
118
113
139
108
45
36
16
50
-11
-15
44
63
78
111
123
75
110
103
34
22
60
83
128
88
28
48
67
28
7
10
-18
-15
22
6
60
126
59
61
54
80
115
94
106
103
79
114
127
127
120
132
135
72
86
111
59
30
19
87
104
70
40
64
96
63
52
8
55
82
70
33
67
66
27
69
102
95
116
104
96
71
7
-6
-26
10
25
18
14
12
71
39
38
10
50
67
50
48
91
20
25
36
56
53
25
49
-6
17
57
88
127
103
48
96
68
65
76
68
64
54
102
106
62
117
108
25
35
6
44
84
82
76
71
116
88
118
136
92
93
75
97
75
34
53
21
26
37
43
55
39
1
34
57
78
74
92
91
63
38
6
34
31
44
39
50
53
99
64
85
63
47
6
3
52
133
117
41
87
39
-8
-39
10
-14
-27
42
29
24
33
21
-21
-54
-44
6
9
87
82
59
64
73
83
39
84
80
27
16
14
22
62
123
46
58
79
45
104
100
56
84
163
75
82
162
138
112
151
110
74
79
119
66
78
100
88
35
21
43
117
92
104
97
49
53
104
131
29
34
-4
2
36
77
92
114
114
103
101
26
61
101
61
107
93
108
100
78
99
43
102
78
63
76
55
39
61
72
61
78
72
83
94
86
67
99
118
96
61
66
63
41
75
91
98
35
60
57
60
71
54
121
140
134
98
110
149
59
59
66
63
99
119
73
85
110
107
64
38
79
110
78
111
58
93
128
118
64
50
38
73
87
80
97
73
59
20
69
109
119
123
56
131
126
51
89
49
-6
-31
26
11
-6
31
69
37
32
53
56
9
40
39
21
0
-2
104
50
4
13
54
74
21
-8
40
79
97
115
79
57
81
68
93
175
182
68
67
114
124
78
89
15
85
97
108
50
47
23
-21
54
46
86
16
127
58
58
65
96
79
89
71
76
114
81
80
9
61
48
37
125
55
45
39
59
61
64
66
81
84
84
108
8
20
63
120
86
1
44
43
36
38
57
71
97
109
87
75
36
64
140
61
39
62
118
128
58
82
57
93
119
140
87
56
20
21
102
96
103
85
79
36
68
75
60
16
58
121
140
142
138
158
146
168
123
77
114
153
126
84
109
134
81
30
52
29
56
108
96
104
124
75
88
103
148
174
102
73
97
144
82
20
77
108
111
76
48
90
89
84
49
63
112
48
119
119
97
119
68
58
153
81
161
129
151
50
73
74
96
87
94
139
154
126
106
117
93
92
40
177
107
19
25
84
101
56
101
110
83
59
64
157
169
104
54
80
113
105
94
65
18
40
55
99
74
81
35
48
117
69
49
55
145
114
83
90
131
116
70
112
104
85
94
82
71
40
98
125
87
68
57
138
78
123
223
175
177
147
150
84
178
170
226
226
231
150
158
164
112
127
163
121
81
115
95
122
166
172
126
131
230
261
178
149
144
129
124
61
129
172
144
182
140
133
121
125
191
229
203
198
145
116
155
102
91
150
157
142
158
212
150
154
84
111
175
131
175
139
163
135
110
95
142
243
181
221
170
151
148
165
169
149
179
211
139
131
155
118
141
136
83
88
119
210
264
198
167
274
285
144
99
183
208
164
198
182
217
179
212
237
147
126
113
231
183
230
192
176
222
114
119
114
132
136
153
194
94
66
102
183
211
194
142
112
245
180
105
67
172
196
141
105
141
197
171
212
245
193
207
247
238
293
188
153
131
153
154
121
137
143
156
203
192
136
128
147
122
152
95
116
104
228
245
201
177
132
224
161
85
118
199
256
152
107
200
266
162
161
122
186
161
15
211
99
111
151
299
215
134
156
171
78
57
179
195
145
104
129
127
145
147
209
189
242
257
267
66
103
174
186
75
87
206
94
118
122
124
61
77
67
105
138
42
8
164
112
217
190
150
23
109
110
157
87
62
132
60
48
67
181
186
174
135
156
129
122
173
165
175
142
181
141
94
197
168
154
166
142
199
203
168
131
84
128
80
145
96
142
212
168
134
104
222
209
185
172
65
99
175
240
237
270
204
191
162
185
256
285
288
306
310
260
261
181
232
227
284
116
197
268
238
173
168
177
141
176
185
207
186
170
133
239
218
217
222
252
160
119
238
212
188
199
183
218
171
144
151
204
143
-42
29
191
120
240
251
176
214
236
136
191
89
149
70
99
70
63
112
213
217
138
123
58
147
12
70
211
351
204
141
144
75
108
195
294
225
110
138
157
189
60
143
237
278
135
155
151
219
173
186
173
111
172
229
269
170
101
51
140
95
63
40
101
45
19
156
137
139
44
160
123
185
132
147
241
101
111
178
188
91
93
150
160
225
315
142
239
215
199
172
205
230
153
162
174
255
95
81
186
242
267
315
328
111
68
127
243
240
162
194
262
128
110
146
45
142
247
279
154
23
88
174
191
103
162
155
167
97
154
301
157
176
228
115
-2
77
109
161
212
177
195
245
137
-14
46
69
134
185
325
294
240
180
221
330
162
58
82
71
74
174
230
288
179
152
146
241
162
124
111
139
102
115
274
278
195
108
119
35
185
167
280
213
213
217
181
226
271
194
136
49
128
205
178
236
337
220
85
121
153
219
157
149
-82
121
210
126
-90
199
297
232
234
176
201
151
182
148
215
98
103
227
375
438
299
79
120
224
189
172
170
161
99
285
355
239
234
224
107
12
206
326
252
250
303
387
193
42
134
119
324
218
196
62
129
233
280
277
308
293
240
166
142
141
196
126
91
146
345
239
331
291
185
209
308
275
358
274
50
97
173
271
247
167
293
307
258
253
191
136
78
245
194
344
346
170
169
147
248
252
276
193
159
256
224
296
401
266
264
325
342
215
258
171
160
217
250
118
266
431
346
62
-103
119
364
247
288
441
326
176
127
253
147
198
83
272
375
229
331
335
264
100
152
147
291
281
278
229
176
243
58
146
374
357
203
263
345
-14
-15
57
302
392
183
106
221
169
227
215
416
299
287
236
251
237
205
197
401
403
223
256
203
212
169
241
150
302
169
201
251
279
206
55
99
438
490
139
-7
213
311
267
136
339
468
294
276
158
159
52
349
484
168
46
206
362
194
78
89
195
93
457
196
160
95
183
124
75
187
399
354
235
105
174
415
197
172
127
226
206
322
131
141
287
174
111
289
595
133
176
186
195
29
144
122
79
233
-3
422
493
344
81
114
139
99
312
-32
273
546
424
252
111
32
16
210
213
145
412
460
176
158
203
68
-64
-68
91
345
471
394
201
41
-49
28
270
236
132
367
384
209
27
-65
255
428
455
277
63
52
30
-119
-71
443
235
53
-1
410
360
51
-29
-108
29
190
295
284
414
437
297
138
6
-68
98
181
-17
131
264
293
243
16
-100
39
511
253
123
130
104
134
559
618
409
43
-167
-429
-168
317
436
342
204
281
113
90
-41
32
14
102
140
250
309
174
193
468
124
-54
241
517
218
-32
-58
-78
68
402
548
246
53
166
203
18
275
166
275
170
291
-222
-155
229
295
570
572
264
-447
-50
-129
259
446
322
180
230
-8
-94
239
435
429
272
60
19
208
-164
-220
238
545
535
194
293
372
128
219
192
361
73
-134
-116
359
364
253
544
240
99
205
296
226
319
362
217
-159
-142
-6
339
548
379
38
39
27
118
115
-60
-106
446
619
165
314
500
95
-404
-105
144
645
586
282
148
-37
-285
103
503
201
148
160
182
326
492
225
-295
-261
-18
209
472
527
212
-37
-161
-293
-190
405
656
180
-195
-140
-19
190
265
144
484
531
188
-42
67
-58
-158
127
399
412
432
341
148
204
227
141
54
167
162
95
48
221
502
205
126
-104
52
131
82
528
33
-76
193
-39
64
276
298
-48
435
399
232
163
158
-28
105
244
49
314
433
319
196
623
364
93
-92
58
145
276
217
386
339
369
371
46
-43
137
214
212
-133
-133
362
59
66
494
447
71
57
462
87
-103
-270
340
378
339
97
39
127
1
48
8
595
-16
16
515
363
-5
91
339
233
157
-184
-104
292
402
262
625
242
-27
148
302
27
115
362
85
133
375
270
-125
167
224
56
159
312
241
307
679
529
7
-98
191
279
45
83
528
711
293
98
225
349
-56
-81
275
38
317
319
267
107
-3
-271
5
338
119
152
215
331
292
267
-126
-136
175
507
213
120
99
152
452
322
247
237
518
273
334
227
303
336
78
-15
217
366
33
42
254
167
81
113
569
570
152
-68
-251
-216
89
-23
-259
320
1725
2249
1170
-19
-640
-597
-276
-516
-484
51
418
351
412
477
183
120
154
268
381
263
390
703
617
329
42
323
592
544
80
-143
96
-229
-615
-654
-365
-531
-457
-362
-327
1674
2898
1795
239
-76
-933
-1304
-1109
-975
-940
-792
-607
-200
218
118
-128
-442
-330
-340
-335
-347
-198
-34
87
70
140
526
618
396
124
327
548
493
298
229
396
388
422
413
630
785
827
587
376
287
79
102
290
428
476
339
240
345
626
796
525
444
511
487
425
529
682
618
561
337
293
245
144
-50
-128
-137
-128
-294
-306
-144
-6
96
63
146
204
208
25
42
169
169
71
292
601
478
206
292
273
265
331
569
746
670
626
440
377
437
383
210
256
233
139
227
122
-175
-320
-281
-114
-231
-351
-437
-325
-345
-317
-138
-33
140
81
103
92
83
-142
-79
-38
-8
91
226
503
712
863
868
733
605
709
602
363
68
-60
7
144
208
198
407
586
834
940
1067
1129
1083
1129
1148
1105
984
774
684
676
747
672
587
602
669
617
363
227
147
62
74
-49
-197
-32
-21
-164
-257
-270
-317
-399
-272
-153
-247
-404
-593
-683
-655
-793
-870
-734
-543
-457
-457
-495
-436
-414
-669
-913
-1179
-1355
-1285
-1174
-1121
-859
-744
-814
-905
-1217
-1346
-1263
-1068
-827
-462
-219
-108
9
33
132
-25
-98
-267
-444
-716
-1033
-1430
-2007
-2570
-3169
-3832
-4376
-4676
-4235
-968
3122
6658
8444
9600
11370
11445
9989
8245
7598
6368
3120
-1133
-3367
-3737
-3875
-3898
-2677
-414
718
242
-508
95
247
-495
-2009
-3417
-4294
-5207
-5630
-5062
-3383
-1002
1088
2231
3243
4334
5452
5769
5248
4764
4340
3008
864
-431
-521
-1
54
221
810
1284
1051
504
243
241
-241
-1537
-2699
-3579
-3707
-3653
-2152
955
2939
4074
4257
4699
4620
3842
2919
2070
1177
-420
-1898
-2850
-2308
-1020
29
1150
2079
2335
2068
1182
652
139
-665
-1639
-2902
-3474
-3155
-2396
-1612
-613
275
422
-192
-1029
-1283
-1337
-1429
-1719
-1869
-1861
-2021
-2249
-2298
-2227
-2303
-2804
-3546
-4394
-5308
-6200
-7052
-7779
-8047
-7781
-5597
1181
8692
13936
15711
16637
18326
16766
11789
7344
5685
3489
-2422
-8734
-10020
-8359
-7621
-7333
-4304
110
1544
-255
-1578
-699
-749
-2560
-5037
-6627
-7444
-8287
-8262
-6362
-2613
2158
6090
8028
9386
10592
11365
10332
8190
6897
5636
2611
-1350
-3493
-3175
-2090
-1597
-664
900
1850
1238
14
-847
-1186
-2086
-4059
-5857
-6911
-6851
-6219
-5234
-3109
-175
2458
3894
4390
5394
6567
6613
6096
7522
9435
9686
7999
5978
5056
3379
1088
-1215
-2461
-3467
-5117
-7177
-8127
-7146
-5724
-4407
-3086
-1420
183
1089
1220
1572
2230
2801
2268
941
539
977
1230
802
995
1532
1425
255
-792
-822
-475
-482
-1103
-1607
-1840
-2429
-3511
-4396
-4920
-5247
-6079
-7256
-8480
-9048
-9220
-9481
-9982
-9748
-8033
-1049
9473
17718
22246
23277
25431
25033
19675
13061
9845
7951
1701
-7820
-13297
-12701
-11777
-11830
-9576
-3789
-275
-1839
-4911
-4913
-3963
-5151
-6913
-8064
-8027
-7881
-7394
-5196
-711
5235
10932
13733
14186
14424
14237
12826
9363
6646
5264
2507
-2221
-5984
-6337
-4891
-4139
-3700
-2389
-1427
-2222
-4202
-5574
-5812
-5621
-6049
-6870
-6958
-5853
-3719
-1578
992
4646
8217
9846
9520
9092
9136
9556
9650
9412
9410
7846
5230
1677
-1297
-3166
-4666
-6241
-8265
-9692
-10186
-9830
-8988
-6880
-3499
-414
1224
1947
3013
4405
4902
4713
4420
3921
2674
927
-124
-99
497
739
249
-734
-1498
-1855
-2406
-2690
-2495
-2068
-2524
-3888
-4792
-4805
-4779
-5367
-5990
-6251
-6687
-7824
-8671
-8596
-7452
-6968
-6730
-6281
-1229
11020
21658
27421
27433
28327
28828
22311
11953
5671
4388
-308
-10995
-19484
-18823
-16029
-15389
-13640
-6745
-90
129
-3553
-5014
-3383
-3234
-4389
-5488
-5242
-3802
-2499
-621
3306
9497
16250
19318
17594
15478
13723
10936
5515
476
-1311
-3095
-7454
-11752
-12054
-9193
-6538
-5089
-3323
-1454
-1238
-2956
-4825
-5202
-3936
-2779
-2844
-2752
-948
2125
4764
6644
9384
12505
13237
10823
7739
5769
5464
5126
3806
2947
1631
-75
-3204
-6065
-7085
-6770
-6715
-8071
-8971
-8202
-6018
-4357
-2119
1810
5642
7034
6466
6079
6527
6227
4628
2844
1222
-280
-2007
-3391
-3439
-2221
-1154
-1369
-2409
-3043
-2715
-2885
-3510
-3594
-2802
-2680
-4042
-5331
-5146
-4262
-4387
-4978
-5297
-5355
-5956
-6863
-6793
-6555
-6459
-6764
-3479
9317
22656
29948
29708
28445
29110
22809
10442
1225
-712
-3950
-14425
-24812
-24650
-19206
-16245
-13598
-5990
2790
4587
674
-2243
-1254
-850
-2038
-3054
-3339
-1895
177
2503
6181
11671
18208
21205
17724
12642
8786
4906
-1320
-7594
-9187
-9081
-11372
-14382
-13188
-8208
-3751
-1257
619
2345
2211
-81
-2499
-3389
-2230
-218
634
1144
2939
6173
8823
9538
10346
11505
10598
6153
872
-2153
-1661
-882
-1507
-1423
-1046
-934
-2464
-4136
-4205
-3034
-2746
-4450
-5945
-5156
-2398
-372
1669
4957
8173
8668
6554
4609
4198
3351
938
-1667
-3493
-4197
-4855
-5171
-4128
-1919
-255
-483
-2000
-2921
-2675
-2577
-3046
-3423
-2815
-2302
-3136
-4089
-3573
-2295
-2149
-3035
-4486
-5626
-7110
-8432
-9307
-9765
-9511
-5422
8800
23466
31649
31620
29711
29422
21878
8263
-2128
-4685
-8150
-18151
-27450
-25715
-18492
-13695
-9554
-1279
7513
8476
3241
-842
-845
-1264
-3112
-3989
-3313
-1019
1863
5054
9567
14953
19952
20754
15244
8069
2100
-3079
-8997
-13837
-13650
-11288
-11101
-11551
-8409
-2308
2329
4018
4691
4817
3001
-683
-3644
-3916
-1877
888
2804
4413
6710
9044
10299
9473
8065
6637
3488
-2078
-7287
-9252
-6917
-2816
-232
2282
3894
4209
2572
98
-1244
-1495
-2072
-4125
-5702
-5069
-1992
934
3505
6572
8786
8086
4720
1421
-22
-1046
-2886
-4426
-4962
-4425
-3746
-2987
-1415
575
1437
166
-2271
-4040
-4376
-4030
-3445
-2303
-874
-64
-593
-1552
-1633
-1237
-1748
-3433
-5595
-7725
-10016
-11521
-12434
-12170
-8971
3159
20054
30459
32048
28207
26986
22056
8814
-3892
-7875
-8478
-15402
-25147
-25541
-16805
-10031
-6414
-369
8071
10257
4493
-1753
-3115
-2524
-3580
-4172
-2790
287
4036
7113
10708
15014
18398
18270
11887
2980
-3646
-8365
-12432
-15508
-14055
-9383
-6711
-6215
-4016
1122
5184
5721
4523
3419
1501
-1939
-4650
-4049
-616
3349
5902
7254
8587
9226
8563
6089
2907
366
-2870
-7191
-10820
-11082
-7911
-1714
3699
7230
9132
8110
5630
1760
-1305
-3019
-3778
-4717
-5582
-4907
-2233
1328
3959
6096
7449
6411
2967
-738
-2624
-2931
-3277
-3318
-2709
-1958
-1349
-923
-368
202
-44
-1558
-3810
-5555
-5660
-4243
-2239
-148
1712
2796
2450
768
-834
-1555
-2906
-5296
-7822
-9663
-10667
-11206
-11027
-9980
-7410
4070
20703
30910
31672
26239
24035
19202
5630
-7369
-10450
-8959
-13857
-22853
-22702
-13425
-6912
-4422
252
7628
9153
2756
-3867
-4887
-3464
-3369
-2627
-241
3271
6954
9421
11762
14193
15788
14371
7297
-1826
-7933
-11242
-13472
-14771
-11948
-6121
-2893
-2641
-1402
2355
5185
4577
2604
1440
164
-2284
-3880
-1970
2324
6310
8308
8687
8523
7396
5055
1624
-1873
-4248
-6384
-8997
-10592
-9131
-3975
2121
6512
9360
10308
8529
4481
274
-2429
-3625
-4384
-4863
-4608
-3258
-787
1741
3682
4980
5199
3675
548
-2135
-2809
-2133
-1672
-1383
-658
-122
-436
-1275
-1479
-1358
-2085
-3676
-4980
-5102
-4116
-2208
286
2392
3560
3571
2260
101
-1845
-3361
-5263
-7328
-9185
-9808
-9566
-9161
-8549
-7660
-5620
5049
21221
31121
31534
25292
22082
16811
3322
-9092
-11399
-8883
-12722
-21209
-21426
-12659
-6483
-4299
16
6992
8338
1776
-4722
-5238
-3071
-2067
-605
2394
5916
8739
10009
11409
13053
13530
11215
4044
-4603
-10180
-12810
-13776
-13583
-9964
-4114
-1163
-1382
-915
2125
4454
3634
1877
1173
390
-1525
-2409
183
4690
8168
9217
8485
7237
4828
1570
-1896
-4800
-6344
-7577
-9076
-9422
-7201
-2330
4032
8663
11245
11441
8559
4269
-250
-3084
-4532
-5024
-4966
-4443
-3343
-1408
1027
2782
3908
4026
2760
395
-1716
-2072
-1191
-387
69
337
51
-1035
-2301
-2960
-3116
-3549
-4233
-4516
-4006
-2586
-419
2000
3761
4295
3583
1731
-1094
-3547
-5314
-6886
-8214
-9245
-9035
-8387
-7732
-7465
-7030
-4492
7422
23651
32009
30704
24013
20784
14271
113
-10721
-10960
-8530
-13670
-22005
-20463
-11239
-5971
-3929
1019
7672
7362
-65
-5634
-4806
-2083
-878
1063
4553
7792
9684
10237
11439
12662
12129
8476
575
-7616
-12329
-14004
-13952
-12582
-7980
-2318
-308
-916
-356
2549
4289
3057
1562
1291
610
-1020
-1123
2329
6872
9276
9173
7705
5538
2221
-1506
-4641
-6711
-7605
-8252
-8780
-7924
-4503
1848
7788
10874
11586
9798
5779
551
-3230
-4481
-4307
-4102
-3729
-2846
-1552
192
1873
3170
3630
2734
817
-1424
-2682
-1929
-348
615
736
415
-433
-2114
-3666
-4014
-3592
-3686
-4163
-3924
-2581
-544
1512
3307
4260
3837
2024
-921
-3809
-5904
-6994
-7928
-8627
-8589
-8240
-7862
-8020
-7713
-4514
8285
24205
32142
30344
23194
19289
12413
-1260
-11343
-11360
-8874
-13749
-21705
-19800
-10456
-4800
-2659
1828
7777
7025
-660
-6086
-4777
-1433
132
2046
5518
8711
10210
10210
11173
12143
10741
6199
-1836
-9490
-13618
-14684
-13428
-10959
-6232
-985
694
-201
21
2465
4045
2694
1064
967
806
-326
135
3999
8326
9966
8791
6517
3733
32
-3586
-6202
-7652
-8122
-8239
-7996
-6111
-872
5506
9453
10121
9029
6936
2784
-1802
-3794
-3018
-2243
-2684
-2816
-1723
-295
833
1883
2607
2187
702
-1267
-2672
-2467
-729
1184
1625
931
63
-1076
-2862
-4298
-4404
-3781
-3864
-4139
-3067
-774
1566
3069
3830
3849
2279
-597
-3483
-5476
-6597
-7075
-7301
-7490
-7454
-7017
-6721
-6618
-6424
337
16855
29415
31670
25510
19978
16767
5489
-8219
-12726
-9529
-10288
-18639
-22511
-14664
-6384
-3568
-900
5017
8318
3120
-4495
-6079
-2555
258
1624
4389
7887
10369
10650
10471
11344
10775
7587
768
-7568
-12955
-14752
-13970
-11743
-8160
-2690
812
574
-317
944
3301
3152
1269
672
1088
853
611
3169
7649
10270
9641
6925
3816
208
-3643
-6535
-8217
-8650
-8378
-7809
-6584
-2746
3690
8894
10804
9946
8172
4949
233
-3231
-3703
-2676
-2640
-3050
-2546
-1215
-84
843
1845
2094
1087
-451
-1729
-1892
-742
951
1906
1407
96
-1283
-2875
-4457
-5054
-4390
-3771
-3740
-3234
-1389
1020
2643
3596
3846
2796
268
-2923
-5663
-7235
-7896
-7961
-7743
-7835
-7702
-7639
-7471
-5783
5611
22769
32000
30177
21537
16899
11557
-1605
-12484
-12522
-8357
-11672
-20331
-19558
-9686
-3244
-1547
1508
6911
6512
-1412
-7339
-5798
-957
1702
3590
7062
10071
11128
10233
10211
10620
8584
3447
-4485
-11594
-14711
-14541
-12010
-8641
-4175
374
1436
20
-538
1302
2846
1718
354
590
1197
1172
2230
6276
10308
10926
8332
4473
807
-3135
-6543
-8253
-8698
-8170
-7574
-6628
-4453
-591
4931
8875
10162
9608
7584
4492
737
-1433
-1823
-1849
-2698
-3433
-3238
-2609
-1695
-671
302
619
123
-408
-669
-59
1573
2805
2654
1234
-447
-2049
-3833
-5093
-5061
-4206
-3634
-3378
-2321
-310
1700
2802
3277
3112
1717
-942
-3808
-5647
-6358
-6828
-7139
-7329
-7374
-7034
-7133
-6739
-3961
7899
24248
31917
29029
20733
16135
10098
-3028
-12927
-12312
-8848
-12869
-20390
-18256
-8248
-2272
-1001
1739
6320
5011
-2797
-7943
-5515
-166
2595
4559
8081
11183
12171
10975
10558
10395
7439
1475
-6517
-12865
-15107
-14151
-11132
-7437
-3096
867
1432
-187
-714
1055
2378
1176
-40
543
1655
2167
3814
7837
11274
11064
7696
3336
-645
-4545
-7652
-9102
-9148
-8285
-7354
-5978
-3556
333
5730
9611
10595
9545
7040
4021
488
-1566
-1747
-1566
-2203
-3220
-3336
-2808
-1865
-850
41
400
94
-236
-283
458
2014
3129
2874
1199
-900
-2626
-4216
-5334
-5241
-4255
-3497
-3033
-1953
22
2105
3179
3395
2844
1283
-1353
-4029
-6182
-7142
-7474
-7614
-7291
-6957
-7074
-7322
-6160
-194
15323
29108
32441
26520
18177
13566
4088
-8955
-14237
-11006
-9456
-15656
-20652
-14179
-4671
-901
354
3809
6437
1593
-6532
-8547
-3579
1766
4275
6934
10314
12477
12014
10579
10600
9205
4612
-2775
-10766
-15183
-15505
-12998
-8844
-4760
-486
1786
655
-1020
-655
1431
1980
568
212
1367
2445
3506
6296
10512
12263
9939
5113
329
-3582
-7055
-9086
-9566
-8808
-7565
-6530
-3821
893
5931
9166
9026
7265
4847
1856
-934
-2063
-993
126
-122
-1122
-1287
-734
-380
-111
71
-108
-1085
-2223
-2229
-875
1177
2699
2711
1407
-390
-2094
-3623
-4790
-4933
-4172
-3456
-3002
-1884
329
2592
3525
3315
2526
863
-1872
-4581
-5980
-6528
-6699
-6759
-6671
-6454
-6557
-6909
-5952
-2524
9759
25035
31303
27901
19139
14425
8053
-4719
-13313
-12123
-9117
-13254
-20069
-16802
-6681
-1218
-149
2258
6050
3859
-4076
-8433
-5000
908
3843
5875
9298
12053
12332
10559
10130
9620
5900
-775
-8812
-14171
-15364
-13693
-9871
-5738
-1452
1611
1220
-550
-883
847
2047
1070
344
1144
2466
3579
5645
9500
11924
10581
6215
1038
-3048
-6543
-8841
-9530
-9021
-7716
-6126
-3273
767
5328
8484
8747
6967
4240
1322
-1190
-2261
-1392
91
599
115
-157
128
260
145
-97
-479
-1435
-2402
-2297
-1193
632
2159
2441
1376
-451
-2115
-3482
-4604
-4938
-4325
-3393
-2601
-1477
473
2495
3444
3138
2125
400
-2184
-4936
-6861
-7164
-6610
-6052
-6217
-6534
-7077
-6992
-5612
3525
20599
31440
31149
21988
14987
10533
-699
-12165
-13661
-8697
-9532
-17930
-19790
-10326
-1957
-44
855
4870
5561
-1798
-8997
-7614
-577
3986
5716
8680
11910
12789
10660
9460
9739
7369
1449
-6653
-13138
-15413
-14499
-10935
-6472
-2249
1223
1470
-553
-1909
-689
1420
1446
688
1184
2520
3626
5178
8592
11783
11541
7689
2236
-2380
-6038
-8577
-9441
-9042
-7660
-6429
-4669
-1320
3174
7544
9047
7838
5454
2628
-103
-1987
-1725
-49
982
442
-458
-572
-308
-265
-258
-251
-678
-1602
-2076
-1409
283
2071
2681
1793
-61
-1943
-3396
-4529
-4914
-4370
-3464
-2870
-2198
-564
1563
2998
3180
2592
1274
-1148
-3902
-6008
-6587
-6633
-6494
-6659
-6668
-6893
-7153
-6114
1394
18262
30764
31752
23135
15339
11376
959
-11607
-14579
-9258
-8344
-16320
-20040
-11326
-2081
59
153
3885
5869
-705
-8932
-8638
-1300
4227
5863
8494
12155
13517
11204
8994
9180
7535
1967
-6151
-12902
-15135
-14164
-10921
-6583
-2334
1372
1853
-499
-2359
-1454
734
1070
404
1157
2901
4205
5547
8503
11740
11775
7891
2179
-2562
-5949
-8428
-9507
-9021
-7390
-5967
-5094
-3452
-297
3237
5679
8706
10904
10350
7263
2927
406
-1517
-3525
-4724
-4526
-3727
-3562
-3311
-2094
-242
999
1378
1685
1882
2205
2074
1758
1513
454
-1101
-2928
-4670
-5583
-5450
-4464
-3394
-2457
-937
437
1191
1712
2256
2462
1450
-628
-2958
-5120
-7139
-8370
-8493
-8137
-8144
-8128
-6587
-1179
13219
27617
32615
27566
18039
12309
3406
-9560
-15853
-12329
-8223
-12143
-17581
-12720
-3495
252
-19
1840
4727
848
-7661
-10402
-4592
2657
6026
8766
12707
14887
12910
9136
7969
6787
2414
-4810
-11682
-14523
-13931
-11272
-6845
-2274
1567
2463
16
-2648
-3181
-1452
-275
-51
1085
3174
5006
6280
8487
11373
11993
8790
3042
-2421
-6210
-8824
-9810
-9152
-7143
-5254
-4328
-3174
-955
2085
4168
6493
9126
9799
8043
4609
2061
388
-1659
-3530
-4376
-4250
-4200
-4292
-3507
-1636
244
1327
1849
2230
2759
2867
2321
1694
666
-807
-2563
-4349
-5275
-5136
-4332
-3380
-2551
-1282
57
705
1191
1866
2207
1679
71
-1798
-4007
-5956
-7283
-7630
-7545
-7613
-7990
-7236
-5139
2966
19335
30791
31768
23234
14892
9595
-1506
-13187
-15360
-9987
-8357
-14881
-17293
-8941
-896
620
77
2885
4021
-2601
-10076
-9073
-1098
5133
7405
10386
13957
14810
11265
7988
7347
5226
-400
-8266
-13737
-14477
-12803
-9248
-4627
-220
2782
1782
-1345
-3403
-2816
-861
-155
444
2115
4218
5915
7368
9975
12149
11115
6512
284
-4665
-7859
-9613
-9679
-8256
-5924
-4292
-3511
-2291
39
2749
4523
7345
9842
9863
7746
4309
2149
1
-2572
-4333
-4920
-4756
-4849
-4655
-3284
-1199
578
1682
2432
2974
3248
2908
2149
1462
349
-1226
-2982
-4561
-5237
-5108
-4321
-3263
-2159
-695
403
959
1512
1897
1782
988
-228
-2056
-4359
-6548
-7927
-8359
-8661
-8405
-7783
-5974
-1799
11432
26712
32636
27859
17855
12323
4533
-8683
-16501
-13421
-7969
-10759
-16795
-12774
-2999
1235
-20
610
3838
1068
-7406
-11003
-5274
2850
6596
8936
12735
15321
13554
9063
7074
5837
1663
-5314
-11973
-14344
-13239
-10407
-6082
-1652
2083
2914
382
-2645
-3621
-2223
-846
-245
1180
3488
5643
7062
8816
11135
11530
8362
2498
-3096
-6830
-9044
-9812
-9000
-6789
-4414
-3277
-1771
1506
5483
7813
6823
4797
2981
1238
-428
-844
962
2542
1977
-137
-1624
-1948
-2135
-2198
-1854
-1065
-682
-896
-558
817
2618
3433
2488
542
-1470
-3048
-4181
-4690
-4176
-3159
-2470
-2194
-1306
460
2129
2737
2229
1419
115
-2076
-4186
-5283
-5568
-5719
-6116
-6646
-6663
-7269
-7022
-4603
5928
22038
30421
28336
19270
13265
7945
-3678
-13477
-13175
-8156
-9551
-16744
-15984
-6307
243
455
323
3624
3013
-4532
-10129
-6602
1649
5981
7340
10280
13326
13234
9574
7393
6990
3994
-2483
-9999
-14051
-13681
-11283
-7378
-3180
638
2673
1063
-1775
-3003
-1562
94
175
583
2340
4456
5870
7402
10050
11477
9263
3884
-1837
-5493
-7828
-8997
-8828
-7215
-5179
-3419
-722
2430
5422
6597
5467
3309
968
-448
-986
-426
1266
2646
2516
1035
-384
-872
-1142
-1492
-1534
-1349
-1572
-1797
-1010
514
2051
2669
2032
329
-1730
-3222
-4082
-4328
-3895
-3078
-2246
-1502
-518
934
2249
2567
1738
306
-1437
-3318
-4940
-5397
-4827
-4323
-4595
-5350
-6090
-7121
-7313
-3614
10252
25122
30268
25183
16371
12062
4648
-7603
-14118
-10942
-7313
-12073
-18192
-13522
-3770
624
219
1833
4898
1588
-6548
-9562
-3531
3781
6447
8076
10944
13042
11280
7769
6877
6050
2181
-4786
-11519
-13951
-13036
-10058
-5731
-1718
1783
2535
285
-2260
-2622
-617
574
522
1171
2913
4685
5813
7625
10099
10487
7309
1604
-3316
-6294
-8092
-8514
-7765
-5694
-2922
-749
1055
2858
4634
5074
3278
933
-410
-572
-349
339
2029
3369
2878
1025
-362
-876
-1284
-1693
-1767
-1371
-1114
-950
-242
917
1931
2005
829
-1054
-2826
-3898
-4329
-4223
-3367
-1990
-751
-116
510
1307
1826
1361
182
-1168
-2589
-4012
-5184
-5201
-4614
-4645
-5128
-6174
-7697
-8797
-4593
11184
26748
31642
25485
17085
13170
3928
-9673
-15207
-10161
-6582
-12926
-18855
-12750
-2942
364
-357
2435
5656
831
-8326
-10408
-3090
4182
6714
8978
12527
14138
11013
7152
6816
5993
1587
-5856
-12062
-13970
-13170
-10079
-5503
-978
2570
2645
-175
-2843
-2913
-904
151
487
1611
3456
4973
5886
7927
10449
10528
6817
898
-3862
-6768
-8288
-8457
-7229
-4983
-3468
-3109
-2149
1156
5302
7505
7189
5505
3491
1076
-1132
-1267
620
1920
923
-1321
-2757
-3027
-2852
-2099
-622
796
901
201
72
1055
2303
2575
1530
-521
-2660
-4297
-5125
-4913
-3517
-1896
-1206
-1226
-942
67
1111
1541
1467
666
-1019
-3291
-5207
-6159
-6124
-6180
-6178
-6752
-7837
-7979
-3520
12051
27474
32583
26585
17051
11673
2292
-10860
-16182
-11036
-6380
-11135
-16987
-11879
-2770
473
-495
1374
4356
37
-8845
-11039
-3578
4555
7857
10289
13752
15120
11510
6685
5410
4499
498
-6310
-12097
-13501
-12126
-8983
-4660
-503
2800
2568
-725
-3758
-3993
-1723
-113
663
2247
4480
6041
6606
7984
10063
9765
5956
48
-4577
-7105
-8305
-8007
-6410
-4021
-2037
-62
1451
2643
3767
3814
2641
758
-372
-253
300
1113
2482
3350
2567
541
-1007
-1636
-2001
-2028
-1402
-766
-459
-18
450
1002
1355
1056
10
-1683
-3165
-3877
-3923
-3556
-2781
-1509
-258
359
654
933
1121
695
-449
-1616
-2890
-4228
-5175
-5364
-4934
-5046
-5463
-6830
-8389
-8279
1458
19220
30373
29863
21190
15205
9436
-3464
-14556
-13907
-7165
-7481
-15249
-15882
-6711
-218
-308
-418
3501
3612
-4659
-11665
-8451
523
5910
8079
11563
15066
14186
9131
6136
5799
3575
-2393
-9469
-13002
-12757
-10715
-7050
-2739
1317
2986
744
-2728
-4469
-3152
-905
280
1586
3625
5599
6504
7211
9025
10092
8024
2802
-2765
-6227
-7872
-8078
-7071
-4771
-2548
-1020
702
2022
3327
3598
2464
952
-319
-415
197
1277
2667
3564
3071
1225
-595
-1475
-1748
-1872
-1649
-1057
-778
-499
107
844
1463
1305
279
-1341
-2953
-3862
-4088
-3608
-2723
-1734
-805
-78
592
1068
1245
924
253
-773
-2313
-3766
-4777
-5291
-5352
-5517
-5588
-6170
-7406
-8755
-4807
10871
26499
31878
25811
16983
12498
3070
-10523
-16138
-10604
-5408
-10330
-16299
-11060
-1956
777
-1027
517
3731
-403
-9457
-11823
-4201
4035
7437
9837
13564
15446
11840
6944
5472
4613
810
-6078
-11577
-12457
-10888
-7860
-4016
-274
2564
1712
-1993
-5242
-5345
-2693
-562
927
3083
5599
7191
7513
8413
9825
9236
5176
-831
-5282
-7294
-7796
-7072
-5255
-2175
455
1475
1069
701
1447
1389
154
-965
-470
877
1541
2172
3487
4344
3133
487
-1456
-2010
-1948
-1715
-1089
-69
587
533
120
-90
7
-214
-1144
-2455
-3412
-3765
-3666
-3115
-2002
-377
678
838
762
827
485
-293
-1089
-1710
-2435
-3475
-4735
-5252
-5232
-5482
-6161
-7754
-9037
-6656
7082
23711
31577
28087
19084
13847
5251
-8687
-16574
-12625
-6141
-8649
-14894
-11512
-2586
1205
-474
-168
3076
325
-8367
-12429
-6193
2746
7068
9660
13333
15676
12754
7269
4953
4202
1254
-4765
-10402
-11699
-10317
-7538
-3838
-421
2335
1881
-1769
-5489
-6479
-4170
-1563
503
3048
5833
7695
8042
8452
9522
9094
5541
-59
-4548
-6771
-7373
-6635
-4840
-2317
-1019
-820
-390
874
2907
3872
3227
1812
523
-300
-571
123
1678
2835
2203
158
-1434
-1870
-1494
-778
382
1440
1417
712
98
21
181
-99
-967
-2267
-3501
-4246
-4376
-3567
-2051
-621
-83
-66
-21
250
573
726
547
-80
-1620
-3610
-5502
-6551
-6804
-6766
-6854
-7877
-9388
-5870
9758
26185
32510
26704
17195
12246
2720
-11340
-17500
-11339
-4209
-7637
-13750
-9529
-1079
1276
-1548
-1294
1860
-1524
-10109
-12451
-4540
4721
8811
10917
13991
15228
10991
5103
2995
2796
493
-4907
-9522
-9842
-7946
-5400
-2634
-115
1836
370
-3935
-7423
-7262
-3962
-821
1542
4411
7241
8365
7773
7569
8244
7480
3729
-1399
-4601
-5653
-5556
-4663
-3037
-1144
-807
-1579
-1892
-796
1277
2353
2153
1639
1386
1232
956
1368
2260
2413
994
-1082
-2100
-1830
-869
154
1284
1904
1351
303
-544
-786
-564
-698
-1387
-2311
-2770
-2815
-2865
-2552
-1813
-1070
-994
-1202
-916
53
996
1387
984
36
-1127
-3014
-4728
-5404
-5732
-5942
-6526
-8028
-9375
-8740
3548
21852
31864
29620
18724
12058
5452
-7503
-16383
-13123
-4260
-3764
-11206
-11250
-3123
1761
-336
-2460
-50
-873
-8343
-13322
-7571
3171
9214
11230
12938
14235
11535
5428
2236
2031
1271
-2352
-7286
-8613
-6880
-4269
-1665
-351
663
-350
-4373
-8302
-8954
-5263
-811
1967
4278
6727
8270
7839
6895
7060
6814
4203
-360
-3798
-4558
-3835
-2651
-1512
-346
402
-151
-1564
-2603
-2029
-882
-551
-366
555
2122
2979
3038
2890
2512
1214
-818
-1992
-1677
-365
997
1897
2163
1651
558
-751
-1785
-2176
-2140
-2200
-2504
-2514
-2022
-1536
-1457
-1440
-1127
-965
-1229
-1387
-797
161
609
165
-406
-1171
-2309
-3717
-4884
-5509
-6047
-7451
-8616
-10172
-5088
12208
27556
32598
24818
14542
9504
-566
-13139
-16749
-8982
-1745
-6136
-11667
-6865
580
1503
-2517
-3055
-1070
-4793
-11827
-11510
-1658
7896
11676
12652
13577
12922
7778
2405
744
702
-342
-4284
-7333
-6450
-3793
-971
7
-352
-945
-3668
-7797
-10284
-8113
-2519
1758
3918
5782
7908
8394
6892
5802
5749
4872
1494
-2407
-3511
-2417
-904
-318
-177
-327
-2175
-4888
-6782
-5368
-945
3027
5447
6335
6287
4976
2153
-317
-1564
-2191
-3114
-3723
-2890
-692
1638
3022
3411
2713
1145
-641
-2036
-2010
-816
273
271
-735
-1607
-2287
-3134
-3773
-3592
-2729
-2181
-2255
-1804
-351
1478
2415
2000
805
-878
-3433
-6102
-7528
-7798
-7310
-7380
-8340
-7894
4319
22262
31935
29265
17171
9604
2850
-9371
-17452
-13318
-2192
346
-6688
-8062
-1967
1193
-2345
-6258
-4670
-4155
-9022
-11826
-5193
6029
12593
13844
13237
12228
8285
2290
-812
-859
106
-862
-3712
-4406
-2992
-760
496
-906
-2756
-4869
-7718
-10056
-9616
-4437
1805
5136
6112
6724
7215
6115
4031
3192
3617
2878
268
-1571
-799
1250
1871
712
-874
-2330
-3533
-5031
-5061
-2759
-131
1191
1090
1539
2654
3110
2478
1485
660
-481
-1538
-1579
79
2268
3440
3170
1670
-179
-1706
-2681
-2847
-2171
-1120
-598
-978
-1417
-1271
-1051
-1512
-2476
-3021
-2814
-2363
-1779
-632
938
1857
1279
-399
-2177
-3254
-4026
-5054
-5692
-5927
-6453
-7394
-9536
-664
18275
30499
30506
18078
9000
4296
-6481
-15556
-13879
-2747
2327
-4963
-9069
-3620
1208
-1188
-6107
-5966
-4744
-8393
-11725
-6035
5338
12544
13831
11951
10082
6836
1876
-72
76
1049
990
-1656
-3146
-2756
-953
826
-690
-3860
-6581
-8494
-9312
-8754
-4423
2099
5989
5927
4737
4768
4934
3775
2403
2826
3446
1987
5
116
2615
3825
1663
-1592
-3312
-3529
-4621
-4991
-2946
222
1595
567
207
1178
2158
1438
207
40
-71
-476
-396
1158
3349
4247
3232
1077
-971
-2140
-2747
-2757
-1946
-813
-313
-788
-1499
-1874
-1889
-2131
-2787
-3118
-2760
-1964
-1137
-200
685
839
163
-1153
-2638
-3946
-4525
-5046
-5353
-6173
-7221
-9301
-3368
14829
29011
31727
20874
9114
3959
-5064
-14186
-14149
-3827
3854
-1585
-8026
-5189
-295
-1461
-6680
-8038
-6445
-8096
-10596
-5940
5167
13082
14492
11863
8512
4840
364
-582
887
2165
2708
1056
-290
-1030
-1169
-303
-1411
-4954
-8808
-10537
-9209
-6702
-3017
2168
6170
6376
3554
1578
1819
2838
2817
2705
3811
4336
3436
2341
2985
4106
2212
-2211
-5665
-5986
-4330
-3094
-1641
746
2075
1000
-1112
-1623
-185
1000
616
-31
177
1044
1649
2153
3143
3780
2760
188
-2148
-2724
-1988
-1254
-809
-339
-151
-746
-1848
-2604
-2763
-2876
-3108
-3170
-2639
-1389
-142
492
628
36
-1081
-2407
-3495
-4172
-3893
-4086
-4352
-5237
-6329
-8552
-4069
13796
28247
30855
19727
7036
2666
-4328
-12051
-11891
-1997
5542
-142
-7830
-6226
-1436
-2621
-7984
-9745
-7893
-8051
-9208
-3671
7253
13557
13027
9110
5735
2571
-1079
-83
3555
5347
4602
2151
1335
778
-1055
-2355
-3688
-6331
-9874
-11374
-8410
-3425
328
2529
3769
3353
1235
-924
-868
1847
4151
4818
4859
5192
5824
5271
3983
2553
166
-3140
-6032
-5752
-2444
444
1467
514
-1067
-2392
-3394
-3379
-1718
723
1925
1666
1076
1656
2881
3440
3003
1718
482
-628
-1511
-1185
68
827
372
-954
-2130
-2530
-2399
-2297
-2560
-2859
-3005
-2968
-2421
-1126
64
367
-217
-1264
-2629
-3626
-3479
-3307
-3112
-3058
-3353
-4404
-5726
-8924
-1403
17764
29393
28597
14845
4411
1275
-5759
-11170
-8566
1814
6171
-1913
-8327
-5302
-1585
-4515
-9604
-10681
-8621
-8223
-7515
470
10518
13715
10322
4796
2497
665
-1258
1875
6432
8474
6174
2101
1392
1536
-617
-4087
-6859
-8202
-9120
-9270
-6134
-731
2809
2741
218
-2163
-2324
-1611
-351
2191
4908
7011
6869
5811
5715
5808
4724
1417
-2540
-4558
-4328
-1679
1319
2594
2181
-933
-4564
-6505
-5871
-3245
-382
1458
1915
1897
1761
2183
2561
2720
2131
743
-145
-312
498
1777
2148
1183
-718
-2631
-3480
-3170
-2223
-1563
-1750
-2349
-2783
-2768
-2015
-935
-648
-1451
-2555
-2955
-2728
-2085
-1873
-2082
-2514
-3561
-4507
-5558
-7240
-8793
3261
22475
31342
26426
10694
2509
-683
-7354
-10713
-5374
5265
6135
-2472
-6795
-3734
-2868
-7876
-12454
-12725
-9880
-7656
-3669
5283
12318
12352
7122
865
-1344
-1408
528
4992
8095
9935
8812
5072
1889
89
-1570
-4949
-9347
-11174
-8546
-4532
-1386
394
1242
879
-2575
-6312
-5986
-2481
1419
3624
5110
7227
8050
7121
5668
4549
3133
324
-2538
-3089
-304
3112
4460
3471
105
-4213
-7497
-8058
-6082
-3151
-54
1537
1735
1391
1178
1450
1579
1215
550
730
1591
2573
3243
3191
1982
-331
-2526
-3615
-3374
-2203
-1304
-1421
-2018
-2440
-2543
-2319
-1891
-1560
-1980
-3055
-3958
-3518
-2560
-1862
-2007
-2666
-3622
-3946
-4481
-4942
-7054
-5407
11404
27312
30581
20000
4975
215
-3753
-8541
-7330
1273
8164
3958
-3483
-5163
-4385
-8196
-11850
-12491
-12157
-10566
-5846
3929
11661
10267
5398
2251
-848
-3653
-3570
4059
12171
12060
8474
6677
6189
2911
-2557
-5634
-5885
-7418
-8651
-5736
-451
2653
322
-3721
-5868
-7558
-7920
-4926
65
4343
5659
5784
6467
6129
4759
3558
2965
1963
348
-149
2454
5796
7050
5099
469
-4254
-8390
-9595
-6747
-2555
422
1110
348
-480
-870
-1159
-702
153
939
1631
2462
4158
5149
4281
2042
-741
-2909
-3444
-2407
-571
712
408
-1104
-2833
-3666
-3486
-2759
-1988
-1699
-2396
-3211
-3163
-2716
-2446
-2439
-3259
-4116
-4864
-4425
-4709
-4946
-7292
-2568
16367
29607
29307
15294
1286
-1893
-4715
-6271
-2533
6811
10465
3443
-4531
-6052
-6155
-10715
-13149
-13224
-12101
-9120
-2469
7528
11973
6592
-349
-3626
-4817
-4266
-337
9575
16338
13569
8070
5278
4378
1309
-3106
-4953
-4245
-4495
-4045
-771
2485
2030
-3785
-9285
-10876
-10393
-7255
-1933
3234
5611
4534
3119
2955
2731
2314
2417
3032
3494
3634
4430
6360
7363
6456
3471
-1238
-5107
-7217
-6307
-3123
-661
9
-901
-2379
-3402
-3564
-3046
-1709
-189
1440
2922
3901
4778
4358
2378
72
-1497
-1750
-747
735
1762
1436
-137
-1932
-3310
-3593
-3010
-2324
-1969
-1973
-2322
-2582
-2250
-1727
-2505
-4133
-5766
-6226
-5931
-4178
-3044
-3283
-5360
-7802
5416
23828
30551
22395
5210
-1864
-2530
-3458
-1599
6112
13123
8579
-1935
-7878
-6659
-8820
-12186
-12290
-11686
-9537
-5551
2629
9604
6699
-2163
-7299
-7519
-4767
-511
7460
16398
16265
9242
3730
2759
2593
352
-1721
-1137
29
-292
910
2501
1662
-3701
-10704
-13010
-11187
-7278
-1980
2681
4124
1946
-949
-1682
-548
429
1696
3518
5024
6030
6496
7339
7706
6714
3898
64
-2225
-2735
-1961
-683
-220
-1255
-3060
-4622
-5315
-4711
-3687
-2630
-1480
254
1930
2824
3294
2905
1272
-486
-942
-225
1246
2498
2542
1372
-367
-1571
-2236
-2257
-1601
-1216
-1284
-1752
-2187
-2430
-2071
-2202
-3342
-4667
-5649
-5714
-4654
-3584
-3306
-4272
-5605
-7055
-9133
2656
21762
29891
23161
5581
-3557
-2438
-461
1400
6665
12951
9691
-319
-6893
-5261
-6229
-10833
-12788
-12417
-8916
-4465
1979
7404
4731
-4932
-11576
-10645
-5004
1717
7918
14434
14427
7823
2577
1648
2926
2441
757
771
2621
3578
4337
4031
981
-4608
-11352
-13272
-9845
-4913
-124
2374
1420
-1703
-4500
-4888
-2999
-1045
732
2712
4507
6291
7158
6770
6277
5074
3460
2768
2528
2791
2689
1490
-472
-2723
-4334
-4925
-4946
-4389
-3763
-3406
-2463
-1100
137
1016
1106
651
17
-188
381
1337
2003
2015
1326
305
-180
-429
-395
-216
-367
-643
-858
-985
-1028
-1420
-1784
-2503
-3554
-4693
-5076
-4968
-5114
-5226
-5277
-5447
-6174
-7145
-9976
439
19162
27497
21600
4973
-3876
-1798
1492
3820
8206
14265
11681
1740
-5986
-4714
-4863
-9299
-11172
-10869
-6868
-2862
1246
4301
1145
-7541
-13781
-12376
-5728
2331
7743
12068
11114
4926
1017
609
2490
3296
3333
4188
5782
6374
6228
5146
995
-4521
-9966
-10711
-6386
-1789
1386
1542
-1215
-5251
-7838
-7451
-4815
-2134
52
2184
3437
4570
4814
4178
4662
4866
4108
3765
4527
5779
5870
4147
1114
-1951
-3768
-4090
-3807
-2988
-2306
-2620
-2658
-2142
-1740
-1404
-1117
-1125
-1342
-1031
64
1087
1337
1088
304
-451
-428
-59
433
852
875
562
211
3
-223
-759
-1276
-1514
-1636
-2756
-4660
-6501
-6543
-5425
-4933
-5239
-6587
-7674
-10612
-1093
16618
24811
18835
2599
-5433
-2102
2803
5854
10104
15454
12113
2099
-5450
-3491
-2532
-6299
-8045
-7860
-4515
-1901
686
2387
-1238
-9403
-14686
-11814
-4849
2298
6091
8714
7184
809
-2305
-1031
2873
4775
4778
5579
6974
7362
6197
4684
1286
-2689
-6317
-6200
-1654
1827
2772
475
-3716
-7505
-9008
-7355
-4162
-1535
-422
504
711
1055
1165
1611
3459
4524
4827
4718
5181
5836
5282
3384
1048
-499
-1129
-731
-494
-617
-1183
-2328
-2849
-2696
-2017
-1345
-1203
-1454
-1827
-1902
-1519
-976
-849
-782
-813
-832
-416
7
291
452
536
628
714
798
614
210
-259
-810
-1791
-2759
-3427
-4191
-4108
-4875
-5653
-7186
-7298
-9898
-3964
12064
21241
17687
2919
-7159
-4625
1377
5185
8295
13561
13016
4861
-3586
-3561
-1239
-4184
-5689
-5024
-1598
891
1232
1506
-1547
-8052
-13476
-11378
-4581
2145
4683
5024
4353
-863
-4290
-3509
225
3747
4484
5219
6271
6923
5715
3702
870
-1552
-2716
-2306
1491
4124
3854
1137
-3188
-6474
-7509
-5769
-2797
-667
-339
-682
-1312
-1766
-653
315
1429
2750
3146
3524
3734
3916
3362
2149
1088
564
806
1639
2077
1025
-265
-1362
-2109
-1638
-846
-329
-419
-1053
-1720
-2319
-2435
-2225
-2194
-2238
-1822
-1494
-1231
-898
-981
-869
-454
49
542
465
283
-9
-497
-1126
-1348
-1469
-2052
-3072
-3976
-5048
-6109
-6920
-8711
1344
15685
20216
11611
-3072
-8138
-3132
2580
5417
9010
12706
9539
793
-5385
-2856
-1704
-4241
-4480
-2476
1320
2305
1419
-53
-3861
-9291
-11484
-7218
-340
4820
4745
3298
909
-3651
-4845
-2803
1347
4292
4763
4851
4798
4373
3088
1553
-607
-1369
-820
755
3884
4367
2488
-1006
-4631
-6096
-5111
-2169
186
901
-100
-1175
-2375
-3021
-1390
41
2171
3551
3304
2691
1883
1457
710
356
519
1286
2043
2520
2207
443
-782
-1671
-1503
-71
911
1104
292
-938
-2345
-3053
-2777
-2087
-1618
-1668
-1483
-1721
-1907
-1933
-2048
-1491
-799
20
280
24
-472
-815
-1444
-1893
-2241
-2186
-2234
-2341
-3437
-4754
-6500
-8023
2227
15110
19109
10099
-3670
-7564
-1967
3804
6050
8812
11227
7600
-600
-5740
-2780
-1034
-2475
-3221
-2119
837
1334
182
-1611
-4753
-8263
-8950
-5051
388
4390
3802
1631
-1405
-4963
-4354
-1223
2882
5104
5079
4713
3610
2376
1334
1048
455
568
1367
2368
4043
3257
922
-2010
-4379
-4619
-3202
-702
756
397
-1128
-2448
-3027
-2128
361
1426
1920
1773
1133
1125
1000
1074
819
783
1111
1546
2023
2031
1390
128
-395
-471
131
1258
1532
999
-399
-1677
-2474
-2595
-2034
-1453
-1276
-1519
-1792
-2569
-3133
-2970
-2199
-934
-141
38
-301
-1181
-1572
-1821
-1912
-1882
-1977
-2306
-2586
-2620
-3442
-4444
-7131
-281
12018
17560
11339
-1830
-7562
-2299
4376
6742
7928
9787
7611
719
-5456
-3894
-956
-1351
-1799
-1399
774
1399
-726
-3163
-5990
-7980
-7471
-3607
816
3600
2573
-22
-2286
-5108
-4531
-945
2755
5087
4733
4023
3063
1801
892
822
1080
1636
2755
3343
4062
2896
33
-2362
-3842
-3197
-1316
526
1130
-147
-2351
-3709
-3532
-1626
883
1741
1442
771
107
200
319
132
180
608
1306
1986
2225
1726
690
-317
-450
326
1552
2569
2194
724
-861
-1914
-2206
-1942
-1401
-1015
-1174
-1746
-2335
-2855
-3048
-2694
-2018
-1282
-882
-973
-1379
-1621
-1587
-1708
-1859
-2222
-2500
-2924
-2896
-3362
-3851
-6074
-487
10773
16834
11843
-693
-7492
-3131
4595
8058
8602
9557
8021
1888
-4773
-4757
-1582
-530
-663
-817
780
1593
-497
-3743
-6790
-7929
-6736
-3402
42
2337
1687
-694
-2784
-4998
-4392
-1101
2234
4289
4095
3637
2934
1670
899
1159
1935
2783
3580
3582
3527
2507
244
-1433
-2313
-1628
-290
647
630
-825
-2694
-3477
-2594
-956
627
548
-581
-1057
-909
-137
265
230
237
397
916
1519
1712
1414
877
359
499
1350
1973
2133
1379
300
-595
-1051
-999
-905
-924
-1241
-1722
-2260
-2653
-2825
-2837
-2353
-1623
-1294
-1561
-2005
-2369
-2493
-2406
-2013
-1867
-1731
-2209
-2679
-3531
-3843
-5064
-4718
3881
13247
15279
6822
-3859
-6261
79
6641
8845
9137
8745
5519
-390
-4257
-2380
-153
426
-232
-374
755
561
-1912
-5400
-7499
-6650
-3749
-732
781
783
-1435
-3698
-5344
-5341
-2261
1561
3739
3642
2378
1663
977
590
1088
2524
3840
4612
4493
3653
2758
1316
-206
-831
-597
621
1565
1482
25
-2056
-3356
-3184
-1822
89
1043
-59
-1591
-2255
-1996
-994
-303
-177
140
706
999
939
843
835
692
806
1551
2219
2392
1942
792
-106
-283
-118
-45
-192
-489
-1163
-1986
-2436
-2614
-2777
-2434
-1676
-1315
-1749
-2612
-3411
-3492
-3052
-2150
-1891
-2056
-2578
-3061
-3925
-4378
-5710
-4204
4597
13065
13744
5021
-4272
-5168
1381
7268
9331
9425
8703
5292
-400
-3586
-1561
641
1327
593
515
1279
614
-2355
-6021
-7932
-6405
-2984
-305
402
-325
-2421
-4372
-5701
-5183
-2121
1063
2430
1976
1029
988
889
714
1395
2685
3828
4437
4236
3661
3023
1842
882
662
1090
2033
2150
1362
-195
-1780
-2468
-1993
-220
1105
427
-1692
-3253
-3453
-2359
-876
-316
-290
-298
-400
-511
-514
-24
524
1093
1875
2332
2283
1969
1194
283
116
657
1105
1034
488
-291
-1222
-1920
-2087
-2078
-1825
-1237
-927
-1397
-2340
-3466
-4093
-3802
-2851
-1994
-2068
-2723
-3722
-4268
-4846
-4771
-5641
-2167
6240
12569
10724
1933
-5093
-3622
3100
8224
9549
9386
8106
4518
-453
-2128
97
2023
2244
1151
846
1324
126
-3108
-6357
-7090
-4716
-1568
-89
-558
-2278
-4468
-5679
-5879
-4243
-1083
1314
1678
454
-583
-350
155
722
1788
3124
4176
4553
3933
2996
2403
1850
1849
2204
2771
3288
2693
1284
-454
-1546
-1555
-659
571
1119
344
-1460
-2939
-3465
-2787
-1601
-934
-654
-730
-931
-1091
-1072
-770
-224
627
1488
2051
2046
1531
783
292
540
1131
1541
1448
806
-61
-954
-1476
-1527
-1362
-1136
-903
-856
-1569
-2698
-3693
-3933
-3435
-2692
-2439
-2759
-3582
-4251
-4935
-5157
-5740
-5179
875
8837
11580
5782
-2848
-5546
-138
6697
9597
9422
8377
6053
1884
-1453
-356
2635
4280
3643
2181
1555
957
-1104
-4235
-6333
-5477
-2426
125
201
-1640
-4277
-6106
-6630
-5726
-3068
-41
1291
368
-1442
-1966
-1207
-175
958
2324
3377
3909
3695
3076
2668
2373
2349
2662
3083
3689
3684
2704
1181
-293
-774
-132
868
1568
1078
-432
-2002
-3098
-3147
-2392
-1615
-1204
-1099
-1170
-1437
-1787
-1788
-1226
-480
519
1378
1599
1423
909
274
126
707
1506
1891
1544
821
-27
-715
-858
-747
-645
-463
-402
-783
-1513
-2454
-3236
-3518
-3254
-2725
-2730
-3095
-3713
-4486
-5705
-6114
-6818
-3836
3815
10155
9225
1283
-5788
-5166
1665
7703
9543
8968
7466
4580
538
-891
1467
3993
4653
3188
2087
1897
1123
-1107
-3948
-5245
-3780
-1096
263
-509
-2671
-5136
-6297
-6345
-4918
-2252
-203
-75
-1803
-3247
-2837
-1446
-66
1047
2006
2552
2885
2689
2475
2433
2385
2486
2889
3573
4180
3926
2694
1101
-70
-128
751
1662
2291
2002
208
-2100
-3688
-3618
-2289
-837
-313
-987
-2067
-2706
-2875
-2582
-1600
-369
591
1187
1129
654
171
-188
-199
346
1431
2221
1918
893
-146
-831
-965
-572
-146
192
356
-7
-867
-1915
-2747
-3160
-3066
-2498
-2187
-2630
-3527
-4564
-5601
-5964
-6511
-3916
2803
8680
7886
666
-5797
-4965
1482
6896
8421
7940
6749
4289
572
-735
1745
4517
5245
3905
2618
2269
1598
-470
-3048
-4279
-3070
-657
660
113
-1872
-4450
-6090
-6587
-5383
-2758
-575
-231
-1810
-3420
-3483
-2474
-1296
-202
781
1354
1783
1971
2120
2195
2063
2050
2365
3003
3827
3949
3247
1978
737
453
977
1799
2522
2265
1280
-260
-1997
-2925
-2612
-1617
-906
-769
-1275
-1976
-2561
-2736
-2380
-1654
-621
318
766
841
519
-85
-371
-174
438
1186
1656
1482
707
-240
-665
-576
-342
-33
253
358
-64
-956
-1996
-2611
-2826
-2608
-2428
-2593
-2963
-3653
-5047
-5731
-6669
-5289
811
7214
8378
2311
-4840
-6263
-1033
5012
7776
7984
6984
4716
1084
-1107
912
3961
5464
4495
2936
2482
2285
1231
-957
-2842
-2837
-1194
403
602
-390
-2599
-4498
-5623
-5484
-3481
-1103
-114
-1280
-3327
-3944
-3079
-1792
-593
403
790
965
984
1016
1433
1723
1877
2135
2463
3237
3828
3589
2633
1470
857
1169
1935
2764
3654
3380
1454
-1164
-2881
-2634
-1209
-23
101
-829
-1791
-2490
-3037
-2988
-2228
-1344
-516
49
250
178
-195
-699
-1035
-750
329
1373
1584
1127
220
-676
-925
-484
24
452
751
530
-274
-1482
-2187
-2464
-2383
-2128
-2093
-2639
-3350
-4620
-5702
-6651
-5745
-705
5530
7757
3349
-3546
-6358
-2814
2709
5973
6848
6713
5094
1772
-956
-78
2705
4697
4467
3202
2542
2432
1727
35
-1917
-2544
-1518
79
873
506
-1180
-3179
-4843
-5557
-4398
-2098
-394
-434
-2023
-3258
-3427
-2680
-1580
-529
90
422
657
878
1209
1325
1272
1315
1491
2083
2899
3399
3204
2322
1179
795
1075
1761
2816
3592
3318
1562
-738
-2119
-2114
-1126
-139
13
-521
-1303
-2147
-2756
-2790
-2233
-1327
-564
-128
-14
-316
-681
-1041
-1292
-922
-65
699
924
636
-43
-600
-852
-674
-169
539
1046
805
-63
-1069
-1776
-2116
-2224
-1893
-1830
-2251
-3167
-4378
-5583
-6237
-3212
2489
6717
5218
-508
-5089
-4366
-135
3787
5638
6278
5584
3222
87
-674
1125
3371
4232
3531
2644
2550
2552
1676
-296
-1969
-2145
-993
238
994
632
-804
-2715
-4588
-5112
-3715
-1481
-236
-785
-2087
-2932
-2923
-2202
-1265
-513
-102
210
451
775
1092
1306
1309
1073
1050
1677
2522
3159
3053
2168
1220
770
1105
2202
3605
4193
2880
369
-1653
-2143
-1185
220
676
47
-883
-1721
-2323
-2494
-2048
-1383
-870
-574
-372
-179
-156
-536
-1285
-1733
-1259
-389
305
600
347
-318
-963
-1056
-678
159
968
1144
566
-427
-1189
-1597
-1650
-1481
-1478
-1814
-2517
-3374
-4098
-5077
-3670
503
4950
5463
1525
-3184
-4231
-1470
2038
4080
5078
5182
3843
1087
-367
533
2402
3534
3228
2494
2187
2349
2223
1007
-716
-1629
-1261
-246
589
698
-118
-1377
-3133
-4268
-3854
-2166
-500
-394
-1439
-2421
-2756
-2421
-1703
-997
-525
-158
127
424
796
1117
1290
1044
708
933
1631
2611
3034
2675
1847
1076
1052
1869
3282
4071
3288
1129
-806
-1376
-760
217
587
140
-687
-1490
-1924
-1915
-1541
-1120
-1011
-891
-759
-491
-286
-345
-861
-1424
-1461
-949
-185
213
133
-308
-912
-1183
-1066
-395
461
834
471
-295
-945
-1313
-1425
-1389
-1472
-1795
-2464
-3209
-3715
-4225
-2704
650
4139
4474
1422
-2347
-3429
-1467
1400
3438
4471
4616
3451
1058
-432
-31
1640
2923
2983
2424
2114
2239
2154
1054
-445
-1313
-1061
-265
534
932
634
-397
-2192
-3608
-3699
-2487
-1051
-505
-836
-1498
-1949
-2035
-1824
-1411
-1039
-668
-282
205
662
1063
1230
1019
537
482
972
1915
2564
2650
2104
1614
1728
2666
3666
3379
1946
171
-685
-452
347
991
792
-25
-1061
-1937
-2107
-1532
-819
-479
-583
-938
-1125
-912
-630
-713
-1163
-1381
-1206
-869
-373
-20
-43
-491
-928
-1045
-569
367
979
929
216
-591
-1169
-1333
-1180
-1026
-1207
-1620
-2373
-2921
-3639
-3443
-1208
1952
4068
3166
378
-1916
-1898
-370
1458
2982
3908
3925
2669
932
230
495
1446
1995
1912
1693
1836
2235
1948
727
-558
-1242
-1008
-409
308
677
589
-349
-1978
-3035
-2973
-1907
-943
-683
-860
-1276
-1515
-1604
-1421
-1226
-906
-514
-213
138
533
863
1021
724
419
427
1002
1670
2161
2167
1923
1909
2096
2947
3259
2561
1205
87
-206
105
662
692
268
-347
-1057
-1532
-1566
-1022
-587
-499
-543
-744
-804
-725
-776
-974
-1203
-1239
-1118
-925
-618
-349
-385
-711
-820
-778
-387
293
670
555
-18
-438
-817
-966
-950
-933
-1228
-1606
-2170
-2582
-3306
-3077
-1026
1741
3516
2835
616
-1310
-1505
-566
861
2351
3525
3649
2511
1018
419
597
1244
1593
1679
1643
1940
2293
1976
935
-123
-844
-1016
-664
57
613
772
7
-1376
-2475
-2601
-2017
-1307
-921
-791
-926
-1038
-1090
-993
-996
-990
-892
-643
-160
491
1098
1393
1061
532
234
397
1027
1549
1908
2267
2542
3000
3058
2314
1077
116
-157
167
807
1107
930
368
-456
-1302
-1769
-1462
-922
-334
12
-9
-259
-608
-894
-1269
-1458
-1391
-1096
-748
-556
-412
-538
-827
-1076
-1100
-757
-146
453
662
344
-107
-540
-850
-998
-988
-928
-1113
-1280
-1751
-2260
-2955
-2606
-925
1185
2518
2060
506
-686
-912
-363
635
1809
2545
2687
2081
1303
959
910
1197
1244
1115
1199
1644
2094
1934
1173
280
-438
-797
-752
-194
272
467
-59
-1020
-1693
-1951
-1763
-1406
-1128
-970
-922
-850
-716
-565
-648
-711
-730
-609
-247
328
876
1091
908
649
453
593
872
1351
1839
2215
2706
2795
2576
1911
942
161
-62
282
588
733
610
189
-418
-993
-1234
-1167
-768
-392
-204
-181
-276
-558
-965
-1335
-1396
-1267
-1033
-714
-547
-516
-680
-939
-1121
-1034
-581
-84
334
434
292
-153
-697
-1062
-1231
-1265
-1281
-1327
-1385
-1580
-1760
-2351
-2111
-900
654
1581
1424
688
77
-213
-174
380
1325
2045
2344
1970
1412
1137
963
1119
1089
997
1029
1196
1443
1357
997
467
-60
-512
-713
-551
-198
120
-198
-729
-1163
-1447
-1472
-1421
-1276
-1082
-976
-869
-774
-668
-623
-587
-593
-539
-308
41
512
770
826
775
576
612
798
1325
1766
2367
2771
2611
2007
1259
697
325
338
467
488
513
352
101
-280
-632
-821
-930
-719
-375
-51
69
-81
-460
-1005
-1308
-1297
-1095
-786
-488
-445
-624
-737
-735
-702
-559
-348
-171
-44
-12
-86
-300
-644
-984
-1148
-1287
-1240
-1241
-1302
-1520
-1688
-2013
-1979
-1015
337
1195
1163
812
396
159
127
277
875
1512
1819
1667
1278
1210
1157
1123
967
871
846
1018
1269
1211
905
651
278
-213
-539
-422
-220
-123
-316
-577
-808
-1011
-983
-976
-1038
-1000
-992
-978
-799
-599
-470
-360
-407
-434
-395
-220
81
357
499
622
702
747
983
1466
1892
2110
1977
1578
1347
1208
1046
867
617
401
267
133
72
46
13
-150
-439
-626
-648
-589
-362
-256
-449
-759
-1081
-1189
-1240
-1128
-891
-717
-769
-892
-845
-664
-437
-360
-391
-329
-250
-187
-131
-123
-346
-760
-1040
-1105
-1046
-1021
-1024
-1102
-1327
-1639
-1837
-1320
-527
160
381
218
43
-42
-3
83
298
720
1045
1179
1169
1286
1278
1266
1156
893
776
814
1060
1210
1069
831
571
279
-13
-27
45
92
-16
-306
-434
-524
-541
-462
-539
-577
-581
-549
-468
-350
-274
-298
-280
-259
-178
-22
153
286
360
376
349
501
1136
1686
1834
1591
1173
778
562
577
495
463
339
216
29
-98
-60
-115
-199
-321
-520
-566
-410
-310
-333
-462
-613
-825
-1027
-1007
-876
-850
-822
-750
-720
-764
-780
-664
-627
-475
-322
-414
-478
-340
-285
-494
-636
-668
-799
-951
-940
-826
-813
-896
-994
-1175
-1345
-1196
-665
-183
203
326
185
115
200
344
531
733
860
901
922
922
1040
1091
1122
1096
976
843
832
982
1017
864
661
470
363
238
181
99
56
6
-206
-327
-402
-361
-300
-385
-431
-494
-463
-359
-257
-207
-155
-119
-77
-50
0
71
176
200
370
737
1114
1242
1039
757
436
351
385
332
275
195
72
-151
-325
-342
-377
-322
-338
-441
-575
-496
-341
-336
-360
-441
-550
-782
-1066
-1076
-980
-781
-620
-714
-951
-988
-857
-663
-563
-561
-548
-610
-536
-350
-276
-392
-423
-604
-721
-713
-545
-453
-555
-403
-340
-418
-469
-439
-457
-530
-315
-57
106
268
340
367
368
415
462
566
769
878
941
799
779
773
850
903
816
679
650
685
600
564
622
611
472
252
178
203
236
201
131
11
-131
-203
-250
-220
-211
-215
-303
-335
-256
-57
60
56
-17
-59
-38
85
422
676
638
335
103
155
264
326
256
-14
-135
-94
-172
-177
-87
-29
-143
-391
-563
-610
-575
-351
-399
-590
-670
-618
-552
-723
-698
-594
-654
-755
-663
-524
-298
-150
-114
-159
-346
-347
-291
-182
-147
-104
-52
-61
-131
-332
-314
-257
-277
-381
-288
-74
-20
-129
-153
-148
-98
-14
-35
-277
-379
-269
-314
-283
-43
218
366
354
180
80
43
-25
-83
10
151
223
271
354
351
340
322
247
198
287
321
254
302
374
368
328
220
67
82
85
27
14
48
9
-74
-31
48
115
138
63
-152
-146
-47
3
70
126
68
-64
-57
1
-58
-172
-184
-286
-304
-211
-192
-371
-444
-326
-115
-208
-246
-258
-353
-492
-523
-421
-321
-173
-39
-169
-310
-375
-362
-369
-414
-428
-157
6
-27
-32
54
-3
-269
-222
-22
16
-11
-71
21
49
-60
3
34
89
54
66
187
184
107
78
67
18
-74
6
-27
-38
-40
-63
-71
-93
-158
-101
53
37
-1
39
-14
-32
42
23
-13
-20
-42
-55
-31
3
44
96
137
71
21
54
145
95
137
196
116
134
158
263
177
23
-4
5
53
155
141
-92
-84
-98
-180
-112
-11
71
89
31
-59
-136
-225
-125
-131
-90
-98
-250
-259
-155
-73
-106
-92
-81
-82
-42
-106
-178
-120
-125
-104
-103
-91
-1
-172
-272
-215
-67
-106
-205
-127
7
55
40
-31
-155
-166
33
93
69
12
73
-2
-67
20
-5
13
71
75
119
68
33
-101
-112
21
-6
-42
8
42
-47
-95
21
108
9
16
-83
13
78
14
-143
-109
-95
-18
40
5
37
124
92
-34
-67
-52
-181
-227
-84
176
185
113
178
51
28
-77
-166
-248
-84
56
91
207
281
272
248
77
-25
43
-7
109
157
94
35
65
68
29
45
-75
-88
-30
-132
-115
-148
-246
-163
-107
-139
-174
-199
-268
-304
-157
-33
-48
-121
-4
100
-191
-247
-273
-187
-172
-104
31
17
-14
26
23
-35
17
37
-145
-69
61
69
103
43
-64
-11
218
74
-141
-71
29
-15
-25
83
47
-53
-1
46
46
102
48
-42
-131
-86
16
-70
-138
68
84
-77
-172
-169
8
-67
-187
-254
49
91
18
98
55
162
-41
50
26
-110
-67
97
46
-95
84
153
87
-74
76
11
62
-5
-123
56
74
94
-170
35
13
-74
-159
1
28
14
17
-26
-46
-128
-211
-265
-72
26
41
0
70
91
18
-36
-142
-94
27
-141
-126
-34
38
44
61
113
15
-52
54
48
17
86
155
140
155
151
179
192
141
-120
-128
-30
96
-8
-26
163
35
-153
-98
12
-147
-166
-162
-64
-32
-46
28
78
-216
-303
-61
162
-11
-138
-89
-35
-174
-116
51
51
-114
-294
-128
-104
-206
-138
-6
17
-62
-61
-58
-104
-32
-9
52
47
-50
58
197
171
-17
-36
26
159
150
238
151
121
58
-25
84
52
28
82
139
-43
38
119
113
-83
-22
-15
124
49
-42
-7
108
-3
-56
46
-139
8
38
-118
-197
195
161
84
76
64
-127
-132
-132
41
72
68
-10
-198
92
-76
-79
165
35
-281
-32
262
269
215
169
-80
147
422
-139
-438
42
491
135
116
37
-159
78
208
29
85
114
341
205
132
81
211
109
13
-143
-83
95
137
42
-296
-41
-72
-185
106
264
-158
-295
-235
1
-96
-4
119
108
143
7
176
237
156
-68
-132
112
182
226
250
32
47
299
302
220
-24
91
274
93
-4
179
154
139
304
108
-224
-179
-95
50
208
238
94
-11
199
328
172
-234
-184
26
336
247
10
-30
78
45
52
124
203
-23
-243
-19
-60
-62
49
477
306
99
-89
5
-7
-44
257
193
37
-324
-307
47
-39
-114
-23
-34
-85
-97
-204
-261
211
371
-192
-389
131
543
400
-44
-192
-37
-37
240
144
243
462
672
357
149
323
308
38
-115
64
189
541
377
-56
-177
7
-387
-504
-182
-11
139
339
269
183
-73
-218
-16
332
226
-366
-396
-89
-36
-92
-86
-269
-103
117
199
-102
-152
34
29
-38
-60
178
70
11
137
378
400
158
-344
-260
242
340
153
-169
-86
75
169
169
185
133
115
277
231
428
329
-11
-127
210
311
110
54
-12
-53
178
229
66
-95
84
133
95
69
33
73
98
67
-16
17
48
-37
51
87
78
-9
207
203
-75
-142
-36
-16
69
347
205
-129
108
592
454
-2
59
404
209
-205
-140
122
332
-47
-373
-270
-74
-333
-504
-234
-87
-7
79
137
192
229
277
46
-306
-501
-274
198
379
447
114
7
70
489
338
-45
-242
130
367
348
274
119
-9
-126
-61
-80
-59
-189
-99
-90
122
-32
-154
-213
-138
14
141
290
-275
-297
-37
295
137
-154
-209
43
-33
-349
-346
-411
-193
-106
-56
-113
41
-110
-192
-168
15
94
-52
-381
-481
-12
283
64
-396
-281
-146
157
299
278
27
-130
41
277
437
285
90
-97
62
318
432
396
304
-20
-185
-42
-188
-316
-97
14
-14
-49
-96
-214
-281
-136
-257
-261
28
188
62
172
19
-372
-512
-194
265
272
325
-82
65
74
-58
-361
-211
295
362
277
83
174
463
386
186
105
-248
-395
-266
-40
24
177
189
-331
-287
54
-78
-76
-60
-130
-274
-95
-130
-11
-167
-473
-506
28
324
165
-9
-202
-486
-724
-121
447
781
327
-24
-12
333
377
-80
-244
-67
136
30
121
459
274
-295
-136
281
68
-254
-267
-236
7
86
-82
-221
-115
3
-162
148
250
133
-125
-235
-69
219
271
-64
-206
-2
-28
-167
9
154
-20
-121
82
-126
-94
44
44
-212
-215
145
89
67
-25
-22
134
257
-109
-143
156
67
-139
-159
-96
-37
18
-19
-140
-84
-48
-329
-343
-199
-100
-111
-79
-10
183
310
34
38
-35
-132
-178
-202
-127
-139
-62
-296
-338
-302
-179
-39
-78
-109
-159
-62
246
341
174
245
603
509
262
123
26
-72
-194
-86
-29
113
184
96
-46
-14
36
-96
-92
77
-75
-239
-495
-310
123
44
-27
-30
192
167
12
-118
-71
-112
-257
-249
-195
-83
-98
-185
-91
26
-27
-140
-258
-379
-374
-150
-116
-91
-63
-58
118
232
70
191
203
-104
-17
360
325
4
64
-60
272
363
-7
-10
106
66
-70
177
28
-223
-8
117
85
226
20
-149
-111
-104
-238
-112
138
-106
-169
118
216
-54
-277
-153
104
46
-137
-234
-126
-195
-87
-164
-299
-377
-251
-279
8
146
25
58
67
-262
-676
-105
201
196
-154
47
77
-46
22
82
-156
-200
19
154
292
168
227
29
-105
-60
-117
-316
-241
53
99
-56
-169
-126
-293
-334
-368
-274
-139
-225
171
236
-102
-259
-134
-244
-264
54
210
-207
-175
106
27
-268
-316
-455
-443
-331
-112
252
-74
-159
-155
-32
-293
-240
90
287
323
485
667
350
109
156
37
-37
-106
-150
95
107
-119
-35
204
158
20
-42
-5
86
103
-148
-180
-156
-150
39
-7
-149
-150
54
-33
-193
-38
-22
-197
-459
-527
-435
-418
-398
-118
107
93
-28
-181
-248
-89
-68
-164
-353
4
202
234
207
212
367
59
77
411
288
-121
-183
273
423
213
318
377
334
104
119
48
-119
-140
99
256
60
-150
-79
-71
-239
-172
-57
33
-51
-166
-104
20
20
14
40
84
25
23
149
28
-79
-223
-309
-192
92
70
-213
-213
-26
29
38
43
33
-416
-434
-147
-21
-155
-314
-111
-97
-35
133
104
108
200
-40
-74
109
82
-37
-24
236
337
306
263
193
71
-140
-262
-150
-179
-181
-32
288
350
235
368
70
-191
-307
-207
-213
-50
-23
25
98
162
432
483
360
-2
-236
77
357
190
101
44
220
235
141
-49
-200
-403
-397
-243
-41
-100
-288
-264
-205
-227
22
57
-270
-249
-171
-5
-181
-362
-312
-243
-147
-260
-387
-270
-71
-63
153
280
83
72
233
190
-85
-41
168
177
-1
206
334
324
547
301
-24
-97
-95
-166
77
152
-70
25
16
-17
-57
-95
4
180
175
-58
-47
25
187
107
152
46
-81
-239
-280
11
66
99
37
-116
-212
-288
-308
-136
60
19
-138
-236
-408
-311
-261
-235
-123
-125
140
147
-23
-5
-137
89
233
185
175
246
244
125
153
215
199
82
-8
120
312
45
-71
221
335
70
106
88
-54
-19
71
70
-212
-90
-84
-75
95
70
-76
78
92
-235
-48
310
199
16
26
8
147
78
4
63
127
56
2
-116
-163
-250
-160
73
127
146
51
44
138
95
-103
-144
-170
-33
35
71
33
-1
0
-51
-176
-67
98
91
27
-124
-201
-186
-250
-101
-88
-249
-320
-334
-230
-81
96
-81
-174
-184
-196
-271
-327
-494
-324
-176
-219
-238
-291
-37
141
-37
-246
-196
-109
-48
100
202
2
-8
18
89
61
-130
-206
-135
-189
-236
-78
-20
-227
-237
-185
-215
-393
-525
-438
-246
-160
-242
-219
-188
-232
-409
-333
-185
-117
-51
-61
-26
