7717625.720505 6378991.986328 4082115.601017 1436219.755400 -1117139.526116 -3163814.640270 -4255911.856384 -3983113.602948 -2721445.742105 -765463.451927 1115168.452167 2446875.780050 3249074.177719 
8039393.418754 6628677.753296 4084516.285874 1080530.686223 -1797489.689461 -4043462.053436 -5237170.901505 -4981776.487532 -3477557.294271 -1164453.475848 1064128.736571 2668892.720842 3537053.190841 
8080496.902108 6567973.729079 4057367.537227 1152527.067575 -1601930.061118 -3691530.846450 -4677967.034194 -4206185.139887 -2461833.644510 -191202.572343 1930662.869166 3433542.677357 3920214.181241 
10575154.790300 8781134.068874 5651047.391959 1918114.557816 -1733805.331358 -4785921.461622 -6456515.206824 -6285788.666082 -4632201.747991 -1960776.257488 812460.056022 2848598.715785 3947802.091610 
8679750.265510 7015408.247225 4466640.060607 1584353.826910 -1219732.175899 -3646253.966059 -4881941.245183 -4738250.450780 -3652975.331338 -1648395.227888 492294.013124 1924848.788435 2790352.342967 
7688242.472803 7041088.505681 6322078.449784 5721552.372020 5380645.410495 4905822.912190 4215574.071363 3242214.915264 2101983.592477 1030407.749168 159301.923508 -504430.923376 -1264830.019865 
6261914.307038 5644586.437173 5123494.093096 4846282.204709 4594840.665316 4167327.337973 3661710.447590 3101250.740195 2439460.255231 1796174.678633 1123304.898070 602766.222121 116766.914782 
17459948.189995 16646117.181313 15477025.719023 14553169.187624 13644181.288677 12222426.901736 10353136.887103 8387376.546184 6377912.906363 4128153.448637 1758891.358992 -352480.878643 -2270931.837898 
21922605.447050 19914246.707964 17078706.669949 15966697.209067 15820264.515879 14179295.746253 11345328.715901 8748944.217464 6265940.380191 2860937.203678 -538481.210992 -2502412.399348 -4021531.237169 
35118722.536554 32049204.558277 27533401.631559 25758820.416046 25546796.749982 22882614.429846 18221680.152643 14003138.067387 9822750.390583 4137343.542814 -1485757.855445 -4680171.779255 -7077958.391076 
22609820.107049 19127733.986805 15353477.151145 15860328.821214 18097483.601541 16724621.141805 12701065.847686 11271675.356149 11937288.091438 10641497.079980 6825225.765474 4602667.896536 4899007.141853 
26268271.241252 22712742.809973 18606776.731686 19043747.585210 21694282.562627 20425182.993098 15879455.653319 13902901.435945 14716062.589180 13653700.781351 9512503.542064 6457814.739992 6551488.645852 
30006200.125099 25958712.301991 21326566.486961 21975174.987029 25134804.759005 23387174.127657 18043978.977855 15942472.994208 17152927.025672 15727768.252057 10587794.525724 6962191.694962 7284017.080996 
31154491.521256 27208801.103097 22738120.339398 23466375.152213 26420439.490294 24555071.943261 19266996.001692 17198219.824696 18318143.040159 16843165.422534 11733145.802653 8017577.508652 8130071.528350 
33390560.560927 29726277.891122 25414851.146685 25690446.390275 27749185.194787 25755821.383938 20598434.632695 17880497.735692 17915772.638182 15909634.853902 10688600.266271 6597909.063482 5691476.351539 
10765846.275231 10476403.989363 9927183.408624 9154438.384463 8147618.429796 6914948.130644 5516117.488466 4013212.507460 2412053.610369 754063.995758 -897893.847728 -2494943.829445 -3987870.566833 
11709522.090661 11395846.188444 10791358.388686 9962061.443701 8880065.064604 7535129.390630 6011993.582660 4387716.541876 2666580.234980 872220.578087 -909914.946380 -2615136.176650 -4194192.659003 
12050561.273954 11729649.064446 11100512.620260 10221966.518578 9082506.107745 7686726.636012 6115432.177787 4433159.141644 2650780.702915 802190.857257 -1030497.222523 -2794062.536097 -4463591.306759 
13882334.142458 13549673.783317 12896203.329495 11959687.976308 10721522.397623 9215035.673494 7501820.484816 5645658.024500 3657379.005021 1590675.672611 -472378.132078 -2491317.186983 -4422085.501626 
14238874.002088 13893110.216573 13253100.344053 12393632.237470 11249487.769389 9843246.750735 8241052.658206 6549933.459303 4728232.206320 2807002.608027 899405.321340 -961926.310326 -2735252.883279 
7581458.706166 7393268.094582 7141290.783008 6800140.160741 6359564.349340 5827128.417270 5207548.164935 4531217.134973 3815548.857823 3044619.362529 2238093.940660 1422723.091003 617379.219715 
8528162.292989 8313275.779478 8088008.822596 7761103.343876 7333170.870989 6808922.660621 6178806.360274 5514727.481870 4804560.915769 4016597.573023 3201495.987347 2385720.566688 1574948.703555 
10934847.992868 10656224.675550 10271260.732659 9908370.827872 9460182.608270 8789994.203568 7948145.575030 7120746.069685 6245677.998320 5241926.273875 4172156.363439 3112167.192044 2056895.095172 
14340093.219674 14038925.547848 13563355.323048 13064364.297535 12432650.892711 11535734.773757 10412528.936982 9266638.277136 8045729.706575 6676242.126257 5210434.207723 3737412.730614 2286207.534630 
16126577.430976 15838193.746953 15351845.405356 14781833.137344 14028230.885251 12997156.365207 11724692.771624 10440885.991831 9064599.130400 7476816.219106 5781987.760656 4117630.544019 2528024.041120 
4676425.229660 3902377.653068 2642645.341788 1531789.462096 393386.942092 -907142.808849 -1899219.942002 -2136019.864943 -1791730.886268 -1399057.030152 -998228.305903 -377280.018358 244443.523748 
5365399.724616 4159682.393283 2397965.050497 1340752.393164 305352.176257 -1278803.154762 -2607929.866862 -2570730.964679 -1744714.712527 -1259515.649597 -801769.069595 119452.043902 1073217.506132 
5747490.162903 4639648.700964 2835632.515152 1304166.798422 -189556.844687 -1803852.201037 -3027867.916926 -3046948.627907 -2312018.568286 -1565511.550624 -747247.468535 243884.149729 1217076.030585 
8526234.850685 7273668.851669 5046687.132271 2925356.733203 780038.677040 -1581664.915923 -3509546.199600 -4182320.125421 -3790273.897662 -3230744.391019 -2654904.211013 -1720997.445276 -661453.125067 
11487285.406807 9638890.904652 6528847.394270 4316066.667363 2327077.328461 -715935.260340 -3711575.671258 -4732719.607673 -4263093.057403 -4276991.067741 -4723748.640787 -4138575.168036 -2629346.056231 
6113204.418626 5588173.048356 4731239.639112 4192196.712195 4037319.269601 3881421.718028 3365494.123440 2608849.815030 1678354.298535 684943.496242 -138193.580971 -640447.962731 -1013726.703720 
4790269.141884 4480956.111708 3946433.630451 3537331.157195 3355781.896333 3232708.733332 2928354.632974 2358917.094005 1601137.415962 859735.659607 317803.340406 -37750.002516 -415594.684987 
2414072.319387 2127381.380933 1739972.011653 1511683.426045 1541327.725748 1662023.455086 1729297.517158 1640075.206235 1384252.195737 1072880.478458 837430.728151 799362.530970 811536.682136 
5993615.915871 4923725.619306 3435635.105222 3313692.170117 3994599.244209 3924491.027714 3310154.882498 3090329.349015 2848692.721514 1844571.843087 792755.687229 817838.346955 1266990.721608 
10966324.535872 9549899.048525 7442998.282131 7033537.092589 7515104.159175 6920618.923452 5554588.133803 4646671.755080 3606620.322327 1587673.649344 -345881.557115 -875030.153106 -956166.222920 
7674495.022423 6383641.459987 4650609.340513 4138376.502565 4914582.803552 5558839.151868 5304635.859076 4505520.736256 3540242.646937 2696752.453157 2309724.895043 2623670.703799 2776059.892538 
11311213.253159 9588556.861839 7348686.115716 7012795.838859 8128580.594500 8443075.509211 7453455.854882 6510897.496759 5738023.734714 4530835.340990 3417079.860879 3319222.054974 3559029.830010 
15915986.472824 13637587.320789 10511097.579101 10235008.156386 11844499.146607 11978965.399370 10416675.387508 9217258.333114 8376721.689377 6618214.549763 4711391.430540 4333320.125438 4724853.465665 
17586490.988312 14208285.413434 9446899.013691 9411114.159180 12400125.685906 12765849.594691 10406411.985937 9026653.601653 8691925.043044 6761115.424687 4040441.279345 3818800.719562 5371260.408602 
17961030.689147 14390626.883146 9362443.111549 9420535.238464 12540366.289722 12842788.460528 10186830.151273 8590434.494106 8287703.737699 6356637.115415 3344179.292090 2871146.370407 4495879.154606 
35924011.785877 34926704.356547 32952129.880565 30432570.785795 27087448.368219 22627124.050575 17549666.726164 12344275.505387 6885696.871452 1010086.174497 -4888196.885218 -10286755.433882 -15211779.700235 
41679687.212536 40491992.970557 38239357.838309 35328577.042599 31452564.523717 26319077.608894 20349312.440741 14299242.333848 7902506.093122 1096124.591910 -5694095.929574 -11993597.234152 -17650846.117551 
55048399.089799 53484915.616313 50484793.482743 46718103.921813 41690495.145194 34874175.220374 26878922.450938 18906497.233554 10505585.510434 1422441.965371 -7741296.802424 -16133083.270920 -23567426.068845 
67739737.778189 65875047.207248 62231893.495306 57498657.671159 51175271.152872 42638522.112706 32685005.549640 22635854.255836 12146358.378946 842801.686818 -10544686.894497 -20904872.652626 -30091632.244339 
92363745.998030 90047247.488725 85175737.031823 78620374.570336 69831187.577551 58184910.550431 44633675.707691 30752984.368280 16160348.421397 602258.161659 -14930039.391685 -29171973.520465 -41902023.901754 
