7717625.720505 6378991.986328 4082115.601017 1436219.755400 -1117139.526116 -3163814.640270 -4255911.856384 -3983113.602948 -2721445.742105 -765463.451927 1115168.452167 2446875.780050 3249074.177719 
8039393.418754 6628677.753296 4084516.285874 1080530.686223 -1797489.689461 -4043462.053436 -5237170.901505 -4981776.487532 -3477557.294271 -1164453.475848 1064128.736571 2668892.720842 3537053.190841 
8080496.902108 6567973.729079 4057367.537227 1152527.067575 -1601930.061118 -3691530.846450 -4677967.034194 -4206185.139887 -2461833.644510 -191202.572343 1930662.869166 3433542.677357 3920214.181241 
10575154.790300 8781134.068874 5651047.391959 1918114.557816 -1733805.331358 -4785921.461622 -6456515.206824 -6285788.666082 -4632201.747991 -1960776.257488 812460.056022 2848598.715785 3947802.091610 
8679750.265510 7015408.247225 4466640.060607 1584353.826910 -1219732.175899 -3646253.966059 -4881941.245183 -4738250.450780 -3652975.331338 -1648395.227888 492294.013124 1924848.788435 2790352.342967 
7688242.472803 7041088.505681 6322078.449784 5721552.372020 5380645.410495 4905822.912190 4215574.071363 3242214.915264 2101983.592477 1030407.749168 159301.923508 -504430.923376 -1264830.019865 
6261914.307038 5644586.437173 5123494.093096 4846282.204709 4594840.665316 4167327.337973 3661710.447590 3101250.740195 2439460.255231 1796174.678633 1123304.898070 602766.222121 116766.914782 
17459948.189995 16646117.181313 15477025.719023 14553169.187624 13644181.288677 12222426.901736 10353136.887103 8387376.546184 6377912.906363 4128153.448637 1758891.358992 -352480.878643 -2270931.837898 
21922605.447050 19914246.707964 17078706.669949 15966697.209067 15820264.515879 14179295.746253 11345328.715901 8748944.217464 6265940.380191 2860937.203678 -538481.210992 -2502412.399348 -4021531.237169 
35118722.536554 32049204.558277 27533401.631559 25758820.416046 25546796.749982 22882614.429846 18221680.152643 14003138.067387 9822750.390583 4137343.542814 -1485757.855445 -4680171.779255 -7077958.391076 
22609820.107049 19127733.986805 15353477.151145 15860328.821214 18097483.601541 16724621.141805 12701065.847686 11271675.356149 11937288.091438 10641497.079980 6825225.765474 4602667.896536 4899007.141853 
26268271.241252 22712742.809973 18606776.731686 19043747.585210 21694282.562627 20425182.993098 15879455.653319 13902901.435945 14716062.589180 13653700.781351 9512503.542064 6457814.739992 6551488.645852 
30006200.125099 25958712.301991 21326566.486961 21975174.987029 25134804.759005 23387174.127657 18043978.977855 15942472.994208 17152927.025672 15727768.252057 10587794.525724 6962191.694962 7284017.080996 
31154491.521256 27208801.103097 22738120.339398 23466375.152213 26420439.490294 24555071.943261 19266996.001692 17198219.824696 18318143.040159 16843165.422534 11733145.802653 8017577.508652 8130071.528350 
33390560.560927 29726277.891122 25414851.146685 25690446.390275 27749185.194787 25755821.383938 20598434.632695 17880497.735692 17915772.638182 15909634.853902 10688600.266271 6597909.063482 5691476.351539 
10765846.275231 10476403.989363 9927183.408624 9154438.384463 8147618.429796 6914948.130644 5516117.488466 4013212.507460 2412053.610369 754063.995758 -897893.847728 -2494943.829445 -3987870.566833 
11709522.090661 11395846.188444 10791358.388686 9962061.443701 8880065.064604 7535129.390630 6011993.582660 4387716.541876 2666580.234980 872220.578087 -909914.946380 -2615136.176650 -4194192.659003 
12050561.273954 11729649.064446 11100512.620260 10221966.518578 9082506.107745 7686726.636012 6115432.177787 4433159.141644 2650780.702915 802190.857257 -1030497.222523 -2794062.536097 -4463591.306759 
13882334.142458 13549673.783317 12896203.329495 11959687.976308 10721522.397623 9215035.673494 7501820.484816 5645658.024500 3657379.005021 1590675.672611 -472378.132078 -2491317.186983 -4422085.501626 
14238874.002088 13893110.216573 13253100.344053 12393632.237470 11249487.769389 9843246.750735 8241052.658206 6549933.459303 4728232.206320 2807002.608027 899405.321340 -961926.310326 -2735252.883279 
7581458.706166 7393268.094582 7141290.783008 6800140.160741 6359564.349340 5827128.417270 5207548.164935 4531217.134973 3815548.857823 3044619.362529 2238093.940660 1422723.091003 617379.219715 
8528162.292989 8313275.779478 8088008.822596 7761103.343876 7333170.870989 6808922.660621 6178806.360274 5514727.481870 4804560.915769 4016597.573023 3201495.987347 2385720.566688 1574948.703555 
10934847.992868 10656224.675550 10271260.732659 9908370.827872 9460182.608270 8789994.203568 7948145.575030 7120746.069685 6245677.998320 5241926.273875 4172156.363439 3112167.192044 2056895.095172 
14340093.219674 14038925.547848 13563355.323048 13064364.297535 12432650.892711 11535734.773757 10412528.936982 9266638.277136 8045729.706575 6676242.126257 5210434.207723 3737412.730614 2286207.534630 
16126577.430976 15838193.746953 15351845.405356 14781833.137344 14028230.885251 12997156.365207 11724692.771624 10440885.991831 9064599.130400 7476816.219106 5781987.760656 4117630.544019 2528024.041120 
